188 20
0 7 8
0 17 1
17 18 2
0 11 1
17 2 5
11 13 9
2 3 5
11 6 3
18 14 6
18 10 7
11 8 9
10 1 8
0 12 2
18 16 3
10 15 1
18 4 7
0 19 4
11 9 4
3 5 6
18 12 2
17 10 3
11 10 4
8 1 3
4 9 2
9 13 1
3 11 2
13 7 4
14 5 4
17 15 1
16 9 1
1 11 4
4 7 3
17 6 3
3 6 3
14 15 1
5 12 4
15 18 2
14 9 4
7 6 3
17 11 2
12 14 3
18 6 1
5 19 2
6 14 4
7 2 2
16 3 3
18 3 3
8 18 1
6 9 1
11 2 4
3 19 4
1 3 2
9 17 3
13 3 2
6 16 3
9 5 1
14 3 1
1 7 3
13 15 3
2 15 1
6 4 4
11 14 2
0 14 2
7 12 4
2 0 2
15 19 3
12 13 3
9 15 2
15 16 4
12 19 3
16 5 4
10 9 1
1 17 1
12 17 4
5 4 4
4 19 3
7 16 2
13 18 1
2 13 2
2 18 3
16 4 3
10 2 1
1 14 1
9 1 3
8 2 4
13 17 2
7 9 3
14 7 1
4 15 2
18 5 3
7 18 2
10 19 3
3 10 4
1 6 3
19 7 2
16 12 3
11 16 4
18 1 2
10 6 4
8 13 1
8 9 3
7 17 2
19 6 3
13 0 1
19 1 3
12 4 2
17 8 2
2 6 4
0 4 4
8 7 1
9 12 2
5 7 3
15 1 3
15 6 2
8 15 4
5 15 1
11 4 4
1 12 1
14 2 4
9 2 4
1 0 2
5 2 2
4 13 3
11 18 2
17 5 1
5 1 2
19 8 1
3 7 3
17 4 3
12 10 3
15 3 2
10 5 3
19 18 3
1 2 2
8 14 3
6 8 2
16 10 3
8 4 1
8 12 1
5 11 2
15 7 4
19 16 1
8 5 1
19 2 2
18 9 1
18 0 2
10 0 1
3 0 2
13 1 1
16 2 2
7 11 2
8 10 2
19 14 3
5 0 4
13 6 3
13 5 4
5 6 1
10 14 4
11 12 3
17 3 3
6 0 3
13 10 3
12 3 2
9 19 2
1 4 3
19 11 3
17 16 1
0 9 1
0 16 1
13 14 3
3 8 1
14 16 4
10 4 1
4 2 2
17 14 2
1 16 3
12 6 4
16 13 1
15 11 1
15 12 2
15 0 2
0 8 2
19 13 1
2 12 4
14 4 4
4 3 1
3 9 2
10 7 2
