4900 100
0 60 5
60 77 1
60 66 6
60 56 3
66 6 2
66 92 8
92 59 3
60 21 4
6 90 4
60 14 2
66 47 3
77 46 6
21 64 5
64 75 2
60 15 2
15 93 5
90 49 8
64 38 4
56 1 8
64 76 3
56 24 1
64 53 4
56 11 5
93 62 4
46 94 1
60 67 2
66 71 6
21 52 2
75 32 2
93 81 7
14 8 4
81 40 1
75 54 5
0 16 1
64 89 9
8 2 3
1 45 8
21 63 2
16 9 2
90 7 6
9 4 9
54 99 8
89 44 9
8 84 9
16 31 7
93 83 1
59 5 2
32 42 1
77 98 2
93 72 8
49 17 2
64 41 2
89 26 2
0 73 5
83 97 5
44 34 3
72 29 7
11 3 3
45 91 6
15 23 5
45 95 5
46 48 2
3 68 9
1 96 2
9 69 5
73 86 8
60 37 8
84 35 9
92 43 7
41 10 3
40 61 1
15 79 4
40 33 6
45 50 7
91 87 2
29 39 4
17 88 1
39 12 6
31 25 9
24 18 5
15 55 2
18 28 8
33 51 5
40 36 5
88 19 1
3 78 7
62 74 4
47 65 3
3 27 6
2 58 1
63 70 2
76 13 5
97 22 2
87 85 9
56 57 7
88 30 9
32 80 7
25 20 6
91 82 3
23 41 4
21 39 4
29 30 3
99 11 3
9 93 2
13 34 2
29 34 2
35 80 4
25 99 3
49 12 4
21 71 4
25 51 2
60 18 1
63 90 1
38 48 2
92 63 3
60 98 1
1 57 4
18 55 3
12 79 3
44 39 1
46 75 1
49 68 2
6 73 3
7 33 1
73 19 3
25 79 1
63 19 4
19 99 3
80 76 3
21 80 2
22 61 2
96 55 2
24 22 1
43 99 4
93 53 2
9 31 4
86 83 1
10 85 3
83 28 4
18 10 2
62 71 1
53 29 2
33 54 2
10 67 1
31 74 3
76 88 3
50 9 4
27 64 3
0 48 2
61 30 3
72 20 1
82 58 3
14 33 2
66 43 3
52 74 4
53 62 1
15 20 3
6 49 4
24 94 1
76 43 1
24 83 4
51 92 2
95 46 2
43 14 3
90 97 4
40 46 2
59 51 2
40 5 3
59 31 1
51 90 3
68 87 4
62 67 4
30 89 3
10 7 3
40 9 4
84 78 2
69 39 2
81 21 1
81 72 2
49 77 4
32 19 4
48 34 1
22 55 4
60 27 2
39 97 2
41 61 4
15 44 1
2 20 2
17 11 1
71 16 2
47 28 1
66 88 2
66 53 3
17 91 4
55 62 2
33 11 3
41 4 2
59 77 3
49 98 2
33 67 2
24 61 3
99 69 3
28 84 2
64 67 1
83 34 2
81 58 3
27 15 3
66 41 2
80 4 3
77 62 2
74 81 3
75 43 1
67 71 4
45 38 1
4 74 4
28 35 3
38 54 3
25 82 4
53 25 3
22 82 4
51 83 1
98 46 1
63 61 4
89 99 2
64 46 3
77 71 1
56 59 2
5 10 3
65 90 2
22 48 2
66 96 3
14 50 1
50 53 2
35 16 4
16 29 4
57 78 3
58 88 1
84 90 1
64 57 4
89 33 3
36 7 3
89 45 1
31 58 4
75 49 4
34 36 2
90 95 1
22 3 4
10 55 4
38 32 4
87 95 3
94 5 3
7 28 4
54 45 1
1 92 3
79 56 4
22 93 2
17 83 4
35 46 1
8 38 2
7 37 2
78 70 3
51 69 2
96 14 1
36 38 3
8 44 2
46 56 3
16 7 1
68 73 4
14 54 3
45 73 2
32 82 1
24 25 4
0 45 3
34 45 4
81 71 3
75 1 3
0 6 4
75 90 4
54 78 1
74 73 4
91 23 1
85 26 1
2 79 3
75 55 4
62 19 1
88 80 2
59 86 2
2 34 2
73 70 4
60 76 2
61 73 3
35 1 4
84 68 4
26 7 2
50 3 3
69 19 4
71 85 4
61 55 2
68 51 4
10 48 4
49 80 2
96 39 1
61 75 4
6 84 4
80 20 1
47 60 4
78 52 1
44 96 2
5 32 3
65 62 4
8 88 3
47 52 1
85 25 4
41 90 1
62 41 3
42 98 2
73 9 4
40 88 3
37 5 1
80 50 2
51 73 1
53 72 1
7 58 4
29 81 3
19 2 1
75 79 4
78 93 3
80 10 4
25 50 1
19 74 3
8 86 1
42 4 1
46 20 3
89 88 2
81 86 4
73 31 3
74 21 1
82 86 1
88 27 4
45 85 2
98 36 3
0 92 2
29 86 2
43 87 1
0 29 4
93 21 1
66 80 1
82 84 3
60 2 1
24 11 2
43 61 1
52 69 3
85 9 2
39 19 1
15 45 2
5 61 4
92 36 2
39 62 2
12 90 4
64 68 1
52 51 4
67 19 3
92 26 2
21 98 3
55 51 3
0 18 4
35 63 3
8 30 2
96 84 1
44 52 1
8 64 4
27 59 4
68 2 3
30 75 2
66 14 1
28 85 2
67 86 4
22 65 2
12 6 1
81 99 2
36 21 4
43 15 2
46 67 1
43 91 3
16 63 3
99 78 4
5 39 4
51 9 4
45 6 1
94 49 2
42 86 3
40 10 3
34 55 3
81 57 4
71 22 3
36 69 2
42 92 1
90 77 1
43 70 2
54 88 2
14 75 2
8 46 3
71 54 4
77 20 2
44 41 3
57 19 1
80 64 2
62 57 1
13 53 2
35 60 1
49 40 4
69 22 3
29 82 1
40 95 3
57 36 3
84 62 4
90 19 4
80 28 1
23 69 3
84 16 4
41 86 1
45 60 3
29 94 3
39 61 4
24 33 4
85 67 1
38 91 1
35 78 4
27 68 2
60 12 3
61 57 2
69 85 4
38 53 4
57 95 3
71 98 4
4 32 1
10 0 4
36 47 1
76 79 4
52 59 4
25 92 2
82 57 1
64 91 4
94 45 3
28 8 2
54 5 2
14 0 3
17 0 4
41 25 4
7 44 2
85 13 3
50 37 1
16 2 2
49 50 2
42 11 4
91 79 2
72 67 3
26 18 1
98 37 2
11 37 4
6 61 2
39 0 3
43 4 3
89 31 4
91 72 4
63 85 2
3 93 2
54 36 3
90 76 4
59 50 1
45 80 2
86 53 2
45 52 1
57 18 1
91 71 1
87 78 4
93 54 3
44 25 3
14 21 3
88 6 4
80 75 1
30 79 2
90 5 2
47 98 3
85 19 3
51 17 1
69 47 4
35 2 2
85 66 3
61 90 1
48 45 4
44 29 2
2 47 4
28 40 2
60 41 1
72 19 4
5 11 2
70 5 4
72 56 1
52 34 1
74 14 3
63 80 1
40 27 4
10 74 3
47 45 2
81 63 2
71 37 2
30 24 3
50 8 4
90 59 2
28 58 1
83 66 1
32 70 3
12 31 4
90 69 2
92 47 2
36 8 4
5 99 1
0 37 4
52 79 4
12 96 1
32 18 3
13 1 2
70 3 2
90 40 2
68 55 3
47 83 4
97 24 4
43 28 2
44 61 1
37 32 3
3 4 3
96 67 4
1 71 2
52 92 1
80 99 2
76 9 1
1 22 2
55 70 3
79 69 3
38 11 1
39 18 1
77 14 2
7 21 4
85 86 3
24 67 3
46 80 2
21 55 4
98 67 1
76 49 3
63 22 3
82 64 3
92 38 1
96 88 1
61 94 4
71 65 2
2 96 4
55 95 4
15 64 3
58 35 4
65 75 3
14 23 1
56 90 1
72 25 3
23 51 1
81 51 4
6 77 3
86 1 2
55 0 3
51 72 3
97 85 4
96 21 2
63 49 3
90 53 3
34 91 2
54 92 2
54 56 4
55 39 1
64 4 1
17 44 2
12 19 4
11 57 4
87 30 2
71 92 1
32 95 1
45 75 4
75 44 3
9 87 3
86 13 1
84 3 2
45 23 4
86 11 4
56 7 3
12 98 1
87 48 3
83 91 2
90 28 2
11 67 4
96 52 1
61 58 3
52 87 4
69 67 4
3 32 1
35 61 1
58 51 4
70 40 4
15 83 4
48 83 1
88 79 1
67 73 3
80 68 1
25 70 4
89 65 2
56 96 2
10 82 1
0 12 1
74 72 3
42 87 2
51 66 4
72 95 4
70 58 2
54 25 4
55 97 2
23 20 3
38 27 1
35 90 2
32 35 4
38 84 2
26 38 1
80 55 4
86 94 1
29 25 2
67 82 4
18 16 3
87 69 2
96 33 1
51 22 4
55 5 2
85 81 3
14 42 4
66 87 1
15 26 1
73 81 3
16 72 2
40 3 2
14 56 1
4 58 2
60 80 4
61 34 4
35 31 3
42 75 1
19 60 3
99 16 3
34 66 1
25 81 2
80 3 3
30 64 1
88 43 2
95 60 2
53 37 2
96 78 1
1 8 4
78 67 2
0 61 3
0 97 1
87 8 2
20 47 2
38 7 3
59 23 1
80 29 1
66 69 2
75 38 2
99 47 4
7 91 4
19 35 4
28 59 1
47 73 1
94 7 4
48 29 2
76 12 4
18 6 2
46 82 3
5 46 3
41 32 2
67 68 4
20 29 3
78 0 4
95 25 4
87 73 3
88 5 3
76 89 1
19 78 1
10 35 3
76 17 3
5 83 1
46 4 2
2 40 3
90 52 4
3 38 1
52 13 3
72 31 1
98 94 1
43 72 2
1 42 1
23 86 1
91 75 3
52 84 1
95 12 4
37 15 2
24 98 1
42 35 1
16 41 3
48 20 3
52 91 1
21 34 3
9 6 3
26 49 1
53 16 4
80 52 3
20 5 3
77 87 4
18 38 4
94 72 3
53 94 4
26 82 3
2 62 2
19 1 3
89 84 4
4 84 3
29 46 4
2 89 4
2 3 1
57 70 1
32 17 4
21 11 3
72 82 4
79 39 4
64 50 3
1 59 1
48 69 2
19 15 2
85 89 1
69 60 4
69 27 4
42 82 2
61 89 1
73 5 4
46 88 2
72 7 1
70 14 4
33 39 2
34 54 3
18 22 4
62 64 3
71 59 2
56 99 3
53 31 3
49 55 3
8 40 2
89 58 1
47 3 3
69 95 3
44 94 1
71 32 3
54 48 4
60 74 4
32 23 3
89 16 3
29 26 4
56 89 3
35 3 1
76 84 3
25 93 4
97 66 4
21 15 2
56 94 1
0 59 4
51 46 4
28 75 2
66 54 1
96 38 2
28 38 2
14 95 4
28 51 3
74 83 3
18 73 1
84 5 2
50 11 1
38 71 2
92 94 4
74 69 2
55 9 2
9 86 1
64 74 2
16 57 2
79 68 3
54 95 3
10 1 4
41 30 4
49 91 2
85 47 1
15 99 2
26 21 1
55 36 4
66 99 2
14 18 2
97 41 1
10 22 1
57 71 1
39 57 4
82 56 3
36 77 4
48 16 2
93 67 1
70 6 3
44 0 1
62 32 2
77 5 4
35 83 2
14 26 1
75 77 1
75 70 4
28 78 4
91 28 4
53 39 2
69 93 2
56 41 2
97 38 3
63 75 4
49 97 4
40 97 4
16 76 1
72 38 1
72 58 1
20 79 4
70 22 2
33 99 4
61 31 4
95 97 1
66 81 1
31 4 2
57 2 2
90 44 4
73 89 3
28 42 3
36 46 4
66 67 1
36 35 4
94 58 2
51 44 1
22 30 1
98 74 4
69 49 1
3 72 3
40 72 1
7 70 2
69 25 1
29 71 1
46 26 3
3 63 1
97 73 2
90 80 1
26 67 4
29 23 2
88 48 1
34 22 1
96 83 2
36 51 3
86 93 3
87 14 3
19 80 1
26 71 2
76 56 1
98 39 3
93 58 2
58 11 4
52 16 1
63 24 4
6 91 2
77 32 4
43 41 3
56 36 3
28 9 1
94 67 4
14 71 4
9 95 3
39 10 3
50 17 1
19 91 4
88 98 2
71 46 2
68 15 4
2 44 1
75 62 3
69 84 4
55 64 1
58 79 4
5 74 4
29 70 1
42 78 3
88 33 3
31 17 2
70 13 2
81 7 2
67 76 4
91 26 2
95 7 4
14 6 2
15 6 3
93 48 4
65 38 2
72 35 2
87 29 1
40 82 2
37 72 2
82 41 3
36 26 2
4 89 3
55 88 1
5 25 1
5 38 2
13 42 1
4 81 2
5 62 1
61 60 3
86 7 4
95 91 4
12 99 4
6 82 4
77 26 3
26 30 1
15 29 1
46 14 1
7 27 1
80 65 3
6 46 2
63 67 2
37 70 2
30 93 4
31 84 4
49 48 4
64 32 3
44 10 1
62 22 3
35 62 1
46 49 4
37 43 4
10 68 4
46 15 3
78 18 4
14 78 4
36 96 4
92 8 2
99 6 4
53 78 2
95 24 3
38 89 2
11 83 1
46 28 2
26 8 4
8 56 4
17 89 2
65 64 4
46 13 2
9 29 2
55 66 1
6 40 1
89 6 2
64 48 4
53 44 3
35 92 1
99 64 3
84 56 2
85 16 1
0 87 3
74 77 2
63 53 2
93 70 3
56 16 3
25 43 3
92 27 3
2 0 4
68 42 3
50 55 4
20 32 3
1 65 1
10 27 4
41 51 1
51 88 4
78 17 3
93 1 1
53 76 3
43 33 4
47 25 3
26 47 2
83 20 4
71 47 4
79 70 2
13 47 1
30 55 2
29 19 4
22 79 4
84 41 1
77 44 4
41 0 2
2 38 1
29 91 4
50 70 1
73 90 4
99 75 4
92 44 4
97 28 3
43 86 3
75 4 1
40 12 4
99 34 4
22 28 3
39 30 1
39 93 3
31 33 3
71 15 2
1 28 4
45 82 1
69 20 1
5 67 2
27 72 2
33 92 3
79 29 2
14 85 1
69 62 1
10 69 4
87 4 1
60 63 1
79 92 1
85 23 4
29 14 1
67 6 3
18 80 2
27 12 4
81 30 4
96 0 3
10 65 1
8 11 4
44 27 3
44 21 1
44 9 1
51 37 4
45 14 1
82 30 3
2 73 4
93 75 1
64 28 1
7 4 3
10 79 1
70 96 1
0 94 2
20 64 1
62 48 1
65 44 2
4 55 4
39 71 1
26 44 3
37 73 3
17 67 3
22 41 3
18 77 1
3 85 2
24 58 3
57 26 4
0 88 4
42 15 3
49 92 4
47 48 2
51 86 2
36 76 2
33 21 1
83 80 3
56 69 3
77 3 2
27 89 4
65 23 3
67 35 3
51 76 3
97 29 1
66 30 1
33 72 3
50 93 3
23 95 2
49 38 4
17 38 3
10 37 1
66 13 3
47 15 3
9 42 1
11 72 3
30 96 1
96 40 1
84 60 1
52 26 4
67 81 3
67 51 1
93 11 2
54 1 2
66 50 2
65 29 2
89 46 3
45 33 2
10 42 2
30 0 3
72 79 2
81 38 3
58 40 3
47 94 1
31 23 1
67 18 2
73 1 3
58 39 1
11 23 1
56 63 4
57 31 3
76 61 4
6 57 1
17 86 2
87 61 3
8 48 1
56 43 2
92 74 2
22 46 2
63 33 3
7 15 1
74 95 4
31 75 2
5 56 1
52 89 4
48 80 3
49 81 3
57 43 2
82 66 3
70 21 1
64 33 2
84 44 2
65 88 2
70 52 3
48 43 2
90 20 3
53 52 4
72 61 4
48 12 4
27 91 1
98 99 2
5 63 3
43 22 1
49 13 3
28 99 2
2 82 1
60 11 4
51 29 3
4 63 2
28 65 4
56 85 1
22 68 3
24 31 4
90 99 2
43 39 1
35 95 2
31 83 3
36 18 1
89 55 2
85 31 1
74 49 3
82 0 2
96 92 2
57 33 3
28 87 3
99 21 2
57 91 2
99 93 4
28 74 4
26 53 2
61 9 1
98 53 1
80 93 3
40 69 1
54 19 4
31 97 2
96 87 2
85 32 4
37 64 2
70 74 3
32 44 1
92 88 1
76 23 2
50 71 1
42 66 2
52 39 3
45 35 3
77 38 3
99 49 1
79 1 4
1 43 1
81 10 3
17 58 2
47 12 2
6 87 1
14 15 2
81 94 1
58 42 1
82 9 2
13 33 2
76 10 4
86 87 4
84 40 3
67 28 3
29 60 2
37 80 3
30 45 3
97 35 1
45 90 1
41 52 4
37 54 2
0 68 1
28 4 1
15 36 2
85 6 2
32 59 1
14 28 2
46 3 2
33 5 1
5 43 4
9 0 4
85 64 2
6 52 1
17 33 4
98 1 1
36 71 4
37 14 2
2 74 2
96 6 4
79 87 3
21 89 2
15 50 2
11 82 1
27 37 2
49 52 4
91 76 4
40 13 1
94 19 4
44 76 2
39 48 1
44 87 1
37 46 2
59 75 3
57 20 4
70 34 2
16 59 3
92 32 3
6 32 4
97 17 2
78 5 2
73 17 3
43 38 3
35 88 3
44 71 2
80 31 3
97 33 2
23 36 3
99 26 4
20 86 2
10 34 4
73 23 3
92 89 1
97 88 2
21 8 3
36 37 2
33 84 2
50 87 4
51 64 3
33 56 3
94 37 2
17 45 2
49 73 1
10 84 4
68 6 3
70 18 1
88 26 1
43 59 2
88 91 1
31 49 1
85 92 2
57 30 4
41 68 3
67 36 1
78 23 1
65 15 3
47 97 3
5 14 2
30 33 4
61 25 4
50 47 1
27 23 1
82 99 4
35 53 3
33 65 4
78 33 1
68 71 2
55 53 3
2 87 3
31 39 3
30 37 2
77 83 1
61 32 1
87 17 1
66 59 4
83 85 1
84 85 4
79 28 1
84 48 4
70 39 2
62 73 4
44 45 2
60 81 3
18 13 2
57 47 1
2 30 1
42 59 4
66 35 1
38 21 3
35 89 3
48 89 3
43 58 4
71 89 1
49 36 4
64 36 2
5 13 4
14 1 2
46 1 2
34 46 1
2 94 1
63 20 1
4 76 3
46 85 4
28 96 1
64 88 1
4 49 1
13 24 1
46 62 3
69 71 3
70 66 1
30 25 3
88 52 2
13 19 3
80 12 1
39 16 3
21 69 3
58 66 3
1 49 1
91 22 1
1 2 3
58 90 1
24 66 4
37 8 2
9 91 3
31 28 1
68 24 2
81 26 2
60 5 4
88 16 4
43 98 4
33 22 2
27 2 1
41 3 4
48 50 1
93 20 3
97 75 1
91 2 1
10 11 1
75 86 2
95 1 3
12 54 1
78 47 4
73 55 1
83 55 4
47 67 4
43 94 4
8 27 3
44 18 2
45 55 4
72 17 3
30 59 4
25 71 4
71 35 4
22 57 3
71 64 1
25 38 2
98 14 4
64 61 3
21 3 2
75 48 1
91 13 2
17 19 4
18 33 1
99 55 1
34 41 2
90 85 1
16 12 2
76 35 2
47 19 4
13 63 4
2 25 3
60 64 3
20 49 1
32 7 1
82 53 3
88 99 2
91 46 4
9 17 3
25 83 3
30 34 3
63 12 2
98 65 2
39 34 1
87 89 2
45 40 2
89 10 2
66 91 2
63 86 3
43 35 3
98 92 4
39 68 3
13 21 3
73 92 2
24 8 2
39 63 3
2 51 3
49 27 2
98 33 2
48 32 3
34 40 4
34 77 4
47 62 4
36 72 4
0 23 1
37 87 3
99 51 1
33 36 3
22 73 2
45 98 2
9 3 4
48 66 2
62 94 1
75 25 3
7 8 3
98 40 2
21 22 2
30 71 4
3 14 4
15 88 2
84 59 3
27 30 1
16 65 4
3 18 1
77 93 4
42 90 1
71 94 3
76 62 1
52 2 3
16 98 2
86 19 1
81 97 1
57 63 2
20 53 2
16 23 1
18 91 4
13 39 1
12 68 3
9 77 1
43 62 3
83 95 4
63 77 1
53 48 3
83 1 3
77 67 4
26 94 2
0 24 2
25 56 4
98 34 1
87 94 2
28 61 3
54 21 4
82 71 2
18 98 4
27 77 2
25 60 3
64 84 1
55 59 4
20 7 4
73 88 4
61 65 1
92 58 1
30 72 4
20 38 3
95 78 4
30 56 1
95 92 1
69 64 4
35 21 4
24 86 1
58 74 4
19 36 3
43 29 2
19 93 1
18 62 4
90 78 4
18 48 4
96 37 4
6 74 2
22 37 2
61 84 4
86 45 3
24 85 2
28 26 4
11 88 4
77 55 2
73 40 1
35 98 2
6 86 2
79 77 2
4 71 3
73 79 4
51 21 1
32 55 4
92 13 3
7 53 3
29 24 3
46 42 1
59 93 3
72 5 3
26 87 3
63 25 3
12 86 3
38 40 1
88 57 1
8 63 1
91 44 3
38 60 2
14 92 3
20 89 3
61 29 2
4 35 3
53 84 3
13 65 1
4 44 3
45 68 3
47 61 4
94 70 4
27 13 2
92 90 2
57 13 2
1 63 2
5 57 1
21 4 3
26 22 2
32 66 3
30 6 3
52 48 4
31 90 2
96 93 2
18 66 3
76 48 1
15 85 1
70 42 4
98 10 4
74 30 3
65 0 2
22 4 1
13 41 1
1 55 3
6 37 2
28 13 1
9 52 4
79 54 2
98 51 3
37 59 4
2 33 2
47 7 2
10 38 1
86 60 4
62 0 4
37 84 4
7 50 2
89 91 4
87 63 3
47 72 4
31 20 1
29 54 1
49 61 1
36 28 4
91 50 2
22 56 2
51 45 4
96 43 1
78 94 2
48 15 1
1 48 1
91 92 2
34 72 1
70 24 1
26 1 1
8 78 3
44 12 3
33 49 4
78 98 2
78 83 3
96 89 4
5 95 4
51 79 3
46 92 1
26 23 2
88 29 2
25 39 1
60 57 4
11 96 1
27 98 4
21 53 4
67 32 2
56 88 2
60 70 1
3 33 2
54 17 1
64 31 4
36 48 2
54 81 2
64 59 2
43 20 1
34 50 2
62 54 3
89 60 4
12 2 3
54 39 3
66 28 3
5 91 2
93 38 3
72 85 3
24 50 2
63 9 3
4 56 4
66 3 1
41 49 1
69 7 1
37 97 1
66 89 2
94 3 2
49 84 4
80 22 2
66 79 4
76 25 2
90 83 2
56 18 1
10 78 1
87 75 1
39 7 3
16 93 3
54 24 1
43 68 2
14 76 1
58 71 4
34 5 4
75 19 1
35 54 2
42 29 3
78 46 1
81 59 2
2 9 3
17 14 1
86 89 1
90 33 1
61 45 1
46 47 3
31 77 3
51 24 2
84 94 4
62 25 4
36 60 1
74 18 4
83 54 1
61 15 3
18 41 2
36 53 4
93 40 4
62 89 4
78 48 4
48 92 1
66 61 3
43 85 2
40 31 1
82 62 3
59 76 1
44 83 1
64 25 4
42 36 4
21 45 4
26 56 1
6 80 4
17 6 3
81 84 1
56 38 1
76 54 1
98 30 2
47 34 3
1 89 1
25 1 1
41 40 2
79 27 2
16 95 4
49 72 3
88 14 3
74 89 3
92 69 3
81 61 4
43 80 3
2 77 4
19 8 1
94 51 4
98 73 1
5 68 2
69 15 4
65 96 4
43 89 2
92 37 4
17 90 4
47 30 3
19 22 4
64 96 4
67 34 3
13 69 2
43 18 1
0 81 1
32 34 1
81 68 4
23 25 2
95 58 4
86 39 1
33 95 2
24 75 2
11 98 4
53 30 1
38 74 2
35 77 2
8 90 3
6 1 3
74 66 4
25 68 3
46 84 3
62 97 2
94 22 4
43 65 4
84 30 4
55 48 1
51 74 4
36 27 2
98 68 4
9 36 1
88 44 3
37 76 2
32 8 4
54 28 4
52 10 4
74 57 4
4 18 3
84 51 1
65 76 4
10 58 4
8 51 4
3 12 1
61 77 3
93 7 4
11 34 4
28 86 4
16 58 3
84 7 1
55 81 4
84 91 1
4 29 4
17 39 1
42 40 4
60 72 4
7 59 3
28 45 1
17 77 3
18 9 4
63 69 3
45 20 2
21 42 4
81 22 3
4 30 4
49 37 4
73 16 2
86 0 4
9 37 3
18 86 2
38 59 1
72 62 2
42 57 3
57 44 3
1 37 4
71 11 1
16 97 3
85 94 3
76 55 2
22 38 3
19 0 1
42 23 2
82 79 2
81 45 2
57 80 3
0 71 1
73 46 2
70 27 4
21 41 3
60 91 3
10 28 3
46 97 2
4 2 1
11 73 2
74 42 3
78 43 3
50 1 3
11 39 4
59 87 1
98 85 2
4 16 2
10 93 1
72 18 3
41 48 2
24 59 3
21 75 1
93 92 2
33 32 4
24 16 3
39 83 3
71 23 4
92 53 2
85 53 4
21 73 4
13 22 3
92 61 1
76 5 3
37 66 3
93 98 3
86 96 1
9 20 4
31 27 4
30 16 1
52 28 1
87 24 3
6 62 4
67 7 4
49 66 3
52 60 1
97 82 1
14 2 1
4 72 1
82 70 2
71 78 4
36 90 2
93 44 1
64 54 3
58 5 2
89 0 3
15 66 3
29 40 2
39 15 2
6 44 4
5 80 4
68 54 4
6 4 1
22 36 2
59 18 2
19 68 3
31 92 3
6 94 2
65 67 3
30 17 2
37 44 2
65 7 3
93 90 4
11 87 3
86 48 4
58 41 4
72 70 2
46 87 3
59 4 1
94 57 4
54 23 3
45 88 3
71 60 3
36 78 3
44 95 3
29 47 4
3 73 4
57 45 3
38 57 3
89 13 4
45 12 3
65 82 3
57 12 1
61 78 1
36 70 1
82 90 4
12 43 2
74 94 2
45 11 3
29 68 3
33 76 4
13 79 4
87 35 4
54 20 4
55 13 1
47 38 2
37 81 1
97 56 1
49 11 2
97 80 1
73 33 1
93 45 4
69 0 4
75 78 3
50 28 2
39 75 3
69 80 2
18 21 1
74 50 4
68 93 2
70 20 4
62 85 4
9 65 4
26 54 2
19 65 3
12 65 3
73 10 3
61 69 4
4 95 1
47 76 1
34 25 2
51 10 4
13 30 2
6 42 2
50 5 2
81 47 1
44 5 2
27 33 2
65 91 2
6 33 2
17 25 4
56 52 2
14 44 1
36 97 2
97 2 2
18 20 4
26 76 2
6 83 3
8 79 2
30 9 3
14 48 3
85 48 2
35 40 3
85 39 4
41 99 1
84 9 1
0 46 1
10 75 2
70 84 4
94 10 1
7 54 3
1 67 2
38 94 4
93 73 3
67 88 4
32 29 4
48 42 3
12 7 1
45 78 2
44 67 4
65 83 4
20 75 3
35 79 4
59 65 1
3 30 4
12 41 4
66 22 3
41 5 2
78 85 1
88 13 4
27 83 2
63 73 3
30 62 4
76 70 1
49 34 4
3 10 4
47 79 1
99 1 3
98 75 2
72 50 1
96 75 4
2 80 4
99 3 4
91 51 4
27 81 2
73 84 2
27 39 4
89 14 1
10 30 1
15 13 3
66 62 4
0 25 1
47 9 4
68 91 2
47 33 1
63 26 2
56 3 2
0 31 2
50 42 3
69 33 1
80 92 2
36 82 3
65 86 2
86 95 2
7 22 3
62 50 1
42 64 4
84 65 4
93 84 1
1 16 3
98 84 4
16 49 1
41 1 1
18 11 1
76 68 4
39 74 4
16 36 2
41 67 4
65 48 2
29 59 4
75 88 1
53 27 3
27 20 2
31 96 2
3 16 3
9 98 2
96 13 1
19 96 2
55 43 3
28 12 2
17 16 3
89 29 2
70 15 3
87 15 2
58 54 1
64 14 1
79 32 1
27 86 2
18 68 3
94 36 2
56 55 2
13 99 3
99 91 3
97 70 1
39 36 1
40 74 3
21 17 1
19 16 4
16 90 1
72 92 3
81 46 4
54 65 4
46 2 3
74 3 3
94 82 1
59 82 3
34 7 4
81 12 2
18 54 1
32 52 4
40 16 3
85 82 2
51 19 4
23 28 3
85 7 3
46 63 4
62 31 3
73 35 2
81 76 3
77 66 1
95 75 3
81 8 4
34 12 3
79 16 1
83 16 4
68 82 1
46 19 3
57 76 1
38 87 3
30 1 1
23 90 2
43 52 2
24 79 3
66 26 2
20 74 2
43 54 3
7 96 3
83 13 2
91 40 1
47 6 4
84 63 4
40 83 4
84 1 1
10 14 2
22 90 4
56 77 2
20 95 2
35 34 3
49 70 4
57 77 1
25 19 4
71 45 3
53 73 2
11 47 1
35 49 2
12 30 2
99 2 4
96 62 2
33 85 4
19 18 3
0 67 4
0 36 3
93 61 2
36 4 4
29 50 1
14 58 4
47 44 4
48 99 4
50 83 1
67 30 1
4 27 1
70 45 4
47 84 3
67 40 2
0 34 3
98 13 4
43 19 4
37 91 2
66 16 4
45 96 3
21 10 3
3 65 1
20 33 3
83 42 2
28 92 1
66 57 1
12 36 2
39 72 4
81 3 1
11 1 4
57 93 3
49 32 1
59 17 3
57 48 4
2 86 4
92 84 1
93 2 3
25 13 1
41 96 2
69 98 2
93 85 2
81 17 2
65 36 2
7 51 4
57 50 3
26 32 1
45 42 3
30 19 2
42 93 4
55 25 3
97 9 4
19 81 4
74 75 4
50 78 3
63 91 4
88 68 4
52 46 4
31 32 4
67 42 1
67 49 3
6 26 3
74 90 3
48 95 3
40 57 3
71 96 4
66 17 1
69 35 4
84 13 1
18 85 2
83 8 3
24 82 4
70 33 4
18 34 1
49 3 2
86 26 1
27 14 1
94 91 2
70 64 4
17 8 4
76 0 2
87 13 4
56 65 1
21 9 2
3 79 1
47 56 3
11 77 4
32 87 3
13 60 4
52 75 4
45 53 1
61 12 4
19 26 3
51 20 4
38 88 2
91 62 4
24 2 1
64 19 1
8 54 4
55 67 1
52 5 4
68 46 4
28 24 4
68 4 2
38 34 1
48 17 4
37 55 1
21 29 2
21 47 3
28 49 3
90 10 1
75 69 1
83 33 1
21 90 4
34 60 1
6 65 3
71 83 2
22 12 3
65 41 3
33 58 2
21 67 3
32 73 4
31 19 2
65 78 2
88 47 3
34 63 4
77 33 4
42 76 1
51 63 2
83 36 3
55 91 3
56 37 3
57 23 4
77 96 1
74 36 2
47 95 4
71 19 1
76 78 1
19 6 2
78 56 2
49 43 3
80 51 2
62 9 3
64 22 3
69 53 2
74 82 1
97 6 4
7 30 4
1 68 3
56 12 2
27 71 1
53 74 1
43 36 2
87 82 3
51 95 2
80 33 2
8 95 1
82 4 1
54 31 1
7 74 2
0 54 4
42 33 2
53 23 3
76 74 4
91 16 1
27 34 4
33 0 2
63 30 2
19 34 2
39 23 4
20 10 1
14 62 4
25 9 4
6 43 3
82 78 2
83 84 4
11 44 2
60 44 4
34 26 3
13 54 2
97 19 2
91 77 2
94 9 1
41 88 1
18 96 2
32 99 1
85 1 1
52 8 4
10 6 4
51 54 1
34 92 4
36 89 4
95 22 1
53 65 3
24 20 1
21 66 1
89 83 3
20 66 3
99 30 1
47 80 2
51 40 1
50 30 1
77 43 2
38 62 4
99 73 3
23 46 2
52 66 1
88 83 2
2 76 4
81 14 1
82 28 2
19 66 3
31 15 2
60 1 2
73 25 2
98 63 4
19 10 2
59 19 2
57 0 2
67 45 2
12 13 1
12 66 1
66 29 2
79 5 2
82 98 1
50 35 1
25 40 2
58 18 1
23 22 4
98 61 2
20 97 4
35 26 4
46 96 3
8 41 2
76 85 4
46 55 4
31 22 1
94 75 1
58 27 1
22 72 1
63 55 2
77 85 4
6 34 3
62 99 3
90 50 4
33 82 3
54 10 3
59 63 3
44 19 4
3 57 1
95 0 2
54 52 1
22 88 2
93 65 3
97 7 3
96 27 3
65 94 1
83 26 1
96 85 2
99 27 2
85 74 3
83 18 2
68 11 3
72 12 4
64 66 4
59 70 3
43 82 2
69 70 4
58 8 3
63 66 1
36 3 1
8 49 3
68 85 1
27 87 4
7 35 3
23 75 3
50 84 4
11 80 3
57 97 4
72 87 4
26 31 2
32 58 4
27 95 3
77 51 1
22 75 2
50 94 1
19 84 4
93 63 4
59 25 3
14 40 3
81 44 2
88 90 4
57 75 3
28 25 2
18 75 3
25 86 2
85 57 1
78 37 2
41 28 2
25 66 3
99 67 3
52 97 1
74 29 3
47 27 3
48 63 1
46 54 1
94 14 4
78 34 1
79 50 2
38 95 1
54 98 2
3 17 4
88 53 1
34 90 1
38 99 2
25 67 3
23 44 4
18 37 1
19 28 1
17 2 4
52 83 4
22 54 3
68 20 2
28 29 1
14 35 2
52 12 3
7 25 3
12 11 1
45 4 2
16 64 3
80 34 4
85 75 2
86 97 4
4 90 3
55 23 4
91 42 4
89 59 3
53 5 4
95 37 1
40 11 3
97 3 4
11 53 3
31 86 4
75 37 2
29 98 1
25 97 3
19 38 1
6 24 2
76 30 2
2 66 1
92 20 4
69 68 3
79 38 2
80 84 1
83 9 1
87 36 4
61 46 1
29 77 1
58 15 1
79 96 3
91 53 2
34 51 2
6 72 4
40 85 3
68 28 1
1 5 3
86 69 3
8 57 1
24 71 2
38 37 4
89 95 3
36 79 2
87 60 4
97 63 4
68 14 4
1 18 1
46 16 1
77 8 2
26 5 3
14 65 3
19 27 2
25 78 2
35 37 2
89 47 3
21 86 2
62 42 1
64 12 4
79 37 4
31 91 1
73 14 1
46 74 2
14 93 1
0 74 4
59 61 4
48 59 3
48 3 1
6 28 3
62 52 4
65 2 2
77 39 2
50 81 2
5 29 2
10 26 4
41 81 2
68 57 1
35 0 1
16 69 3
33 93 3
22 53 1
67 80 4
42 41 1
8 65 4
31 79 1
28 34 2
87 21 3
7 29 4
75 68 2
11 78 2
26 11 1
70 11 3
27 65 1
37 82 2
35 82 4
50 26 2
59 58 4
60 30 2
34 20 1
67 23 3
11 16 1
41 73 2
19 40 3
98 20 3
37 93 2
58 38 4
26 64 3
45 2 3
46 99 4
40 78 2
82 77 4
4 14 4
12 84 1
38 30 4
52 24 1
26 48 1
5 30 4
70 31 2
5 82 4
56 49 2
36 30 4
87 71 4
94 20 2
57 14 3
37 16 4
78 13 3
0 21 1
16 42 2
49 89 1
54 89 1
95 79 3
30 48 4
53 77 3
40 86 3
3 8 3
80 73 4
55 27 3
28 37 1
96 63 1
39 32 3
33 37 1
63 68 2
50 23 4
60 88 1
80 96 2
22 20 3
8 93 4
11 46 3
85 36 1
48 68 4
15 67 4
95 61 4
73 34 2
51 75 4
85 73 3
91 20 3
59 36 4
32 13 3
36 95 3
56 86 2
62 29 3
41 54 2
22 49 4
56 50 2
16 51 1
76 31 4
28 5 1
97 50 1
51 35 3
1 12 2
40 75 1
98 26 3
37 26 4
38 50 2
0 72 3
7 98 2
84 26 1
90 67 2
82 31 3
94 66 1
9 99 1
4 47 4
20 30 2
77 54 2
60 6 2
61 53 2
69 2 1
59 74 4
31 78 3
71 53 2
51 14 1
95 84 1
42 34 3
49 10 1
85 99 3
62 49 4
31 67 1
65 95 1
80 58 2
32 74 2
48 27 4
95 13 2
49 45 3
26 17 1
82 7 2
49 7 3
75 0 3
39 51 2
55 38 4
46 60 3
29 58 2
64 90 1
26 80 2
52 27 4
61 86 1
5 89 4
72 63 1
99 63 4
20 13 1
31 99 2
76 39 1
44 59 3
50 12 4
18 42 3
5 42 3
8 75 2
98 55 3
74 93 4
24 5 1
80 39 2
14 32 3
1 3 3
11 35 4
6 75 3
85 59 4
22 39 1
44 22 1
10 45 4
92 83 3
60 9 4
12 69 1
84 71 4
61 50 1
45 62 4
32 27 3
46 45 1
99 7 4
4 39 4
41 6 1
55 79 1
67 4 2
62 3 1
55 92 4
24 62 3
93 31 3
51 13 1
48 2 2
8 97 1
41 75 3
86 76 4
16 60 1
50 18 1
56 64 3
10 88 3
59 73 1
36 80 1
15 78 1
27 66 1
82 23 4
90 91 4
92 45 3
20 11 2
5 3 3
49 54 4
70 88 4
65 92 4
54 16 3
0 53 1
23 89 3
38 23 3
31 56 2
0 58 4
62 98 1
37 12 1
51 38 2
24 14 3
35 13 4
41 45 4
80 87 2
6 58 4
79 83 2
73 24 1
52 35 2
61 48 2
33 9 1
6 3 3
52 58 1
99 72 1
86 55 4
11 32 3
38 41 2
26 60 4
67 97 3
1 36 2
19 83 1
52 81 3
56 39 1
86 36 2
92 18 1
57 15 2
78 81 3
8 29 3
90 43 1
11 41 2
83 98 2
23 62 2
98 97 2
69 83 4
53 12 2
51 56 4
64 87 3
77 21 4
56 17 3
64 11 3
19 77 4
37 21 1
88 62 2
67 8 4
9 12 3
16 5 2
38 66 4
44 20 4
84 99 1
13 73 3
44 55 2
85 8 4
88 2 3
64 73 3
9 81 2
60 24 1
22 16 3
79 43 3
19 76 4
94 93 1
82 63 2
58 64 4
16 14 1
47 82 4
70 48 1
96 51 2
18 82 1
90 29 1
20 73 1
21 95 1
42 30 2
70 2 3
19 33 3
92 81 4
64 72 3
79 86 3
56 73 4
10 16 3
17 20 4
97 89 4
29 56 4
26 13 2
94 1 1
45 16 3
25 12 1
0 98 4
25 65 3
56 10 4
49 44 2
2 95 2
73 54 1
34 94 4
84 43 4
68 97 4
35 47 3
74 23 3
57 27 4
38 69 4
63 14 3
69 89 3
38 46 3
86 74 3
80 0 4
34 23 3
68 99 2
41 80 4
24 9 4
64 40 2
94 15 3
25 3 3
29 2 3
76 75 4
52 37 2
24 21 2
29 73 4
61 19 4
58 68 2
3 92 2
43 10 3
77 52 1
60 79 2
90 11 1
75 2 2
76 11 4
56 66 2
25 8 4
78 80 1
37 57 3
59 54 2
34 71 1
22 50 1
86 38 1
76 72 3
26 12 3
27 24 2
31 1 1
18 35 2
41 83 1
93 18 4
5 87 3
1 7 4
50 44 3
50 92 3
39 37 2
91 0 3
5 86 4
15 28 2
44 35 3
4 94 4
9 49 3
65 50 3
17 98 2
2 23 3
7 40 1
22 27 1
40 68 2
48 37 3
11 63 1
88 49 4
52 38 1
88 77 4
76 87 4
41 14 3
91 24 3
11 94 4
81 82 1
84 88 2
15 95 2
79 41 2
32 90 4
92 15 3
88 28 4
69 59 2
79 99 3
31 2 3
83 29 2
55 58 3
90 47 1
28 39 1
3 59 1
75 89 4
43 8 2
69 45 3
70 68 4
33 44 2
97 99 1
0 84 4
71 99 2
97 87 2
55 28 3
18 79 4
89 90 2
78 68 2
39 91 4
57 83 3
26 33 2
65 57 1
5 85 3
42 65 4
27 97 2
81 98 1
50 58 2
16 13 1
85 41 4
36 14 2
26 70 3
96 42 4
92 6 4
37 31 1
74 43 1
77 40 1
41 89 1
33 12 3
32 63 3
49 64 4
48 77 2
2 42 2
44 69 4
27 56 4
63 50 2
78 41 1
4 13 4
28 56 4
21 43 2
93 60 2
58 53 1
30 86 3
46 31 2
5 7 2
61 20 3
81 42 2
31 69 3
0 32 1
48 97 4
24 40 3
61 97 2
20 59 2
74 15 1
25 11 1
49 2 1
12 92 4
10 57 1
29 67 3
74 27 3
83 60 1
74 63 4
16 62 2
54 60 3
12 88 1
42 97 4
23 49 3
8 62 3
20 14 2
44 79 3
29 12 1
63 47 4
77 0 2
71 28 4
84 77 3
40 89 4
91 36 2
4 97 3
17 95 1
32 50 1
16 78 1
13 90 3
62 28 3
23 77 4
64 79 4
9 7 3
58 60 2
38 73 1
27 54 1
14 59 4
34 15 4
97 45 3
9 54 2
94 64 4
40 18 3
81 89 2
21 79 3
14 49 3
67 43 4
56 83 4
34 56 4
0 38 4
85 17 4
64 92 2
31 14 2
31 60 4
54 40 1
69 41 3
79 42 3
90 24 3
15 77 4
43 17 3
73 69 4
74 78 3
59 53 4
10 86 2
53 56 3
32 24 3
33 60 2
44 36 1
74 67 4
78 1 2
25 35 3
79 98 2
84 87 3
38 16 4
88 93 2
70 61 1
7 23 3
26 78 1
76 45 4
32 81 4
40 79 1
47 32 1
71 42 1
13 59 3
98 76 4
39 94 4
89 80 4
87 93 1
8 20 4
81 75 4
63 6 4
9 90 4
81 88 4
65 45 1
3 89 1
45 27 3
27 41 3
83 62 1
37 89 4
74 25 1
46 53 2
69 97 4
86 77 1
54 6 4
13 0 1
3 75 2
87 92 2
52 93 3
19 23 2
25 80 2
78 2 4
44 58 4
2 37 2
11 15 4
53 3 4
3 96 3
28 63 3
89 67 4
85 55 3
9 46 2
0 5 4
36 73 4
1 91 2
89 34 1
1 0 1
67 57 4
94 69 4
93 23 2
10 63 2
40 99 3
68 62 4
76 50 4
57 59 2
51 82 2
29 33 3
77 37 2
52 25 2
78 27 2
41 95 3
6 81 2
95 62 2
41 87 2
13 81 1
85 70 3
18 23 2
30 44 2
79 63 3
64 35 3
66 44 2
18 29 4
45 31 1
53 41 1
27 93 4
40 80 2
75 7 4
71 86 4
55 6 2
9 26 2
38 42 1
96 48 2
31 3 4
26 73 1
87 67 1
98 44 4
94 31 4
43 81 1
31 36 4
65 68 2
43 3 2
71 31 2
31 63 3
20 37 3
93 64 4
66 9 2
95 71 4
86 52 2
68 59 2
80 98 2
71 97 1
20 62 4
33 52 4
97 1 1
85 4 3
23 79 4
81 34 1
25 94 1
82 73 4
55 65 2
30 14 2
66 72 4
41 92 2
43 63 4
93 89 4
56 48 3
87 83 1
30 46 3
36 68 4
44 1 1
56 0 4
59 60 3
70 46 4
78 39 3
72 2 3
83 67 1
14 52 4
57 90 4
47 64 3
34 4 3
17 80 3
90 94 3
96 81 3
17 13 3
21 91 3
32 30 3
99 39 4
43 2 2
85 37 2
39 65 3
84 17 3
97 96 1
3 54 1
31 42 4
66 40 4
28 0 2
42 12 3
42 8 3
20 87 1
32 12 3
71 76 3
25 91 3
90 0 3
8 76 1
84 42 1
76 52 1
41 2 2
89 24 3
13 94 4
47 51 2
20 19 4
41 9 4
73 28 1
50 4 1
48 72 1
5 48 1
39 87 3
19 37 3
50 19 1
23 6 4
61 14 2
40 43 4
95 19 4
96 22 4
49 0 1
97 15 2
89 78 1
69 77 1
52 36 1
1 70 1
69 18 4
77 7 3
84 79 1
76 95 1
63 54 3
42 73 4
65 99 3
91 4 2
95 26 2
13 36 3
62 63 2
9 67 3
70 44 3
30 78 3
75 33 2
5 27 1
59 67 2
48 33 2
49 71 3
3 20 3
4 1 2
66 39 3
9 13 2
3 82 2
69 11 4
57 84 2
87 16 1
8 60 2
81 36 2
15 76 3
57 98 1
5 64 2
71 75 2
52 64 1
96 82 2
52 22 3
66 45 3
25 57 4
59 33 3
21 82 1
23 12 4
26 2 4
9 35 4
20 78 2
67 14 3
22 11 2
79 71 1
58 57 3
57 53 1
54 47 2
92 10 1
96 15 4
10 12 3
33 53 2
20 88 2
45 18 2
78 58 3
73 52 1
4 93 3
5 97 4
66 90 2
44 72 2
46 83 2
14 97 1
83 70 2
63 52 4
48 9 2
76 41 3
51 30 4
3 28 3
15 49 2
3 24 3
85 27 1
51 78 4
93 6 1
55 11 1
76 20 2
29 17 4
34 62 3
55 72 3
37 68 1
30 91 1
95 82 2
84 34 4
34 43 4
32 60 3
98 8 3
72 83 3
72 90 4
53 83 4
34 93 4
23 87 3
50 54 3
76 28 3
70 47 1
84 18 2
19 41 1
51 0 2
79 6 1
45 64 4
7 78 2
23 47 4
28 21 4
67 38 4
33 41 2
84 75 4
71 2 1
23 64 1
27 76 1
99 10 3
60 42 2
1 77 3
61 16 2
75 11 2
0 50 1
88 85 2
73 75 4
93 41 4
93 17 1
69 14 1
42 19 4
70 28 2
81 20 1
7 11 2
55 35 2
63 23 1
65 49 3
77 16 2
56 93 3
38 63 4
58 63 3
61 38 3
1 88 2
63 71 3
93 76 1
46 86 1
1 47 3
94 52 1
30 70 1
51 4 4
52 11 4
84 72 1
2 84 3
41 72 1
46 58 1
27 80 2
68 60 3
69 96 1
90 25 1
75 58 4
55 33 2
93 13 3
4 78 4
31 21 1
90 62 2
25 21 3
62 59 4
65 60 3
93 91 3
71 72 1
16 6 3
75 9 2
43 11 4
53 96 2
23 98 4
40 4 4
17 37 2
38 29 2
40 60 2
76 77 1
26 51 4
93 51 4
12 62 1
56 6 4
6 7 4
55 7 2
92 99 3
82 34 1
2 11 3
58 23 4
61 68 1
94 97 3
84 67 4
32 78 1
33 68 1
49 21 4
52 20 3
74 84 1
94 27 3
54 44 1
25 48 2
50 43 1
58 91 1
51 89 4
76 82 2
1 23 3
22 84 1
74 8 2
55 20 4
61 21 1
32 9 3
85 50 1
21 57 3
47 74 3
91 10 1
48 24 2
15 54 3
35 8 1
14 13 2
48 81 1
8 45 3
51 12 2
43 7 2
77 65 2
99 45 4
84 58 2
74 12 1
77 92 1
41 37 3
38 6 4
72 46 1
95 96 4
55 24 3
62 78 3
52 68 3
94 77 1
41 47 4
56 2 2
74 17 2
4 88 1
0 93 1
48 11 2
52 0 1
88 21 4
62 56 1
76 97 3
94 76 3
12 91 2
77 95 2
33 71 1
82 12 1
17 92 3
96 57 3
55 57 1
89 22 2
1 33 2
98 15 1
23 61 3
64 86 1
23 96 1
23 70 4
86 88 3
13 44 3
35 15 4
86 16 3
4 8 1
89 77 3
90 70 2
92 7 2
46 25 3
66 86 1
22 58 3
55 29 4
44 64 3
17 10 2
77 12 2
50 77 3
72 88 2
46 50 4
99 61 2
5 93 3
57 89 4
49 30 1
35 24 2
40 71 1
12 20 2
46 17 3
50 86 2
9 96 4
40 92 1
82 93 2
12 78 2
42 26 2
16 8 1
20 58 4
74 65 2
75 5 4
34 33 3
99 53 2
67 22 3
24 1 2
9 34 1
64 29 1
82 48 4
86 62 3
98 90 2
98 32 4
85 79 4
72 77 3
44 24 4
28 48 1
55 78 4
1 61 3
70 89 1
33 61 3
35 39 2
50 39 4
81 31 2
52 40 2
79 59 2
15 9 3
27 73 3
32 94 3
16 27 1
86 90 3
38 70 3
71 6 2
52 67 3
88 36 2
72 89 1
78 49 1
8 12 2
53 79 4
7 57 1
42 94 3
48 71 4
56 32 1
27 61 3
0 20 2
26 24 1
96 73 2
35 96 3
82 38 2
37 58 3
60 50 3
53 14 2
78 64 2
10 60 4
70 71 2
56 23 2
65 97 3
34 85 4
1 51 4
80 74 2
56 68 1
97 18 4
95 93 3
73 43 2
77 73 3
13 43 3
7 63 3
79 34 1
79 78 1
9 70 4
51 97 4
19 98 2
33 38 2
86 15 1
79 26 2
54 55 4
15 17 4
99 50 4
63 29 4
15 8 4
75 50 3
58 62 2
48 13 4
59 49 1
99 35 1
28 33 4
13 37 3
54 97 1
56 81 2
72 54 1
42 39 4
51 70 2
53 32 4
98 4 1
95 30 3
12 58 4
17 52 4
26 55 4
19 5 4
36 63 2
99 52 3
22 0 2
32 22 1
75 16 3
74 88 3
62 1 2
97 72 2
82 80 4
23 52 1
39 41 1
34 86 1
67 70 4
85 60 4
92 82 1
15 3 1
89 28 1
30 18 1
43 30 1
98 41 1
97 32 1
71 55 3
9 64 2
12 24 4
9 19 2
91 41 3
24 7 2
51 50 3
14 82 2
11 95 2
19 92 2
20 1 1
69 8 3
36 25 3
53 80 4
85 21 3
78 73 4
70 87 4
58 98 3
16 50 1
91 73 2
29 95 2
16 94 3
79 81 3
29 13 3
5 45 1
92 16 2
75 12 2
99 42 4
39 88 1
79 33 4
45 25 1
71 88 2
88 3 2
62 17 4
86 68 4
64 39 1
0 79 4
96 76 3
23 35 1
33 87 1
29 52 2
27 84 1
83 82 3
46 27 1
86 78 1
0 4 4
43 46 3
31 66 2
70 77 3
63 41 1
74 79 4
52 55 2
15 56 2
16 81 4
47 31 3
17 22 3
61 85 2
71 13 4
91 47 2
3 86 2
45 72 2
9 10 4
34 96 4
2 61 1
32 46 2
89 79 2
30 85 1
20 4 1
9 79 4
74 37 1
22 77 4
14 84 3
32 45 4
31 30 3
33 50 1
52 57 1
10 4 2
12 89 1
11 0 1
66 7 4
95 73 2
49 95 3
24 41 2
19 45 4
74 87 2
35 5 1
18 5 1
47 59 3
92 86 3
12 94 2
47 17 3
80 71 1
62 81 1
57 87 4
49 79 3
44 31 1
36 75 2
99 59 2
30 69 4
84 23 3
74 96 3
49 82 1
32 1 3
3 23 1
32 91 2
15 75 3
8 9 2
87 53 2
60 99 2
45 87 3
48 35 2
34 74 4
23 81 2
73 7 1
49 51 2
99 14 1
4 12 4
29 22 3
88 61 1
73 4 2
70 16 3
67 54 1
58 21 2
7 45 3
43 27 4
77 58 3
40 55 3
98 66 2
12 93 4
88 7 1
87 22 3
13 64 1
59 97 3
9 92 3
27 17 4
81 64 4
63 76 3
39 20 4
86 14 1
64 97 3
81 2 1
71 52 2
12 35 1
12 38 2
22 15 4
51 48 1
85 12 2
17 65 1
30 68 4
52 72 3
88 69 3
31 65 4
47 87 3
52 42 2
47 43 4
84 20 3
24 47 3
36 2 4
63 89 1
48 94 1
92 29 1
67 48 4
80 23 4
55 87 3
92 30 2
59 21 1
40 23 1
39 67 1
11 65 1
69 46 2
54 70 4
68 44 3
94 41 3
15 40 1
96 47 1
29 36 2
51 6 3
62 10 4
1 17 3
16 80 4
60 3 3
34 31 2
96 24 3
21 46 4
90 68 2
80 13 1
27 62 4
17 4 4
86 84 4
7 48 3
8 68 1
25 77 4
20 65 3
73 57 4
60 73 2
9 43 2
58 48 1
39 26 2
31 43 4
65 87 1
18 17 4
30 40 1
49 96 2
42 3 2
53 10 3
32 89 2
94 99 3
12 67 2
96 25 2
60 96 4
78 9 1
4 99 4
72 86 4
20 16 3
82 27 3
99 23 4
30 94 4
99 44 3
11 85 1
41 55 2
61 67 3
23 17 2
40 0 3
22 76 1
18 49 4
53 54 4
78 97 1
23 48 2
19 56 2
68 9 3
13 50 1
79 19 3
10 59 2
76 69 4
16 55 3
78 22 2
28 95 3
79 97 3
6 20 1
42 24 4
12 21 2
26 41 3
30 73 1
70 10 4
63 40 4
66 68 4
20 56 1
17 96 4
53 9 2
8 82 1
40 44 2
90 2 3
2 64 1
61 96 4
79 80 4
17 35 3
38 14 3
32 15 1
31 51 4
12 83 4
28 17 3
17 7 4
7 61 4
23 66 1
99 74 1
96 91 1
69 6 2
31 98 2
9 14 2
5 81 2
18 8 1
3 19 3
52 95 3
79 14 3
32 40 4
67 2 2
98 96 2
87 99 3
43 53 2
49 57 3
30 35 1
24 46 1
98 5 3
20 50 3
76 7 3
57 69 3
26 4 3
84 97 4
40 37 4
11 27 2
62 79 2
75 53 1
46 7 1
45 37 2
37 69 3
8 66 3
21 2 3
33 10 2
54 42 1
52 31 2
60 22 3
90 27 1
4 23 1
8 22 4
44 78 4
19 58 2
15 30 1
35 94 1
35 56 2
11 81 4
97 34 2
62 4 2
71 61 2
42 69 3
88 63 4
81 39 3
65 58 4
34 57 1
92 2 4
19 4 2
48 40 4
36 10 3
22 59 4
10 87 3
58 49 1
4 79 4
68 23 3
53 6 1
63 15 3
20 82 2
7 14 4
6 78 2
69 24 4
24 45 1
97 77 4
55 14 3
70 62 2
16 34 3
28 11 4
26 16 4
18 99 4
35 20 1
5 12 3
31 7 3
23 92 3
82 75 3
89 82 1
63 94 2
72 23 4
90 1 2
93 66 1
57 32 4
25 87 2
2 32 1
90 55 2
75 13 2
53 40 2
33 23 4
22 92 4
93 43 2
66 73 4
95 3 3
9 23 4
62 40 1
17 75 2
63 42 4
37 47 3
55 93 3
11 36 1
34 58 2
7 2 3
51 61 3
95 85 1
18 15 1
87 34 4
76 99 2
0 63 4
91 8 4
55 94 3
13 8 2
60 20 3
35 86 2
50 40 1
9 39 2
96 10 1
65 21 1
71 73 2
87 98 4
4 61 3
73 50 1
8 6 2
46 93 1
0 70 3
81 33 4
15 2 3
98 48 4
95 18 4
22 35 2
71 41 2
25 98 2
83 10 1
68 95 1
23 88 4
29 41 1
76 92 3
34 24 1
43 69 2
11 89 4
35 74 3
60 97 3
71 7 3
58 36 4
56 91 4
54 80 3
48 74 2
99 58 4
62 92 1
27 0 2
28 30 1
7 87 1
44 82 3
72 26 1
21 19 1
7 18 4
11 9 3
59 80 2
85 2 1
99 20 4
33 94 3
97 26 1
31 38 1
37 65 4
59 45 2
88 82 3
72 1 1
85 42 4
10 31 4
72 32 1
4 25 1
84 32 2
21 32 4
59 91 2
46 79 2
62 21 4
59 15 2
68 47 1
22 6 4
42 49 3
94 73 4
76 34 3
8 39 4
41 7 3
83 37 2
78 72 1
93 28 1
56 70 3
37 90 3
76 3 4
39 40 2
7 0 3
27 35 2
57 51 1
70 80 4
99 29 2
28 77 2
24 93 2
13 10 3
71 56 2
57 46 4
33 66 2
10 15 2
23 8 2
94 8 2
96 90 2
35 41 3
20 28 4
89 68 1
39 45 2
77 13 4
33 46 4
59 6 3
89 7 4
68 31 4
53 28 2
80 61 2
42 20 3
6 48 4
68 92 4
3 26 2
66 4 1
72 65 2
2 18 2
0 47 3
99 22 4
11 30 4
15 90 1
97 13 4
92 11 4
16 67 4
53 68 4
16 44 4
27 25 2
95 39 3
87 18 4
76 66 4
32 88 3
74 1 2
2 83 3
86 98 2
3 51 1
50 67 1
79 94 1
70 98 2
3 7 1
67 53 2
95 31 1
64 95 3
3 34 1
47 77 1
56 67 1
17 60 3
95 6 1
12 17 4
41 15 4
16 68 3
21 6 4
18 63 2
60 55 3
49 24 2
98 22 2
42 88 3
7 64 4
77 10 1
29 69 4
53 51 3
60 92 2
5 47 1
24 38 4
8 5 1
26 93 4
65 79 2
18 53 2
82 17 1
12 18 1
30 77 4
28 27 3
15 72 4
13 31 2
67 79 3
59 9 3
17 41 2
49 86 4
24 53 2
25 15 4
50 27 4
51 85 3
48 73 1
42 80 4
19 70 3
84 66 3
99 96 1
78 91 1
5 6 4
53 89 2
65 32 1
68 83 3
41 20 4
47 53 4
84 29 1
50 88 3
47 8 4
85 80 1
23 83 1
15 5 3
86 70 1
53 81 1
82 61 4
98 56 1
50 95 4
3 69 4
30 23 1
38 15 2
97 93 2
16 32 1
72 75 2
76 1 2
42 22 1
98 89 1
87 54 4
65 46 2
88 78 3
50 82 3
6 35 3
70 41 1
79 11 3
45 83 4
54 57 1
19 14 4
74 97 4
29 11 3
96 50 3
29 75 1
31 48 3
90 79 3
11 97 3
54 32 4
11 4 3
89 18 1
43 95 3
42 77 4
81 35 1
86 37 2
38 90 3
97 30 3
78 69 4
92 97 4
15 80 1
66 1 4
58 9 4
9 72 1
60 49 2
84 39 1
48 19 2
46 39 4
29 3 4
44 97 3
65 40 3
41 77 1
91 3 4
24 39 2
94 40 1
29 10 2
5 92 4
38 9 3
67 37 4
11 59 2
87 81 4
74 71 1
24 76 2
85 91 2
36 24 4
96 72 4
0 3 3
59 8 3
16 43 3
9 57 1
53 95 3
95 59 3
44 74 2
35 91 2
45 36 2
8 10 3
68 21 4
1 64 2
74 24 4
1 81 2
25 10 1
3 71 4
31 41 1
71 18 1
74 22 3
29 93 2
33 35 3
38 68 4
90 46 3
17 79 2
75 92 4
39 90 4
54 74 2
44 42 1
42 72 1
19 53 3
4 60 3
57 99 2
56 9 4
80 86 1
37 23 2
4 33 1
40 76 3
59 78 4
5 22 3
91 15 2
65 26 1
69 26 4
81 65 4
68 7 3
35 29 4
10 66 2
51 87 2
1 9 1
96 59 1
74 26 1
60 78 4
5 31 3
72 14 3
82 16 4
21 30 3
9 71 3
21 97 3
68 77 2
24 19 3
58 83 2
59 72 3
55 82 3
11 54 1
91 14 2
14 22 3
15 82 4
78 29 2
44 63 2
67 27 1
68 17 1
29 1 4
8 53 3
55 19 3
94 54 3
25 49 3
91 97 4
66 5 2
90 14 3
54 69 3
58 47 1
6 50 4
29 49 4
27 75 3
45 74 2
91 67 1
64 63 3
58 86 3
1 34 1
4 54 1
42 56 1
53 2 4
36 5 1
74 61 4
34 17 3
77 4 4
23 60 3
32 96 2
46 10 1
55 84 3
44 62 1
10 23 4
44 56 4
27 63 1
61 62 3
40 87 3
57 92 4
75 47 1
73 72 4
29 37 3
65 30 1
45 29 1
76 29 3
58 96 3
36 50 3
15 53 4
1 21 4
19 87 2
18 90 4
1 27 1
98 2 2
17 42 2
99 70 3
1 38 3
98 64 4
66 46 4
10 2 2
29 85 3
16 33 3
75 66 2
16 74 3
44 43 3
18 94 3
25 89 1
10 95 1
91 48 4
54 2 2
56 92 1
61 11 2
90 60 3
91 74 2
31 88 4
12 71 3
96 20 2
13 45 3
10 47 3
70 95 4
76 73 1
18 27 4
51 18 3
40 21 4
40 56 4
80 38 3
23 97 2
78 92 1
34 53 1
62 37 2
55 2 2
5 2 1
52 19 1
64 77 4
58 85 3
94 21 2
13 3 1
53 70 2
12 14 3
50 89 4
83 63 4
59 83 1
62 33 1
50 98 3
43 97 1
3 98 1
73 39 3
63 65 3
61 36 3
84 36 2
86 44 3
7 83 2
78 24 4
94 68 1
22 2 3
95 66 2
82 54 4
28 60 3
81 18 1
98 52 1
13 74 4
4 83 3
83 21 2
91 98 4
13 67 3
54 30 4
84 25 1
0 15 2
3 37 3
54 61 1
96 8 1
96 29 2
59 40 3
64 24 2
21 16 3
71 43 3
77 99 2
42 43 3
24 15 4
96 26 2
65 51 3
68 35 2
13 11 3
92 67 2
18 65 1
88 37 3
79 61 4
33 25 3
41 46 1
60 75 1
33 74 3
79 48 1
60 82 3
14 80 3
6 76 2
32 68 3
48 60 1
7 42 3
29 57 3
54 84 3
37 63 4
20 21 4
58 13 2
39 59 4
22 9 2
70 81 1
21 27 2
20 85 2
72 21 3
83 49 1
61 42 2
7 62 2
85 35 1
75 67 3
17 63 2
56 75 4
65 34 1
45 9 1
50 41 3
27 6 4
6 31 1
44 80 4
46 76 1
26 59 4
53 17 1
69 28 3
81 15 1
34 88 2
7 79 4
56 74 2
89 15 3
13 61 4
80 91 3
87 90 4
66 11 4
65 35 2
68 50 4
96 4 1
9 89 3
13 72 4
10 72 4
47 42 3
83 0 2
92 24 1
42 25 3
69 1 2
69 58 1
2 59 1
54 85 3
11 51 4
1 58 4
55 3 2
38 4 4
27 51 2
28 98 1
0 64 1
0 26 3
93 49 4
43 51 3
15 1 1
40 1 3
32 51 3
40 17 2
39 6 3
99 86 2
83 38 2
56 80 1
86 47 2
42 53 3
59 94 2
37 42 4
17 36 4
31 8 4
76 83 4
54 90 1
31 29 2
33 86 1
60 39 2
81 28 2
25 32 3
87 49 1
52 18 3
31 55 1
6 98 2
49 19 3
28 16 3
85 38 2
80 1 4
8 33 1
49 5 4
12 73 4
17 5 1
41 36 3
95 42 2
21 76 4
17 64 4
97 12 2
68 26 2
38 76 1
34 75 2
65 52 4
96 94 1
8 80 2
69 65 2
3 64 4
91 11 1
17 94 2
89 94 4
38 39 1
5 51 2
15 51 1
0 42 2
83 64 3
10 64 1
39 47 4
80 77 3
69 32 3
23 5 3
26 58 3
21 5 4
60 51 3
83 30 2
13 82 1
83 61 3
55 69 2
15 73 3
91 81 3
88 24 1
17 71 4
90 71 4
34 68 4
81 69 2
27 26 4
73 65 1
35 57 2
70 8 2
83 75 2
19 11 4
59 41 1
45 43 2
71 8 1
20 71 4
37 99 2
91 61 2
83 94 2
54 86 2
0 8 3
58 30 4
4 15 3
78 63 3
83 3 4
39 2 1
64 6 1
6 2 3
30 90 2
8 73 1
57 86 3
24 23 2
62 51 2
83 99 1
60 53 2
13 62 1
86 22 4
1 87 4
86 4 4
59 98 1
97 10 1
18 64 2
62 26 1
46 18 3
53 4 3
4 92 4
25 16 4
15 16 4
25 18 2
43 24 3
51 71 4
42 89 2
72 28 2
77 81 3
58 67 4
36 99 2
69 72 2
45 26 3
32 76 4
79 45 2
91 70 1
72 57 2
77 45 3
2 28 3
35 59 4
27 29 3
88 18 1
43 32 4
37 4 1
40 22 3
75 35 2
81 83 3
85 52 4
34 14 2
86 32 3
35 93 2
81 24 1
69 5 1
35 70 4
45 58 3
89 39 1
74 55 4
80 9 1
26 75 2
42 51 4
39 3 2
55 17 2
55 47 4
70 17 1
1 39 2
10 71 3
76 58 3
93 47 4
43 23 1
12 70 4
80 72 2
56 45 3
97 53 4
81 80 2
4 5 4
28 44 2
70 4 1
84 21 4
39 92 3
1 82 1
45 3 4
62 15 4
14 11 2
23 21 3
47 22 3
96 68 1
65 66 2
88 25 1
91 33 2
3 67 1
34 69 3
53 49 1
48 21 4
22 83 1
4 52 3
88 59 2
52 3 1
65 70 4
81 90 4
95 56 2
20 67 1
50 69 3
85 0 4
8 34 4
57 24 1
20 40 3
69 82 4
79 57 2
23 13 2
94 88 3
24 77 4
57 17 1
80 24 4
78 38 1
56 58 2
52 1 1
31 11 3
63 45 2
63 2 4
31 50 4
66 0 3
36 20 3
3 90 4
4 24 4
25 6 2
82 39 3
98 95 4
27 42 4
96 16 2
44 73 1
55 12 2
3 61 1
67 95 4
6 36 2
77 78 3
29 6 4
83 32 3
19 7 4
57 28 2
36 32 2
15 12 4
44 46 4
55 42 4
73 83 1
17 99 2
44 3 2
20 26 3
52 82 3
54 91 2
83 43 3
2 13 1
21 92 3
36 62 1
56 21 1
47 49 3
78 21 3
37 24 2
5 71 4
44 48 1
11 84 2
43 26 2
30 80 4
56 13 1
11 74 2
2 50 3
62 87 4
3 58 1
4 69 1
74 68 2
65 85 2
46 12 2
71 93 2
90 48 4
72 68 4
31 18 2
17 24 2
4 65 2
91 86 1
0 99 2
26 25 1
35 38 4
26 61 4
9 74 2
63 95 1
48 4 1
1 53 1
72 24 3
99 24 2
9 27 1
5 65 2
79 93 1
84 24 2
69 17 4
25 22 2
89 8 1
13 38 4
10 32 2
47 16 4
62 80 1
25 14 4
56 61 4
60 43 4
87 12 4
92 70 2
25 37 1
61 37 4
7 13 1
43 0 3
87 3 1
52 7 1
45 22 3
93 36 4
32 28 4
52 30 1
39 14 1
52 15 1
7 80 1
44 85 3
88 95 3
7 60 4
49 39 2
59 46 4
61 10 2
50 21 1
88 9 4
9 5 2
59 12 1
59 34 1
45 84 2
57 41 1
4 57 1
17 61 4
14 47 1
96 5 2
37 34 3
40 26 4
8 99 1
85 22 3
95 80 3
