4900 100
0 21 9
0 85 2
85 95 3
95 69 5
69 27 5
95 78 4
78 19 8
69 32 2
21 71 1
85 39 2
95 6 8
19 15 7
27 59 1
0 66 6
95 52 2
52 70 8
85 48 2
66 30 4
39 47 4
32 68 8
48 99 7
19 74 7
6 64 2
15 31 1
30 42 7
27 37 8
66 49 7
69 98 5
85 86 6
98 89 1
86 14 6
49 46 4
70 60 2
71 34 8
32 25 3
25 51 9
42 92 1
42 26 9
46 28 4
85 3 8
14 84 2
51 55 1
66 97 2
52 10 9
25 8 8
19 45 2
19 12 7
34 56 2
52 91 1
14 36 7
59 82 8
21 41 4
64 44 2
84 81 6
46 54 8
25 83 3
66 17 8
74 76 3
32 9 1
30 79 1
8 75 6
76 7 6
9 29 6
42 58 3
45 94 8
10 23 8
7 24 1
94 18 7
21 38 7
54 67 8
17 33 8
28 73 8
56 65 3
71 40 5
64 11 2
44 72 7
97 43 5
55 77 7
45 90 9
68 87 4
34 13 7
78 50 6
67 1 9
54 93 3
36 62 6
64 16 7
52 4 1
54 61 6
32 53 5
58 2 1
40 20 7
45 57 4
44 88 3
48 63 4
47 35 2
82 96 9
51 22 3
79 5 9
77 80 8
41 35 3
11 92 2
29 89 3
83 31 2
92 8 4
67 71 4
12 98 3
23 81 4
99 56 2
15 42 1
73 60 4
65 85 4
26 50 2
88 66 2
51 72 3
9 42 1
32 95 1
14 61 2
74 35 3
59 3 1
45 33 1
23 76 1
64 69 4
69 59 4
63 72 2
45 39 1
23 29 1
13 88 2
1 45 3
45 48 1
65 27 4
36 93 2
24 40 2
40 99 3
66 7 4
82 48 3
27 3 2
89 20 1
45 59 1
13 67 1
3 76 2
61 43 2
51 36 1
67 58 4
53 22 2
61 72 2
54 45 1
76 68 4
6 59 4
62 25 1
59 97 4
69 77 2
94 67 3
99 3 2
43 90 4
87 70 4
69 22 2
64 89 2
39 74 4
74 98 1
6 15 1
43 60 3
95 0 2
92 47 2
33 49 3
5 75 1
7 31 4
10 39 2
55 57 3
54 0 3
91 83 1
4 12 4
15 7 1
71 17 4
8 45 1
69 47 1
24 56 1
91 60 2
37 20 3
51 52 2
39 3 1
81 21 3
92 5 4
15 43 3
50 37 4
62 56 2
42 47 3
60 37 1
46 37 4
10 81 1
4 58 3
83 46 4
87 12 1
26 70 1
23 99 2
30 58 1
68 43 2
86 1 2
93 49 3
16 86 1
4 21 4
94 26 4
99 44 1
88 94 4
27 81 1
17 75 4
51 30 4
69 34 1
66 10 1
40 27 1
77 10 4
77 26 1
64 67 1
99 29 2
11 50 1
93 15 4
40 15 4
93 10 2
60 78 2
46 30 1
16 8 4
70 2 4
43 20 3
38 37 3
69 70 3
77 56 1
1 32 2
64 17 4
59 72 1
40 73 3
19 84 1
19 66 4
88 54 3
98 70 1
22 6 3
62 13 4
3 75 3
89 97 3
8 58 3
70 46 4
11 6 2
77 89 2
19 61 3
52 66 3
92 39 2
91 37 2
73 5 1
43 5 2
3 33 4
16 37 1
1 97 1
67 3 1
45 37 3
26 51 1
9 50 3
1 57 4
54 53 4
42 20 2
9 16 1
13 10 2
53 17 3
67 52 1
31 40 4
34 31 4
18 51 3
52 94 1
79 81 1
29 94 4
93 74 4
70 30 1
28 56 4
25 31 3
28 80 2
60 8 3
4 98 2
72 56 3
14 90 4
49 76 2
93 86 2
48 75 3
21 6 2
46 86 2
40 5 3
10 62 4
14 38 1
45 89 3
99 14 3
3 16 1
15 65 4
31 49 1
63 70 2
30 4 1
11 3 4
79 20 3
61 76 4
10 96 1
10 75 3
43 57 4
70 7 3
10 28 3
93 69 1
0 56 4
84 92 3
58 72 3
71 54 1
49 24 2
52 42 1
52 48 3
61 30 4
49 21 1
17 69 2
25 60 4
63 41 3
44 9 4
60 13 1
71 82 1
33 93 2
76 24 3
30 36 3
80 24 1
95 60 1
59 0 1
12 94 1
13 0 1
17 12 3
2 37 3
91 79 2
85 75 4
94 83 3
38 47 3
34 98 4
91 77 1
99 42 1
95 51 2
44 76 3
68 67 2
35 29 2
98 8 4
53 69 2
59 83 2
76 90 2
40 46 1
75 54 4
31 29 1
70 77 1
22 25 3
5 42 2
2 29 4
12 93 4
81 15 4
62 74 3
98 2 1
32 89 3
24 68 1
8 67 2
95 3 2
68 42 4
28 90 4
74 25 1
87 16 4
87 57 1
58 31 3
65 35 1
64 50 3
83 39 1
49 62 1
17 22 3
96 12 1
97 2 2
1 14 1
86 35 4
96 75 4
48 51 1
22 65 4
43 14 2
11 58 3
86 13 2
90 40 1
50 15 1
10 22 4
99 46 2
95 83 1
41 64 3
23 63 4
84 37 2
78 68 4
23 31 4
3 92 4
48 27 4
54 91 4
36 57 3
49 52 1
10 94 3
55 91 3
35 11 2
25 49 4
55 66 4
67 45 4
91 31 2
44 65 2
26 45 1
7 9 2
92 48 4
92 43 2
7 21 3
97 50 1
71 57 1
56 93 1
77 40 3
97 7 1
90 65 2
47 10 4
24 84 2
52 73 1
92 49 1
35 56 3
57 12 1
30 47 2
73 39 4
17 59 1
84 28 4
12 6 1
99 24 4
82 31 2
71 60 2
23 3 2
11 99 1
66 77 1
20 55 1
6 14 3
28 86 3
38 74 1
26 69 3
12 7 4
5 95 3
76 13 1
77 23 2
60 19 3
69 9 3
20 56 4
92 1 4
48 68 4
42 67 3
99 98 3
35 93 1
83 96 2
48 3 4
71 30 4
53 97 2
45 30 2
43 47 1
86 17 2
58 97 4
82 19 3
61 37 3
15 9 3
33 48 2
11 74 2
78 0 2
33 51 4
68 99 3
20 51 4
92 91 4
66 63 1
1 38 2
22 48 2
33 8 1
43 6 1
92 72 4
61 80 3
15 61 1
45 5 2
22 92 3
74 28 4
22 24 2
62 64 1
14 13 1
44 87 4
99 82 3
29 42 4
23 11 1
79 2 4
39 26 2
51 88 4
78 40 4
63 25 2
54 83 3
33 94 2
72 17 3
57 97 3
30 26 3
47 76 2
39 84 3
91 7 2
87 15 1
84 40 1
16 6 1
36 78 1
43 72 2
51 28 2
41 15 1
55 58 4
69 97 4
1 65 1
35 39 4
60 22 4
67 29 3
87 30 1
5 38 2
8 99 1
55 3 3
49 27 1
32 37 4
37 79 4
68 81 2
28 7 4
12 28 2
28 19 3
97 81 4
15 34 4
21 26 2
66 4 4
88 77 1
10 91 2
31 26 3
0 76 1
36 9 2
62 52 1
49 86 4
97 91 2
50 31 4
28 3 4
99 74 1
75 0 1
35 70 3
16 68 3
37 87 1
15 94 3
22 44 1
72 32 4
83 8 4
17 99 3
29 11 1
64 83 4
7 98 3
20 19 4
52 9 3
5 74 4
80 12 1
54 20 3
23 15 2
34 60 2
52 64 4
6 45 3
51 46 2
46 58 1
7 20 1
15 59 4
89 34 4
15 12 4
98 66 4
97 83 1
18 53 3
10 25 2
71 75 1
8 85 4
49 67 3
97 46 4
68 49 4
30 34 3
54 8 2
44 90 1
60 58 3
67 44 1
85 34 1
39 18 2
44 45 3
56 79 1
48 8 4
48 97 1
30 86 4
33 77 4
54 70 2
26 99 1
19 48 1
9 87 1
30 12 2
66 65 4
51 49 4
18 42 2
54 37 3
98 24 4
8 59 4
21 23 2
42 56 2
32 79 1
55 65 3
48 25 2
96 4 2
14 47 1
65 43 3
21 58 4
46 43 3
57 99 3
52 28 4
7 10 2
97 28 1
89 88 2
64 2 4
69 80 4
6 60 2
35 63 4
67 28 1
42 38 4
1 23 1
15 10 2
6 83 1
89 59 4
51 38 2
97 79 2
13 77 4
74 81 2
94 69 1
21 59 1
79 44 2
96 77 1
13 66 1
5 80 4
72 21 4
82 52 2
3 44 2
78 17 2
47 84 4
24 62 2
81 93 4
30 75 2
16 13 2
45 75 4
23 95 4
82 54 3
47 83 1
75 52 1
73 91 2
3 53 3
28 98 4
40 72 3
82 1 1
26 18 2
4 64 3
6 88 4
14 68 3
51 13 1
91 43 3
18 49 4
57 33 2
37 62 1
58 28 2
77 62 3
50 19 1
93 30 3
30 7 2
68 93 1
85 79 2
71 53 1
50 91 3
3 51 3
26 19 1
78 2 2
81 94 2
74 59 3
39 96 2
2 9 3
23 4 2
78 4 3
87 2 4
50 13 4
64 20 3
18 54 2
3 97 4
55 59 4
81 60 3
14 60 3
94 44 3
21 95 1
15 16 4
19 52 4
88 84 4
11 85 2
66 47 1
14 76 1
95 99 4
94 36 2
64 38 1
18 74 4
93 51 3
57 29 4
2 32 2
43 24 2
81 54 2
18 84 4
17 8 3
54 3 4
0 84 3
92 74 2
93 31 4
52 41 2
98 87 1
98 1 1
34 61 1
5 25 4
95 66 2
49 60 3
89 14 4
30 80 3
32 90 1
23 27 4
44 32 1
52 40 3
43 41 2
15 8 2
45 9 3
34 97 1
8 74 4
84 85 1
0 14 2
91 12 2
88 59 3
56 54 2
60 26 1
78 29 2
3 60 1
13 45 4
78 72 2
89 22 2
88 7 4
39 91 1
86 44 4
50 22 1
71 6 4
68 64 1
12 26 1
40 47 1
27 53 3
69 91 1
93 17 2
92 60 1
22 78 1
17 11 4
81 89 1
46 21 4
9 1 4
86 59 3
35 26 1
44 31 1
14 3 2
38 27 1
71 85 3
96 5 4
78 74 2
12 79 3
57 60 3
92 33 2
95 22 1
70 28 1
25 37 4
11 32 1
50 4 2
15 39 3
34 84 3
63 11 2
9 62 3
93 88 1
82 79 2
28 75 3
8 55 4
12 68 1
32 84 3
83 40 4
41 68 1
44 62 3
26 25 4
59 31 4
61 41 3
33 97 4
35 40 4
73 59 2
73 67 2
68 15 3
7 35 3
7 33 3
1 84 2
13 69 1
15 36 4
89 49 1
77 68 3
40 45 4
86 67 2
81 76 3
16 96 1
90 16 1
25 56 3
86 40 4
65 57 1
10 68 2
20 63 4
84 75 1
99 21 1
34 23 1
18 35 4
46 4 1
42 81 2
69 4 2
58 52 2
78 35 3
84 79 2
84 87 4
14 95 3
73 0 1
33 60 2
29 92 4
39 61 4
5 16 2
4 0 4
68 1 1
63 29 2
30 33 1
25 1 3
70 51 2
59 68 3
62 5 4
55 24 2
5 88 2
41 3 2
93 79 3
86 83 3
4 47 1
98 84 2
32 64 1
77 78 1
95 57 2
30 6 3
70 5 4
6 8 2
36 76 1
95 53 1
54 2 3
92 41 2
69 48 2
8 49 3
9 14 4
15 98 2
70 53 4
90 99 4
89 40 3
39 5 2
62 51 2
93 34 2
34 26 3
97 63 2
9 12 2
56 9 1
92 79 2
49 99 3
39 67 2
74 80 4
56 7 2
81 29 1
4 60 3
23 44 4
56 12 4
89 57 4
83 77 1
40 75 1
3 50 4
46 5 3
14 16 2
49 45 3
66 46 1
50 33 3
89 16 3
3 49 3
74 44 3
7 1 3
23 90 4
12 13 3
19 58 3
23 73 1
27 82 3
19 8 3
89 7 3
63 86 2
5 69 1
63 30 4
48 70 2
29 17 4
40 17 1
60 54 3
79 10 1
79 13 2
52 32 2
98 68 1
6 25 3
83 45 4
39 63 4
5 10 4
8 90 3
3 24 1
47 21 3
15 56 4
97 16 4
65 34 1
31 30 4
90 22 4
40 60 1
65 20 3
68 13 4
17 16 2
26 56 1
50 35 3
16 88 1
77 51 1
90 89 2
14 29 3
94 93 3
82 42 4
98 17 1
17 25 1
78 41 3
96 40 4
12 90 1
13 55 4
28 71 2
6 63 2
0 27 3
58 65 2
73 20 3
44 66 2
18 19 2
16 67 4
19 77 3
83 48 3
45 25 1
88 52 2
57 51 4
3 70 4
64 60 3
24 28 3
38 50 1
45 72 2
41 76 3
97 21 1
97 32 1
90 92 2
33 56 1
5 53 4
96 31 1
2 35 4
14 22 1
10 44 2
33 84 4
21 64 3
94 17 3
68 6 1
96 67 3
53 83 2
46 65 2
34 22 4
63 58 2
63 31 1
63 89 3
9 11 1
11 8 2
94 1 1
45 92 1
90 26 2
17 36 4
6 19 3
64 58 4
95 79 2
7 85 3
1 99 1
79 21 3
36 66 3
47 77 3
62 50 3
72 23 1
91 41 3
58 57 3
6 4 1
48 11 2
90 81 2
2 3 4
92 24 1
22 39 3
44 0 3
81 34 4
15 84 1
91 96 2
89 55 2
40 50 2
31 92 2
74 2 3
24 27 3
57 76 1
97 62 1
60 9 3
68 20 3
48 56 1
49 5 1
38 46 2
64 95 2
4 68 2
37 52 4
21 53 4
8 81 4
58 38 3
86 21 1
33 16 4
62 53 2
7 5 3
62 48 4
4 84 2
31 84 2
80 85 3
74 40 1
37 22 3
15 90 3
88 78 1
29 96 4
19 25 2
69 1 1
47 97 2
72 76 4
4 70 3
25 21 4
40 4 3
44 7 4
91 84 2
59 7 3
76 39 1
64 43 4
84 8 1
61 93 3
75 67 4
75 91 3
85 21 2
31 10 1
27 54 2
78 8 3
22 63 4
9 33 4
7 80 3
64 12 4
72 10 4
61 94 3
2 48 3
14 66 3
54 76 1
85 28 1
40 22 2
41 0 4
86 31 2
20 14 2
70 80 4
3 66 1
18 3 1
3 89 3
24 94 3
33 38 1
9 39 2
70 97 2
0 81 1
17 70 2
98 57 2
33 22 1
19 93 4
22 75 3
70 88 4
31 9 4
4 25 2
48 90 3
35 87 4
45 63 3
57 90 4
30 96 4
34 42 3
64 49 3
80 25 1
16 18 1
93 48 3
50 87 3
77 73 3
89 56 2
42 23 1
49 2 2
56 5 3
78 7 3
40 30 3
26 36 4
82 76 4
21 24 2
35 33 2
67 47 4
37 0 4
25 3 4
54 62 3
32 19 4
42 41 4
95 89 1
58 41 4
72 18 3
11 45 3
64 90 1
10 89 1
60 79 4
25 68 4
58 35 4
50 98 3
93 41 3
26 76 4
97 71 2
44 47 4
78 71 1
26 82 3
59 67 4
91 49 2
14 56 2
78 14 2
55 1 1
75 15 4
94 62 3
83 19 4
95 86 3
59 10 3
34 67 1
31 68 3
63 24 3
37 92 1
13 83 2
63 78 1
44 35 2
93 71 1
84 65 4
42 1 1
2 77 4
41 99 4
94 28 4
24 38 3
54 64 1
64 84 1
53 34 3
36 40 1
36 90 1
48 95 3
86 78 4
93 85 1
34 33 2
63 87 4
3 35 3
39 69 2
76 34 2
61 29 1
24 95 4
99 78 2
97 55 1
23 68 3
23 7 4
27 4 4
94 72 3
38 41 1
6 77 4
92 10 2
0 50 1
51 1 1
0 62 3
60 45 2
77 12 2
89 42 1
45 73 3
76 62 4
36 13 2
18 59 2
53 10 2
0 8 1
15 49 4
52 83 3
59 54 1
36 82 3
12 5 1
97 36 1
14 50 3
39 54 3
41 8 1
23 51 1
84 17 3
79 3 4
80 53 1
76 18 2
31 27 1
10 27 2
54 95 1
51 81 1
31 62 2
28 1 4
89 92 2
19 30 3
50 77 1
26 62 2
40 14 3
9 72 3
36 89 3
14 41 4
82 94 2
35 31 3
75 11 4
98 92 1
23 91 4
69 14 2
40 61 1
11 97 4
8 72 4
98 58 2
70 57 1
3 38 1
98 76 4
55 94 4
13 8 2
20 18 4
52 20 3
68 71 1
89 35 2
78 76 2
84 71 4
36 45 3
66 38 1
34 66 1
93 44 4
39 82 4
36 19 4
81 62 1
11 12 3
75 7 2
10 4 3
28 6 2
45 43 3
95 70 2
39 79 3
11 83 3
5 47 4
12 29 2
1 31 3
59 19 2
58 9 4
25 9 3
37 28 3
72 0 3
99 38 1
14 27 4
75 2 3
6 58 2
13 6 4
70 42 3
65 13 4
8 28 3
20 80 4
36 34 1
53 61 4
74 66 1
94 70 2
76 88 3
72 42 1
72 98 3
99 9 2
50 80 2
11 19 2
4 3 1
7 63 2
29 69 2
57 73 2
87 31 2
5 29 1
7 34 1
36 52 2
89 31 3
17 31 1
93 99 2
26 10 1
28 65 3
78 20 2
72 99 3
95 18 1
41 90 3
90 66 4
62 33 4
15 97 1
97 18 1
32 60 2
49 0 2
3 47 3
50 7 1
52 43 3
13 73 2
42 86 1
43 28 4
33 74 2
53 78 4
47 17 4
76 16 1
5 27 4
84 68 4
83 43 2
38 80 1
21 75 1
0 92 3
30 78 1
39 25 4
63 96 2
80 47 1
0 64 4
19 67 4
47 70 2
13 53 1
85 32 3
8 34 1
26 75 2
87 62 3
79 7 4
15 21 4
49 28 3
83 99 4
22 38 1
35 38 2
95 62 2
77 44 1
48 36 3
14 82 1
27 29 4
66 27 2
35 15 4
19 64 1
29 91 2
65 6 4
4 51 4
17 19 4
50 23 1
76 92 4
12 95 4
51 45 2
28 63 1
87 49 4
47 12 2
15 38 2
24 82 1
11 1 3
19 98 4
49 78 4
83 76 4
82 85 4
61 21 4
59 39 2
73 93 1
66 35 4
97 99 4
17 55 4
44 8 3
54 42 2
51 97 2
29 88 4
43 32 4
76 93 4
95 90 1
71 72 1
76 45 1
74 47 4
98 9 4
41 11 4
68 27 3
41 17 4
8 4 4
95 77 1
50 32 2
94 6 3
33 66 2
73 49 1
90 55 4
1 48 4
67 48 4
85 51 3
12 22 3
89 75 1
55 19 1
91 63 2
38 91 2
37 12 4
45 32 1
38 43 4
56 29 3
66 71 2
77 0 4
8 40 1
1 81 3
25 65 1
5 8 4
4 39 3
67 22 1
86 88 1
10 11 3
70 33 4
87 40 2
28 62 1
52 6 4
93 24 2
32 26 1
83 51 1
67 92 2
10 50 4
77 1 1
89 48 2
46 75 2
81 22 3
50 48 1
7 65 1
19 89 1
19 63 2
53 30 3
43 34 3
24 39 2
41 16 1
34 49 4
65 92 2
12 36 2
25 89 3
94 80 2
91 72 1
68 17 4
80 49 1
3 6 1
33 85 3
60 30 2
58 26 3
19 0 4
67 84 2
73 10 2
39 99 2
0 29 2
83 88 3
76 46 2
39 52 1
11 73 4
55 73 3
59 91 4
68 8 3
55 56 4
80 32 4
14 59 4
70 14 4
38 16 4
46 0 4
76 43 4
13 48 1
88 47 3
41 72 1
79 47 3
96 86 3
9 70 3
14 65 3
17 96 2
83 66 3
1 46 4
29 64 3
18 87 2
73 70 3
15 72 1
93 4 2
61 88 2
29 3 2
95 93 1
84 27 4
32 46 1
11 67 3
97 90 2
47 64 2
80 46 2
30 67 1
10 0 4
85 56 3
33 26 4
89 2 2
36 33 2
51 87 2
12 48 4
9 64 3
50 52 1
42 66 1
1 29 4
24 32 2
83 36 1
48 94 1
97 6 4
86 8 3
9 19 3
92 56 1
20 50 2
25 64 4
15 79 4
26 3 3
27 35 4
95 7 2
74 37 2
93 3 2
15 51 3
73 76 1
48 24 1
81 26 3
10 86 4
26 59 1
83 23 4
46 19 4
57 69 2
62 46 1
83 0 3
56 39 1
81 25 1
77 37 1
50 45 1
69 35 4
74 77 1
50 75 4
42 61 4
68 3 3
55 98 1
54 17 1
42 80 4
18 96 1
25 14 3
66 22 3
61 81 2
41 39 2
53 94 2
27 17 1
8 73 1
29 60 1
58 89 1
34 2 1
53 35 1
41 10 1
87 72 4
24 83 3
92 26 4
24 50 4
77 54 1
47 63 2
24 26 4
30 50 2
72 73 2
17 28 2
45 84 1
74 42 2
39 87 3
52 97 3
41 96 3
31 37 2
83 7 3
73 65 3
94 19 1
63 18 1
16 29 4
94 51 3
0 42 2
67 69 4
5 22 2
3 17 3
44 69 1
65 38 3
71 69 2
98 16 4
86 82 3
98 13 3
80 62 2
66 39 2
75 38 2
46 98 2
71 83 4
17 62 3
68 63 1
6 86 3
62 67 1
52 56 4
3 12 1
13 44 1
1 58 4
86 91 4
13 74 3
26 85 4
50 49 3
77 22 3
9 94 3
38 49 2
20 3 3
4 53 1
88 35 3
73 16 1
41 47 1
23 94 2
27 87 1
87 88 4
40 28 2
28 45 2
61 24 3
30 84 4
89 96 1
37 68 1
25 24 3
92 78 3
78 48 3
27 44 4
1 52 4
44 56 4
62 32 1
27 64 3
37 70 3
35 43 3
14 85 1
86 94 2
84 56 2
86 84 1
22 8 4
80 89 1
66 26 1
53 20 1
76 86 4
74 24 2
58 66 3
72 68 2
45 98 2
52 11 3
48 96 2
21 36 4
39 88 4
98 36 3
67 80 1
28 30 2
21 29 1
11 42 3
52 23 3
86 79 2
23 92 3
71 77 4
23 54 2
69 45 3
15 1 1
99 34 2
44 20 4
70 74 4
36 20 2
71 18 3
48 41 4
25 13 1
6 70 3
3 21 2
86 87 4
52 65 3
55 0 2
28 83 2
80 66 3
5 17 4
89 15 2
23 20 3
12 74 2
33 89 2
33 25 4
90 21 2
79 53 1
95 91 2
22 57 2
56 71 3
46 13 1
35 96 3
47 91 4
50 92 4
18 60 1
1 12 4
58 82 1
9 75 2
13 81 4
55 85 2
96 1 4
13 7 3
82 81 2
41 40 3
47 46 2
93 83 1
19 99 4
92 54 2
71 27 2
28 55 4
81 48 2
14 42 2
64 51 1
69 58 3
89 68 2
37 73 1
15 54 3
58 68 1
96 70 1
95 71 1
85 52 2
9 61 4
74 23 4
77 79 2
20 88 4
62 40 1
49 11 3
73 7 4
27 56 1
83 60 2
53 84 1
7 36 4
90 78 3
47 96 4
82 18 1
15 91 2
57 19 3
53 59 3
33 1 2
41 50 2
11 46 2
83 82 2
16 99 3
9 26 2
1 64 3
2 72 4
8 91 1
71 32 2
60 51 4
3 1 3
27 41 3
93 59 2
50 73 1
23 2 3
73 25 3
53 90 2
77 9 2
63 43 2
72 74 4
69 99 1
77 31 1
1 39 3
47 9 2
74 60 4
30 38 4
27 20 2
22 98 4
94 60 2
17 26 2
39 70 3
66 84 4
54 38 3
17 85 2
86 69 1
55 7 3
40 7 2
77 59 3
81 95 1
19 23 1
43 49 1
10 1 2
39 81 1
5 33 2
70 45 4
10 71 2
5 9 3
64 78 4
82 28 2
75 44 2
67 55 4
89 50 3
85 31 2
27 73 2
3 45 4
53 75 4
43 67 3
46 39 2
9 74 4
72 12 1
70 40 2
63 16 1
3 31 3
18 23 3
18 62 2
64 75 3
43 70 3
97 24 3
98 91 1
52 18 4
44 1 2
99 18 3
84 12 1
39 49 3
39 31 4
93 23 2
65 87 2
16 75 4
8 61 1
93 18 3
81 7 3
79 74 1
86 71 2
99 91 1
44 70 2
1 13 3
16 12 4
30 98 2
61 50 4
44 81 2
23 46 4
33 81 2
18 29 1
11 68 1
68 65 3
34 12 2
43 3 4
74 85 2
9 97 4
24 65 1
25 15 3
83 81 3
29 90 2
3 61 3
47 1 3
62 91 4
36 84 1
51 53 1
13 21 3
80 73 2
5 23 3
97 14 2
63 38 4
41 69 3
73 1 4
90 54 4
68 47 2
0 53 1
69 75 2
78 93 4
36 99 1
49 82 1
89 21 3
33 32 3
85 10 3
86 43 3
61 7 1
46 10 4
32 73 2
3 30 3
85 25 4
69 81 1
20 81 1
73 98 3
58 96 2
84 57 2
16 28 1
5 84 2
25 93 4
43 80 4
47 18 4
91 2 2
36 73 1
24 60 3
76 25 1
41 20 2
7 57 2
79 83 3
77 64 3
90 51 4
48 15 4
22 96 3
89 91 4
62 68 3
40 12 1
80 23 2
55 10 3
15 88 3
37 10 1
5 97 3
4 80 1
9 49 4
34 94 1
99 6 3
19 2 4
55 68 3
0 52 2
96 54 3
37 36 2
0 31 1
64 65 4
39 94 1
25 55 3
58 93 3
56 46 3
85 72 4
47 60 3
9 3 2
91 5 2
20 49 3
26 63 1
45 31 1
82 32 4
50 8 3
63 94 2
35 83 2
14 64 4
38 56 3
96 79 4
4 5 2
56 82 2
33 88 1
86 68 3
58 16 2
49 10 4
71 8 2
40 2 3
5 20 4
89 46 2
37 19 3
44 51 3
24 79 2
58 23 2
1 87 1
41 73 3
81 12 4
86 45 4
84 89 3
40 57 4
1 89 1
87 21 3
78 57 3
27 30 4
41 84 3
54 63 3
94 73 2
43 96 1
41 23 3
79 72 1
21 80 3
74 29 4
83 9 4
61 22 3
72 80 4
52 2 3
80 96 3
63 34 1
64 74 4
28 0 1
91 14 1
60 20 4
57 62 3
71 87 4
92 87 3
36 5 1
10 63 4
90 17 2
0 90 2
79 16 4
28 92 2
28 38 3
5 30 3
13 99 3
36 38 4
20 11 3
60 48 2
81 72 1
67 74 1
52 35 4
7 64 3
4 41 2
69 16 2
45 46 3
55 14 2
95 72 4
86 92 3
93 55 4
80 56 4
54 52 1
92 20 4
17 50 2
83 16 1
84 25 3
17 57 2
5 55 1
26 8 3
89 51 1
2 33 4
94 75 3
23 8 1
79 40 1
42 93 4
13 43 4
24 10 1
39 89 3
75 90 3
25 41 2
32 67 4
14 74 3
53 64 3
53 58 4
33 63 3
54 1 3
91 51 4
38 96 4
58 77 1
61 17 3
13 87 3
91 74 4
56 36 4
95 17 2
35 22 4
92 81 3
97 26 2
82 30 2
46 48 3
22 16 2
5 41 3
55 32 1
73 83 2
55 9 4
58 32 4
21 30 2
24 19 3
34 82 2
97 8 4
40 18 1
55 99 4
27 61 3
2 21 2
51 67 1
53 49 4
74 53 4
6 73 4
90 3 1
39 28 2
70 62 3
23 16 2
69 54 1
14 52 3
90 7 1
88 97 1
68 66 2
1 2 3
60 21 3
63 92 3
53 47 1
79 54 4
72 25 1
56 32 2
9 81 4
69 6 2
51 24 1
23 87 2
70 15 1
35 0 1
65 94 2
54 84 1
44 89 2
41 24 3
39 34 1
48 74 2
79 1 4
0 47 1
82 21 2
88 68 4
50 29 2
99 4 3
43 44 1
51 8 1
11 51 1
50 6 4
75 80 1
15 17 3
53 52 1
87 85 1
37 4 3
11 59 2
46 36 1
54 26 3
44 39 2
12 49 2
58 78 4
78 91 2
29 51 4
34 29 4
93 7 4
57 61 2
36 61 3
40 94 1
27 16 3
48 64 4
20 97 2
88 57 2
39 11 1
14 37 2
40 82 4
67 57 4
63 21 4
87 25 1
68 61 2
89 26 2
4 61 3
46 74 4
1 85 2
38 72 3
7 38 4
36 50 1
64 71 4
76 89 2
63 79 1
98 94 3
74 56 4
98 43 3
33 39 4
4 43 3
58 81 3
62 22 3
56 10 3
84 13 2
6 82 4
50 42 4
2 86 3
53 86 4
62 61 1
13 92 3
6 42 3
32 29 2
61 60 1
98 6 3
92 66 4
76 19 3
31 13 1
82 12 3
4 48 4
63 40 1
83 33 1
87 10 1
52 17 1
61 45 4
84 78 3
60 1 3
89 18 4
19 35 4
12 67 3
11 30 1
4 72 3
67 79 4
59 98 1
50 59 1
54 87 1
98 61 3
24 44 3
36 79 4
43 27 1
50 43 2
31 20 1
36 96 4
75 58 4
57 50 1
3 88 2
76 48 3
77 38 1
24 34 3
38 82 3
55 40 1
51 14 2
31 66 1
16 72 1
93 0 2
27 50 4
34 25 1
89 70 1
78 18 2
48 53 3
95 13 3
81 73 1
49 74 3
88 58 3
99 12 1
9 78 3
66 60 1
79 22 1
51 47 4
3 63 3
21 19 1
11 76 4
68 50 2
52 86 1
47 23 2
2 69 3
86 3 4
21 16 4
57 85 3
73 97 2
67 27 2
2 68 1
69 37 3
91 24 1
41 55 1
98 60 4
38 76 1
37 96 2
4 1 1
30 59 1
56 87 1
14 72 2
94 97 2
96 28 2
80 40 2
9 93 4
54 43 4
66 53 4
16 26 3
85 6 1
56 91 4
90 87 1
71 39 4
79 49 1
24 30 4
78 16 1
84 55 3
96 98 4
92 2 4
82 4 1
0 1 3
73 24 4
39 19 4
54 9 4
55 79 3
60 96 2
41 54 1
24 8 4
66 64 1
55 43 1
76 58 3
44 29 2
91 0 3
49 56 4
9 43 2
98 10 2
27 55 1
8 66 2
23 67 3
20 85 4
17 6 4
89 52 3
72 19 3
97 29 1
15 78 4
37 11 2
82 29 2
28 33 1
49 29 3
52 15 4
79 6 1
3 87 1
77 98 2
13 97 2
66 81 1
39 86 4
92 46 3
69 60 2
67 90 1
14 71 2
39 95 2
5 61 2
38 67 1
63 49 1
85 5 4
96 25 3
38 10 4
15 13 4
61 79 4
98 18 1
25 53 2
94 3 2
6 27 3
20 16 3
9 6 4
23 96 3
75 14 4
72 33 4
18 8 2
84 2 3
17 34 2
5 26 2
88 25 1
31 28 3
67 95 4
65 74 2
11 70 2
9 68 1
54 49 3
59 64 3
48 49 4
11 4 2
96 61 1
73 75 3
28 11 3
66 59 1
92 83 2
44 50 1
98 80 4
73 44 3
28 53 2
39 43 3
99 75 2
35 81 1
47 19 2
82 78 1
1 59 4
71 4 2
82 74 3
17 1 2
72 62 3
24 53 4
82 45 3
52 84 4
32 98 4
88 74 3
55 83 1
97 42 2
70 1 1
96 66 2
85 30 3
42 31 2
34 1 2
58 12 1
71 23 2
69 19 1
85 58 2
44 83 4
92 36 4
35 67 1
21 76 2
54 85 3
79 78 1
65 93 3
11 93 2
68 79 2
58 79 2
11 72 2
61 67 4
40 10 2
86 99 3
52 57 2
74 63 4
33 80 1
44 18 1
34 75 2
53 19 3
65 3 2
10 33 2
59 37 4
46 90 1
56 2 4
49 4 1
23 57 3
10 88 4
66 51 2
14 10 2
28 2 4
26 64 1
56 57 1
0 98 2
49 16 2
35 49 3
22 9 4
97 37 3
99 20 3
82 23 2
39 64 2
85 66 2
89 47 2
25 40 4
65 47 3
13 4 3
26 52 1
84 82 3
97 77 3
34 91 2
79 71 2
14 58 4
85 64 2
3 78 2
29 45 2
79 75 1
30 89 1
83 4 3
81 71 4
53 40 1
10 84 3
83 41 4
86 0 3
97 23 2
28 50 2
41 94 2
45 96 1
40 43 1
42 17 3
3 64 2
67 50 2
18 70 3
47 22 4
88 65 2
30 73 4
54 72 1
13 49 2
61 11 1
13 91 4
87 41 3
74 31 2
66 28 1
60 39 3
55 38 1
25 43 3
24 64 4
41 28 4
11 90 2
32 66 4
33 43 1
62 82 4
47 49 3
13 57 1
70 55 1
95 92 3
27 28 3
86 62 2
30 32 4
84 6 1
26 67 3
73 9 2
18 15 4
11 54 2
59 28 1
55 36 3
47 2 4
93 22 3
87 83 4
90 84 2
95 27 1
47 20 3
24 69 4
38 61 1
27 88 1
59 49 3
32 70 4
84 22 1
21 22 1
13 70 1
74 16 3
49 61 2
61 56 2
65 54 4
87 29 4
73 64 1
51 12 2
50 86 2
5 58 4
8 52 1
34 40 4
19 7 3
43 56 2
41 81 1
9 18 3
78 33 3
97 49 2
98 27 2
77 49 3
40 11 2
11 79 3
21 33 4
35 85 1
50 58 4
95 47 2
29 77 2
89 54 3
46 52 4
58 51 1
96 95 1
87 66 3
42 79 2
20 87 1
71 70 1
99 32 2
15 29 3
51 34 4
18 30 4
82 20 2
16 50 3
45 16 1
99 31 2
9 96 1
88 41 4
57 81 3
95 35 1
24 52 2
75 68 1
60 65 4
55 87 1
79 19 3
30 52 3
63 62 1
15 64 2
65 89 1
88 0 3
65 30 2
67 93 1
83 29 2
31 56 2
53 67 4
2 44 1
32 38 3
78 51 1
88 50 4
5 83 4
74 94 4
69 42 3
17 49 4
43 78 3
66 54 4
88 42 4
45 10 3
12 78 1
30 22 4
91 82 2
50 60 1
28 22 2
18 56 1
54 31 1
88 48 2
53 12 4
95 73 4
74 87 3
89 0 2
7 87 3
61 73 1
62 58 4
57 27 3
97 35 1
11 66 1
34 50 1
1 5 2
96 19 2
62 55 2
70 50 4
97 19 4
91 80 4
35 17 2
59 4 2
79 51 4
97 54 3
47 29 3
77 94 3
44 82 3
33 20 1
83 78 4
27 26 1
81 5 1
65 41 2
71 45 3
71 13 2
86 41 2
14 81 4
64 8 2
90 27 4
16 19 1
30 1 3
31 6 2
33 59 1
81 85 4
65 10 4
53 99 2
16 40 3
65 71 4
43 17 1
40 81 2
8 95 4
50 51 2
80 78 4
40 0 2
84 16 3
68 56 1
55 11 4
85 42 3
63 83 3
26 74 4
74 61 3
84 60 4
31 21 1
45 21 4
73 42 2
88 72 1
99 77 4
71 22 4
93 66 4
61 55 1
20 57 2
47 87 3
20 38 2
15 66 2
59 85 1
48 77 2
86 12 4
52 81 1
3 7 3
58 47 2
88 56 3
61 97 3
73 12 2
12 76 1
63 0 2
71 38 3
9 51 1
23 75 1
65 80 4
99 92 2
68 34 3
60 90 3
72 69 3
17 48 2
23 55 1
50 81 1
84 43 3
38 11 3
32 8 2
65 69 1
47 37 2
77 90 1
85 78 4
39 29 2
6 32 1
40 64 2
36 85 1
76 59 4
39 90 4
36 47 2
82 95 2
34 21 3
24 86 4
85 89 3
34 88 1
52 31 2
56 60 4
61 28 4
1 24 2
96 94 1
47 6 3
42 21 1
28 89 1
33 31 3
23 56 3
9 79 2
2 26 1
84 94 3
41 97 2
51 99 3
72 50 2
89 9 3
33 61 4
81 75 1
92 32 4
9 71 4
35 98 2
73 82 4
88 91 2
61 92 3
97 92 2
98 64 1
6 91 3
43 10 3
62 92 3
83 75 3
63 93 2
17 73 2
61 51 1
57 39 3
13 26 1
45 53 1
12 63 4
62 96 2
6 2 3
53 93 3
76 37 4
81 43 1
56 17 4
65 4 2
26 78 1
60 86 4
23 22 1
55 18 1
46 33 1
23 25 2
1 43 3
61 31 1
2 14 2
42 55 1
77 39 1
7 60 4
1 27 3
40 21 4
81 98 3
80 19 3
0 34 2
85 53 1
54 4 4
2 95 2
85 98 4
11 88 4
39 58 1
18 43 4
85 46 2
25 92 2
13 11 4
85 90 3
33 71 2
65 37 2
92 58 2
80 68 1
39 2 3
86 72 3
83 14 3
12 62 1
94 99 2
29 55 4
78 52 3
37 58 1
0 26 2
15 11 1
71 12 2
36 10 4
96 32 4
26 23 4
7 11 4
42 32 4
94 27 3
28 35 2
36 80 3
42 44 4
20 77 3
19 10 4
41 6 3
40 93 3
66 37 4
14 57 4
29 72 2
18 13 1
31 2 4
90 33 3
29 26 4
48 18 1
61 58 1
25 75 1
18 27 1
1 74 4
23 89 2
15 32 2
89 78 2
18 79 2
3 98 3
75 18 1
26 79 4
61 95 3
31 8 3
74 0 4
69 83 4
6 87 3
16 56 1
15 60 4
17 2 4
51 35 3
42 24 3
45 47 4
64 31 2
34 5 1
73 96 1
58 7 1
84 63 4
33 58 4
37 95 2
73 4 4
85 68 2
87 38 1
65 70 1
20 10 4
94 58 4
59 25 3
27 96 1
7 53 4
84 97 1
35 84 3
36 58 4
12 70 2
45 74 1
50 84 1
93 37 4
36 23 3
73 79 4
86 64 1
91 87 4
95 94 3
77 87 2
27 11 1
43 11 3
85 37 2
58 90 4
34 55 2
32 4 2
42 63 1
69 40 2
71 52 3
40 13 1
84 49 1
13 39 2
79 87 3
26 86 4
62 98 4
87 19 4
3 0 1
52 29 1
55 80 2
48 44 4
27 86 3
97 74 4
84 29 3
25 18 1
97 95 1
41 26 1
46 84 4
57 30 2
48 80 4
93 2 4
4 63 2
20 2 1
23 53 1
96 76 1
36 53 4
84 7 1
88 60 3
42 96 2
22 86 1
3 69 3
81 88 2
48 6 1
35 25 3
78 56 1
78 5 4
81 31 4
68 38 2
35 54 4
2 57 4
55 95 3
0 43 1
72 31 3
28 57 3
93 1 3
54 68 1
32 21 1
34 32 4
9 88 2
89 99 3
85 15 1
4 62 1
72 30 1
59 42 3
71 25 4
61 89 4
30 99 4
64 80 4
40 3 2
98 54 4
45 91 3
86 98 1
33 87 2
30 41 4
94 21 4
0 39 3
87 22 1
81 2 1
71 89 3
67 31 3
69 76 4
98 42 1
6 51 1
52 44 1
59 12 4
11 33 3
4 28 1
95 80 1
66 9 1
65 51 2
76 9 3
93 20 1
30 25 3
46 82 1
75 35 2
31 75 2
45 17 1
23 78 4
55 74 2
65 9 3
8 3 2
26 55 2
54 48 4
26 71 3
36 4 4
80 39 1
75 6 3
29 28 1
5 87 2
23 59 4
65 63 1
99 10 4
12 33 1
56 37 4
36 72 3
70 68 1
16 82 3
23 70 1
79 65 2
58 59 1
78 21 2
97 40 3
86 56 3
30 92 3
7 17 3
48 65 3
54 94 1
94 22 1
54 30 4
10 30 3
40 85 1
80 76 2
23 65 1
30 48 4
47 86 4
86 7 4
19 3 2
57 74 1
63 37 3
35 92 3
11 26 1
14 7 4
88 30 4
41 22 4
31 80 3
76 55 1
31 51 4
97 98 3
51 19 3
89 6 4
15 22 4
72 64 2
60 63 1
6 76 3
96 84 1
22 99 2
13 82 1
48 39 3
83 34 4
55 72 3
25 7 1
96 97 3
3 34 4
87 59 1
90 88 2
42 28 4
82 88 3
82 11 4
63 5 4
17 58 1
36 3 2
69 79 3
91 19 4
86 25 3
49 69 1
8 94 3
42 4 4
42 16 1
83 1 4
30 55 4
98 21 1
70 34 1
53 41 2
77 92 3
27 39 2
1 90 2
51 27 3
79 0 2
60 76 3
86 54 4
63 56 2
58 13 1
2 80 3
82 61 4
0 82 3
52 87 2
47 28 1
91 26 1
92 40 1
83 30 2
25 52 1
33 67 4
63 44 4
83 62 3
98 95 2
44 25 4
82 51 1
76 85 3
60 97 2
69 7 4
37 23 3
36 1 2
76 63 1
87 75 2
87 36 2
68 92 1
35 34 3
57 64 4
32 31 4
2 51 3
39 21 2
18 1 2
73 15 2
9 57 3
58 49 3
91 85 4
53 29 2
79 4 1
61 99 2
63 98 4
61 26 3
60 68 4
41 59 4
86 61 2
93 43 4
68 51 4
59 34 4
52 22 4
21 50 4
44 58 4
18 46 3
93 13 2
42 7 4
87 42 3
87 32 1
0 48 1
96 52 4
91 42 3
12 50 2
56 21 1
17 20 4
63 69 1
70 22 1
91 16 1
18 80 1
59 61 1
94 7 3
16 7 1
2 46 3
42 62 3
51 56 2
90 80 4
6 7 2
21 96 2
82 93 2
17 87 3
2 42 3
96 87 3
2 38 4
79 90 2
0 68 3
57 26 3
59 38 3
81 19 4
24 87 1
42 27 1
17 76 4
72 24 3
14 12 4
59 46 4
72 96 3
92 52 4
9 0 2
78 55 2
44 16 3
62 16 2
38 39 2
7 45 1
48 57 2
11 16 4
32 49 2
30 0 2
72 82 1
65 5 4
0 87 1
75 51 1
24 29 2
91 76 4
57 75 4
4 89 4
37 1 1
7 68 2
37 7 3
40 42 2
90 19 4
80 99 4
44 37 4
79 34 4
16 93 2
99 64 3
73 56 4
46 91 4
67 40 3
71 36 2
24 96 2
16 32 3
41 36 4
86 5 2
3 56 4
57 47 2
44 36 1
38 70 4
87 53 1
89 53 1
48 5 4
36 54 4
81 47 2
10 3 2
13 37 4
91 22 4
73 31 1
22 18 2
68 57 1
74 10 2
97 44 4
48 16 3
52 74 1
40 44 1
43 29 4
67 85 4
68 5 4
14 11 3
35 90 2
94 42 3
31 95 3
58 24 3
81 55 2
55 21 1
29 86 4
15 83 2
10 42 1
31 94 4
73 90 1
88 75 4
13 61 1
82 90 1
38 83 2
19 5 4
86 66 3
41 60 4
0 15 3
73 22 4
71 74 3
27 78 3
27 62 1
55 2 3
0 11 1
86 4 3
90 30 4
23 24 3
62 84 3
42 65 1
4 87 2
62 6 2
91 90 3
93 91 2
16 85 1
69 36 3
11 65 4
30 13 4
2 71 1
43 22 1
9 86 4
37 35 2
60 72 1
79 88 1
27 58 4
40 66 2
87 76 1
47 33 3
75 19 1
76 99 3
73 2 3
45 27 3
84 95 1
38 73 1
41 74 3
0 99 1
46 87 3
22 56 1
88 38 3
92 82 2
3 52 2
94 64 2
32 14 3
69 20 4
8 7 1
21 37 2
23 66 2
72 83 2
26 40 3
6 67 3
29 62 4
88 32 3
44 38 4
16 55 3
90 52 4
20 95 2
37 42 2
52 68 4
13 2 1
26 83 3
86 65 1
91 68 3
98 48 1
34 96 3
15 63 3
81 17 3
26 22 1
44 6 4
1 66 2
35 36 4
57 25 2
32 74 4
9 91 4
43 42 4
34 57 4
93 70 4
73 18 1
84 58 1
37 18 1
84 3 1
99 88 3
12 66 1
9 8 4
95 42 4
72 22 1
76 53 2
24 59 2
26 98 4
52 21 4
8 37 2
71 20 2
65 18 1
30 9 2
61 84 4
33 99 1
71 98 4
66 67 4
87 61 3
43 85 2
95 26 4
44 84 1
20 22 1
24 2 1
86 18 2
12 43 3
24 66 3
4 95 3
38 17 2
73 86 4
96 69 1
85 50 3
46 77 2
84 23 1
54 44 3
10 34 2
43 95 4
49 42 1
73 53 2
86 23 3
63 80 4
59 65 3
36 81 1
57 83 2
1 95 3
38 0 4
47 7 2
97 64 1
78 81 4
97 10 1
40 6 1
89 72 2
98 47 3
63 75 2
20 32 2
30 74 2
27 85 3
78 32 3
33 4 1
53 31 1
55 15 4
15 62 3
36 43 4
86 80 3
35 61 3
24 15 2
2 63 3
66 78 2
5 31 3
63 85 2
59 47 1
94 57 1
54 12 2
32 65 4
98 11 1
22 32 4
8 14 4
98 29 2
82 50 4
14 21 1
4 81 4
61 52 2
56 83 2
8 35 2
31 41 1
4 88 2
64 56 2
49 83 4
63 27 2
37 82 4
43 37 2
34 45 4
22 0 4
82 3 2
52 34 2
39 23 4
87 82 4
63 13 3
53 63 4
80 15 2
58 71 1
32 77 3
17 23 2
45 81 1
65 16 2
29 76 3
69 31 3
80 92 3
19 4 1
48 35 3
38 34 1
97 39 2
20 48 2
23 9 2
92 15 3
62 21 3
50 94 3
32 41 1
82 15 2
14 48 2
35 6 4
20 46 2
78 54 4
5 18 1
37 57 1
13 32 1
48 21 3
44 92 3
59 79 2
85 4 3
77 4 3
7 96 2
12 41 2
17 10 4
8 57 2
26 43 1
88 2 2
82 41 3
84 42 4
53 8 1
1 16 3
90 98 1
81 77 4
30 16 3
52 59 2
71 0 1
6 26 4
99 59 3
98 38 1
39 51 2
64 96 1
46 78 4
24 89 2
61 65 3
88 64 2
97 67 2
65 0 4
29 66 2
42 12 1
11 62 1
72 37 3
22 82 2
71 35 2
55 49 4
77 53 4
51 32 1
29 93 3
9 28 3
79 46 1
68 35 1
11 21 1
18 32 2
36 88 2
5 35 2
82 35 3
54 16 3
28 77 3
67 17 3
18 38 2
77 42 3
4 90 2
14 34 4
3 74 4
26 87 4
15 14 3
36 29 4
18 91 3
8 62 3
57 3 2
90 94 2
79 50 3
25 70 3
9 4 4
47 85 1
0 58 4
0 25 2
70 84 4
90 2 2
64 10 1
57 79 2
17 46 3
93 27 3
25 16 4
59 43 3
36 75 4
90 34 1
91 20 3
34 48 3
91 53 2
49 40 4
36 28 4
59 44 2
79 33 1
69 92 3
97 78 3
63 90 1
72 27 3
10 16 1
99 50 3
84 74 3
95 59 2
29 30 1
3 42 1
46 12 3
47 48 2
64 81 2
65 53 1
74 43 3
87 67 1
67 10 4
31 46 1
21 51 2
75 92 2
52 33 4
93 52 1
2 27 4
61 23 3
95 10 3
35 4 1
28 21 2
91 58 1
77 8 3
39 53 4
26 49 1
40 33 3
82 64 3
75 13 2
42 75 2
31 22 3
77 5 1
65 81 2
76 31 3
60 31 3
49 90 2
42 35 3
22 55 4
61 66 4
52 12 4
49 88 1
79 98 2
93 77 1
62 2 2
44 15 1
18 34 1
46 44 2
93 47 3
77 41 1
89 93 3
67 81 1
29 95 4
33 14 1
86 20 4
79 14 1
16 94 4
51 98 4
62 59 3
59 5 1
66 41 2
2 11 3
21 18 1
64 55 1
12 88 3
62 45 1
58 48 2
12 85 4
11 5 1
11 53 3
92 14 2
5 72 1
25 46 1
17 74 4
97 31 4
72 28 4
80 13 1
5 15 3
95 49 1
16 59 4
92 12 4
29 68 2
13 29 4
60 12 3
5 14 1
13 59 3
32 40 2
95 87 3
34 62 1
59 71 2
33 6 4
22 46 2
38 97 3
70 59 3
65 76 2
8 43 1
47 56 1
45 93 2
67 36 3
23 60 1
64 61 1
90 69 1
21 84 1
35 94 4
14 80 4
83 10 4
95 63 2
44 49 2
83 68 2
14 26 3
9 80 1
2 8 4
98 41 4
31 4 4
57 86 3
76 79 3
94 43 1
2 41 2
5 50 3
84 38 4
50 25 2
99 84 3
90 59 2
99 87 2
66 6 2
60 35 1
25 12 3
48 26 2
99 5 3
24 11 3
3 13 2
15 45 1
20 34 2
53 60 4
18 36 3
17 79 1
18 50 3
27 92 3
88 73 2
78 10 3
24 14 2
23 13 2
91 11 3
16 71 4
71 48 2
58 54 2
44 11 3
26 20 1
21 88 1
43 58 1
61 47 3
56 95 4
93 8 1
66 62 1
62 39 4
75 41 2
77 75 3
69 12 4
57 96 1
33 53 2
77 27 1
72 53 2
13 90 2
30 91 1
59 51 3
69 74 3
94 92 2
76 35 1
63 59 3
14 4 3
93 64 4
58 15 1
19 42 4
92 34 1
26 65 2
1 63 3
58 25 2
94 87 1
0 57 3
28 95 3
91 4 4
4 7 1
46 95 3
24 9 2
9 13 4
21 69 2
52 60 1
9 20 4
24 47 4
35 14 1
62 99 1
70 72 2
51 7 4
15 69 2
94 11 2
10 35 1
10 76 4
33 42 4
89 82 4
6 54 2
23 88 1
26 44 3
56 45 3
70 41 3
90 71 4
70 85 1
39 6 3
36 74 2
32 12 3
10 54 2
47 34 1
40 1 2
63 99 4
44 61 1
70 90 2
7 48 2
2 83 3
99 27 1
54 24 2
5 32 4
71 49 2
4 44 3
93 5 4
22 19 4
69 55 2
54 55 3
18 31 3
67 72 3
85 18 4
17 63 1
90 86 4
0 16 1
94 37 4
50 96 3
8 30 2
48 59 3
43 21 2
27 83 3
0 97 1
46 94 2
38 13 3
23 62 4
81 87 3
61 18 4
68 73 4
13 20 3
43 23 4
5 71 4
8 79 2
6 18 2
50 56 3
65 45 1
4 15 4
74 20 3
86 11 2
86 70 1
61 85 4
17 82 4
28 68 2
2 43 3
99 54 2
29 38 3
83 85 1
88 19 1
10 12 4
57 15 1
53 15 4
37 53 3
22 27 4
7 92 4
68 40 1
74 54 3
74 86 4
16 51 1
61 83 1
80 58 4
53 42 2
12 27 4
16 61 2
81 16 2
19 65 2
75 39 1
58 56 2
33 24 1
88 31 3
79 27 2
18 90 4
78 6 3
58 40 1
92 19 3
37 67 1
12 55 4
67 65 3
13 42 2
0 24 2
65 82 3
2 96 2
33 64 4
69 8 1
3 81 4
43 87 1
96 3 1
29 20 2
59 92 3
54 19 4
78 37 3
76 8 1
51 41 1
31 90 3
29 73 4
65 8 3
54 33 3
65 91 2
22 74 2
66 91 1
39 37 1
24 16 3
42 57 4
72 65 4
93 84 1
27 47 4
19 49 4
88 80 4
0 33 1
10 32 3
88 55 3
89 60 2
14 46 3
7 32 1
82 98 3
61 91 4
26 47 3
63 82 4
32 3 4
26 68 3
35 55 1
78 59 1
75 1 4
28 54 4
32 59 4
37 33 4
98 75 4
51 42 4
29 58 4
68 90 2
0 12 4
76 95 2
80 22 2
24 67 1
31 57 2
5 0 3
14 77 2
37 30 3
81 6 4
78 11 4
78 70 4
38 19 2
21 65 3
18 67 3
80 11 2
54 34 1
92 73 2
64 46 1
30 43 1
71 37 2
35 9 1
75 62 3
78 75 2
26 93 4
89 66 4
72 47 2
2 94 4
35 32 4
96 8 3
19 85 3
9 82 1
44 53 2
15 20 3
5 57 2
18 66 4
49 57 2
68 82 4
76 33 3
11 18 2
64 23 1
60 75 3
15 28 3
5 44 1
86 75 1
9 27 1
23 14 1
5 2 3
44 14 3
13 78 1
36 63 2
51 0 1
37 3 1
78 39 3
88 17 1
11 84 1
67 63 3
93 75 4
30 76 2
7 62 1
34 80 1
81 80 4
96 81 3
90 47 2
75 95 3
92 85 2
13 96 2
38 40 3
9 53 4
20 83 2
80 83 1
77 7 4
38 31 1
56 19 3
94 32 3
54 50 3
69 38 4
88 96 1
55 46 3
28 87 1
32 39 2
75 66 4
46 53 4
34 72 4
0 18 2
37 26 1
87 48 4
36 25 4
99 71 4
28 32 1
72 20 1
37 5 4
31 48 2
83 67 2
82 55 1
3 62 2
37 83 3
11 56 4
79 38 1
57 77 2
90 74 3
96 90 1
63 46 4
25 77 1
0 36 3
31 19 1
81 11 1
93 96 3
92 51 1
31 55 3
55 63 3
46 26 1
2 15 3
11 87 1
35 91 3
52 5 4
73 69 1
13 85 1
47 50 3
72 77 2
28 91 3
99 70 3
6 92 1
45 22 4
40 98 2
33 41 1
51 54 2
1 41 4
52 38 4
19 86 2
34 64 1
34 78 1
15 33 2
20 30 2
93 97 3
46 8 2
29 10 1
14 87 3
43 53 1
16 60 2
50 55 1
19 1 3
97 86 3
13 64 3
98 14 3
96 71 4
80 71 3
2 50 3
2 59 2
84 77 4
81 91 1
80 29 2
86 58 3
24 45 2
75 4 4
2 16 2
67 9 3
75 55 1
55 37 4
53 96 4
0 70 3
63 9 1
16 35 3
23 28 3
43 82 2
75 24 1
67 82 2
69 61 1
49 75 3
69 51 1
10 48 4
18 64 3
62 79 2
98 53 4
42 25 2
0 67 2
63 8 1
71 91 4
38 60 3
66 70 4
46 27 3
91 44 4
45 4 1
57 93 3
96 55 3
43 62 3
21 70 1
98 65 2
18 33 3
74 4 2
71 63 3
46 41 4
48 55 2
29 54 4
67 99 2
43 99 4
21 5 2
71 24 1
97 75 3
66 72 2
20 39 1
44 55 3
87 97 4
32 17 1
4 24 4
13 54 1
22 7 3
44 34 3
79 28 2
18 2 4
80 97 3
98 56 1
35 24 2
80 26 2
22 54 1
15 71 3
6 49 4
73 19 4
89 74 1
81 32 3
77 45 2
80 37 4
74 68 3
47 75 2
25 78 4
6 90 2
33 98 3
64 30 4
22 97 2
14 73 4
39 65 2
7 18 3
75 59 3
70 75 4
15 30 4
26 4 3
46 68 4
37 9 1
89 73 4
43 75 1
95 15 3
85 69 3
53 1 4
21 44 4
69 46 3
16 77 2
97 72 3
98 67 3
98 25 4
43 88 4
77 34 3
31 24 2
36 77 1
29 8 2
20 24 2
40 29 3
46 6 1
13 47 3
28 5 3
24 90 4
56 76 2
7 27 4
27 60 1
10 21 1
95 38 3
48 79 4
76 97 2
52 47 3
7 99 2
36 42 4
31 71 4
12 8 3
20 4 3
40 19 2
56 97 2
27 74 2
3 83 2
66 48 4
48 23 2
28 18 1
6 23 4
89 67 3
41 80 4
21 91 1
83 65 1
95 9 2
25 67 1
95 36 1
28 93 3
88 8 4
10 51 4
50 66 4
69 78 2
59 84 2
53 6 4
51 37 1
46 7 3
83 58 1
13 28 2
11 22 1
57 54 2
38 78 1
85 2 1
83 21 2
25 61 3
76 42 3
90 42 4
83 90 2
11 47 2
31 98 3
28 69 2
61 75 1
55 33 1
69 43 4
71 62 1
77 85 3
76 64 2
53 38 1
56 75 2
60 28 4
60 17 1
8 80 1
80 84 3
18 12 3
39 17 3
41 89 4
32 57 1
60 5 2
65 31 4
90 20 4
44 71 2
65 96 3
96 85 3
59 57 4
71 76 2
26 7 4
0 45 1
94 20 1
10 90 2
43 71 2
1 76 4
85 49 3
20 58 1
46 3 1
73 74 3
62 78 3
48 29 2
95 30 2
69 68 3
46 34 4
77 30 3
29 7 1
9 48 4
14 28 4
97 27 1
76 67 3
96 56 2
77 67 4
80 59 2
44 78 4
86 55 4
40 23 2
47 15 1
60 44 1
26 73 4
86 36 3
27 33 4
44 33 1
7 41 2
68 39 4
14 93 3
85 22 1
4 92 1
44 17 4
48 37 2
62 1 3
91 3 4
56 53 3
68 36 1
59 35 3
64 35 3
61 46 3
82 69 1
12 89 1
64 63 4
47 62 2
65 36 4
20 67 2
48 73 1
98 88 2
46 9 2
64 36 2
90 9 1
35 73 3
2 7 3
49 1 1
41 13 4
1 91 3
46 71 2
85 99 3
34 86 3
6 36 4
42 48 1
91 17 4
70 64 4
37 99 1
16 43 3
19 70 4
30 17 1
68 19 3
29 75 1
5 98 4
87 64 3
22 88 1
57 10 1
5 67 3
28 26 2
12 31 4
22 64 3
91 94 3
92 17 3
63 50 2
46 42 4
56 81 4
88 62 1
47 25 3
22 2 3
14 18 3
71 92 1
79 70 3
19 62 3
0 20 2
76 22 2
0 80 1
25 29 3
30 69 4
28 34 3
12 35 1
81 63 3
14 30 1
12 21 3
0 94 2
95 68 3
17 14 4
19 44 2
76 2 2
47 73 3
26 72 4
82 2 1
91 48 2
62 85 2
4 57 2
21 27 4
96 11 2
0 6 3
41 57 1
18 4 2
45 95 4
49 81 4
38 6 3
37 40 2
88 26 1
5 54 2
66 79 1
8 10 4
70 61 4
6 80 4
45 12 2
76 84 1
78 96 4
89 62 4
72 3 1
47 55 4
45 18 2
25 27 4
77 60 3
20 8 1
17 51 3
2 66 1
60 87 4
78 28 2
27 70 2
41 85 4
19 27 1
78 31 2
35 72 2
41 67 1
33 91 4
5 76 4
86 33 3
42 45 2
11 57 2
1 72 1
36 27 3
96 0 1
28 48 3
0 7 4
90 56 1
84 26 4
32 36 1
65 97 4
50 1 4
60 62 4
37 64 2
57 66 1
37 29 3
14 62 2
99 60 4
91 25 3
43 7 2
65 78 4
49 36 2
67 21 4
24 17 4
71 61 2
45 78 1
94 38 4
70 83 4
17 89 1
94 85 2
88 18 1
41 95 4
71 11 2
76 77 2
75 33 2
25 79 1
30 49 4
92 55 2
14 31 3
53 16 2
83 12 2
24 18 2
56 6 3
81 30 1
67 14 4
49 70 4
97 85 4
65 29 2
48 32 2
80 82 1
23 35 3
17 80 1
41 56 3
46 50 2
98 23 4
26 96 3
73 51 1
41 62 1
93 80 4
22 58 1
24 5 3
74 58 1
76 52 4
51 86 4
58 34 4
85 29 3
24 46 3
14 94 1
22 13 3
13 17 4
55 4 3
47 16 3
49 96 4
20 1 3
42 60 2
29 79 3
11 36 1
90 38 4
13 24 4
34 87 2
92 57 4
71 47 3
36 8 3
99 96 1
43 31 1
53 68 3
83 50 3
72 46 4
33 96 2
73 58 1
4 67 2
17 65 1
58 10 1
79 94 2
80 45 1
90 61 3
1 88 4
47 94 1
43 73 3
60 55 4
73 78 4
25 54 3
20 76 2
62 90 2
58 87 2
12 38 2
20 70 4
14 45 3
37 88 3
18 77 3
99 35 1
7 67 4
90 50 2
22 42 3
40 59 3
59 60 2
51 74 4
68 30 1
11 69 4
35 57 1
28 25 4
65 33 4
5 64 1
73 85 2
36 70 1
15 76 1
5 94 3
95 74 1
96 74 4
24 88 1
29 22 3
52 55 1
39 7 3
2 4 4
36 91 2
5 3 2
28 64 3
81 46 3
39 72 4
94 78 1
76 32 3
97 12 2
27 52 2
70 31 2
96 14 1
11 95 2
69 52 2
57 21 4
91 40 2
57 82 2
13 19 3
69 62 4
11 34 2
3 73 3
93 6 3
85 9 2
54 47 4
28 81 2
27 75 2
7 71 4
63 77 2
56 1 1
91 27 2
19 95 2
87 89 1
22 83 1
87 80 1
35 46 3
92 53 2
71 19 2
74 15 2
53 57 2
37 75 3
2 36 2
86 37 3
72 93 4
17 0 2
40 51 4
54 14 4
93 62 2
95 40 3
44 41 1
3 58 4
70 58 1
6 24 1
95 65 2
57 44 4
96 68 1
23 49 1
39 55 2
73 54 4
73 66 2
79 89 1
42 78 2
98 78 1
70 29 1
67 60 4
80 16 4
61 12 1
15 37 3
87 78 1
89 69 2
9 38 4
59 96 1
11 77 4
94 76 1
65 99 1
56 67 3
39 36 4
70 67 1
45 35 4
6 55 1
97 30 1
98 49 4
33 29 2
11 60 4
21 17 3
16 36 3
72 49 1
32 47 2
29 46 3
36 59 4
26 53 4
61 1 4
42 8 2
92 96 2
40 56 4
83 98 3
40 76 2
32 75 1
52 16 2
75 76 3
14 39 3
70 91 2
3 77 4
56 69 2
68 97 3
77 15 3
43 77 4
13 5 2
20 59 4
44 96 4
34 4 2
84 73 3
23 32 2
66 43 3
66 16 3
41 45 1
23 30 3
45 64 3
89 8 2
10 9 3
1 78 3
21 66 1
12 24 3
95 50 2
42 39 1
13 94 1
29 6 1
2 99 4
4 22 4
20 96 1
56 59 3
1 22 2
94 66 3
2 61 3
79 99 2
71 1 2
30 2 1
70 76 3
20 66 3
58 95 3
59 9 1
39 12 1
71 94 2
18 41 1
57 38 2
69 84 3
37 41 2
74 75 4
59 29 2
81 70 3
92 18 2
69 23 1
71 51 2
13 89 3
93 32 4
53 14 4
11 31 3
13 33 1
47 8 3
87 73 1
15 46 4
46 67 3
28 88 4
39 30 3
16 4 1
99 45 4
30 35 1
2 10 4
60 10 2
34 73 4
35 77 2
18 57 4
32 54 2
85 45 1
99 15 3
76 27 1
91 32 4
61 63 4
14 63 3
70 92 2
57 63 2
74 50 1
55 53 1
1 80 3
86 77 3
67 91 3
77 65 2
51 80 2
39 16 2
18 17 2
83 89 3
2 65 2
34 95 4
55 71 2
45 66 1
49 41 2
83 32 1
34 16 3
40 39 2
85 24 3
70 82 2
4 97 4
62 30 1
73 99 4
37 24 2
37 90 3
55 45 1
35 21 3
97 17 1
73 46 3
14 88 1
31 79 1
56 70 3
21 9 1
38 89 2
82 7 2
18 69 3
44 85 3
27 32 1
45 68 1
65 75 2
62 35 4
2 67 3
42 71 1
93 38 4
54 80 2
24 57 3
94 59 3
21 93 1
25 90 3
34 27 2
68 44 1
97 25 4
80 52 1
25 94 2
36 22 1
72 75 2
4 38 4
88 71 3
71 73 4
78 67 3
15 26 3
36 24 3
43 19 3
69 10 3
72 48 1
32 0 1
66 76 2
73 33 1
1 26 2
94 30 1
65 12 3
73 21 2
45 38 1
95 16 3
64 79 2
80 3 1
4 29 4
5 66 2
6 10 2
49 14 2
88 92 1
79 45 2
18 83 3
72 13 3
35 80 2
8 70 4
19 34 1
70 16 4
32 61 4
62 73 3
41 34 3
76 51 3
40 65 2
2 53 4
10 80 3
61 20 3
73 63 4
6 1 3
17 9 4
18 58 2
33 69 4
51 5 2
17 77 3
68 21 3
37 6 3
8 27 1
21 77 1
0 2 3
93 46 4
45 52 3
45 23 3
98 39 2
20 45 3
68 18 3
66 82 3
3 22 1
54 40 1
12 20 3
61 0 1
0 69 4
25 66 1
23 85 2
17 83 3
21 92 4
51 84 3
38 62 2
82 97 4
24 77 2
98 93 3
39 93 1
13 27 4
8 1 3
71 29 2
40 48 3
95 44 4
20 25 4
53 50 4
6 96 3
25 95 4
69 50 3
20 35 1
94 49 1
82 77 4
56 4 1
28 99 3
58 99 4
86 81 3
22 59 2
87 93 3
61 77 3
30 44 3
88 46 3
13 56 4
48 86 1
29 41 1
28 76 3
72 57 1
91 64 1
12 2 2
15 27 4
37 17 1
87 8 4
46 60 4
34 74 2
88 40 4
83 84 3
57 46 3
48 84 2
51 63 3
79 43 3
43 48 2
88 69 2
80 79 4
25 11 1
81 37 3
45 87 3
94 4 4
8 82 3
70 10 3
3 71 4
51 96 2
53 81 4
76 50 4
26 38 1
37 98 4
42 83 4
27 89 3
38 85 4
52 72 1
13 35 1
25 99 1
2 25 4
37 34 3
90 93 2
54 7 3
20 98 1
21 8 4
83 74 3
25 82 4
72 6 4
72 7 1
20 6 4
86 89 3
6 61 2
47 82 1
41 19 2
40 9 3
45 2 1
38 48 1
88 63 3
39 8 4
49 7 4
16 46 3
88 95 1
15 86 2
74 21 4
13 52 4
3 15 4
60 0 3
60 85 3
86 38 2
52 99 1
99 66 3
47 78 3
18 10 2
28 20 4
52 63 4
88 53 3
70 24 1
79 41 1
12 23 1
9 92 3
19 14 4
84 20 2
82 5 1
20 62 2
33 19 4
57 91 3
98 52 2
42 64 4
57 80 3
38 23 2
82 10 4
65 49 1
72 90 2
85 88 4
18 81 1
30 56 4
96 15 2
82 33 1
88 45 1
94 68 3
56 94 4
5 6 1
22 49 2
21 54 4
50 71 3
8 56 3
53 82 2
48 61 2
92 93 1
16 92 1
5 90 4
35 79 4
68 22 2
52 7 3
32 63 3
74 6 4
79 52 1
98 44 2
60 2 4
31 47 3
31 16 3
66 69 3
24 81 4
99 81 1
33 68 2
60 82 1
38 8 3
86 32 2
75 20 4
27 80 1
50 93 3
16 57 2
82 75 3
65 50 2
36 60 1
10 61 2
0 23 4
