4900 100
0 41 6
0 38 9
41 3 9
38 9 7
0 30 4
41 20 8
0 71 9
3 84 6
3 18 1
18 81 3
81 73 2
20 83 6
41 2 7
41 21 6
38 24 9
18 8 4
20 54 2
41 89 5
71 64 7
30 55 8
21 10 8
84 51 4
21 80 1
38 86 5
71 23 7
83 29 7
89 77 4
38 66 9
29 52 5
84 99 7
83 82 7
29 96 6
30 65 1
66 87 7
99 32 7
21 13 8
21 61 1
84 53 9
64 5 3
2 34 9
24 63 6
20 60 6
83 79 4
10 14 6
80 44 9
44 62 3
18 39 8
29 1 4
81 25 2
9 94 4
0 85 6
30 48 1
0 75 5
1 37 1
80 56 1
13 15 3
25 35 4
86 88 7
81 16 3
35 78 4
63 70 2
77 45 5
54 49 3
65 95 6
48 72 2
78 98 5
78 22 9
41 36 7
38 4 7
75 11 3
13 58 8
4 69 2
35 74 8
94 47 5
34 19 1
8 6 5
9 50 9
5 68 3
2 26 7
11 57 8
39 59 1
5 17 4
34 28 9
51 76 5
55 27 2
77 33 5
22 67 2
57 40 4
59 91 3
80 93 9
80 43 6
91 31 4
77 7 4
86 12 8
61 90 4
32 46 7
35 92 5
91 42 4
80 97 3
73 4 3
30 90 4
35 95 3
31 54 1
16 1 3
12 3 3
96 71 3
27 40 1
71 76 4
5 21 4
86 73 3
34 48 1
21 19 1
33 72 3
51 43 2
7 66 3
67 81 3
64 32 1
51 20 4
71 62 3
97 30 4
48 78 4
74 64 1
7 27 4
71 68 1
29 65 2
86 11 2
22 38 2
81 77 2
1 72 4
72 5 3
94 8 1
20 46 2
17 83 2
14 72 1
38 21 4
52 19 3
24 46 4
31 70 2
6 98 3
49 84 2
34 74 1
42 60 1
7 14 1
6 85 4
83 84 1
86 7 1
56 57 2
56 85 2
24 35 2
71 84 3
29 58 2
86 68 3
90 55 4
43 55 1
4 3 4
71 4 4
0 13 2
80 79 3
61 8 4
1 39 1
72 44 3
67 10 3
35 20 1
13 45 4
29 49 3
93 46 2
14 99 3
57 83 1
76 36 2
24 80 3
22 6 3
0 65 1
26 60 3
48 61 4
76 80 1
37 16 1
62 85 2
68 14 2
62 87 4
89 34 2
73 46 2
39 12 3
91 73 4
90 84 2
29 35 4
23 42 3
70 43 1
87 50 3
6 54 3
14 41 1
88 61 2
59 8 2
90 96 2
43 81 4
5 9 1
35 8 1
8 13 4
92 51 3
25 33 3
90 40 4
77 91 3
2 58 1
37 83 1
13 62 3
35 67 2
67 62 4
57 31 2
40 98 2
27 63 4
86 41 2
10 58 2
67 71 3
51 94 4
0 53 1
91 76 2
68 74 1
92 13 3
49 78 3
72 65 1
99 28 2
50 51 3
32 69 3
3 49 2
93 88 4
26 59 4
83 45 4
51 57 1
19 23 1
71 90 4
51 83 4
19 4 1
17 43 2
52 86 4
90 32 2
16 11 3
37 44 1
89 35 4
43 52 4
26 49 1
26 58 2
48 13 4
56 67 3
25 98 3
25 1 4
98 51 1
75 48 4
58 31 2
99 55 4
83 60 4
32 63 3
66 47 3
13 72 1
42 54 3
66 22 2
24 81 3
52 3 2
96 23 3
29 19 1
89 57 1
81 52 1
53 98 1
29 62 3
32 48 4
44 99 2
46 68 3
62 25 2
61 17 4
10 28 3
66 36 3
4 77 1
8 79 3
10 38 4
6 55 1
93 27 4
60 38 4
12 69 3
14 46 3
75 85 1
21 54 3
48 73 2
51 52 2
90 3 2
81 87 4
29 38 1
46 79 3
6 86 2
55 77 2
21 33 1
30 1 2
72 77 3
95 1 2
11 60 3
13 46 4
97 42 4
85 43 4
35 55 1
8 23 2
76 16 4
50 63 1
40 0 4
59 71 2
30 35 4
36 34 1
68 43 2
72 39 1
71 47 3
56 76 2
62 37 4
8 95 4
58 91 3
84 66 4
93 45 1
51 26 2
6 74 1
95 41 2
91 0 1
99 0 3
24 44 4
71 88 3
19 81 1
18 24 3
27 20 1
90 83 4
29 80 1
34 29 1
39 71 4
87 56 1
68 62 4
59 15 4
88 95 1
39 43 2
40 80 3
50 58 2
62 9 3
40 95 1
71 35 4
85 18 4
75 14 3
11 56 1
93 33 2
93 12 4
55 34 2
79 31 1
27 53 1
55 45 3
91 51 3
91 36 4
11 35 4
98 3 2
90 72 1
34 15 1
39 3 2
43 11 2
62 15 4
63 69 4
57 55 4
39 65 4
1 53 4
22 34 4
3 43 2
85 27 1
14 17 1
29 61 1
7 33 2
18 64 4
96 50 2
78 71 2
1 0 4
98 49 4
92 41 2
96 92 4
99 11 4
64 13 4
91 79 3
95 68 4
37 70 1
41 7 4
46 56 1
82 70 3
74 49 4
78 82 3
73 78 4
74 7 3
11 55 2
57 91 2
75 25 2
77 98 4
37 59 4
52 20 4
56 5 2
17 1 3
26 19 1
18 95 1
82 23 3
12 88 4
53 10 3
64 17 2
33 82 4
40 55 3
6 37 4
85 30 4
76 2 1
30 37 2
91 67 3
77 46 3
52 47 2
95 91 2
39 33 1
4 92 1
43 35 4
75 73 1
63 96 1
83 87 2
93 98 3
77 53 4
71 8 4
13 87 4
92 22 4
50 28 3
63 91 3
73 45 4
62 57 2
44 55 2
71 91 3
37 74 4
93 24 3
22 94 1
95 43 3
29 3 4
50 88 4
51 12 3
49 38 1
92 53 4
15 19 1
54 24 3
14 54 3
54 59 4
40 64 1
14 23 2
69 90 4
88 90 3
37 25 1
88 66 2
46 31 1
84 20 2
53 31 3
81 94 2
40 26 4
86 81 3
18 49 1
5 33 1
68 27 3
94 73 1
70 69 2
69 87 3
68 45 4
69 0 1
94 11 1
54 9 2
72 63 2
14 91 4
74 91 1
60 82 2
49 89 4
94 45 3
20 39 3
11 68 3
73 92 4
21 73 4
62 99 3
13 65 2
13 14 2
46 29 4
35 36 3
80 51 2
74 5 2
40 65 4
42 11 3
41 4 2
49 19 1
77 50 2
63 68 3
5 30 4
92 0 3
94 10 1
46 89 4
67 3 4
20 67 2
78 15 4
48 60 4
23 48 1
33 45 1
53 86 1
80 48 4
43 13 1
76 70 3
0 95 1
97 60 1
62 75 3
31 26 3
88 19 1
58 24 3
66 5 3
92 85 1
54 8 1
48 93 2
9 92 2
45 71 2
82 96 1
85 79 2
7 61 3
41 68 3
61 96 2
50 44 3
50 16 4
85 63 1
3 89 1
70 9 1
74 20 1
19 39 4
43 25 1
31 28 4
39 15 1
75 16 2
6 87 3
6 4 2
84 68 4
9 20 2
8 56 3
73 35 3
59 94 1
77 11 3
96 94 3
38 75 1
93 64 1
54 84 2
54 67 1
71 19 2
32 94 3
96 14 3
65 5 3
72 95 4
16 64 4
77 88 2
49 33 1
52 21 3
85 11 3
6 43 3
19 43 3
31 97 2
18 51 2
27 28 1
45 87 2
54 91 4
5 16 1
22 16 4
31 49 2
58 62 3
10 74 1
73 38 4
35 18 2
7 45 4
67 45 4
12 24 3
97 81 1
15 58 4
56 4 1
95 83 4
28 57 2
31 92 1
59 16 2
52 82 4
39 57 3
5 24 4
51 3 4
27 24 3
96 53 3
78 97 1
75 82 4
60 24 3
62 82 4
82 98 4
68 9 4
31 33 4
52 30 1
26 35 3
15 84 1
17 93 3
71 28 1
5 77 1
98 28 4
23 45 3
59 4 4
66 97 1
28 3 3
6 44 3
20 50 4
79 47 1
92 58 3
16 47 3
37 10 4
0 8 2
42 82 1
9 24 4
45 96 2
81 69 3
65 62 3
24 52 2
17 13 3
22 61 1
9 30 1
20 61 3
62 4 2
25 48 2
28 43 1
42 43 1
9 60 4
82 39 4
57 26 2
15 97 1
8 19 4
1 28 2
59 28 3
88 70 1
32 42 1
77 20 1
15 27 2
66 49 4
55 50 1
29 91 3
69 98 2
36 81 2
14 18 3
69 65 4
93 47 2
31 93 2
96 93 1
1 9 1
5 75 2
12 23 2
42 68 4
33 9 2
83 92 1
53 72 3
87 26 3
17 8 3
25 90 3
34 46 4
23 15 4
81 6 2
30 38 3
65 71 4
74 62 2
51 99 2
76 98 2
66 92 4
69 57 1
19 36 4
90 12 2
93 76 4
15 57 2
63 76 1
89 67 1
42 88 4
72 76 1
39 2 2
95 38 4
4 44 3
68 20 3
56 0 3
14 82 4
12 40 1
98 58 3
36 25 1
5 37 2
8 37 2
8 80 3
2 21 1
8 81 3
54 56 1
45 11 2
39 80 1
74 21 1
49 70 3
95 99 3
48 64 1
12 10 2
41 88 2
74 8 1
19 80 4
18 65 3
16 51 4
53 52 2
64 68 3
83 41 1
93 69 4
40 11 1
23 87 4
13 80 2
4 42 3
7 90 3
3 37 3
92 21 2
59 99 3
56 20 2
85 90 4
88 0 2
46 12 3
61 46 1
98 10 4
89 39 2
57 92 3
30 7 2
92 16 1
4 35 1
17 7 2
63 25 4
48 58 3
79 94 4
35 94 4
47 33 4
47 28 4
5 10 3
64 98 2
74 33 3
3 82 2
49 45 2
42 63 4
60 79 4
83 75 2
60 55 2
51 87 2
53 22 2
57 63 3
12 89 3
44 98 4
57 94 4
82 0 3
28 46 4
29 36 1
42 56 2
87 63 2
99 90 1
16 46 1
58 18 1
68 13 3
13 93 1
15 53 2
18 76 4
39 95 3
13 96 3
13 19 3
18 20 1
84 82 4
34 32 1
85 93 4
74 95 2
88 51 2
42 45 1
65 77 1
19 58 2
89 84 4
40 43 1
5 6 1
43 48 2
5 40 4
80 34 3
3 83 2
52 61 3
72 80 1
76 17 3
50 95 4
65 14 3
54 22 2
48 6 4
6 12 2
41 46 3
51 55 2
73 20 1
12 96 4
4 68 3
49 8 1
79 33 2
61 34 2
29 7 4
76 50 1
78 37 3
13 76 1
82 89 2
84 34 1
78 38 4
15 69 2
13 35 4
87 7 4
75 87 2
16 72 3
84 30 2
63 14 2
15 82 3
7 24 1
82 90 1
11 18 4
80 71 3
62 43 2
11 9 3
36 20 3
83 80 1
59 60 3
97 51 1
13 32 2
95 87 3
72 10 2
30 12 3
49 73 4
29 76 4
31 16 1
33 59 4
44 2 1
30 11 2
68 28 1
5 86 3
23 86 3
77 35 3
15 2 4
88 20 1
59 74 3
52 69 1
55 8 1
91 87 2
95 31 3
7 89 4
23 29 1
46 98 4
30 41 1
34 40 1
3 45 1
66 71 1
17 10 3
9 96 3
54 13 3
12 5 3
26 56 1
43 37 3
93 8 2
87 44 2
54 4 4
47 78 1
81 68 4
68 19 4
88 24 1
77 27 2
19 32 3
6 91 1
2 11 1
73 36 4
52 1 2
82 27 3
77 60 1
35 41 2
77 62 1
38 92 1
44 21 2
34 47 1
72 43 3
63 90 3
51 8 4
83 74 1
33 26 1
88 78 1
45 72 2
27 86 2
41 45 2
69 39 3
55 91 3
15 99 1
75 80 4
67 55 4
36 75 2
40 9 1
7 37 1
76 52 3
16 93 3
7 12 2
44 88 1
96 42 4
57 87 4
50 90 1
53 69 2
54 19 2
41 63 1
9 39 1
85 10 2
91 11 2
94 80 4
99 82 2
79 58 4
85 48 1
15 77 1
99 70 4
76 87 4
16 62 3
63 31 1
21 97 4
94 31 3
86 47 1
11 34 1
54 25 3
32 14 4
24 8 1
95 94 2
47 89 3
77 31 2
20 98 1
94 56 1
92 74 3
37 35 1
53 21 3
73 60 2
22 86 3
3 48 1
42 53 4
97 19 2
28 17 4
20 19 3
36 97 4
95 47 2
22 88 1
64 39 3
9 97 1
2 45 1
32 79 4
1 54 1
41 53 4
47 25 1
85 68 4
44 54 3
44 64 3
42 40 2
94 42 1
41 73 2
6 58 4
97 41 4
89 13 1
41 28 3
85 95 2
84 79 3
83 22 2
21 70 1
71 6 1
5 76 3
82 37 3
63 22 3
37 50 1
35 1 4
26 75 4
18 60 2
37 61 2
97 92 1
82 28 4
67 84 2
47 50 4
97 64 4
89 76 3
66 43 2
90 57 3
72 12 4
36 80 2
92 2 3
90 64 2
16 4 2
97 99 2
48 96 2
75 29 2
48 36 4
43 77 4
98 15 4
70 22 3
94 74 2
19 79 4
83 76 4
67 32 3
57 74 4
54 77 4
87 0 4
12 18 4
30 19 2
89 50 4
64 76 3
92 56 2
63 79 3
81 60 2
75 55 3
39 94 1
36 67 1
87 17 1
79 71 3
7 79 2
21 82 2
89 63 4
50 80 4
74 19 3
17 68 4
64 61 2
53 4 1
43 87 3
65 34 3
15 81 1
91 92 1
94 63 3
36 83 4
33 71 3
87 24 1
11 54 1
58 40 4
96 2 3
70 67 2
78 91 3
10 52 4
42 81 1
3 69 3
80 66 4
60 30 1
41 18 1
96 46 3
51 89 1
60 22 1
15 20 2
32 85 2
62 47 4
39 28 2
97 55 1
53 55 3
82 67 2
7 22 3
24 82 1
1 11 1
12 52 2
59 98 2
44 65 4
79 62 4
49 53 4
99 49 2
99 47 4
47 35 2
25 4 2
75 33 3
23 90 4
2 43 4
32 6 3
31 38 2
94 82 1
71 20 1
98 27 3
14 95 3
69 7 3
22 68 4
67 17 3
17 49 3
37 95 2
69 92 1
90 13 1
94 36 2
43 33 1
10 76 4
43 8 2
83 78 2
95 20 4
3 79 3
37 66 4
44 16 4
9 6 3
71 11 4
74 24 3
76 95 3
90 79 4
32 70 3
11 50 4
15 37 3
36 15 1
59 93 4
6 80 1
46 40 2
24 19 3
41 77 1
35 61 1
67 57 2
4 22 3
48 35 2
76 7 3
50 32 4
99 30 1
27 31 3
16 78 2
31 62 4
21 87 1
5 8 4
61 50 4
91 22 2
64 65 1
29 93 3
50 54 4
65 20 3
5 83 4
29 0 3
57 4 2
8 42 2
63 93 1
26 13 3
88 62 4
14 86 4
52 15 1
71 86 2
94 91 4
55 20 3
61 69 3
75 1 3
76 57 2
86 42 4
80 60 3
35 50 2
49 43 1
74 15 3
50 71 4
76 59 3
72 6 1
5 38 4
33 68 2
15 11 4
69 35 1
39 8 1
2 3 1
92 54 3
59 58 2
73 97 3
24 16 4
64 24 1
98 30 2
30 20 4
46 88 3
2 62 3
20 91 4
52 60 4
68 18 3
73 77 2
71 31 3
83 40 1
57 68 4
4 26 2
69 27 2
14 9 1
44 92 2
80 49 4
85 69 3
63 58 3
39 38 2
87 33 4
47 91 2
3 16 1
61 10 1
32 95 3
37 97 1
66 23 4
27 14 2
83 30 1
77 86 1
9 78 3
12 61 3
7 83 4
96 35 2
30 4 3
72 82 4
54 18 4
6 90 1
26 15 1
49 25 1
27 67 4
74 78 3
52 13 4
72 52 3
25 53 2
79 5 4
5 69 2
54 10 2
2 32 1
62 98 1
97 18 2
85 53 1
27 75 2
4 29 1
71 75 1
51 40 1
63 21 2
88 87 1
50 78 1
97 62 2
77 71 2
47 60 2
3 0 3
47 10 3
4 49 2
75 61 4
27 95 4
21 42 3
93 77 1
15 66 4
13 20 2
47 67 4
95 98 2
63 13 3
91 99 4
96 55 2
26 92 1
7 23 4
28 36 3
90 31 2
61 87 4
34 25 3
99 64 4
18 26 1
2 70 3
47 74 4
64 43 4
18 47 4
73 44 2
17 63 3
11 29 1
87 64 2
34 75 4
51 68 1
25 40 1
6 95 4
25 42 4
40 41 1
45 99 2
52 75 1
62 3 3
90 43 3
13 73 2
93 32 4
42 83 3
61 45 1
73 16 2
97 63 2
27 1 3
26 73 3
56 3 4
50 29 3
99 23 4
11 39 3
57 97 2
35 84 4
8 64 2
32 89 4
72 62 1
87 82 1
22 74 1
10 18 1
43 78 3
81 91 4
54 93 1
27 19 3
40 82 3
63 92 1
69 77 2
15 86 4
34 31 2
75 76 2
59 67 2
35 91 1
48 52 1
39 70 3
32 11 3
27 22 2
40 96 1
21 98 3
65 51 4
97 96 1
37 89 1
86 75 4
64 58 2
73 83 4
60 35 1
70 3 3
27 52 1
95 66 1
21 88 2
78 89 3
11 70 4
94 58 1
61 36 4
26 10 2
8 57 1
50 1 3
68 99 3
88 15 2
49 79 3
42 80 4
24 25 2
64 4 2
57 78 2
34 94 2
88 52 3
72 66 4
53 78 1
74 88 1
39 21 1
4 70 3
30 72 1
85 73 4
39 25 3
42 50 3
71 95 2
54 60 1
67 44 3
42 7 4
5 0 1
13 7 3
68 59 2
69 41 3
76 38 3
31 8 4
1 96 3
98 72 4
83 0 4
98 97 3
98 31 2
1 93 3
21 75 3
46 97 4
80 35 2
77 74 2
37 13 2
79 18 2
76 92 3
78 42 4
7 65 4
25 93 4
33 37 4
44 13 4
0 25 1
93 56 3
3 5 2
15 40 1
80 91 2
94 12 3
31 61 3
1 44 4
6 45 1
32 38 1
92 55 4
5 54 3
66 9 1
4 96 3
53 67 4
87 84 2
22 1 3
5 73 4
40 87 4
99 73 1
48 0 4
78 8 1
26 96 2
71 15 2
61 3 1
70 45 2
47 53 2
14 45 3
37 28 1
91 37 2
37 41 3
99 9 4
65 47 1
58 74 2
97 50 4
8 76 1
74 25 3
68 77 2
16 82 3
37 31 4
61 56 3
41 96 2
31 74 2
9 36 1
69 51 4
55 1 4
9 42 3
99 24 1
83 1 2
5 2 1
59 6 4
40 24 3
89 21 4
48 79 3
21 64 4
91 97 3
40 22 2
65 78 2
22 46 4
22 79 1
39 84 2
19 18 4
31 66 3
8 38 1
66 29 1
51 60 2
34 44 1
15 92 2
60 25 2
57 43 1
57 45 1
29 98 1
71 30 3
68 47 1
59 7 3
18 93 3
14 64 3
21 1 4
14 80 1
72 23 2
39 47 1
80 67 2
41 52 2
75 74 4
21 4 2
66 28 2
57 96 4
99 63 3
23 83 1
66 34 4
19 93 4
95 22 4
59 53 2
54 36 4
78 86 1
60 93 3
83 46 1
39 90 1
50 27 1
27 56 2
12 36 4
67 78 4
74 65 4
51 61 1
37 55 1
90 76 1
7 34 2
58 35 1
60 53 4
87 12 1
78 62 2
96 36 3
74 1 4
20 47 3
16 70 2
22 65 3
23 26 1
93 50 3
10 44 2
30 80 3
93 67 4
27 91 2
27 94 4
86 74 3
32 43 2
0 74 3
37 19 4
29 26 3
50 45 2
29 57 3
83 43 4
79 81 4
81 70 3
39 78 1
39 7 2
12 79 4
15 5 1
65 82 3
27 25 1
60 8 4
95 84 1
39 32 4
73 56 3
19 31 4
91 83 3
84 29 4
16 60 2
17 51 1
11 97 2
59 2 1
63 61 1
55 33 3
32 62 3
21 35 2
50 69 2
14 26 2
84 73 3
89 53 4
21 40 1
51 73 3
34 16 4
47 15 2
86 99 1
88 30 3
48 51 1
40 77 3
88 55 2
25 77 1
91 62 3
19 94 1
41 1 3
34 90 2
81 63 4
83 25 2
41 85 1
1 89 2
16 12 3
18 78 4
4 61 1
42 18 1
9 31 2
44 25 1
70 1 2
80 15 4
98 70 1
32 44 1
9 22 2
30 51 2
48 71 4
17 53 4
64 55 4
70 57 1
39 46 4
50 48 1
82 31 1
32 58 1
76 66 3
90 19 1
29 68 1
6 39 2
92 49 3
23 11 3
25 32 1
55 85 4
21 20 4
88 16 3
55 84 1
89 80 4
99 81 3
91 61 3
92 75 2
61 84 4
12 28 3
8 63 3
67 16 4
67 23 4
23 33 2
20 7 3
38 52 2
28 29 2
82 56 4
92 90 4
56 79 1
72 85 2
78 32 2
4 23 2
2 48 3
55 39 2
84 33 1
11 3 2
51 14 3
75 22 2
68 79 3
69 23 3
58 55 4
29 42 4
83 10 4
55 7 1
10 78 3
92 7 3
96 0 2
12 32 2
81 34 1
59 49 2
93 61 1
41 66 3
34 91 2
15 16 1
70 56 1
77 48 2
95 97 1
9 55 1
56 23 2
86 69 4
50 85 3
32 71 3
61 97 1
85 12 1
88 28 3
19 1 4
53 74 2
55 56 3
54 68 3
20 96 1
82 97 3
25 89 4
49 40 2
25 21 4
64 22 1
51 58 4
20 8 1
33 6 1
24 3 2
89 83 1
1 33 2
90 65 4
67 29 1
78 3 1
39 16 3
50 34 1
6 23 1
2 10 4
28 4 1
61 27 4
53 43 1
65 81 2
29 33 3
31 72 4
36 69 4
37 88 1
27 76 4
98 13 2
41 64 3
51 32 2
25 73 4
48 81 3
23 28 3
76 14 1
3 6 4
87 89 1
13 16 2
1 6 1
64 86 2
28 93 2
18 9 3
62 76 2
67 31 3
23 10 2
52 18 4
68 89 1
13 3 1
28 77 4
55 95 2
27 88 4
83 94 3
3 33 3
31 6 1
87 37 4
71 92 1
20 14 2
46 57 1
32 17 2
84 5 1
60 57 3
31 0 2
67 77 2
8 46 2
20 62 4
3 21 2
50 99 1
0 55 2
16 48 4
70 50 4
9 15 4
1 71 1
46 92 1
82 22 1
65 21 4
12 63 3
61 57 4
21 6 1
1 65 2
48 4 1
12 59 1
8 7 2
73 66 3
68 50 4
70 87 1
71 17 3
80 90 2
23 89 2
52 64 1
57 35 1
45 10 2
38 26 2
6 51 3
38 87 2
94 89 4
94 90 2
54 66 1
71 82 3
7 35 1
61 40 3
26 84 3
38 42 4
72 9 4
93 72 2
31 52 1
5 60 2
13 83 4
65 54 3
34 9 3
40 1 1
44 48 2
72 38 1
58 69 2
87 18 4
70 40 3
28 49 2
85 51 3
73 2 1
2 30 4
10 62 1
77 70 3
36 74 2
98 8 1
98 14 4
59 51 3
88 48 4
14 12 2
65 61 1
6 0 3
50 3 1
34 51 2
84 10 2
36 89 3
96 5 4
58 5 4
5 47 4
12 64 4
90 60 3
81 80 3
79 53 2
94 72 3
37 93 2
62 14 4
64 62 2
71 61 4
40 20 1
23 34 4
73 88 3
8 87 1
40 62 3
52 9 1
12 29 2
95 56 3
98 85 4
24 30 2
38 62 4
3 92 2
44 14 2
33 27 1
45 97 2
34 99 2
35 6 2
9 4 4
7 48 3
0 15 2
17 74 3
18 40 2
58 3 1
33 42 1
27 0 3
94 44 2
31 5 2
78 61 4
97 90 3
1 79 1
5 27 4
70 51 3
26 5 2
73 39 4
8 90 1
8 12 2
79 29 1
34 59 1
27 83 1
4 90 2
49 58 3
53 11 1
92 1 2
79 99 1
68 49 1
92 48 2
71 21 1
29 44 4
91 85 4
14 71 1
53 5 2
44 49 2
90 46 3
12 11 4
85 3 4
3 36 2
9 87 4
36 17 3
30 16 1
33 52 3
92 52 4
89 18 1
98 63 4
51 71 3
57 12 3
21 28 3
49 63 2
71 54 4
77 76 2
98 4 1
35 64 3
30 13 4
95 3 1
7 54 3
34 82 4
31 99 1
7 43 3
15 90 2
1 69 1
19 47 4
49 77 4
47 1 4
37 52 4
15 46 4
75 49 3
62 6 1
23 5 1
50 73 2
9 46 3
32 75 2
37 23 4
2 53 3
15 29 4
67 39 1
56 90 1
11 79 3
70 89 4
21 48 3
69 26 2
63 4 2
86 18 3
11 33 3
85 78 3
23 53 3
33 51 1
95 70 3
29 22 1
76 53 2
25 52 2
78 52 2
81 39 1
35 59 1
30 26 4
26 20 4
35 65 2
49 21 1
26 63 3
6 25 2
11 28 3
95 45 2
10 56 1
44 76 4
77 84 2
5 57 3
78 60 2
10 0 3
5 50 4
46 1 3
24 1 4
40 67 1
86 37 2
94 7 1
25 17 3
91 82 1
43 67 3
90 17 1
78 66 3
67 87 2
72 83 4
36 90 3
16 8 2
70 18 1
81 27 4
12 21 3
27 35 2
66 30 4
19 67 4
94 61 4
78 34 1
56 64 4
72 46 1
98 39 3
7 15 3
60 86 1
41 79 2
66 65 1
98 52 3
54 16 4
25 18 2
86 76 2
18 61 2
16 45 1
5 94 1
30 64 4
28 70 1
95 53 2
83 56 4
28 8 4
90 93 4
49 60 2
8 4 1
76 99 3
69 18 2
10 97 3
23 79 2
46 60 1
88 54 3
88 35 1
49 87 4
56 16 3
53 28 3
32 49 4
86 33 2
52 57 4
48 39 3
13 59 2
24 50 2
67 8 2
85 96 4
62 27 4
67 69 3
78 46 2
74 28 1
81 9 4
65 85 1
48 66 3
96 78 4
98 34 1
66 14 2
82 7 4
2 8 1
94 93 4
96 64 4
64 85 4
65 48 3
11 27 4
61 41 3
25 20 1
64 92 2
84 59 3
86 29 4
87 34 2
36 47 1
24 33 2
72 56 1
86 96 4
5 45 4
29 73 2
71 18 2
69 34 4
61 49 1
59 27 1
92 40 1
70 78 4
93 83 1
87 86 3
0 57 3
74 69 3
78 23 2
57 2 1
9 41 2
24 68 4
31 43 4
66 53 3
16 63 1
51 78 3
9 47 4
7 47 2
4 17 3
32 5 2
10 64 1
56 91 2
16 49 4
17 3 1
36 65 2
12 19 3
50 52 2
48 14 1
99 72 3
37 49 1
92 18 4
83 62 1
2 20 3
28 64 1
39 58 1
86 4 1
70 94 4
36 22 1
57 72 4
47 92 3
84 74 3
70 58 1
42 59 3
44 84 4
61 67 4
13 38 3
37 46 4
68 56 3
52 58 1
16 52 4
74 42 3
68 34 3
29 13 3
34 96 4
52 26 3
40 32 4
54 32 4
80 99 4
46 36 1
67 94 2
10 60 1
71 43 4
70 61 4
15 44 4
79 52 3
56 65 2
7 32 4
93 4 3
1 42 3
99 8 3
30 36 1
16 9 1
49 10 1
10 65 2
78 76 1
63 9 4
93 68 2
47 81 1
59 22 4
46 94 3
83 32 3
79 61 3
65 17 2
31 41 2
61 62 1
67 99 1
15 95 3
21 47 1
16 21 2
99 69 3
80 33 3
19 45 1
18 46 2
74 73 3
30 87 2
1 5 3
47 56 4
44 5 1
88 38 1
95 79 4
20 23 1
86 39 3
83 33 3
15 43 2
47 57 3
51 49 1
19 73 1
95 81 1
10 70 2
57 3 3
14 0 1
1 97 1
92 79 2
45 65 3
27 4 2
87 42 2
35 63 3
21 29 3
62 93 2
45 47 1
88 1 4
2 46 2
60 29 4
40 28 1
33 65 1
66 82 2
4 81 2
83 18 3
40 31 1
60 21 4
78 93 3
58 60 1
10 75 4
92 59 4
57 14 2
44 9 3
84 58 3
16 80 1
26 80 1
79 13 3
90 54 4
52 97 3
67 92 3
93 52 2
8 66 3
0 11 1
49 82 1
24 71 1
6 77 3
4 95 4
61 6 3
32 37 2
88 4 1
85 46 3
29 5 3
85 52 4
87 98 3
3 99 4
44 85 1
98 81 4
7 68 1
10 51 2
36 68 1
41 8 1
94 28 2
15 51 3
23 21 3
96 87 3
58 87 2
76 34 3
19 99 2
40 38 2
89 26 4
68 48 1
57 23 3
24 69 2
6 28 2
96 38 2
5 4 4
76 96 1
86 58 3
24 59 2
85 1 2
52 40 3
98 67 3
99 89 1
50 30 4
30 45 1
34 79 1
8 92 4
97 17 1
32 53 1
25 12 3
44 46 3
41 17 2
5 63 2
14 92 2
89 27 1
47 70 3
9 73 1
83 34 4
64 2 1
14 74 1
90 77 1
86 49 3
16 0 2
48 29 4
87 93 1
90 73 1
91 39 1
3 55 1
81 78 1
53 26 2
45 66 3
26 64 1
4 51 4
33 46 4
98 89 2
10 36 3
17 20 2
94 75 2
47 30 4
39 22 3
69 16 3
21 81 1
79 74 4
40 89 1
35 9 3
4 89 4
7 50 4
12 65 1
32 74 4
38 91 1
96 56 4
87 1 2
54 33 3
20 37 4
99 2 2
88 69 2
88 68 2
6 34 1
79 75 1
92 80 1
3 27 4
30 93 1
64 47 1
86 30 3
38 54 1
32 0 1
54 82 4
92 24 2
99 93 1
75 31 3
38 74 2
71 72 4
81 93 1
37 98 2
15 75 2
10 34 3
24 49 2
21 79 2
1 12 3
15 28 4
98 17 3
85 99 1
41 82 4
4 14 2
8 69 2
33 92 3
82 50 3
40 71 3
30 96 1
73 61 1
54 53 3
51 35 1
11 74 1
4 75 4
1 45 1
85 84 4
23 61 3
56 37 1
26 1 2
15 4 1
75 43 1
3 72 1
63 73 1
34 72 1
58 12 3
56 99 3
34 88 2
48 94 4
79 27 2
90 27 4
63 62 2
36 70 1
59 95 2
12 53 1
12 66 3
72 22 1
65 19 1
69 20 3
54 51 1
33 50 2
64 23 1
42 39 2
0 77 1
24 86 2
64 11 2
95 5 4
86 83 2
32 88 3
61 44 3
80 9 1
74 46 4
40 14 4
84 16 4
7 18 4
80 32 4
69 94 4
26 42 3
33 28 2
82 19 3
44 3 3
59 36 1
0 78 3
2 7 1
88 7 3
37 0 4
64 38 4
27 72 2
76 9 2
24 32 1
86 17 1
96 95 3
72 64 4
85 66 4
78 25 4
22 81 2
0 90 1
18 98 1
17 80 1
39 63 4
49 36 1
83 69 2
51 96 1
38 7 4
63 29 2
73 54 4
36 60 4
34 64 2
26 86 3
52 2 3
54 99 4
66 17 4
91 21 2
48 95 4
28 81 4
80 86 2
65 42 1
58 37 1
63 33 3
60 65 1
32 65 3
68 69 3
88 31 1
1 94 4
20 64 2
1 76 1
33 2 3
59 32 4
41 13 4
65 57 1
90 68 4
25 92 4
12 4 4
83 28 3
6 47 3
90 87 2
77 16 3
22 43 4
81 0 1
66 96 3
84 70 4
57 30 1
6 36 4
25 13 2
87 74 2
29 30 4
98 43 3
86 55 1
96 83 3
27 97 4
24 95 2
94 4 3
9 98 3
42 2 4
13 31 1
48 20 2
50 22 4
86 36 3
48 19 4
3 97 4
86 50 3
63 28 4
52 55 3
63 40 4
66 10 2
99 17 4
12 49 2
9 91 2
19 7 3
81 11 2
33 0 4
81 40 3
58 0 1
38 51 3
65 93 3
12 44 4
73 58 4
30 21 3
1 68 3
53 51 2
90 53 4
66 39 4
17 55 2
40 76 1
2 9 4
85 81 1
5 48 2
84 11 2
83 9 3
22 20 4
9 8 2
53 45 4
71 2 3
65 9 4
33 58 2
42 5 3
73 79 4
52 49 4
1 8 3
65 59 1
89 71 4
46 63 3
87 94 2
53 81 1
59 43 4
13 27 3
61 85 4
11 80 1
72 49 1
15 64 3
53 65 4
44 17 3
58 46 3
7 58 2
98 50 3
44 86 3
69 79 4
31 7 1
9 93 2
82 57 1
30 14 4
20 33 3
93 39 3
65 11 2
11 78 4
70 23 1
12 48 4
71 56 2
83 77 2
18 43 1
46 26 2
54 3 1
62 8 1
38 77 3
42 19 1
23 98 4
68 75 4
99 42 2
75 6 3
98 57 4
70 12 1
41 57 4
25 7 4
68 6 3
35 81 1
96 59 1
20 79 3
86 67 1
45 64 3
82 30 4
54 76 4
67 76 4
85 74 4
54 95 2
25 70 2
24 90 3
15 10 3
68 37 2
74 54 3
83 24 2
65 37 3
78 7 1
66 25 2
28 35 4
11 41 1
15 8 2
82 44 4
41 19 4
94 40 4
82 25 4
67 58 4
29 51 3
74 48 4
64 89 3
50 40 2
68 55 2
14 79 4
97 65 2
92 88 3
7 64 1
85 35 1
60 12 4
11 10 2
70 90 2
5 46 4
64 3 3
33 40 1
3 80 1
14 87 2
68 16 1
84 50 1
50 49 3
69 31 4
92 39 1
85 59 4
60 64 2
88 47 4
44 28 4
39 29 2
24 43 2
20 78 3
11 90 2
19 25 1
27 65 2
56 89 1
29 69 1
95 26 3
30 59 4
47 11 3
26 61 4
77 2 2
88 17 1
14 39 2
62 42 4
25 87 4
82 61 1
6 93 3
87 55 3
36 56 2
86 82 4
72 60 1
36 50 3
86 1 2
44 70 3
80 54 2
73 11 3
69 64 2
76 65 4
98 90 2
26 9 4
77 37 4
18 94 4
40 59 3
11 59 1
54 97 3
23 73 1
92 81 4
90 37 2
88 65 1
68 39 3
17 59 1
94 92 4
82 76 1
6 63 2
22 18 4
90 81 2
85 38 2
43 97 1
86 3 2
80 41 1
19 70 3
95 44 4
12 54 3
45 22 3
28 13 1
32 30 3
99 92 2
0 24 1
40 19 1
14 35 1
14 77 2
75 19 3
11 93 2
61 76 2
40 75 1
63 75 1
47 83 3
85 4 2
38 57 3
66 35 1
60 23 3
80 23 2
88 89 2
53 58 4
28 25 2
32 60 4
83 8 1
75 95 2
62 33 3
50 31 4
44 97 1
49 0 2
0 98 3
16 36 1
89 52 1
18 30 4
34 73 1
21 32 4
32 28 4
2 56 2
49 57 3
94 29 3
26 41 4
71 49 3
44 27 3
33 88 3
67 88 4
63 11 4
99 78 3
86 19 2
39 74 3
41 67 4
89 31 2
43 56 1
39 50 2
42 70 2
66 68 1
27 41 3
97 48 2
55 72 3
86 79 3
72 19 1
2 19 3
44 60 4
5 41 3
3 1 2
89 81 1
94 20 4
1 51 3
91 16 3
25 46 3
72 47 4
22 84 2
70 66 1
83 97 4
73 31 1
37 24 3
86 90 4
39 49 3
57 64 2
25 23 4
43 92 2
35 33 1
15 42 2
10 55 4
16 42 2
19 10 1
66 13 4
82 64 1
11 44 4
28 87 1
42 55 4
55 70 4
60 45 4
47 84 4
65 89 4
19 6 4
6 53 2
1 57 4
66 50 2
36 95 1
13 60 4
43 88 2
33 48 4
84 31 3
94 41 3
63 36 1
22 58 2
81 20 3
16 97 4
44 42 1
17 91 1
19 57 1
89 2 4
99 98 4
50 2 3
71 12 4
74 18 3
83 50 3
10 46 2
44 81 1
44 41 1
85 2 4
12 42 2
80 1 3
76 37 3
13 11 4
98 74 1
16 6 1
34 21 1
16 35 1
31 15 2
62 7 4
85 49 3
23 85 1
76 73 4
62 69 2
59 46 1
6 20 1
12 92 3
65 68 4
91 23 2
66 59 3
97 74 3
36 18 1
29 40 1
4 11 3
84 78 3
79 17 4
54 57 2
46 4 2
37 34 1
61 42 2
57 20 4
58 41 2
88 13 1
81 1 2
22 87 3
87 11 2
38 65 4
88 36 4
48 84 1
99 16 1
82 73 4
86 95 2
19 60 2
30 75 1
4 0 1
98 2 4
98 26 3
57 21 4
67 75 3
91 84 4
13 49 2
82 48 4
52 22 4
76 60 3
45 92 1
86 9 2
43 89 3
75 72 3
44 47 4
31 65 3
7 91 2
97 26 4
32 73 3
91 50 1
38 81 4
43 23 3
46 62 4
74 60 3
25 96 3
72 21 1
6 65 2
75 99 3
56 19 2
90 38 1
56 75 1
65 96 3
20 1 2
38 23 2
0 7 1
84 72 3
66 2 4
62 70 3
64 70 3
8 50 1
18 96 3
6 42 3
35 22 4
70 33 3
61 33 3
35 44 4
2 6 3
43 45 1
64 51 1
67 18 4
64 49 3
69 66 4
36 31 4
14 58 4
16 55 2
22 13 3
30 39 2
66 6 3
73 24 2
79 65 3
0 22 2
74 81 2
53 62 4
28 79 2
37 11 3
46 67 2
28 16 3
84 38 2
39 85 4
50 46 2
91 88 1
92 5 2
32 27 3
56 33 4
76 21 4
71 9 1
19 87 4
41 74 4
39 88 1
52 90 1
71 74 3
85 20 2
34 8 4
24 21 2
71 55 3
19 17 2
47 77 4
21 99 1
76 26 4
7 28 3
85 19 2
56 41 1
88 76 1
91 65 1
33 69 1
47 14 2
1 73 2
93 57 1
84 21 3
7 80 3
69 48 3
30 6 3
31 35 2
72 69 2
51 41 1
68 92 2
4 31 2
25 76 2
68 8 2
93 84 1
34 13 3
98 1 4
26 48 2
66 89 1
26 72 3
0 19 2
2 93 3
37 45 4
96 6 3
39 23 4
38 28 4
2 31 4
82 45 2
17 96 2
11 19 2
88 96 1
79 6 1
90 47 1
29 2 2
89 69 1
82 55 4
10 92 2
10 33 3
4 97 4
49 6 4
56 58 4
21 95 3
90 58 4
78 59 4
65 99 3
74 52 2
88 5 4
78 29 3
73 47 4
95 42 3
28 24 3
66 52 4
3 15 1
14 61 2
25 86 3
87 32 4
51 31 3
18 48 1
39 77 2
39 27 4
20 12 2
87 97 1
59 64 4
97 2 4
94 21 2
98 96 3
46 0 1
35 19 1
17 75 4
73 53 1
76 81 2
89 6 3
91 5 1
4 76 1
18 88 4
23 40 2
20 16 4
61 55 4
23 62 3
80 58 1
90 44 3
25 71 2
20 43 1
79 2 4
56 17 4
27 30 3
16 87 4
33 90 3
55 74 4
70 0 4
88 11 2
6 56 4
66 21 4
53 57 4
85 13 4
74 93 2
17 33 2
61 16 1
11 72 4
0 72 1
43 63 3
94 60 3
3 20 4
16 32 3
43 4 1
50 72 4
41 87 2
18 44 2
12 73 2
0 59 2
57 75 3
21 77 4
95 33 2
55 5 4
18 15 3
42 90 1
91 32 1
37 72 3
47 43 2
47 59 1
41 71 1
16 25 3
23 24 1
19 76 1
73 57 1
69 22 2
29 72 4
89 45 2
84 25 3
55 46 3
48 24 4
20 99 1
57 71 2
49 81 2
0 64 2
69 54 3
3 81 4
76 84 2
80 25 3
76 22 2
33 66 2
98 45 3
26 12 1
6 94 1
3 10 3
56 62 2
11 51 2
84 94 4
21 67 4
26 78 4
68 21 2
97 84 1
39 60 1
16 86 1
10 99 2
9 37 4
68 31 2
11 92 3
26 25 4
48 47 4
60 14 2
95 92 3
60 40 2
96 84 4
95 28 1
76 15 1
52 44 2
16 53 4
63 54 4
93 41 4
24 85 4
12 76 3
27 66 3
34 17 4
29 14 4
22 8 2
94 53 2
77 29 2
48 38 2
97 67 4
26 65 3
0 84 4
66 67 1
73 3 4
1 78 3
25 29 2
9 90 3
97 33 2
17 26 2
95 52 1
94 24 1
56 35 2
29 71 1
44 78 4
84 19 3
27 18 2
24 10 2
10 87 1
40 35 1
42 36 4
4 45 4
80 77 1
86 2 1
74 90 1
0 42 3
25 9 2
55 31 4
59 88 2
62 59 3
80 45 4
51 36 4
12 84 4
3 60 1
15 65 4
41 90 1
50 43 2
15 45 2
9 32 3
80 82 1
13 61 3
61 0 4
8 73 2
73 64 3
33 16 3
34 85 4
35 72 2
78 68 4
41 78 4
37 36 4
56 29 1
87 27 4
56 60 1
31 87 1
65 84 2
5 35 1
24 65 3
38 69 2
73 62 1
46 51 2
69 95 1
31 60 3
66 61 4
55 93 4
89 59 4
64 80 1
40 78 1
69 30 3
55 25 2
66 79 3
27 12 2
27 70 3
11 69 1
40 7 1
41 47 3
67 28 1
68 58 4
57 95 3
53 37 3
28 45 2
13 74 2
54 46 3
28 26 2
60 2 2
74 26 4
21 83 4
7 99 2
62 34 4
63 18 4
44 8 1
37 75 2
61 59 3
7 75 4
72 91 3
62 55 3
36 55 1
67 6 1
24 70 1
19 69 1
76 35 1
7 5 3
36 8 3
52 6 4
51 75 4
70 26 4
25 2 2
58 76 4
98 79 3
7 70 2
58 99 4
96 21 3
34 38 2
28 42 4
70 52 4
95 10 4
20 49 2
96 49 3
22 98 4
49 83 1
91 75 3
13 56 2
95 93 2
57 16 1
10 59 3
40 3 1
1 59 3
41 50 1
70 30 4
50 23 4
63 7 1
71 38 2
39 75 4
9 53 1
94 33 2
94 43 3
33 22 1
62 90 2
37 26 4
0 97 2
80 84 3
93 75 3
61 53 2
96 54 3
59 79 1
38 56 4
58 54 3
46 99 4
87 48 2
65 55 4
71 34 4
19 63 2
66 64 3
28 73 4
81 45 2
40 85 1
25 61 1
12 91 4
99 1 3
67 37 1
31 11 3
70 75 4
46 91 3
98 19 2
5 28 1
39 87 2
2 63 4
64 94 1
60 33 3
79 82 2
40 79 3
75 28 1
89 60 3
49 95 4
12 45 1
11 49 3
59 73 3
95 16 4
6 78 2
68 96 1
38 25 1
45 91 1
56 30 3
64 81 2
48 83 4
7 97 3
99 5 4
56 32 1
70 54 4
80 55 1
37 47 2
38 44 1
1 49 3
40 86 1
13 57 2
48 56 2
12 75 4
89 86 3
44 30 2
15 14 3
78 72 3
63 83 2
18 38 3
50 67 2
4 74 2
93 40 4
81 54 2
89 91 4
35 32 1
7 57 1
16 29 1
84 63 1
53 68 3
90 48 1
65 75 3
34 41 1
96 37 3
69 76 2
81 83 2
0 23 4
8 89 1
60 28 1
72 24 4
0 50 2
77 13 1
73 7 1
44 66 4
10 13 1
80 47 1
3 75 4
52 94 1
71 53 1
14 90 2
65 4 2
83 12 2
84 36 2
76 97 2
16 98 3
53 91 4
46 3 2
5 49 3
4 1 3
11 6 4
36 62 4
98 75 2
16 2 3
85 87 1
25 94 3
50 92 2
73 14 1
77 18 1
8 29 3
74 2 2
77 12 3
44 69 2
83 39 2
6 76 2
97 93 4
40 54 1
96 99 4
81 41 3
56 12 1
9 0 2
52 62 1
10 48 2
5 90 1
79 44 4
52 35 3
52 36 3
58 93 3
85 25 4
27 6 1
79 88 3
14 25 1
70 13 2
12 98 3
61 5 4
3 96 3
80 22 1
86 20 4
71 93 3
76 42 3
37 38 2
77 19 2
41 6 2
10 8 1
7 21 3
37 84 3
94 49 2
73 42 3
64 1 2
56 39 2
43 74 1
34 24 4
82 53 4
88 6 4
54 94 2
74 27 4
58 23 4
83 14 3
60 91 2
63 52 3
53 99 4
27 54 2
42 72 1
84 92 3
32 15 1
74 40 3
2 28 3
25 8 3
17 15 3
27 8 2
63 20 1
91 10 1
84 56 1
17 50 2
33 18 2
65 98 2
22 2 2
48 9 2
2 0 3
42 66 3
81 37 3
47 2 1
71 52 2
23 22 3
73 30 3
39 37 1
85 33 1
14 8 1
28 62 3
9 58 4
85 21 2
5 89 3
19 95 3
43 27 4
15 94 1
29 89 1
53 50 4
75 81 3
31 1 1
95 73 2
89 58 4
85 8 3
10 79 1
53 40 1
80 52 4
63 74 4
11 89 2
85 67 1
15 22 4
38 36 1
83 52 1
58 81 3
83 64 4
6 29 3
7 56 2
55 29 2
57 34 1
35 99 4
76 41 4
36 79 2
15 25 3
23 18 1
68 30 1
4 67 3
24 20 4
60 6 3
13 12 3
28 52 2
18 16 2
45 44 2
24 75 4
51 42 4
93 20 2
1 63 1
24 77 2
45 46 1
85 26 4
85 7 3
28 89 3
99 57 1
43 29 1
52 7 3
33 32 1
2 38 2
36 5 3
42 64 4
49 23 2
34 45 3
9 43 1
67 12 1
68 60 4
23 31 4
86 62 4
17 95 1
74 44 2
15 48 2
69 97 3
71 63 1
24 4 2
86 66 4
68 72 4
81 50 2
24 98 2
23 51 3
46 47 1
38 98 4
55 81 1
45 86 1
4 80 1
50 4 4
25 31 1
86 63 3
23 75 3
14 81 1
43 93 1
58 17 4
88 57 1
27 99 2
53 46 3
17 69 1
61 68 3
1 84 2
10 86 2
35 90 4
80 5 2
39 54 4
64 63 3
38 59 4
28 48 3
95 62 2
41 98 4
47 27 2
7 67 3
41 39 2
48 46 1
18 80 3
78 75 2
44 0 3
88 97 3
57 42 1
71 87 2
53 30 1
24 79 1
59 86 2
84 42 3
17 52 4
49 88 3
80 2 4
5 70 3
6 57 2
14 67 3
30 62 4
16 17 1
84 86 1
90 95 4
41 12 1
75 90 1
64 19 1
38 80 4
51 25 1
75 9 1
2 94 3
90 28 2
57 10 1
23 3 3
90 59 2
36 44 1
57 79 3
61 32 4
8 97 3
24 61 1
54 15 4
97 35 2
38 58 2
51 93 2
88 8 1
98 80 4
34 42 1
7 36 4
8 47 1
77 66 3
60 92 4
24 14 4
67 73 2
79 97 1
29 37 4
14 34 2
99 13 3
56 15 2
10 50 3
52 84 3
17 27 3
86 72 4
48 98 1
81 51 3
1 14 4
2 91 4
40 4 1
54 41 1
50 38 1
43 1 3
39 99 3
44 58 2
62 35 3
36 58 3
41 70 1
25 10 4
24 84 2
10 42 1
24 78 4
5 67 3
88 10 1
59 14 4
33 44 3
14 22 4
65 87 1
36 92 3
3 7 4
17 38 4
38 46 1
6 97 2
42 77 2
41 43 2
84 4 1
76 28 3
72 96 1
87 72 3
36 1 1
6 99 2
76 47 4
72 15 4
69 75 3
77 44 4
46 82 1
29 85 4
65 70 2
93 38 3
55 89 2
29 41 1
18 34 4
48 89 1
22 24 3
0 47 1
47 12 1
50 64 4
34 52 2
7 6 3
32 76 2
31 21 3
37 69 4
55 21 1
24 96 2
56 98 4
16 89 1
91 48 4
62 54 2
10 35 1
36 99 1
42 98 4
88 99 4
67 60 3
77 99 4
42 58 2
53 3 3
26 22 4
3 91 4
11 95 2
45 25 3
53 63 1
53 33 1
78 95 3
3 71 1
2 69 1
1 32 1
57 86 1
14 94 1
9 45 1
77 94 2
79 45 2
9 21 3
53 93 2
24 13 1
63 78 4
65 52 1
23 74 1
62 0 1
94 26 2
58 61 3
67 0 2
22 96 1
40 66 2
50 25 3
14 38 4
36 98 4
39 97 4
78 30 1
3 76 3
0 68 4
68 35 1
66 46 3
28 58 3
68 3 3
5 98 3
58 45 3
62 84 3
57 27 3
39 5 4
78 14 3
55 23 3
83 70 3
99 18 3
37 94 2
26 91 1
25 41 2
43 34 2
55 28 1
18 4 2
8 45 3
65 2 2
59 81 4
65 43 2
93 89 2
17 12 4
24 6 3
91 33 1
42 17 3
79 26 4
82 47 4
80 95 2
36 2 1
71 73 4
24 29 1
80 37 2
82 95 4
17 60 2
14 53 2
84 75 1
57 32 2
74 82 3
98 84 2
17 2 4
51 74 2
43 84 3
39 61 1
32 36 1
96 77 3
9 64 3
36 23 4
10 89 2
55 73 3
78 77 3
11 83 3
10 32 2
8 70 3
39 4 4
45 39 1
96 58 1
83 2 2
25 69 4
37 85 2
54 35 3
96 91 4
77 87 2
56 22 1
79 42 2
66 26 4
9 28 4
7 53 4
47 49 2
72 40 2
7 81 3
40 45 1
45 76 2
31 81 3
63 67 3
56 25 1
26 82 2
41 65 2
16 74 2
77 92 2
87 15 2
30 61 1
66 51 3
67 96 4
71 46 4
26 90 1
54 43 4
41 59 2
84 57 1
80 31 1
67 79 3
89 90 4
3 77 3
2 78 1
10 68 2
69 9 3
52 4 2
36 14 4
47 61 2
81 2 1
15 91 3
76 94 3
30 15 3
65 16 4
80 73 1
94 0 3
38 45 1
84 45 4
71 5 1
10 4 1
53 70 4
23 97 4
22 85 4
61 92 1
16 14 3
17 46 2
20 76 1
17 30 2
56 45 3
97 49 3
82 69 1
70 91 2
76 31 2
40 69 4
38 19 2
62 22 2
51 56 2
84 6 2
76 11 4
51 47 1
2 75 2
32 68 4
47 63 2
42 93 1
11 25 2
38 82 4
5 43 3
5 34 3
92 98 4
21 43 4
75 97 2
92 86 1
18 29 4
80 62 2
79 43 4
27 38 2
20 29 2
91 69 3
42 46 4
65 80 2
24 45 2
90 66 2
15 33 3
76 0 3
52 32 1
79 50 4
48 42 4
20 87 1
1 10 3
23 76 3
22 90 2
41 38 1
30 67 3
39 53 2
28 97 1
97 14 2
21 56 2
48 45 3
5 19 1
95 7 3
0 34 2
73 0 4
94 99 3
69 13 1
20 4 4
94 3 4
37 54 1
95 25 1
85 57 2
13 81 2
25 72 2
3 14 3
54 98 3
85 42 3
85 9 1
7 46 2
74 45 3
82 8 4
93 49 4
78 54 3
13 94 4
25 5 4
48 86 1
18 17 4
13 71 2
27 60 3
83 44 2
73 69 3
94 65 2
52 11 1
55 98 2
6 15 4
68 94 1
74 9 3
3 74 3
82 1 1
68 80 1
91 28 1
74 29 3
77 82 1
76 43 2
32 86 2
23 2 4
1 90 1
21 11 4
32 98 4
35 39 3
54 0 2
37 40 1
91 40 2
70 29 2
8 26 3
97 40 2
75 46 2
35 87 1
77 32 2
45 18 4
4 2 2
99 74 4
80 78 4
24 97 4
70 96 2
67 24 1
81 29 1
91 8 2
90 10 3
51 9 1
97 29 2
23 92 1
54 34 4
23 41 2
61 80 1
57 37 2
5 11 2
56 18 3
45 17 4
2 37 3
79 96 2
29 54 4
52 77 1
84 69 4
41 49 2
27 80 1
6 17 4
85 36 3
17 89 1
78 94 2
49 76 3
89 85 1
48 27 3
72 70 3
30 91 1
2 13 1
81 33 3
60 43 2
54 89 1
80 69 1
70 35 4
2 18 3
27 26 4
31 14 2
65 83 2
98 33 3
75 96 1
80 12 4
61 77 2
69 42 1
92 27 2
78 17 2
70 79 4
95 58 3
11 14 2
1 60 2
99 52 1
12 95 4
64 75 4
89 33 3
32 20 1
98 88 1
63 51 1
59 3 1
16 94 3
26 67 2
16 38 2
82 51 1
45 63 1
66 58 3
23 17 2
68 73 1
48 37 2
9 61 2
44 59 4
89 14 1
12 9 4
59 63 4
74 70 4
34 30 4
78 36 4
53 97 2
71 37 1
95 23 1
17 81 3
86 0 3
31 96 1
9 57 2
95 34 3
18 66 4
61 83 3
0 17 2
93 15 3
78 19 1
82 63 4
68 38 3
99 12 3
22 42 1
36 72 1
17 40 1
16 58 3
23 88 1
15 96 3
38 83 2
50 14 1
91 43 2
52 23 4
63 60 2
59 20 3
61 15 4
76 55 3
69 10 4
26 0 4
0 21 2
83 68 4
60 75 4
19 62 3
93 35 4
19 50 2
45 85 1
39 40 1
68 76 2
28 56 1
60 15 1
69 71 3
63 38 1
14 69 2
41 33 3
92 65 3
52 54 2
68 70 2
44 57 4
66 19 3
47 13 3
27 37 1
11 98 1
37 21 4
13 50 4
3 25 3
9 77 2
17 77 1
44 40 4
86 91 2
29 99 4
20 58 3
48 22 1
59 55 1
61 1 1
70 48 1
31 29 1
33 8 1
82 6 2
14 85 1
57 59 4
54 86 4
6 64 3
94 98 2
39 44 2
33 12 4
96 27 3
48 76 4
10 22 2
21 8 4
0 93 3
22 31 1
74 76 2
88 25 2
80 10 1
50 94 1
96 10 3
48 63 4
5 14 3
59 52 1
58 47 4
60 96 1
62 81 4
49 30 1
5 81 3
56 74 4
51 24 4
49 67 4
58 11 3
48 41 2
64 88 1
66 1 2
89 75 3
19 22 4
18 53 2
10 39 4
24 76 1
99 41 2
82 10 1
54 45 4
4 36 4
56 49 2
48 1 2
55 22 4
45 75 1
27 78 2
91 52 1
62 5 2
27 46 4
72 32 4
91 64 1
41 32 3
31 47 1
3 32 1
77 57 3
77 23 4
21 18 3
14 42 1
85 70 2
93 44 4
86 13 1
25 65 2
34 33 3
63 15 2
49 27 3
2 72 4
26 54 3
32 18 2
18 62 1
23 68 2
41 15 2
79 54 1
31 48 4
68 26 2
48 99 4
87 80 4
32 31 2
64 33 4
71 22 2
61 43 3
36 87 2
38 79 1
41 22 2
4 55 2
57 48 3
97 34 3
48 53 1
58 77 3
33 67 2
92 72 1
77 34 4
93 92 1
83 15 2
69 21 2
10 41 4
6 14 4
7 26 4
41 91 4
81 12 3
15 89 4
4 72 4
13 33 4
50 62 2
23 54 3
20 45 3
48 17 4
47 23 1
30 42 1
56 97 4
70 92 3
85 97 2
91 93 4
70 14 3
57 24 2
84 27 3
22 93 2
42 31 4
97 94 1
24 41 1
77 26 1
67 74 4
43 86 4
47 40 1
32 97 2
95 61 4
80 70 3
80 0 2
40 16 4
94 85 3
99 40 1
58 75 2
24 15 3
0 79 3
56 59 2
36 27 4
75 66 2
85 31 1
95 51 3
54 55 2
31 17 4
74 96 4
35 82 4
54 28 2
71 7 1
97 71 1
85 60 3
13 53 1
31 18 1
93 82 3
32 82 2
2 61 2
76 46 3
36 11 4
56 14 2
52 56 3
19 46 1
83 31 1
44 71 2
88 58 3
86 65 2
83 58 1
23 35 3
21 51 4
80 20 4
7 72 3
62 60 3
1 67 2
17 39 2
34 4 1
32 96 1
90 16 4
79 77 4
60 4 4
62 66 3
62 21 3
34 60 3
13 5 1
72 81 2
55 14 1
42 67 2
2 55 2
11 82 1
11 17 2
67 83 3
26 43 4
26 71 3
73 70 4
52 68 1
27 64 3
19 3 2
74 66 3
86 28 4
13 97 4
26 34 3
12 50 2
9 95 3
69 46 1
42 24 1
27 29 1
38 12 4
93 3 3
97 47 3
14 52 3
99 61 1
27 45 4
16 85 4
50 6 1
0 12 4
22 57 2
9 3 1
69 78 3
68 87 4
78 45 2
99 4 1
12 2 2
9 13 1
70 59 2
44 23 4
20 10 1
91 66 3
95 67 2
86 61 1
32 92 3
22 32 1
62 94 3
3 8 4
43 16 1
15 50 3
92 28 1
60 99 1
11 96 1
87 5 4
80 53 3
15 67 3
73 87 3
46 95 2
70 6 3
87 59 1
30 10 4
38 70 3
77 95 1
9 7 2
8 86 2
73 72 4
53 20 2
72 59 2
25 30 2
23 84 4
20 97 4
10 71 2
13 36 1
29 92 2
20 5 2
22 11 4
86 97 2
20 0 2
84 46 2
53 56 1
60 50 1
99 26 1
34 86 2
86 94 3
53 35 3
71 94 3
29 87 3
58 21 4
43 0 3
90 67 4
38 43 1
55 94 1
93 10 4
21 26 1
72 41 4
96 28 3
45 31 4
56 40 3
8 53 3
70 93 4
65 46 3
56 9 1
75 20 2
51 5 4
36 40 4
27 71 4
47 85 4
23 65 3
88 26 3
82 13 4
69 56 2
69 6 4
0 51 2
29 64 3
98 61 4
38 53 3
17 21 1
31 20 2
11 61 1
14 49 4
12 97 1
7 11 3
34 20 2
76 79 4
80 63 4
14 28 2
88 3 1
60 87 2
2 1 4
8 77 3
45 32 3
41 16 1
10 27 1
54 64 2
44 75 2
49 15 2
62 48 4
18 73 1
26 39 4
17 9 3
46 43 2
10 29 2
48 59 4
84 17 4
12 35 1
39 62 2
14 21 1
31 59 4
11 20 2
47 22 3
79 15 3
15 12 3
30 22 1
34 12 2
40 8 1
17 82 2
36 93 1
30 3 2
11 38 4
38 6 3
24 2 4
41 55 4
88 80 2
14 43 2
32 29 2
73 37 4
97 59 3
77 97 1
7 4 4
66 83 4
45 51 4
18 13 3
75 13 2
68 82 1
9 23 4
89 24 4
51 37 1
22 44 2
96 43 2
71 81 1
70 17 2
77 56 2
42 37 4
63 34 1
18 0 2
17 24 2
68 67 3
62 96 3
77 64 1
17 35 2
60 71 3
80 96 4
72 20 4
12 55 1
54 75 2
3 35 4
49 34 1
63 3 2
58 34 4
52 45 1
0 45 1
90 51 4
82 5 2
21 45 1
85 76 1
67 9 1
42 92 2
55 79 3
6 18 2
2 49 4
92 62 4
9 10 1
12 37 1
3 26 1
66 60 4
79 93 1
19 59 4
16 23 1
19 55 3
29 45 2
89 0 2
59 50 4
49 7 2
27 23 2
72 8 4
92 30 2
59 9 3
60 70 1
63 77 4
19 51 3
16 66 4
46 21 1
33 36 3
51 27 3
66 32 1
77 59 4
58 1 1
19 92 3
99 38 2
46 35 1
28 78 1
6 83 4
72 58 1
8 32 3
84 32 3
10 7 2
79 39 3
23 63 2
56 88 2
31 12 1
22 5 2
54 72 1
23 46 2
6 40 1
40 73 2
89 22 3
2 35 1
22 12 4
25 67 1
55 15 3
89 62 4
39 13 1
78 64 2
36 45 1
3 22 1
2 82 1
24 26 4
67 72 3
22 77 2
29 53 4
30 94 3
99 22 3
56 50 2
79 72 4
6 26 1
56 44 1
11 66 3
66 3 3
58 57 4
50 21 1
87 3 2
78 5 2
50 26 2
56 81 2
97 72 1
62 1 1
17 94 1
81 46 4
83 99 4
19 44 4
10 6 4
69 45 4
85 77 3
88 75 1
19 61 3
54 17 3
31 44 2
53 19 4
61 60 3
93 14 2
88 72 4
20 70 2
35 86 2
70 71 2
62 45 3
8 75 2
34 53 3
44 96 4
7 93 2
33 4 3
35 34 1
46 6 4
15 68 1
38 89 3
43 99 4
24 31 4
46 64 1
17 92 4
68 97 2
86 46 2
9 29 3
7 51 1
89 20 1
96 47 4
66 4 4
52 46 2
2 84 2
11 24 2
8 48 1
22 73 2
48 55 4
52 87 1
31 56 2
30 79 2
85 54 2
5 85 4
75 41 1
34 3 4
67 64 2
99 66 2
96 81 1
20 92 3
2 68 4
22 37 3
5 97 4
7 44 4
19 83 3
44 89 3
66 94 2
49 22 3
82 9 2
45 35 4
60 95 3
49 55 4
25 57 2
18 1 4
79 4 2
43 30 4
82 81 4
60 37 1
55 38 3
60 98 4
26 32 1
18 84 3
49 42 4
10 77 3
39 51 2
27 34 2
99 25 3
34 56 1
26 44 3
54 2 2
91 19 2
26 62 4
68 91 3
52 73 2
30 77 1
73 15 4
0 52 2
49 9 1
55 18 3
72 51 3
2 95 2
54 48 2
73 10 4
92 89 1
79 78 2
32 81 1
29 90 2
87 4 1
30 95 3
65 3 4
38 94 2
30 8 3
70 34 3
98 83 3
38 20 1
42 52 2
83 88 1
21 86 1
26 93 2
80 59 3
90 49 3
99 37 1
9 19 3
59 21 2
73 96 1
39 0 3
53 24 3
4 47 1
86 93 3
82 4 1
28 80 1
91 98 4
53 87 2
36 57 3
30 33 1
42 71 3
36 43 4
52 67 4
67 13 3
18 59 2
90 2 3
19 16 1
91 1 1
29 82 4
50 65 1
59 23 3
81 23 1
58 27 3
79 51 3
8 96 2
47 3 4
26 55 3
44 63 3
30 23 2
38 3 2
27 16 1
73 17 1
72 17 2
41 42 4
91 44 1
71 16 4
38 67 1
69 47 2
11 62 2
89 61 1
21 36 3
24 62 1
60 84 2
15 1 1
83 53 2
66 55 1
65 8 1
49 69 1
83 54 3
56 24 3
61 54 3
96 19 1
65 67 4
89 72 3
84 13 3
19 89 1
47 87 4
83 59 4
16 7 1
65 28 1
90 45 2
5 93 2
25 59 4
60 88 2
47 38 4
24 47 3
19 28 4
74 89 4
28 84 1
39 34 4
6 92 4
96 7 3
58 78 2
29 59 2
51 13 1
85 83 4
70 15 3
90 91 4
47 54 1
46 30 4
32 23 2
12 62 4
1 34 4
51 67 3
64 84 4
25 91 1
52 8 4
71 99 1
51 2 4
0 63 3
71 98 1
23 94 4
65 73 4
66 20 4
49 35 1
30 31 3
38 1 2
37 92 2
78 21 3
64 95 1
97 58 1
0 36 3
49 91 3
50 74 3
36 71 2
87 54 3
92 82 2
57 17 3
88 2 3
91 13 4
18 57 4
35 83 3
98 73 4
58 65 4
47 55 4
38 33 4
44 68 3
15 35 4
47 98 2
88 94 3
89 95 4
13 78 4
33 14 1
42 27 4
82 36 3
79 37 1
43 44 2
58 43 3
98 35 4
66 98 2
75 47 1
80 74 4
75 42 1
86 98 1
57 66 3
2 40 3
85 88 1
91 18 4
86 70 1
41 62 1
23 1 1
50 18 1
84 8 1
10 16 3
7 60 3
55 83 3
89 79 3
78 4 2
51 22 2
73 33 1
69 60 2
32 47 2
4 13 1
48 11 4
51 44 4
90 78 4
22 28 2
17 85 4
18 37 2
24 39 2
62 17 3
6 73 1
39 36 3
13 40 4
62 51 4
14 37 1
73 43 1
34 93 4
58 4 1
63 88 3
28 30 1
63 56 3
11 67 3
78 31 4
97 38 2
88 84 2
54 30 4
87 78 3
25 79 3
13 55 1
85 71 1
68 98 3
10 63 4
75 59 4
11 8 2
18 75 3
38 35 3
16 26 1
61 74 3
9 27 4
79 35 3
88 40 3
38 61 3
88 9 4
18 82 2
48 67 2
96 89 3
58 25 4
66 93 1
12 74 1
13 42 4
1 77 1
26 47 2
75 35 1
36 77 2
87 2 1
42 3 3
59 45 1
52 5 2
24 55 2
1 56 1
90 18 2
76 33 2
64 36 1
99 33 1
78 56 3
93 23 3
64 53 1
30 40 3
47 29 1
13 1 2
42 89 1
18 72 2
21 22 2
40 68 3
53 44 2
66 63 3
88 82 4
12 43 4
58 30 2
36 24 3
39 96 1
91 4 1
31 64 2
69 28 2
83 16 4
88 29 2
91 24 4
30 81 1
22 97 2
49 65 3
15 21 3
25 64 4
83 26 2
61 28 1
40 84 4
41 60 1
46 87 1
96 16 4
86 85 2
70 97 2
15 85 1
9 84 3
31 86 2
41 84 3
14 88 3
85 28 4
40 10 3
78 33 3
90 20 4
83 71 3
64 37 1
82 43 3
13 23 1
63 30 2
42 20 3
66 24 2
32 4 1
85 82 1
88 53 3
84 7 2
78 12 3
46 11 4
63 65 3
57 33 2
49 48 3
18 28 4
87 79 4
11 26 4
38 15 4
69 43 1
98 7 2
60 0 2
48 40 2
33 19 4
10 43 1
75 77 1
26 81 4
53 75 3
51 77 1
95 63 3
18 5 4
69 55 2
76 39 4
44 20 2
31 39 1
50 75 4
17 37 1
10 31 2
4 83 1
58 8 3
72 28 4
17 22 2
20 28 1
17 29 3
73 93 2
27 21 3
13 95 4
87 92 3
2 67 2
74 72 3
14 84 4
13 6 4
4 37 4
7 1 3
85 58 4
63 55 2
99 87 1
25 97 3
2 14 2
81 84 3
30 89 1
28 0 4
59 82 1
28 51 4
70 46 4
51 86 1
36 53 1
67 34 3
52 39 3
49 46 2
57 81 2
81 88 3
66 0 2
