2475 100
0 57 7
0 79 2
0 34 2
34 28 4
57 64 1
64 16 2
16 98 9
34 19 7
16 76 1
98 46 7
19 73 7
34 85 2
98 47 8
98 60 9
85 62 4
57 92 5
57 13 8
34 48 3
34 77 6
92 6 5
0 44 9
60 14 9
98 87 5
19 23 7
0 97 6
47 69 8
76 15 6
85 78 9
19 70 2
57 36 9
13 9 5
64 63 5
64 95 9
87 18 5
46 24 9
95 42 6
87 58 2
48 5 6
6 29 5
24 52 8
14 72 9
87 27 1
19 40 3
63 7 2
24 30 8
52 89 2
64 21 5
34 50 8
48 56 9
58 39 9
16 93 4
69 22 1
48 3 6
69 71 4
50 8 6
52 83 9
71 45 2
8 86 5
92 33 4
19 26 1
89 38 9
69 10 7
48 84 2
9 25 2
42 99 2
76 66 4
72 41 1
56 90 8
29 94 9
77 67 1
46 4 8
30 91 7
15 82 3
97 53 2
77 74 6
99 12 4
77 37 6
94 11 5
12 32 8
39 75 9
0 1 3
25 20 6
93 35 5
77 65 4
23 61 4
82 88 3
82 96 7
99 59 2
6 81 5
10 49 6
74 43 1
7 17 3
8 31 7
77 51 4
25 55 8
58 54 5
23 2 7
75 68 8
47 80 5
75 72 3
67 26 2
83 33 2
3 8 1
28 25 2
83 60 4
99 47 1
75 82 4
76 90 3
12 22 1
28 44 3
86 96 1
67 40 2
93 38 2
39 92 2
94 71 4
51 20 2
8 15 3
18 5 2
81 92 4
49 78 3
1 93 4
37 64 3
12 73 1
58 14 3
35 23 3
5 80 3
40 74 3
95 7 2
3 53 1
18 50 1
4 83 2
18 46 1
27 63 4
45 19 2
97 82 1
79 24 3
45 87 3
35 2 1
2 77 2
61 91 1
41 7 3
0 83 1
75 31 4
35 1 3
4 76 2
20 1 2
90 13 4
33 13 2
20 39 1
82 37 2
12 45 3
90 9 3
22 74 3
42 26 2
97 15 3
46 84 2
96 2 4
75 9 2
24 26 3
1 70 3
1 34 1
93 29 3
99 58 2
75 23 4
55 53 3
55 36 2
52 47 3
33 47 4
44 29 2
11 69 4
4 96 2
23 15 1
9 67 3
91 74 1
98 8 4
48 85 1
75 35 1
26 87 3
80 31 2
27 73 4
60 31 4
1 75 3
54 7 4
74 41 3
86 12 1
10 40 2
97 61 1
70 69 1
62 66 3
10 44 1
5 22 2
56 24 1
33 5 1
30 68 3
76 9 3
81 89 1
92 44 1
22 53 1
41 54 1
21 43 4
0 58 1
90 87 1
28 93 1
93 11 2
91 44 1
38 46 1
72 87 3
70 42 1
28 47 3
66 97 1
89 55 2
75 13 2
95 48 3
83 2 1
42 8 2
78 8 1
32 65 1
72 39 4
28 41 2
94 81 4
8 12 2
40 23 1
59 35 2
53 77 2
54 55 2
84 41 4
79 40 1
24 9 3
93 65 3
64 51 4
1 57 3
80 96 1
34 62 2
98 57 4
31 48 1
65 20 4
90 57 4
44 6 1
54 63 3
31 50 3
39 73 2
89 20 1
49 3 1
32 85 4
6 46 1
41 22 1
95 56 1
21 47 2
9 52 3
53 63 4
40 25 2
42 58 3
95 43 1
27 33 2
48 79 4
29 15 4
54 2 2
53 30 2
84 44 2
48 38 1
4 43 1
55 42 1
89 24 3
48 60 3
12 47 1
49 85 1
0 25 3
1 3 1
41 21 4
33 20 1
63 91 4
40 39 2
11 23 1
21 98 3
43 8 3
64 44 2
88 62 1
87 35 3
84 53 4
24 51 1
95 27 3
18 21 1
11 60 3
62 44 4
48 68 3
76 48 4
68 19 3
52 49 4
73 54 4
49 55 2
90 62 2
39 32 4
69 33 2
96 28 3
11 21 4
59 93 4
70 46 2
81 1 1
13 37 1
49 8 3
6 64 1
4 16 1
92 31 4
42 41 2
66 56 2
65 0 3
51 29 3
20 66 4
57 38 1
16 19 4
72 24 4
26 82 3
28 98 1
67 33 1
54 50 3
44 63 1
59 5 2
52 7 3
65 74 3
20 74 4
63 55 2
93 34 1
85 29 4
52 78 4
79 89 1
81 29 4
9 49 4
13 65 2
16 86 4
34 8 2
61 79 1
90 28 2
50 87 2
85 99 4
94 18 3
98 76 2
56 96 1
64 91 4
46 42 4
76 85 2
23 68 3
77 96 1
49 29 3
98 59 3
12 95 4
65 75 4
34 10 4
86 94 2
82 46 3
11 92 4
35 65 2
51 60 2
10 41 2
57 24 4
31 33 3
77 32 2
93 32 3
59 53 1
16 46 3
80 94 2
65 92 4
8 38 2
38 79 4
73 24 2
97 44 1
44 74 1
60 44 4
8 77 2
9 31 2
50 58 3
78 93 2
53 28 3
66 22 1
12 42 4
18 25 3
96 94 1
59 88 3
33 63 1
77 95 3
2 44 1
30 6 1
51 82 1
93 17 2
36 35 4
97 26 4
56 76 4
25 16 1
60 20 2
45 37 4
69 51 2
68 39 1
15 17 4
46 69 2
90 22 3
56 71 2
73 83 4
6 3 3
50 70 2
63 43 3
1 18 2
81 42 2
36 33 2
13 26 4
23 50 4
43 92 2
82 70 4
23 38 3
58 38 3
61 76 1
15 13 1
62 92 1
91 47 2
13 69 2
5 31 3
83 90 1
51 57 4
8 75 3
10 48 1
78 51 3
97 88 3
84 58 2
21 57 4
38 82 4
23 24 3
93 31 4
64 15 2
15 91 2
28 73 3
31 82 1
68 61 1
21 76 2
92 30 2
55 66 3
99 95 1
48 6 4
69 5 4
40 36 1
82 25 4
66 40 4
18 20 3
35 13 2
88 5 3
11 62 1
36 70 2
84 67 1
75 78 4
69 40 2
58 59 4
20 31 1
49 82 1
25 14 3
70 60 2
56 97 2
16 47 1
68 40 1
99 51 4
68 51 3
2 81 3
2 73 4
12 36 3
35 27 2
68 10 1
98 42 4
63 10 4
73 86 4
18 43 2
79 29 4
48 41 3
35 56 3
41 18 4
77 47 3
59 45 2
79 65 2
98 2 1
31 86 1
39 44 2
74 30 1
17 55 4
9 56 4
77 16 3
78 92 1
7 2 2
19 49 1
16 83 1
1 47 3
11 68 1
96 25 1
29 66 2
73 69 4
36 84 1
62 79 1
33 0 4
37 99 2
93 25 3
26 35 4
83 26 2
71 87 3
12 89 2
76 32 1
96 76 3
71 27 3
62 83 4
35 92 4
92 9 1
24 76 1
1 32 1
96 33 2
7 6 2
59 54 1
1 59 4
34 26 4
49 73 4
88 16 1
94 27 2
79 18 2
41 97 2
33 98 2
12 58 1
31 6 1
50 29 4
48 82 4
10 15 1
42 36 2
13 21 1
72 55 3
91 22 3
55 92 1
56 38 3
0 10 4
78 38 2
60 78 4
4 93 3
43 73 4
70 87 1
85 11 1
69 57 3
93 48 1
0 54 3
52 75 2
67 42 4
22 62 4
19 99 3
27 82 1
91 55 4
36 16 4
45 25 1
18 95 2
34 49 1
46 10 1
26 55 1
81 69 4
41 94 4
30 76 4
58 79 4
31 87 1
86 29 4
17 1 4
15 28 2
97 91 1
32 50 2
90 97 4
55 81 4
49 6 1
80 67 1
65 37 2
43 50 3
77 11 3
99 28 2
28 8 4
37 40 3
54 23 4
76 75 1
51 53 1
92 20 1
78 69 4
64 8 1
46 95 4
0 81 2
70 54 1
90 23 1
75 92 3
39 4 1
33 48 3
73 4 4
2 87 1
13 25 3
56 16 1
21 81 3
72 69 3
79 21 4
88 24 1
17 45 3
98 7 4
10 31 3
1 68 2
21 35 3
25 39 4
86 95 2
47 96 3
60 85 4
37 80 3
34 63 1
84 72 4
68 44 2
0 53 1
25 63 2
91 57 3
56 37 2
2 79 2
86 89 2
40 12 3
37 63 3
33 75 4
74 82 3
11 80 4
79 86 4
45 16 4
96 18 2
45 90 4
85 28 2
43 94 4
67 44 3
23 34 2
54 62 4
59 62 1
16 72 2
73 3 4
56 67 2
9 32 2
93 47 3
86 49 3
17 82 4
75 61 3
6 97 2
37 62 1
31 76 2
54 61 4
77 15 2
35 55 3
97 76 3
72 98 4
63 11 3
46 88 3
73 32 3
54 64 2
19 22 4
92 45 2
76 34 2
58 44 1
34 46 1
50 96 2
91 31 1
45 29 3
11 45 2
71 30 2
80 92 2
29 27 1
68 21 1
74 46 1
12 30 1
75 25 3
78 95 2
71 43 3
11 54 3
57 76 3
74 9 1
71 47 2
60 55 3
78 57 2
91 40 2
43 89 1
59 56 1
97 43 1
48 61 1
8 46 3
51 27 1
6 14 3
1 21 1
38 5 1
13 12 4
4 53 2
47 25 2
43 88 4
72 19 2
23 82 4
67 86 3
27 39 1
77 80 1
37 9 1
61 39 3
42 45 1
40 43 2
84 10 2
28 88 4
6 54 2
9 2 4
54 1 2
57 17 4
76 26 1
30 14 1
43 80 4
20 99 1
94 36 1
69 30 4
70 67 3
99 48 3
0 28 3
71 79 4
32 11 1
27 49 2
70 96 3
85 80 2
30 58 1
11 70 3
38 30 3
16 74 2
19 24 4
12 91 2
59 86 4
49 76 1
35 73 1
75 40 1
24 67 1
87 39 4
11 61 4
35 58 1
39 90 1
16 71 2
1 5 4
95 67 1
2 53 1
60 37 4
9 96 3
29 0 3
63 16 2
50 75 4
97 93 2
51 2 4
72 7 1
44 12 1
27 92 4
34 98 3
29 5 1
62 7 1
91 94 1
74 98 2
7 61 3
30 51 1
73 8 2
7 65 3
66 86 2
84 96 2
33 89 1
85 73 1
21 56 3
45 36 2
67 50 1
1 88 3
47 66 4
76 69 3
4 48 4
76 1 2
7 60 3
69 41 2
25 19 4
12 62 2
68 9 2
95 80 3
38 85 3
68 97 1
86 38 2
32 42 1
16 58 3
42 19 2
91 53 4
57 89 4
16 81 1
70 15 4
81 59 2
53 25 2
94 19 1
73 80 2
55 79 1
55 44 3
98 79 2
42 25 2
15 65 3
97 62 2
48 86 1
44 93 1
23 28 4
46 57 3
89 53 4
9 60 4
66 21 4
26 49 4
67 7 3
90 74 4
7 21 1
37 54 4
14 38 2
90 20 2
12 19 2
6 43 1
46 31 3
28 31 1
22 26 1
97 79 1
97 17 2
41 17 2
96 11 1
28 62 2
80 57 2
73 45 1
9 82 1
99 36 4
18 45 1
14 1 1
66 85 2
83 47 3
31 3 1
27 66 1
5 99 2
21 89 1
58 43 4
44 51 4
61 90 1
13 39 1
58 52 4
88 7 3
35 18 4
68 6 4
36 64 4
81 13 3
1 37 1
40 34 1
11 15 3
88 74 4
18 98 4
74 14 2
52 91 1
33 6 1
92 28 1
3 18 1
44 87 2
49 37 1
28 9 1
80 14 3
44 5 3
92 7 4
75 80 2
26 3 1
66 79 4
33 57 4
12 27 1
71 3 3
63 65 2
49 63 3
74 5 2
31 25 2
96 66 4
73 50 3
14 49 4
21 48 3
84 61 4
64 3 4
52 33 1
74 25 2
36 19 4
37 94 1
27 88 4
62 80 2
63 8 4
44 77 1
82 36 3
50 1 3
64 2 3
17 66 3
7 38 4
52 30 2
70 30 4
79 74 1
67 22 2
41 87 3
7 59 3
99 86 3
30 15 2
17 81 4
58 76 4
2 68 2
61 18 1
9 46 4
66 74 2
88 49 3
84 14 3
68 84 1
15 9 3
5 34 3
21 27 3
38 27 4
60 21 2
15 90 2
32 59 3
58 48 1
75 99 4
3 15 2
53 27 3
39 8 2
28 70 1
86 81 2
6 16 1
80 40 1
16 30 3
0 89 2
70 26 4
95 62 3
29 57 2
54 51 2
87 93 3
24 17 2
62 13 1
44 25 1
27 98 2
54 81 1
59 46 4
1 39 4
91 54 1
40 90 1
6 12 4
14 98 3
64 5 2
54 94 2
62 21 2
70 40 1
22 16 3
80 22 1
0 59 3
26 37 1
96 63 1
35 74 4
27 67 1
34 57 1
30 3 3
0 9 3
32 56 3
8 14 1
4 82 4
53 52 3
43 69 2
16 11 3
38 0 1
41 12 3
67 48 4
86 44 4
15 66 1
22 9 3
30 45 3
19 62 3
23 57 1
72 13 2
86 91 4
30 2 3
35 54 3
38 91 2
75 55 3
47 14 2
22 70 3
20 29 3
84 82 1
88 11 1
34 95 3
37 91 1
61 60 2
97 36 2
59 17 4
1 56 1
40 99 4
9 64 1
65 33 1
46 45 3
22 68 1
88 63 3
9 45 1
55 94 3
33 50 2
3 43 4
4 14 4
52 15 3
94 74 2
79 28 1
62 9 1
41 76 2
61 40 1
99 41 2
4 9 1
73 52 4
51 67 2
81 12 2
10 30 1
83 42 4
3 94 4
73 88 2
22 2 2
85 83 3
93 96 1
45 70 2
19 80 3
77 26 1
53 54 1
28 74 3
69 98 1
24 95 4
42 7 3
8 44 4
51 94 3
19 50 4
61 25 4
81 58 4
96 24 2
1 96 3
33 51 2
73 51 4
14 15 2
64 18 3
73 92 3
83 50 2
52 28 1
36 50 1
71 4 4
4 38 1
39 99 3
18 24 3
7 69 2
74 8 1
47 56 3
65 76 1
14 20 4
28 72 4
11 58 1
78 30 1
16 70 3
98 51 4
66 24 3
58 97 1
35 28 3
13 67 4
20 85 3
50 53 4
54 98 2
74 57 4
75 73 4
60 15 1
27 10 1
11 47 4
75 41 2
35 29 1
93 53 1
46 21 1
6 41 1
91 51 4
9 57 2
7 28 3
88 75 4
89 35 3
81 98 3
25 6 1
35 17 2
45 68 2
63 17 2
95 93 4
31 13 1
4 20 3
28 71 3
68 8 1
13 58 2
4 17 1
94 35 3
94 92 1
50 74 2
32 40 1
8 13 1
45 44 1
91 59 2
78 26 1
49 30 3
78 54 4
37 4 3
38 44 2
10 76 3
7 86 4
56 80 4
49 90 1
59 57 4
32 38 3
63 48 3
20 8 1
25 17 1
12 92 2
40 93 2
13 64 2
38 64 3
94 64 1
89 41 1
35 30 4
5 27 3
95 5 1
80 91 2
36 7 2
6 60 2
90 67 2
5 89 3
70 66 4
67 4 2
45 74 4
39 70 2
82 35 2
90 84 2
98 56 1
28 19 3
48 97 4
25 58 1
85 95 1
55 57 1
58 63 2
40 89 1
49 69 4
28 17 1
66 14 2
96 0 2
95 8 4
38 54 1
64 24 4
99 14 3
81 99 2
99 83 1
54 49 1
12 43 1
60 36 3
69 14 1
1 58 3
30 5 2
93 76 4
74 29 4
67 75 2
86 32 3
59 13 4
4 64 4
84 0 3
79 60 4
17 21 3
9 85 3
18 69 4
54 93 4
68 25 2
65 25 3
1 13 4
20 7 2
43 0 3
66 77 1
60 74 1
30 43 4
78 48 2
45 52 1
81 28 4
98 20 4
92 38 2
25 3 2
92 61 1
79 6 4
95 83 2
61 31 3
76 36 3
52 69 1
94 22 1
12 98 1
42 6 1
95 87 4
14 11 1
68 43 4
79 54 3
47 42 1
85 56 2
16 23 3
23 1 1
48 35 1
8 36 3
90 72 4
53 64 3
61 80 3
19 52 1
49 35 2
89 49 1
29 52 4
85 65 1
81 91 4
96 32 1
18 28 2
60 43 4
84 8 1
42 57 4
61 89 1
6 70 2
94 28 1
32 20 4
62 61 2
55 4 4
33 1 2
35 84 3
25 57 3
86 80 3
14 56 3
51 71 2
58 69 1
5 43 2
44 65 4
76 71 2
21 99 1
63 18 4
11 4 4
61 36 4
19 30 4
19 17 1
31 43 4
2 65 1
61 67 2
8 53 2
68 99 3
45 66 3
16 95 1
7 32 4
90 8 4
18 31 2
89 37 1
0 50 3
88 79 3
94 57 2
64 98 2
48 37 3
1 40 1
55 82 3
43 53 2
47 68 4
65 3 2
78 53 1
89 62 3
76 37 2
36 86 4
89 13 4
2 59 2
15 68 1
41 4 3
59 40 3
11 75 3
88 30 4
14 22 3
74 0 2
1 74 3
1 92 2
4 65 2
59 47 4
82 47 1
31 19 2
51 41 3
68 50 3
66 39 3
75 24 1
7 13 3
50 45 3
49 1 4
7 76 1
68 18 4
66 59 1
72 3 1
97 77 2
46 49 2
45 84 1
14 51 1
52 37 4
38 53 3
14 52 2
89 63 2
68 74 4
68 65 3
20 44 3
34 92 1
46 0 4
33 40 3
93 50 2
66 2 3
2 38 1
44 37 4
53 18 3
82 92 4
39 15 4
71 23 1
7 94 1
36 5 4
30 4 1
67 14 1
35 16 4
41 43 3
43 81 4
51 13 4
36 77 3
78 56 3
68 69 3
94 58 4
80 12 1
93 45 3
49 74 1
49 21 1
15 85 4
9 40 1
74 32 4
81 85 4
89 29 2
29 72 4
8 24 1
43 83 1
75 22 1
12 29 3
74 27 3
68 91 2
43 39 2
70 24 2
56 53 4
99 0 1
59 24 4
79 68 2
99 62 2
73 0 1
76 74 1
75 69 4
9 39 1
35 72 2
78 87 4
73 44 3
94 83 4
18 65 3
4 52 2
56 69 2
42 56 2
67 71 4
36 2 4
88 64 2
49 2 2
20 63 2
67 20 4
97 37 2
23 42 2
4 12 2
89 66 2
42 5 3
42 3 3
42 86 1
34 68 4
61 59 2
43 33 3
35 46 4
89 76 3
99 16 4
70 65 4
80 54 1
28 87 1
79 91 3
74 73 4
93 77 4
48 28 3
80 51 2
18 83 2
5 12 1
63 93 2
43 15 2
56 40 2
81 26 4
49 91 1
57 8 1
46 32 1
28 3 4
36 47 2
38 74 3
1 52 3
22 3 2
87 75 2
4 77 4
77 43 1
19 60 1
16 1 4
9 47 1
55 62 3
83 56 4
59 78 3
58 26 2
84 26 2
46 26 4
82 77 4
14 73 4
32 34 4
57 67 3
72 94 4
36 44 4
1 90 2
3 63 1
72 44 1
95 29 2
96 16 2
83 5 3
24 99 3
95 58 3
50 52 3
21 14 4
12 15 2
22 6 2
89 98 1
89 75 3
38 35 4
23 89 1
9 17 4
54 47 2
41 64 4
27 97 3
43 56 4
20 56 1
40 58 1
96 57 1
4 28 3
16 33 2
92 40 3
12 46 4
99 89 3
54 15 2
48 45 4
1 15 1
33 64 4
26 29 1
94 82 2
48 89 3
90 21 3
47 57 1
92 74 3
53 96 1
20 23 4
3 77 4
14 88 1
5 82 2
15 25 4
64 50 2
77 30 3
40 21 1
22 32 4
2 21 1
5 70 4
84 2 2
94 30 4
72 95 3
39 7 4
56 89 2
68 82 1
23 77 2
65 9 1
20 21 3
4 58 4
24 2 2
9 66 1
31 36 1
56 81 3
89 26 4
27 22 4
89 7 2
80 6 3
18 66 4
59 6 1
59 74 2
65 47 2
15 72 1
82 33 1
86 39 2
2 42 1
51 84 1
28 14 1
96 20 2
16 60 4
91 25 1
95 53 1
63 99 2
4 45 2
13 63 2
57 37 2
71 59 4
99 43 4
25 8 2
63 84 4
41 83 4
88 25 2
77 25 4
83 7 3
88 8 1
53 76 3
6 2 4
92 98 3
63 61 2
69 32 2
11 33 2
37 32 2
95 21 1
17 77 1
5 7 3
13 14 2
31 32 2
83 34 3
34 59 3
22 92 1
5 91 4
6 24 1
29 40 1
1 12 3
14 12 1
10 52 2
37 92 4
50 79 1
38 60 4
67 34 4
61 13 4
44 40 4
57 20 1
77 87 1
81 67 3
38 62 3
50 89 3
89 92 1
20 75 2
4 62 4
43 36 4
93 7 1
47 60 4
48 75 4
47 31 2
95 49 3
9 23 1
71 84 4
94 8 1
0 4 2
66 51 2
67 54 3
99 11 3
89 14 3
86 21 2
23 27 2
82 65 2
54 43 1
18 78 2
28 38 1
37 39 3
30 56 1
63 95 1
75 26 3
44 18 3
72 86 4
10 17 3
30 75 3
75 91 4
7 44 4
1 95 4
45 86 2
22 60 2
2 31 4
22 13 2
4 8 3
44 41 2
71 65 2
6 63 1
9 86 2
34 74 3
95 71 4
91 26 3
91 72 2
79 69 1
48 13 2
18 92 2
5 53 4
85 26 3
16 55 4
85 3 2
75 19 2
64 59 4
23 33 4
44 85 2
1 44 4
5 62 2
51 6 3
65 28 2
20 22 1
25 94 1
13 74 4
30 82 4
50 85 4
32 10 1
61 22 2
46 60 1
33 7 3
42 74 2
95 75 4
96 34 4
41 16 4
57 12 2
99 84 4
56 29 3
87 12 2
1 85 3
18 88 4
34 55 3
22 58 4
48 8 3
93 36 3
81 38 4
27 84 2
35 24 4
58 83 4
72 57 2
74 39 3
4 18 4
58 45 4
3 80 3
66 72 1
1 6 4
90 58 4
70 7 3
35 68 4
29 63 3
12 7 4
55 5 4
70 81 4
63 67 3
2 26 3
14 64 4
71 77 2
75 79 2
22 29 2
10 20 4
81 40 4
3 62 1
22 79 2
57 68 3
38 99 1
81 4 1
90 27 3
50 15 1
82 34 4
20 19 3
65 51 4
33 25 2
64 27 2
48 64 1
49 24 2
86 15 4
76 88 2
23 88 4
4 72 2
30 63 4
84 28 1
3 46 2
73 42 2
67 19 4
32 97 1
61 69 4
49 11 3
86 90 4
59 9 4
10 56 3
53 23 2
41 1 1
38 40 2
75 44 4
86 2 2
46 27 2
19 85 4
10 95 3
16 90 1
38 55 3
39 89 2
99 33 2
83 86 4
29 83 4
93 73 1
90 10 3
75 17 2
37 42 4
51 31 1
26 96 2
1 64 1
11 48 4
29 19 4
5 75 2
69 90 2
90 42 3
75 66 4
98 77 3
73 60 1
24 65 1
0 69 1
24 43 4
77 90 1
45 20 1
52 66 1
33 18 3
5 85 3
54 32 3
74 19 4
51 86 1
76 86 3
99 66 4
6 99 3
84 20 3
81 87 4
18 0 3
70 59 3
9 97 4
87 40 2
46 20 1
3 84 1
96 83 2
39 42 1
71 2 1
72 18 2
67 62 4
73 41 3
11 13 4
69 24 2
30 80 4
84 86 1
18 71 3
16 17 2
93 68 2
68 55 1
46 23 1
11 86 3
79 83 4
16 79 3
31 66 4
80 58 4
61 38 1
67 39 4
11 55 1
76 44 1
0 62 3
89 74 3
10 26 3
35 0 4
19 38 1
75 62 3
80 88 3
98 45 1
98 80 3
37 95 4
70 68 3
78 15 2
66 35 3
86 54 4
86 19 4
77 94 3
35 61 2
67 83 3
71 98 2
84 11 3
19 4 2
16 89 2
36 10 1
31 68 2
87 0 1
25 26 3
54 72 3
36 75 2
19 43 3
43 28 2
49 40 2
84 79 4
79 23 4
50 71 1
45 77 4
86 43 2
86 20 2
61 24 3
63 32 4
54 30 3
31 16 1
76 38 1
25 86 1
21 54 3
50 56 3
24 16 4
6 76 3
61 81 1
49 31 4
78 4 1
71 74 4
21 80 3
60 90 3
5 51 1
50 3 1
67 58 3
11 34 1
95 55 4
76 73 2
50 65 4
29 16 3
84 19 1
27 25 2
35 97 3
2 63 3
64 93 3
54 48 4
94 15 2
10 2 4
10 75 1
74 23 1
47 3 1
0 20 1
58 98 1
84 83 2
99 91 2
23 69 3
12 0 3
42 21 4
21 97 1
4 75 4
15 53 3
36 1 4
65 17 2
96 29 3
11 53 2
76 99 1
47 4 4
36 65 2
56 58 3
47 84 2
58 78 3
14 59 2
6 4 2
27 16 1
90 54 2
64 87 4
1 98 4
12 39 1
49 92 3
9 7 1
98 55 3
6 96 4
80 8 3
22 0 4
93 15 1
62 57 1
97 55 2
60 87 2
94 59 4
30 29 4
17 56 1
22 50 4
97 59 1
6 15 4
28 16 3
98 41 1
13 46 2
16 42 4
81 19 1
61 99 1
80 78 4
35 70 3
91 6 4
56 39 4
6 39 2
3 92 1
56 57 3
79 90 2
7 14 4
21 82 4
93 2 4
78 83 1
24 78 3
75 54 1
5 23 3
80 59 1
29 38 4
87 68 1
18 49 1
83 92 1
7 50 2
76 20 3
60 34 3
8 7 2
27 65 3
20 36 3
51 36 2
83 51 3
64 45 3
42 11 2
91 10 1
21 83 2
74 69 1
34 30 1
35 42 4
48 24 3
34 86 2
50 9 4
72 20 1
71 15 2
10 72 3
0 19 3
97 85 3
41 24 1
86 23 4
93 74 1
47 24 1
87 57 4
37 88 3
70 4 2
32 99 4
27 31 4
50 40 2
71 61 4
3 93 2
86 71 4
57 79 1
43 32 2
94 13 3
32 91 1
35 6 2
9 51 1
7 37 1
96 98 4
20 41 2
98 63 3
65 78 2
95 79 3
33 95 4
25 89 2
49 81 4
32 29 4
62 43 2
68 66 4
60 58 1
97 83 3
35 51 3
82 40 2
71 82 3
55 74 3
11 38 3
44 3 4
27 34 3
92 50 3
73 37 3
81 11 1
53 17 3
78 71 4
53 79 3
30 17 2
37 22 3
28 83 2
12 49 4
99 65 1
8 5 4
53 19 3
93 80 1
55 12 1
79 51 3
96 99 1
51 22 2
67 53 3
72 26 2
66 78 4
98 0 4
38 33 1
2 45 1
62 27 4
77 29 4
28 40 3
34 53 3
34 87 3
72 60 1
61 43 3
62 58 3
79 14 3
29 2 1
97 7 3
84 21 4
16 78 3
23 48 4
53 44 1
95 32 1
9 83 3
76 91 1
50 78 4
41 19 1
9 14 1
46 7 4
37 34 3
98 86 1
33 81 1
16 50 1
7 85 1
93 21 3
79 72 4
96 21 2
8 52 1
26 33 2
52 20 2
92 41 4
31 4 3
64 58 2
65 8 3
95 74 2
43 98 1
57 48 4
18 82 1
7 78 3
10 70 3
65 96 2
96 39 2
51 52 2
39 60 1
12 31 3
8 55 1
80 71 2
87 62 3
45 26 2
92 72 4
46 22 2
93 37 1
1 24 4
41 29 4
83 54 2
98 13 4
12 24 2
17 11 4
57 2 1
4 61 3
23 73 1
36 98 4
10 65 3
97 29 1
9 30 2
47 72 2
7 19 2
31 15 1
16 69 3
76 35 1
23 3 4
49 0 4
30 33 1
78 42 2
77 57 3
59 90 4
84 75 3
7 77 3
5 50 1
58 24 3
73 48 1
68 64 1
69 55 4
47 97 2
51 19 4
36 89 4
23 72 1
92 69 1
71 5 3
91 13 3
54 10 1
22 59 3
3 74 4
34 84 3
66 41 1
24 86 1
4 3 3
65 87 4
97 3 1
29 71 2
82 16 2
86 6 2
89 80 3
87 15 1
88 68 3
91 36 4
49 15 3
54 16 1
9 33 3
75 60 1
62 41 2
27 2 4
26 60 4
53 74 3
19 88 2
40 95 2
84 17 3
84 91 1
69 53 3
21 31 3
66 34 4
36 4 2
90 99 3
67 73 4
88 6 1
89 54 3
85 54 4
86 28 2
97 14 4
3 5 1
92 47 4
76 47 4
21 72 3
57 82 1
81 31 2
45 10 2
61 86 4
14 41 3
18 47 3
68 38 4
3 83 1
85 58 3
18 93 1
80 63 1
21 59 1
6 98 2
84 24 2
61 58 1
73 79 4
38 47 2
5 39 4
19 82 3
62 18 1
36 37 2
89 32 4
41 93 3
39 55 2
88 36 1
72 36 3
81 48 2
6 17 2
36 83 1
60 23 4
25 71 2
65 45 4
41 25 1
21 53 4
81 84 3
38 37 4
69 44 2
45 55 1
20 53 4
16 43 3
88 85 2
2 17 1
72 80 2
3 39 4
18 52 2
89 8 2
61 87 4
45 32 1
57 75 1
90 41 4
69 26 4
45 60 4
72 58 4
30 26 4
11 29 3
63 0 4
36 66 3
85 70 2
43 52 4
67 21 2
20 50 2
51 7 2
56 33 4
70 21 4
9 98 1
20 2 3
61 28 4
13 82 1
17 85 3
94 23 2
65 26 3
30 64 4
37 17 2
37 24 4
94 5 2
54 8 1
39 80 1
88 87 2
70 41 1
93 19 4
97 38 3
24 74 1
4 98 1
95 26 1
35 88 1
44 9 4
33 79 1
11 50 4
40 31 1
51 89 1
66 65 1
7 99 4
16 13 2
28 54 1
33 78 3
82 8 4
81 35 3
14 71 1
63 36 2
54 12 2
49 64 2
88 84 2
33 91 1
29 1 2
94 49 2
30 98 1
76 51 4
40 4 4
51 34 4
82 29 4
68 27 2
50 66 2
7 80 4
45 51 3
5 16 2
29 8 3
89 11 4
99 71 2
68 63 2
66 16 3
62 30 2
48 49 1
99 18 2
28 89 3
20 17 1
71 91 3
21 45 2
82 81 3
9 16 4
65 1 2
5 11 1
72 49 2
56 52 2
86 13 1
99 29 1
82 72 3
67 36 4
6 95 1
92 99 3
7 23 2
23 95 2
4 85 3
85 91 4
87 86 3
32 62 4
55 84 3
49 7 3
6 84 3
91 73 3
28 66 1
20 91 4
68 3 3
54 29 4
85 35 4
93 79 3
88 91 3
85 93 2
5 76 3
68 33 4
42 92 1
57 70 3
10 85 1
87 84 4
48 50 2
94 78 4
71 62 3
22 24 3
17 42 1
4 34 1
52 39 3
48 15 2
31 45 2
29 42 3
84 69 3
48 83 2
70 79 3
75 37 4
52 99 4
65 60 4
42 20 4
16 26 2
32 17 2
0 32 4
88 89 4
62 94 4
73 99 2
67 0 2
67 76 2
34 41 2
62 6 2
88 31 4
84 52 2
90 96 3
69 87 1
26 21 3
32 35 3
93 33 3
67 49 2
81 78 4
18 91 4
97 71 1
54 9 4
71 32 4
64 25 4
69 77 4
87 37 3
4 74 4
3 7 3
21 71 4
6 61 4
82 91 1
51 85 1
71 24 4
48 44 2
36 87 3
79 32 4
61 42 4
92 48 2
85 6 1
76 77 4
6 72 1
36 18 2
90 73 3
12 48 4
3 60 4
79 37 3
1 60 4
12 52 3
15 40 3
10 92 1
2 97 2
68 60 1
8 10 3
2 58 3
25 49 2
53 48 3
91 1 4
42 24 4
34 99 3
29 73 1
93 13 4
17 48 1
20 26 2
63 73 2
61 46 4
60 24 4
41 58 2
46 58 2
54 84 3
70 72 2
26 98 4
99 25 1
58 71 3
17 13 2
92 53 3
83 71 4
24 15 2
67 43 3
36 90 3
84 30 3
43 26 4
52 59 4
61 50 1
2 75 4
51 93 4
98 61 1
21 4 1
95 28 1
61 94 3
65 91 2
3 75 2
84 43 4
26 88 2
76 40 3
82 12 2
25 59 1
39 54 3
23 76 1
4 7 4
40 11 1
40 48 4
32 52 4
92 95 2
23 59 3
24 25 3
36 48 4
76 95 3
46 14 4
83 22 1
1 83 3
50 17 4
30 41 4
47 79 3
81 8 4
91 24 2
33 59 1
93 69 1
94 47 2
7 10 2
97 92 3
41 32 3
29 61 3
47 55 4
77 61 2
22 44 1
23 84 1
22 84 4
94 70 2
52 35 3
88 99 4
57 10 3
92 14 2
17 34 2
77 48 3
75 97 2
51 10 2
59 37 2
21 25 1
47 40 1
46 17 2
34 91 4
46 85 2
85 57 2
83 91 2
44 61 3
30 11 4
28 33 4
41 82 1
67 55 2
79 96 3
94 73 2
69 89 3
27 1 1
30 28 2
19 15 4
88 29 2
14 32 2
49 93 4
12 25 2
67 35 3
35 41 3
87 30 1
12 72 1
64 56 2
87 85 1
72 46 2
84 13 2
97 10 4
97 19 2
11 37 3
85 12 2
17 83 2
42 64 2
53 65 2
78 55 2
3 9 1
36 79 2
58 74 2
90 44 1
56 88 3
90 50 4
72 83 4
12 23 1
40 94 2
30 44 3
68 83 1
39 48 1
