95 20
0 14 4
0 16 8
0 11 1
14 8 6
14 2 2
2 12 2
8 15 9
11 17 7
2 9 6
11 5 7
17 13 2
17 1 2
8 6 2
5 10 2
11 7 2
5 3 7
12 4 5
5 18 4
12 19 6
0 18 2
7 2 4
16 8 2
3 11 4
19 18 3
9 17 3
3 2 2
12 9 2
4 5 2
4 6 4
11 8 2
10 8 3
17 8 3
6 11 2
3 16 3
14 10 2
7 19 2
17 6 4
4 8 3
6 2 1
10 6 1
11 14 1
10 7 4
3 9 1
8 2 4
10 16 3
16 11 2
8 5 1
9 18 3
4 11 1
4 15 3
19 9 3
19 3 1
15 9 3
16 12 1
5 15 1
5 12 3
7 8 2
1 3 2
15 16 1
0 2 1
2 16 1
5 19 4
17 2 2
0 10 3
17 16 3
3 15 3
7 18 4
14 3 4
18 1 4
15 13 2
16 19 2
3 6 3
6 15 1
15 7 4
12 8 1
1 6 1
13 10 1
16 6 2
11 18 3
4 17 3
5 1 1
17 0 2
5 16 3
11 9 4
17 19 4
10 3 2
4 18 4
11 19 2
19 8 1
13 2 3
6 13 3
12 1 2
15 10 3
0 1 4
8 1 4
