95 20
0 6 1
6 14 1
14 7 1
6 9 3
14 5 6
5 4 9
0 3 1
6 11 4
9 8 6
9 13 6
14 2 3
4 19 2
3 18 8
19 12 1
5 15 8
4 1 2
0 10 6
12 17 7
12 16 4
10 19 4
3 17 3
16 7 1
1 5 1
17 0 3
2 17 1
19 7 3
14 19 2
7 10 2
15 16 1
7 5 1
7 0 3
7 15 2
13 4 3
3 10 1
10 17 2
11 0 1
3 12 1
4 2 2
15 10 3
3 13 2
10 8 1
3 14 1
7 13 1
12 0 2
15 8 4
12 5 4
9 5 1
14 11 1
9 18 1
8 14 3
16 1 3
0 4 2
13 0 1
14 15 3
17 9 4
7 2 4
1 0 3
6 1 2
5 17 3
9 3 3
9 11 2
1 10 4
10 2 2
8 17 1
12 4 3
15 2 4
13 14 2
18 11 1
4 10 4
11 5 4
4 15 2
15 18 2
12 7 2
8 5 3
10 9 1
15 1 3
6 15 3
6 4 3
16 18 4
15 12 2
18 1 2
11 1 1
13 16 3
5 6 2
4 9 3
4 16 4
14 9 2
16 14 2
16 9 3
12 1 3
2 1 3
0 16 2
2 11 4
7 4 4
18 14 3
