95 20
0 19 6
19 13 1
13 5 2
13 18 8
18 6 1
18 2 7
6 10 5
18 4 7
19 3 8
19 16 2
2 11 8
18 12 4
2 8 9
19 9 2
10 15 3
15 17 7
17 1 9
1 14 7
12 7 2
10 2 4
4 11 2
0 16 1
17 14 2
3 9 3
11 15 3
15 13 1
12 19 2
6 9 2
19 10 4
14 3 4
16 12 4
17 12 4
5 0 3
16 15 3
11 18 1
17 5 4
12 13 1
2 19 1
15 5 4
7 14 4
11 8 1
8 0 4
4 1 1
6 19 2
1 12 1
17 9 1
17 11 2
9 2 2
6 13 3
12 11 1
5 4 3
8 7 3
8 17 1
14 11 3
6 2 2
14 8 2
17 2 3
7 1 1
16 6 3
9 16 2
15 2 3
4 10 2
9 13 2
18 7 3
6 17 4
0 6 4
18 16 2
10 1 2
16 3 4
5 16 2
0 12 3
8 16 3
7 0 1
8 1 4
14 2 2
17 13 4
1 2 2
12 9 4
12 6 4
10 8 2
2 4 1
8 19 2
16 2 2
13 8 1
4 12 3
9 5 4
19 1 4
18 5 1
1 3 3
15 18 1
15 19 4
6 8 2
9 8 1
13 14 2
17 18 4
