9950 200
0 163 1
1 97 2
2 86 6
3 20 1
4 53 7
5 73 9
6 109 7
7 60 8
8 102 6
9 92 6
10 181 7
11 129 9
12 76 6
13 11 9
14 194 3
15 160 6
16 0 3
17 95 9
18 108 2
19 128 8
20 16 7
21 63 6
22 159 2
23 119 5
24 35 9
25 199 2
26 27 8
27 164 8
28 173 7
29 138 1
30 41 6
31 71 4
32 182 1
33 183 3
34 136 7
35 65 2
36 123 1
37 170 1
38 32 4
39 6 9
40 163 9
41 84 7
42 121 1
43 122 2
44 127 9
45 11 3
46 155 9
47 70 5
48 167 4
49 155 8
50 69 9
51 188 4
52 11 2
53 60 3
54 111 9
55 105 7
56 39 6
57 181 4
58 168 9
59 47 2
60 161 6
61 158 9
62 20 6
63 111 9
64 178 4
65 128 2
66 84 7
67 147 2
68 164 9
69 23 8
70 31 9
71 165 9
72 111 6
73 56 5
74 40 8
75 7 4
76 56 3
77 13 9
78 46 6
79 20 5
80 87 1
81 191 8
82 173 3
83 158 9
84 10 2
85 62 6
86 179 1
87 115 5
88 20 9
89 175 7
90 7 8
91 131 2
92 51 1
93 137 8
94 93 9
95 102 4
96 75 7
97 110 7
98 79 4
99 71 8
100 59 8
101 199 4
102 63 2
103 184 9
104 127 8
105 68 2
106 102 7
107 131 9
108 32 9
109 85 4
110 154 7
111 154 8
112 57 8
113 48 9
114 110 8
115 198 6
116 153 6
117 133 4
118 135 1
119 112 5
120 131 5
121 171 2
122 4 5
123 55 9
124 14 4
125 80 2
126 22 4
127 35 4
128 140 6
129 22 8
130 43 7
131 129 9
132 54 5
133 45 7
134 111 9
135 11 8
136 178 1
137 110 7
138 99 7
139 135 7
140 179 6
141 168 7
142 180 8
143 157 3
144 113 9
145 18 2
146 112 7
147 54 2
148 78 1
149 197 1
150 169 9
151 16 1
152 67 8
153 149 6
154 115 9
155 36 8
156 10 7
157 29 6
158 106 2
159 115 4
160 189 5
161 13 5
162 171 8
163 77 7
164 125 9
165 32 7
166 93 1
167 32 1
168 193 2
169 127 7
170 111 7
171 189 7
172 41 5
173 52 3
174 146 4
175 104 1
176 133 7
177 72 7
178 21 3
179 35 4
180 166 4
181 146 9
182 16 8
183 64 9
184 183 2
185 129 7
186 132 9
187 198 9
188 199 5
189 29 4
190 169 5
191 175 9
192 159 5
193 17 3
194 73 3
195 68 9
196 192 5
197 109 4
198 4 8
199 106 3
2 163 2
144 143 1
126 64 1
157 147 2
169 151 2
152 16 2
75 45 1
100 103 4
144 122 4
188 44 3
0 36 3
158 136 2
46 118 1
181 120 2
195 148 3
53 89 3
131 25 2
130 12 4
92 142 1
162 59 2
183 142 4
135 189 3
103 146 2
75 22 1
144 97 1
181 36 4
52 168 3
106 25 1
151 75 4
69 169 3
23 147 3
146 33 2
111 96 4
172 114 2
16 119 1
13 143 4
182 48 4
20 145 1
57 13 2
192 70 1
183 63 1
120 78 2
49 44 1
141 96 4
54 105 4
52 97 4
53 28 2
80 190 3
39 190 2
134 51 2
90 146 4
190 110 1
121 76 1
37 145 2
50 124 1
97 103 4
190 92 3
197 57 1
167 60 2
148 72 3
132 85 2
191 154 1
51 52 4
26 181 1
11 20 2
21 197 1
120 170 3
57 22 2
151 191 4
34 101 4
18 83 4
197 152 2
192 59 4
48 181 3
72 92 2
175 90 3
77 27 2
187 116 2
151 127 1
137 75 2
80 20 3
11 158 1
177 37 4
101 68 4
33 77 1
77 151 1
120 125 3
136 168 4
196 56 3
81 103 1
115 170 1
80 16 4
14 39 1
70 51 4
74 151 4
34 86 1
179 177 4
46 184 3
128 119 3
88 84 1
191 69 4
118 195 3
116 91 3
10 196 3
105 146 4
168 6 1
2 192 3
30 87 2
55 97 4
167 172 1
120 171 4
117 142 4
60 146 1
176 45 2
4 164 4
161 121 4
196 91 1
180 176 3
107 170 3
72 168 3
117 161 2
54 56 1
58 29 3
51 115 1
143 98 2
54 47 2
115 26 3
159 189 4
140 51 1
11 40 2
155 63 3
86 195 2
11 100 4
15 177 3
101 41 3
107 104 1
183 193 3
156 167 2
161 104 2
91 144 1
1 62 4
114 30 1
161 7 3
62 47 4
89 90 4
28 31 3
144 34 2
62 131 4
25 38 3
157 108 4
193 175 4
169 171 1
90 37 2
172 113 3
17 78 1
161 72 1
14 65 1
170 64 1
175 173 3
53 85 1
16 116 4
19 82 3
100 6 4
90 158 3
34 146 3
143 174 1
99 150 4
15 82 4
61 176 2
129 163 1
145 6 3
153 44 4
131 70 3
124 115 3
197 25 3
140 111 1
118 196 3
123 167 2
16 86 3
166 3 4
159 111 4
192 161 4
9 98 3
86 173 2
76 196 4
2 56 1
190 188 3
74 72 2
6 45 4
75 55 2
135 55 2
8 160 1
178 29 3
157 137 1
2 76 3
81 82 1
98 153 2
187 137 2
110 168 2
42 137 4
135 40 3
59 110 2
120 1 1
7 131 3
184 123 1
28 117 4
147 13 3
70 90 2
47 55 4
12 24 2
127 89 4
179 100 4
185 198 2
13 137 1
56 95 1
142 195 2
38 79 3
149 145 4
27 85 3
95 29 1
135 70 1
4 180 2
199 144 1
39 185 4
156 58 1
13 25 3
66 83 2
101 0 4
115 95 4
168 103 3
138 54 3
56 7 3
191 159 3
5 23 1
141 174 2
136 199 2
77 165 2
24 149 2
69 98 1
192 95 1
124 75 4
174 38 1
147 39 4
140 127 4
114 109 3
107 7 3
197 90 2
52 99 1
6 53 4
47 94 2
129 92 3
173 164 1
113 140 3
4 9 3
161 97 2
167 187 3
55 110 1
58 36 2
88 42 3
155 148 2
132 58 4
159 59 4
4 101 4
155 168 2
188 194 1
184 17 1
152 96 3
90 87 3
92 6 2
10 128 3
171 140 4
153 52 2
177 137 3
107 79 2
87 39 4
133 102 4
68 124 4
56 41 4
22 104 2
42 60 1
182 4 2
116 52 3
23 43 2
110 165 2
74 196 4
131 161 1
89 112 1
22 60 2
177 197 3
139 85 4
150 102 4
141 169 3
16 89 2
158 177 2
175 48 1
147 177 4
138 56 2
125 44 1
185 110 1
119 24 4
164 23 1
2 58 4
34 104 2
28 151 3
152 68 2
99 41 3
128 151 1
1 197 2
49 120 1
152 52 1
100 92 3
23 37 1
46 12 1
117 72 4
107 182 4
140 186 1
68 96 2
19 119 3
30 3 3
170 62 2
48 154 4
32 85 2
172 198 4
92 76 2
18 192 4
21 6 2
124 79 2
194 103 2
174 9 4
29 17 3
68 13 2
84 47 1
193 12 1
77 45 4
142 51 4
39 114 2
75 175 2
146 95 1
137 20 2
97 48 1
69 63 3
178 83 4
175 13 1
69 91 4
29 190 3
3 108 2
27 127 1
166 157 4
38 114 4
21 98 1
172 166 4
72 139 4
6 187 4
24 16 1
109 139 4
61 184 3
168 164 3
79 86 3
160 89 1
169 107 4
82 150 1
141 183 4
6 118 2
10 142 2
118 48 4
165 21 3
143 10 1
166 189 3
100 5 3
185 19 4
1 131 2
88 165 3
143 163 4
26 113 2
157 9 4
193 92 1
103 90 4
0 141 4
2 111 2
148 15 3
118 11 4
168 34 1
45 89 1
96 65 3
29 77 3
170 169 1
37 110 4
151 130 4
107 122 4
197 62 1
97 87 2
31 158 4
11 106 3
64 171 1
194 159 4
122 170 2
136 26 1
34 15 1
24 0 4
192 144 4
102 88 1
113 30 4
59 70 4
103 186 3
174 8 2
174 101 3
164 139 1
33 14 1
124 98 4
6 80 1
136 13 1
58 97 4
125 66 3
59 164 2
164 144 4
175 14 2
177 77 3
46 188 1
196 123 4
179 31 3
183 35 3
78 65 2
24 23 4
54 97 3
128 152 1
58 125 4
98 133 2
160 166 3
172 125 4
70 66 4
181 65 4
182 22 1
93 121 2
7 87 3
85 121 3
41 85 4
157 176 4
123 115 3
134 12 4
11 5 2
181 15 4
0 37 2
191 2 2
32 100 2
195 111 2
105 15 3
69 195 4
68 46 2
57 173 4
82 66 2
24 113 1
20 163 4
165 147 4
159 94 3
21 14 4
67 7 3
136 166 1
153 86 1
105 82 4
136 70 3
140 131 3
64 166 1
33 37 4
59 181 3
35 128 1
91 0 2
148 96 2
180 150 1
61 156 2
114 32 4
196 35 2
140 134 2
194 21 2
173 115 1
39 126 1
113 3 4
109 92 1
196 128 4
47 1 4
46 135 3
78 165 4
20 135 1
133 181 3
145 72 1
197 131 3
57 102 2
178 85 1
68 196 1
57 185 4
19 40 1
150 136 1
89 144 1
46 64 1
96 198 2
30 19 2
137 45 1
149 40 3
149 97 4
158 132 2
160 63 1
98 34 3
71 56 2
31 63 3
55 193 4
24 159 3
136 102 3
2 61 3
20 158 1
49 179 3
49 83 1
22 146 2
96 91 4
75 30 2
145 132 3
92 5 1
29 60 1
57 184 2
6 97 4
82 47 2
189 4 1
83 118 2
137 18 1
114 85 2
156 149 3
80 155 3
0 167 2
161 148 1
47 43 1
89 158 4
51 141 2
33 40 3
199 191 1
46 65 2
74 187 2
142 82 1
40 155 4
27 168 3
68 35 1
46 181 4
127 88 4
108 132 2
118 21 3
154 75 4
69 3 3
118 150 4
57 88 4
67 143 3
177 190 3
181 183 4
126 124 4
128 154 2
36 23 3
189 97 1
171 133 3
191 120 2
29 99 2
99 113 2
108 53 4
8 24 3
28 54 1
30 160 1
125 95 3
16 51 1
170 77 2
134 21 2
139 73 3
191 91 4
3 195 3
1 112 2
66 131 1
123 110 3
173 126 1
16 29 1
67 57 3
109 53 3
145 105 4
141 140 2
178 24 4
32 14 3
117 187 1
107 149 1
136 91 4
81 185 1
7 142 1
88 119 1
183 192 4
71 37 2
44 118 2
57 16 1
49 172 1
41 141 3
17 96 1
196 23 2
101 26 3
177 121 3
40 134 2
52 46 4
93 73 4
2 195 3
86 139 4
153 12 4
68 28 1
185 120 1
68 30 2
32 116 1
52 26 2
51 113 4
11 168 4
124 0 3
74 109 3
150 84 2
151 116 2
164 5 3
92 11 1
9 121 4
139 117 2
116 99 1
107 132 3
83 59 3
60 183 3
136 116 4
105 56 4
56 150 3
42 71 3
194 24 2
170 102 4
52 137 4
40 34 1
152 8 3
153 109 3
155 112 3
183 199 3
107 10 1
12 61 4
47 95 4
107 18 4
153 47 2
8 11 2
70 28 3
130 123 4
184 136 4
147 121 3
66 49 4
199 130 1
32 54 4
23 166 2
171 74 2
158 104 3
2 18 4
7 170 2
144 47 4
17 79 4
187 125 3
128 31 3
157 73 3
166 127 3
7 188 4
77 142 2
13 90 1
13 184 2
133 167 4
173 178 1
112 156 2
178 46 3
55 134 4
65 60 1
49 41 2
28 120 3
26 144 4
170 10 1
114 11 2
106 182 2
173 96 3
106 180 1
101 112 3
33 186 2
158 52 1
19 96 2
140 57 2
46 177 4
50 152 3
21 106 4
25 9 2
148 51 3
71 21 3
176 103 3
69 167 4
158 182 3
135 19 1
28 67 4
186 85 3
2 83 2
105 123 3
68 10 2
175 168 4
67 12 3
150 18 2
87 3 2
98 157 4
188 56 2
6 130 1
32 13 4
63 51 2
27 65 3
151 125 3
126 133 3
14 191 2
134 95 3
20 120 1
156 16 2
114 69 3
3 34 3
111 16 2
123 171 3
155 153 1
167 159 1
172 21 2
6 54 4
80 92 4
145 161 3
95 183 1
64 162 3
175 179 4
25 116 4
47 89 4
164 34 4
176 120 1
161 127 4
90 131 3
19 190 1
146 121 4
20 173 1
112 34 1
15 63 2
130 47 3
127 4 4
196 38 3
159 19 4
54 84 4
42 81 1
83 128 3
169 149 2
111 107 3
23 152 4
105 191 1
91 173 4
112 3 2
63 32 3
7 186 3
110 135 4
72 3 2
24 33 1
94 146 2
100 198 4
111 144 2
70 24 4
190 134 2
152 82 2
151 106 2
109 193 3
160 82 1
179 186 2
16 77 2
19 50 3
102 9 1
82 14 3
68 156 4
106 129 3
132 199 1
168 60 3
143 12 2
59 4 4
158 120 4
193 103 4
65 0 4
110 98 1
172 23 2
181 159 2
145 146 2
140 50 1
101 119 2
98 126 1
123 137 4
70 49 1
160 147 1
37 132 3
11 140 2
29 103 1
84 181 4
129 107 3
43 137 3
102 196 1
101 15 3
188 38 3
48 69 4
122 161 4
192 97 3
61 123 1
30 23 4
161 118 3
118 54 4
72 42 1
111 70 2
27 178 4
123 2 4
137 46 4
145 178 4
43 13 4
1 52 3
158 18 4
112 179 4
100 67 4
59 66 1
108 85 2
90 181 2
55 35 4
155 45 4
62 101 4
17 25 4
45 122 4
161 136 4
30 110 2
36 81 1
110 150 1
53 148 1
194 58 1
92 107 3
6 147 2
108 42 4
101 162 3
97 176 4
160 124 2
181 31 3
137 69 2
191 136 4
84 71 1
96 130 1
80 91 4
181 127 2
185 171 3
143 34 3
109 20 4
168 70 2
152 0 1
27 155 2
163 3 3
52 20 1
23 142 2
154 24 1
66 119 3
115 93 4
196 114 2
27 174 3
53 86 3
55 161 1
127 38 3
8 166 3
160 97 2
84 154 1
116 180 3
120 95 4
171 15 1
54 3 1
50 162 4
187 132 1
138 40 3
137 120 2
11 155 2
1 98 4
147 135 2
95 18 4
7 80 3
117 101 4
7 57 2
115 146 3
74 36 4
18 69 4
104 13 3
113 193 2
39 169 3
199 64 1
11 164 2
153 53 1
96 24 1
141 197 3
193 74 3
76 182 2
22 12 3
42 41 1
19 55 2
139 107 4
119 9 2
149 180 2
184 151 3
130 126 2
23 153 4
50 164 4
85 13 2
84 109 4
142 27 2
69 92 3
105 38 4
190 106 3
47 166 1
95 3 1
74 153 1
100 71 4
20 54 3
36 166 2
44 160 4
128 183 2
86 76 3
176 24 4
44 181 2
143 93 3
134 169 4
76 66 3
110 100 1
102 28 2
26 75 2
118 33 3
185 86 2
46 75 4
196 65 2
74 175 1
171 55 3
172 79 1
78 34 4
107 6 4
37 42 4
154 168 2
192 106 2
150 111 4
85 50 2
106 30 3
78 16 4
150 96 3
39 110 1
48 152 3
80 192 1
30 37 1
23 149 4
28 43 3
184 53 1
146 17 3
85 63 2
9 38 4
150 120 1
11 109 3
130 184 4
25 160 1
185 194 1
177 119 3
154 11 4
4 69 3
93 81 1
73 150 3
168 125 2
131 72 4
57 5 2
101 145 3
169 17 3
82 108 3
84 50 4
176 136 1
102 125 3
93 162 1
173 77 4
53 128 1
138 30 3
145 138 2
119 82 4
185 96 3
40 175 1
45 146 2
53 141 2
59 14 1
76 19 1
97 20 2
1 31 1
51 38 2
120 9 4
8 90 2
154 43 4
116 109 2
186 199 4
105 50 2
114 168 3
14 27 4
139 159 2
132 74 2
151 193 2
151 140 3
152 196 2
56 136 3
79 129 4
178 65 3
99 152 2
199 185 2
23 99 3
49 87 1
189 61 4
79 110 1
180 187 2
194 1 2
166 95 4
68 55 1
24 182 1
139 3 4
117 193 3
8 195 3
16 5 2
92 195 3
21 15 3
84 182 4
97 88 1
159 158 1
71 57 2
21 142 3
73 45 3
160 67 3
1 65 2
126 61 4
116 96 1
179 9 2
141 93 1
4 30 3
197 192 1
191 182 1
184 82 1
125 146 2
189 86 1
157 11 4
68 77 1
138 33 1
39 79 1
101 176 4
99 198 3
60 154 2
194 99 1
40 26 3
21 16 2
25 41 2
196 142 2
69 185 2
125 85 4
110 91 2
104 80 4
149 26 4
4 139 3
170 70 1
126 57 2
91 42 3
120 194 2
65 120 1
72 66 3
67 30 2
87 144 3
56 170 3
77 44 1
103 136 1
158 185 3
132 190 2
67 187 1
7 93 4
158 76 3
104 134 3
94 128 1
128 43 1
148 139 2
37 162 2
136 151 4
119 158 3
93 48 4
174 80 3
142 2 3
170 162 2
42 24 2
56 93 4
152 25 1
29 162 3
98 53 1
53 33 3
31 79 2
81 41 4
11 165 3
192 5 2
73 52 3
88 81 1
0 147 3
76 79 4
99 136 4
178 198 4
82 28 1
105 158 3
27 21 3
10 113 2
29 196 4
146 3 2
139 169 4
36 47 3
152 17 2
187 52 1
65 179 4
42 178 3
36 197 3
133 151 3
145 109 3
93 188 3
124 91 1
176 3 2
21 66 3
170 164 2
109 196 3
92 196 4
193 184 3
15 73 1
82 84 2
117 147 2
118 29 4
17 147 4
34 12 3
15 95 2
158 65 4
160 131 2
112 149 2
48 127 3
133 150 1
48 77 1
191 153 1
85 189 1
160 66 1
31 195 1
77 49 3
185 92 1
113 178 4
16 144 3
118 162 1
21 67 4
54 127 2
13 163 2
137 122 2
116 178 4
159 180 4
110 118 1
40 39 3
190 155 4
149 38 2
136 49 4
90 83 4
1 174 4
175 34 2
174 89 4
193 34 4
59 67 4
11 26 4
4 99 1
40 83 1
19 124 3
192 86 2
98 197 4
166 126 2
76 197 1
141 151 4
84 42 2
96 183 3
158 188 2
51 117 2
101 65 4
165 125 4
110 139 1
31 49 3
187 10 4
138 4 3
181 22 1
154 184 1
50 101 4
18 185 4
10 55 4
189 90 4
186 28 4
111 179 1
156 54 4
172 187 3
188 145 1
58 189 4
175 81 4
57 15 3
192 186 2
98 154 2
197 55 3
117 151 2
122 57 2
38 128 4
33 102 3
144 22 2
51 180 4
150 140 3
45 198 3
146 178 2
71 22 3
30 96 3
69 62 2
74 131 3
19 81 2
87 51 4
106 34 2
77 75 3
36 153 4
190 56 1
121 160 4
48 55 4
12 21 3
54 17 4
102 18 3
159 177 3
168 16 2
88 47 4
108 181 2
113 107 3
76 39 3
100 40 4
172 42 3
140 87 3
26 105 1
62 74 3
126 2 3
159 75 1
78 74 2
121 194 3
79 132 1
117 171 4
25 11 3
116 55 3
0 173 1
100 184 2
86 115 2
103 189 2
173 113 4
183 178 4
179 32 2
169 178 1
174 134 2
71 30 2
47 64 2
130 135 1
45 144 2
162 158 3
5 31 4
73 59 3
120 86 4
5 106 4
1 137 2
119 116 1
121 180 2
97 41 1
61 31 3
33 98 3
14 178 2
69 45 2
11 81 2
115 190 4
197 97 3
107 177 2
100 55 4
149 68 2
71 107 2
27 72 3
138 110 4
15 23 2
29 53 3
44 147 2
29 150 3
180 77 4
35 154 4
87 170 2
94 189 2
61 177 3
21 143 4
162 198 4
47 146 1
76 129 4
97 9 2
73 39 4
191 121 2
31 16 3
120 175 1
47 119 4
14 12 3
154 82 3
5 25 3
17 189 3
66 176 2
197 134 2
92 98 2
50 35 2
75 169 2
154 58 2
151 142 1
68 166 1
80 159 3
19 104 4
124 104 3
110 34 4
1 38 1
120 103 4
65 140 3
193 122 1
154 162 2
30 125 1
57 169 3
103 73 1
185 33 2
67 8 1
34 157 3
27 106 2
112 12 3
85 1 2
22 169 2
55 192 2
87 123 2
14 17 2
180 57 3
30 29 3
126 174 1
55 177 4
122 54 4
130 149 4
116 82 4
162 137 4
138 178 3
17 45 1
183 103 4
197 71 2
75 60 1
85 90 3
61 117 3
54 120 2
37 124 3
193 25 1
127 14 4
180 161 3
149 191 2
6 17 3
181 176 4
92 0 4
55 190 3
10 179 2
163 27 2
75 194 4
177 52 3
98 25 4
159 57 1
181 192 1
185 11 3
100 64 4
122 67 2
130 138 1
34 118 4
197 188 2
87 33 1
93 171 2
155 62 4
60 160 4
152 93 3
132 75 4
196 134 3
129 133 1
184 25 3
95 81 2
169 26 1
92 179 1
184 112 1
105 142 1
41 95 2
199 173 4
24 109 3
110 42 1
36 106 1
125 116 4
101 48 4
74 101 2
1 148 2
102 188 3
149 81 2
175 41 3
29 79 3
60 40 3
79 169 1
36 156 2
169 56 1
169 122 2
81 46 1
15 147 1
145 195 2
190 114 2
166 80 3
79 161 3
17 153 4
9 170 4
194 51 3
127 32 4
130 111 1
166 156 2
127 187 3
138 196 4
158 87 4
136 187 1
155 176 3
69 40 1
23 0 3
155 14 2
9 116 4
130 142 1
9 78 2
81 10 3
60 145 4
67 95 1
114 139 2
36 3 3
110 149 2
136 162 4
190 166 2
123 18 4
165 29 3
173 75 1
194 54 1
194 96 1
118 25 2
116 157 4
139 82 3
133 4 4
132 31 2
37 18 2
100 30 3
37 17 3
97 68 1
120 160 3
96 43 2
16 47 2
146 41 3
37 16 3
190 129 1
100 53 2
39 140 2
117 157 1
60 73 2
108 180 1
64 164 2
139 156 3
9 192 1
131 43 1
33 3 4
177 125 3
15 77 1
58 147 4
1 100 4
162 186 1
28 30 2
138 171 1
141 138 4
49 0 4
32 76 1
156 142 1
16 155 4
133 83 2
36 22 4
78 108 4
31 40 2
87 82 2
33 88 4
43 175 1
180 102 2
159 9 2
182 133 2
31 125 4
16 117 1
110 151 3
127 25 3
37 186 2
56 14 1
44 26 3
180 105 4
74 167 4
70 191 4
22 21 3
34 151 4
110 23 1
99 161 2
125 196 1
143 196 2
41 48 3
151 186 2
93 161 2
190 8 3
34 5 2
103 115 2
48 155 1
187 104 2
20 71 1
57 51 4
89 20 3
179 187 2
38 138 4
114 142 4
125 86 3
52 54 1
50 178 2
181 41 2
2 73 1
66 50 1
21 35 3
172 76 2
146 5 4
148 74 1
193 194 3
73 164 1
80 51 3
33 128 1
52 184 1
129 137 2
36 62 2
87 117 1
78 68 1
120 100 2
177 191 4
81 119 3
35 118 4
65 193 1
119 56 4
10 147 1
76 80 4
143 81 2
179 81 3
189 183 1
109 185 1
61 163 2
22 28 1
128 17 2
62 2 2
68 182 2
62 59 4
25 72 3
163 37 3
20 5 2
87 71 3
46 44 1
8 19 2
163 94 2
66 12 4
81 120 4
147 16 1
73 53 4
70 157 3
128 164 3
149 103 1
168 76 3
61 134 4
1 40 2
43 63 1
9 75 2
29 94 1
77 139 1
148 17 4
74 150 4
172 9 3
58 6 1
147 1 4
155 182 2
40 78 4
97 94 2
146 130 4
92 164 1
43 58 4
51 48 3
35 188 1
27 51 2
128 101 3
1 104 3
134 157 4
110 70 3
125 15 2
79 71 1
62 98 1
56 72 4
59 75 3
197 164 1
83 110 1
81 158 3
67 113 1
19 51 2
143 71 1
72 83 3
80 79 2
183 160 1
182 23 3
96 13 4
112 115 3
140 122 2
143 119 3
137 193 3
173 131 2
111 15 3
38 181 4
111 183 3
23 8 1
198 79 1
88 12 2
127 95 2
15 83 2
90 92 2
30 92 2
88 160 2
25 111 4
80 150 1
76 98 2
98 146 4
189 104 3
25 162 1
55 166 2
166 124 1
186 115 1
39 41 4
196 100 3
163 107 3
172 181 2
104 67 2
77 36 1
42 39 4
103 139 1
22 52 1
8 44 1
6 106 3
119 34 1
112 14 4
23 111 1
4 186 4
61 72 2
179 135 3
66 167 1
22 39 1
157 145 2
119 153 2
14 106 1
20 55 3
107 157 4
157 96 3
16 36 2
25 24 4
73 119 2
14 43 4
199 123 3
183 140 1
177 185 4
89 186 2
132 149 2
132 159 3
120 110 4
162 51 4
107 181 2
43 70 4
188 187 4
121 24 3
114 24 4
157 54 4
103 196 4
135 103 2
28 187 2
4 126 4
6 131 2
183 156 3
173 162 1
12 42 1
79 48 4
99 10 4
37 2 1
141 63 2
63 81 1
195 191 3
94 181 2
143 140 3
73 92 1
187 148 2
94 115 4
182 108 1
35 47 4
10 197 3
60 46 2
30 104 2
171 32 4
194 80 2
15 85 3
177 181 1
98 24 4
128 71 2
112 69 3
111 136 2
55 151 3
173 135 3
105 154 1
100 29 2
71 69 3
15 52 4
193 142 2
126 111 1
41 198 1
168 5 4
145 193 2
131 115 2
30 36 1
172 150 2
173 129 1
34 57 2
106 49 3
129 16 4
90 14 4
37 32 3
0 14 4
188 170 4
195 11 4
123 163 2
192 99 1
132 135 4
110 122 4
140 175 4
60 56 4
143 95 4
95 36 2
69 117 4
1 89 1
47 103 4
181 161 4
53 94 3
76 154 1
109 38 3
39 184 4
196 156 2
64 74 2
75 23 1
48 26 2
109 12 2
100 45 2
94 4 3
103 26 2
2 150 4
92 137 2
31 155 1
97 56 3
137 190 1
199 80 2
179 18 2
41 199 4
54 34 4
185 25 4
51 166 4
166 151 4
181 37 2
129 123 2
135 184 4
23 7 3
27 84 4
106 90 3
106 70 2
113 98 3
54 176 3
8 65 2
33 125 3
15 50 4
68 150 2
22 23 2
197 174 3
108 100 4
158 181 1
4 181 4
155 51 3
116 8 3
55 77 2
7 109 1
171 67 3
113 27 3
176 150 3
124 194 2
21 0 4
36 102 1
127 98 3
106 44 1
171 105 1
66 145 2
161 61 4
177 151 2
63 100 1
99 175 1
165 19 4
154 175 3
146 194 2
94 183 4
61 20 1
174 191 3
162 103 1
57 38 1
150 159 1
189 52 2
76 161 1
28 106 1
68 27 3
113 42 1
82 97 1
21 131 1
110 16 2
199 179 2
83 75 4
42 143 4
165 94 1
106 54 4
102 114 1
86 147 3
22 111 3
156 97 3
82 144 2
81 69 1
99 39 3
21 37 3
152 194 1
12 127 4
154 100 4
145 187 4
196 22 4
139 57 1
91 64 2
111 199 4
54 153 3
194 174 1
168 67 1
194 71 4
13 42 3
159 106 4
92 140 2
162 53 4
183 47 1
161 197 4
28 11 1
89 191 2
176 186 1
100 180 4
174 124 1
95 57 1
185 117 3
149 55 3
158 199 4
135 89 2
90 176 3
118 122 2
120 144 4
139 193 2
78 125 3
3 73 2
106 42 3
0 58 1
110 184 2
168 2 4
48 123 2
69 125 3
21 128 1
87 35 1
59 174 3
155 118 3
56 114 2
42 5 3
66 106 1
113 94 3
28 100 2
159 95 2
95 99 2
187 152 1
184 31 2
127 19 3
46 108 2
108 133 1
11 174 1
177 24 2
26 140 4
95 103 1
80 75 2
46 171 2
62 123 4
96 12 1
195 198 2
66 147 2
109 59 3
43 6 3
160 70 2
194 196 3
9 154 1
29 182 4
138 58 2
135 123 4
144 145 1
89 11 4
6 108 4
157 43 3
192 129 1
10 88 1
108 114 1
19 91 1
78 104 2
115 157 1
66 141 1
100 54 4
90 174 2
35 82 2
184 16 2
93 75 4
192 88 4
194 155 4
140 10 4
81 7 2
92 187 2
110 6 1
36 169 3
94 20 1
169 168 3
46 160 3
171 13 4
191 183 1
20 105 2
7 156 2
165 179 1
191 176 4
96 6 3
137 24 1
197 83 3
126 148 3
163 68 3
171 187 3
5 133 2
11 82 3
112 47 2
100 170 4
34 172 4
27 191 1
73 115 1
166 86 2
93 189 4
87 95 1
55 108 2
92 133 1
128 79 3
61 46 4
123 120 4
75 111 1
135 153 4
77 42 3
163 100 4
31 136 2
183 3 2
70 78 4
28 7 2
157 45 4
131 8 1
146 53 1
113 57 2
140 22 1
120 162 2
91 43 3
52 0 4
186 184 2
149 17 4
111 168 1
184 35 1
130 61 3
36 150 3
13 19 4
1 119 2
46 14 2
21 76 1
83 196 4
94 77 4
117 152 3
72 57 2
66 22 2
77 87 1
20 38 2
35 0 4
168 42 1
111 103 3
160 197 2
105 85 3
51 118 2
45 183 1
43 56 2
189 133 1
143 11 1
82 31 1
167 121 1
17 87 3
158 60 4
10 46 2
32 105 2
186 120 2
69 186 3
152 20 2
61 106 4
132 152 1
38 3 2
31 152 4
76 61 4
110 25 3
194 46 4
182 189 1
140 63 1
29 167 2
63 0 1
20 164 1
40 18 2
142 88 4
93 46 3
31 168 4
102 46 1
140 198 4
47 65 1
90 10 4
165 8 3
46 48 2
62 25 2
95 72 4
138 140 4
29 43 3
97 129 4
193 44 3
31 50 4
123 141 1
90 25 4
84 25 3
69 51 3
124 179 4
121 182 2
190 26 3
161 153 3
35 145 4
75 98 4
148 63 4
148 82 2
180 168 4
73 174 4
142 168 3
53 50 1
108 15 1
162 179 3
101 122 1
111 184 2
103 49 3
195 119 1
116 33 2
168 199 4
132 169 3
134 48 3
175 127 4
8 61 2
198 18 4
174 51 3
136 155 3
5 182 1
3 56 3
179 62 2
99 108 4
160 86 2
92 168 4
73 195 2
82 93 1
77 1 3
88 111 2
74 19 3
126 60 1
79 143 3
9 51 4
180 104 2
23 115 3
0 3 3
106 109 1
54 184 1
85 56 2
70 169 4
168 191 3
131 100 3
100 51 1
139 63 4
159 113 4
81 172 1
178 126 3
137 147 1
95 153 2
149 39 3
143 128 2
63 194 4
171 165 3
178 100 3
95 142 2
78 107 3
87 15 1
182 152 3
163 92 4
68 140 4
90 48 2
95 185 1
72 22 2
178 185 4
0 75 2
71 1 4
82 131 4
47 26 2
173 118 4
156 191 3
187 113 3
99 63 2
51 29 3
58 127 4
52 2 1
119 64 2
48 1 2
185 30 3
195 50 3
124 2 3
94 26 3
136 156 4
108 67 3
115 193 3
175 103 2
38 130 4
152 14 4
59 156 1
156 81 2
0 121 4
95 21 1
20 49 4
5 105 1
185 21 1
167 16 1
191 160 2
125 171 4
93 174 2
91 140 3
197 86 1
128 55 3
183 148 1
132 83 3
3 32 3
68 151 4
91 188 4
144 138 1
133 22 3
171 179 1
57 154 2
47 107 2
72 110 3
96 188 3
63 172 1
134 74 4
42 27 2
58 139 2
180 103 3
116 49 4
28 85 3
66 158 4
46 29 1
129 25 3
184 55 1
101 23 2
26 64 2
99 60 1
171 75 3
49 128 3
196 146 3
156 180 2
193 135 1
26 22 3
148 85 4
13 183 4
1 43 1
89 66 2
114 176 4
74 154 4
124 199 1
30 111 3
134 103 2
118 2 3
149 177 2
26 126 1
126 162 2
26 114 2
51 30 2
83 143 4
149 137 4
98 139 3
112 43 1
16 99 2
131 11 4
70 107 3
104 177 1
12 59 1
145 110 4
65 26 4
160 107 1
132 13 3
84 156 4
186 166 2
173 66 1
35 115 4
96 139 4
184 124 4
109 112 2
155 102 3
141 72 2
86 95 2
111 187 2
105 132 3
25 45 3
123 111 2
38 78 1
188 50 4
43 158 2
158 167 1
86 130 2
135 43 3
46 139 4
52 106 4
158 3 1
25 53 2
123 68 1
107 112 3
4 93 2
156 132 2
88 182 3
90 20 3
184 137 1
37 58 1
177 6 4
55 69 3
71 68 3
178 95 2
34 153 4
134 62 4
98 61 1
108 191 3
9 47 1
88 85 3
84 170 1
50 198 3
58 23 1
153 124 2
153 57 4
190 31 1
199 172 4
14 184 4
198 160 2
45 107 3
95 174 3
107 106 3
106 134 4
95 124 1
160 18 4
171 119 1
78 61 3
35 89 2
193 133 2
28 79 2
9 35 4
64 5 4
90 184 1
145 5 1
0 111 2
125 59 1
180 151 1
48 14 2
178 38 2
164 74 1
21 101 1
103 82 1
113 80 3
126 150 1
77 194 2
164 95 4
176 182 1
178 143 4
138 160 3
196 135 2
95 190 4
151 167 3
73 140 2
135 121 4
134 175 2
152 83 2
181 125 4
191 139 3
136 27 2
171 71 4
82 155 2
158 84 1
18 51 2
84 122 2
173 176 4
184 181 2
143 0 4
194 98 3
128 166 1
42 115 2
135 194 2
135 36 4
155 33 4
48 122 4
120 13 2
1 49 1
57 96 4
39 189 2
37 28 4
179 128 2
119 40 2
190 107 3
56 108 4
10 37 3
65 7 4
103 16 3
187 158 4
181 103 2
125 75 3
189 114 3
194 140 4
28 165 3
165 157 2
20 144 1
84 81 1
158 97 3
166 87 3
0 102 1
46 112 1
104 23 1
198 95 1
27 22 3
173 24 3
103 27 2
8 55 3
182 51 1
142 148 2
34 71 2
194 128 3
3 103 1
106 197 3
55 80 2
175 159 2
147 57 2
145 167 3
65 199 1
38 60 2
110 75 2
27 121 1
166 196 2
186 190 4
191 66 3
66 38 2
172 33 1
152 144 1
69 174 1
132 67 2
56 132 2
187 37 3
45 106 1
188 114 3
137 71 4
157 51 2
39 177 3
93 17 1
190 193 3
181 71 1
48 70 2
128 4 4
9 55 1
132 97 1
110 40 3
190 142 3
109 167 4
78 47 3
162 21 1
149 3 4
43 86 4
57 178 3
34 111 3
176 50 3
173 122 4
199 8 4
180 126 1
199 166 2
176 40 3
156 60 4
109 99 3
189 40 4
111 191 4
92 14 2
153 168 3
31 101 4
181 185 2
187 89 1
32 142 3
141 120 4
49 187 4
154 135 4
178 69 3
105 110 2
109 41 3
55 168 4
14 67 1
136 133 1
147 186 2
96 80 3
82 78 2
121 162 3
11 194 3
42 182 2
168 39 1
183 188 1
182 74 1
82 72 4
40 150 3
18 180 1
98 93 2
96 70 2
99 34 1
194 195 1
79 136 3
0 112 2
167 108 2
49 181 1
6 193 4
193 197 2
191 16 2
29 194 3
79 56 4
14 50 1
2 64 3
54 192 1
199 54 3
153 177 4
84 34 2
153 67 4
131 199 1
56 30 2
197 61 1
71 146 4
70 143 2
87 146 4
63 152 3
79 127 3
49 162 1
193 161 2
187 147 2
18 68 1
31 19 4
30 66 2
176 93 1
122 158 1
184 62 1
166 123 4
58 182 4
105 12 4
45 158 1
79 26 2
130 110 3
47 198 1
79 46 1
88 167 3
124 131 1
37 103 4
121 3 2
88 38 1
88 14 4
91 142 2
116 144 1
148 134 3
22 153 4
153 31 2
129 20 1
178 124 1
159 81 1
72 119 2
32 97 4
82 0 4
119 159 4
66 108 3
169 44 3
38 153 2
109 151 1
116 89 3
189 95 2
11 177 1
93 140 3
53 116 3
18 181 3
115 111 4
42 102 3
164 15 3
174 64 1
54 89 1
166 76 4
6 176 2
94 135 2
119 102 4
121 154 4
62 3 3
29 24 2
22 42 4
84 46 2
14 130 2
62 136 1
151 156 4
156 182 1
122 13 4
145 168 3
163 113 4
49 80 1
154 132 3
112 30 4
129 35 4
31 74 1
6 135 4
51 185 3
10 96 1
41 139 2
182 142 4
66 189 2
175 57 2
113 119 3
14 41 1
141 48 4
173 71 4
178 186 1
41 121 1
25 57 1
45 42 2
52 182 1
95 83 1
107 31 1
119 63 3
112 45 4
118 159 4
84 68 1
163 69 1
167 31 2
146 119 3
194 137 4
110 140 3
47 154 4
49 113 3
109 146 3
28 153 4
171 23 3
196 170 4
92 167 1
67 148 4
113 87 1
65 67 1
62 73 4
50 177 2
13 193 4
179 113 1
120 88 1
106 121 1
131 187 1
160 108 3
172 175 1
1 117 3
196 139 1
91 5 3
142 158 1
68 67 4
16 148 2
1 30 4
140 147 1
39 33 2
187 194 4
40 169 2
186 174 3
8 2 3
138 192 2
78 86 3
121 64 2
146 176 3
190 87 1
62 193 4
55 39 1
147 125 4
146 10 3
160 84 3
192 93 2
167 101 3
76 48 4
23 128 3
60 26 3
164 176 1
81 9 2
25 83 2
50 89 1
195 108 4
39 27 4
92 149 3
49 59 2
86 126 2
170 38 3
64 115 2
66 196 2
78 181 4
184 30 1
54 154 3
183 10 2
105 99 4
132 15 3
33 181 2
176 124 3
27 41 1
49 79 3
38 48 4
110 143 3
163 105 1
25 195 3
156 108 2
20 41 4
91 87 4
98 97 4
64 173 3
39 52 2
57 14 4
162 99 4
88 100 3
1 110 2
174 50 1
191 54 4
112 121 4
59 163 3
179 121 1
113 102 1
38 53 2
36 172 1
125 0 2
69 0 2
197 195 1
63 58 2
91 2 4
153 131 3
79 92 3
112 193 4
104 25 3
132 61 3
24 160 4
20 180 3
35 170 2
165 138 1
26 28 4
59 65 2
27 185 2
163 58 4
133 74 1
31 134 3
57 17 3
12 197 1
121 137 3
66 156 1
176 2 1
65 89 2
63 71 4
111 166 1
83 166 4
53 96 1
118 104 4
6 192 4
133 183 1
47 39 4
174 65 2
120 165 2
179 63 3
184 63 2
13 99 2
44 32 3
129 2 2
112 188 4
83 127 3
144 162 4
170 81 4
3 154 4
129 136 2
136 48 1
142 143 1
95 154 1
0 142 1
142 5 3
37 5 3
45 182 2
176 38 4
159 45 2
179 154 1
159 39 2
186 66 4
115 127 2
46 172 2
11 187 4
134 32 1
163 185 2
40 185 3
87 13 1
30 97 3
140 86 1
141 24 3
63 47 3
8 28 1
104 168 2
63 122 2
158 123 1
126 149 4
8 43 2
122 152 3
20 42 4
9 118 3
23 96 1
96 15 4
114 88 3
79 116 1
17 20 1
71 66 3
118 71 3
100 181 2
160 164 3
163 126 1
121 104 1
131 10 3
136 32 2
147 170 4
32 24 4
46 136 3
61 182 1
35 37 1
106 68 3
116 106 4
151 0 1
187 128 1
180 195 2
159 100 3
72 108 4
56 89 3
116 165 1
138 132 4
114 82 4
164 167 4
32 198 2
33 38 2
174 52 1
85 152 4
43 102 4
176 187 4
149 82 3
125 10 3
29 148 1
49 21 4
36 71 1
17 5 3
182 120 4
27 79 1
144 163 1
146 126 1
145 176 3
185 183 4
187 133 3
94 75 4
55 152 2
44 97 3
29 19 4
14 86 3
155 15 1
140 196 3
173 187 2
118 102 2
45 44 4
151 93 4
118 193 2
110 14 1
6 7 1
86 131 1
74 58 3
195 72 2
127 42 4
31 160 2
133 90 3
90 111 4
134 179 4
177 170 2
159 184 2
31 115 4
24 138 2
94 141 1
6 126 2
86 150 2
170 175 1
172 183 2
103 48 1
187 100 2
92 26 2
83 154 3
54 83 3
171 68 1
118 171 3
91 11 4
122 14 1
167 149 3
152 58 3
127 120 3
61 5 3
172 141 3
185 170 3
131 24 1
98 72 3
114 33 4
22 61 4
108 190 3
175 180 2
160 109 4
104 16 4
147 19 1
36 93 4
147 110 4
162 168 3
77 121 1
145 192 1
134 13 1
144 99 2
186 196 2
137 185 1
42 43 4
119 121 2
36 117 3
75 72 4
35 83 1
91 33 2
125 189 4
17 94 1
155 8 1
38 148 1
190 160 1
124 177 3
182 113 1
111 181 1
56 110 3
16 70 3
150 167 4
120 190 3
139 143 3
98 121 3
9 46 1
60 175 1
159 114 4
116 186 1
130 112 2
173 29 4
39 101 4
28 64 3
117 122 1
146 55 4
86 49 2
138 125 4
103 72 1
187 64 2
198 49 3
9 21 1
65 156 3
13 98 4
57 11 4
50 49 4
150 38 2
37 76 1
77 41 2
13 125 2
133 196 4
191 53 4
68 21 1
64 67 2
39 128 2
93 41 4
108 120 4
42 75 1
5 77 2
108 101 2
32 145 3
128 137 3
92 71 2
113 192 1
192 175 2
198 74 2
184 51 3
140 157 4
8 78 1
7 47 1
112 54 1
149 124 3
123 31 3
141 103 4
40 66 2
110 125 3
78 21 4
12 175 4
160 170 3
153 157 3
56 44 3
165 56 4
176 87 4
63 78 4
130 2 3
81 101 2
135 172 1
121 116 2
72 130 2
72 48 4
18 14 3
119 122 3
167 67 4
21 41 4
12 186 3
49 150 3
155 78 2
91 78 2
60 192 4
42 148 3
57 193 1
63 186 1
1 44 1
165 31 3
147 124 2
198 165 1
50 115 4
169 31 3
85 60 3
51 60 2
53 151 4
140 76 2
198 91 1
176 100 3
139 112 4
129 69 3
81 153 1
23 144 1
60 112 1
175 24 3
178 137 4
15 62 4
19 80 3
148 32 1
19 164 3
2 32 3
89 59 1
46 70 3
60 106 1
30 189 3
180 190 2
120 68 3
184 143 1
74 12 3
199 143 3
23 33 1
66 75 2
162 67 3
15 79 2
123 143 4
50 10 4
127 131 3
152 9 4
198 199 2
49 9 4
186 117 3
0 113 2
19 197 2
100 97 4
27 133 2
72 179 2
142 192 1
190 48 3
189 96 2
87 36 1
86 100 3
85 194 1
149 60 3
114 71 2
154 156 1
56 113 4
184 37 2
148 86 4
14 146 1
168 71 2
190 172 3
125 113 2
3 70 3
49 18 1
109 28 2
19 148 3
58 26 2
55 194 1
3 110 3
46 90 1
88 178 2
69 128 3
193 160 3
50 9 2
143 64 1
41 182 4
94 156 1
53 159 1
171 33 1
23 170 4
112 70 2
190 43 3
186 83 4
156 17 2
88 16 3
46 96 2
174 26 3
2 5 3
195 154 3
99 64 4
190 178 1
131 23 2
67 38 4
143 85 4
106 193 3
1 138 1
198 105 4
115 119 3
194 190 4
113 4 3
114 80 2
162 58 3
150 121 2
106 40 2
52 175 1
26 35 1
185 77 1
68 92 3
87 134 3
159 76 2
166 112 4
191 127 1
46 80 4
116 199 4
193 196 3
162 41 2
64 69 2
149 164 4
176 21 1
170 33 1
47 169 3
58 183 2
96 181 4
184 69 1
83 89 1
184 36 1
10 35 1
73 95 1
113 14 4
36 121 4
93 1 3
147 167 4
123 152 4
145 175 2
137 70 2
43 133 4
194 25 2
1 146 2
71 199 3
61 53 1
166 159 1
162 152 2
156 123 2
25 138 2
91 70 1
192 143 3
21 141 3
198 141 3
168 198 2
109 22 3
57 93 4
93 184 1
51 95 2
169 111 1
85 35 4
152 6 3
158 8 1
62 152 1
157 66 2
72 64 3
62 84 1
53 0 2
129 140 4
136 33 4
27 130 2
60 50 3
0 83 2
34 128 1
123 126 3
167 55 4
70 193 4
115 120 3
129 61 4
197 180 1
46 45 1
133 70 4
118 121 1
4 60 1
106 38 2
148 128 3
52 162 1
165 18 2
82 194 3
154 176 2
168 170 2
164 89 4
40 186 2
158 163 3
35 41 3
82 65 2
83 122 4
31 188 1
96 31 3
175 107 2
136 182 1
199 9 2
74 98 1
99 151 1
138 5 1
104 109 4
33 163 2
119 133 1
34 45 4
68 160 3
23 12 2
171 91 3
92 36 3
23 183 4
28 69 1
72 180 3
177 165 2
64 70 1
139 106 1
37 50 4
52 3 2
0 117 2
93 155 3
55 85 1
126 1 2
168 87 3
90 23 2
93 2 4
97 60 2
166 184 2
139 187 1
87 193 3
30 73 3
177 157 2
166 27 4
126 93 4
38 21 4
129 105 3
127 118 4
26 76 2
18 173 3
196 20 4
198 175 2
122 162 2
22 87 2
81 23 4
182 141 4
52 96 4
198 68 4
199 150 2
54 21 2
191 32 1
144 176 2
135 64 1
123 26 4
2 53 1
166 25 3
150 31 3
163 122 3
173 158 1
100 145 2
116 5 1
31 67 3
119 135 4
0 59 4
130 176 1
92 99 4
7 14 1
91 153 1
79 53 3
126 102 1
54 168 2
68 115 2
81 164 3
115 181 3
100 128 1
95 59 1
156 41 4
178 139 4
147 159 3
22 166 1
122 147 2
145 140 2
58 20 4
16 106 2
190 66 2
195 112 4
112 181 4
94 158 1
150 174 1
28 127 4
148 30 3
164 58 4
61 28 3
146 62 2
191 26 4
50 77 1
69 160 4
129 80 1
38 167 4
185 24 4
60 194 4
107 88 1
146 28 2
20 177 4
133 100 2
117 85 2
44 16 1
52 114 4
37 165 4
88 61 4
120 61 3
161 25 3
76 148 1
19 61 2
66 149 2
171 131 1
18 98 2
59 93 3
93 37 1
103 86 3
93 106 1
152 92 3
112 132 1
93 183 1
167 166 3
186 59 2
26 195 1
98 112 3
115 33 3
186 42 1
133 135 3
57 58 1
10 118 2
122 21 3
62 43 2
52 71 2
197 155 1
155 149 4
63 46 4
107 19 4
44 176 2
35 53 2
126 198 3
25 22 2
84 141 4
32 28 1
2 112 3
1 8 2
146 15 4
61 165 3
158 127 2
68 176 2
189 148 2
163 64 1
126 31 4
88 9 2
15 31 1
165 54 4
151 39 4
154 151 4
47 129 2
114 65 4
156 177 2
102 153 4
88 190 1
65 42 2
129 182 1
69 187 4
199 5 2
194 45 1
74 144 2
166 183 2
82 172 3
122 188 1
92 1 3
105 84 1
109 77 3
54 74 4
67 118 2
110 63 2
199 145 4
143 40 3
182 166 3
99 45 2
57 87 4
103 84 1
113 195 4
14 108 3
0 81 2
111 196 1
107 34 1
43 88 1
74 2 4
128 74 4
141 61 2
172 153 3
30 61 3
102 77 1
13 53 4
54 25 1
5 69 2
171 87 4
196 145 4
57 108 1
60 196 1
14 185 4
32 75 1
150 198 4
123 127 3
20 4 4
32 77 1
152 26 2
193 128 4
173 195 2
162 135 3
53 84 3
142 73 3
126 119 4
24 158 3
192 171 3
3 60 3
91 186 2
164 153 2
99 139 3
48 59 2
119 91 1
29 123 4
182 91 4
89 91 2
192 148 2
76 106 2
187 186 1
31 183 3
55 15 1
162 95 1
105 119 2
115 12 4
98 150 4
156 23 1
88 5 3
119 155 3
7 51 3
119 6 2
160 195 2
197 153 4
171 29 2
159 156 4
31 75 1
184 192 2
94 81 4
143 86 3
180 123 2
28 65 2
27 46 3
68 36 1
84 112 1
196 11 4
8 32 4
116 190 4
24 56 2
88 140 1
178 115 1
109 125 3
140 79 4
83 70 2
86 159 4
29 85 2
110 144 1
114 197 4
160 22 3
56 87 4
175 117 3
44 72 3
121 51 4
83 61 3
93 97 4
67 80 4
162 174 1
187 96 2
162 68 4
174 183 4
103 198 4
194 20 3
69 73 4
63 129 1
124 145 3
178 167 4
5 184 1
35 3 3
124 125 3
126 105 4
41 153 4
86 111 2
41 6 2
145 78 1
97 188 3
172 89 3
163 36 1
57 100 4
131 152 2
12 172 4
14 144 1
174 172 2
18 111 1
52 81 4
21 85 2
70 182 3
0 20 2
132 57 4
117 47 3
26 59 3
75 178 4
105 93 4
167 70 3
165 191 2
129 48 2
63 5 4
91 111 1
83 169 4
24 76 3
157 136 3
7 192 2
122 68 4
27 19 4
42 62 2
89 124 1
187 19 1
161 75 3
68 48 4
50 161 1
180 163 2
171 19 3
199 95 2
55 113 3
144 90 3
0 78 3
171 172 3
6 105 2
14 163 2
10 135 1
161 194 4
5 137 3
28 160 4
75 196 3
102 182 4
69 151 4
11 94 3
64 113 3
33 182 3
100 4 1
83 27 1
70 123 4
41 70 4
41 11 3
127 199 2
46 138 2
170 194 1
39 119 2
94 180 2
106 191 4
83 131 4
98 131 3
71 112 2
195 146 3
135 47 1
2 90 3
177 42 4
33 131 4
173 53 4
170 97 3
159 52 1
43 75 3
140 181 1
90 173 2
144 46 1
5 76 1
75 16 3
16 8 1
167 142 1
78 153 4
27 92 2
54 125 3
146 18 3
183 196 4
7 154 2
12 138 1
64 106 1
161 133 2
1 83 1
22 152 2
36 10 2
179 115 4
40 101 3
3 136 2
169 172 4
31 137 3
42 164 3
173 194 1
40 30 3
20 192 1
112 39 3
179 67 1
157 25 4
25 136 4
100 49 2
143 23 3
88 132 4
72 185 1
75 168 3
197 157 4
0 4 4
17 161 2
114 42 3
38 40 3
34 9 4
99 18 4
129 4 1
89 95 1
41 119 3
4 105 2
4 65 2
42 131 3
102 11 4
109 102 2
130 28 2
60 70 2
28 188 2
112 185 1
43 171 3
123 147 3
11 77 2
141 69 4
11 96 2
124 134 4
166 153 3
132 2 1
140 156 2
149 21 3
148 190 1
31 95 2
61 143 4
21 160 2
27 18 4
199 182 3
66 81 4
192 63 2
62 76 2
151 149 2
66 52 2
142 3 1
68 62 1
106 92 3
49 146 3
156 80 2
98 130 2
56 21 4
120 16 2
163 138 1
57 90 3
57 115 2
16 136 2
13 8 3
105 69 3
15 167 1
111 180 1
70 108 3
169 130 3
85 131 3
136 93 3
85 84 3
38 77 1
190 22 3
33 57 4
19 114 3
53 46 4
136 8 1
116 17 2
199 13 3
89 41 1
76 151 4
76 191 1
89 146 2
36 13 3
162 195 2
176 148 4
10 137 3
4 143 3
178 101 1
195 196 3
59 112 2
16 196 3
34 48 4
52 47 4
182 159 4
25 88 3
22 95 4
25 67 2
30 151 2
195 27 2
128 3 4
196 28 4
90 6 1
156 21 4
97 174 4
88 106 2
106 20 1
65 18 3
127 192 2
151 172 2
139 36 3
196 3 2
62 195 2
40 23 3
175 185 1
163 91 1
56 90 2
179 44 2
148 179 3
142 187 4
14 53 2
59 34 1
73 159 4
187 51 2
88 189 3
31 124 3
146 107 3
51 11 4
107 189 2
167 43 1
79 118 3
74 47 4
71 93 3
195 46 3
1 90 3
110 189 3
189 71 1
108 158 1
188 147 4
39 145 1
153 156 4
182 178 3
9 189 3
53 136 4
164 137 1
80 163 2
94 79 1
119 148 2
130 100 3
21 186 2
189 176 2
78 84 3
37 185 1
175 16 3
92 15 4
92 121 1
15 184 2
137 83 4
54 11 4
129 15 2
52 134 2
115 96 3
101 27 4
131 102 1
93 86 1
47 30 3
199 129 1
3 88 3
53 62 2
122 194 2
163 191 2
101 8 4
181 30 4
111 7 3
93 11 1
68 11 1
16 199 2
54 169 3
154 181 3
123 9 2
147 98 4
81 122 1
127 67 1
148 173 1
4 52 4
57 3 1
194 2 4
130 89 2
140 84 2
165 91 2
132 196 2
191 85 1
47 148 1
190 85 1
82 40 3
16 150 4
75 198 3
84 49 1
130 131 4
42 193 4
52 44 3
16 126 4
99 183 4
5 183 3
125 55 4
142 98 2
140 107 4
24 68 3
157 36 1
165 159 4
112 150 1
88 195 2
101 129 1
92 188 4
163 198 1
41 137 4
128 66 3
70 140 3
24 15 3
9 70 4
187 160 2
156 57 3
28 89 4
11 186 2
184 4 1
122 15 2
118 37 4
129 130 4
126 137 1
43 165 3
82 75 3
199 115 1
147 50 2
69 46 4
13 128 1
66 17 2
81 115 2
92 55 1
103 79 1
18 105 3
6 38 2
179 149 3
19 65 4
152 87 4
155 25 1
22 48 1
83 92 1
106 150 3
124 61 4
135 93 2
28 1 2
161 21 3
139 133 3
194 165 1
80 153 3
180 33 2
64 122 2
29 158 4
115 116 1
131 55 2
159 8 1
197 171 1
21 159 1
137 156 3
70 85 3
24 5 3
152 102 3
183 86 4
122 30 1
92 2 4
133 106 2
187 84 1
161 125 1
7 153 1
70 189 2
59 13 2
13 127 4
186 128 1
17 99 2
20 165 2
26 8 1
109 148 2
105 117 4
185 42 2
41 23 2
10 151 3
167 169 4
118 15 1
198 107 3
100 147 3
107 161 1
127 92 3
79 7 2
36 193 3
9 104 4
163 19 1
96 112 2
146 31 2
35 135 3
68 168 4
90 33 1
102 147 3
124 118 1
33 189 2
70 45 1
34 47 4
16 22 4
81 43 2
190 197 1
104 154 4
33 89 2
182 50 2
92 67 4
137 101 3
84 115 2
19 120 4
102 64 2
2 141 3
139 184 1
63 34 1
31 171 3
17 47 1
166 50 4
55 117 3
17 162 1
26 37 1
63 128 3
129 26 2
128 8 1
82 32 4
183 68 2
82 38 3
90 50 2
0 47 1
156 188 1
121 84 3
132 4 3
143 194 4
121 90 2
121 136 1
193 0 2
7 58 2
40 72 4
131 35 2
68 12 1
54 16 1
163 175 3
119 29 1
96 140 1
126 197 3
64 188 4
153 171 4
133 64 2
167 23 1
41 108 3
108 128 2
134 70 4
171 124 3
78 139 4
117 23 3
121 46 3
27 35 4
118 93 1
104 159 1
164 154 2
184 50 4
18 164 1
110 13 4
188 139 1
149 1 3
187 93 2
11 31 1
89 99 2
66 20 3
104 185 1
165 169 4
77 178 4
153 110 4
70 117 3
140 25 2
194 83 2
19 57 4
153 71 2
89 32 1
163 1 4
159 0 1
159 188 1
15 190 4
190 151 2
80 13 1
103 40 2
103 2 3
79 12 4
2 35 4
186 44 1
183 169 3
152 11 4
130 11 4
66 41 4
91 104 1
158 47 3
111 45 3
110 188 3
177 76 1
125 53 4
86 56 1
105 107 1
7 145 3
57 160 2
145 92 4
112 92 3
1 162 2
91 152 2
76 180 1
105 72 4
78 25 3
189 144 2
50 58 1
190 7 3
105 11 3
100 16 3
98 137 4
41 61 4
67 193 4
191 141 3
184 72 1
70 44 2
101 33 4
20 67 4
55 102 1
97 143 3
176 194 2
7 11 2
108 97 3
102 117 3
48 50 1
106 137 3
120 12 1
193 116 4
63 7 1
22 194 1
36 65 3
126 184 1
37 192 1
122 62 1
148 31 4
172 179 2
17 145 4
84 55 3
3 184 2
198 106 2
141 88 1
7 176 2
109 44 4
75 152 2
11 171 3
128 93 3
111 164 2
104 65 2
176 37 1
190 192 3
37 105 1
63 75 1
89 120 4
55 182 1
188 30 1
36 110 2
18 11 3
82 198 1
60 180 1
26 158 1
143 88 4
192 189 2
181 195 4
195 114 4
88 28 1
69 102 2
77 133 2
9 114 1
26 109 4
115 49 4
135 58 2
98 169 3
167 35 3
81 139 3
60 179 4
50 107 3
82 115 1
137 23 4
115 65 4
178 104 1
40 22 1
94 28 1
35 155 2
185 2 2
162 8 1
172 87 4
154 131 3
65 71 3
62 132 1
89 48 3
57 127 4
61 97 3
79 157 4
151 189 2
112 183 4
193 159 4
185 107 3
160 16 1
150 51 3
79 73 3
94 48 4
97 121 3
157 44 2
156 72 3
129 166 4
36 44 1
5 175 1
104 133 3
133 79 3
96 5 3
161 128 3
2 190 2
175 91 2
179 7 4
124 48 3
121 114 3
128 165 2
33 10 2
166 44 3
176 28 4
54 7 1
128 121 1
3 40 1
2 182 4
47 163 4
155 55 1
182 65 4
108 19 3
27 55 4
158 195 1
144 174 4
111 167 2
62 80 1
189 132 4
139 56 1
42 1 2
149 176 4
16 66 2
66 105 2
126 18 4
9 190 4
63 4 2
170 54 3
29 33 4
131 17 3
199 100 4
104 74 3
96 37 3
194 4 4
30 156 3
80 40 3
20 92 3
85 161 2
166 105 3
14 52 4
63 136 2
51 195 1
139 132 4
69 143 3
179 88 3
192 44 2
11 161 3
69 65 2
149 87 3
130 128 4
133 53 4
87 151 1
107 87 3
112 199 3
121 168 3
153 65 2
97 15 4
173 192 2
54 55 2
156 144 4
145 177 3
75 140 2
193 20 3
197 39 2
20 50 3
196 162 2
135 115 4
42 126 2
107 119 4
178 63 3
153 40 3
55 14 3
194 34 2
107 75 2
191 11 1
48 184 1
4 77 3
27 45 2
35 81 1
195 78 3
142 69 3
45 135 4
38 55 3
15 29 4
156 42 1
28 140 1
103 25 4
44 95 1
20 150 4
30 0 4
163 101 3
2 151 1
162 72 4
188 107 1
119 35 1
86 151 2
52 36 4
177 122 2
53 143 1
147 175 4
101 72 2
129 85 2
104 61 3
106 164 1
170 32 3
140 54 1
166 72 4
71 104 4
51 143 3
157 67 1
88 96 2
48 139 4
142 22 3
107 196 3
42 157 3
158 92 1
4 62 1
65 154 4
126 194 4
4 23 2
192 90 3
120 174 1
27 122 2
52 195 4
44 182 2
113 28 2
132 9 3
108 86 1
192 157 1
54 134 2
83 12 1
12 17 2
67 109 1
100 117 3
143 180 4
195 39 2
151 195 1
195 104 1
72 8 4
142 132 2
169 146 4
93 119 3
78 122 4
30 152 4
151 57 1
15 20 1
46 182 4
9 165 2
19 180 4
178 99 2
49 10 1
11 103 4
125 64 1
81 129 3
50 148 2
1 118 2
122 167 2
17 185 4
146 175 3
153 25 4
185 83 3
89 118 2
84 102 3
72 193 2
125 29 4
140 176 3
133 194 1
50 158 4
11 47 3
135 69 4
10 199 2
177 58 2
14 168 2
112 152 3
190 139 3
186 163 4
191 187 1
75 164 3
188 11 2
178 91 3
4 188 2
188 185 4
13 123 4
184 114 2
50 180 3
119 190 3
197 158 2
79 134 3
22 167 4
103 144 3
24 77 1
94 6 2
142 126 1
180 81 4
157 180 2
92 136 3
108 39 1
125 149 4
95 50 4
185 87 1
109 71 4
1 91 2
74 142 3
89 115 1
124 56 1
101 93 4
141 105 2
120 149 4
43 126 1
86 67 2
154 198 1
25 117 1
198 167 2
113 75 2
180 5 3
81 37 4
47 193 1
12 18 4
0 22 3
180 44 1
74 49 2
106 110 1
157 198 2
121 145 3
42 98 2
19 183 2
146 67 2
154 185 3
39 70 1
166 57 2
148 22 2
91 20 4
147 114 4
101 106 3
111 94 4
39 152 4
56 134 2
4 155 4
174 14 3
99 146 3
157 170 1
14 119 1
194 89 4
80 196 3
93 130 1
1 79 3
110 177 3
56 199 3
102 60 4
94 37 4
158 85 1
176 96 3
177 174 1
19 12 4
187 144 2
18 5 3
126 109 3
44 71 1
113 40 2
183 132 3
106 46 2
60 182 1
159 36 1
159 130 2
53 87 2
90 86 1
168 171 1
1 130 4
120 119 4
4 16 2
7 71 2
15 78 1
57 116 3
51 190 3
0 56 3
138 85 1
77 138 2
58 113 3
95 39 4
169 80 2
165 195 1
74 170 2
130 190 4
141 171 1
161 160 1
104 36 3
79 183 4
110 191 4
5 4 1
122 2 1
1 160 1
69 9 1
98 32 3
197 92 4
137 77 3
178 70 2
111 161 4
99 147 2
73 78 4
146 163 4
79 191 2
12 91 4
181 189 1
49 117 3
130 188 4
136 120 4
31 54 2
91 135 3
1 63 4
104 99 3
29 193 1
160 184 3
42 145 3
95 180 1
189 67 1
102 121 4
199 105 2
80 172 1
24 127 2
105 8 1
105 10 3
168 23 1
184 44 1
119 20 1
46 114 2
133 51 3
126 71 4
82 121 1
134 177 4
20 40 2
57 8 2
103 158 3
158 30 4
181 132 4
180 144 2
179 23 3
23 176 4
124 120 2
79 5 4
131 169 1
129 60 3
146 24 2
170 12 1
139 69 2
19 103 4
33 149 2
21 8 4
103 156 1
53 55 2
50 44 3
29 70 3
0 103 1
153 186 2
79 95 4
160 111 3
198 152 3
0 135 3
26 151 3
11 27 3
69 190 1
70 35 3
42 181 1
27 61 3
68 199 3
89 24 1
75 40 2
40 49 3
78 50 2
50 47 2
198 16 3
24 183 3
31 94 4
115 54 4
53 11 3
82 88 4
177 14 4
138 170 1
48 43 2
115 71 3
140 97 2
143 20 4
92 37 3
58 94 1
191 193 2
141 167 2
70 50 4
15 94 3
86 29 1
48 42 3
112 110 3
145 84 2
9 146 3
24 19 1
126 92 3
90 59 2
115 140 3
185 63 4
105 31 3
106 100 1
194 15 1
64 193 4
70 188 4
156 87 3
71 111 2
109 169 4
16 194 2
113 79 3
122 74 2
1 56 1
176 26 4
70 159 1
145 46 3
136 137 4
155 128 4
107 158 2
181 160 3
60 30 1
150 125 3
173 16 1
141 129 4
61 34 2
173 92 3
199 82 3
171 76 3
36 145 1
2 3 2
70 58 2
181 56 2
67 41 3
49 5 2
7 198 1
66 100 2
66 142 1
141 165 2
6 101 4
96 168 4
187 76 4
89 188 2
33 94 1
63 44 2
20 19 1
48 140 1
132 153 2
58 131 1
70 99 2
62 44 2
161 48 4
81 150 4
106 145 2
34 42 2
127 86 4
13 45 2
150 141 3
11 73 2
97 150 4
138 82 2
166 46 2
185 157 4
104 28 3
188 52 2
72 174 3
57 37 2
29 146 3
189 78 1
165 111 1
199 149 1
99 127 2
144 65 2
142 116 2
168 1 3
9 125 4
63 150 1
80 168 1
96 58 2
187 169 4
138 27 1
53 188 1
187 175 2
20 183 3
129 24 4
199 156 4
61 80 3
131 59 4
156 29 2
119 98 4
126 135 2
44 101 4
90 95 1
77 118 4
162 77 2
137 183 1
98 155 4
173 9 1
57 35 2
140 35 1
105 80 4
104 8 4
53 185 1
155 79 2
50 73 2
78 97 1
89 173 1
144 104 3
35 15 3
183 118 3
157 57 3
41 195 2
84 56 4
80 171 4
107 191 3
159 195 3
0 174 3
82 68 4
74 95 2
177 89 3
189 126 4
131 89 1
177 5 3
66 69 2
144 3 3
186 157 3
135 131 3
150 164 1
156 26 2
83 47 4
135 90 3
83 174 4
141 188 4
57 162 2
29 131 4
136 106 3
49 126 4
38 68 1
166 75 3
40 43 3
143 116 4
58 21 1
56 126 4
175 33 4
12 98 3
144 49 2
74 174 1
175 138 4
132 80 2
119 52 2
121 188 2
2 39 1
127 124 4
30 117 3
32 161 2
10 148 4
60 39 2
85 156 1
119 54 3
113 114 2
136 41 1
27 135 1
34 180 1
138 156 4
166 173 4
146 116 2
124 54 2
37 198 1
167 102 3
73 63 1
125 142 4
138 126 3
175 64 3
145 14 1
16 142 3
170 11 1
66 159 2
121 79 2
28 192 4
121 165 2
167 52 3
109 113 3
170 85 2
149 160 1
35 29 3
150 196 1
180 27 4
164 52 2
98 30 4
124 46 2
70 88 2
86 60 1
138 97 2
132 66 4
181 8 4
108 79 3
11 110 3
57 187 2
99 56 3
149 67 4
160 32 4
77 78 2
81 59 3
163 195 2
115 187 1
99 27 1
37 19 1
139 15 1
126 182 3
72 186 3
194 26 1
31 192 1
130 41 1
159 47 3
66 97 2
155 144 1
13 58 2
21 80 4
107 77 3
85 142 3
53 30 2
142 161 1
59 41 3
72 142 2
58 84 1
64 0 1
139 74 1
79 173 4
66 77 4
17 160 2
98 5 2
59 28 3
54 92 4
84 19 1
122 22 2
3 162 2
24 191 1
21 77 4
70 63 3
157 119 3
95 7 1
111 185 2
83 85 3
198 31 3
18 96 2
47 115 1
160 146 2
180 196 2
88 54 2
1 109 2
149 106 1
178 194 3
74 92 3
74 178 4
134 121 2
192 91 2
146 188 3
176 121 2
179 50 3
75 21 4
123 136 1
33 51 3
196 4 1
33 193 3
184 125 1
195 81 2
37 68 3
46 30 1
118 86 4
80 15 1
47 127 2
99 181 1
135 49 2
143 124 2
142 6 4
18 48 3
2 138 4
130 145 4
138 95 4
183 173 3
52 142 2
151 170 1
8 53 3
197 77 1
14 25 4
147 119 3
3 92 4
33 100 2
127 36 4
147 47 4
143 5 4
111 20 1
66 182 3
111 87 2
45 190 2
82 111 2
138 108 4
137 11 2
67 51 1
68 32 1
78 66 1
183 26 1
41 3 1
197 23 1
143 177 2
63 10 2
30 192 3
38 132 4
172 55 1
86 47 3
71 129 3
102 99 3
140 118 3
153 61 4
198 57 2
92 115 2
71 176 4
141 155 3
87 199 4
5 67 3
73 55 2
51 41 3
168 183 4
55 176 3
112 138 1
91 177 4
42 99 2
172 68 2
49 27 1
66 102 2
156 15 3
123 190 3
167 96 4
24 52 3
26 30 3
89 184 4
73 178 3
17 9 2
73 161 2
96 83 2
40 126 4
178 121 4
47 167 4
161 108 4
60 81 3
46 116 3
103 104 3
159 152 3
125 34 4
56 8 2
73 199 4
198 60 1
112 160 2
158 186 1
23 59 2
120 74 2
95 11 1
52 104 2
36 61 3
151 19 4
17 164 1
113 194 1
66 140 2
113 52 3
179 13 4
195 175 1
192 109 1
4 67 3
154 137 2
98 116 2
156 101 4
19 134 1
111 38 3
70 199 1
89 6 3
138 103 2
191 126 3
77 57 1
72 96 1
168 51 2
36 91 4
170 30 3
194 65 2
179 123 1
71 103 3
157 103 3
164 49 2
7 150 1
154 50 3
182 79 2
180 49 1
105 89 4
118 87 4
73 152 3
185 36 1
39 186 3
197 28 4
66 44 2
15 99 2
32 71 1
191 19 4
125 67 3
144 154 2
42 165 1
129 19 1
8 52 2
129 104 1
34 87 4
84 130 2
42 4 3
26 180 1
170 73 1
130 133 4
35 199 1
195 171 1
31 121 1
104 5 1
185 179 1
164 3 3
98 59 4
147 141 4
53 27 1
35 16 4
39 127 3
38 142 4
173 23 1
29 84 1
90 123 4
16 27 4
149 123 2
145 27 3
168 163 4
108 38 2
101 195 3
35 59 1
3 180 4
39 154 2
178 111 1
192 168 3
165 13 2
121 99 4
163 199 1
135 37 2
45 123 2
65 161 3
154 194 1
190 152 4
170 114 4
50 21 1
197 129 1
49 199 3
35 8 4
169 30 2
139 25 2
193 7 3
33 174 3
187 58 2
199 113 2
176 196 2
8 142 3
142 93 4
129 82 4
27 132 3
78 186 1
152 53 1
4 43 4
90 137 4
170 182 2
29 109 4
148 5 2
37 11 3
134 38 2
9 85 3
59 80 1
32 132 1
91 184 2
22 45 3
169 85 4
69 76 4
9 147 3
123 125 1
74 84 3
26 77 3
123 164 1
177 79 2
84 52 4
12 129 3
182 101 3
159 50 1
42 158 4
104 47 2
156 4 4
131 179 2
182 21 4
168 188 1
50 74 2
150 3 4
47 75 2
141 54 3
179 142 2
121 159 2
124 62 3
19 131 2
92 53 2
103 12 4
30 65 2
42 150 1
31 135 1
161 156 3
100 42 1
43 5 4
134 33 3
153 150 1
5 153 3
99 153 4
17 111 2
68 100 1
17 140 1
63 196 1
32 53 2
30 82 4
118 168 4
130 50 3
120 126 1
89 185 3
8 76 4
96 14 3
114 62 1
198 67 2
37 147 3
127 107 2
171 149 3
139 150 1
48 153 3
11 59 2
157 58 3
61 49 1
161 39 2
99 36 3
89 110 3
169 199 2
29 7 2
30 35 1
7 85 1
117 12 3
75 11 1
98 185 4
104 160 4
25 97 4
46 109 2
110 133 2
19 52 2
163 70 2
77 150 1
47 132 3
193 28 1
3 47 2
163 72 4
161 59 4
6 137 4
9 101 2
43 162 4
0 54 4
89 94 4
59 117 1
65 160 2
77 198 2
26 193 4
193 153 4
6 61 4
151 187 2
190 104 4
176 156 2
102 71 4
87 197 2
187 149 4
63 159 1
51 55 4
177 113 4
91 141 4
14 10 4
62 41 4
92 84 2
1 177 3
187 153 3
198 63 4
118 133 4
49 193 2
31 6 2
133 29 4
34 16 3
11 14 1
43 38 1
84 101 3
5 72 2
122 171 1
190 124 4
49 196 3
68 42 1
77 156 4
152 129 4
51 35 3
94 1 1
195 131 2
40 145 1
79 18 2
45 30 2
52 30 2
130 75 1
71 67 4
189 164 1
159 185 2
47 71 4
101 20 1
80 9 1
3 13 4
93 96 4
112 28 1
12 146 2
0 18 4
183 51 2
108 163 4
156 63 4
80 93 1
122 58 1
156 13 4
191 71 2
68 90 2
55 153 4
119 58 4
8 93 1
59 153 4
68 41 4
37 149 1
113 130 4
85 25 2
38 173 3
173 161 2
0 181 3
36 34 2
158 27 3
56 16 4
10 19 1
94 68 2
197 4 2
109 108 2
45 172 4
27 91 4
182 99 1
128 27 3
147 163 2
114 22 2
96 29 3
30 49 2
143 31 2
90 190 4
157 173 3
15 42 3
87 86 2
122 143 1
180 127 3
73 85 2
49 161 3
140 94 2
128 173 2
70 144 1
18 134 4
58 159 3
25 79 4
143 101 4
67 110 3
187 185 2
194 123 3
18 42 4
68 40 4
134 137 2
94 61 2
161 163 1
16 40 2
139 91 3
9 1 3
90 99 2
132 51 1
33 15 3
109 31 1
179 107 1
158 9 3
14 94 3
41 72 2
6 167 1
146 21 3
88 112 3
88 63 1
87 182 1
16 19 3
124 106 1
71 16 2
105 128 4
90 199 3
77 10 4
64 104 3
6 151 1
96 109 3
116 34 2
101 146 2
47 149 1
98 26 2
159 41 1
95 104 3
50 6 1
72 124 3
101 42 3
50 131 3
44 114 2
134 142 3
7 97 3
135 96 2
114 165 4
22 44 2
66 178 3
181 13 2
140 105 4
46 89 4
62 7 2
36 136 3
144 48 4
134 77 2
127 196 1
82 23 3
199 45 2
124 195 4
116 87 4
29 81 4
105 114 4
10 48 2
173 155 2
163 11 1
38 75 2
82 166 4
73 40 1
179 189 2
184 122 1
177 71 4
44 10 3
3 21 1
179 16 3
79 131 1
194 66 4
97 180 4
151 118 4
53 121 2
170 93 1
194 38 2
128 107 4
91 24 2
112 76 4
113 50 1
15 109 4
15 11 2
82 178 4
49 122 3
187 61 2
41 124 1
184 2 4
108 107 2
159 179 2
76 22 1
153 138 1
157 133 4
65 141 2
185 147 3
11 104 3
140 130 3
1 61 3
116 47 4
113 36 4
157 111 2
102 107 4
183 126 4
63 154 3
117 191 3
89 196 4
196 178 3
165 103 1
95 173 3
34 198 1
11 142 3
187 164 4
139 180 2
178 161 2
67 3 4
41 82 3
108 83 4
79 101 4
102 58 1
160 64 1
103 64 2
80 32 2
94 84 3
107 123 2
39 98 2
134 28 1
38 182 2
108 29 4
150 129 2
131 185 4
157 22 2
147 91 4
113 88 2
174 198 1
118 92 3
13 192 3
116 148 1
198 73 3
128 50 4
98 188 1
62 199 1
52 27 1
113 29 3
130 183 1
181 101 4
62 17 4
11 22 2
131 165 4
96 33 4
179 94 3
191 100 4
76 97 1
123 96 2
174 24 2
197 49 3
40 164 3
60 174 3
187 62 4
145 155 1
64 192 3
183 38 2
157 30 2
12 97 4
172 91 1
26 143 2
129 40 2
62 127 4
133 60 1
8 81 4
168 128 2
14 136 2
74 33 1
102 86 3
119 196 2
32 159 2
135 16 4
113 74 3
4 109 3
106 84 4
24 65 2
91 149 1
70 93 1
183 164 2
96 50 3
192 115 1
10 115 3
115 2 3
67 32 3
165 152 2
142 45 1
122 19 2
135 13 1
93 58 4
59 71 2
127 112 1
147 82 3
180 186 4
165 150 1
181 171 3
151 22 1
121 123 3
193 85 2
32 177 2
100 189 3
113 18 3
16 132 3
111 21 3
107 130 1
139 64 2
145 70 4
20 102 1
180 9 1
156 35 3
2 131 4
167 184 4
182 47 4
140 4 2
94 136 2
77 31 1
181 180 4
195 189 2
90 60 1
10 159 3
113 70 2
54 10 3
97 46 4
101 99 2
84 162 4
193 5 3
55 49 4
157 68 4
68 121 1
22 164 4
15 117 3
21 33 3
93 122 4
1 183 4
163 24 1
149 27 1
87 138 4
195 89 1
195 94 2
94 171 4
72 147 1
135 138 2
108 150 2
37 34 2
20 127 1
54 79 1
115 136 4
35 86 4
97 21 2
78 140 1
42 197 1
42 169 2
138 73 1
67 184 2
52 63 4
86 73 3
120 112 3
162 92 2
104 172 3
73 186 1
175 42 3
143 82 3
180 93 1
98 109 1
171 99 3
146 78 1
54 49 4
3 91 4
47 45 2
98 191 2
19 143 3
194 145 4
111 85 4
15 56 3
150 147 2
137 57 4
10 193 3
177 54 4
21 192 1
182 90 2
95 34 2
56 137 3
165 96 4
126 66 1
99 82 4
100 87 2
192 51 1
185 97 2
38 166 1
174 102 1
75 34 2
54 186 3
166 67 1
132 162 3
148 127 1
138 66 4
21 53 4
67 180 3
12 89 2
183 18 4
196 37 2
94 91 1
130 189 4
173 62 4
148 9 2
40 9 2
58 11 4
67 161 4
169 19 3
5 194 4
155 7 4
51 36 4
142 70 2
88 191 1
31 45 1
12 173 3
118 64 1
85 10 3
93 3 3
24 116 2
162 138 2
62 57 2
153 194 3
4 95 1
42 9 4
198 83 2
178 40 4
9 48 2
65 106 3
183 29 1
84 67 3
24 90 4
11 126 3
92 135 3
147 75 2
41 115 1
64 130 4
195 177 2
94 173 3
9 74 2
92 166 4
106 189 3
22 162 1
194 181 4
128 91 4
157 89 2
121 21 4
59 196 1
180 138 4
192 114 4
8 82 3
97 165 3
9 130 1
74 16 4
134 147 3
96 85 4
14 103 3
109 17 3
177 111 3
175 112 2
16 97 3
93 123 2
47 105 1
146 134 4
63 193 2
87 142 3
112 194 3
107 69 3
73 23 1
141 157 4
0 39 3
14 99 3
70 120 4
121 132 3
98 135 2
79 145 2
133 25 1
3 74 3
189 38 4
128 178 2
27 48 3
167 84 2
52 100 4
52 192 1
1 115 3
158 157 2
180 119 1
148 160 3
162 134 4
125 22 3
47 41 2
85 23 1
113 65 1
11 19 1
75 163 3
186 50 1
144 53 2
11 151 2
33 121 3
146 143 3
102 195 1
185 105 3
125 103 3
100 90 4
100 31 3
136 174 4
99 84 4
173 149 4
178 156 2
61 193 1
9 135 3
118 24 2
148 66 3
153 97 4
53 56 2
119 4 2
122 126 4
178 39 2
160 105 1
125 23 2
21 195 2
122 40 3
9 53 2
118 184 2
14 89 1
129 5 1
120 34 3
199 193 4
48 28 4
114 187 3
196 94 1
186 34 4
51 96 2
11 134 2
7 83 3
199 40 3
113 41 3
122 112 1
128 102 1
106 73 1
72 190 3
189 147 1
31 175 4
191 162 3
188 137 2
58 150 1
172 162 4
73 123 1
127 168 1
189 50 3
19 199 3
153 120 4
37 180 1
84 2 2
113 54 2
105 90 4
109 9 2
134 116 2
0 70 1
36 168 2
165 35 2
156 99 2
85 22 3
36 191 1
160 102 2
198 80 4
54 1 3
162 149 3
128 88 1
36 19 2
72 116 1
79 135 4
194 191 3
140 46 1
183 98 2
80 138 3
133 3 1
167 124 1
31 17 4
48 125 3
12 190 2
4 70 3
148 152 1
175 1 2
170 55 2
57 167 3
97 125 3
91 21 4
166 168 3
168 160 2
15 3 1
86 50 1
136 37 2
47 197 3
0 150 1
44 161 2
166 42 2
180 174 4
87 52 4
21 74 4
59 15 2
136 124 1
143 135 2
89 129 3
161 54 2
62 182 2
73 109 2
10 73 2
101 92 3
0 155 3
187 2 3
155 103 2
168 120 4
196 93 2
102 40 4
43 197 4
179 103 1
175 183 3
198 191 3
59 74 4
112 111 1
71 74 3
138 6 2
128 5 1
45 188 3
156 190 2
32 124 4
47 4 1
175 77 1
101 164 2
160 113 4
158 184 1
87 178 4
155 22 3
187 102 2
19 45 2
53 51 3
88 62 4
174 165 3
141 102 3
172 28 4
87 50 3
33 123 3
141 116 4
157 77 4
141 52 4
130 144 4
162 193 4
97 64 1
26 139 4
48 135 1
59 158 2
29 5 1
26 73 2
30 2 4
32 19 2
153 0 2
156 89 3
116 160 1
158 137 2
36 109 3
168 28 3
93 99 1
43 78 4
63 37 4
127 0 1
22 110 1
78 37 4
99 98 2
61 172 2
172 197 4
91 39 1
142 140 2
118 182 4
1 59 2
175 197 3
104 56 3
14 60 4
89 168 4
151 81 4
194 44 3
174 110 1
87 70 2
178 25 4
94 12 1
11 123 1
25 50 3
102 91 4
102 96 3
164 94 4
23 45 3
7 103 3
53 193 4
190 125 1
72 164 1
161 71 2
21 43 3
171 90 3
53 1 4
185 60 3
169 25 3
90 168 3
125 136 1
198 13 1
165 79 2
105 67 3
108 87 3
53 54 2
76 117 4
153 21 1
118 38 3
123 23 1
167 51 3
19 155 1
61 69 2
8 108 1
5 55 4
30 101 2
67 144 4
79 58 4
36 64 1
17 127 4
129 181 1
122 77 2
120 72 3
182 151 1
111 43 2
138 96 3
0 194 3
128 51 2
96 26 1
24 21 3
115 74 1
26 34 3
167 80 3
51 127 2
89 113 4
188 1 1
11 66 1
177 64 3
10 75 1
129 34 1
7 0 3
58 185 2
154 173 4
0 144 1
43 195 2
130 95 1
197 75 1
161 26 4
97 83 4
181 89 4
81 17 2
50 170 4
115 150 2
135 108 4
136 192 3
128 103 2
174 109 1
90 194 4
8 94 3
138 151 3
40 88 2
107 143 2
43 2 2
158 148 1
93 92 1
145 3 3
39 134 2
18 127 3
78 13 2
101 88 4
21 181 1
7 12 4
110 43 4
20 78 3
59 37 1
70 72 2
72 91 1
159 122 1
66 180 1
8 6 3
12 113 3
174 17 4
0 192 3
139 70 4
138 86 2
161 74 4
98 14 2
100 50 4
81 92 1
14 148 1
57 121 4
77 52 4
77 145 4
195 4 3
4 106 3
51 75 4
126 155 3
173 14 1
74 22 3
38 146 2
168 113 2
47 15 3
60 12 2
119 33 1
18 193 4
42 160 2
196 105 3
194 53 3
167 39 1
46 59 4
136 80 2
31 4 4
172 0 1
15 152 1
31 59 2
3 161 4
187 106 1
186 62 3
126 0 1
127 170 3
96 197 2
172 14 2
142 39 4
169 73 2
191 118 4
49 154 1
96 74 2
32 36 4
177 130 3
50 63 2
56 186 2
15 1 4
139 173 4
60 115 3
130 80 4
39 191 4
171 161 3
191 34 4
87 177 3
29 176 3
38 5 3
59 64 1
31 58 1
185 108 3
28 115 3
122 33 4
183 28 4
32 164 4
37 183 4
181 147 4
82 39 2
6 103 4
94 116 3
18 174 4
173 30 1
195 19 2
189 161 4
5 71 4
125 104 3
183 117 3
29 177 4
152 136 3
173 103 1
37 65 4
43 177 2
143 108 2
11 180 1
178 110 3
196 61 1
161 64 3
84 128 3
100 13 2
119 166 4
33 75 2
4 123 1
123 174 3
131 51 2
154 138 4
37 61 2
0 11 2
130 42 1
198 5 2
90 196 1
124 69 1
138 114 4
50 76 4
46 82 1
108 166 3
50 83 3
160 140 2
120 79 3
0 108 1
135 24 1
57 135 3
89 19 2
34 0 1
170 159 1
5 93 1
141 35 1
109 144 2
122 53 3
132 50 2
176 86 2
62 48 1
174 91 3
102 68 2
193 181 3
135 52 2
144 147 3
179 33 3
5 95 2
103 53 1
165 69 3
71 15 2
114 75 1
66 144 3
76 114 1
123 168 3
36 107 3
63 137 4
20 34 4
40 55 1
76 199 2
62 5 3
87 9 3
40 182 4
129 103 1
119 170 4
199 72 3
198 84 2
167 146 1
44 27 1
61 50 4
18 144 4
121 133 3
52 126 1
152 71 1
115 139 2
3 165 1
37 111 1
81 87 1
99 72 2
116 39 3
73 184 2
162 112 3
123 80 1
97 62 3
129 14 4
26 104 3
101 130 4
128 111 1
45 126 1
129 193 4
111 29 1
48 86 3
86 23 3
111 198 3
33 109 3
98 104 4
13 6 4
10 60 4
172 71 2
170 75 1
90 26 3
10 152 3
5 7 3
79 67 1
16 53 2
22 113 2
175 113 1
173 114 3
197 183 4
84 70 3
174 182 4
107 96 3
49 96 2
66 179 4
71 85 1
77 129 3
93 167 3
175 62 2
184 71 4
95 187 2
120 53 4
102 73 3
120 157 3
67 185 2
166 30 3
145 119 4
194 105 4
19 188 4
4 13 4
95 37 3
112 158 3
85 137 1
52 130 2
169 84 4
42 76 4
152 24 3
166 117 3
114 129 1
62 180 4
89 96 4
150 17 4
24 101 4
152 4 4
139 141 4
198 24 4
134 9 2
94 127 4
27 179 1
197 51 3
10 78 1
191 57 3
39 18 4
133 32 3
121 65 4
0 110 3
199 36 4
186 100 1
62 77 1
44 29 3
152 169 1
89 44 4
114 91 2
84 199 2
87 102 2
12 188 4
43 182 2
4 74 4
73 107 4
79 45 4
163 139 2
128 122 2
183 115 4
131 68 2
14 123 2
12 145 3
86 41 1
63 97 4
69 96 1
45 43 4
155 180 4
33 107 3
77 195 4
20 172 3
146 40 3
169 110 4
129 175 1
12 8 1
136 6 1
66 6 2
65 98 4
4 165 2
195 45 2
110 41 2
120 87 3
168 126 1
90 187 3
45 3 3
13 30 4
117 153 2
49 173 2
77 113 1
120 21 4
170 161 2
156 152 1
9 68 2
64 10 1
47 122 1
38 137 2
26 82 3
42 96 4
162 128 4
159 146 3
126 72 1
77 184 1
67 97 2
139 47 4
175 111 1
174 161 1
166 121 3
122 160 2
46 47 1
155 37 1
193 94 1
190 21 2
139 123 1
39 120 1
110 158 2
77 80 1
168 140 3
3 18 4
191 178 3
185 91 1
66 166 1
14 134 2
18 16 4
144 171 1
199 152 3
186 88 1
88 162 3
73 171 1
86 187 1
11 72 1
29 71 2
135 175 4
114 118 1
126 8 1
55 162 4
21 72 2
6 22 2
146 69 1
54 187 3
171 10 3
154 143 3
54 44 3
191 180 2
176 99 2
110 127 2
169 179 2
125 79 1
85 34 4
25 145 1
122 151 2
30 32 2
87 31 4
143 66 1
80 1 1
141 126 2
165 170 3
76 11 4
191 31 1
179 191 4
173 153 4
102 129 3
141 185 3
187 108 4
142 25 2
192 24 3
70 5 3
158 172 3
128 25 2
37 20 3
30 85 3
24 11 2
57 134 3
85 104 1
99 189 1
137 79 1
6 189 2
96 122 1
149 148 1
119 100 1
152 51 1
192 74 1
39 103 1
48 102 1
94 23 1
136 65 2
7 74 3
64 34 4
175 54 2
157 162 4
16 188 4
136 35 4
82 128 4
60 47 1
149 146 3
39 1 1
52 91 4
46 23 2
105 113 2
101 45 3
161 172 4
127 5 2
6 75 4
172 60 4
44 90 4
107 84 4
93 89 4
99 59 1
162 116 3
120 156 2
178 179 2
168 107 4
58 167 3
188 167 2
104 31 4
178 163 1
45 120 1
125 162 1
113 44 2
21 30 2
117 18 3
20 95 4
73 180 2
86 170 2
82 76 3
180 96 4
181 124 2
30 139 1
160 152 4
75 133 4
65 2 3
166 15 2
154 103 4
160 45 1
170 88 3
196 104 2
146 129 1
121 47 4
2 135 3
114 106 2
122 174 4
151 115 1
77 25 1
122 102 3
126 171 4
140 116 3
159 42 2
167 10 4
92 175 3
35 67 3
73 190 4
130 197 1
151 175 1
19 125 3
130 170 2
22 131 4
150 64 1
31 130 1
181 122 4
3 11 1
99 168 4
37 73 2
194 148 2
190 97 2
19 17 3
179 57 3
35 31 3
101 196 3
71 131 4
106 173 2
79 2 3
171 70 4
183 71 3
99 173 1
55 82 2
57 118 3
10 8 1
164 85 2
4 73 2
161 138 1
98 7 2
104 72 3
189 134 2
11 55 2
187 48 3
185 71 3
190 99 3
81 2 2
24 37 1
59 182 3
187 88 3
36 161 2
34 130 4
189 32 1
51 126 1
141 196 4
117 125 3
48 8 2
81 128 3
114 4 1
52 28 4
21 87 4
18 147 1
120 142 3
128 191 3
159 25 3
174 193 1
121 67 2
3 187 1
5 149 3
22 7 4
23 155 1
198 54 1
124 81 1
165 0 2
41 112 3
61 115 4
94 112 3
9 54 3
182 167 1
75 36 4
123 173 4
121 149 4
106 165 4
29 136 3
144 81 3
145 96 4
3 4 3
183 104 4
22 175 1
139 160 3
28 77 1
84 37 3
105 144 3
126 85 3
81 187 4
99 9 4
87 40 4
81 67 1
115 62 1
69 130 3
109 100 2
85 198 1
171 159 1
120 37 1
59 84 4
193 32 4
78 129 1
66 162 3
143 133 4
103 152 1
93 68 1
7 167 2
45 10 1
45 78 2
134 127 1
42 64 3
35 117 2
70 183 2
105 125 4
126 131 4
171 196 3
129 198 3
192 76 1
108 34 1
116 38 1
40 125 3
0 156 4
149 105 1
185 126 4
43 141 1
185 130 4
100 185 3
4 19 2
197 185 1
69 21 4
76 13 2
64 96 1
140 177 1
91 195 3
99 69 3
178 97 2
40 93 3
166 61 2
24 99 3
142 60 1
46 35 3
175 80 4
121 198 2
68 15 1
26 83 4
48 87 2
57 117 2
119 77 2
44 76 3
166 88 2
53 155 2
45 128 4
112 113 3
140 119 1
44 135 2
38 84 2
106 55 2
0 27 4
114 96 2
145 135 2
2 60 1
120 25 3
191 29 3
32 137 4
79 148 3
29 172 2
41 17 2
40 190 2
102 25 1
94 174 2
50 155 2
18 162 3
157 49 1
192 124 1
100 62 2
62 79 4
73 154 4
111 68 1
13 86 1
148 144 3
93 62 4
105 13 1
158 5 3
0 154 3
45 140 1
54 121 4
66 57 3
9 45 3
109 83 3
101 104 3
71 60 2
166 1 4
194 179 4
25 70 4
144 43 1
93 26 1
177 167 3
163 179 3
178 9 4
176 199 3
135 195 2
2 87 1
149 75 1
151 183 4
55 86 3
26 33 3
133 49 2
106 9 2
96 16 3
16 190 1
68 127 4
3 198 4
157 19 4
144 50 2
149 78 4
188 78 1
104 111 2
185 162 3
69 154 4
49 194 1
147 176 1
191 6 2
175 128 4
116 23 1
159 199 3
119 37 4
61 52 1
83 43 3
8 36 4
43 53 3
182 147 1
3 129 2
136 172 3
18 155 4
11 97 2
189 22 2
8 80 3
190 128 1
158 86 2
32 147 1
185 45 2
109 124 4
169 23 4
118 50 1
150 160 4
197 58 4
152 167 2
31 182 3
172 124 4
155 88 3
61 3 4
102 103 4
72 121 4
168 130 4
162 140 4
28 6 2
7 41 2
48 40 3
128 136 3
154 40 2
12 50 2
198 76 4
176 106 1
161 90 2
117 195 2
150 14 1
18 156 3
197 140 3
60 5 2
95 45 3
189 60 1
74 149 3
191 143 3
74 61 1
61 127 4
172 118 1
1 0 2
28 194 3
124 64 4
130 154 4
98 175 4
161 29 4
105 174 3
61 169 4
140 30 2
127 190 4
74 99 3
41 22 4
169 159 3
46 2 2
18 103 4
28 177 3
57 60 4
24 123 1
24 78 2
78 176 4
120 17 4
37 53 3
81 96 3
64 18 4
157 131 4
136 147 1
174 46 3
165 101 3
87 124 4
61 82 3
153 192 1
183 83 1
196 188 2
173 116 4
39 144 3
185 68 2
66 63 2
104 46 1
56 142 2
178 180 3
184 113 4
78 88 3
133 99 4
117 190 2
187 77 4
36 171 2
135 53 2
38 179 4
51 198 4
102 27 4
82 134 2
32 81 1
68 70 3
24 110 3
192 53 4
162 34 3
55 132 3
185 13 3
45 50 3
170 184 1
195 136 1
175 25 2
134 42 2
129 161 1
190 62 3
184 180 1
99 141 1
71 80 4
11 70 4
87 186 3
57 155 4
185 66 2
161 5 1
196 157 3
25 52 2
20 30 1
76 65 2
28 178 3
184 141 4
198 10 3
21 83 1
115 101 3
43 54 4
100 104 2
37 86 2
82 92 1
83 37 3
74 169 2
103 61 1
107 120 1
95 133 1
121 169 4
194 115 1
125 156 1
174 154 2
123 27 4
175 55 4
128 40 1
134 160 1
197 176 4
82 167 1
141 199 1
93 32 2
121 117 1
186 156 3
97 92 4
45 37 3
194 119 1
11 74 1
31 26 4
126 21 1
6 88 1
105 21 1
82 67 2
69 153 2
28 47 2
101 136 3
91 121 4
32 51 4
102 134 1
114 8 3
149 62 1
105 130 4
121 19 4
105 178 3
96 82 2
150 107 2
20 1 4
72 31 1
25 109 3
186 106 1
167 44 2
46 54 2
157 121 2
10 121 3
93 124 3
195 15 3
167 89 4
174 98 4
134 78 1
21 110 1
159 35 4
52 176 1
85 12 3
194 88 2
13 109 1
103 188 4
78 128 3
80 14 4
89 189 4
51 31 2
71 24 1
96 25 3
191 3 4
107 173 3
109 32 4
85 167 4
36 20 1
124 74 3
33 99 2
164 67 4
167 59 3
30 22 2
76 149 4
26 55 4
181 34 4
167 186 3
43 55 1
41 103 2
196 169 2
30 132 4
141 148 3
49 127 2
37 38 3
139 71 3
64 146 3
145 107 4
65 171 2
32 25 4
12 99 2
50 62 2
164 174 4
80 34 1
131 163 1
62 37 1
16 55 1
69 74 3
155 133 4
180 110 2
42 44 4
104 188 1
45 8 4
8 41 2
86 142 2
161 82 3
147 85 4
159 129 2
27 146 1
29 185 4
184 78 1
104 29 1
18 17 2
63 33 4
15 106 1
42 104 2
53 131 1
191 87 4
42 49 2
158 25 1
126 181 4
27 3 1
105 197 3
173 17 2
177 131 3
127 71 3
47 32 2
181 5 2
107 82 3
119 164 3
197 30 4
48 114 1
20 198 3
199 89 4
114 134 1
25 107 4
188 18 4
1 180 4
97 166 2
139 149 3
116 182 2
87 85 2
152 104 3
127 59 4
13 63 1
162 143 4
46 130 2
80 122 4
42 2 2
52 101 1
28 191 1
76 94 4
28 131 1
39 28 2
53 112 2
185 75 4
193 144 4
133 37 3
180 65 1
97 123 2
182 12 3
10 93 1
97 159 2
147 36 3
105 120 1
158 178 3
7 166 3
33 184 3
35 102 1
32 157 4
126 55 2
45 164 3
126 95 3
184 10 1
182 77 2
160 54 1
129 144 2
14 109 2
180 32 1
24 170 3
15 154 3
63 166 4
104 97 2
71 108 3
92 57 1
138 181 4
14 24 2
113 132 1
170 48 2
89 133 2
139 126 2
161 105 3
91 187 3
169 0 2
121 105 2
111 6 1
94 122 3
130 88 1
158 156 1
159 88 4
169 197 3
136 140 4
124 129 4
142 67 2
114 10 1
7 165 3
174 148 2
54 181 2
137 125 3
47 25 1
59 165 3
178 103 3
65 38 4
44 23 4
96 149 4
199 23 1
13 22 3
134 15 2
107 117 3
167 83 2
21 31 1
186 122 3
149 117 4
9 76 3
163 73 4
181 17 3
175 177 3
120 43 4
75 79 3
106 77 2
83 20 2
181 3 2
191 75 1
186 13 4
146 155 4
40 160 1
69 7 3
170 152 1
34 49 4
70 195 1
8 71 4
164 77 1
17 74 2
75 81 4
133 80 2
61 67 4
110 54 3
84 184 4
22 96 2
61 40 2
180 192 4
123 145 4
198 42 4
117 131 1
153 84 1
34 10 3
73 100 2
176 151 4
196 120 1
125 143 1
57 48 1
117 29 3
109 183 1
80 52 4
186 32 2
154 28 2
72 113 3
118 84 4
53 176 3
25 58 3
149 189 3
70 65 4
38 35 4
27 194 3
147 21 1
192 102 1
180 82 3
135 192 1
124 128 4
142 186 4
97 81 4
95 48 4
154 77 2
93 190 3
62 110 2
83 65 4
131 30 2
71 105 2
120 84 3
63 131 2
123 66 4
68 57 3
21 11 4
148 54 2
163 125 2
36 146 3
183 34 1
19 28 2
130 117 4
30 7 1
93 74 2
24 164 2
158 98 4
94 167 2
98 108 4
104 40 1
67 154 2
52 157 4
5 48 3
160 178 4
4 145 2
47 143 3
20 14 3
103 191 2
93 133 1
71 187 1
77 168 1
194 111 4
56 179 1
0 2 2
2 161 1
73 42 1
65 12 2
45 36 3
109 72 1
36 6 2
71 123 2
65 57 4
101 49 2
56 159 4
31 189 2
44 198 1
48 98 4
92 124 2
174 61 3
146 108 2
86 15 4
180 68 3
137 78 3
72 155 4
85 42 3
198 166 2
156 172 2
31 118 2
16 107 4
125 77 2
171 39 4
165 80 1
79 166 1
165 39 2
152 19 2
187 36 3
116 11 3
154 27 1
152 37 4
53 63 2
2 48 1
22 163 2
86 10 1
11 85 4
65 16 4
128 20 2
52 124 1
182 175 1
100 25 1
189 118 4
31 9 4
42 35 3
158 15 3
82 146 3
12 124 2
104 7 1
110 77 2
97 116 3
53 91 2
199 27 2
30 103 3
137 146 1
132 40 4
75 115 2
88 137 1
83 77 2
84 7 1
145 74 2
33 68 3
7 133 1
15 140 2
73 128 2
190 84 4
61 71 1
48 4 2
121 107 1
147 148 2
183 44 1
37 91 2
44 155 3
146 142 4
39 68 1
12 90 2
114 161 1
154 33 4
178 199 4
105 162 4
119 174 2
175 162 2
11 63 3
19 196 1
117 179 4
9 10 3
1 195 2
170 129 1
138 139 2
116 69 1
129 189 2
104 199 3
199 11 3
13 72 2
40 109 4
180 22 1
126 187 4
170 163 3
15 124 1
13 10 2
75 2 4
123 140 4
9 16 3
16 12 3
60 181 3
99 193 4
54 4 1
37 164 3
120 83 3
25 177 1
81 162 1
150 69 4
63 133 1
102 154 4
92 178 4
21 133 4
147 31 1
117 114 1
25 0 2
87 122 1
14 190 2
189 56 2
2 105 1
143 189 2
99 199 3
192 167 2
21 170 1
106 72 1
13 21 4
166 175 1
71 10 2
169 138 1
54 27 4
150 155 4
155 101 1
38 126 3
66 2 4
86 132 2
134 192 2
63 109 2
185 148 1
40 0 4
184 68 3
27 165 1
161 51 2
159 14 4
30 8 1
87 153 1
4 110 3
144 76 2
192 26 4
51 12 4
64 94 3
51 24 2
103 137 3
22 135 3
100 114 4
189 80 3
55 52 4
8 184 4
7 143 2
182 171 1
133 138 1
62 119 1
165 130 4
95 196 4
26 19 1
22 49 4
83 22 1
13 144 4
12 6 3
131 75 4
114 137 1
23 51 1
156 27 1
42 167 4
183 46 2
57 158 1
32 158 2
152 27 2
99 164 4
164 9 4
20 70 3
96 20 3
105 157 4
177 48 2
76 165 4
153 27 2
108 27 2
56 155 4
163 148 3
29 45 2
17 113 3
193 52 1
30 42 4
40 195 1
105 134 3
147 62 4
67 36 2
171 129 3
131 186 4
124 82 3
128 44 2
33 93 1
59 19 3
193 198 2
74 66 1
160 80 3
113 151 3
22 77 3
125 51 3
47 22 4
99 73 2
53 157 1
53 119 2
58 10 1
49 138 1
73 168 1
27 73 3
144 36 2
124 36 4
197 95 2
42 111 1
101 197 3
187 120 2
80 18 4
51 3 4
127 70 1
187 112 3
155 137 2
101 133 3
38 18 2
27 71 4
18 187 1
174 185 4
7 1 2
29 12 3
92 7 1
36 80 3
75 123 1
97 51 3
78 72 3
197 66 3
184 129 2
75 184 3
27 29 4
186 139 2
137 133 4
121 100 4
129 149 4
135 54 2
161 88 2
125 68 1
40 8 4
137 84 3
184 120 1
46 147 1
81 197 4
51 77 2
92 25 2
48 106 4
78 4 3
177 154 2
120 30 3
88 118 3
1 169 2
87 150 1
34 28 2
38 69 4
41 143 2
199 30 2
163 150 3
193 54 3
99 6 4
143 15 2
12 36 2
107 23 2
31 65 2
193 60 2
96 186 4
171 57 4
185 166 3
178 127 2
39 155 3
64 127 2
38 136 4
143 33 1
111 138 3
149 158 3
108 147 3
58 24 3
120 33 3
177 73 2
30 177 2
9 11 4
109 91 2
156 118 3
59 10 3
137 172 1
4 21 3
72 157 4
24 156 3
14 2 2
146 139 2
161 120 2
69 80 3
165 113 3
88 22 4
4 120 2
0 48 2
88 197 4
39 83 4
80 110 4
147 14 4
145 163 4
42 195 2
13 83 3
36 7 1
98 56 3
94 43 2
193 132 2
6 85 4
132 141 3
137 19 3
83 140 3
93 6 2
79 36 1
142 153 4
163 156 4
66 135 2
19 15 2
148 178 2
160 56 1
170 125 4
94 41 3
194 163 2
93 168 3
11 136 3
93 20 2
131 65 3
104 45 2
176 105 3
83 182 2
160 95 2
151 70 3
134 165 1
10 185 1
68 87 3
39 23 1
183 159 2
162 47 2
185 155 3
91 26 2
133 179 4
181 14 1
125 199 1
25 55 1
39 115 1
149 98 2
164 185 4
51 64 4
191 96 2
157 48 3
138 187 4
68 14 1
93 87 1
169 95 4
35 176 2
58 175 1
36 84 3
82 141 1
129 167 1
124 157 1
177 135 1
182 82 2
67 77 4
48 179 1
161 24 1
22 195 3
115 106 3
66 9 2
114 77 4
44 57 4
179 110 2
105 108 4
165 24 1
171 97 4
53 68 1
195 49 3
26 86 4
154 113 2
159 103 1
41 98 2
112 67 4
139 134 4
138 186 1
191 92 3
139 38 1
82 104 3
52 33 3
56 193 1
85 175 3
85 163 4
181 162 2
166 85 1
31 154 1
94 177 1
102 3 3
87 192 3
170 144 4
25 179 1
84 0 2
30 83 3
11 87 3
166 91 4
3 46 3
110 141 4
53 195 4
97 95 4
13 66 3
104 182 2
70 124 3
25 180 1
81 198 3
114 25 1
83 33 3
143 120 3
186 95 1
102 199 4
92 89 4
178 44 1
140 144 1
6 33 1
196 189 4
111 146 4
143 76 2
172 83 4
119 198 2
31 106 3
105 30 1
144 88 3
151 24 3
82 71 2
81 13 2
32 9 3
111 190 4
44 112 2
150 128 3
145 57 2
102 94 2
142 141 3
134 49 4
100 112 2
46 189 1
101 56 3
193 192 1
89 87 4
128 22 2
98 123 3
4 87 3
182 39 2
26 116 3
166 116 1
118 90 2
94 82 1
40 81 2
54 93 1
98 152 1
192 1 2
111 84 2
88 122 4
197 38 2
166 12 4
56 9 2
2 38 4
118 120 4
79 150 4
181 130 4
49 99 2
185 35 2
105 25 3
40 28 1
23 9 1
124 119 4
127 171 2
35 152 4
175 119 4
133 38 2
3 193 1
142 89 1
124 107 1
99 179 2
160 179 4
143 46 1
72 114 4
118 16 2
140 170 2
61 112 1
97 111 4
71 113 1
189 136 3
76 53 2
95 132 4
36 120 3
164 29 4
81 48 4
84 97 3
131 38 3
125 81 2
28 110 3
23 181 2
133 14 4
114 177 3
135 75 4
104 119 1
130 40 3
131 48 2
97 126 3
63 82 3
140 108 1
33 139 3
143 22 4
108 76 3
160 3 4
145 64 4
0 87 2
66 154 1
103 10 1
13 51 2
3 1 4
174 2 3
60 31 3
10 157 2
16 183 2
44 65 2
148 52 3
187 101 4
140 164 1
84 18 3
175 139 4
129 179 3
26 163 2
28 162 2
125 52 2
66 86 1
37 106 2
60 27 2
183 17 3
38 156 4
123 109 4
61 173 1
128 174 4
114 97 4
77 71 3
52 56 1
63 101 4
58 188 4
57 53 3
58 140 2
50 156 2
32 140 2
21 47 2
137 179 2
27 182 1
58 30 4
18 106 4
181 191 1
105 86 1
8 156 1
23 103 2
45 85 3
55 156 1
105 42 2
107 83 2
74 111 3
40 97 1
82 181 2
49 38 3
193 40 4
142 57 1
23 146 3
66 136 1
46 197 1
85 122 3
69 83 4
178 131 2
147 30 1
47 72 1
25 196 4
170 181 1
114 130 2
96 79 2
171 116 2
80 148 3
146 171 2
71 101 1
45 139 3
45 191 1
195 105 1
102 166 1
188 138 1
70 172 1
67 181 4
167 87 1
117 173 2
133 31 4
148 199 3
3 83 3
151 5 1
92 77 4
171 191 2
158 35 1
101 113 2
70 132 2
182 190 1
24 157 2
74 27 1
42 93 4
126 81 2
23 138 2
82 183 1
199 117 2
125 32 2
56 74 3
173 56 1
37 109 1
88 94 1
112 24 3
36 42 2
121 86 1
66 10 4
60 52 2
81 160 2
55 144 1
54 58 2
112 170 2
108 92 3
85 61 4
59 176 4
58 95 3
190 59 2
75 44 2
159 26 3
134 72 2
153 35 4
191 49 1
135 159 4
137 59 4
46 179 1
3 22 1
71 96 2
194 42 1
22 82 1
188 80 1
104 50 1
181 178 2
91 145 3
175 17 3
91 113 2
6 121 2
57 76 2
104 146 3
9 52 2
137 139 1
182 54 2
13 166 2
55 79 3
146 44 4
159 98 2
146 32 1
107 28 2
166 24 2
12 111 4
24 92 3
136 142 2
95 172 1
170 8 3
114 101 3
21 198 1
157 112 1
158 171 4
99 191 4
35 120 2
83 165 1
42 21 2
20 148 1
50 72 3
94 49 4
114 41 3
88 30 2
85 49 3
25 188 1
169 182 3
133 180 2
3 65 3
93 15 2
79 112 3
6 73 1
2 22 2
20 181 4
173 120 2
168 50 2
84 6 4
31 138 2
55 185 4
118 166 3
56 83 2
129 122 3
46 32 3
177 109 2
134 117 4
199 77 1
129 169 3
36 154 4
165 102 4
160 90 3
195 61 4
75 61 4
65 58 3
148 182 1
187 68 2
65 21 3
133 105 1
48 107 4
52 197 2
23 48 2
78 44 4
185 167 1
94 0 3
3 99 3
58 151 1
38 23 4
89 22 3
181 62 2
80 38 3
29 199 2
61 81 4
31 103 4
110 102 4
119 192 2
175 143 1
19 179 3
103 52 1
97 79 3
79 106 3
8 59 3
95 195 1
149 115 3
194 84 3
52 88 2
92 40 3
194 39 1
43 164 4
93 28 2
77 20 2
174 181 1
132 99 3
86 107 1
16 98 4
198 186 1
111 44 1
16 163 2
123 117 4
1 187 2
74 91 4
184 190 4
48 163 1
21 164 1
198 58 2
30 9 3
113 110 1
81 133 3
164 88 3
192 163 3
14 71 4
19 85 1
62 33 2
54 98 1
109 147 3
125 160 2
97 99 3
67 85 1
91 164 3
129 120 1
43 89 3
183 36 2
145 154 2
108 52 2
32 65 1
186 93 3
9 131 2
199 17 2
160 126 1
132 87 2
96 178 2
176 195 2
123 157 1
70 21 3
80 2 4
163 137 3
95 24 4
28 56 3
26 20 1
61 42 4
171 25 2
115 122 3
135 85 1
2 116 2
155 75 1
160 2 2
39 153 2
6 141 1
42 163 3
77 103 4
21 45 1
191 23 3
188 2 2
92 169 3
187 193 4
114 116 2
89 180 2
35 157 3
183 90 4
94 100 4
140 5 1
40 112 3
69 183 2
121 12 3
36 131 4
58 88 1
43 41 2
31 196 4
102 32 3
39 10 3
104 4 1
113 37 1
78 94 3
8 150 1
188 128 2
90 143 3
72 32 2
149 7 3
15 91 3
154 199 2
59 32 1
76 189 2
43 16 3
78 124 1
25 44 4
34 2 3
185 190 1
147 4 2
56 172 4
42 70 4
154 79 4
76 87 1
96 61 2
187 183 3
70 141 2
158 176 1
67 88 3
158 174 2
157 50 4
8 64 1
105 59 2
11 38 4
98 122 4
197 165 4
79 44 3
185 128 1
98 95 2
31 174 4
56 6 3
149 52 1
107 148 4
29 28 2
132 123 3
125 130 3
176 10 4
136 139 3
144 10 3
180 91 2
95 49 4
57 104 2
125 71 3
77 17 3
169 45 2
16 127 2
19 73 2
69 188 2
168 129 3
64 66 4
155 70 1
25 187 4
14 100 2
153 6 2
56 18 4
188 131 1
117 77 1
146 72 2
72 171 4
1 34 4
39 100 3
76 85 2
44 81 4
36 103 4
192 72 3
66 177 4
150 26 3
77 120 4
157 47 4
21 129 1
56 42 2
148 151 2
160 167 3
169 76 1
1 193 2
179 138 2
108 186 3
165 172 4
171 147 2
14 151 2
173 37 2
96 2 1
81 14 2
81 118 3
146 37 3
136 45 1
131 14 1
52 68 3
137 15 1
153 1 2
111 50 3
166 171 1
138 98 3
30 129 3
58 101 2
188 24 1
93 172 3
25 164 2
141 28 3
153 75 2
176 95 1
40 177 3
114 3 3
51 103 3
68 158 2
85 52 4
76 40 3
193 91 1
24 153 3
74 110 3
191 74 3
142 43 3
44 100 3
111 108 3
187 22 4
143 127 2
110 8 3
187 29 2
174 55 2
40 15 4
73 97 2
153 42 1
96 4 2
126 73 2
47 185 4
74 190 3
165 190 4
190 27 1
118 27 2
143 55 4
143 60 2
127 84 2
60 190 1
18 177 1
81 112 2
34 7 4
55 21 1
76 115 3
145 189 3
154 165 2
23 71 3
57 36 3
141 12 3
121 83 3
55 198 3
45 28 4
167 50 2
14 28 4
154 124 1
132 164 3
178 13 3
38 172 2
98 17 1
39 124 4
29 64 1
16 153 4
180 31 4
0 72 2
20 126 3
167 174 4
79 186 2
120 75 3
66 124 4
176 13 1
196 0 4
43 90 4
141 153 1
60 131 1
99 87 2
92 85 4
142 35 2
66 184 2
139 21 3
176 138 4
98 37 3
89 108 4
155 34 1
112 177 3
170 19 1
41 170 1
105 51 1
126 112 1
100 69 2
189 157 1
39 34 3
88 174 3
58 87 1
50 163 3
186 99 3
22 158 4
39 175 4
29 175 1
20 124 1
168 48 4
195 182 3
89 143 1
154 120 3
139 177 3
88 121 2
11 43 3
138 119 2
119 8 2
76 93 1
185 173 4
148 95 4
17 43 4
35 4 3
89 34 3
58 115 1
119 94 3
0 170 3
114 194 1
122 165 1
191 132 2
147 77 1
49 183 1
171 113 3
79 188 4
136 107 2
194 110 1
75 119 2
39 180 3
187 82 3
137 173 3
199 83 2
181 117 3
179 20 2
23 198 1
166 165 2
173 8 3
57 86 4
23 31 4
0 74 1
194 116 3
146 138 1
190 75 1
41 131 2
127 176 4
182 143 4
120 48 2
150 192 1
122 104 3
104 170 1
181 150 3
0 183 3
73 71 2
176 102 1
140 124 2
77 111 1
81 167 1
81 50 4
61 86 4
33 64 2
198 12 2
178 72 3
187 66 4
143 94 1
60 159 4
142 71 4
62 8 3
100 135 4
176 85 4
2 107 3
145 150 1
33 86 1
116 63 4
124 182 3
26 57 2
88 46 2
56 152 4
77 179 4
163 88 1
59 119 1
43 151 1
188 157 3
114 15 1
64 12 2
179 150 2
72 18 1
19 62 1
155 147 4
28 97 2
48 96 4
24 144 2
97 77 3
136 84 4
183 136 4
138 81 4
118 177 3
199 162 4
163 30 4
102 111 3
182 18 3
170 4 2
93 27 2
107 186 2
31 149 3
192 33 2
37 47 3
148 65 1
29 168 4
95 43 4
97 17 2
35 106 4
184 115 1
124 90 4
18 143 2
192 39 1
123 197 1
140 34 4
98 4 2
180 21 1
90 138 3
155 134 2
78 39 1
149 20 4
194 104 3
95 165 2
159 174 3
65 172 3
42 3 2
188 55 4
182 1 3
63 191 4
20 131 2
139 9 3
56 117 4
164 6 3
102 193 2
99 103 4
175 194 3
145 191 3
21 132 3
52 17 3
121 127 3
21 108 3
119 32 4
60 199 4
24 61 3
30 198 2
182 144 1
45 175 4
174 12 3
45 184 4
39 174 3
106 194 2
58 128 4
123 67 1
65 176 1
129 88 1
137 150 1
157 187 1
70 153 1
25 29 2
182 177 4
91 168 1
118 56 3
113 95 1
126 127 3
193 155 1
139 142 2
63 158 3
25 94 1
198 135 1
169 115 3
7 45 1
143 148 4
143 117 4
33 141 2
0 60 2
62 13 4
172 25 1
3 100 2
185 12 2
28 164 4
26 130 2
61 90 1
140 52 4
116 152 3
32 5 3
154 10 2
166 103 2
28 118 2
110 10 3
101 3 4
155 125 1
106 26 3
26 128 3
81 178 2
24 44 4
30 80 2
21 140 2
78 42 1
161 14 2
193 156 2
166 135 3
199 63 4
153 96 3
130 102 1
52 31 3
101 32 4
117 95 4
32 10 4
21 79 1
147 65 4
196 151 2
40 168 2
188 48 3
74 126 2
16 87 2
130 29 4
133 41 2
116 127 2
5 110 2
179 74 4
191 170 4
91 83 1
13 79 4
64 185 4
23 134 4
150 4 4
45 54 3
17 35 1
176 79 1
79 156 2
38 16 3
14 72 1
32 16 3
144 4 1
65 75 1
158 2 1
122 73 2
133 88 4
141 108 4
30 79 2
125 191 4
119 36 2
161 196 1
179 68 3
29 3 4
89 106 3
58 98 3
52 190 4
129 27 4
68 88 2
152 173 2
76 4 2
52 156 3
7 19 1
16 60 2
0 96 3
162 164 4
111 48 2
150 194 2
26 41 1
137 168 3
33 113 2
93 53 3
137 148 1
116 135 4
33 28 3
5 173 3
165 65 3
133 52 1
58 124 1
189 27 3
61 91 2
198 134 4
147 51 4
177 188 4
161 33 1
134 29 3
139 120 1
9 171 3
106 47 1
162 54 1
110 166 1
157 149 4
163 119 3
161 165 1
120 155 2
184 134 4
157 184 1
119 48 1
108 177 4
188 71 2
130 174 4
72 36 3
4 130 4
93 111 2
111 24 1
164 44 1
121 148 4
170 66 1
198 196 4
34 159 4
87 105 3
68 16 4
60 147 3
180 80 2
56 157 4
143 155 1
135 42 2
37 7 2
8 91 2
186 27 4
27 66 2
108 129 4
20 9 3
51 86 2
1 128 3
166 130 1
50 29 2
158 102 1
33 25 2
97 147 4
36 46 1
175 71 1
10 15 3
198 117 1
80 154 3
46 148 1
195 35 3
13 0 3
176 63 1
112 123 3
83 163 3
72 187 3
170 178 1
172 146 1
76 58 2
90 75 3
178 36 4
179 144 2
109 168 3
64 141 4
99 81 2
172 130 2
47 137 4
103 126 4
180 115 2
55 181 4
0 138 2
25 10 1
176 25 4
177 82 4
87 139 2
21 28 3
178 140 4
112 83 4
50 165 3
81 18 2
59 130 4
159 31 1
106 152 2
69 86 2
139 119 1
8 169 2
71 144 1
190 47 3
149 58 1
158 75 2
147 196 2
101 89 4
87 101 1
198 0 3
86 54 1
7 184 4
180 47 1
4 142 3
105 33 3
118 40 2
61 0 4
103 148 2
123 101 4
53 163 2
180 169 2
90 149 1
48 110 2
91 125 2
196 14 1
106 85 1
51 72 4
42 179 2
85 65 2
176 111 1
139 37 1
95 8 2
113 106 3
2 16 4
191 38 2
151 3 3
168 187 2
110 64 4
157 182 1
83 134 1
145 86 1
24 115 3
164 103 4
34 4 2
130 139 2
181 58 2
29 90 4
27 78 1
130 85 4
16 157 3
97 13 1
12 20 1
153 198 2
181 131 2
188 49 1
187 59 4
112 16 3
24 150 4
64 180 1
105 63 4
90 117 4
92 120 4
6 169 4
69 78 4
6 78 1
117 39 4
109 3 1
156 90 3
192 165 4
169 4 1
22 35 4
164 62 1
69 33 2
108 43 1
103 182 1
184 156 3
145 171 2
10 41 1
65 183 4
117 4 4
69 29 1
97 36 3
72 52 2
198 151 2
113 158 2
165 107 4
1 172 4
27 183 3
126 115 2
124 175 4
3 125 1
132 82 3
36 26 1
41 148 4
143 183 4
157 93 1
195 141 3
142 123 2
107 125 4
64 132 3
46 76 4
144 37 4
99 32 4
126 58 3
16 131 3
60 130 2
53 106 1
118 82 3
72 153 4
14 111 4
187 23 2
74 44 3
13 154 2
103 171 2
104 70 2
192 118 1
129 42 3
104 17 2
123 81 4
11 138 2
99 149 1
118 12 4
86 22 4
168 66 4
185 61 4
110 46 3
14 38 2
96 143 2
29 62 2
150 183 3
145 24 3
18 19 3
74 163 3
134 154 1
184 116 3
108 102 1
152 193 2
108 77 1
158 48 3
154 91 2
149 192 3
31 83 1
139 94 4
113 164 4
189 73 2
199 42 1
183 72 1
119 84 4
31 164 2
3 39 4
72 198 2
151 199 4
111 65 2
77 152 4
27 100 1
51 99 3
74 88 1
91 48 3
12 92 4
134 91 1
135 150 2
140 47 2
148 8 1
132 36 3
92 21 3
83 17 3
128 77 4
52 183 3
91 73 1
113 136 2
143 131 2
3 138 3
75 172 3
59 102 4
166 43 3
153 125 2
191 94 4
94 46 4
39 113 1
130 57 3
177 168 1
97 194 4
17 170 4
75 150 4
199 66 1
65 56 2
69 115 2
75 167 2
67 102 4
34 69 1
132 23 3
196 18 3
197 65 3
58 104 4
186 141 2
132 22 3
116 12 2
21 62 3
169 86 3
163 174 3
196 106 2
27 148 4
107 20 2
157 4 4
88 151 1
186 64 1
173 160 3
178 35 1
33 45 1
151 29 1
111 132 1
116 123 4
3 90 1
177 115 4
129 43 1
112 93 2
79 6 2
93 23 2
96 63 3
192 22 1
100 47 2
22 130 1
127 31 2
149 8 1
81 141 4
188 108 1
148 98 1
29 32 3
197 0 3
9 93 2
157 7 4
151 165 1
101 73 3
167 86 1
141 59 3
83 193 4
31 139 1
87 20 2
189 55 1
180 58 4
160 77 2
170 143 4
107 153 3
129 38 3
105 9 2
109 57 1
12 45 4
111 142 3
155 97 4
35 134 1
22 197 4
6 26 2
21 199 1
170 6 2
179 64 4
117 8 2
170 131 4
177 60 2
162 119 4
64 20 1
65 124 2
10 31 1
11 147 3
119 123 1
184 140 2
126 3 4
61 93 1
78 178 3
185 48 4
29 122 2
107 52 2
134 112 3
31 122 3
13 152 1
144 44 3
111 124 3
153 143 4
108 25 1
35 193 2
168 32 4
53 47 4
85 51 4
38 143 3
73 96 1
122 24 2
139 17 1
144 5 4
158 37 3
24 102 2
132 5 4
39 66 2
82 69 2
72 165 1
117 3 2
65 51 2
114 81 4
103 167 3
9 137 2
182 162 4
90 16 2
52 102 3
149 128 1
104 174 4
147 81 2
131 4 4
164 53 4
185 151 2
119 65 2
137 195 1
167 36 1
60 64 3
99 46 3
126 114 2
79 8 4
163 28 2
57 101 1
139 166 2
186 31 3
175 97 2
131 192 3
129 148 2
185 93 2
86 152 2
62 196 2
134 191 3
78 64 4
130 94 3
18 88 4
58 32 2
176 47 4
30 193 2
69 56 2
71 39 3
154 182 2
194 169 4
192 94 2
8 124 3
173 11 1
19 123 1
114 180 2
81 49 4
191 50 1
191 46 2
114 53 1
106 95 2
180 125 4
6 51 4
118 169 1
192 41 1
10 141 1
47 134 4
77 123 2
119 156 3
38 135 1
46 131 1
139 79 1
101 189 4
51 154 2
101 100 1
181 27 3
106 118 1
74 86 1
59 169 1
4 153 4
131 26 3
115 6 2
136 83 1
38 62 3
48 108 2
13 16 2
48 16 3
61 25 4
93 154 1
47 81 4
48 191 4
67 199 1
79 100 2
126 62 4
28 161 4
65 117 4
4 57 1
123 6 2
132 136 1
191 10 4
19 1 4
115 188 4
88 153 2
62 153 4
151 112 4
134 26 2
28 145 3
172 176 3
86 110 1
78 60 2
188 144 4
26 124 4
125 152 1
97 164 4
169 94 4
10 18 1
22 199 1
49 69 4
63 113 3
112 116 3
132 45 1
115 85 2
57 190 4
77 7 2
53 40 4
98 6 1
4 40 3
111 55 3
155 26 1
79 89 1
93 90 4
147 143 4
78 67 3
51 71 3
107 147 3
136 69 1
41 168 3
28 152 3
132 166 2
134 145 3
27 157 3
148 188 1
42 8 1
124 22 1
57 64 4
192 17 1
45 1 3
142 178 1
105 167 2
161 58 3
44 6 4
127 100 1
82 36 3
115 171 1
172 112 1
163 167 3
173 124 1
143 111 1
184 196 3
69 84 3
186 41 2
105 172 3
192 43 1
21 99 2
24 20 2
56 38 4
120 85 4
20 99 1
147 70 2
10 29 4
67 62 2
190 63 1
41 2 1
152 42 1
100 122 4
138 26 4
47 79 3
7 39 1
40 10 2
36 138 4
92 122 2
165 99 2
150 105 1
138 167 1
83 141 4
41 1 3
145 185 3
157 118 4
90 159 1
48 24 2
184 107 1
175 144 1
121 16 4
53 183 1
56 195 1
193 126 1
73 46 4
91 146 1
164 120 4
153 85 2
121 193 4
45 83 2
113 129 2
148 12 4
95 150 3
82 145 2
169 192 2
33 4 2
126 110 4
50 71 2
12 80 1
4 177 1
31 161 4
49 147 3
61 14 2
71 122 2
75 165 2
187 39 2
179 143 4
140 121 1
189 12 1
80 27 3
31 81 2
64 48 1
170 176 1
2 21 4
28 148 2
133 191 2
196 154 4
130 19 4
154 6 3
41 32 3
109 142 1
193 71 1
116 83 3
20 176 1
131 134 1
193 23 4
190 18 1
82 3 1
46 162 2
2 33 4
189 74 2
140 56 3
124 152 2
193 22 1
45 39 4
106 59 1
59 104 3
155 114 2
62 120 1
29 153 3
188 74 3
18 50 2
102 173 1
35 23 3
29 93 2
155 96 1
18 100 2
117 129 1
114 73 1
194 81 1
70 164 1
141 57 3
81 55 4
35 111 1
9 22 4
18 47 3
172 47 4
138 28 1
31 142 1
46 196 2
126 134 4
58 28 1
112 164 3
39 32 1
84 4 2
37 142 1
163 60 1
113 121 2
44 17 4
34 8 1
48 78 4
41 18 1
103 76 1
110 38 3
17 101 4
188 22 1
48 13 3
25 95 1
14 143 4
98 47 4
41 102 4
194 117 1
25 198 2
6 30 4
17 42 2
158 82 3
166 29 4
85 136 1
140 120 3
114 20 3
192 133 2
137 94 3
192 77 3
180 16 2
98 29 4
125 94 1
70 194 1
52 35 4
125 46 4
103 145 1
6 188 2
116 108 2
21 84 1
14 160 1
23 189 1
174 75 4
27 59 1
37 39 3
114 18 1
124 23 2
178 151 4
75 37 4
15 104 4
18 76 4
15 170 2
189 199 3
153 145 2
158 131 4
28 95 4
91 59 1
7 116 1
77 131 2
15 130 3
152 43 3
49 73 4
128 172 2
59 103 2
173 184 1
100 82 2
136 122 4
119 182 3
192 130 3
20 171 2
178 162 1
80 56 2
127 130 1
138 78 3
166 17 4
72 30 4
161 164 4
188 63 2
66 192 3
177 176 4
84 197 2
175 53 1
65 99 3
63 48 3
43 148 4
129 91 2
102 124 1
153 182 2
87 45 1
193 59 2
78 154 4
154 188 2
171 173 3
178 58 2
33 12 3
89 82 2
9 194 3
182 17 4
87 183 4
172 6 4
81 3 3
13 31 1
27 13 1
139 170 4
20 44 1
4 83 2
141 8 3
190 149 1
88 76 1
187 80 1
158 126 4
156 6 4
151 41 2
173 60 2
120 40 4
158 4 4
67 131 4
26 63 2
177 16 1
167 73 1
183 153 2
12 165 4
85 118 1
49 175 2
75 19 4
70 97 4
175 167 3
151 71 3
78 110 4
103 108 2
110 12 1
154 61 2
154 23 4
37 4 1
96 156 2
105 46 2
0 137 2
188 182 4
60 170 3
174 145 2
74 32 4
149 111 2
48 52 2
88 56 4
134 138 3
46 17 2
156 74 3
145 116 1
184 168 2
52 132 4
66 51 2
98 22 3
55 163 1
166 164 3
53 182 4
180 61 2
72 2 4
183 77 4
52 10 4
176 43 4
48 12 3
117 189 2
122 196 1
54 137 1
140 67 2
95 60 1
160 49 1
109 90 1
85 107 4
64 182 4
149 113 3
181 114 3
137 86 2
133 124 1
119 118 3
138 84 3
182 139 2
119 67 2
119 25 3
58 22 4
77 8 2
37 8 4
135 76 2
190 122 1
18 136 4
73 88 3
19 97 2
184 27 4
38 159 3
168 19 2
39 196 1
182 78 3
11 160 2
88 87 4
73 43 3
31 41 4
51 81 2
82 162 3
35 54 1
198 17 4
40 27 3
46 25 4
110 58 3
39 158 2
99 35 1
79 61 4
72 167 4
191 17 4
103 55 4
145 31 1
158 152 2
56 27 4
83 190 1
22 19 3
51 58 4
90 55 1
110 176 1
24 195 1
177 81 2
57 81 2
133 56 1
197 94 4
34 148 2
64 76 4
123 160 1
106 108 2
3 26 3
169 81 3
149 140 4
102 151 1
65 81 1
198 29 2
55 65 1
96 118 1
159 134 1
179 196 4
29 26 3
61 55 4
108 149 4
174 179 2
46 103 4
89 123 1
161 169 4
2 183 2
51 25 1
141 106 4
66 24 4
183 84 2
63 79 1
99 26 2
84 23 1
194 142 4
188 164 1
163 154 2
122 179 2
25 27 4
187 181 1
182 73 3
24 31 1
10 145 3
80 135 1
178 71 4
191 4 4
23 50 4
49 182 1
124 97 3
52 34 2
7 108 3
9 184 4
62 55 4
123 8 4
68 116 1
73 165 1
54 143 2
59 92 1
155 115 4
170 71 2
3 190 1
82 171 3
98 144 1
65 123 2
101 98 4
1 151 1
32 199 4
177 136 2
108 96 1
174 57 1
91 161 3
117 174 2
27 67 3
51 1 3
144 172 2
23 162 1
97 198 2
172 44 1
167 115 3
69 140 1
74 180 4
88 64 2
56 141 1
103 9 2
147 76 4
178 18 2
124 43 1
113 181 3
194 166 4
166 179 2
77 88 4
163 103 2
186 164 1
63 38 3
188 72 2
68 170 4
198 125 3
65 25 4
118 190 4
14 44 3
169 137 2
99 44 3
189 128 3
39 9 2
167 140 2
129 128 2
74 34 2
136 68 3
69 104 4
147 78 2
48 54 2
159 148 3
55 64 4
190 181 1
111 81 4
91 46 1
187 189 1
145 111 2
173 130 3
163 21 2
117 93 4
38 42 2
13 145 1
103 89 2
198 130 1
67 13 1
31 84 2
123 185 2
12 70 2
153 112 3
120 193 3
94 168 4
162 83 2
177 27 3
17 72 1
170 174 2
157 84 1
48 74 1
162 124 1
122 106 4
159 172 1
156 160 1
124 130 2
86 89 1
177 22 4
144 25 4
13 168 4
133 39 4
159 49 3
162 129 3
179 96 4
0 176 2
78 49 2
82 57 2
124 122 2
64 80 1
171 148 4
37 87 1
134 58 3
117 34 3
51 91 2
116 113 4
48 92 3
94 149 3
163 177 3
2 153 4
69 113 4
95 108 1
185 52 1
92 153 2
127 50 1
197 53 2
45 60 2
101 139 1
68 169 3
78 123 1
108 170 4
125 140 4
75 141 1
141 16 1
91 35 4
198 53 3
27 176 4
189 122 3
131 114 3
133 131 3
9 8 2
141 27 4
125 127 2
17 180 1
91 122 2
98 38 1
103 124 2
0 130 1
127 101 4
159 40 3
57 192 4
172 185 3
141 67 2
2 82 3
127 117 1
58 67 4
146 177 4
70 103 1
19 109 4
163 140 3
66 62 4
86 149 1
40 180 1
167 68 1
96 78 4
134 99 2
136 60 2
107 142 1
78 55 1
53 161 4
170 110 2
81 183 1
124 117 1
58 81 2
195 120 2
46 161 3
179 21 2
58 130 3
65 87 2
135 174 1
150 92 4
69 119 2
172 54 3
89 126 1
104 24 3
41 147 3
64 49 1
126 99 1
138 88 1
130 148 4
189 47 3
2 146 4
121 170 3
41 57 3
105 168 3
132 147 1
2 175 1
62 121 2
115 104 3
6 40 4
24 72 1
75 139 1
52 129 4
168 17 2
156 111 2
63 103 3
149 174 3
152 155 3
143 149 4
37 171 4
171 174 3
198 132 4
25 189 1
0 19 4
35 61 2
199 119 2
13 52 4
54 24 1
122 133 1
136 19 4
47 58 4
57 84 4
51 114 4
127 33 1
97 181 3
0 6 1
109 2 4
50 4 2
62 116 1
19 87 1
152 145 2
81 142 1
141 179 3
184 189 3
92 154 1
144 85 3
100 126 3
134 30 3
183 147 1
69 158 2
97 141 1
170 183 1
125 106 2
109 135 2
91 57 3
110 115 4
122 166 3
170 3 3
178 76 4
195 59 4
29 195 1
70 115 4
130 5 2
3 104 4
2 145 4
110 193 3
36 41 2
45 130 4
159 78 3
144 29 3
193 51 3
8 49 3
15 69 1
127 128 1
4 125 3
62 177 4
131 145 1
111 162 1
18 44 4
60 15 2
19 149 1
14 165 4
194 35 1
26 186 2
196 36 2
48 61 1
134 81 3
4 80 1
97 137 3
88 80 1
123 21 4
172 86 1
1 113 2
152 29 2
108 36 2
83 188 4
98 120 3
13 180 1
122 72 2
24 87 2
46 50 4
149 28 2
91 127 1
96 113 3
109 27 1
160 162 1
170 82 2
92 123 1
11 108 4
5 66 1
18 7 3
39 13 1
174 79 4
181 197 3
40 133 4
42 57 3
89 104 2
89 39 1
106 140 3
25 150 3
149 10 1
166 70 4
68 113 2
187 43 3
186 51 2
133 28 4
99 40 2
180 30 4
145 169 1
150 72 2
188 95 1
26 89 2
121 58 4
42 31 1
91 29 3
24 108 2
98 84 4
140 3 1
164 55 1
49 39 3
94 148 2
101 147 2
171 52 2
135 26 4
102 1 2
67 22 2
118 18 2
78 62 2
109 170 2
12 160 3
9 129 2
171 79 3
93 149 3
22 93 2
43 74 4
159 99 4
68 66 4
182 11 1
36 50 2
186 55 2
164 193 2
73 193 3
93 153 3
119 188 2
106 94 3
84 174 1
106 39 1
73 58 3
131 147 2
100 61 1
148 167 1
85 195 1
111 27 2
89 107 2
168 79 4
2 20 2
80 70 4
59 38 2
90 188 1
70 154 1
80 124 4
63 93 2
19 21 4
0 157 1
163 133 1
64 71 3
116 117 3
83 170 2
145 89 3
109 39 3
58 107 3
160 196 1
13 140 2
189 138 2
139 157 4
154 114 2
24 17 4
88 2 4
68 138 4
26 171 1
39 24 4
10 172 2
74 10 4
188 172 4
10 164 1
173 10 1
188 65 3
188 47 3
8 144 3
198 147 3
126 96 1
79 66 2
86 135 2
104 35 2
72 35 1
81 22 1
162 142 3
144 132 2
111 80 2
110 49 2
178 52 2
62 106 2
4 174 4
46 142 3
102 54 1
102 115 4
80 152 4
130 137 3
78 162 3
83 52 1
170 26 4
33 150 4
167 62 2
164 109 2
60 124 2
138 47 4
6 59 3
35 123 4
90 177 3
11 175 2
3 175 2
60 88 2
109 66 3
78 101 2
54 36 1
133 72 2
58 5 1
188 150 4
76 67 2
156 46 3
98 28 4
99 169 2
46 19 4
96 84 2
103 133 1
27 169 1
193 146 4
89 117 3
87 14 2
155 77 2
68 193 3
52 144 3
188 173 1
44 88 2
157 126 4
88 134 4
68 137 3
111 174 1
53 75 2
44 148 4
94 104 1
187 170 2
29 128 3
98 40 2
105 88 3
180 158 3
66 129 2
49 67 2
157 122 2
149 102 3
135 185 2
37 44 3
114 21 2
130 13 1
98 166 3
186 119 4
174 99 2
179 155 2
21 103 1
14 76 3
38 83 3
102 30 4
96 144 2
165 184 1
157 164 3
185 132 4
85 3 1
143 73 2
35 105 3
121 15 4
192 155 2
81 155 3
110 159 4
178 114 1
85 78 3
193 9 4
130 109 2
184 108 4
6 81 4
50 183 4
133 149 4
74 76 2
47 152 4
132 163 4
101 67 2
89 197 4
28 174 4
170 27 2
65 126 4
65 88 1
115 185 3
107 57 4
193 15 2
164 116 1
93 84 3
20 43 1
11 121 2
62 54 1
87 179 3
159 23 3
186 94 1
17 136 2
54 104 1
147 193 1
15 39 1
121 7 3
168 86 2
130 115 1
123 5 2
88 1 2
196 177 3
194 147 1
185 195 2
199 110 3
104 150 3
152 2 1
135 51 3
28 62 4
166 28 4
179 53 4
87 136 1
10 61 3
20 136 1
192 47 2
46 67 4
141 44 1
64 155 2
116 88 3
101 105 3
131 47 1
160 48 3
192 40 4
44 82 2
117 197 4
196 32 4
24 43 4
78 141 1
147 169 3
124 30 4
32 40 2
13 71 3
133 82 1
106 19 4
172 132 2
152 191 2
86 129 2
156 114 2
173 85 1
164 38 3
164 152 2
66 103 2
28 23 3
173 93 1
29 47 4
190 146 3
55 160 3
160 145 1
86 25 2
2 162 2
76 193 3
197 54 2
109 154 3
193 171 1
121 96 1
184 24 3
111 147 2
114 29 4
191 84 3
130 153 3
88 196 1
177 199 4
134 193 4
111 152 3
4 162 3
113 38 3
17 122 1
