9950 200
0 134 1
1 24 5
2 175 7
3 45 7
4 138 6
5 96 6
6 58 3
7 111 9
8 30 6
9 62 5
10 199 9
11 185 7
12 135 4
13 77 3
14 90 2
15 155 7
16 181 4
17 13 5
18 102 9
19 183 8
20 122 3
21 76 2
22 100 1
23 180 2
24 42 6
25 56 6
26 155 5
27 59 8
28 124 1
29 124 6
30 119 5
31 97 6
32 94 4
33 106 9
34 172 2
35 44 9
36 65 8
37 48 4
38 54 7
39 114 4
40 93 9
41 154 4
42 77 9
43 182 2
44 1 2
45 196 5
46 30 4
47 105 5
48 105 5
49 187 3
50 136 5
51 14 4
52 152 5
53 142 7
54 163 9
55 186 7
56 59 4
57 194 2
58 87 5
59 88 4
60 20 7
61 37 7
62 21 3
63 33 4
64 67 1
65 2 5
66 19 6
67 78 2
68 67 2
69 120 7
70 122 4
71 89 6
72 127 7
73 126 4
74 128 7
75 44 2
76 164 7
77 106 1
78 175 8
79 115 4
80 30 4
81 182 2
82 68 3
83 107 5
84 81 5
85 144 8
86 46 2
87 166 3
88 72 6
89 166 3
90 165 8
91 43 6
92 7 5
93 136 3
94 182 7
95 34 9
96 101 7
97 141 9
98 146 7
99 19 9
100 71 8
101 199 4
102 199 3
103 160 7
104 130 6
105 143 8
106 74 2
107 25 9
108 57 1
109 41 7
110 36 1
111 41 6
112 152 5
113 58 1
114 11 4
115 17 6
116 17 5
117 155 5
118 92 3
119 180 1
120 13 4
121 98 5
122 35 1
123 94 8
124 185 1
125 4 4
126 134 2
127 110 5
128 108 7
129 185 4
130 81 1
131 96 4
132 183 2
133 31 4
134 73 8
135 74 5
136 156 7
137 131 5
138 28 6
139 192 9
140 137 6
141 176 1
142 171 2
143 183 2
144 3 2
145 122 2
146 110 5
147 144 5
148 142 1
149 145 1
150 144 6
151 33 7
152 130 7
153 26 3
154 60 8
155 172 7
156 27 1
157 178 4
158 183 8
159 66 9
160 127 6
161 180 8
162 48 5
163 68 6
164 52 5
165 190 7
166 73 7
167 83 7
168 187 8
169 6 7
170 144 7
171 94 7
172 165 3
173 162 9
174 31 1
175 156 6
176 187 8
177 170 3
178 194 9
179 50 3
180 193 3
181 148 8
182 141 6
183 121 7
184 55 1
185 76 6
186 83 4
187 36 6
188 93 3
189 170 1
190 44 2
191 183 9
192 173 1
193 73 7
194 163 3
195 24 9
196 19 2
197 55 2
198 0 1
199 178 4
84 155 1
96 65 4
153 123 1
22 142 4
18 37 1
97 151 1
40 161 4
12 90 2
98 102 2
173 45 4
57 129 4
154 29 3
86 150 2
35 2 1
176 112 3
170 38 2
76 116 3
153 98 1
131 74 2
158 122 1
179 33 4
171 48 2
25 131 4
146 54 1
90 71 3
37 67 1
176 186 4
38 167 2
146 184 4
80 45 2
28 41 3
99 93 4
70 13 4
43 186 1
154 47 3
143 134 3
89 95 3
120 156 2
149 137 4
167 56 2
2 31 1
194 127 3
78 36 1
5 112 1
46 123 4
191 93 4
180 10 2
179 137 4
14 6 1
132 136 2
19 12 2
43 197 4
99 179 4
131 14 3
152 38 4
29 43 2
156 172 1
104 195 4
15 72 2
192 55 3
185 33 3
76 0 3
40 126 1
33 165 1
194 157 1
182 62 1
106 32 4
146 25 1
40 55 3
152 127 2
112 53 4
9 109 1
48 38 4
77 155 2
75 156 3
144 164 3
168 103 2
7 47 1
98 77 3
46 3 1
2 102 3
178 165 3
57 136 4
5 54 3
72 154 2
117 108 2
91 86 1
138 166 4
46 155 1
70 16 2
16 29 1
189 104 3
87 143 2
124 60 4
198 123 2
127 178 1
167 113 1
188 152 2
88 22 2
11 190 1
186 86 2
65 95 2
177 41 1
195 63 4
65 149 3
189 26 3
189 47 1
118 3 2
99 36 1
13 101 3
143 110 4
143 137 1
170 34 4
131 158 2
186 77 2
114 71 3
104 176 2
104 32 4
31 61 1
97 69 2
149 33 2
81 68 2
45 73 4
36 45 4
121 0 1
154 148 1
34 102 3
84 197 2
197 24 4
77 138 4
146 87 3
89 108 2
118 141 4
192 158 2
41 83 3
17 56 2
34 148 1
61 199 4
170 69 1
189 78 1
34 107 1
23 44 1
154 30 2
88 13 3
149 117 2
86 39 1
45 115 2
98 25 1
46 47 1
72 161 1
160 66 2
36 149 1
108 68 1
119 69 3
196 11 3
133 26 1
139 134 2
163 152 2
40 165 3
25 149 3
182 93 1
62 20 3
4 104 2
12 188 2
22 126 4
114 109 2
106 195 3
112 192 4
49 64 1
95 168 4
61 71 3
141 1 4
171 128 1
161 97 2
159 8 2
78 35 3
8 139 2
53 0 3
24 114 2
96 142 4
52 78 1
170 181 3
69 6 4
23 119 4
137 12 2
144 142 2
112 32 1
168 174 4
134 85 1
72 36 2
128 114 2
125 98 3
60 33 2
69 49 2
61 22 3
177 15 3
190 196 4
23 138 1
72 192 4
77 174 2
74 105 2
16 153 4
30 189 1
92 45 2
183 114 3
77 182 4
140 32 3
148 133 1
44 103 2
53 23 3
1 72 4
150 155 2
150 78 3
80 5 3
91 75 3
147 111 1
48 193 2
185 9 1
95 11 1
44 14 3
148 33 2
170 129 1
139 93 4
59 144 1
3 35 3
96 158 4
165 93 3
16 104 3
3 76 1
50 69 3
74 139 3
199 11 1
10 156 2
163 69 2
183 140 3
109 64 3
199 123 2
20 161 2
93 187 1
189 128 1
171 103 2
157 142 4
173 30 1
150 126 3
147 186 1
60 156 4
124 166 2
187 11 4
152 190 2
55 4 1
16 134 2
141 45 4
162 104 4
89 173 2
190 57 3
146 160 2
12 3 4
36 145 2
57 132 3
57 60 3
121 176 1
122 191 2
115 5 3
165 64 1
46 195 4
59 84 2
162 5 1
96 93 1
42 69 3
47 176 2
25 29 2
78 14 2
77 52 4
147 21 3
188 143 2
69 127 4
182 53 2
190 188 1
147 145 4
194 184 3
198 109 3
94 20 3
161 69 1
186 80 4
166 165 3
67 158 3
171 46 4
63 37 4
158 113 1
46 56 3
103 35 2
197 156 1
59 194 2
125 19 1
118 82 4
57 173 4
188 132 3
199 51 3
147 62 2
24 29 1
183 104 3
81 131 1
30 147 3
181 71 2
92 196 1
69 156 1
71 102 3
68 69 3
89 41 2
38 174 3
40 190 3
118 130 4
107 108 2
39 26 1
105 78 3
40 6 1
2 121 3
118 86 1
0 39 4
102 163 3
12 53 1
185 141 3
68 24 4
198 114 2
184 68 3
132 9 2
170 116 3
193 29 1
191 72 1
94 154 1
96 44 4
104 140 1
27 165 2
64 61 1
183 60 2
191 98 2
118 63 2
9 74 4
167 178 1
25 117 1
8 170 3
64 129 1
156 95 4
182 122 4
194 47 3
122 113 3
113 30 4
3 19 3
148 121 1
110 57 4
57 175 2
64 94 1
159 86 4
195 131 4
93 34 3
69 11 4
118 59 4
123 167 1
47 97 2
180 63 1
121 180 2
164 196 3
32 109 4
80 112 2
70 149 3
46 51 4
153 46 1
184 196 2
68 100 2
182 185 2
24 37 1
19 103 4
11 78 3
47 92 1
73 196 2
57 133 2
167 40 3
115 154 4
144 171 2
193 20 1
167 80 4
113 21 2
24 94 2
80 76 1
31 123 4
49 3 4
83 123 1
16 191 3
20 6 1
16 22 3
41 128 3
46 65 4
196 191 1
146 58 2
10 36 3
125 26 4
151 192 2
50 151 2
129 96 1
167 95 2
53 135 1
139 25 1
56 85 1
57 158 3
61 147 4
19 11 3
117 18 2
49 169 4
14 141 3
122 111 2
145 51 4
55 20 3
71 95 1
136 4 1
75 43 1
107 38 2
97 188 2
26 94 2
23 141 2
162 15 1
29 188 4
178 80 4
65 43 3
17 64 4
25 59 4
175 84 1
135 144 2
26 42 4
118 181 3
109 98 2
24 89 3
99 134 2
145 132 4
191 174 1
33 32 3
122 195 4
146 61 4
29 90 2
131 20 4
108 158 1
30 24 2
158 6 3
90 163 1
105 194 1
34 7 4
183 20 1
42 142 2
185 16 3
37 148 3
147 88 1
106 65 1
163 86 2
116 7 3
31 130 3
99 197 1
139 9 1
24 128 3
53 78 3
163 23 1
93 161 3
166 151 2
171 26 3
183 65 2
67 143 4
124 45 4
150 34 1
108 90 4
98 187 4
34 0 1
162 105 2
138 93 2
191 22 4
110 15 4
113 151 3
104 66 1
4 22 1
48 113 1
109 175 4
128 100 3
151 163 1
53 156 4
170 190 4
12 101 3
109 88 4
151 183 2
58 20 4
116 188 1
102 23 1
74 190 2
138 140 4
36 182 2
82 98 4
109 58 2
24 59 2
6 151 1
142 193 2
77 122 1
54 78 2
101 57 4
120 41 4
71 188 4
44 104 4
62 12 1
62 52 2
10 155 3
37 84 3
117 37 1
1 122 3
187 132 3
164 12 2
183 175 1
105 45 2
143 71 3
121 188 3
137 160 1
44 50 2
160 104 1
7 137 3
67 85 4
124 32 3
149 165 1
1 62 2
149 53 3
139 114 2
31 179 3
5 3 3
192 153 1
16 58 2
13 86 2
162 170 2
103 81 4
103 9 4
187 90 3
117 136 4
174 72 4
81 134 4
87 69 1
174 8 2
31 6 4
92 183 4
106 51 4
102 68 1
143 191 3
82 84 2
175 71 1
75 184 3
129 30 4
27 29 3
16 126 3
144 116 3
138 153 4
182 29 3
199 187 1
149 45 3
194 81 2
82 142 2
135 54 2
70 94 4
80 17 2
81 113 4
68 172 3
40 8 4
8 22 1
82 131 2
128 166 4
133 84 2
62 90 4
9 7 2
2 173 4
132 197 1
91 64 2
131 71 2
77 113 3
25 130 2
54 154 2
116 27 4
118 122 1
79 127 4
47 138 2
154 135 3
133 157 3
54 36 2
127 17 1
30 89 3
28 189 3
144 158 1
6 13 1
92 17 4
140 166 1
162 128 1
16 90 4
87 185 4
89 115 4
18 36 4
147 181 3
195 175 1
48 104 3
24 38 4
84 33 2
101 88 2
162 189 3
43 126 3
39 187 3
32 66 2
2 103 4
186 154 1
89 8 1
112 31 1
138 100 2
99 6 1
67 3 1
188 60 2
40 173 2
171 182 3
108 84 2
1 117 3
114 0 3
32 163 2
89 80 3
150 101 2
166 125 3
109 16 4
84 171 4
101 176 4
57 143 3
2 160 3
99 16 4
72 145 4
127 113 2
63 123 1
68 178 4
66 185 4
161 102 4
181 68 4
52 179 3
52 134 3
9 38 1
198 136 1
184 183 2
33 1 4
122 80 1
163 172 1
192 48 4
81 20 2
20 156 4
111 173 1
11 40 4
144 130 1
171 85 3
33 48 1
197 117 1
131 47 1
63 23 2
56 118 2
54 100 2
61 143 2
89 192 1
160 179 1
36 92 3
96 78 2
148 120 1
88 136 2
163 89 1
45 47 4
103 152 2
187 61 2
37 126 4
59 142 4
82 71 4
21 4 2
148 84 3
78 43 4
104 147 4
94 166 4
146 156 3
87 128 3
172 198 3
148 4 1
14 20 3
66 9 4
173 97 4
85 77 1
100 161 2
55 98 1
135 149 1
174 127 3
183 131 2
138 119 1
119 190 2
136 102 3
144 181 4
85 158 4
194 111 3
46 185 3
18 156 2
181 27 1
169 150 1
73 42 2
188 172 1
126 42 4
29 76 3
152 107 4
95 105 1
44 59 4
139 145 1
101 184 4
105 182 4
87 121 2
13 166 1
199 119 3
34 69 3
50 32 2
49 162 1
126 18 2
150 151 1
7 196 1
53 157 3
13 134 1
63 92 2
148 26 4
196 107 4
61 30 2
27 144 2
145 95 1
146 177 4
22 83 4
96 140 3
6 73 4
82 170 4
151 88 1
105 169 3
124 43 3
9 163 3
49 146 4
66 135 4
79 45 1
97 71 2
15 146 2
98 45 4
178 42 1
107 67 4
184 175 1
106 190 1
141 114 2
24 57 2
69 64 1
84 78 1
20 168 4
79 64 4
93 168 2
102 158 4
109 129 3
28 17 3
8 142 2
15 127 3
22 138 3
90 86 2
84 15 1
173 156 3
140 165 1
150 4 4
177 22 4
59 165 2
61 160 2
113 111 2
160 95 3
127 34 2
133 112 4
14 35 2
65 66 2
87 52 2
91 62 4
183 4 3
182 5 3
90 194 2
80 164 2
134 82 2
54 115 2
64 97 3
112 40 1
54 133 1
149 64 4
182 162 2
178 94 2
187 139 1
82 22 1
31 98 4
178 121 2
94 152 1
94 41 1
125 199 1
52 168 4
161 91 2
104 164 3
11 147 1
176 67 3
23 6 4
150 147 2
19 153 4
100 185 2
113 163 2
144 62 3
17 25 1
86 192 2
165 87 1
106 30 2
13 2 1
153 152 3
55 123 4
157 163 3
36 186 2
6 175 1
106 135 1
43 118 2
81 77 1
85 9 3
26 129 2
82 164 3
172 186 1
28 105 4
27 73 1
37 167 1
54 20 2
67 192 1
28 159 3
51 40 1
5 98 2
183 48 3
136 125 1
45 1 3
112 189 2
107 123 3
16 190 2
184 122 3
183 187 3
153 5 1
112 197 2
105 108 2
106 137 1
5 53 2
137 119 3
167 107 1
62 67 2
21 82 4
88 57 4
149 192 4
10 192 3
15 14 2
65 155 4
106 173 2
17 125 4
158 194 1
12 56 4
161 39 3
65 179 2
193 152 4
76 8 2
17 98 3
181 37 1
166 181 1
163 192 4
155 72 4
188 72 4
125 156 2
86 182 3
104 7 2
160 176 2
180 31 4
148 29 1
183 193 1
60 161 3
134 127 4
9 71 1
95 163 1
63 12 4
38 182 4
29 126 4
59 181 3
154 25 3
141 135 3
112 83 2
113 87 2
192 93 4
121 11 4
182 16 2
38 198 1
110 91 3
38 84 1
46 17 1
184 48 3
190 90 2
188 194 4
131 4 2
23 176 2
188 140 4
38 21 3
8 187 4
34 120 1
29 195 3
183 83 2
169 108 4
185 12 2
73 82 2
45 24 2
5 198 3
34 117 2
124 168 1
69 73 4
180 46 2
85 150 1
0 186 3
162 26 1
137 182 1
2 171 1
111 143 3
33 127 1
41 95 2
5 81 2
134 26 1
151 158 4
161 68 4
136 142 3
61 55 3
25 57 2
154 98 3
183 2 4
166 164 2
183 76 2
163 20 2
166 51 3
117 72 3
124 85 1
103 185 2
178 18 3
81 72 2
6 139 3
91 111 2
174 85 3
74 85 4
185 114 2
56 21 4
55 170 4
167 170 4
142 78 2
158 50 2
177 83 1
147 155 2
134 83 2
101 165 3
9 95 2
127 166 4
105 30 3
140 94 2
175 94 3
145 193 1
144 104 4
71 21 4
184 178 4
90 113 1
133 146 2
62 85 4
76 140 2
166 171 2
118 41 3
150 128 4
137 107 1
95 66 1
3 195 3
102 8 2
82 13 3
35 149 1
134 49 1
5 10 3
49 51 1
146 85 2
113 96 2
165 167 4
24 51 2
11 172 4
133 152 3
1 20 3
113 97 2
128 194 4
57 12 2
198 88 3
42 3 2
111 102 1
191 137 2
47 96 2
84 45 3
39 53 1
77 121 1
94 13 4
129 190 4
194 40 3
142 92 2
74 54 3
30 3 2
122 72 2
67 45 3
36 120 2
0 92 3
6 80 3
110 87 3
127 76 2
158 54 3
191 17 4
93 150 1
176 93 2
0 112 4
19 70 3
166 156 3
53 73 2
1 153 4
74 32 2
117 121 4
105 82 4
117 102 4
56 73 2
2 92 4
22 189 2
167 127 4
82 23 4
181 130 3
57 172 3
85 3 3
28 35 3
61 168 2
73 175 4
83 132 4
183 124 1
96 94 4
138 3 3
16 123 1
171 75 3
34 79 3
152 66 4
130 147 1
151 152 2
2 9 3
70 92 4
111 164 4
144 21 4
175 119 3
38 2 1
81 177 4
134 109 3
135 89 3
131 39 1
142 89 2
166 76 2
73 38 2
119 111 1
176 109 3
46 54 4
27 40 3
117 84 2
32 0 1
170 196 1
188 118 3
92 82 2
129 111 2
45 91 3
76 133 1
26 138 2
51 137 2
62 172 2
50 161 4
105 110 1
139 16 2
177 24 1
155 6 3
71 26 2
188 199 1
5 67 3
93 151 3
134 78 4
86 2 1
40 109 1
131 87 4
38 37 3
195 0 4
141 68 4
177 28 4
101 5 2
146 111 3
148 88 4
146 194 2
127 146 4
116 15 1
164 96 4
161 96 1
113 121 4
142 199 2
162 163 2
0 75 4
44 10 1
119 7 4
56 61 1
113 61 2
97 164 4
155 73 4
154 77 2
126 115 2
154 183 3
58 33 2
162 131 2
3 197 4
64 111 2
132 10 2
118 74 3
119 146 1
167 122 3
161 139 4
104 100 3
56 40 2
46 93 1
11 48 4
95 79 1
52 20 3
186 192 3
106 129 2
59 130 2
199 0 3
112 14 4
161 132 2
157 197 4
187 67 2
35 52 1
1 13 4
93 135 1
68 56 3
56 129 1
1 155 2
146 125 4
2 197 2
117 122 3
115 4 4
15 5 1
60 148 2
87 196 4
135 127 1
73 197 3
90 122 4
199 83 4
149 134 4
84 87 1
145 96 4
174 155 1
161 186 2
177 124 3
117 169 3
169 16 2
147 85 2
128 46 3
45 178 3
149 60 3
99 23 1
14 160 4
143 146 3
60 84 2
18 175 3
129 31 1
130 101 1
26 163 2
1 177 4
10 193 4
11 123 4
169 146 1
65 180 2
87 134 4
86 6 3
59 91 2
70 183 1
135 49 4
71 88 3
100 123 2
86 72 2
110 155 3
165 141 4
153 160 1
194 106 2
34 163 3
138 156 2
16 166 4
71 29 4
167 52 1
44 63 2
21 119 3
110 86 1
101 86 4
103 1 2
27 147 4
53 104 4
118 156 4
156 97 3
174 173 1
123 162 3
57 191 1
4 195 2
105 31 1
56 26 4
6 181 4
122 63 1
168 53 1
0 174 1
36 88 2
109 171 1
148 48 4
51 13 4
100 18 1
105 86 1
1 56 1
69 176 1
72 20 1
23 109 2
83 121 4
54 10 2
44 189 1
191 163 1
27 21 1
47 12 2
128 156 1
130 139 3
44 183 3
186 13 1
143 181 1
181 17 1
113 40 1
87 75 1
191 42 4
193 40 4
90 56 2
9 29 2
96 155 4
144 23 2
136 68 3
129 197 1
110 93 4
8 21 3
96 195 3
155 37 1
100 48 2
137 71 2
166 139 3
124 104 4
22 173 2
70 150 4
29 38 4
58 163 3
99 14 3
93 54 4
104 14 1
88 56 3
13 69 1
102 121 3
64 98 4
60 91 2
58 90 4
123 6 2
58 103 1
111 70 3
50 87 4
102 64 2
111 135 1
91 184 1
145 71 3
44 80 2
24 159 2
69 1 4
41 121 3
98 103 2
70 112 3
27 163 4
35 144 1
125 198 4
84 184 4
157 161 3
85 93 4
110 17 4
166 143 1
199 165 1
12 2 3
121 20 3
46 196 3
12 84 1
109 156 1
35 83 3
64 154 2
97 143 1
79 142 2
111 62 3
129 135 1
29 20 4
77 104 1
48 29 4
14 23 3
62 173 4
62 108 1
191 83 1
35 79 4
30 6 1
173 177 3
198 41 4
124 39 3
42 120 1
135 158 4
23 107 2
99 21 1
101 50 2
173 47 1
86 152 4
199 56 3
186 42 4
159 82 4
50 39 1
35 85 4
125 47 1
80 68 1
1 92 2
183 95 4
63 15 3
108 47 3
47 139 4
92 150 3
194 118 3
153 159 2
107 49 1
76 188 2
93 111 3
172 147 4
175 103 4
108 159 2
104 98 3
146 138 3
65 138 2
5 71 3
103 71 1
152 179 4
120 86 4
181 94 4
130 176 1
110 16 3
171 119 4
19 31 1
65 26 3
35 55 2
16 43 4
63 107 3
93 27 4
137 174 2
126 145 4
151 170 2
79 116 1
99 172 2
196 50 2
26 83 2
113 188 4
95 118 1
81 128 1
85 192 3
163 42 1
176 161 2
98 30 1
136 133 1
22 154 4
171 10 3
107 9 3
131 147 1
39 138 4
167 28 3
47 51 1
48 159 4
32 89 3
139 121 1
58 99 1
85 100 4
38 81 1
91 113 2
54 96 2
48 86 2
152 194 2
22 101 3
149 67 3
52 28 2
41 127 2
68 40 1
185 71 1
4 80 2
47 6 4
82 127 3
15 174 3
125 33 3
151 40 2
60 139 3
158 88 2
40 144 3
37 23 2
186 75 2
172 88 2
178 96 3
7 186 4
39 87 4
128 168 4
75 144 4
116 91 2
121 116 4
111 105 2
81 196 2
172 170 4
115 33 1
14 13 1
30 153 4
24 70 3
54 117 3
127 114 4
154 130 3
71 161 1
19 101 4
151 118 4
166 160 1
114 64 2
35 120 1
131 78 2
119 71 4
56 77 2
123 1 4
50 129 3
3 84 2
99 194 4
151 195 3
185 22 2
199 171 1
159 72 2
28 27 2
97 108 3
24 20 3
35 174 4
37 163 1
146 176 1
75 153 4
197 192 3
78 16 2
108 163 4
165 15 3
32 123 4
72 160 3
68 2 3
68 83 3
22 123 4
101 73 1
140 142 2
87 112 4
13 29 2
136 92 4
156 50 1
194 8 1
167 168 4
48 127 4
109 50 1
38 175 3
9 90 4
175 82 2
110 65 2
83 33 1
17 95 3
54 127 2
75 76 2
4 122 1
122 139 1
198 3 1
185 147 3
145 182 3
12 29 4
157 20 2
99 126 2
72 43 2
13 162 4
3 173 3
36 34 2
177 20 4
144 191 3
179 51 3
138 149 3
157 121 2
18 139 3
65 75 1
17 36 2
165 102 4
157 139 2
78 168 4
27 140 2
189 49 2
197 102 3
0 30 4
115 16 4
56 58 4
60 9 1
101 118 3
52 197 4
90 11 4
191 139 2
166 5 4
131 18 4
39 116 3
14 184 3
169 106 3
8 15 1
127 25 4
162 195 2
58 151 2
122 50 4
53 144 4
179 141 4
6 106 3
128 149 2
83 49 2
124 105 2
136 20 2
139 158 1
75 80 3
106 10 3
65 182 2
195 197 3
91 29 1
81 7 4
188 73 2
110 130 1
59 13 3
63 73 4
137 66 3
44 152 1
50 139 3
171 45 2
61 114 1
199 80 4
34 143 2
61 51 4
41 153 4
156 143 2
120 131 3
42 195 1
61 85 3
29 56 3
54 141 2
64 81 1
91 94 4
45 5 2
128 37 2
28 153 2
101 179 1
148 113 3
199 72 1
123 82 3
88 64 2
188 151 3
84 66 1
52 101 1
143 189 4
9 199 4
28 68 3
125 23 1
54 122 4
77 46 3
34 137 1
10 3 2
44 196 3
154 102 3
11 194 2
65 187 1
144 111 4
82 160 2
82 116 2
60 125 4
10 89 2
77 123 3
186 27 2
1 65 2
98 12 3
74 75 3
73 92 1
121 154 4
179 23 4
127 99 2
177 128 2
96 0 4
163 53 2
188 89 3
19 77 1
85 148 4
23 195 2
185 160 2
180 190 2
81 133 1
128 61 4
30 74 1
2 156 1
189 192 2
178 182 4
85 48 1
120 55 2
39 46 2
164 17 1
150 111 2
33 17 4
170 125 1
113 170 3
173 165 3
197 189 3
30 49 1
38 64 4
80 79 2
179 184 1
44 128 3
129 151 3
120 115 1
14 36 1
183 36 4
148 171 4
190 149 1
94 47 3
143 4 1
45 123 4
152 138 1
139 1 1
3 29 1
156 48 2
179 60 1
78 101 3
160 96 2
75 11 2
55 15 2
79 1 3
92 181 4
66 34 1
195 38 4
80 56 4
2 112 2
135 23 1
65 89 3
188 28 3
20 152 2
19 134 3
193 11 4
171 155 1
117 196 1
115 122 2
135 85 2
66 39 1
50 75 1
4 23 1
185 140 2
173 36 1
137 193 4
165 133 2
81 54 4
99 79 4
43 50 2
17 89 2
106 24 3
100 127 4
65 45 4
23 130 3
188 20 4
185 159 3
53 120 1
30 148 4
118 138 1
84 199 3
142 134 4
182 156 1
70 113 3
91 187 2
119 193 1
71 169 2
100 162 2
7 15 1
113 119 4
13 65 2
45 93 2
3 170 4
96 191 2
82 194 1
169 27 3
195 170 1
39 144 1
179 124 2
24 74 1
159 4 2
31 196 3
142 83 3
50 22 1
145 189 1
126 113 2
186 174 1
180 43 3
34 129 3
79 167 4
154 51 3
174 65 1
105 144 4
8 150 3
116 14 4
73 54 4
84 39 3
13 61 3
59 32 1
22 184 4
117 99 3
52 116 3
8 180 2
50 190 4
31 91 3
170 171 1
116 21 4
163 21 4
91 61 2
97 178 2
182 20 2
56 95 1
181 163 3
2 3 3
85 176 1
109 177 1
88 135 2
98 190 4
154 75 2
66 96 4
147 117 3
13 66 1
57 176 4
124 195 2
82 190 4
131 58 1
76 104 1
153 158 1
6 33 1
67 199 1
109 51 4
69 122 4
109 191 3
56 11 2
88 19 3
85 6 1
149 52 3
52 36 4
80 159 3
37 75 1
46 50 4
40 45 4
55 38 2
43 128 3
123 49 2
40 100 3
76 143 4
118 42 2
124 114 3
137 47 1
59 15 2
35 113 2
191 108 2
198 58 3
10 165 1
32 118 1
159 197 3
50 128 1
21 78 2
149 116 1
158 10 2
78 24 1
184 119 1
7 195 3
7 6 4
164 61 2
18 7 1
168 129 3
139 30 3
118 137 1
178 155 3
142 76 1
1 67 1
177 108 3
14 100 3
189 158 3
48 89 2
98 129 4
81 86 4
91 24 2
141 16 3
41 191 2
154 103 1
68 104 2
49 79 1
136 144 4
110 168 3
81 191 3
132 171 1
81 18 4
182 127 3
158 150 4
163 93 4
66 181 2
193 157 3
30 15 4
9 154 4
25 176 1
141 105 3
188 59 4
97 41 2
181 191 3
83 2 2
150 195 1
137 175 1
187 131 4
89 180 3
11 5 4
48 196 2
28 185 4
10 15 2
171 24 1
173 105 4
199 49 2
191 35 3
62 117 1
34 43 4
171 59 2
59 74 2
78 38 4
62 65 3
2 88 2
100 50 4
182 49 3
15 67 4
34 78 4
12 4 4
1 51 1
103 123 3
169 156 4
26 79 2
115 175 2
173 37 2
47 8 1
127 98 3
42 129 1
57 67 2
19 76 3
65 112 4
20 107 2
100 67 2
0 59 2
51 66 2
55 82 2
147 127 1
108 181 4
184 140 4
181 80 4
50 105 2
60 145 4
142 111 3
177 12 1
24 93 1
160 25 2
87 36 3
28 5 3
31 110 3
3 98 2
176 84 2
2 177 1
185 181 4
114 3 2
141 125 1
75 17 2
51 130 2
7 85 2
59 35 2
108 131 1
87 63 2
97 37 4
167 120 2
188 26 2
36 144 2
69 148 3
116 74 4
150 142 2
76 87 1
164 168 3
138 115 1
143 37 4
175 135 4
160 5 4
150 117 2
20 84 4
187 83 2
36 155 2
102 97 3
121 108 1
198 138 1
150 63 1
123 5 1
6 152 2
168 172 4
142 178 2
165 72 4
16 38 3
52 55 1
99 59 2
78 37 3
76 46 2
190 27 3
143 118 1
110 44 4
62 101 4
188 176 3
114 13 4
50 98 3
168 152 1
68 106 4
66 73 2
60 31 2
70 99 2
26 51 3
14 98 4
70 85 3
153 116 3
53 81 2
165 130 1
112 129 4
112 1 3
87 31 2
138 57 3
51 98 4
27 170 1
94 193 1
111 136 3
186 105 1
111 104 3
15 163 2
168 162 4
119 12 1
110 184 2
26 32 1
49 150 1
10 35 3
5 156 3
131 57 4
151 16 4
162 99 4
58 93 4
184 74 4
41 36 2
67 83 2
62 22 3
159 65 3
146 178 3
138 102 1
182 0 2
43 19 1
58 167 2
159 140 3
33 10 3
32 129 1
126 148 3
33 174 2
81 142 4
84 114 4
167 174 2
22 158 3
114 111 1
45 186 4
157 69 1
75 182 4
19 170 2
159 103 4
141 153 1
72 44 1
11 29 4
133 176 4
10 68 1
143 50 2
49 166 1
61 196 2
63 135 4
117 180 3
103 165 4
125 177 2
101 191 4
94 115 4
47 66 1
6 53 4
122 9 1
153 51 1
182 193 2
114 70 1
186 96 1
30 181 1
44 26 2
192 185 1
80 150 4
199 96 1
95 80 3
41 170 2
155 162 3
60 117 3
91 133 1
146 57 2
24 107 1
126 60 2
78 155 1
52 80 4
148 93 2
170 173 3
168 199 1
64 135 2
70 10 1
4 86 3
109 10 2
88 17 2
113 24 2
42 59 4
36 6 3
124 92 1
70 199 3
111 152 1
8 43 1
193 156 4
147 1 2
184 171 3
182 52 3
198 127 2
30 90 3
2 135 2
166 145 3
22 196 4
59 11 2
88 43 4
156 35 3
129 51 1
28 57 2
153 18 1
153 23 2
143 132 3
76 18 3
36 38 2
89 127 1
34 161 1
185 70 2
50 167 3
42 66 1
28 132 3
182 164 1
57 142 3
111 80 3
165 7 2
66 145 4
38 135 1
52 4 1
120 170 3
92 110 4
175 136 1
57 105 3
45 184 1
72 94 2
147 106 4
145 173 3
109 26 1
171 113 4
10 87 2
182 120 4
126 30 4
2 134 3
153 168 2
76 184 3
190 189 3
128 111 4
34 81 4
55 185 2
63 193 1
147 90 1
92 106 1
152 19 4
53 1 4
36 114 4
192 136 1
73 23 1
76 33 2
39 57 4
186 100 2
30 27 3
72 116 2
44 126 3
187 76 4
91 44 4
93 60 3
103 198 4
49 98 1
194 147 4
48 101 3
56 136 4
29 97 2
199 193 2
19 155 1
33 187 4
190 60 4
199 59 2
169 140 4
53 62 1
115 80 2
92 194 1
48 69 2
122 16 2
16 102 3
50 198 1
182 10 2
127 22 2
6 127 2
7 118 3
102 143 1
129 164 4
22 21 1
50 27 2
165 121 3
142 133 4
114 79 2
164 146 4
53 141 1
55 118 3
182 143 4
72 74 2
122 194 2
23 110 4
48 21 1
105 73 2
14 135 3
192 95 2
146 45 1
118 164 3
173 120 1
142 17 3
125 11 3
78 100 4
148 196 1
73 71 3
54 185 4
144 56 2
140 123 3
197 75 3
196 192 2
68 54 1
10 110 4
164 59 4
124 77 2
71 80 1
74 61 4
37 98 4
97 28 1
27 174 4
85 44 3
180 86 4
198 12 4
180 155 1
117 31 2
30 160 1
136 6 4
68 157 3
12 192 2
161 10 1
196 155 1
162 53 1
170 68 3
100 12 4
161 9 1
50 195 3
96 68 2
70 84 4
139 143 4
79 122 4
152 2 4
64 196 4
31 8 4
78 47 2
76 30 2
2 16 2
83 0 4
149 196 3
199 18 1
39 16 4
59 77 3
75 137 3
13 124 4
127 121 3
194 39 1
52 138 3
6 191 1
94 73 4
181 140 4
139 142 3
77 16 3
55 116 2
108 33 4
27 132 3
83 101 3
181 115 2
157 109 4
96 42 3
84 55 2
143 44 1
13 141 3
50 64 4
137 57 1
75 160 4
87 20 3
107 154 3
85 191 4
36 16 3
116 182 1
171 100 2
72 18 3
99 4 1
80 16 3
115 153 4
34 195 3
140 109 4
57 36 2
72 90 1
33 23 2
8 100 2
187 102 2
130 36 4
66 118 3
162 136 4
194 181 2
57 78 3
42 152 3
4 193 1
184 56 1
121 104 1
187 57 3
4 90 3
160 186 4
174 48 4
44 15 1
61 155 2
12 184 4
82 180 4
35 147 2
3 186 4
19 94 2
155 160 3
102 12 3
149 129 3
121 156 4
4 180 2
196 199 4
97 195 2
66 191 4
162 19 2
149 104 2
58 159 2
73 57 3
63 29 4
132 73 2
114 145 3
37 72 1
153 67 3
90 130 3
92 193 3
136 31 1
116 175 2
51 162 1
190 12 2
171 20 2
121 197 3
35 98 3
107 88 3
88 9 3
72 102 2
37 77 3
90 20 2
144 33 3
4 47 2
155 158 3
84 80 3
170 2 4
73 115 3
84 14 1
85 121 3
126 147 3
133 8 1
83 8 2
15 157 3
137 89 3
73 87 3
100 102 1
74 18 4
1 169 4
131 42 4
84 9 3
162 18 4
118 47 2
136 55 2
43 47 3
120 178 1
51 96 3
149 100 1
11 198 3
20 16 2
48 146 4
24 132 2
92 98 1
4 91 2
39 61 4
132 14 4
116 45 3
121 133 3
57 111 4
30 151 2
178 134 4
177 119 4
104 27 4
75 54 3
195 193 3
189 179 1
153 107 2
102 33 2
36 164 2
164 79 3
10 67 3
115 148 3
197 49 2
121 171 2
140 74 3
27 125 4
123 90 4
197 79 2
170 9 4
111 90 4
69 46 4
35 160 3
107 14 2
71 92 2
64 80 4
91 146 4
116 16 4
161 66 1
54 124 3
81 75 2
183 156 4
187 181 1
43 57 2
70 173 1
54 21 4
128 198 4
136 65 2
148 51 4
95 101 1
154 69 4
50 150 3
11 34 2
154 118 3
53 167 3
149 131 4
167 144 2
120 63 3
181 169 4
124 106 4
95 44 4
136 40 1
133 130 1
138 193 1
194 133 1
120 181 4
13 151 3
103 183 2
140 21 3
128 151 3
189 138 2
15 78 2
115 59 1
2 157 3
29 181 3
80 171 1
171 60 2
144 163 4
70 184 2
187 133 2
71 74 1
68 115 4
182 189 3
84 128 1
191 82 2
61 198 1
144 37 3
149 24 4
188 63 3
111 49 2
175 49 3
164 55 4
49 109 1
136 2 2
99 178 2
27 94 1
125 54 3
142 45 4
191 116 4
148 42 4
73 25 3
59 78 4
32 5 1
122 36 2
33 77 1
34 167 2
189 40 3
122 99 3
158 166 1
171 188 2
53 63 3
181 31 4
26 127 2
90 174 1
176 194 4
164 190 2
88 75 1
31 38 4
131 169 2
143 70 1
70 129 4
66 93 2
98 71 3
185 25 1
94 69 1
189 51 2
67 103 3
68 73 1
38 118 3
129 152 3
35 47 3
183 41 3
182 192 3
47 106 1
131 181 1
97 77 4
64 181 2
5 106 4
114 92 2
38 163 3
165 65 4
32 27 3
175 125 1
171 152 3
190 89 2
53 108 4
168 136 1
102 65 1
102 66 4
100 197 3
65 20 2
199 126 4
100 187 1
73 44 2
11 53 2
106 7 3
37 154 4
44 97 4
118 17 3
135 70 1
96 89 3
119 139 1
152 15 3
186 53 3
145 82 4
15 95 1
92 28 4
23 62 3
132 108 4
101 164 2
53 41 1
74 146 4
129 199 2
23 182 1
184 150 4
98 97 2
111 72 1
163 57 4
25 187 2
2 22 4
184 1 2
65 107 2
195 135 2
64 92 1
0 3 1
158 74 1
12 37 3
101 133 2
74 114 1
62 86 3
152 51 1
129 21 2
18 56 2
13 161 2
164 172 1
30 41 4
171 47 4
96 137 1
74 138 4
70 26 4
7 55 1
52 146 1
62 77 1
115 61 3
67 66 3
114 179 4
140 29 1
53 92 2
154 199 3
18 119 4
119 58 1
90 107 3
17 124 2
177 62 3
149 96 2
169 70 2
99 105 2
92 41 4
72 168 4
109 72 3
80 183 3
85 166 4
62 176 3
80 195 2
32 21 4
70 192 2
15 81 3
149 118 3
98 118 1
83 59 3
148 82 4
53 138 4
35 21 4
67 195 4
26 167 1
103 12 2
73 10 1
139 171 4
32 17 2
158 109 1
182 21 3
27 78 1
157 188 4
125 81 2
77 63 4
69 44 1
65 37 3
3 59 3
187 146 3
16 178 2
177 178 4
118 88 1
20 97 2
10 62 2
60 65 3
104 83 1
179 75 4
3 74 1
160 19 4
162 108 1
19 136 4
78 151 2
68 35 1
22 104 4
164 62 2
159 32 3
46 84 4
190 73 3
108 143 4
168 58 1
136 10 1
144 83 2
54 101 1
129 102 1
187 170 1
177 6 3
118 89 4
96 123 3
4 84 1
175 124 2
118 83 1
194 164 2
194 34 2
166 157 3
130 0 3
59 119 3
11 64 4
50 81 1
123 142 4
171 63 2
104 92 1
20 2 4
180 102 1
135 166 3
69 197 3
118 72 2
84 126 1
48 99 3
165 146 4
68 13 2
185 165 2
158 143 3
84 13 2
94 53 1
122 116 2
166 141 3
70 57 4
163 195 2
166 191 2
91 127 1
36 62 4
34 38 1
14 43 1
108 38 3
94 68 1
46 40 3
79 152 1
45 100 3
18 3 1
50 77 1
82 65 1
98 108 2
170 197 3
176 87 3
154 96 4
176 103 3
141 25 1
72 198 1
25 19 1
91 120 2
151 146 1
43 184 2
155 18 2
134 180 4
77 169 4
125 173 4
128 188 3
89 33 4
33 193 1
177 17 4
72 108 4
100 93 2
129 154 2
51 99 3
92 105 3
54 106 4
36 101 1
48 155 4
142 28 2
61 66 3
60 160 3
23 39 4
121 167 1
172 95 2
86 5 4
183 71 4
115 85 3
198 78 4
0 43 3
29 19 4
191 94 4
168 161 2
95 139 1
8 177 4
170 15 1
52 190 3
199 87 2
119 87 3
25 170 4
44 139 3
25 198 2
134 191 4
167 173 1
11 157 4
147 164 2
108 144 2
172 108 4
117 101 3
41 8 3
8 38 1
168 139 4
119 163 1
101 175 3
29 102 3
5 68 4
152 109 2
118 22 2
120 183 3
112 84 4
10 72 2
177 84 4
175 22 3
97 51 2
187 63 1
141 21 2
85 139 3
189 27 4
95 99 3
173 59 1
156 150 4
197 149 4
46 141 1
30 82 2
103 149 2
37 166 3
115 62 4
77 10 4
77 132 3
156 62 2
184 96 2
122 27 4
199 91 4
12 160 1
114 31 2
38 110 3
181 46 2
137 188 4
74 155 2
159 154 4
9 142 1
66 2 2
10 103 4
92 81 1
156 0 1
52 72 3
71 51 1
45 170 4
88 4 1
83 80 1
137 172 2
70 82 1
141 180 2
147 2 2
29 112 2
10 31 4
61 11 2
160 159 2
47 181 4
159 53 2
184 143 2
85 1 3
51 45 3
199 124 4
101 93 2
177 52 2
83 65 2
34 116 1
74 189 4
155 189 1
66 62 1
66 35 2
97 85 1
158 11 3
161 45 3
1 55 4
126 107 4
20 105 3
96 13 1
97 49 4
51 181 4
44 129 3
36 178 2
190 162 2
81 121 2
61 2 2
122 55 1
118 19 4
162 95 4
149 174 2
52 102 1
38 76 1
122 53 1
170 12 3
60 157 1
52 148 2
140 67 1
192 76 4
138 60 2
157 137 3
93 98 4
40 48 1
165 152 2
53 90 3
41 164 3
28 85 1
156 85 3
57 16 1
66 184 3
7 62 2
188 103 3
160 149 2
8 27 2
55 29 1
194 166 4
170 140 1
134 151 3
105 22 3
32 117 2
111 168 3
150 69 3
62 47 1
30 56 1
110 116 3
109 135 4
135 57 3
76 158 2
127 183 4
132 64 4
187 50 2
47 95 3
176 76 3
184 78 1
21 172 2
152 14 2
43 129 3
44 153 2
194 135 1
103 100 4
64 8 1
28 160 1
166 172 2
108 110 3
86 69 2
59 157 4
189 36 1
193 162 3
90 149 2
75 166 1
141 186 1
179 195 1
188 163 1
183 16 1
58 94 4
159 31 3
28 129 1
78 196 4
72 195 3
51 76 3
132 191 1
87 80 4
164 53 4
87 4 2
106 1 1
97 135 3
56 32 2
130 111 4
179 167 1
51 143 1
141 168 1
88 176 1
70 180 2
10 178 3
193 168 1
42 174 3
17 11 1
89 91 2
177 111 1
86 65 1
5 63 1
10 9 3
170 66 2
102 40 1
49 194 4
140 10 3
161 53 4
117 138 2
26 69 4
36 146 4
160 84 3
80 90 3
20 104 1
20 162 2
4 117 1
30 127 3
58 11 4
12 161 1
79 91 1
90 184 3
33 140 3
107 64 4
136 13 4
122 168 2
70 153 4
10 127 2
145 32 4
81 71 4
34 115 1
22 168 2
5 56 3
171 28 1
88 81 3
145 109 3
195 41 4
86 135 4
15 134 3
82 36 3
178 25 1
158 69 1
76 114 1
97 126 1
181 56 1
77 165 2
76 161 3
108 8 1
53 155 2
186 136 2
4 154 1
12 122 1
31 56 1
0 113 2
188 51 1
141 177 4
116 20 1
133 16 4
139 155 4
145 52 1
71 134 1
50 148 1
16 82 3
193 105 3
26 117 1
67 12 3
174 183 3
72 47 2
23 187 4
33 30 2
157 52 1
198 7 4
38 129 2
107 48 2
116 133 1
139 182 3
32 22 4
64 99 1
54 26 4
91 196 2
184 85 2
171 183 4
77 162 3
65 22 2
87 60 1
28 173 3
112 48 4
30 121 4
36 71 2
63 136 4
171 141 2
70 182 4
180 106 1
159 94 3
105 53 2
115 133 2
115 46 1
113 15 1
9 159 4
108 52 1
147 173 4
13 40 3
37 49 3
131 112 4
30 96 2
78 110 2
126 193 1
39 168 1
129 103 4
46 127 4
116 151 4
1 101 2
192 193 4
108 195 1
183 89 1
177 38 4
1 172 2
114 177 2
49 45 4
92 152 4
115 194 3
134 3 2
21 85 2
132 125 4
166 45 4
137 138 2
175 52 4
133 83 2
48 128 1
123 43 2
118 60 1
12 13 3
86 130 4
83 99 4
35 60 2
53 194 3
35 124 2
175 108 1
97 190 4
153 55 4
8 126 2
70 59 3
34 119 4
72 114 2
55 195 3
142 180 2
199 109 3
149 59 4
179 12 4
140 77 3
27 126 1
28 170 2
23 80 2
178 113 2
104 39 4
127 75 1
148 32 2
118 96 1
101 56 2
117 156 1
3 168 3
114 158 2
163 60 3
16 71 1
176 155 1
154 7 3
126 90 3
163 110 1
72 183 4
16 148 4
88 173 2
114 175 1
9 48 4
27 37 4
49 118 4
66 106 2
127 90 4
6 103 4
172 64 3
65 87 2
119 75 2
16 163 2
28 111 2
82 165 1
75 143 2
13 64 2
149 144 4
10 59 2
55 154 4
186 48 2
72 189 2
39 166 3
178 108 1
159 79 2
42 19 2
66 112 1
112 99 1
182 136 4
50 132 1
8 117 2
6 172 2
37 39 1
125 192 1
70 74 1
187 163 4
43 39 3
84 85 1
130 15 4
108 164 2
26 185 4
146 197 2
77 127 1
169 122 1
176 193 4
178 173 4
53 128 2
23 124 1
177 23 1
48 167 4
154 12 2
168 166 2
110 66 1
189 84 2
23 97 3
36 158 3
151 1 4
197 148 2
120 147 3
173 175 4
34 176 2
192 65 3
170 44 1
71 43 1
22 128 4
39 85 3
129 176 2
175 54 1
150 194 2
53 7 2
135 151 2
119 182 2
196 165 3
79 52 4
14 92 1
122 65 2
134 12 3
0 61 2
166 91 2
47 20 3
74 127 1
51 160 4
157 77 4
189 107 4
90 60 2
0 170 4
120 77 2
48 42 3
52 5 4
153 101 1
121 169 4
199 99 4
168 43 1
62 98 4
55 155 2
60 32 2
140 92 1
186 22 2
154 188 4
108 86 3
35 193 1
12 41 1
180 101 2
92 120 2
17 87 2
100 26 1
60 184 2
176 185 1
110 115 4
96 188 1
59 26 1
168 98 1
4 83 2
146 196 4
1 7 3
157 7 3
176 36 2
85 188 4
155 119 2
40 17 1
124 1 4
69 55 1
36 113 4
60 11 1
92 93 4
193 16 2
110 84 4
140 25 3
164 127 1
89 55 4
4 20 1
67 8 3
157 196 4
59 65 2
8 106 1
58 116 2
179 96 3
22 137 4
12 71 2
110 141 3
182 91 1
24 134 4
43 141 3
132 5 3
185 193 4
60 41 2
112 181 4
151 82 4
100 80 4
182 157 3
182 168 1
97 78 2
100 113 1
114 146 4
116 40 1
179 192 2
158 98 2
124 65 3
75 60 1
165 85 3
93 79 3
138 99 3
45 68 2
77 48 1
52 94 1
105 149 4
132 115 2
169 0 2
163 139 3
108 133 3
68 27 4
163 1 1
8 50 2
102 53 1
198 67 2
169 82 4
160 150 1
88 197 4
54 57 3
79 46 1
9 93 4
128 143 1
8 34 3
194 171 1
39 197 3
35 91 1
134 136 3
37 96 2
195 92 2
179 81 1
16 68 3
102 69 1
181 58 2
23 77 3
125 48 4
74 47 4
93 74 4
114 32 3
27 69 1
130 136 3
194 51 2
162 122 1
8 19 2
143 180 3
69 60 1
136 45 3
130 87 1
77 119 1
134 108 3
78 85 2
51 30 2
79 194 2
153 163 3
95 23 3
79 161 3
141 17 4
101 100 1
95 176 2
177 14 1
192 15 4
20 53 1
181 11 3
163 0 2
140 118 1
48 28 2
189 116 3
42 33 4
176 156 4
181 28 4
129 119 2
162 194 1
112 165 4
141 175 1
56 81 2
93 55 2
17 93 3
156 155 3
171 78 4
190 33 1
184 97 3
106 108 1
6 88 4
135 56 4
159 19 3
127 84 1
26 194 3
178 31 1
158 0 3
183 162 3
160 41 4
199 131 2
51 42 1
112 82 4
147 36 2
150 189 1
40 99 1
121 164 2
34 33 1
163 55 2
166 152 2
67 141 3
97 157 1
72 38 1
35 39 3
58 10 3
13 50 3
97 8 3
50 38 1
36 108 2
147 163 4
171 65 4
181 132 3
147 118 1
7 130 3
30 143 2
28 93 4
71 150 1
44 65 1
33 126 1
82 88 2
152 48 1
6 195 1
159 183 1
155 66 4
49 130 3
100 164 3
80 82 3
193 166 1
57 161 2
86 1 4
83 147 2
57 21 4
65 92 4
179 90 2
124 196 1
6 146 4
7 159 1
3 14 4
93 146 3
0 176 3
97 107 3
28 146 3
11 135 1
64 54 4
35 189 2
58 141 3
71 84 1
45 25 4
161 25 2
32 151 3
1 107 4
180 171 4
180 187 4
172 154 3
1 3 2
20 106 4
61 82 4
129 121 3
111 158 3
51 135 3
31 164 2
199 130 2
1 179 2
62 0 3
78 1 2
86 168 2
100 23 1
175 157 4
23 12 2
107 29 2
100 191 2
62 74 2
68 87 1
14 55 1
2 26 1
7 113 4
0 123 2
88 199 4
77 80 3
90 25 1
16 101 1
136 3 3
127 191 4
94 146 2
89 61 2
156 30 3
16 186 3
92 79 4
111 84 4
184 8 4
28 47 3
148 90 1
94 76 4
55 8 2
40 181 3
72 95 3
73 107 2
79 100 2
125 188 1
68 98 1
161 174 3
104 118 4
87 2 4
165 31 2
54 191 2
83 173 3
14 88 3
93 11 4
177 150 3
77 141 1
102 82 3
45 112 4
149 127 2
166 184 1
32 194 4
175 79 1
179 145 2
179 14 4
189 68 2
186 71 4
188 186 3
38 7 2
194 64 3
9 82 1
60 78 4
58 96 3
32 103 2
198 28 2
76 72 3
199 31 2
147 15 3
24 138 3
42 10 4
123 56 2
162 90 3
142 47 2
91 1 4
17 16 1
14 95 4
55 33 1
104 71 3
47 31 3
195 156 1
52 86 1
104 194 4
34 46 1
155 13 1
3 163 3
161 35 1
190 49 1
20 144 1
156 179 2
21 155 3
52 122 2
175 100 1
181 24 1
11 37 3
91 164 2
78 49 2
183 138 1
120 126 3
18 99 3
108 1 3
87 171 1
85 196 3
81 193 3
170 22 2
183 122 1
51 103 4
74 97 4
163 115 3
79 28 2
60 38 1
39 163 2
120 95 3
182 41 1
161 30 3
116 195 2
91 156 3
68 169 2
148 172 1
167 2 3
141 38 4
61 125 4
88 145 1
15 148 3
113 93 1
66 142 4
120 8 3
67 191 2
164 175 3
2 7 3
12 78 1
125 189 2
42 90 2
106 67 4
184 71 3
93 73 3
149 44 2
125 85 2
169 91 2
113 117 2
180 92 3
166 199 2
98 84 2
50 160 3
24 13 1
159 147 4
64 58 3
69 168 3
136 124 1
31 63 1
62 194 4
190 80 2
45 144 4
115 35 4
57 189 4
150 35 2
74 136 3
12 107 2
118 135 1
93 1 1
105 98 3
132 22 3
174 17 4
7 124 2
35 114 2
3 38 3
154 34 1
190 191 1
119 174 4
58 36 2
38 103 3
29 54 2
60 107 1
23 17 4
183 126 2
17 126 4
36 181 1
194 153 2
32 1 2
132 127 1
152 195 4
199 184 2
3 61 1
108 168 3
117 15 1
0 15 4
53 179 1
59 106 3
89 84 4
154 198 3
145 180 4
159 57 3
133 7 2
73 91 4
160 62 3
69 57 3
123 141 2
72 73 4
10 30 4
55 139 2
34 131 3
27 166 2
33 119 3
40 25 2
67 97 2
74 1 2
176 127 2
195 59 1
82 12 3
149 68 3
90 178 4
139 4 3
19 40 1
93 71 2
187 128 3
132 56 3
21 142 2
49 129 4
9 80 2
154 20 3
53 99 3
131 140 2
141 187 2
134 132 3
31 141 2
179 131 3
36 157 3
170 150 1
91 57 2
143 160 4
53 35 2
141 72 4
76 177 4
73 74 1
7 142 3
143 133 4
5 116 3
2 29 2
67 102 4
175 131 2
2 14 4
11 117 1
41 79 3
181 60 4
103 77 2
199 52 2
78 2 3
116 187 3
24 10 4
169 8 4
170 39 4
99 62 1
39 182 3
42 44 4
138 80 4
138 8 2
145 192 4
25 118 2
119 41 2
134 186 2
179 197 1
49 143 4
79 136 3
198 158 1
189 82 1
67 82 2
188 70 1
50 84 4
143 125 1
191 69 2
64 26 4
170 16 4
187 70 3
110 135 1
69 138 4
98 145 4
178 65 4
12 172 1
80 94 1
2 82 4
142 143 2
195 103 4
87 54 1
31 127 3
195 95 3
199 46 4
185 14 4
150 129 2
19 100 2
128 180 1
71 47 3
7 36 2
78 156 3
151 185 2
171 161 4
167 103 1
37 122 4
47 134 3
178 59 4
150 76 2
115 187 2
12 144 2
50 90 2
6 137 2
45 27 1
197 20 2
66 53 4
57 183 1
139 144 1
98 123 2
74 46 1
130 106 1
162 75 4
121 126 2
142 114 4
38 166 1
57 109 4
144 14 2
106 170 1
22 95 4
97 66 3
6 48 2
82 176 3
183 45 3
64 101 1
90 170 3
10 61 2
61 83 3
74 50 1
178 50 3
7 72 3
57 17 1
18 138 4
48 62 2
109 195 3
67 190 3
188 164 1
103 104 1
69 133 4
180 27 2
67 147 2
170 29 2
22 49 3
100 89 2
148 130 4
27 34 1
76 92 4
22 39 3
132 135 3
54 90 3
0 126 4
108 49 3
76 54 3
16 154 4
30 191 2
25 91 4
58 153 4
74 144 2
111 184 4
12 52 3
13 42 1
117 10 4
180 45 1
22 59 2
26 149 2
111 115 4
71 59 4
197 174 1
77 173 2
141 11 2
93 31 1
199 195 2
176 71 2
64 170 4
131 63 3
70 186 4
24 154 3
10 125 3
9 1 3
51 124 1
83 76 3
165 83 3
29 40 1
105 54 4
183 155 1
23 89 3
97 11 4
9 171 3
115 185 4
59 52 4
162 101 3
105 189 4
116 111 2
134 147 1
15 179 1
86 190 4
87 53 4
18 22 3
123 121 3
178 101 2
149 55 3
53 197 3
113 29 1
29 87 2
2 116 2
120 94 4
11 173 3
151 68 4
132 8 1
27 84 4
182 190 4
5 46 4
168 57 3
50 23 3
130 188 2
70 147 4
82 154 3
122 108 2
54 7 3
13 95 3
9 128 1
136 80 1
96 9 3
155 51 1
24 39 2
24 104 3
6 10 4
170 155 4
192 25 1
16 59 1
61 157 3
133 6 1
48 53 4
130 77 4
84 193 4
117 135 2
175 185 4
185 180 4
10 50 4
120 133 4
28 187 2
187 143 3
151 153 3
143 8 3
74 124 3
70 157 1
74 130 3
85 161 3
111 27 1
159 67 1
150 112 3
137 132 3
124 158 3
69 28 2
75 18 3
185 39 1
107 6 2
114 7 1
166 70 4
58 88 4
139 101 3
197 183 4
120 199 3
183 160 4
130 17 4
187 75 2
170 61 1
117 170 2
170 175 1
184 33 2
5 4 3
28 12 2
83 189 3
153 7 4
30 194 4
86 95 4
198 86 1
85 98 1
188 174 4
166 57 1
145 156 4
10 37 1
82 133 2
72 173 1
16 100 3
88 66 1
171 53 2
121 44 2
160 192 1
9 189 4
4 44 1
45 11 2
56 111 1
100 173 1
18 135 3
113 199 1
9 28 3
113 164 1
186 63 4
180 150 2
140 101 4
149 140 1
193 177 4
66 127 4
139 59 1
49 128 3
156 7 2
83 30 4
131 173 2
187 99 3
174 178 3
39 5 1
159 117 1
79 54 2
97 163 4
31 103 3
80 162 3
191 175 1
135 146 4
77 1 4
11 115 3
120 110 2
17 100 3
130 155 1
123 130 4
178 69 1
77 60 3
11 133 1
42 185 3
146 3 2
119 100 1
13 131 2
177 184 1
5 37 1
53 97 2
141 127 2
20 137 4
139 13 1
124 143 3
1 37 1
55 53 1
197 78 3
144 43 1
59 38 2
90 114 2
197 136 2
193 174 4
142 163 2
74 49 3
6 104 2
76 165 3
123 146 2
111 160 4
21 67 4
116 146 4
107 91 4
14 106 1
118 155 3
9 141 4
58 107 4
135 173 3
125 172 3
7 132 1
15 80 2
31 184 2
149 48 1
132 175 1
192 33 1
154 179 3
138 104 4
132 176 2
152 65 4
56 48 1
97 138 1
25 65 4
77 78 3
61 124 2
147 17 2
124 46 2
68 162 1
171 126 3
59 148 2
16 74 1
29 65 2
55 77 3
154 61 3
143 65 3
8 128 3
78 120 4
173 152 3
47 152 1
17 71 3
47 110 4
67 121 4
73 30 3
113 12 3
6 120 3
116 190 2
103 14 1
28 45 1
44 83 1
109 80 3
188 27 2
134 86 3
81 59 3
17 24 3
34 104 2
148 99 3
81 148 4
79 107 1
68 34 1
29 36 4
147 84 2
116 173 4
179 42 2
24 54 2
41 42 2
135 167 1
121 92 3
7 122 1
67 111 3
129 40 1
55 41 4
95 190 3
45 182 1
169 12 4
62 73 3
104 50 1
173 155 3
56 196 2
194 136 3
127 57 3
80 116 2
71 32 2
103 27 1
157 192 3
133 12 3
25 79 4
84 7 2
178 52 1
120 145 1
159 125 4
142 190 4
81 11 2
18 21 2
74 168 3
122 23 1
9 68 1
8 2 1
144 8 3
89 36 4
7 12 3
60 112 3
127 13 2
37 60 3
149 4 3
150 48 4
10 185 3
83 140 3
197 188 1
62 193 1
133 110 1
70 50 1
75 82 2
95 20 4
197 31 2
61 169 2
106 0 3
42 100 3
170 133 2
155 126 4
126 11 2
67 65 4
64 82 4
86 114 2
113 185 3
15 83 1
88 184 2
124 2 1
110 152 3
28 22 4
139 24 4
48 179 1
179 77 2
114 143 4
16 75 2
120 128 4
184 93 2
83 143 1
90 182 3
27 52 4
160 31 1
0 197 2
69 12 2
64 191 3
144 50 3
35 67 2
169 153 2
88 185 3
16 152 2
110 76 3
190 58 4
60 141 3
76 99 4
57 59 1
27 161 2
32 158 1
59 43 1
14 117 1
46 19 1
98 175 4
165 134 1
125 138 3
104 17 3
112 21 3
128 112 2
194 148 4
96 26 2
150 79 4
78 18 2
192 184 4
180 97 1
148 114 4
6 60 3
42 121 3
21 118 1
87 14 1
65 79 1
123 156 2
130 13 4
87 66 1
173 185 2
194 67 3
110 73 2
78 163 3
157 126 3
70 56 2
134 157 1
84 68 3
153 6 2
75 97 2
25 3 1
179 149 1
5 79 2
184 51 1
75 101 2
159 68 2
162 98 2
115 103 4
63 49 2
123 60 1
173 82 4
199 27 4
174 166 2
145 118 1
85 81 4
58 155 4
9 101 4
130 164 1
66 148 2
164 109 2
180 62 4
132 58 1
117 128 1
21 10 4
100 199 2
24 170 3
125 154 4
127 150 2
148 98 3
180 152 4
74 28 3
39 76 1
90 175 1
151 161 3
68 199 4
67 105 2
96 48 4
152 141 3
102 183 3
61 32 2
5 25 1
31 25 3
107 118 2
74 147 4
104 91 2
179 69 3
139 120 3
129 156 4
177 167 2
194 54 3
83 125 2
115 66 2
120 80 4
16 51 2
30 198 4
49 47 4
5 77 4
112 187 2
172 152 1
111 174 3
159 35 3
118 162 2
102 94 3
167 183 2
74 29 2
96 116 2
59 86 2
188 99 2
186 97 2
76 152 1
76 136 3
6 66 4
25 84 1
159 109 4
133 125 4
28 163 3
25 27 1
56 37 4
35 77 2
98 196 3
48 163 1
165 114 3
140 14 1
30 23 4
97 144 2
72 70 2
126 96 1
87 156 1
198 196 1
111 38 1
60 131 3
73 182 3
57 122 3
195 86 4
53 121 4
10 12 3
23 1 1
15 98 3
194 60 3
116 60 2
166 20 3
141 41 3
161 103 2
19 74 4
120 19 2
123 84 3
33 133 4
10 90 2
144 117 2
97 22 1
29 49 4
116 66 2
146 20 1
70 98 2
22 193 1
83 28 2
25 151 2
74 150 3
23 87 2
117 162 1
89 99 1
23 171 1
4 36 2
19 52 2
15 135 3
13 28 4
22 129 3
15 39 1
87 92 1
15 62 4
113 133 2
4 112 2
165 81 3
109 101 4
24 184 3
147 124 2
56 133 4
178 88 2
167 153 4
163 47 2
112 121 1
101 144 1
66 70 1
55 108 3
49 167 1
12 109 3
85 82 2
48 145 3
76 34 4
3 115 3
55 10 3
150 196 4
71 54 2
22 23 3
11 142 2
30 110 3
198 19 3
136 180 3
144 198 2
160 38 4
157 79 1
72 4 4
10 176 2
101 188 2
130 160 1
20 164 1
9 25 2
38 125 1
138 46 1
140 50 4
166 28 2
91 181 3
172 103 3
124 191 1
3 147 2
15 25 1
82 31 1
184 190 4
33 36 2
0 131 1
184 59 4
14 45 4
1 152 2
163 79 2
68 126 3
48 106 1
40 196 4
89 141 4
101 128 4
74 82 1
85 41 4
74 43 2
97 177 3
199 197 3
5 22 3
6 194 4
157 24 1
50 1 3
147 162 4
156 141 2
113 78 3
192 19 2
3 107 3
170 52 2
157 103 4
55 160 3
132 20 1
56 158 3
28 32 1
7 140 2
73 58 2
69 198 3
182 153 3
114 42 2
78 88 3
63 111 4
16 174 1
126 187 3
187 144 2
117 75 1
118 146 1
113 180 4
99 66 3
69 18 4
181 72 2
103 124 1
58 194 2
159 115 2
33 157 3
81 180 3
133 27 3
57 160 1
144 173 2
174 133 1
196 109 4
169 113 2
146 136 2
108 0 3
166 188 4
12 54 2
2 144 4
159 135 2
53 14 4
81 67 3
186 168 2
89 168 2
36 2 2
76 193 3
106 107 1
188 94 4
7 192 3
28 101 4
54 62 1
94 85 4
72 99 4
53 67 2
7 197 1
126 173 1
193 171 1
45 60 4
111 187 4
121 96 3
42 32 4
64 73 2
15 74 4
81 146 4
197 81 1
157 189 3
195 134 1
111 133 3
172 14 4
118 100 4
106 133 3
63 39 2
63 50 3
99 124 3
186 51 4
153 189 2
127 181 4
166 122 2
44 111 3
168 4 1
191 14 4
184 99 4
105 160 1
95 177 2
175 7 1
141 117 1
172 153 2
77 22 1
76 118 3
17 120 2
134 40 4
141 2 4
64 157 2
112 177 1
153 121 2
120 93 3
83 139 3
43 100 1
44 136 3
79 132 3
28 103 1
68 33 4
63 160 2
81 185 1
64 100 2
129 162 3
119 92 4
47 17 4
11 150 4
173 180 2
192 147 3
8 183 4
174 99 4
99 42 1
103 131 1
165 12 4
40 131 3
152 55 2
97 48 2
144 182 3
147 28 3
94 11 1
46 117 2
134 103 4
87 168 4
91 112 3
153 45 2
3 32 1
110 185 3
129 95 2
29 173 2
124 167 3
113 177 4
60 28 2
68 133 2
26 104 1
139 91 4
117 160 4
58 3 1
120 158 2
158 9 1
38 77 2
103 147 2
63 154 3
40 14 3
191 79 2
129 194 1
115 146 3
23 19 1
89 64 4
106 179 2
63 103 1
20 196 2
1 193 3
192 155 1
177 179 2
15 56 2
48 65 2
198 66 4
35 169 4
94 107 1
164 138 4
3 64 2
193 24 4
23 169 4
145 83 4
39 77 2
56 179 3
43 190 3
101 152 1
139 3 4
149 119 2
0 69 4
1 88 2
157 92 1
25 119 2
7 123 4
30 68 3
60 13 2
21 168 2
107 93 2
4 94 3
166 59 2
59 5 4
124 94 1
49 164 1
189 94 4
94 10 2
158 28 2
33 154 1
147 66 4
81 104 2
45 34 3
119 42 3
77 76 4
59 161 4
2 191 1
106 15 1
124 160 3
131 197 2
170 105 3
194 68 3
105 134 3
47 86 2
33 91 3
170 71 3
36 177 3
131 134 1
90 153 2
196 181 3
174 135 4
105 117 3
75 90 1
70 80 2
123 174 2
8 86 2
84 44 4
79 184 3
44 186 4
70 165 3
68 7 1
157 153 4
198 79 2
166 0 1
128 19 4
142 103 4
93 149 3
47 191 1
166 9 1
18 123 4
55 190 4
98 18 2
54 113 3
138 124 3
111 39 1
47 10 3
175 168 3
195 128 3
75 26 3
33 128 1
44 57 4
195 159 2
14 82 3
180 192 4
137 99 2
145 26 2
149 124 1
88 23 1
115 186 3
42 140 4
59 183 3
4 132 4
15 19 1
18 180 2
55 3 4
9 77 4
162 7 3
78 23 4
41 33 3
28 157 4
173 158 1
21 93 1
144 178 3
102 106 2
90 24 4
40 67 4
52 70 1
69 186 2
186 133 2
124 194 1
195 14 2
25 11 4
109 17 3
119 167 4
69 166 4
136 23 4
125 163 1
35 29 4
19 9 1
185 108 4
90 57 4
189 12 1
63 182 4
184 198 4
104 37 1
123 149 1
11 85 3
177 151 1
117 63 4
130 197 2
0 66 1
54 153 3
144 102 1
32 199 3
153 0 2
119 4 3
81 52 3
52 106 4
11 197 4
72 153 2
58 72 2
77 86 4
82 144 4
91 11 3
80 25 1
11 153 4
11 18 4
20 125 1
140 87 1
26 180 1
141 12 3
23 46 2
75 147 4
5 92 1
18 26 3
76 56 2
3 101 1
48 185 2
34 86 4
112 72 2
134 9 2
51 59 3
166 169 1
4 95 3
65 84 4
98 34 4
107 19 3
119 85 4
175 21 1
70 107 2
128 131 4
167 133 1
117 85 4
9 0 4
120 154 1
115 44 4
97 179 4
166 18 3
74 94 2
73 95 1
148 35 2
114 89 4
71 152 2
123 101 4
153 79 4
11 130 1
172 190 1
190 96 4
22 107 1
173 54 2
160 90 2
168 16 2
192 61 2
71 182 3
23 29 2
63 10 4
66 125 1
148 138 1
140 71 3
185 156 4
191 199 3
59 85 2
55 110 1
80 92 4
133 124 4
132 126 3
168 142 2
132 129 4
0 180 2
169 127 4
86 71 2
73 125 3
190 91 3
16 155 4
3 169 3
187 154 1
72 187 2
72 6 1
101 148 3
54 16 2
48 119 2
74 174 3
166 60 2
160 10 1
110 171 4
140 65 3
83 137 1
158 130 1
53 172 2
24 117 4
100 60 4
25 167 3
167 68 3
15 154 3
155 35 4
39 60 4
61 19 2
167 185 1
152 70 4
16 52 4
81 39 1
75 161 3
116 44 2
36 43 3
166 64 3
35 15 1
190 124 4
20 185 1
160 79 1
133 87 1
7 194 3
51 31 1
25 12 3
75 34 4
117 107 1
92 60 1
196 9 4
193 38 3
112 178 1
191 130 1
169 173 1
11 169 1
148 31 3
140 177 2
149 162 3
98 27 3
123 122 2
123 72 4
188 192 1
188 141 2
126 159 1
27 9 1
140 62 3
56 65 1
182 183 1
55 167 2
141 111 4
79 183 1
87 115 4
109 34 2
148 57 2
60 169 2
42 159 2
123 113 1
198 176 4
166 118 4
56 193 4
182 61 4
83 25 1
162 198 1
111 13 2
19 97 3
112 184 2
95 82 4
100 155 2
191 157 1
198 64 4
28 108 4
5 34 1
159 69 1
85 90 3
158 125 3
10 81 2
64 119 1
15 86 1
107 82 3
52 50 1
25 6 4
106 46 4
156 36 4
119 79 3
80 108 2
185 15 2
18 54 3
129 35 2
81 167 3
177 138 4
56 116 2
41 100 3
108 147 4
89 45 3
72 167 4
10 56 3
125 162 3
98 119 2
175 186 4
178 33 4
16 199 4
143 53 3
92 164 2
169 155 1
151 24 2
18 164 4
151 126 3
121 35 3
140 171 3
69 124 1
136 121 4
95 154 1
74 33 4
48 75 1
197 40 3
14 48 1
194 28 4
87 41 2
183 75 2
34 73 3
99 133 2
187 191 2
160 174 2
149 136 1
162 89 1
159 61 2
80 144 1
7 25 4
33 29 2
65 73 4
55 25 1
18 122 2
55 13 4
39 189 1
38 119 2
24 69 4
98 32 4
54 33 3
45 18 4
31 157 1
18 15 4
164 30 4
45 8 2
128 167 3
16 119 1
31 132 3
183 115 4
149 189 1
150 65 4
18 160 1
102 20 1
166 32 4
190 99 4
108 71 3
46 7 2
106 171 1
80 166 3
8 197 1
92 139 2
30 176 4
6 124 3
29 190 4
23 120 2
178 138 3
119 8 2
92 107 1
141 170 4
122 107 4
86 140 3
196 186 2
102 39 4
143 66 1
21 179 2
98 147 2
196 113 2
148 161 3
191 19 4
77 187 4
163 4 2
65 142 1
49 9 1
176 35 4
13 190 3
6 84 1
155 154 1
125 181 1
173 26 4
176 55 2
95 111 1
187 37 3
187 193 2
88 116 3
48 168 3
60 158 4
14 10 4
197 33 4
18 30 3
188 187 3
54 134 2
194 174 4
124 66 1
194 66 2
93 197 2
143 29 2
126 195 2
15 172 3
176 105 4
88 3 1
5 139 3
109 162 3
115 26 4
125 118 2
27 100 4
21 46 4
95 21 1
138 94 3
23 151 1
28 192 3
156 130 4
79 195 4
181 150 1
6 132 4
67 166 2
74 193 2
158 33 1
24 121 2
66 172 3
157 146 3
93 56 3
92 184 3
101 66 2
158 87 2
176 136 4
183 112 4
190 140 3
59 146 1
55 11 2
158 126 2
31 111 4
171 69 1
16 93 4
93 115 2
167 44 1
137 148 3
71 133 1
23 198 4
9 123 1
22 157 1
142 179 3
141 76 2
107 172 4
180 139 1
196 38 2
96 59 4
70 54 1
121 61 2
153 83 2
67 182 3
187 178 1
142 152 2
190 117 3
182 186 1
142 101 1
17 3 4
59 192 1
122 190 4
75 188 4
164 19 3
126 177 3
102 95 3
50 72 1
120 153 4
87 56 2
153 64 4
68 138 4
147 140 1
199 1 4
40 118 1
147 92 2
184 87 3
138 35 3
155 108 3
116 33 2
9 180 4
107 120 2
20 10 2
161 3 1
37 136 1
139 10 1
22 176 3
169 154 4
114 133 3
153 142 1
175 46 3
151 122 4
144 93 4
16 137 1
121 23 2
99 131 1
106 140 3
176 17 2
66 31 4
103 109 4
112 28 2
124 22 4
82 139 4
10 134 1
66 190 2
38 57 3
176 70 2
117 153 2
58 85 4
33 112 1
193 61 4
14 176 4
178 195 3
125 84 3
73 130 2
56 82 4
120 169 4
56 104 4
79 118 1
31 67 4
105 12 1
15 42 4
137 91 1
99 115 2
93 53 2
185 78 3
191 186 1
28 193 2
174 25 3
177 55 2
28 23 2
190 23 4
137 151 4
59 61 1
173 114 4
70 164 2
97 35 3
113 5 3
92 56 1
111 123 1
120 60 3
4 18 1
59 100 4
151 130 2
87 172 1
114 6 1
98 180 1
105 29 3
87 67 1
163 160 3
86 125 3
82 83 4
140 173 1
110 60 1
78 48 2
187 107 3
98 165 4
199 175 1
197 6 4
119 3 2
87 0 3
145 7 1
121 155 3
183 146 4
41 45 2
72 83 4
162 126 1
163 24 1
178 81 1
123 165 4
130 161 2
3 33 1
80 173 1
72 46 3
90 6 2
75 2 3
93 12 4
171 5 2
36 140 2
35 57 4
46 143 3
109 71 2
160 80 2
50 29 4
63 169 1
60 151 2
105 18 4
198 100 2
132 95 1
116 157 4
30 196 4
71 168 1
128 83 1
141 130 2
121 193 4
19 176 4
11 6 3
60 64 2
102 120 4
47 48 3
100 151 2
70 65 3
3 11 1
53 17 4
188 46 3
18 168 2
3 166 2
78 6 2
175 61 2
139 133 3
85 34 3
44 185 4
180 68 4
94 63 3
83 53 4
70 30 2
101 84 2
186 106 3
29 184 2
48 103 2
102 9 1
60 2 1
130 122 3
71 27 2
46 16 4
187 42 4
163 81 3
90 96 1
99 120 4
48 115 2
70 78 2
16 176 1
187 105 3
91 51 3
170 96 3
145 91 2
145 123 1
150 105 2
8 51 2
139 185 4
135 143 4
21 60 4
177 57 3
12 114 4
17 179 1
112 174 4
183 172 4
149 51 4
93 77 4
197 109 3
25 136 2
23 114 2
122 110 4
133 64 2
113 60 2
44 56 4
76 84 2
1 49 3
173 18 2
148 191 3
75 193 3
101 166 3
189 165 3
135 139 2
38 127 2
35 8 1
108 11 2
87 126 4
85 198 1
15 23 1
40 28 4
70 171 4
118 20 4
99 116 3
37 32 1
22 67 3
111 155 2
183 111 2
35 6 1
147 43 2
51 177 1
18 41 4
38 106 3
134 55 4
82 179 4
165 183 3
78 165 1
126 69 4
18 6 4
160 26 2
83 176 1
76 42 1
48 88 1
47 33 2
109 35 1
192 30 3
127 148 4
178 158 1
111 22 3
68 29 1
88 139 3
140 180 4
71 11 2
84 34 2
88 120 4
54 61 1
57 186 4
48 72 2
91 41 2
167 19 1
87 37 1
71 177 2
161 118 1
14 183 2
134 44 2
71 151 2
120 33 3
95 52 3
77 150 4
172 82 4
158 161 4
197 115 2
194 38 2
31 72 1
164 122 3
114 103 2
1 39 3
125 71 3
52 64 1
13 78 4
74 172 2
3 180 3
47 34 4
21 90 4
120 163 2
32 101 1
31 191 2
58 111 4
111 159 2
139 162 4
0 22 2
98 136 4
135 75 1
180 64 4
111 48 2
165 184 4
77 197 4
104 102 2
48 60 3
99 169 2
27 62 1
20 8 1
62 76 2
105 199 2
146 42 1
173 159 1
9 40 3
54 118 4
169 138 4
154 101 3
100 13 2
52 75 3
143 11 2
13 22 4
187 34 1
91 108 3
160 193 3
147 46 3
168 49 1
14 52 4
105 174 1
13 123 2
63 43 2
91 39 4
192 138 2
165 111 4
24 110 1
73 15 2
123 195 2
40 20 1
157 80 1
30 166 3
29 44 3
127 137 4
19 116 4
112 23 3
31 17 4
164 27 2
169 123 3
106 139 1
149 32 3
66 114 2
79 70 1
79 74 4
113 102 4
187 135 4
0 109 1
154 35 2
158 21 1
18 140 4
61 95 1
166 182 1
156 107 3
145 142 3
199 95 4
153 171 2
48 32 4
63 157 2
190 126 2
46 57 2
191 146 1
38 71 1
151 148 4
129 116 3
139 159 4
184 106 2
19 127 2
111 18 2
187 160 1
153 108 1
117 35 4
38 80 3
9 150 2
75 155 3
129 158 3
18 48 1
78 128 3
55 71 2
63 7 2
60 46 3
61 148 4
167 164 3
91 154 2
0 144 3
82 113 3
139 56 4
157 72 4
96 88 1
81 169 4
185 161 4
104 8 2
96 171 3
197 17 2
149 6 3
199 180 4
100 153 2
183 43 4
42 194 3
5 124 1
150 0 3
58 105 3
105 136 2
188 112 1
144 194 3
25 150 2
38 178 2
135 82 4
40 59 2
104 122 2
104 18 4
97 59 4
94 0 2
104 123 4
108 75 2
166 29 4
45 130 1
135 84 4
163 112 1
134 6 1
137 134 1
6 162 1
103 96 4
33 53 3
28 87 1
51 107 4
15 9 4
138 163 2
40 111 3
15 66 4
86 172 3
11 84 2
20 50 3
12 76 2
176 9 4
160 48 1
74 77 4
165 142 3
169 144 4
31 177 4
99 85 3
29 104 3
127 118 3
175 128 1
169 194 1
143 18 1
14 89 2
117 120 3
195 69 1
186 180 2
188 180 1
177 99 3
133 103 1
89 139 3
82 143 2
143 122 3
171 12 3
50 138 2
23 116 2
168 132 2
199 8 4
108 70 2
4 30 1
52 42 4
71 53 3
75 28 4
142 146 2
50 127 1
101 45 1
86 189 1
71 166 3
155 104 1
155 127 1
22 90 2
177 143 2
158 107 4
36 1 3
16 66 1
172 131 3
125 2 2
118 77 2
27 110 3
18 87 3
178 56 4
104 11 2
149 7 2
178 87 3
74 104 1
80 13 1
60 150 3
22 91 2
85 120 2
159 161 3
179 134 3
93 75 4
120 121 4
84 138 3
27 82 2
192 16 4
103 86 3
124 75 1
180 133 4
68 165 4
167 114 4
114 140 1
34 67 2
147 180 4
40 145 4
58 2 3
70 35 4
66 8 2
78 141 4
1 66 3
150 18 2
62 92 3
153 14 4
183 85 1
166 109 3
128 45 4
126 169 1
192 165 1
36 8 1
30 12 4
126 129 4
103 85 4
10 183 3
73 177 1
188 50 2
89 69 4
191 3 1
144 15 3
132 138 3
74 185 1
114 34 4
196 193 4
56 166 3
76 73 1
40 140 4
177 82 3
131 54 2
117 23 1
95 92 1
194 56 4
184 21 4
130 169 4
85 193 3
141 198 4
138 143 4
52 105 1
49 125 2
176 96 2
176 124 2
13 52 2
166 106 3
58 125 2
119 160 2
78 177 2
188 53 1
118 191 4
139 126 4
68 47 3
41 37 3
91 122 4
187 92 2
132 148 1
176 114 3
157 115 1
28 106 3
105 153 2
181 102 1
46 8 4
145 81 2
67 170 3
140 115 1
165 193 2
67 124 4
161 197 2
10 179 1
57 27 3
89 37 4
0 115 4
162 167 2
101 40 1
82 188 3
5 157 2
145 165 2
43 121 3
179 163 4
105 10 3
115 143 3
64 138 2
46 187 3
49 54 4
64 5 3
41 134 3
173 53 4
141 69 4
79 73 4
66 183 2
122 134 3
157 124 1
171 157 3
55 50 3
195 87 1
100 158 2
14 118 3
37 161 2
13 133 1
104 141 4
176 97 2
33 175 1
18 58 3
25 51 3
126 9 4
151 140 1
103 91 2
5 135 3
21 94 2
3 43 4
51 136 2
85 172 3
50 33 4
186 140 4
13 15 4
173 104 2
166 150 3
75 120 2
30 40 4
132 102 3
62 83 1
138 58 2
115 130 3
7 164 4
99 102 3
180 144 1
0 97 1
8 168 3
188 181 4
44 40 1
6 15 2
125 99 3
186 195 3
142 172 3
171 172 1
43 111 2
176 157 1
40 84 1
27 63 3
20 195 1
56 66 1
78 108 4
156 33 2
56 174 3
86 50 2
183 49 3
126 118 3
16 84 3
156 149 1
153 178 1
195 184 3
147 29 3
100 169 1
117 124 1
51 176 1
68 127 4
148 96 1
172 158 1
173 90 4
91 56 4
124 148 3
118 196 2
58 123 4
149 175 4
156 39 4
147 139 4
129 89 3
161 29 3
184 170 1
83 81 1
77 115 3
0 117 3
51 73 1
23 47 2
127 40 2
96 134 3
169 168 1
73 160 3
146 60 3
88 106 3
92 190 1
111 195 3
125 79 3
110 26 3
68 139 1
125 153 2
84 124 3
88 12 2
48 140 3
122 94 1
19 178 4
30 157 3
86 58 3
78 160 2
113 146 2
36 100 3
107 147 4
141 71 3
99 32 4
10 144 3
0 193 4
31 75 3
158 39 1
87 3 1
112 170 3
149 191 1
130 50 2
11 188 2
64 137 2
38 156 2
32 36 4
78 146 3
181 119 4
126 116 4
174 37 4
18 67 2
48 189 2
186 155 1
60 66 4
47 100 2
133 42 4
175 167 1
119 195 1
9 3 1
41 43 3
18 197 3
34 158 4
34 30 1
109 169 4
40 155 2
39 139 1
90 131 1
89 113 2
73 140 4
48 136 2
51 171 2
124 98 3
115 145 4
168 191 3
37 127 4
98 194 3
11 12 4
130 27 3
118 93 1
151 46 1
177 154 3
94 153 3
130 88 4
181 70 2
174 81 2
18 194 2
41 144 4
177 137 4
194 87 1
135 172 2
1 148 4
57 6 4
90 68 2
71 41 4
146 73 3
126 165 1
10 79 2
53 140 3
112 185 1
7 26 1
102 11 4
195 166 1
40 1 4
158 128 2
0 89 1
62 79 1
190 65 3
194 84 4
185 52 4
179 84 3
77 65 3
174 141 1
164 48 1
88 170 2
26 24 2
8 181 4
128 183 4
21 91 4
26 172 2
68 42 4
139 112 3
95 186 4
95 40 4
66 119 4
18 51 2
61 92 1
60 109 3
46 132 3
123 131 3
139 195 3
10 111 3
163 150 1
37 16 2
182 148 1
189 172 1
83 98 4
5 183 4
160 181 1
41 133 4
130 34 1
147 113 4
105 122 1
43 102 1
87 111 2
129 6 1
140 121 4
198 148 3
96 31 1
177 175 4
179 133 3
173 138 3
97 103 4
143 169 3
23 9 4
29 67 4
16 118 1
13 113 2
34 70 2
109 15 1
85 173 4
136 104 3
173 50 3
81 140 2
90 158 1
77 34 3
190 186 1
30 102 2
84 164 3
86 79 2
13 90 3
12 79 2
55 100 1
13 74 1
162 83 4
188 66 4
82 101 3
118 84 1
82 50 4
77 171 3
135 107 2
103 163 2
10 146 4
2 162 2
89 2 3
159 56 4
54 164 1
7 29 2
47 50 3
56 38 4
39 79 1
160 158 4
59 167 2
98 111 2
109 104 2
41 140 4
66 103 1
101 173 1
156 76 2
106 31 1
73 43 2
112 159 1
5 8 4
71 171 3
33 71 4
40 149 3
128 28 2
62 142 2
40 142 2
198 180 2
150 83 4
89 116 4
17 161 3
147 49 4
18 107 3
190 195 3
27 176 1
10 168 4
116 172 3
98 115 3
43 93 2
147 8 1
131 49 1
1 26 4
44 160 4
131 153 3
173 60 1
70 21 1
29 136 2
177 74 2
174 46 4
30 54 4
83 96 4
156 199 1
29 51 2
198 165 1
24 98 1
193 89 3
110 176 1
37 106 3
55 175 2
79 94 2
117 184 3
110 191 4
44 132 3
90 176 4
145 10 4
185 136 3
80 67 4
30 188 3
194 114 1
146 40 2
59 45 4
199 177 3
165 94 1
176 18 4
111 167 1
64 189 1
113 86 4
128 122 1
53 22 1
159 30 4
49 196 4
0 48 4
57 26 1
195 191 2
47 160 4
61 80 2
179 37 2
7 158 4
128 133 3
66 132 2
137 60 3
163 62 2
183 51 4
143 94 4
184 54 3
191 112 1
162 12 1
52 112 4
51 85 2
172 133 4
133 160 4
183 152 3
109 160 1
174 68 2
60 62 3
48 70 4
199 14 4
143 89 1
171 36 3
78 65 4
149 22 3
8 80 3
154 83 2
166 103 1
99 35 2
84 157 2
86 53 4
137 94 2
147 115 2
148 95 1
115 69 4
51 92 1
141 29 2
99 183 1
11 63 2
29 162 3
32 14 4
50 114 3
82 115 3
187 22 4
17 22 3
110 0 2
10 39 3
67 13 2
89 83 2
111 137 2
31 71 3
192 49 4
86 40 4
195 161 4
138 66 2
43 154 4
194 172 4
69 2 3
171 17 3
66 129 3
61 49 3
182 50 3
185 119 4
34 165 4
120 50 2
106 117 1
128 62 1
73 31 3
170 40 4
113 3 3
39 171 3
129 108 2
4 45 3
53 160 3
85 136 3
103 49 4
44 154 3
97 148 1
32 87 2
35 38 1
126 85 4
69 92 1
137 156 4
116 93 1
11 39 1
46 190 1
180 25 4
93 18 2
53 147 3
163 136 1
89 92 2
138 92 1
144 143 1
20 79 4
25 169 4
102 25 2
105 7 2
167 126 3
24 127 3
187 108 3
123 75 2
48 43 4
186 150 4
67 157 1
105 60 4
117 82 3
136 35 2
12 73 2
173 113 2
77 175 2
38 147 1
32 134 3
147 133 3
146 43 3
24 101 4
4 187 3
117 176 4
150 14 1
3 182 2
64 68 1
19 68 2
24 180 3
166 14 4
66 3 3
113 159 3
21 111 2
112 50 4
192 81 4
126 36 1
184 34 4
185 47 4
54 2 1
8 179 1
28 49 2
67 93 2
187 81 1
166 119 2
134 84 4
163 43 3
77 99 2
180 96 1
3 158 3
13 164 3
13 116 3
154 128 4
129 115 3
29 139 1
6 156 3
114 29 3
122 31 4
93 155 3
6 75 1
190 75 4
120 190 1
108 34 2
21 101 4
156 88 1
130 157 4
101 171 1
22 179 4
88 121 1
20 15 1
69 7 4
189 21 3
3 47 3
3 110 1
176 3 1
173 42 4
27 61 2
180 28 2
37 111 3
144 176 4
20 187 4
130 131 4
121 19 4
87 123 4
52 93 3
35 135 3
100 170 4
83 160 1
128 58 1
90 167 2
132 170 3
38 181 1
143 168 4
192 199 3
130 40 3
141 143 1
190 108 1
100 1 4
129 198 4
153 193 2
131 32 4
18 118 4
171 168 3
16 172 4
76 170 1
52 107 4
43 53 3
9 53 4
157 39 3
74 69 3
114 99 2
31 101 3
189 135 2
12 131 4
48 161 3
180 165 2
198 4 1
1 42 1
146 19 1
8 198 4
123 147 2
169 116 3
124 181 2
8 63 2
84 5 1
110 95 3
11 46 4
131 28 4
107 181 4
164 47 4
109 126 4
151 95 2
53 106 2
198 94 2
39 134 2
22 121 4
172 122 4
154 185 3
196 89 1
6 54 2
148 152 4
29 59 1
74 92 3
179 117 1
52 2 4
161 77 3
183 12 1
17 133 3
159 1 3
143 131 4
172 180 4
48 120 4
0 18 4
70 81 1
56 33 1
44 105 4
94 117 1
175 9 2
109 132 1
131 135 2
167 76 3
111 118 2
113 179 1
134 170 3
0 5 3
107 59 3
58 120 3
169 33 3
187 54 4
110 63 3
185 95 2
189 137 2
51 90 2
104 36 2
37 194 2
54 15 1
166 50 2
64 31 2
76 175 1
72 57 1
60 152 4
64 34 4
141 50 3
191 131 2
123 4 3
27 76 2
130 107 3
55 83 3
12 74 4
0 133 1
4 101 2
19 139 3
192 6 1
29 62 1
11 49 2
32 2 3
71 173 2
60 198 2
139 54 2
19 188 2
18 154 2
58 61 3
111 178 1
175 171 3
175 3 4
93 7 1
179 198 1
1 128 3
65 69 1
86 60 2
167 184 2
58 176 2
20 194 4
10 100 3
52 186 3
53 148 2
50 159 2
47 36 3
193 194 4
106 76 4
28 72 3
13 118 3
0 132 2
155 120 2
186 89 4
103 68 2
122 41 3
110 183 2
167 155 2
27 197 3
35 195 3
146 88 2
123 135 3
185 86 4
174 97 4
176 48 1
68 89 3
54 192 3
44 198 1
80 180 1
141 102 4
17 106 3
132 117 1
106 85 1
131 129 4
44 112 1
16 9 3
139 17 2
23 98 2
157 138 4
69 17 2
94 28 3
148 145 3
129 75 4
6 141 4
22 133 4
141 169 2
97 129 1
39 8 4
3 127 4
111 5 1
131 93 1
93 68 4
39 94 3
71 28 3
75 100 4
82 52 2
15 133 3
33 2 4
25 86 2
20 199 2
71 147 2
76 148 2
143 121 3
18 61 3
24 66 3
44 195 3
173 143 3
29 64 2
34 63 3
110 54 2
30 29 4
163 61 1
108 77 1
165 79 1
31 144 2
64 72 2
177 106 2
103 74 4
92 54 1
57 5 4
97 91 1
60 29 3
45 114 4
168 151 4
17 144 2
119 84 3
101 111 4
65 17 1
190 133 3
188 114 3
44 20 4
116 83 4
159 142 2
19 185 3
61 34 1
140 84 3
152 17 2
81 150 4
67 171 2
64 139 2
133 58 4
187 124 3
72 186 2
117 96 2
158 68 1
112 113 4
167 99 4
90 144 3
199 28 3
138 76 2
57 89 3
53 118 1
75 111 3
54 27 1
169 142 2
60 1 2
70 61 4
89 52 2
144 100 4
20 198 4
90 45 4
41 108 4
197 180 3
79 17 1
142 116 2
84 139 2
116 50 1
110 137 1
132 113 2
173 46 1
116 11 1
119 134 4
56 69 2
193 2 1
149 20 1
65 168 2
118 179 2
14 63 4
79 30 1
173 198 2
149 72 4
133 188 3
155 145 3
19 124 3
161 32 4
175 65 2
168 170 2
31 18 3
88 24 1
166 187 2
141 115 2
59 155 1
118 129 3
118 39 3
64 126 4
117 12 3
46 194 3
196 52 3
36 24 4
7 120 4
32 183 3
5 18 4
194 101 3
161 142 2
160 40 4
144 32 2
149 1 1
194 103 4
14 41 1
90 146 4
134 183 4
126 102 4
152 100 2
107 100 4
116 152 3
76 85 1
142 24 2
139 198 4
179 20 2
153 145 1
119 28 1
47 59 3
160 24 3
182 26 2
161 187 1
36 172 1
184 37 1
192 39 3
178 22 2
141 82 2
192 64 2
93 105 1
100 95 1
78 5 4
52 53 4
73 195 4
52 166 1
87 103 4
143 140 4
18 188 2
20 5 4
110 11 4
89 26 4
196 140 3
95 8 2
33 107 2
163 2 4
155 38 1
43 170 4
176 174 2
194 126 1
186 10 1
4 162 4
161 162 4
41 31 4
47 147 1
68 160 1
128 65 1
39 72 1
139 32 1
105 38 3
119 144 1
104 169 2
20 41 4
23 154 4
186 47 4
118 73 2
71 115 1
197 128 2
186 90 2
78 176 3
145 184 4
163 76 2
198 62 3
62 95 2
175 150 2
85 118 1
120 29 3
158 45 1
79 47 2
96 95 4
165 137 3
167 156 3
98 80 1
124 139 1
68 66 4
82 167 2
166 148 2
48 198 3
19 161 3
19 91 2
48 110 3
122 30 3
16 12 3
117 66 3
143 16 2
176 119 4
165 104 4
163 52 4
43 175 3
57 51 1
182 138 4
41 126 2
26 15 2
137 17 4
197 59 4
62 184 2
83 180 3
53 49 1
67 131 1
138 54 2
77 172 3
35 61 3
32 81 1
47 13 1
36 25 1
23 193 4
45 137 3
62 88 3
189 4 3
102 17 2
85 169 4
164 34 2
76 95 4
166 41 3
143 145 3
70 95 3
114 51 3
114 96 4
178 64 2
0 145 3
52 153 4
140 174 1
186 84 4
38 79 4
9 31 1
186 33 1
174 18 4
173 195 1
64 182 4
88 35 2
11 161 3
160 122 3
182 149 2
182 2 2
54 45 3
109 123 1
172 102 1
95 54 1
79 57 4
36 53 4
195 93 1
115 23 2
157 113 4
94 144 2
34 160 1
4 169 3
19 145 2
185 163 3
29 14 4
4 111 2
106 11 2
56 160 1
160 129 1
112 22 1
44 66 4
124 123 4
102 124 1
142 98 1
28 98 2
113 145 3
73 142 1
165 154 4
13 181 1
174 157 3
12 129 3
117 61 1
161 110 4
184 63 4
152 117 2
48 26 4
44 127 4
72 30 1
133 24 3
91 130 4
62 137 4
164 116 1
61 195 1
49 152 4
99 75 3
41 13 4
95 134 3
180 50 1
1 173 1
38 126 2
30 94 2
88 183 2
17 156 3
67 48 2
125 96 4
59 169 2
197 16 3
115 67 2
181 44 1
175 48 3
151 42 4
84 165 3
175 147 4
162 11 4
160 135 4
2 55 2
112 142 3
151 108 4
124 16 1
123 160 4
37 108 2
163 64 2
58 106 1
89 46 1
149 176 4
136 100 4
50 124 2
75 114 2
162 148 2
54 119 1
172 90 1
54 181 4
193 139 1
29 89 3
8 48 2
115 172 2
140 125 3
187 169 1
22 163 1
53 15 2
167 4 2
63 99 3
125 139 3
87 22 1
26 103 3
148 188 4
197 76 4
63 104 2
61 178 2
143 95 2
67 104 2
46 15 4
146 21 3
2 90 1
53 75 2
178 132 2
31 131 4
117 148 4
142 34 4
78 143 3
63 124 4
181 167 3
11 175 1
195 194 2
107 146 4
76 44 2
29 164 2
63 69 2
81 45 3
32 155 4
185 179 4
150 23 1
55 194 4
102 103 1
44 18 1
124 8 2
8 13 2
182 76 1
180 59 2
198 149 1
120 165 1
182 131 3
125 122 1
129 181 3
92 162 4
24 6 2
88 7 3
182 110 2
130 129 3
196 68 1
186 62 1
61 7 3
55 133 3
17 153 3
78 95 3
68 153 2
47 123 2
66 82 2
67 189 3
145 136 4
51 3 2
199 198 3
4 128 4
115 139 4
113 20 4
38 32 4
162 142 3
34 12 4
32 49 4
163 122 2
194 167 1
19 147 1
35 196 3
43 84 2
195 85 2
115 57 3
141 199 1
38 151 1
17 132 4
182 115 4
42 82 1
30 5 1
49 46 4
122 81 4
29 159 3
87 6 1
71 112 1
107 138 2
105 41 4
87 93 4
3 16 3
191 58 4
112 93 1
71 23 1
191 115 3
175 118 2
31 0 2
15 11 3
105 69 2
154 78 1
10 93 2
153 110 4
94 71 1
45 6 2
24 166 2
82 20 4
44 175 1
52 162 3
66 168 4
154 99 2
68 21 2
84 62 1
18 133 3
173 112 3
41 147 2
68 191 2
74 159 3
128 75 1
9 197 1
144 18 3
43 189 4
106 191 3
39 51 3
31 156 4
83 184 1
55 80 3
47 190 2
14 189 3
128 144 3
194 191 2
9 65 3
137 154 3
128 10 3
67 47 2
37 186 4
140 157 2
147 157 1
111 151 2
92 27 1
121 194 4
92 128 3
186 185 4
61 26 3
160 189 3
39 56 3
170 74 4
181 41 2
128 52 3
179 176 1
26 161 3
117 43 4
144 99 4
145 97 1
92 160 2
97 30 3
38 199 1
72 98 2
21 14 2
140 58 1
51 121 1
163 166 3
140 160 4
29 115 4
66 58 2
170 32 2
9 108 3
160 11 2
90 8 3
83 93 4
91 67 4
161 125 2
122 64 3
188 15 2
180 1 4
5 129 3
35 90 4
188 150 3
49 40 4
9 111 1
51 157 4
16 196 4
196 80 3
84 174 4
198 36 1
169 195 1
92 13 4
62 56 3
70 133 2
168 156 4
79 120 3
184 118 4
119 186 1
64 36 1
35 179 1
46 80 2
179 116 3
14 151 1
46 110 1
85 25 1
177 136 3
6 28 3
98 192 4
81 23 1
86 74 3
194 109 3
170 77 2
162 87 4
136 127 2
5 150 2
128 110 3
141 18 3
82 45 4
126 105 3
0 41 3
180 76 1
75 36 3
49 151 4
177 7 1
168 9 2
118 78 2
165 45 4
149 46 4
178 9 1
158 61 3
174 113 4
15 43 4
79 82 1
73 170 1
153 91 1
38 49 2
100 49 4
32 23 1
111 186 1
157 95 1
179 6 1
92 130 3
8 172 4
113 17 3
162 102 1
143 85 3
139 48 1
44 22 3
4 126 2
38 75 2
137 82 4
99 0 3
95 51 3
13 170 4
72 104 2
181 193 1
102 50 2
39 143 3
149 37 3
4 107 4
157 143 4
128 57 3
161 38 1
71 155 3
172 138 1
134 168 2
53 110 2
62 50 2
145 8 2
129 93 2
37 58 2
120 96 3
120 127 4
94 49 1
143 73 4
93 37 2
160 136 1
117 168 4
174 128 2
162 112 4
81 57 1
81 31 2
21 87 1
5 40 4
154 161 3
77 82 1
48 17 4
108 192 1
121 185 3
122 45 1
45 7 4
196 167 1
157 165 1
105 59 1
151 56 4
54 121 3
157 62 2
59 151 2
187 55 4
163 131 2
51 65 4
117 38 3
119 120 4
32 44 1
149 5 3
34 106 4
173 109 4
1 113 3
113 125 4
174 109 3
73 183 2
70 179 4
42 115 1
179 89 1
155 137 3
10 16 1
173 34 3
3 13 3
110 97 2
176 131 4
91 102 4
197 172 3
186 197 3
1 27 1
8 167 1
52 143 3
147 99 1
6 163 2
155 0 1
74 117 1
154 93 4
77 142 3
74 183 1
76 153 3
133 119 4
109 111 3
129 14 4
137 2 3
40 162 3
187 172 2
75 103 1
148 183 3
80 3 1
66 30 3
154 70 2
24 173 4
143 5 1
2 172 2
180 29 4
108 130 1
22 106 3
139 72 2
183 90 3
126 179 2
187 190 4
172 70 4
196 63 1
199 76 1
154 162 3
18 59 3
117 41 2
106 97 4
106 36 2
47 122 3
118 2 1
165 67 2
56 138 2
42 97 4
194 139 3
54 43 1
188 74 4
177 58 3
111 20 2
67 56 2
177 18 1
186 58 2
199 145 1
193 65 2
176 79 4
108 66 4
78 42 3
30 141 3
180 54 3
34 181 2
198 137 1
60 175 3
103 113 2
89 151 2
153 65 1
70 104 4
140 182 1
110 101 4
83 92 4
87 105 1
45 189 2
136 81 1
173 181 4
24 9 2
190 109 1
119 110 1
67 135 3
151 176 4
129 78 4
199 93 3
118 117 1
82 69 4
176 181 1
107 194 1
110 104 4
97 13 3
77 148 2
116 105 1
189 193 1
84 1 1
78 133 3
160 39 3
51 32 1
21 83 4
1 21 1
170 126 3
67 155 1
173 129 3
72 103 1
110 2 4
124 88 3
101 134 1
189 69 1
151 87 3
37 125 4
167 132 2
66 134 3
12 106 4
178 151 4
185 190 2
139 12 1
158 47 1
3 23 1
170 58 3
135 60 2
137 65 4
24 147 1
110 4 3
138 14 1
185 62 1
122 140 1
131 184 3
182 155 2
164 191 4
27 64 1
197 138 1
106 143 4
53 114 3
94 134 3
28 148 2
135 21 4
191 20 2
64 158 4
107 162 3
132 55 3
101 71 1
10 120 1
19 112 4
145 1 4
42 5 2
104 9 1
140 54 2
125 31 1
150 102 3
25 38 4
155 22 2
109 2 2
140 72 2
38 115 2
73 174 4
88 122 4
72 119 1
160 132 3
102 89 1
12 15 3
10 92 3
78 144 1
59 117 4
49 149 1
198 97 3
44 7 4
160 162 4
156 119 1
66 141 4
4 105 1
119 80 1
196 197 2
37 135 1
20 69 2
51 64 4
46 63 4
112 56 3
129 174 4
35 64 4
69 108 1
49 35 3
107 86 1
99 135 1
159 11 2
109 90 3
187 88 4
137 173 1
145 2 1
169 112 3
74 199 4
91 159 4
72 66 1
106 196 4
15 37 2
54 19 4
4 191 1
102 174 4
4 13 4
152 125 1
19 143 4
164 23 3
148 44 3
145 75 2
112 35 3
88 189 2
149 78 1
138 44 1
187 60 2
25 99 3
134 128 1
22 33 4
70 158 2
160 169 1
70 45 2
117 71 4
151 35 4
63 176 1
7 73 4
179 83 1
46 140 1
179 109 1
186 11 3
177 133 4
133 30 2
130 142 3
8 113 1
160 131 1
159 177 3
176 167 1
83 170 3
142 46 1
3 196 2
108 16 2
39 196 1
86 26 2
2 122 2
97 54 1
25 52 4
110 37 1
49 10 2
39 133 3
25 104 3
10 25 3
178 107 3
190 139 4
94 127 2
0 46 4
141 90 1
192 118 3
118 180 2
138 75 2
189 164 3
50 146 1
180 126 1
43 169 4
26 91 2
54 47 3
9 5 4
136 189 2
62 146 2
157 48 1
10 154 4
64 118 3
88 27 1
92 66 1
50 56 2
72 51 2
152 50 2
93 137 1
154 153 2
166 86 4
116 26 2
8 56 2
160 191 2
40 147 3
33 121 4
119 164 2
135 145 4
87 118 1
46 87 1
33 70 4
91 117 4
67 175 4
190 24 4
160 121 3
77 57 2
119 65 2
85 197 3
110 42 3
37 100 3
149 147 1
157 177 4
37 115 2
142 23 2
163 45 4
83 86 1
29 187 2
178 117 2
156 73 4
95 7 1
8 191 1
8 69 1
77 126 2
122 19 3
94 148 3
103 15 4
32 24 4
131 177 1
54 165 3
70 12 2
192 66 1
146 83 4
160 8 2
79 36 2
111 74 3
30 158 2
198 53 3
87 144 1
61 190 1
28 77 1
199 133 2
186 79 1
197 37 4
196 174 2
153 50 2
116 192 1
195 78 4
108 120 4
108 198 3
135 42 4
171 29 2
135 90 3
52 85 1
24 75 4
1 75 3
155 68 4
142 132 1
87 33 2
154 191 1
69 125 2
140 175 3
84 113 1
159 26 1
122 148 3
82 91 2
50 85 3
27 18 4
52 34 1
142 37 2
72 143 1
130 109 2
195 125 3
163 175 2
114 154 4
142 137 2
101 182 2
91 36 1
193 8 1
24 50 3
193 143 2
2 79 4
176 24 3
95 128 2
123 65 4
149 125 3
87 182 1
11 120 1
133 163 2
141 139 1
2 81 3
193 34 3
185 85 3
125 42 3
134 152 3
183 188 2
23 152 3
79 133 2
125 95 1
30 195 3
177 195 4
169 133 4
164 86 1
54 34 3
128 36 4
142 127 4
43 158 3
37 19 2
106 69 1
7 59 4
60 14 4
185 162 3
33 62 1
14 124 1
86 96 3
63 172 4
106 84 1
50 91 2
64 176 1
171 173 2
117 165 1
11 33 1
161 54 1
50 16 4
178 51 1
185 194 2
184 136 1
55 22 2
172 124 3
121 62 4
17 84 3
18 171 4
128 13 1
102 195 1
93 142 4
49 137 2
21 24 1
91 69 2
120 32 4
140 197 3
191 165 1
22 144 1
170 84 2
159 162 1
4 35 3
28 1 1
83 84 1
130 132 2
33 5 2
73 154 3
188 62 2
87 124 2
196 151 2
114 10 3
94 54 4
120 135 3
43 198 2
57 85 3
136 59 3
172 46 3
119 101 4
178 54 4
33 8 4
48 141 2
77 194 3
22 182 2
106 29 3
173 67 1
66 48 1
42 127 2
129 140 4
49 122 4
20 96 3
98 139 4
152 155 3
4 170 2
30 180 4
182 60 2
101 136 4
102 78 4
196 102 1
43 106 3
112 105 4
122 142 4
189 60 2
50 131 2
157 110 3
178 40 1
167 148 4
111 14 4
162 56 2
44 25 4
73 108 2
68 190 3
122 146 4
122 14 3
191 53 3
177 47 2
39 176 1
174 47 4
80 161 4
149 21 1
113 25 1
69 83 4
98 56 4
168 190 4
147 34 4
32 125 4
22 150 1
34 111 4
21 122 4
105 130 4
154 138 4
19 53 1
153 22 1
179 107 1
83 136 4
136 167 4
33 81 3
53 154 3
176 4 2
95 98 4
12 199 3
138 62 1
151 65 4
93 104 1
132 192 1
5 38 4
91 5 1
174 172 4
159 10 1
133 158 2
46 108 4
137 164 4
178 196 2
135 177 3
133 140 4
115 91 2
194 45 3
99 189 2
44 71 3
131 38 4
132 65 1
197 153 3
197 70 2
95 26 4
174 11 4
28 150 4
101 167 2
171 74 3
111 154 1
148 193 3
172 17 4
136 195 4
56 188 1
96 91 1
141 128 2
82 126 1
176 171 2
166 10 3
135 73 2
96 75 1
45 169 1
138 12 1
167 154 4
152 30 4
40 107 3
121 80 2
50 189 3
155 92 1
7 150 2
197 165 2
155 129 3
154 40 1
102 179 1
50 174 2
23 58 1
181 14 4
45 30 3
33 40 4
4 16 4
108 149 1
156 191 3
67 96 1
144 9 4
58 197 1
58 42 2
147 20 3
68 38 4
15 99 4
40 98 1
102 190 3
150 16 4
107 39 4
186 169 2
71 15 2
157 111 2
8 112 4
39 123 2
154 181 3
126 110 4
165 125 2
66 54 4
189 127 4
190 51 4
92 151 4
65 27 3
170 21 2
58 50 4
27 150 4
32 78 4
174 118 3
106 156 3
104 185 4
135 94 4
101 94 3
97 166 4
73 113 4
68 25 1
25 184 3
142 67 2
65 111 4
139 97 4
102 76 4
102 62 3
91 136 4
129 53 1
63 60 1
130 63 3
181 79 2
195 149 1
55 24 3
162 14 3
80 93 2
47 80 2
35 134 1
18 179 1
82 8 2
65 166 1
74 143 2
79 18 2
78 64 1
132 15 3
46 137 1
114 135 3
5 104 3
127 171 4
24 92 2
18 192 4
110 39 1
38 192 1
167 42 3
194 156 4
197 14 1
6 173 1
150 131 2
184 80 2
174 108 3
96 61 1
190 111 2
87 163 2
122 59 1
198 1 1
11 4 4
122 93 3
7 143 2
163 10 3
133 159 2
155 86 2
38 140 2
46 81 4
98 58 1
123 74 1
135 170 3
10 119 1
15 142 1
149 199 4
178 67 2
28 91 1
42 132 4
65 163 3
161 23 3
182 161 3
180 167 4
174 93 1
199 128 4
98 134 3
6 182 1
124 163 4
158 25 4
151 172 2
163 77 4
5 70 1
145 162 1
100 192 3
27 39 4
163 49 3
138 20 2
107 99 2
28 143 2
139 109 2
152 10 2
7 57 1
12 158 1
10 130 2
98 63 1
132 19 1
39 31 1
189 3 4
53 31 4
4 103 3
5 51 4
51 80 3
114 93 1
145 119 2
104 38 1
103 7 4
152 93 3
179 72 4
153 57 3
161 82 1
179 30 3
77 156 2
125 187 3
136 199 2
118 142 2
21 23 2
89 66 4
7 155 1
119 9 2
79 67 1
54 162 4
57 114 1
67 148 2
80 198 4
108 56 2
94 199 4
183 135 4
84 24 4
23 61 3
4 25 2
189 144 2
102 125 2
13 142 4
72 180 2
179 186 4
185 145 3
80 35 3
180 5 4
90 110 3
124 198 4
39 177 4
78 132 4
64 41 2
35 86 1
91 80 2
189 117 3
24 122 1
14 143 2
34 112 1
145 69 2
122 61 2
69 3 1
108 184 3
102 189 3
103 88 2
148 2 4
42 34 3
79 40 4
43 5 3
197 107 2
43 193 3
182 85 2
91 83 1
20 11 2
184 193 3
109 89 2
151 197 1
83 166 3
190 87 2
114 21 1
155 3 2
53 42 3
188 1 1
19 110 1
188 35 2
109 147 4
180 73 1
139 73 2
20 13 4
57 63 3
69 193 2
22 75 3
176 170 4
198 111 4
39 6 4
173 74 2
132 94 2
81 161 3
45 35 2
118 171 2
44 151 1
172 0 1
95 159 4
103 94 3
92 23 1
140 69 4
24 11 1
116 140 2
0 54 4
118 177 3
133 1 3
119 151 2
195 51 4
156 12 3
132 112 3
164 90 3
147 138 3
163 59 3
178 180 1
169 125 4
104 35 3
161 21 2
27 136 1
180 32 4
103 186 4
1 192 4
179 62 2
108 113 1
167 137 2
77 147 4
120 49 4
25 53 1
26 38 4
11 86 1
147 196 4
63 170 4
6 9 4
5 44 1
44 6 2
137 185 2
134 160 3
89 97 2
34 91 4
144 165 2
170 152 2
115 179 1
184 35 4
26 58 1
72 169 4
150 193 3
21 105 2
184 128 1
23 5 3
145 79 4
187 148 3
128 99 2
187 109 2
166 33 2
158 62 2
78 22 2
196 13 4
56 99 2
80 59 4
114 178 4
85 186 2
67 167 3
84 109 1
1 38 1
136 147 3
140 64 2
153 140 3
158 35 2
94 131 4
59 9 1
159 188 3
182 135 3
127 16 3
95 198 3
0 139 3
115 119 3
159 189 2
155 198 4
7 58 4
51 104 3
192 119 3
135 169 3
30 112 1
196 142 2
102 133 2
182 146 4
16 97 3
127 192 2
41 59 1
54 103 4
96 97 2
88 33 4
191 49 2
58 115 1
2 25 3
174 44 1
33 150 3
76 52 2
122 176 3
174 32 1
132 81 3
21 0 1
94 136 3
4 102 2
74 182 4
145 34 4
187 44 3
28 172 3
28 26 1
42 143 2
185 132 4
124 153 3
163 132 2
103 136 2
8 24 4
106 185 2
10 177 4
177 129 1
146 102 3
185 158 4
25 76 2
78 180 1
98 75 1
21 133 2
66 40 3
185 91 4
116 180 1
49 26 4
155 190 1
21 50 3
17 193 1
12 153 2
158 84 4
131 6 4
103 155 2
77 164 3
40 133 3
66 7 3
152 8 2
104 80 2
42 190 1
21 43 4
135 191 1
74 95 1
71 149 4
151 91 1
122 127 2
22 188 3
148 168 2
171 57 3
135 155 4
128 163 2
37 102 3
112 95 2
14 27 3
105 132 3
176 148 2
58 183 2
21 73 4
24 33 4
21 92 2
118 186 2
22 156 1
42 176 1
156 162 3
43 164 4
188 106 1
28 135 1
174 86 4
33 0 3
189 180 2
129 125 1
166 6 1
6 144 3
180 148 1
115 72 2
150 46 4
101 169 4
82 114 1
94 113 2
110 6 1
46 178 3
109 81 1
111 35 1
1 57 4
168 195 1
7 126 1
56 107 2
35 167 4
109 183 4
18 12 3
108 23 3
97 140 4
168 145 1
164 22 1
161 146 1
40 82 2
96 74 3
60 10 2
73 84 3
111 89 2
104 69 3
106 162 4
80 172 2
5 83 4
123 182 2
51 117 4
85 107 4
89 101 2
94 77 1
132 36 2
129 24 1
39 172 4
68 49 2
38 159 1
120 143 4
131 114 2
119 93 1
123 190 2
140 16 4
168 46 4
42 81 2
162 116 4
117 58 4
3 126 3
37 145 4
64 160 2
35 105 1
133 97 2
97 115 3
102 13 3
4 158 2
195 65 1
8 79 3
131 62 3
129 100 1
149 154 3
81 80 1
45 119 1
77 183 1
100 125 2
102 151 2
198 187 3
18 195 4
48 199 2
78 62 2
86 66 4
26 85 4
138 168 4
127 172 3
32 130 2
119 90 4
109 170 3
35 186 4
55 72 4
27 178 4
187 151 4
87 117 1
6 138 4
43 177 1
74 148 2
72 147 1
16 49 1
88 46 4
13 172 1
183 139 2
178 190 4
15 119 4
154 180 4
133 53 2
137 105 4
55 37 1
180 14 1
112 47 2
166 100 3
193 5 3
132 98 3
89 25 4
83 171 2
119 6 2
79 72 4
129 196 1
126 78 2
140 59 3
105 191 3
115 102 3
94 100 3
185 50 2
71 165 2
119 0 1
46 157 2
106 167 4
33 45 4
93 183 3
164 132 3
34 44 3
34 177 2
137 18 3
105 156 1
117 47 4
164 2 4
198 102 1
47 196 4
194 161 3
189 139 1
108 40 4
169 165 4
31 124 2
55 17 2
142 119 1
61 65 4
193 72 3
8 74 4
155 123 2
123 36 4
149 102 4
60 143 1
69 184 2
10 173 1
105 26 4
113 44 2
178 191 2
52 96 4
21 11 1
187 159 4
159 64 3
109 13 1
14 128 1
79 90 1
79 23 4
82 39 2
102 90 2
87 189 1
8 123 2
103 117 4
11 170 3
159 156 3
23 149 2
81 105 2
186 93 2
165 162 1
53 193 2
94 192 4
157 76 3
177 153 4
55 115 1
24 144 2
2 190 1
93 127 3
92 33 3
156 133 4
42 31 3
58 45 4
10 98 4
49 25 2
49 65 3
117 76 1
27 184 3
48 188 4
147 33 4
11 122 1
169 189 2
161 41 3
76 124 4
141 142 4
166 77 4
65 42 1
40 69 1
55 188 1
145 170 3
104 78 4
85 168 4
158 197 1
105 88 4
168 70 4
65 145 4
72 45 1
8 3 1
137 150 2
165 163 3
74 160 2
78 29 3
183 176 3
112 49 4
52 22 2
22 14 1
39 141 4
65 198 1
150 15 3
88 77 2
125 131 4
62 190 4
17 148 4
157 38 4
51 36 1
48 84 3
79 121 2
145 102 4
26 12 2
105 64 3
79 48 4
2 72 4
149 76 3
189 80 1
14 170 3
67 98 4
39 150 4
147 94 3
141 59 1
19 197 3
30 88 4
135 45 1
19 193 2
35 69 3
3 57 2
28 125 2
96 196 4
27 123 3
159 17 1
145 134 4
136 183 4
181 155 2
108 142 2
137 183 1
7 108 3
42 154 3
8 190 2
67 70 2
50 194 2
187 31 1
85 149 1
141 49 4
164 11 2
5 131 2
12 157 1
178 104 3
144 106 1
65 91 3
167 92 4
160 118 4
87 81 4
158 191 4
174 52 1
29 92 2
133 37 4
192 26 4
26 170 3
93 185 4
199 170 3
4 135 4
176 199 3
192 17 3
38 86 1
126 54 1
172 56 4
113 198 2
170 138 4
42 94 1
115 173 2
106 61 3
7 134 3
12 64 4
110 144 2
37 198 1
55 16 1
0 60 4
76 146 3
146 162 3
141 147 2
31 29 3
40 180 1
21 20 2
56 63 2
7 109 4
5 117 3
86 14 2
166 68 4
61 43 4
89 112 3
55 180 4
62 64 1
112 74 1
60 81 1
84 21 3
62 153 4
141 87 3
14 169 3
42 136 1
199 163 3
179 165 2
85 164 1
99 71 4
158 83 2
62 17 4
154 85 2
172 129 2
78 173 1
146 39 1
8 99 3
134 188 2
38 116 1
46 154 2
4 174 2
106 113 3
90 61 4
116 100 3
137 37 2
99 118 2
102 0 3
186 54 4
124 186 3
38 121 1
69 96 1
49 140 2
42 138 2
134 51 2
99 29 2
143 113 1
115 167 3
21 117 2
121 58 3
168 99 2
39 136 3
186 20 2
144 118 4
148 20 3
98 100 3
119 67 3
60 133 1
126 19 2
31 149 2
179 38 3
163 123 2
67 20 4
161 126 1
48 180 1
15 189 3
54 137 4
124 91 1
48 49 4
109 30 2
34 35 1
39 181 1
47 26 3
95 45 4
116 101 2
74 17 1
188 39 2
181 109 4
84 141 2
196 77 2
160 172 1
59 152 2
8 91 4
76 31 2
53 54 4
20 25 1
5 2 1
111 30 4
161 18 1
166 115 2
178 160 4
155 25 2
55 0 3
84 152 2
136 47 3
179 121 4
42 56 4
132 72 4
95 166 3
12 186 2
105 157 1
139 76 4
150 145 3
84 79 4
64 20 3
158 190 3
138 167 1
14 155 2
129 29 1
31 173 1
102 73 1
83 85 3
57 14 1
15 198 2
48 80 2
76 40 1
137 168 4
147 179 4
146 105 2
187 156 4
25 1 4
173 16 1
169 137 2
174 29 4
80 133 4
138 88 3
87 183 1
68 148 2
165 73 4
27 43 1
169 192 3
167 16 2
128 152 1
28 133 4
190 169 3
176 7 2
188 0 4
12 99 4
35 127 1
199 108 3
57 112 3
91 160 2
91 140 1
50 79 2
164 114 1
4 32 4
14 109 2
27 195 4
60 70 1
199 148 4
59 123 3
138 184 4
6 170 2
190 179 2
171 147 3
198 34 1
51 133 4
2 146 2
27 124 2
64 57 1
46 35 4
183 69 1
77 75 1
82 24 2
97 68 3
143 164 1
28 122 4
36 5 1
155 187 2
135 40 1
142 99 4
87 170 2
168 147 2
17 97 4
79 104 3
89 76 2
5 191 1
97 76 2
80 58 4
19 182 3
37 43 4
153 99 1
95 191 2
58 83 2
24 174 2
64 28 1
130 26 4
22 70 4
136 107 2
186 30 4
74 63 2
67 174 3
181 142 1
104 40 1
140 56 2
178 137 3
73 137 2
94 31 3
67 101 3
50 125 4
81 65 3
184 41 4
143 38 1
7 199 3
127 117 1
68 175 2
106 62 2
113 16 1
3 31 4
166 154 4
65 144 2
130 61 2
130 42 1
122 129 4
29 82 2
93 153 4
193 188 3
190 72 4
59 93 3
98 2 4
107 7 3
25 105 3
13 125 3
22 46 3
92 113 2
147 86 1
144 26 2
96 130 1
129 104 2
80 32 4
53 32 1
35 145 3
12 68 4
9 195 4
189 114 2
47 87 1
120 76 1
11 148 3
167 39 4
110 193 3
24 81 2
18 71 3
175 45 3
133 90 3
101 30 1
75 79 4
196 171 2
117 98 4
43 94 4
193 47 1
97 119 4
116 87 2
20 160 2
49 44 4
5 192 4
161 6 1
191 103 4
111 11 1
112 69 3
168 157 4
181 9 3
49 88 2
184 2 2
129 60 3
5 102 3
38 66 1
32 108 4
158 71 4
9 75 1
110 111 4
166 88 3
39 62 3
139 51 1
43 38 4
100 183 1
160 110 1
191 104 1
28 117 1
130 193 2
4 172 3
138 86 3
170 143 3
172 3 1
30 43 4
60 101 2
111 107 1
92 38 1
61 72 1
186 88 3
47 98 2
159 118 2
112 36 2
146 199 4
138 194 3
20 120 1
180 99 3
128 77 1
144 122 3
82 37 4
156 9 1
52 155 3
42 150 2
142 198 1
36 69 3
42 9 3
65 108 1
127 186 4
43 187 3
31 161 1
42 188 1
56 122 1
53 82 1
197 51 2
34 121 2
96 39 1
164 199 2
143 80 4
117 3 4
124 193 1
116 156 3
45 17 4
115 128 4
70 124 4
29 39 1
118 114 1
71 178 1
176 94 4
93 86 2
45 108 3
43 44 3
26 46 1
169 139 2
83 39 3
141 56 4
24 148 1
31 23 1
4 177 3
68 39 2
185 107 4
3 141 2
103 60 1
182 80 3
122 48 2
55 145 3
44 99 4
95 178 2
24 61 2
118 128 1
57 134 1
18 83 3
177 63 4
147 89 1
144 61 4
146 34 3
132 47 4
109 167 1
39 135 4
106 91 4
75 95 2
44 21 4
90 139 1
21 7 1
27 46 1
38 139 1
15 52 3
48 158 2
66 75 3
140 187 4
113 134 4
127 45 3
189 66 3
20 169 2
141 160 1
76 61 4
70 178 1
76 98 4
8 11 4
24 152 4
151 184 4
148 155 2
16 76 1
188 49 4
87 62 3
66 79 3
43 159 2
135 26 1
15 17 3
109 100 4
36 184 3
22 151 2
17 162 4
148 109 2
40 164 4
171 64 2
123 187 3
196 41 3
187 48 1
101 198 2
63 93 3
191 61 4
14 192 4
154 194 3
40 117 3
131 152 1
130 186 2
66 14 1
155 91 1
50 53 4
25 116 1
196 29 3
44 51 3
152 63 2
60 172 4
157 159 1
82 146 4
102 32 3
136 153 3
150 52 2
67 11 4
107 133 4
64 197 3
5 94 2
116 24 2
91 123 1
154 117 4
184 157 2
152 82 3
45 193 1
129 180 1
67 172 4
92 148 4
30 42 2
110 103 3
15 75 3
80 131 2
111 19 3
185 13 3
105 135 1
44 87 2
49 87 3
11 9 1
171 112 4
87 1 2
24 71 3
92 134 3
94 177 4
23 199 4
177 9 1
76 26 2
139 113 4
151 61 2
79 13 2
42 75 1
87 79 2
189 34 2
44 125 2
194 177 3
5 48 4
32 157 1
52 9 2
171 13 2
152 11 3
165 66 4
175 190 1
74 164 2
109 65 4
144 186 2
156 101 1
180 111 2
98 193 3
197 169 2
46 73 4
71 195 2
82 60 3
90 64 1
165 89 2
188 90 1
120 26 2
96 168 3
47 109 4
52 103 4
119 152 3
175 1 1
63 165 1
34 190 4
164 145 3
102 36 3
32 91 3
30 21 3
51 33 3
196 156 3
112 43 2
115 152 3
152 135 4
164 170 1
9 136 1
46 33 3
177 37 2
42 199 3
134 18 1
110 56 2
51 120 1
7 125 2
181 25 4
13 43 3
66 126 3
95 67 2
141 98 4
82 149 4
16 64 3
167 88 2
166 48 1
93 4 1
181 61 3
122 193 3
32 195 1
170 104 1
126 70 1
22 56 4
106 82 3
190 83 2
169 79 3
85 45 1
25 197 2
134 5 1
169 64 2
94 105 2
94 186 3
102 38 4
182 42 1
100 52 3
5 110 3
41 47 2
184 164 4
21 197 1
64 167 3
120 172 2
54 28 3
16 175 3
93 51 1
193 128 4
43 4 4
113 68 2
151 180 4
173 52 3
57 71 1
21 123 1
186 4 2
145 68 4
42 91 3
137 42 4
161 108 3
107 128 4
79 111 4
50 35 1
18 187 4
118 195 2
186 82 1
9 72 3
183 118 1
25 30 4
151 45 1
139 28 1
123 114 1
67 58 1
99 158 4
22 37 1
51 69 2
72 59 2
107 125 2
77 144 3
188 14 2
70 93 3
167 13 3
108 67 2
157 144 3
136 5 4
70 31 4
26 175 4
11 146 1
198 56 4
63 113 1
18 198 4
150 146 2
1 182 1
119 68 2
152 12 4
26 62 1
163 190 1
70 7 3
92 109 2
107 96 2
190 131 1
15 107 3
13 169 4
165 86 4
153 114 1
137 125 3
24 150 4
77 92 2
122 124 3
95 36 1
46 12 2
166 90 4
52 84 4
141 33 1
117 140 4
54 14 4
30 53 1
154 176 1
102 84 4
156 112 1
157 100 1
72 63 2
130 117 2
95 16 3
105 164 4
9 133 2
133 10 4
107 150 3
119 32 2
19 39 1
50 61 4
31 183 4
106 126 4
51 132 2
131 85 3
10 18 4
13 72 4
99 27 1
96 185 4
117 49 2
134 153 3
187 82 1
130 166 2
69 54 1
132 184 3
173 55 4
94 155 3
1 195 3
7 127 3
109 105 4
55 107 2
177 185 3
34 28 4
17 160 1
50 18 2
127 103 2
188 65 2
55 199 1
186 109 3
18 88 2
92 97 1
59 138 4
91 18 2
106 101 1
80 21 4
0 143 2
22 68 4
44 176 3
174 104 2
56 9 1
102 21 2
192 181 3
7 96 2
190 154 4
101 85 4
5 188 1
21 191 4
54 157 2
33 177 3
57 145 4
43 99 3
24 65 1
21 103 1
40 174 2
81 79 1
122 179 3
115 198 2
15 79 3
164 149 2
128 93 2
5 125 4
25 188 1
62 151 1
128 27 4
20 34 1
143 33 2
80 170 4
79 31 3
74 126 3
145 77 3
33 57 2
53 127 4
170 159 3
57 156 3
81 91 4
197 44 2
156 100 4
41 174 3
139 57 2
121 124 3
49 2 2
76 179 2
52 8 4
158 181 2
5 142 3
22 57 4
130 168 1
124 113 3
126 45 4
71 25 3
56 54 4
12 127 2
24 199 4
59 50 1
29 176 3
53 60 4
150 179 3
101 7 2
192 111 3
167 89 2
63 17 3
43 196 3
150 185 2
103 0 2
181 22 2
93 2 2
143 32 3
159 40 4
187 40 4
119 36 1
134 106 4
63 28 3
121 107 2
107 182 4
114 43 2
133 34 3
93 44 4
28 4 2
14 198 2
194 88 3
63 161 1
88 142 2
99 161 3
78 187 1
19 154 4
184 81 3
125 128 4
101 58 4
84 53 3
68 8 4
8 87 1
139 99 3
67 164 3
158 121 4
181 104 3
188 23 4
154 168 2
156 177 4
180 194 4
23 172 4
57 188 3
74 56 1
73 123 3
42 45 2
142 84 1
167 11 2
17 94 4
11 151 3
89 110 3
25 39 2
35 142 3
36 180 4
193 136 4
27 191 3
16 96 2
55 49 4
155 81 4
101 174 4
50 197 3
74 89 4
34 72 1
176 102 4
6 184 3
31 150 3
60 25 3
81 186 4
113 75 1
28 141 4
130 35 3
170 198 4
137 144 3
65 74 1
141 93 2
101 163 3
137 56 3
40 23 4
142 100 4
165 175 2
97 118 1
73 114 4
140 146 4
190 22 1
169 145 1
153 144 2
37 119 1
123 157 1
143 150 3
174 117 2
85 33 4
51 6 2
96 35 2
121 122 3
197 111 4
133 89 4
83 45 1
178 37 4
151 103 2
62 75 2
90 105 4
193 21 4
71 75 2
75 92 2
173 118 3
148 139 4
33 4 1
53 136 2
62 148 2
102 81 4
136 21 2
19 47 2
24 87 4
135 101 4
29 160 2
36 30 2
15 16 3
66 174 1
70 139 3
15 184 3
9 190 1
175 162 4
149 80 4
116 42 2
189 76 3
25 43 3
132 80 1
168 165 2
55 19 2
51 127 3
42 139 4
143 23 1
85 102 3
111 83 3
81 188 2
138 114 3
6 140 1
196 54 3
45 46 2
68 32 4
127 153 2
150 199 3
141 95 1
189 166 4
61 77 1
185 101 3
92 165 1
74 122 4
19 36 3
22 29 2
80 192 1
46 82 1
157 8 4
104 90 3
143 31 4
86 68 4
17 175 1
68 75 2
76 45 2
191 7 1
19 117 3
109 96 3
29 175 1
60 94 3
14 76 1
97 26 2
112 101 2
92 149 2
73 172 4
160 161 2
69 117 2
181 146 3
17 67 1
146 167 4
19 13 2
30 169 2
105 3 2
86 119 1
195 157 3
22 120 3
161 117 1
155 60 1
75 33 2
46 176 1
185 198 1
23 60 3
95 12 4
171 4 4
60 176 1
141 55 2
46 146 1
97 82 2
17 58 4
186 117 4
69 101 2
96 21 2
14 94 4
106 93 2
92 94 3
136 128 3
155 109 3
3 77 4
144 4 3
113 120 4
30 84 1
196 28 2
127 173 3
74 34 2
31 55 3
92 199 4
26 33 2
17 123 4
66 46 1
94 141 2
105 85 3
184 73 4
0 8 3
20 17 4
162 169 2
5 172 2
142 115 2
46 20 3
174 147 1
69 14 4
139 151 1
8 28 2
122 136 3
61 94 4
132 61 2
27 16 3
80 72 1
97 199 1
54 189 2
1 0 1
3 93 1
87 72 4
169 132 4
145 3 3
144 69 4
32 135 1
80 27 1
21 72 1
52 57 2
40 185 3
132 25 2
16 69 4
138 171 2
106 94 3
141 86 3
171 116 3
194 73 4
73 129 4
153 8 3
168 88 4
31 115 3
78 116 3
117 67 2
132 155 1
187 152 3
192 123 1
5 74 4
182 68 4
156 19 4
186 17 4
71 193 3
101 161 4
107 199 3
177 59 3
62 196 4
27 146 1
62 5 4
71 107 4
2 187 1
119 60 1
1 183 2
143 149 1
171 123 1
18 89 3
122 85 4
167 129 4
74 192 2
96 151 3
42 83 4
44 107 1
61 197 3
134 198 1
59 176 2
53 184 2
136 77 4
151 120 4
109 150 4
139 160 4
180 12 1
23 129 1
64 18 1
176 138 3
189 52 4
193 133 4
46 67 3
128 12 3
83 172 1
162 192 2
7 0 4
27 119 4
11 119 4
178 57 1
181 5 2
97 32 4
191 18 1
65 114 3
7 10 1
23 103 1
66 69 4
83 164 2
147 65 3
36 61 1
195 37 1
40 47 2
160 89 3
152 156 3
0 194 1
42 193 1
60 7 2
114 41 4
110 41 2
151 149 1
61 118 3
86 148 1
91 144 3
112 130 2
33 124 1
55 54 3
41 137 2
47 124 2
175 160 4
104 119 3
1 81 1
1 4 2
118 120 4
149 84 3
156 83 2
181 126 3
187 84 4
79 162 2
120 136 4
8 135 1
92 15 2
182 109 4
138 160 3
103 42 1
110 142 3
190 199 4
124 155 4
194 182 4
177 158 2
150 94 1
40 182 4
4 155 2
142 60 1
85 170 3
112 62 3
31 155 4
36 153 2
194 4 1
38 89 4
13 35 3
38 183 1
41 142 3
96 22 3
64 6 2
182 151 4
188 44 4
125 59 4
13 103 4
17 194 1
169 15 2
114 157 1
132 93 1
178 85 2
94 167 3
184 133 1
129 15 2
45 26 3
187 153 4
143 116 3
99 164 3
184 186 1
17 91 1
106 183 4
171 135 2
40 54 2
169 178 2
81 43 2
119 35 3
26 80 3
168 158 3
96 110 1
154 0 1
50 106 1
97 79 2
45 152 4
68 37 1
98 197 2
149 8 1
143 62 3
191 62 4
157 37 4
136 178 3
67 2 4
8 17 1
155 17 1
35 89 4
181 177 4
154 89 4
58 79 1
173 122 1
109 55 4
74 48 1
80 129 2
95 53 4
82 129 3
167 54 4
137 126 2
153 35 4
105 91 3
27 120 2
87 94 2
6 135 4
68 112 1
166 47 1
93 19 4
121 114 2
59 168 4
39 112 3
17 149 1
43 42 2
162 78 3
35 171 3
115 144 3
107 151 1
98 88 3
24 83 4
169 95 1
6 113 3
45 129 1
67 137 4
91 167 3
163 141 2
21 166 1
37 175 3
99 5 2
93 157 2
145 89 4
83 129 1
166 43 3
135 124 4
106 164 2
82 0 1
32 156 1
67 19 2
40 10 2
165 110 1
162 37 1
45 185 4
69 111 4
189 58 4
47 128 1
155 133 4
167 47 4
23 133 3
1 168 1
101 42 4
103 196 4
12 17 4
33 27 2
132 156 2
123 186 1
94 40 3
64 121 3
30 193 1
182 96 3
56 83 1
2 159 2
154 116 4
144 159 2
45 111 2
83 27 2
52 47 1
147 132 3
111 132 2
66 28 3
141 119 2
24 41 4
21 34 4
32 73 3
107 145 4
5 178 4
82 86 4
101 105 1
168 56 1
118 58 1
74 133 2
157 25 2
35 192 4
108 157 1
13 156 4
161 181 4
149 47 2
189 161 1
55 171 1
70 105 2
95 127 3
83 110 2
79 0 4
109 137 1
135 150 1
67 122 2
19 135 3
141 37 1
87 51 3
10 135 1
112 97 1
91 197 3
7 188 4
99 97 3
4 108 1
1 116 2
144 141 4
15 48 3
147 6 2
121 151 4
155 184 2
195 114 2
129 87 3
198 171 4
66 187 3
94 62 2
102 60 3
197 176 3
19 69 3
185 189 2
137 59 1
71 148 4
117 27 3
56 125 1
41 15 3
131 88 2
41 115 3
140 2 3
20 153 2
19 60 1
106 154 1
74 55 2
160 93 1
26 78 1
121 115 3
34 155 1
54 170 2
21 47 3
135 24 1
47 180 3
14 130 2
112 124 3
147 52 1
55 144 4
177 117 2
14 24 4
38 93 2
112 180 4
152 35 1
145 130 4
95 155 3
69 165 4
162 45 4
81 78 2
46 6 3
151 123 3
160 167 4
164 183 1
91 168 4
128 164 2
16 111 1
66 121 3
184 102 3
53 101 4
89 59 2
13 145 4
67 30 3
25 190 4
101 190 2
75 102 2
147 110 1
46 62 3
136 150 2
110 196 1
111 134 4
117 17 4
142 3 2
10 57 3
116 36 3
67 84 1
74 134 4
28 78 4
42 29 2
118 131 4
107 11 3
119 44 3
158 91 1
123 116 2
114 44 3
70 174 1
86 55 1
63 97 3
55 182 3
44 191 1
149 168 3
147 26 4
124 173 4
52 33 1
50 6 4
168 38 3
188 68 4
0 184 3
128 157 3
189 25 4
182 4 4
134 8 1
121 31 2
178 171 2
128 102 2
183 26 4
149 139 3
27 58 4
17 26 3
34 26 4
106 128 2
132 139 1
186 92 1
84 120 3
155 159 1
10 84 4
18 169 3
135 36 1
130 37 2
30 60 3
94 130 2
87 147 1
87 174 1
1 197 2
70 38 3
109 110 2
54 3 1
54 35 4
101 193 1
143 1 1
167 22 3
37 45 1
177 56 2
133 46 3
186 152 3
74 76 3
175 27 2
159 101 4
178 131 1
177 189 4
161 131 3
162 172 3
49 81 2
148 58 1
88 11 1
54 80 3
65 127 1
31 13 3
37 33 3
136 196 2
20 117 4
21 17 1
166 196 2
70 195 4
168 100 1
83 63 4
39 121 4
44 182 4
177 115 3
95 170 1
181 95 3
64 45 2
17 103 4
76 81 2
95 39 1
109 53 3
138 141 1
141 195 1
76 172 3
138 113 2
180 69 4
70 77 1
19 45 4
153 15 1
147 184 2
116 103 2
184 126 1
144 1 4
165 119 3
184 127 1
62 136 3
199 37 4
126 58 1
188 198 4
175 129 2
41 76 2
42 89 1
123 70 2
137 58 3
84 196 1
117 158 3
93 108 1
137 124 4
8 42 2
192 69 2
146 170 2
102 168 3
97 93 1
128 147 1
173 73 2
54 156 2
35 198 3
66 193 2
185 17 2
106 111 3
53 190 3
24 119 1
53 72 2
39 12 3
122 170 4
194 12 2
76 126 2
119 112 2
42 74 1
30 9 1
185 118 3
7 99 2
197 4 3
162 30 1
166 55 2
54 48 3
154 90 4
131 124 4
138 55 1
127 87 1
104 10 2
29 149 4
125 145 4
25 69 4
172 22 2
131 55 3
172 143 1
1 43 2
154 124 1
154 45 1
40 53 2
182 167 2
57 170 4
40 52 1
143 88 2
60 73 4
34 1 4
76 168 2
135 126 2
81 82 2
196 36 2
121 118 1
85 181 3
25 163 1
42 170 4
98 166 1
159 105 4
64 174 3
34 123 3
89 58 2
109 141 1
190 125 1
171 62 1
183 23 1
82 150 2
52 127 1
179 67 1
147 44 1
65 169 1
65 118 4
65 0 2
39 44 2
53 77 4
157 151 4
69 128 1
39 13 1
199 117 4
28 168 1
142 149 1
12 0 1
152 21 1
8 189 3
118 136 2
145 17 1
120 150 2
76 131 3
194 19 4
129 90 4
8 12 2
166 4 4
1 11 3
121 17 2
17 108 4
179 5 3
96 11 4
129 33 2
29 116 2
16 92 3
116 94 1
13 188 4
62 141 4
185 97 4
35 40 3
46 152 2
185 126 4
81 110 3
146 86 1
150 123 2
150 90 4
77 199 2
112 25 4
115 53 1
141 196 3
148 7 4
1 70 1
132 199 1
90 55 4
22 162 4
1 142 3
163 92 3
30 95 2
2 11 4
191 34 2
103 61 2
189 17 3
68 61 2
178 118 3
130 2 1
3 90 3
11 13 1
186 122 3
173 35 1
178 152 1
148 108 1
161 36 1
179 34 3
25 153 4
9 34 1
24 86 3
123 143 4
49 5 2
139 20 4
89 198 1
141 157 2
24 35 4
141 173 2
65 41 3
57 11 2
80 139 2
135 142 2
136 108 2
97 57 1
145 87 1
135 186 2
151 174 1
153 31 2
121 119 4
76 57 3
174 83 3
75 8 1
63 95 1
78 94 3
94 169 1
139 94 1
187 165 1
26 40 1
18 112 1
199 110 4
158 44 2
