9950 200
0 35 7
1 118 5
2 137 3
3 118 3
4 124 3
5 174 1
6 135 9
7 60 5
8 67 7
9 10 4
10 16 9
11 126 8
12 137 9
13 175 5
14 26 1
15 48 2
16 123 5
17 143 9
18 131 1
19 157 6
20 34 6
21 78 2
22 0 2
23 21 9
24 74 9
25 139 8
26 189 6
27 194 2
28 176 4
29 13 6
30 113 4
31 167 5
32 1 4
33 94 8
34 4 4
35 18 9
36 198 3
37 139 7
38 194 2
39 192 3
40 180 3
41 51 8
42 40 2
43 156 4
44 196 6
45 166 7
46 151 5
47 195 1
48 28 8
49 141 7
50 25 6
51 39 4
52 48 1
53 134 5
54 59 3
55 59 2
56 73 7
57 5 5
58 98 8
59 46 4
60 145 8
61 90 4
62 24 5
63 194 9
64 156 7
65 4 7
66 36 4
67 8 5
68 51 7
69 0 6
70 119 3
71 129 2
72 56 3
73 126 9
74 105 8
75 5 5
76 67 3
77 108 8
78 102 7
79 29 9
80 182 5
81 14 3
82 12 3
83 116 2
84 83 5
85 89 1
86 44 4
87 46 1
88 129 7
89 172 8
90 148 2
91 98 8
92 14 4
93 12 7
94 118 2
95 108 2
96 38 7
97 72 7
98 149 5
99 169 4
100 71 8
101 98 3
102 72 7
103 92 8
104 2 1
105 189 1
106 46 7
107 131 1
108 127 6
109 97 3
110 168 3
111 62 5
112 73 7
113 105 3
114 41 7
115 16 9
116 12 4
117 171 7
118 165 3
119 7 5
120 173 9
121 76 7
122 132 4
123 84 3
124 58 6
125 160 1
126 103 1
127 194 2
128 25 4
129 60 7
130 65 8
131 4 2
132 65 7
133 120 2
134 125 1
135 105 6
136 54 9
137 40 7
138 68 2
139 1 1
140 142 3
141 63 2
142 73 4
143 83 3
144 190 6
145 25 5
146 134 1
147 53 2
148 39 5
149 39 5
150 123 7
151 45 9
152 48 8
153 52 8
154 185 5
155 120 2
156 118 9
157 139 3
158 155 6
159 39 9
160 169 4
161 88 4
162 94 7
163 142 3
164 140 3
165 53 9
166 52 5
167 15 5
168 185 6
169 137 3
170 92 3
171 41 5
172 12 4
173 161 3
174 55 3
175 2 3
176 59 9
177 146 8
178 101 3
179 174 6
180 98 8
181 153 6
182 31 4
183 114 1
184 56 6
185 6 6
186 150 6
187 145 3
188 192 4
189 119 4
190 72 1
191 120 1
192 111 4
193 33 8
194 93 1
195 167 5
196 119 6
197 76 5
198 64 7
199 192 1
53 37 3
96 58 2
138 61 1
89 94 1
136 47 3
179 18 3
120 49 4
69 153 1
52 119 4
76 184 4
84 162 2
75 61 2
28 143 2
52 170 3
136 11 3
184 77 2
122 16 2
66 164 3
67 9 4
61 158 1
186 54 4
4 28 2
51 181 3
146 37 1
108 193 3
38 88 1
20 30 3
184 135 3
32 17 4
138 150 3
163 48 4
173 80 4
118 73 1
37 153 4
128 175 2
107 135 2
136 42 1
62 139 4
21 165 3
83 137 3
37 193 3
45 191 1
55 4 1
128 123 4
0 108 1
129 36 3
28 55 2
36 159 3
143 171 2
192 165 1
190 196 2
170 133 4
161 167 4
94 4 1
163 146 1
173 133 3
179 152 3
174 92 1
107 146 2
131 150 1
28 20 3
64 35 4
0 197 2
136 14 3
77 82 4
81 95 1
186 66 4
124 160 2
38 102 2
21 1 1
81 50 4
122 18 2
82 42 4
51 190 3
43 159 1
79 184 1
66 95 4
66 57 2
57 189 4
169 28 3
62 120 1
5 23 4
145 79 2
154 6 3
170 130 4
60 36 2
139 31 1
155 124 2
77 168 2
62 198 4
34 32 2
94 104 4
95 195 1
163 15 4
100 12 2
36 9 2
175 23 4
50 109 4
16 179 2
57 111 1
108 31 3
69 13 1
189 159 4
70 174 3
14 143 4
80 191 1
26 56 2
77 103 2
28 155 3
189 107 4
1 66 3
143 108 1
21 173 3
0 163 3
130 121 3
143 77 1
102 106 3
111 33 1
188 93 2
56 172 3
82 112 2
168 140 3
196 153 4
127 119 4
114 179 1
101 165 1
127 1 4
153 89 2
132 199 3
102 123 2
43 89 4
191 33 2
181 194 4
177 60 3
107 83 1
12 18 3
4 82 1
119 197 1
46 42 3
172 150 2
162 171 2
181 142 3
47 186 4
67 182 3
5 127 1
22 17 2
191 141 1
107 139 4
123 89 1
199 159 3
158 98 4
188 24 2
24 116 2
8 163 3
6 176 2
20 61 4
7 19 4
136 133 4
104 135 4
145 175 2
86 163 4
21 5 1
19 155 4
121 78 2
86 174 3
134 160 3
82 79 2
199 103 3
191 174 1
97 53 4
121 26 3
179 81 1
55 30 2
159 128 4
15 146 1
111 121 3
31 103 2
97 62 3
141 0 3
100 81 1
35 132 3
10 61 2
183 159 1
93 183 4
132 28 1
188 82 1
67 112 1
158 4 3
30 164 4
70 95 1
178 129 2
31 10 3
161 42 4
10 43 3
175 57 4
58 184 3
188 173 2
169 138 4
5 48 2
68 129 1
4 151 2
117 151 4
36 120 2
64 94 4
27 81 2
162 29 2
102 188 3
54 161 3
193 89 4
170 102 3
17 23 4
196 97 4
151 98 1
118 129 3
195 188 4
175 50 2
125 36 4
35 12 1
150 26 3
25 131 3
146 182 3
182 162 2
183 36 4
78 185 4
153 45 3
115 69 1
196 158 1
82 196 1
147 186 2
36 189 4
163 194 1
20 32 2
81 198 3
80 49 4
167 25 1
190 155 1
115 101 2
47 90 2
143 38 2
158 154 2
136 2 4
169 120 1
180 184 1
114 31 3
32 133 4
81 121 2
31 65 3
122 10 3
177 133 3
53 4 4
148 160 2
21 195 4
116 192 1
96 118 3
130 0 2
15 129 4
189 101 2
90 88 1
32 165 4
120 198 3
195 142 4
43 163 3
69 64 3
149 114 3
187 130 2
13 14 4
61 155 3
79 160 4
12 80 1
164 147 4
169 101 1
112 97 2
180 119 2
123 189 2
148 104 3
135 68 2
198 121 1
78 81 1
20 68 2
32 7 2
113 158 1
139 176 4
58 162 4
69 73 2
100 40 3
162 190 1
5 182 4
76 104 4
106 199 1
166 133 3
152 93 4
175 141 2
81 0 2
32 140 3
80 53 3
6 25 3
93 34 4
59 35 3
121 54 4
141 100 3
13 124 1
153 122 4
188 59 3
66 148 1
71 36 1
67 102 3
27 188 2
44 179 4
11 43 1
33 118 3
11 75 3
88 57 1
28 56 1
143 159 2
168 109 4
142 111 2
66 98 1
189 166 3
135 79 2
145 127 1
140 85 1
96 154 4
30 190 4
11 39 4
187 170 1
32 4 1
47 64 4
84 188 2
145 91 2
104 160 3
183 53 2
170 17 1
2 87 2
171 31 4
136 61 2
112 187 4
162 77 2
76 137 3
90 29 2
115 145 1
71 187 1
145 191 3
56 20 1
152 197 1
132 162 3
87 109 4
191 63 2
197 13 4
87 196 2
84 160 4
67 129 2
109 150 2
161 69 1
111 186 1
181 198 4
160 168 2
21 91 1
146 108 1
95 26 3
196 24 4
93 0 3
70 47 2
127 147 2
142 136 4
91 74 1
122 195 3
174 143 1
104 122 1
79 175 3
129 65 3
73 67 1
30 90 4
90 7 1
146 190 4
176 21 3
26 119 3
73 116 4
112 124 4
6 36 2
100 39 1
63 113 3
176 186 2
88 2 1
8 158 1
95 80 3
171 2 4
127 48 3
3 94 1
137 109 1
125 12 1
161 18 3
77 98 2
162 14 3
67 151 1
64 83 2
103 18 2
95 103 3
68 133 3
71 22 2
22 183 1
118 142 4
164 191 1
99 131 2
9 20 3
39 10 4
109 54 3
125 119 4
129 168 2
43 116 3
96 195 3
173 93 4
125 130 4
152 194 2
192 191 1
9 66 2
61 123 4
46 64 4
89 122 3
163 75 2
181 30 2
43 103 1
146 144 4
52 34 3
82 46 2
10 103 3
148 125 2
106 148 3
73 177 1
68 5 1
67 6 2
78 134 2
180 41 2
139 120 2
23 60 4
127 125 2
141 101 2
48 44 3
133 145 4
111 153 3
44 4 4
71 110 3
73 138 2
196 138 4
163 169 2
194 139 3
99 40 4
54 79 1
29 169 4
19 8 4
77 26 1
123 107 1
196 174 3
175 99 2
96 177 4
197 153 4
199 41 2
55 163 4
101 41 1
64 60 3
43 86 3
98 89 4
84 56 4
147 101 4
196 21 3
57 173 2
6 58 1
64 171 2
83 45 3
191 179 2
21 56 4
71 21 1
62 10 2
64 91 3
50 58 1
164 55 2
112 20 2
143 51 4
51 45 4
3 156 1
61 134 4
13 112 2
19 47 1
109 63 1
16 116 2
121 142 1
155 199 2
87 118 1
23 120 2
153 96 4
148 44 3
88 16 3
44 118 3
155 135 3
23 2 4
113 66 4
171 43 1
141 43 1
37 137 1
33 19 4
133 64 2
85 184 4
190 73 1
114 35 1
163 13 3
120 30 2
96 185 2
178 137 3
140 22 3
132 46 1
120 9 2
131 118 3
101 7 2
104 72 4
146 89 1
129 113 3
14 108 1
164 26 2
1 57 2
88 173 3
87 52 2
106 177 2
28 119 3
133 107 4
34 111 3
132 123 2
116 52 1
93 36 2
77 131 4
179 150 2
63 7 3
160 180 2
43 68 3
39 119 4
41 163 2
22 133 4
103 164 4
120 33 2
193 192 3
112 47 3
166 104 2
34 147 1
18 41 2
97 110 1
175 192 3
38 109 2
31 161 3
14 141 4
118 90 3
120 136 3
22 92 2
127 37 1
108 19 1
78 193 2
98 10 1
73 15 1
101 173 3
83 24 3
116 94 1
151 31 4
194 57 4
38 169 4
27 103 1
144 28 3
119 49 2
21 105 3
184 127 1
80 123 1
66 94 1
192 197 3
129 59 4
169 80 2
81 199 4
32 160 2
51 23 3
127 16 2
64 123 1
105 38 4
117 166 4
29 104 2
93 39 1
139 197 1
102 126 2
74 87 2
53 68 3
150 129 2
26 106 4
40 58 4
80 196 2
169 198 4
119 117 1
171 136 1
158 132 3
82 101 2
71 5 2
125 7 4
158 75 4
50 3 3
7 140 1
184 46 3
95 54 1
193 196 4
55 32 2
190 87 1
9 57 3
92 64 4
51 167 1
127 161 1
13 16 3
1 126 3
78 45 3
115 17 1
98 50 2
176 62 2
29 128 2
98 74 3
137 143 4
172 129 1
119 188 3
165 8 2
174 159 1
98 187 3
4 51 1
179 186 1
100 195 4
84 36 4
98 80 4
116 55 4
14 117 4
183 76 2
153 42 3
79 19 2
10 147 3
177 68 3
70 57 4
193 199 2
20 70 1
48 126 4
181 140 3
20 170 1
106 158 1
47 87 1
122 36 4
159 96 1
96 135 3
154 134 4
47 199 3
155 187 4
51 147 4
43 133 1
67 196 3
39 64 3
39 55 3
60 133 4
2 145 2
45 177 3
191 146 4
13 183 2
93 177 1
13 85 3
41 179 4
12 179 1
12 173 3
162 120 1
153 62 4
16 196 3
79 103 1
107 173 4
189 161 2
34 177 2
72 80 3
36 70 1
13 119 2
122 102 1
5 123 1
165 93 1
107 120 3
24 87 1
36 119 3
167 85 3
183 14 4
103 57 4
174 190 4
148 48 2
179 118 1
191 84 4
122 97 2
116 147 4
184 117 3
17 84 4
28 70 3
125 146 1
4 76 1
77 58 1
21 159 2
47 56 1
45 53 1
191 48 3
157 118 1
65 137 1
83 122 3
143 106 2
82 75 2
142 144 1
174 81 1
182 68 1
137 88 3
186 13 2
62 84 2
128 4 3
75 89 1
109 122 4
58 182 2
152 53 4
154 22 2
78 18 2
60 108 1
141 143 4
47 190 3
39 184 1
65 112 1
9 107 4
176 88 2
69 141 1
72 109 1
43 71 4
37 159 4
130 164 1
84 182 2
166 148 4
72 185 2
163 10 3
117 37 3
188 129 2
106 64 2
34 165 3
64 59 4
10 167 2
160 121 1
36 180 3
139 130 1
123 28 1
90 178 2
51 38 2
81 25 3
9 53 4
116 23 2
39 131 4
8 169 3
168 83 3
63 45 4
186 61 2
146 12 4
96 140 4
176 105 4
197 57 2
11 158 4
7 131 1
74 172 4
1 106 4
19 87 4
83 140 2
105 29 3
148 122 2
189 90 1
34 68 2
79 4 1
59 78 3
3 59 4
73 3 4
5 193 1
102 64 4
158 181 3
83 120 4
113 124 4
104 70 1
136 46 4
197 167 2
171 40 3
184 163 1
87 25 4
2 16 3
29 109 1
13 35 3
43 9 1
132 130 4
49 179 4
118 9 1
46 95 2
116 151 3
80 51 1
198 93 4
51 31 2
20 21 4
81 109 4
174 46 3
4 9 4
47 171 2
136 135 1
154 164 3
43 118 4
47 36 4
151 54 3
83 199 4
80 42 4
80 119 1
62 48 2
115 5 1
53 143 1
6 137 2
45 75 1
192 41 2
98 49 2
145 52 3
183 133 3
157 27 3
92 73 1
123 37 1
117 15 4
138 66 2
82 133 3
150 20 2
136 19 2
151 82 1
136 106 1
48 50 4
100 152 2
182 112 4
178 168 1
37 147 4
189 109 1
24 63 3
61 38 4
70 195 4
161 55 4
58 129 3
81 128 2
64 174 3
38 185 1
196 50 4
189 84 2
107 101 2
22 5 3
94 20 1
140 153 2
60 175 2
166 90 3
81 120 4
72 73 1
184 8 4
123 23 2
74 60 3
69 184 4
79 150 2
197 155 3
156 28 3
64 113 4
119 168 3
23 52 2
62 78 4
15 19 3
53 49 4
103 48 2
104 28 1
112 105 2
102 101 4
189 178 4
128 113 1
40 74 4
168 193 4
3 65 3
176 0 1
136 199 2
153 136 3
87 44 2
137 8 4
76 132 2
70 182 2
102 153 1
158 147 3
184 164 2
173 75 1
86 102 2
93 20 2
90 82 4
173 125 3
101 81 2
7 130 3
123 17 2
137 141 1
179 48 3
25 146 2
71 119 2
96 192 4
26 161 4
198 173 1
25 89 4
144 96 3
49 196 1
160 197 3
113 111 2
43 160 3
87 4 2
2 13 2
178 136 1
107 75 3
115 109 4
101 125 1
148 98 1
37 42 4
14 164 4
80 68 3
188 184 3
91 65 4
164 180 3
85 133 3
88 180 2
110 84 2
47 117 1
125 157 1
195 18 4
6 53 3
183 84 2
11 0 4
5 88 3
136 161 2
5 173 4
6 102 1
30 106 1
58 160 1
149 143 4
43 179 4
53 89 4
10 8 1
72 177 3
48 199 1
183 132 2
123 27 1
27 105 2
122 164 3
94 11 2
65 103 1
59 24 1
49 47 2
98 15 3
172 153 2
111 15 4
134 66 4
175 103 3
185 193 2
81 73 4
161 181 2
96 93 3
123 151 4
136 74 1
83 67 4
126 17 1
59 57 4
197 96 4
147 125 1
22 85 2
109 52 3
171 5 4
178 124 3
48 56 1
170 189 3
130 197 3
55 41 4
78 72 1
70 123 2
170 134 1
94 39 2
2 51 1
190 114 2
117 112 2
82 34 1
112 193 3
142 71 1
33 32 4
129 114 4
179 32 2
176 87 1
122 135 2
93 22 3
193 75 3
56 155 2
81 65 2
81 106 4
102 37 4
10 15 1
23 112 2
162 130 4
66 80 1
120 119 3
167 16 1
151 79 3
127 103 3
92 119 3
177 61 1
19 78 3
13 62 2
105 60 3
135 80 4
40 1 3
102 65 3
75 137 4
24 60 4
75 12 2
15 35 1
74 48 4
12 187 4
113 116 2
88 31 4
175 121 3
17 142 1
150 116 3
88 178 1
115 190 3
122 159 2
97 76 3
56 14 1
147 169 3
157 132 2
53 117 2
10 58 2
79 147 3
114 130 1
170 197 2
146 127 4
71 1 3
133 45 2
19 70 3
159 16 2
197 91 2
129 69 3
32 72 3
126 133 4
155 130 1
159 185 4
190 31 2
146 11 3
136 122 2
19 101 1
129 79 4
78 169 2
183 108 3
34 146 3
103 40 1
10 47 2
181 102 4
183 50 1
91 42 4
88 126 4
136 174 1
37 79 4
185 129 2
46 126 1
1 74 1
19 42 4
86 82 4
122 145 4
27 98 3
50 163 3
131 95 4
86 124 1
9 167 3
97 165 1
20 23 2
87 35 3
40 120 4
34 5 3
185 155 1
86 25 1
62 98 2
162 62 1
13 38 1
141 156 2
198 101 1
125 113 3
129 189 2
28 73 1
27 58 4
166 18 1
193 22 4
79 20 3
32 169 1
38 110 4
13 123 4
177 147 1
126 146 2
19 128 3
41 39 3
195 46 2
157 192 1
85 88 4
29 60 4
29 133 1
138 35 1
117 68 2
180 166 3
167 35 2
110 122 1
20 101 1
26 123 1
2 70 4
187 80 1
11 188 1
168 123 4
119 118 2
126 59 4
31 191 2
52 138 2
42 143 3
47 182 1
21 187 2
181 146 3
72 122 2
114 148 3
64 4 4
187 67 3
107 29 4
6 83 1
83 145 4
55 186 3
107 37 4
4 173 2
42 61 2
155 96 3
148 8 2
175 154 2
98 124 2
124 26 2
57 190 2
122 41 2
91 195 1
37 28 2
175 138 3
178 192 2
74 16 4
41 11 3
51 15 1
157 181 4
140 165 3
109 196 1
137 19 1
60 179 3
33 144 3
66 39 1
100 93 3
195 2 2
167 32 2
13 77 4
110 132 1
140 156 4
108 40 4
18 141 2
196 89 3
50 139 3
198 179 3
173 145 4
14 2 4
74 22 3
41 120 4
49 50 4
52 81 3
164 52 4
187 161 2
44 92 2
117 50 4
46 38 3
182 63 4
137 149 1
37 173 2
163 127 4
197 121 4
140 90 4
99 141 1
119 176 3
155 5 3
151 53 3
181 2 4
174 137 4
42 178 1
195 131 4
21 134 3
150 4 1
76 54 3
36 44 3
89 5 1
178 47 4
67 168 1
17 114 2
97 93 4
128 102 3
96 42 2
63 75 3
176 108 3
32 108 1
46 7 1
196 47 3
52 128 4
44 193 4
118 167 2
171 93 4
112 199 3
58 5 1
5 62 4
161 94 3
95 141 4
117 106 3
24 133 3
176 106 1
47 91 4
80 89 2
28 198 4
49 181 2
196 59 3
158 12 1
80 1 2
78 107 3
159 56 2
77 197 2
143 175 3
139 40 4
69 110 4
84 143 3
115 24 1
88 140 3
192 185 2
37 71 2
178 73 2
77 170 4
113 133 2
41 125 4
26 194 2
190 76 1
128 75 4
15 49 2
65 52 4
91 59 4
173 128 3
19 59 4
161 179 3
56 180 1
157 175 2
97 103 1
23 104 4
106 157 2
149 22 1
73 41 4
2 47 3
186 119 2
125 114 2
132 197 3
123 38 2
192 32 3
43 81 3
68 99 3
156 57 3
144 108 2
199 126 3
133 167 1
4 113 3
174 42 4
36 199 4
137 173 1
55 128 3
188 41 2
124 170 2
24 40 4
158 80 2
72 197 4
33 37 2
1 53 2
67 197 4
77 109 1
168 113 4
133 27 3
143 170 3
161 19 1
47 106 2
196 20 1
168 1 1
111 118 3
58 103 2
27 80 1
66 2 4
197 75 1
18 34 3
93 40 2
43 100 3
61 146 2
172 174 4
90 49 2
191 176 4
172 196 2
58 3 4
139 147 1
70 150 1
72 8 1
148 195 3
125 68 2
103 91 1
145 58 4
143 138 2
21 61 1
132 10 4
165 68 4
154 79 1
0 98 1
17 184 3
75 64 2
78 106 4
111 165 4
194 157 2
56 103 1
63 147 2
82 33 2
46 115 1
157 24 2
31 134 3
10 23 3
42 7 1
10 145 4
107 104 4
3 81 2
144 31 1
85 163 3
92 37 3
26 21 1
135 146 4
36 50 3
189 180 2
30 125 1
147 141 4
108 87 2
82 61 2
84 190 1
147 90 1
13 109 4
59 113 1
12 123 4
12 30 2
68 36 1
47 85 4
153 71 4
30 49 2
59 135 4
7 65 2
60 127 3
114 176 2
51 137 3
158 133 1
104 192 2
164 8 1
10 189 4
49 69 3
191 81 3
153 47 1
32 19 1
21 30 1
182 133 2
22 52 4
69 172 1
8 1 1
29 191 3
123 198 4
167 125 1
69 183 3
59 159 2
90 85 2
30 66 2
107 87 3
133 103 2
52 140 3
30 32 2
121 116 4
4 152 2
129 181 1
71 103 4
169 166 2
100 32 4
58 189 4
48 135 3
177 152 3
198 199 2
112 151 1
19 163 1
104 10 4
174 17 3
69 34 1
113 89 2
128 163 3
137 60 2
33 26 3
6 61 2
115 121 1
180 190 1
192 35 2
0 113 1
42 88 1
185 104 4
53 24 4
97 32 4
50 73 3
197 178 2
27 60 4
111 1 2
48 41 3
147 143 3
2 75 4
157 65 1
119 18 2
188 189 2
45 41 1
170 84 1
105 35 2
77 164 1
146 39 4
2 184 2
60 136 4
70 101 3
16 18 3
140 60 3
52 82 2
114 37 1
46 41 4
188 5 1
186 128 2
176 160 3
57 23 3
71 112 2
112 92 4
28 197 1
27 126 2
5 92 4
115 182 1
15 109 3
110 175 1
135 35 3
114 160 3
61 117 2
115 60 3
148 176 2
174 184 2
8 156 1
53 84 1
187 69 1
61 148 4
85 44 4
58 100 1
35 133 2
77 144 4
30 199 1
4 143 3
32 139 2
188 139 3
99 15 3
72 69 1
77 54 4
117 73 1
190 85 2
112 79 2
77 0 2
158 109 2
100 59 4
106 155 2
134 109 2
4 74 1
11 63 2
77 127 1
4 125 1
66 139 3
8 92 3
53 188 3
105 199 3
149 5 2
156 104 3
113 88 2
22 84 1
110 27 4
123 147 2
140 81 3
33 36 4
47 169 4
6 134 3
58 197 4
4 140 3
49 91 3
105 64 4
14 128 3
31 75 2
192 53 2
197 145 1
50 192 2
20 199 1
185 179 1
29 121 2
194 144 3
189 60 3
139 73 1
25 136 2
62 18 3
154 90 2
85 127 3
23 171 4
153 39 3
75 196 4
94 7 4
38 35 4
19 41 3
82 68 3
94 115 3
60 170 2
4 59 4
100 159 4
176 174 2
136 88 3
174 106 3
155 49 3
39 91 2
122 1 3
116 70 2
172 15 4
9 172 3
104 93 4
83 182 1
160 153 3
16 160 3
93 197 4
21 10 4
92 21 3
194 32 3
136 162 1
35 137 4
186 127 3
33 175 2
121 99 1
84 76 4
184 51 3
78 148 3
72 114 4
49 194 1
99 88 3
17 97 2
111 180 1
91 23 3
111 104 3
175 71 2
42 152 1
44 116 2
184 9 2
7 59 4
106 168 1
33 136 1
111 45 1
59 122 1
7 151 3
44 127 1
131 76 1
91 10 2
2 65 3
44 169 3
81 116 4
20 35 1
59 53 4
46 25 4
155 7 3
134 102 2
39 43 1
13 137 4
199 156 4
117 189 3
80 86 2
145 185 2
124 51 2
27 190 4
0 159 2
23 11 4
157 165 1
157 15 2
125 65 2
193 181 1
171 83 3
7 192 4
70 60 2
133 19 3
103 128 2
116 166 4
154 99 3
74 171 3
2 0 3
39 164 3
161 15 1
152 185 2
110 12 3
160 147 2
42 130 1
121 106 4
160 77 4
153 15 1
190 109 1
66 24 1
67 33 2
76 11 3
145 97 2
5 181 4
115 36 4
170 42 3
151 199 4
148 14 3
86 153 2
182 73 1
45 71 2
75 97 4
106 60 2
137 160 4
107 188 1
78 95 2
128 40 2
132 87 4
132 1 1
143 16 3
32 174 4
107 172 3
152 1 1
188 77 2
163 168 4
162 183 4
117 114 4
195 117 2
160 8 3
180 51 1
141 55 2
74 35 2
183 18 2
54 11 2
43 157 2
150 180 2
51 174 2
96 99 2
116 188 2
109 86 2
138 40 1
186 131 1
150 154 4
82 107 2
73 16 3
56 59 2
88 199 2
90 81 3
129 86 2
186 71 4
166 23 4
24 42 3
105 109 2
39 188 1
25 150 4
198 79 2
145 49 3
189 128 4
130 13 3
126 23 3
175 125 1
122 4 1
82 108 3
127 32 4
73 188 4
33 3 2
182 157 3
51 49 2
30 27 1
103 29 4
183 47 3
111 141 2
91 44 3
50 124 1
85 1 4
92 23 2
122 74 3
148 182 1
3 45 4
112 121 1
89 31 1
93 15 4
119 20 3
109 47 4
71 67 2
62 28 2
135 113 2
176 69 3
172 134 4
172 103 2
14 42 1
149 73 4
71 152 2
35 1 4
135 76 4
6 187 1
154 182 3
75 110 2
94 189 2
23 7 4
17 119 3
66 22 2
97 164 3
64 147 3
8 193 4
36 11 1
123 66 4
92 197 1
91 107 3
147 14 1
192 23 2
36 86 2
99 195 2
164 64 4
89 28 2
172 110 4
73 47 1
159 181 4
191 195 3
134 121 4
71 82 4
130 87 4
20 171 2
144 5 4
143 173 2
29 4 1
70 40 3
108 175 3
189 179 4
159 81 1
45 86 3
23 49 2
25 121 1
133 44 2
123 92 1
45 162 1
171 179 3
44 94 1
167 187 4
2 168 2
141 87 4
35 136 1
156 167 2
85 23 4
15 101 4
118 16 4
141 51 3
166 150 3
104 179 1
8 94 2
79 97 2
17 136 2
107 76 2
143 146 2
137 21 1
116 139 1
73 197 4
156 11 4
35 156 1
139 106 2
92 20 1
194 172 3
84 174 1
168 54 3
151 153 1
189 157 3
50 140 4
74 170 2
126 68 3
176 141 1
154 36 4
179 102 2
189 153 3
146 178 1
169 165 3
178 128 3
166 57 3
100 105 4
121 75 4
2 42 2
131 157 2
179 62 2
186 51 4
132 187 2
115 87 2
189 31 4
38 197 2
96 94 3
81 30 3
3 131 1
154 55 3
127 124 2
131 2 4
92 110 2
38 29 4
174 1 1
23 48 3
181 124 4
69 62 3
139 96 1
188 78 4
34 64 4
15 12 4
127 87 3
189 173 2
82 14 4
198 91 2
76 20 2
99 101 3
153 23 4
31 140 3
165 114 4
40 54 1
155 179 1
182 37 4
13 37 1
118 101 3
37 116 4
102 49 1
46 48 1
40 178 2
89 97 2
27 3 4
92 160 4
107 136 3
132 82 2
82 125 1
95 129 3
150 146 3
85 149 1
26 168 4
57 147 1
167 182 4
44 185 1
115 196 2
165 150 2
91 40 2
136 27 1
30 62 1
175 171 4
146 172 4
167 70 4
36 63 2
105 153 1
8 126 1
48 0 2
13 99 3
146 173 1
198 195 3
3 134 3
145 66 3
70 187 4
191 125 4
183 42 3
149 179 3
44 83 1
133 80 3
183 31 1
6 119 2
150 126 1
56 139 3
159 116 4
63 68 2
147 44 3
26 125 4
14 170 2
64 130 4
137 46 2
43 50 3
170 108 4
155 51 4
159 18 4
140 72 3
90 129 4
31 30 2
112 44 3
79 126 4
81 99 1
127 180 3
176 183 2
116 172 4
159 40 2
20 123 2
175 198 2
183 191 1
172 6 2
17 156 1
149 97 4
176 33 1
45 121 3
28 76 1
19 138 2
47 53 2
82 11 4
17 35 4
0 71 1
50 52 4
155 113 4
82 87 3
192 28 3
123 111 2
157 69 1
117 126 3
154 197 1
110 182 2
174 74 4
30 64 4
145 38 4
78 63 1
79 35 1
78 151 4
111 148 1
115 153 3
69 94 4
56 110 1
176 63 3
172 39 1
37 1 2
100 69 3
195 189 2
83 82 4
23 154 4
72 136 1
187 2 3
71 165 1
159 9 3
132 177 1
138 139 2
7 84 2
28 193 1
193 87 4
65 163 2
156 145 2
38 3 4
24 158 3
179 166 2
141 194 2
119 25 2
8 143 3
168 126 4
77 86 1
143 96 1
153 76 4
61 179 4
10 50 4
114 162 2
152 82 2
157 18 2
156 25 2
194 70 1
6 159 3
64 169 4
115 126 3
180 130 4
163 11 3
76 176 2
71 189 4
23 79 2
77 17 2
34 8 2
99 159 2
159 77 2
131 176 2
144 14 4
94 114 3
56 196 1
82 94 4
32 181 4
104 133 2
6 98 1
119 156 2
55 142 1
91 43 2
53 34 2
188 18 1
31 185 1
19 72 4
131 145 2
85 38 1
130 100 3
191 17 4
63 165 3
15 85 1
102 95 3
37 134 3
45 99 1
186 85 1
176 7 1
110 87 2
162 8 4
97 127 4
122 175 1
144 39 1
170 121 1
173 196 4
122 190 3
7 44 2
11 134 3
112 93 3
146 52 2
137 168 1
9 186 2
85 26 2
4 161 3
128 68 3
120 109 3
199 125 1
127 134 1
165 43 3
100 133 2
192 182 1
46 66 3
184 62 1
117 154 2
190 67 3
137 180 4
194 3 3
185 83 1
198 14 4
154 136 2
173 114 3
138 149 1
27 4 3
156 121 1
68 171 3
89 60 1
2 132 4
197 7 1
79 96 1
161 87 2
76 146 4
65 114 1
16 163 1
119 75 3
17 0 1
154 125 1
156 2 4
116 14 1
47 174 1
12 157 2
105 101 3
66 179 4
26 184 2
124 55 3
53 46 2
56 146 4
44 11 3
133 1 3
185 164 1
60 159 1
3 122 4
163 54 4
187 129 4
48 100 3
105 83 3
195 9 1
170 150 1
33 112 3
155 16 3
139 181 3
151 100 3
99 198 3
28 168 3
174 8 2
117 161 4
101 30 2
134 163 3
31 47 1
171 39 2
132 131 1
123 113 4
113 78 4
154 80 1
50 166 4
120 44 3
103 110 1
53 139 3
6 69 4
152 107 3
113 118 1
49 37 4
92 105 3
16 70 3
107 125 4
150 193 4
110 64 1
102 40 3
24 8 3
142 160 3
49 16 4
2 102 1
58 20 4
125 123 2
163 17 4
35 31 1
127 195 3
126 139 4
153 57 2
142 131 4
81 155 1
0 125 4
53 95 4
168 159 3
122 81 4
103 104 2
26 29 1
117 191 1
77 84 3
115 39 1
16 93 4
187 35 1
40 136 2
80 116 2
175 8 2
80 151 1
105 146 2
198 168 2
55 147 4
124 108 4
181 97 3
46 192 1
26 40 1
124 10 2
123 30 2
18 76 2
140 76 3
7 38 1
0 101 4
151 194 4
44 47 1
67 117 1
19 66 3
127 154 3
21 45 3
98 18 1
125 17 4
128 42 1
98 115 1
32 29 1
150 45 4
187 165 3
33 198 2
9 115 4
169 183 3
35 125 2
29 123 2
109 186 1
0 119 1
187 106 4
80 114 3
27 92 3
150 2 1
36 62 2
153 61 1
124 64 4
144 136 1
154 4 1
88 166 2
156 159 1
105 65 4
27 77 2
135 47 3
190 119 3
43 151 2
41 193 4
90 98 4
199 170 2
16 65 4
151 33 4
156 47 3
52 9 1
42 11 4
60 114 2
153 171 3
45 157 3
151 5 1
179 50 2
182 38 4
143 78 1
148 173 4
75 73 1
181 165 2
98 163 4
48 190 3
92 166 1
3 186 2
195 180 4
95 82 4
107 156 4
59 85 1
104 8 4
151 68 4
72 180 4
80 17 3
115 13 1
143 144 2
57 45 4
17 172 3
33 92 1
30 175 4
104 53 3
142 43 2
191 34 1
7 144 2
98 160 4
129 130 1
185 158 1
183 117 4
135 140 4
111 197 4
32 84 2
123 164 1
112 81 1
158 111 3
57 11 4
88 60 1
70 79 2
88 112 3
17 181 2
172 165 3
110 145 1
130 110 2
145 45 4
129 53 1
128 47 4
7 164 3
55 27 1
134 148 3
124 139 4
169 158 2
3 145 1
166 108 3
94 141 4
78 94 1
130 32 1
61 193 2
91 68 1
189 39 4
42 93 1
179 91 2
10 191 1
106 25 3
169 42 2
129 5 2
109 30 4
20 6 3
74 188 1
18 65 3
84 25 2
36 34 2
119 4 1
181 82 3
60 26 2
195 163 1
163 58 3
78 83 2
145 183 4
179 112 1
181 126 1
89 155 2
102 187 2
4 156 3
149 75 2
109 167 3
176 196 1
84 168 3
63 56 3
69 175 2
0 149 3
21 47 1
24 150 4
36 176 2
0 168 1
63 79 4
122 123 3
176 137 3
62 19 2
112 34 2
104 154 1
22 109 1
63 97 1
19 165 1
45 67 3
187 182 4
126 167 1
83 176 1
175 174 4
143 150 4
171 0 4
59 66 4
149 102 3
148 27 4
28 103 3
132 43 2
61 35 4
158 39 3
53 10 1
94 63 1
174 115 2
119 48 1
33 105 1
161 72 1
80 147 4
54 102 2
157 61 4
40 21 4
175 137 3
53 11 2
143 31 2
133 34 1
33 148 1
187 153 2
108 97 2
79 91 1
120 18 3
123 124 3
68 16 3
132 185 4
176 11 3
176 124 4
30 128 4
10 131 4
88 30 4
27 47 3
42 50 3
13 76 2
193 116 1
121 131 3
26 86 3
143 117 2
95 39 4
175 160 4
7 174 2
85 153 3
154 170 3
176 77 2
151 178 2
109 151 4
28 42 1
196 48 4
177 122 1
156 113 2
54 16 1
25 12 1
134 156 4
10 42 4
79 88 4
55 150 2
105 122 4
193 67 4
154 24 3
148 91 1
83 21 2
112 77 4
3 142 2
55 155 2
113 58 2
137 167 2
22 55 3
127 69 2
26 31 2
37 48 2
161 83 2
181 11 4
161 48 2
177 189 2
180 148 3
177 33 2
25 54 2
116 127 2
148 193 2
19 174 1
19 24 4
132 120 4
152 144 3
86 90 4
174 189 4
187 18 2
42 45 3
169 16 4
61 162 2
82 38 1
122 117 3
25 116 4
111 70 4
86 32 1
160 145 3
182 22 2
63 0 4
18 174 3
148 138 2
164 117 3
62 131 2
37 103 3
173 111 3
43 69 4
146 161 4
120 170 1
181 13 2
49 88 1
47 34 2
118 124 1
74 58 1
174 66 4
157 178 4
23 147 1
168 149 1
61 59 1
42 84 4
18 129 1
196 95 4
151 22 1
130 120 1
34 62 4
68 116 4
97 100 2
131 73 2
1 167 4
178 123 2
89 57 1
93 41 2
67 54 2
175 173 3
140 191 3
149 180 3
30 137 1
125 105 4
7 2 3
24 148 1
164 169 3
4 41 3
141 88 3
197 103 1
47 16 3
199 116 3
15 110 2
2 152 2
33 195 3
81 20 3
93 52 2
179 6 4
117 69 3
163 82 3
87 174 4
105 126 2
39 182 2
102 167 4
127 83 3
75 178 4
176 53 3
90 37 2
50 6 2
166 164 3
58 39 4
147 84 1
97 116 3
123 94 3
157 83 1
45 18 1
153 191 4
127 130 1
77 116 4
193 38 2
12 114 1
146 0 3
95 132 3
197 39 4
162 175 4
128 185 1
168 181 4
179 141 3
16 22 1
22 79 4
80 83 4
145 130 3
46 150 2
48 183 2
80 6 4
193 135 3
128 62 3
33 100 3
67 156 3
166 192 3
160 80 1
135 71 1
25 175 3
135 182 2
78 117 2
144 154 4
167 58 2
98 167 1
20 47 4
23 25 2
132 16 1
74 106 2
127 153 3
46 1 3
19 36 1
146 104 4
1 52 1
72 39 1
192 119 3
170 76 1
25 19 2
42 35 2
31 79 3
100 189 3
95 74 3
33 16 1
106 56 1
99 84 4
15 131 2
159 34 2
33 69 2
120 35 3
91 93 2
145 72 4
165 183 1
68 84 1
136 118 2
145 74 3
35 165 4
154 151 3
106 32 3
127 188 4
115 152 2
136 92 3
46 20 4
180 134 2
75 35 4
108 138 4
134 150 2
72 147 4
130 82 2
62 72 2
79 153 4
183 198 3
164 79 1
85 195 3
159 42 4
48 13 2
167 111 1
57 138 1
52 186 1
60 87 2
82 153 3
184 172 1
183 58 1
105 172 3
50 155 2
185 186 3
92 150 2
178 82 1
6 114 2
124 34 4
65 68 1
135 171 4
4 159 3
138 120 1
81 125 4
6 29 2
171 154 1
71 137 4
13 110 3
83 53 2
98 51 3
9 84 4
88 153 1
84 115 1
91 48 4
101 76 3
58 170 4
137 9 3
98 146 1
139 100 4
177 98 1
195 184 4
168 56 2
197 161 4
158 78 3
21 11 2
78 171 2
76 94 1
85 46 1
56 137 1
36 78 4
182 160 1
193 66 3
5 98 4
31 195 2
23 152 2
32 121 3
83 139 3
38 196 4
5 11 1
173 168 2
16 173 4
187 107 2
197 113 2
20 161 3
36 2 3
43 138 1
108 197 1
117 24 3
163 145 3
146 29 2
109 145 4
55 5 3
121 167 4
102 129 3
2 141 4
153 34 2
67 82 1
98 137 3
89 174 4
28 163 4
167 8 2
82 161 1
139 7 1
125 112 3
162 112 4
188 70 3
170 94 3
70 103 1
38 6 1
187 99 3
138 198 2
9 187 4
59 174 1
157 117 4
171 199 3
190 45 1
123 15 4
46 71 3
87 129 3
189 120 1
24 139 3
179 7 2
150 133 1
44 74 2
162 159 4
151 147 4
186 103 1
112 68 2
59 163 4
161 68 4
176 130 3
19 65 4
133 140 2
165 146 2
120 118 4
57 15 4
58 148 1
40 118 2
71 102 2
7 97 2
71 115 1
61 109 2
32 101 1
101 34 3
34 118 3
182 69 1
124 106 1
51 53 1
121 50 3
162 199 4
161 157 2
21 24 3
65 141 1
58 127 2
173 149 4
194 150 4
179 158 2
97 166 3
98 17 1
43 63 2
50 185 1
54 38 3
10 24 3
190 159 4
20 111 1
142 98 4
189 65 1
17 132 3
66 16 3
147 185 1
45 122 4
136 97 4
57 150 3
183 173 3
67 16 2
104 137 4
29 15 4
69 122 2
69 88 2
191 75 4
116 19 3
89 37 4
98 30 3
126 34 2
174 88 1
49 163 1
177 176 2
140 59 1
20 102 4
79 83 2
108 115 4
197 26 3
33 47 1
45 13 3
117 56 4
196 107 1
27 57 4
63 170 2
63 66 1
91 163 4
188 166 4
161 128 3
97 158 1
46 65 3
177 37 3
134 143 1
186 91 2
166 74 3
10 195 4
199 188 4
72 154 3
172 151 4
135 161 3
148 107 4
71 166 1
55 13 1
136 87 3
196 81 2
129 125 1
197 55 2
25 138 1
126 42 4
140 19 4
87 182 4
171 89 4
87 55 4
119 30 1
5 119 4
143 133 4
129 29 2
82 88 1
78 187 4
88 175 2
192 24 4
173 62 1
159 50 1
121 65 4
77 7 2
27 13 4
115 157 2
68 146 2
83 184 1
52 43 2
59 51 3
27 185 1
41 98 2
169 174 3
111 27 4
117 79 2
21 69 4
26 68 1
3 77 1
25 4 3
55 56 3
128 59 1
28 125 4
110 44 1
24 124 2
50 53 4
181 93 1
184 156 3
14 57 3
72 93 1
65 195 1
71 77 1
81 152 4
160 54 2
113 195 2
123 105 2
145 111 3
185 122 3
162 127 1
26 177 4
189 54 3
152 112 1
67 56 3
86 78 2
164 131 1
182 98 3
17 150 1
110 88 1
89 134 1
164 127 1
59 108 2
143 120 1
119 15 4
167 198 4
149 29 2
158 88 2
98 156 3
30 134 1
68 11 2
93 69 2
140 136 2
85 75 4
182 23 3
77 113 1
83 42 4
48 59 4
164 43 2
163 56 1
19 171 3
156 193 4
32 156 4
2 68 3
63 187 4
35 100 1
127 157 1
187 150 1
104 114 3
69 136 1
156 62 1
58 155 1
69 112 2
41 5 2
76 35 2
123 155 4
120 77 1
0 164 1
49 72 2
195 89 4
123 97 2
13 53 4
56 97 4
28 97 3
3 175 1
84 80 1
110 101 3
50 181 3
62 164 4
12 41 4
126 84 3
99 23 3
189 131 4
104 58 3
117 121 4
51 87 4
65 147 1
27 28 2
55 25 2
56 198 4
187 175 1
113 182 4
183 55 4
138 178 2
51 32 2
164 109 1
125 39 4
44 12 2
45 199 3
119 21 3
81 80 4
164 171 1
42 70 2
28 140 1
56 199 2
194 193 2
113 181 3
46 102 1
161 39 3
6 180 2
6 121 2
95 37 2
123 119 4
150 132 4
196 185 4
167 119 3
194 148 1
186 69 3
131 96 1
185 118 2
34 79 3
34 138 4
182 127 4
5 15 3
36 190 1
159 164 4
40 78 1
108 182 4
38 91 3
106 181 3
79 132 1
81 131 3
117 113 2
198 166 1
114 98 1
47 198 4
124 79 2
47 60 1
60 17 3
151 47 3
38 8 2
88 135 2
71 63 4
3 171 2
110 53 1
119 66 2
127 118 3
90 46 1
103 140 2
93 153 1
27 134 3
18 91 3
114 140 1
137 48 4
101 88 4
18 158 4
108 42 2
191 172 4
152 116 2
187 149 1
163 175 2
26 2 2
146 60 4
78 170 4
67 186 2
58 65 4
136 45 1
103 102 2
179 168 2
9 190 4
47 188 3
13 166 2
50 122 3
26 89 1
132 9 3
164 15 3
111 176 1
15 130 1
33 192 2
31 179 4
12 169 2
73 121 1
24 18 1
160 73 4
160 69 2
31 175 4
134 173 3
79 171 4
151 119 2
25 0 3
25 82 4
48 133 3
130 107 1
103 7 2
27 54 4
61 0 1
84 176 3
136 83 4
11 118 2
38 23 4
128 166 4
21 199 2
103 107 2
82 62 1
126 67 4
155 9 2
0 16 4
76 92 1
60 21 1
33 128 3
127 93 2
76 80 2
10 69 3
194 140 2
78 17 4
126 152 2
133 165 4
193 139 3
109 197 2
14 120 3
30 18 1
91 51 2
184 131 3
113 52 4
61 126 4
198 68 1
97 185 3
10 172 1
155 196 1
4 130 2
92 168 1
183 29 2
151 185 4
12 43 3
60 3 3
12 10 3
78 12 4
7 195 2
5 12 3
35 10 1
196 61 3
26 198 4
161 44 1
100 121 1
141 151 3
174 132 2
170 89 1
33 4 2
132 90 4
121 146 4
74 178 2
107 46 2
100 60 2
65 10 1
100 5 3
126 174 4
97 29 3
114 82 1
168 117 2
41 116 1
112 87 2
162 35 3
151 160 2
187 119 1
46 56 3
79 197 2
20 141 4
74 51 2
163 192 2
50 51 2
140 62 2
73 94 2
184 34 1
82 13 3
130 151 1
191 111 1
10 80 2
110 54 2
8 119 3
174 40 1
198 31 2
35 60 1
164 93 2
67 133 1
137 31 1
100 82 4
130 142 1
155 149 3
25 18 1
46 81 3
99 155 2
138 191 3
186 39 1
94 29 2
183 105 4
31 44 2
182 126 1
189 32 3
110 77 3
82 16 4
101 89 3
80 124 1
118 80 3
73 66 4
125 159 3
157 36 3
85 119 1
198 106 1
175 24 3
47 155 1
79 86 1
172 113 1
151 71 1
12 181 1
135 183 4
132 148 3
1 113 4
95 3 3
94 18 1
191 122 2
136 143 3
55 103 4
84 152 1
186 142 1
84 81 4
111 85 2
186 190 4
103 174 1
63 124 4
145 42 3
116 11 4
27 114 1
136 148 3
2 199 2
108 184 3
161 97 4
44 187 1
37 130 2
131 102 1
124 5 4
193 94 2
22 37 4
103 177 4
67 3 4
13 12 2
18 79 3
36 49 1
97 86 2
128 69 4
11 107 3
61 12 3
82 141 3
66 81 2
96 119 3
49 87 2
136 196 4
110 5 4
19 28 2
156 0 3
166 76 1
78 128 4
77 137 2
60 123 2
147 8 4
166 30 3
49 146 2
127 140 4
154 75 4
178 79 3
54 175 1
41 139 4
21 163 2
162 91 2
61 130 1
170 162 4
135 114 4
151 48 1
193 103 4
104 177 2
161 9 2
179 164 2
158 102 1
30 29 1
118 29 2
158 52 2
187 151 1
77 75 4
23 129 4
191 2 1
165 6 3
24 78 2
130 71 1
10 37 3
53 148 3
67 63 1
89 95 1
112 38 4
90 96 2
81 113 1
81 18 2
40 111 3
21 122 2
73 77 4
104 116 1
172 76 2
92 12 2
59 96 3
41 9 3
37 29 4
40 158 3
30 187 3
37 188 2
136 188 2
133 176 1
104 32 2
14 9 2
188 57 4
10 78 2
50 55 1
140 11 1
40 46 2
59 63 2
198 197 1
58 191 1
4 188 4
70 9 4
67 183 3
99 53 1
100 153 4
34 37 4
107 88 2
95 193 1
105 1 1
129 107 1
82 22 4
67 134 1
158 107 3
136 16 4
17 18 2
132 83 3
118 61 2
83 57 1
175 11 1
5 146 1
48 17 1
184 159 1
54 180 2
61 137 2
4 135 1
78 135 2
69 12 2
86 55 2
38 28 4
110 191 3
2 125 1
188 36 2
35 3 2
27 199 4
51 77 1
157 188 1
37 91 4
20 168 3
180 63 2
125 137 2
64 61 3
69 167 2
18 72 1
90 13 1
108 149 3
10 118 3
162 46 3
38 33 1
30 129 1
54 100 4
135 83 4
95 183 3
141 178 1
101 5 4
154 9 2
132 12 4
46 44 4
31 154 1
117 101 4
150 160 3
58 2 4
153 143 2
82 121 1
89 187 3
126 98 1
151 198 1
21 177 2
166 12 1
179 84 2
124 197 2
69 169 3
37 82 1
42 163 4
55 67 3
129 190 3
129 199 1
108 121 2
182 193 1
118 27 2
90 64 4
143 188 2
21 62 4
18 165 2
126 97 2
160 187 1
117 48 3
69 11 4
1 48 2
50 154 1
125 37 3
9 148 2
111 80 4
124 168 3
117 162 1
85 170 1
131 85 2
176 159 2
157 147 4
24 123 3
47 0 3
145 171 4
61 41 3
32 65 1
36 43 2
7 33 2
132 134 1
14 167 3
195 64 2
56 113 2
192 190 1
171 46 4
139 22 3
4 57 2
135 70 2
73 43 2
7 165 1
14 27 2
152 186 2
172 190 1
140 101 2
50 16 3
102 84 2
128 132 2
36 37 1
99 142 3
154 101 3
91 0 1
194 69 4
173 108 2
71 7 2
30 103 3
93 117 2
169 121 4
134 83 2
24 96 3
122 170 4
163 106 4
83 27 2
41 155 3
120 158 4
115 125 4
99 69 3
198 112 3
14 190 3
20 136 1
95 112 4
87 123 4
186 0 1
147 173 2
71 48 4
53 180 1
53 72 4
0 45 4
16 29 2
96 56 2
116 141 2
195 165 1
170 57 3
86 61 2
131 33 2
36 94 2
111 126 3
60 156 2
112 102 1
137 102 2
52 124 1
13 104 3
192 97 2
147 6 2
137 177 1
73 108 4
157 32 3
181 137 3
165 45 1
139 115 3
19 184 1
186 199 2
90 134 4
67 169 2
28 135 3
19 74 3
28 118 2
85 58 3
88 78 1
4 126 2
15 28 3
5 4 2
153 9 4
33 42 2
106 4 1
190 177 2
30 157 1
5 18 4
157 86 3
9 142 2
96 45 1
116 89 1
113 144 1
193 47 3
129 66 1
177 141 1
65 127 3
72 153 1
3 53 1
81 1 3
80 26 2
53 101 3
70 160 2
159 140 4
120 2 1
182 169 4
68 176 1
31 180 2
139 122 2
83 114 3
10 123 4
8 21 1
162 155 1
118 164 2
41 24 3
90 91 1
115 3 4
199 107 3
100 175 2
164 75 3
120 63 4
147 132 3
61 11 1
131 194 4
74 129 2
44 105 3
102 169 2
16 21 1
67 51 3
119 63 3
199 190 1
141 4 1
192 30 4
62 35 4
186 87 1
88 119 2
87 164 2
114 57 4
115 1 3
7 181 3
34 145 2
42 109 3
39 17 1
94 175 1
141 59 4
126 112 3
139 17 1
121 123 3
86 181 4
128 105 4
166 19 3
132 125 4
171 56 4
119 128 2
182 76 4
41 158 1
89 141 1
10 154 2
87 53 3
8 52 3
163 152 3
186 157 4
163 110 3
29 57 3
82 63 1
69 168 2
72 90 4
27 104 3
4 116 3
79 21 4
34 11 3
128 64 4
57 171 2
34 95 1
18 163 3
87 42 3
152 43 4
160 99 4
58 83 3
86 63 2
45 156 4
72 129 1
186 130 1
171 141 4
7 49 4
189 197 1
149 191 2
171 194 4
160 19 3
26 96 1
98 173 3
143 169 3
187 126 3
20 88 2
101 55 4
51 43 3
182 41 2
166 20 2
73 59 3
37 66 1
31 15 3
22 136 1
133 12 4
52 17 3
159 95 2
9 35 2
151 102 1
190 17 3
94 101 4
1 197 1
34 19 3
36 135 3
176 91 4
130 135 4
102 193 2
45 27 1
114 113 3
45 130 1
114 163 4
156 77 3
110 118 4
27 8 1
41 129 2
193 153 3
12 94 1
115 90 4
22 46 2
170 164 3
146 162 2
48 106 3
100 61 1
178 110 2
126 15 4
96 165 3
103 150 1
186 26 4
131 162 1
119 9 3
155 87 1
57 52 4
42 194 2
79 39 4
165 5 3
90 152 2
151 128 4
52 167 3
92 65 4
175 78 3
29 91 4
95 114 2
25 185 4
187 73 2
4 96 3
72 130 1
162 18 1
150 169 3
166 184 1
168 133 2
146 22 1
18 82 1
91 97 2
77 91 1
36 26 4
56 82 3
82 158 4
154 100 1
22 42 4
63 69 1
143 160 4
0 155 1
120 124 4
142 157 3
168 71 2
132 97 3
92 71 2
30 188 4
145 19 3
5 51 4
32 163 3
147 69 4
63 196 1
23 115 2
91 127 4
72 42 3
168 153 1
167 164 1
171 157 2
87 61 1
186 88 1
96 110 4
157 77 3
192 11 1
193 1 2
79 125 4
127 190 4
45 62 2
41 14 3
77 175 1
124 85 1
55 68 1
12 96 2
144 149 3
150 60 3
163 136 2
15 77 4
30 180 3
191 68 1
161 125 2
172 70 2
110 59 1
23 119 3
24 95 2
84 73 2
101 164 4
198 86 2
87 117 2
124 159 2
111 130 3
151 9 4
129 64 2
143 163 2
122 29 2
124 150 4
31 130 3
117 92 2
135 165 1
15 142 2
168 66 2
150 13 2
121 11 3
36 61 2
3 11 4
48 6 3
80 8 1
41 173 3
112 115 1
24 131 2
89 102 1
193 188 4
7 158 1
48 172 4
34 9 3
124 164 2
97 52 3
138 100 4
111 178 1
24 36 3
37 180 1
79 162 1
196 30 4
140 158 2
155 104 1
54 177 4
147 1 4
58 152 3
132 64 1
193 10 3
122 188 4
159 175 3
175 177 4
72 112 2
84 97 3
54 142 1
186 146 4
56 1 1
17 73 2
136 147 1
40 124 2
120 82 4
167 53 2
39 92 1
99 46 4
6 144 3
126 21 4
119 134 3
184 91 4
171 76 2
127 64 4
3 181 1
195 109 2
70 143 1
6 149 4
181 76 3
106 161 1
137 10 2
111 60 4
112 90 1
75 188 3
29 51 4
83 128 2
73 42 3
164 22 1
81 60 2
116 125 1
112 132 4
90 119 4
148 42 4
189 121 3
113 6 4
38 37 1
157 46 4
4 144 4
7 22 4
12 139 2
149 59 1
143 93 3
185 22 2
138 155 2
155 39 3
140 87 2
124 11 3
73 37 3
53 157 1
83 10 1
196 112 4
167 168 1
177 194 1
74 28 4
24 156 3
133 23 2
199 28 1
133 38 4
139 101 4
102 195 3
64 122 1
1 149 3
118 193 1
136 166 1
43 79 4
25 107 4
10 199 2
1 142 1
95 172 4
72 187 3
120 148 4
167 30 1
89 39 3
43 5 1
180 76 1
138 153 1
188 111 4
166 172 3
149 70 2
128 188 2
129 43 2
114 87 3
168 5 1
172 115 2
144 186 3
57 185 1
46 179 1
12 74 1
125 80 2
54 192 1
186 139 4
4 189 1
143 19 2
12 151 3
118 151 2
89 191 4
149 92 1
9 121 3
112 166 1
130 85 1
30 186 4
12 188 2
27 159 3
67 121 1
193 79 4
86 110 4
15 52 2
197 61 3
31 0 3
21 153 3
94 145 4
37 172 3
93 121 4
125 48 3
138 70 1
73 196 3
76 74 1
169 35 3
154 168 2
90 137 2
198 178 4
161 166 1
40 175 2
99 185 1
32 74 4
136 101 1
38 99 3
87 36 1
71 185 3
190 178 3
25 100 3
66 198 4
123 167 1
102 4 4
14 72 4
16 26 4
69 80 1
63 155 1
51 88 1
134 189 2
70 180 1
5 106 2
188 198 1
81 123 1
25 5 1
120 195 2
85 147 3
125 164 2
196 69 4
67 95 4
187 191 3
139 199 1
181 35 4
91 181 3
182 104 4
145 101 1
113 82 2
42 71 3
19 97 4
188 187 4
23 30 1
49 94 2
140 178 3
18 136 4
27 132 3
129 51 4
128 177 4
172 140 2
160 57 3
170 0 3
124 173 2
123 117 2
86 94 3
90 92 3
154 176 4
48 98 2
145 71 3
45 139 2
91 138 1
25 36 3
77 111 4
129 105 2
165 11 4
61 149 3
34 155 3
190 49 4
189 70 1
69 166 3
58 153 2
1 116 1
195 166 4
100 190 2
195 187 1
39 139 1
67 31 4
88 142 2
191 98 2
84 100 2
152 121 4
175 26 1
93 174 1
134 168 2
180 80 4
4 54 3
75 39 2
106 142 4
127 80 1
62 79 2
82 175 1
150 53 3
58 12 1
12 150 3
27 75 4
163 167 2
6 64 3
12 27 4
59 89 1
187 189 3
100 181 1
34 35 1
43 130 4
116 146 3
9 194 3
44 189 3
147 33 3
59 190 2
63 33 2
110 189 1
14 184 1
121 101 2
134 56 4
135 15 2
33 181 1
40 150 2
48 154 2
83 149 1
78 197 2
126 100 1
49 122 3
80 148 2
145 116 1
76 165 3
13 21 3
44 17 1
127 9 4
126 118 4
112 141 4
68 48 1
171 96 4
47 42 2
155 54 1
85 191 1
124 126 3
10 182 4
152 106 2
30 11 4
132 25 2
160 90 1
117 41 2
195 56 4
18 29 1
23 81 2
168 148 3
174 23 4
40 82 4
9 106 1
67 57 4
163 171 1
16 171 2
126 19 4
197 99 4
18 130 3
82 102 4
185 167 3
48 9 4
32 177 4
195 116 1
128 198 3
89 128 3
172 4 1
74 158 4
75 40 3
111 84 3
93 105 3
9 136 4
50 108 4
5 76 2
137 198 3
44 27 4
177 173 4
41 107 1
140 106 4
51 12 1
28 167 2
163 29 3
137 111 1
112 3 1
181 23 3
91 160 3
30 25 4
2 9 3
104 161 3
26 170 1
198 172 1
5 74 2
101 166 1
158 139 4
156 161 2
152 96 4
72 168 1
89 182 3
186 148 1
5 54 1
6 68 3
19 18 3
151 133 3
14 75 2
182 19 3
187 17 3
110 140 1
164 181 4
196 131 2
19 132 4
34 87 2
48 114 3
68 29 1
35 41 1
95 42 3
183 181 4
146 31 4
56 119 2
49 43 2
63 55 2
27 191 2
183 101 2
196 52 3
179 173 4
167 148 3
49 48 2
36 179 1
135 117 4
25 165 4
14 172 1
98 139 3
165 147 3
129 192 4
66 89 1
57 47 2
13 26 1
63 144 1
5 197 1
139 127 4
187 86 4
79 24 1
17 28 3
6 199 4
40 14 1
191 53 3
134 122 1
156 69 4
72 99 1
18 143 4
142 39 4
149 45 4
148 87 1
36 98 1
154 26 1
14 161 3
14 132 2
195 193 4
155 177 4
75 15 4
42 141 3
191 67 2
29 114 3
146 120 4
173 28 4
10 66 2
129 193 4
16 111 4
177 10 3
15 105 1
95 30 1
44 1 3
48 26 2
67 195 1
130 123 3
6 41 3
1 136 3
74 186 1
49 188 1
64 89 2
35 109 3
115 14 4
148 26 2
189 86 4
165 99 2
7 5 1
12 24 1
8 110 2
54 111 2
23 117 2
68 148 1
152 25 3
149 176 1
119 104 3
129 50 1
3 108 3
85 86 3
110 149 1
151 38 4
91 174 2
84 131 2
131 74 1
136 37 2
129 81 4
119 175 3
18 133 3
196 100 4
89 159 1
162 167 4
192 14 1
118 95 1
46 17 4
82 85 3
109 20 4
55 179 3
118 188 3
90 131 2
142 188 4
137 38 3
159 141 4
65 71 2
164 195 3
149 130 1
93 139 1
38 5 4
121 195 2
107 167 3
23 100 2
11 96 1
185 197 3
157 126 1
3 183 2
158 21 3
9 24 4
93 141 1
23 144 3
148 6 4
141 109 3
4 22 2
153 121 2
192 51 3
23 179 3
6 92 4
121 141 2
194 72 1
56 66 2
55 9 1
183 91 4
65 69 4
133 129 4
195 143 3
79 183 4
104 48 3
111 182 3
95 176 3
160 61 3
48 173 2
96 164 1
11 2 4
189 30 4
71 157 3
59 40 1
93 80 3
142 197 2
123 184 3
26 84 3
102 108 4
196 171 2
181 47 3
99 97 1
61 113 2
127 111 4
130 90 3
183 161 2
180 170 2
145 48 2
184 65 4
93 47 2
111 31 2
125 122 2
72 7 4
98 75 2
158 195 3
163 189 2
157 3 1
48 2 1
126 106 4
47 61 1
14 32 2
58 156 1
45 170 1
115 92 1
20 87 1
94 23 2
10 72 4
25 61 3
144 29 4
29 135 4
62 4 3
101 97 3
21 88 1
136 96 2
74 132 2
125 87 4
181 37 3
96 181 4
16 9 2
183 6 4
143 129 2
85 45 1
9 54 3
91 88 1
18 139 2
13 44 3
138 93 4
105 182 1
95 14 2
66 114 2
118 102 2
96 60 1
177 15 1
59 2 1
183 11 4
157 11 1
167 73 1
99 78 2
71 18 4
197 164 4
49 101 2
69 87 1
65 29 2
87 116 1
149 118 2
55 90 2
55 115 3
55 76 4
128 155 4
170 49 3
155 72 2
28 121 1
48 8 2
49 110 4
64 120 1
177 78 2
108 72 2
4 179 4
61 89 3
5 189 3
90 42 3
34 163 3
96 62 1
64 101 1
137 110 1
191 119 3
170 96 1
21 118 1
180 28 1
8 135 2
16 117 3
124 167 4
111 149 4
116 122 3
181 180 4
7 137 1
28 175 2
152 198 3
24 51 2
119 139 1
104 74 3
101 100 4
54 89 2
127 46 1
27 6 2
174 82 1
127 6 4
190 111 1
88 43 1
141 189 3
136 158 4
26 174 1
5 2 2
36 76 4
40 140 1
180 128 4
61 140 4
0 135 4
51 131 3
127 52 1
12 113 4
64 74 1
79 6 2
57 123 3
11 40 3
160 139 2
187 166 4
186 164 4
65 44 4
61 16 2
109 19 2
78 198 2
57 46 2
34 77 1
20 72 2
92 138 3
23 157 3
7 34 2
186 155 2
110 62 2
48 95 2
110 36 4
10 100 1
71 146 1
45 178 1
113 163 2
117 115 2
48 155 3
132 56 3
168 27 4
159 138 3
76 26 2
71 188 4
178 186 4
50 146 2
168 100 3
114 106 1
16 185 1
45 47 2
14 191 2
109 112 2
69 45 4
48 73 1
44 115 2
195 54 1
78 55 4
199 149 2
115 163 4
44 43 4
180 146 3
131 61 3
29 185 1
13 18 1
66 199 1
149 50 3
39 121 2
192 176 3
103 153 3
106 12 4
96 106 3
83 115 2
69 20 2
108 140 1
90 150 2
68 97 2
81 162 4
48 194 2
153 51 2
94 173 1
87 57 4
24 61 1
140 149 1
62 54 4
0 121 4
85 83 4
101 75 4
62 3 2
66 158 2
182 101 3
85 63 4
107 182 3
69 28 2
52 120 4
114 61 1
18 70 4
184 61 4
187 131 3
145 135 3
2 161 2
72 21 1
20 137 1
115 18 3
12 20 1
65 12 3
80 183 4
12 144 1
7 86 3
69 29 3
30 59 2
47 134 1
179 77 3
13 74 4
111 87 1
129 2 1
44 143 3
69 26 2
45 120 2
104 17 1
174 120 2
85 43 2
77 171 3
87 156 1
57 118 2
17 120 4
36 184 2
160 102 1
65 72 2
0 193 3
79 94 3
124 114 4
147 105 3
99 145 1
117 38 1
77 118 3
198 174 2
98 4 1
24 186 3
179 123 1
153 112 2
7 66 4
125 183 1
53 124 4
148 157 4
68 197 3
193 147 3
131 143 3
80 91 1
142 196 4
56 64 3
42 67 3
110 33 4
140 125 2
50 45 3
193 80 1
47 71 3
61 15 3
132 50 4
21 193 1
196 164 3
99 58 2
110 148 2
90 33 2
71 126 2
3 172 3
130 105 2
40 160 3
37 124 2
75 138 4
183 168 2
74 157 4
108 88 4
33 17 4
22 10 3
31 8 2
55 137 1
113 160 1
53 119 1
11 139 3
50 97 1
163 193 1
174 178 2
68 83 2
77 81 3
29 89 3
99 75 4
159 130 2
41 44 3
134 112 1
74 163 4
38 89 2
76 130 3
73 86 2
36 42 4
131 149 2
17 55 3
135 89 1
97 61 3
183 92 4
14 87 1
63 185 2
141 80 3
101 42 4
111 168 4
68 103 2
95 140 1
152 103 2
46 104 2
142 132 2
83 54 3
30 74 2
144 145 2
156 117 2
25 148 4
86 196 2
67 172 4
128 135 2
136 5 2
76 66 2
63 30 4
80 179 2
147 130 4
8 44 1
32 53 3
144 25 1
122 197 3
50 142 2
33 45 3
138 105 1
12 180 2
38 95 1
49 116 1
86 105 2
147 199 2
67 25 1
129 106 2
192 60 2
137 124 4
151 137 1
192 56 3
184 138 1
95 31 1
47 124 3
54 69 4
150 18 2
161 46 1
15 104 3
159 78 3
101 179 4
6 163 2
5 32 1
99 44 3
137 171 4
63 162 2
111 156 4
81 105 2
138 77 1
113 28 4
68 130 3
142 166 1
151 1 3
26 159 1
155 180 3
26 166 2
37 151 2
109 84 4
16 17 3
60 134 3
179 197 2
111 69 4
154 68 4
9 124 3
127 152 2
54 1 3
106 55 1
126 136 1
186 161 4
24 138 2
74 6 2
36 121 3
84 34 3
123 36 2
26 63 1
129 163 4
50 145 2
192 61 2
111 12 1
190 152 1
40 12 2
115 32 4
157 107 4
156 91 3
41 10 2
103 85 3
189 154 2
152 86 1
103 35 2
66 140 1
155 85 2
84 86 2
165 106 2
58 118 2
191 59 4
79 152 1
197 182 4
134 166 2
170 113 1
37 74 4
178 127 1
103 32 3
171 104 1
73 175 1
138 133 2
123 166 4
147 140 2
24 187 3
49 128 2
59 183 4
109 51 1
138 167 4
143 176 4
43 102 1
148 139 3
124 35 1
127 128 3
83 108 3
44 119 1
155 188 3
132 191 4
173 74 3
84 197 4
102 63 1
141 30 1
199 1 4
151 15 3
148 147 4
62 155 1
54 82 3
193 49 4
26 145 1
75 4 3
175 111 1
44 0 1
191 190 1
135 181 4
130 57 2
17 37 1
77 123 3
7 105 4
100 109 2
3 129 3
68 158 2
111 68 4
14 137 2
3 177 2
131 129 1
114 138 3
13 118 3
186 23 4
107 86 1
198 196 3
151 182 4
164 17 1
172 162 2
135 92 1
7 73 4
112 140 4
183 138 3
130 181 1
151 163 3
29 150 2
36 187 4
95 105 1
178 28 2
172 176 4
186 48 2
166 96 3
112 49 2
120 103 1
165 78 4
169 115 4
40 83 1
66 21 2
31 153 2
126 119 3
61 191 4
97 21 1
99 104 4
161 151 1
196 93 4
182 20 1
53 58 1
126 44 2
27 96 2
3 31 1
143 127 3
15 4 3
69 42 1
164 132 3
111 106 4
90 151 1
69 121 2
115 67 1
57 107 1
106 131 2
2 61 1
139 79 2
95 25 1
106 50 2
114 90 1
195 25 3
101 45 1
32 67 3
17 137 2
159 5 2
138 0 2
157 58 3
105 143 3
131 100 2
73 165 3
123 33 1
158 20 1
157 114 1
181 178 2
130 24 2
192 82 3
62 186 3
82 58 3
17 179 3
26 158 3
44 35 4
80 112 3
87 179 2
87 54 3
178 54 4
133 17 2
82 183 4
188 54 1
81 47 3
73 151 2
143 186 1
95 155 1
56 33 1
43 25 4
181 125 1
45 9 4
52 51 3
48 144 1
64 65 4
128 190 1
112 63 3
4 40 1
139 87 2
14 122 1
111 144 2
192 74 1
71 89 4
47 103 2
31 53 3
7 8 1
56 186 2
129 16 2
158 115 2
147 122 3
52 122 2
142 199 4
97 1 3
183 4 1
34 108 4
113 184 2
188 69 2
88 29 1
113 140 4
178 175 3
59 45 3
84 92 3
87 154 3
108 112 3
81 69 3
166 42 2
132 153 3
59 83 2
176 52 2
83 8 2
64 135 1
114 18 1
27 154 3
32 8 4
28 3 1
187 140 3
137 47 2
133 164 1
125 187 2
14 98 3
118 5 2
131 28 1
143 158 3
142 75 1
179 172 2
168 10 3
48 121 3
32 6 2
193 145 3
129 42 2
59 118 1
158 76 4
106 83 4
152 5 3
52 114 2
68 160 2
51 119 2
131 116 1
12 32 3
19 48 1
17 20 1
6 1 2
131 130 2
42 197 3
145 16 3
111 98 1
133 139 4
0 114 4
181 112 1
121 22 4
48 157 1
42 8 1
12 71 1
177 172 4
195 43 3
104 61 2
185 5 3
159 73 3
157 49 4
92 57 3
100 169 4
55 144 3
10 156 4
104 5 1
14 152 4
26 27 3
191 151 3
161 66 4
181 52 1
76 33 1
124 99 3
99 189 4
145 80 4
197 127 4
56 85 2
190 179 2
55 48 3
54 141 2
39 48 4
188 98 3
169 81 4
68 108 1
63 1 2
24 193 3
97 85 4
59 171 2
136 51 3
19 73 1
83 37 1
87 157 3
37 145 2
116 180 2
50 39 1
161 36 2
67 28 3
33 51 2
11 149 1
169 60 2
185 88 4
159 120 4
186 68 4
75 109 1
62 177 3
178 165 3
170 24 3
52 177 3
194 88 2
28 18 3
133 70 2
136 198 1
79 32 4
121 184 2
191 24 2
104 129 2
29 117 1
115 7 3
104 14 2
176 134 4
74 72 3
189 74 4
173 117 2
179 24 4
36 41 1
137 155 2
99 105 4
79 16 3
9 141 2
51 48 1
112 22 1
0 175 2
84 117 1
8 190 3
136 90 3
130 33 4
108 153 4
43 183 1
34 168 4
25 38 2
128 7 4
88 118 4
17 92 4
25 58 1
149 82 2
101 26 3
65 6 1
173 187 1
3 52 2
194 86 4
131 41 1
196 72 4
176 82 1
59 90 4
37 47 2
43 1 3
0 94 3
8 161 1
73 96 1
50 105 1
121 188 1
83 129 4
14 171 3
22 153 3
146 36 2
150 149 2
196 0 4
174 117 3
120 192 4
102 70 3
170 95 3
199 5 4
160 37 2
58 35 4
50 176 1
73 123 1
71 90 1
18 80 2
72 137 2
102 88 2
147 156 2
123 74 3
135 21 1
110 196 4
76 103 4
106 166 2
199 113 4
62 2 3
60 163 3
168 143 2
47 51 1
133 89 4
189 190 3
180 81 2
32 28 2
96 7 1
66 62 1
39 0 3
15 179 4
108 123 1
1 13 4
0 28 2
177 170 1
149 90 3
63 47 3
2 108 1
39 175 2
155 80 1
67 34 2
178 163 4
199 33 3
168 136 3
51 140 1
102 17 1
1 39 1
189 68 2
158 5 1
145 93 4
135 53 1
47 177 3
195 22 3
7 92 2
163 126 3
157 105 3
159 194 1
174 139 1
178 135 3
12 198 4
193 77 2
22 8 1
12 153 1
181 80 1
33 162 4
167 22 3
165 58 3
115 184 2
136 159 2
169 149 1
15 70 4
171 114 1
110 21 2
51 128 4
126 9 3
55 47 2
64 180 1
39 4 4
75 124 2
146 185 3
179 162 2
115 136 1
41 166 1
6 19 4
173 191 4
21 170 4
55 24 4
162 121 4
33 75 1
97 2 2
186 60 3
0 42 2
123 162 2
191 97 1
170 41 2
14 33 2
80 39 4
146 142 2
52 29 1
97 189 3
68 75 4
137 135 2
171 167 1
8 4 2
73 115 1
119 73 2
1 26 1
106 138 1
169 142 3
177 44 2
120 172 3
131 153 1
164 177 4
175 96 1
35 199 2
158 96 1
168 125 2
98 176 3
0 172 4
22 181 2
191 103 3
180 133 2
37 54 2
74 160 1
158 19 1
19 198 2
190 91 4
62 100 1
18 64 4
111 128 4
142 22 1
54 158 4
111 101 3
182 163 4
184 18 1
37 3 1
78 5 2
1 140 2
54 7 4
155 154 1
9 125 2
75 192 1
38 180 2
199 110 1
146 152 3
146 159 1
84 181 1
40 97 2
106 29 1
45 40 1
128 65 3
171 36 3
133 36 1
174 38 3
134 20 3
44 168 3
65 28 2
157 184 3
22 21 4
70 97 3
110 117 1
171 197 1
96 111 2
154 66 1
54 181 4
116 62 3
141 25 3
102 97 3
61 181 3
46 177 1
40 125 1
43 153 4
167 178 1
40 95 1
151 139 2
144 45 2
191 188 4
48 99 4
151 136 1
99 10 3
11 125 1
24 39 4
152 47 2
22 76 3
28 52 2
50 35 3
35 28 1
190 23 3
168 118 3
17 144 3
173 126 3
42 151 3
80 15 2
8 123 4
131 65 2
187 20 3
147 24 1
145 166 4
111 196 2
5 186 4
56 151 2
26 32 3
187 146 2
105 57 4
57 157 2
144 26 2
83 163 4
103 155 3
85 4 4
88 24 1
99 110 4
162 101 1
140 107 4
32 47 4
145 88 4
10 176 3
36 51 4
72 83 4
168 176 1
147 43 1
4 149 2
61 112 3
179 139 3
195 41 2
112 103 3
93 75 2
8 11 1
47 107 1
152 133 2
151 75 3
52 79 3
125 21 2
183 97 3
157 177 2
33 125 1
95 47 2
81 103 4
72 107 1
24 3 4
83 167 3
33 86 2
147 108 4
27 117 1
88 33 2
132 114 3
108 17 4
129 170 1
171 17 2
162 86 3
39 82 1
23 103 3
129 134 3
93 144 4
109 68 1
12 194 4
137 66 3
39 9 4
96 117 3
111 177 3
162 42 1
177 184 4
0 173 1
84 137 3
19 95 3
95 55 3
95 6 3
199 148 2
15 103 4
163 88 1
177 168 4
130 94 3
137 32 2
153 10 4
164 120 2
2 128 4
70 44 3
114 109 2
167 189 3
188 140 3
39 40 1
81 40 4
100 113 4
144 87 2
156 154 2
32 45 3
172 181 4
161 56 1
173 97 4
163 71 2
34 55 1
143 167 3
132 156 1
115 58 2
108 169 4
55 54 3
88 77 4
109 37 4
104 176 4
91 120 1
40 106 3
93 123 3
39 47 1
155 100 3
144 15 2
79 49 2
156 30 1
72 174 2
81 150 3
124 56 4
78 149 4
74 94 1
11 150 4
49 148 4
186 64 4
174 145 2
105 168 4
90 32 3
9 109 2
95 98 4
53 26 4
109 76 4
80 40 1
165 160 3
118 93 1
132 77 1
155 150 4
7 100 2
199 133 3
16 1 3
152 19 2
160 53 1
42 66 2
152 191 2
2 146 4
172 64 4
65 136 3
133 172 1
31 61 4
157 173 4
35 143 3
198 164 3
127 113 1
161 34 1
92 162 3
24 56 2
170 69 3
38 84 2
45 137 2
57 30 4
175 190 1
162 87 3
10 86 4
172 186 3
176 31 4
3 16 1
115 113 2
162 181 2
164 91 2
94 168 4
125 121 2
129 80 2
69 56 4
55 75 3
60 196 4
88 150 4
123 11 3
22 156 1
193 34 4
176 153 1
100 86 3
105 55 1
138 161 2
59 144 4
113 65 4
4 36 4
185 82 4
181 148 1
173 180 3
123 199 2
168 172 1
138 130 4
181 185 4
8 187 2
166 135 1
109 153 1
119 160 3
56 3 1
2 60 4
134 115 1
84 78 4
47 67 2
68 45 3
81 171 3
142 12 4
89 65 2
74 0 2
113 153 1
117 118 4
55 182 3
40 30 2
182 17 4
152 65 1
83 71 4
16 133 3
88 52 2
178 91 2
151 170 1
74 190 3
88 115 1
56 29 1
66 75 4
186 37 1
163 138 2
69 104 1
37 15 3
147 56 3
107 106 1
82 28 1
157 21 4
105 107 2
137 147 3
89 0 3
189 19 2
170 29 2
104 33 3
182 189 3
42 64 1
86 193 3
57 137 3
20 148 2
27 116 1
111 108 3
67 89 2
194 197 2
17 128 2
66 118 1
125 188 1
192 76 1
9 123 4
108 113 4
46 194 4
48 128 2
82 194 3
183 197 4
67 155 4
51 62 2
3 106 1
129 77 1
87 151 2
7 191 1
146 41 1
21 44 3
172 178 2
48 75 1
91 13 1
105 192 4
114 105 1
118 138 4
0 62 3
3 29 1
177 81 2
165 82 1
176 44 2
103 161 1
38 198 1
4 90 1
80 9 2
146 59 3
19 194 1
36 142 1
129 21 4
25 158 3
164 163 1
165 194 1
121 187 4
74 152 4
156 108 3
91 36 1
151 59 3
154 130 3
121 13 4
193 98 3
46 34 3
108 54 3
195 24 3
89 138 3
132 138 2
189 103 2
0 58 1
173 174 3
90 21 1
12 28 4
154 194 1
44 62 4
172 170 2
27 145 2
114 11 1
104 4 4
41 191 3
109 71 1
165 188 1
46 135 2
141 33 4
22 125 2
180 187 3
6 56 4
103 137 3
57 38 4
54 32 3
81 182 3
140 195 2
190 41 1
91 66 4
84 31 3
17 153 2
88 181 2
155 38 3
34 149 3
45 52 1
107 39 3
48 43 1
120 97 4
169 154 1
177 158 2
99 193 3
134 171 4
92 55 2
124 72 3
77 83 2
155 26 2
54 135 3
4 2 4
34 142 4
94 95 3
63 153 3
68 28 3
199 141 2
64 177 4
198 156 2
26 88 4
128 35 1
134 137 2
126 125 2
134 197 2
57 37 3
8 170 2
54 157 2
11 49 4
72 75 3
168 197 2
197 51 1
166 171 1
129 138 1
101 87 1
28 150 1
135 131 3
42 74 3
58 108 3
141 195 2
66 176 1
30 122 4
177 1 2
13 25 2
0 37 4
161 111 3
78 77 3
72 13 3
38 27 4
31 138 1
183 1 2
64 182 3
196 62 4
167 139 4
168 120 1
59 192 3
55 43 1
154 119 1
143 34 3
47 160 4
75 176 4
66 32 4
113 31 4
173 60 1
75 23 2
77 166 1
101 29 1
56 40 1
131 159 2
15 193 4
79 180 2
133 112 3
80 162 3
47 166 2
153 1 4
180 42 1
8 65 3
119 193 2
88 80 1
44 37 2
31 141 4
164 106 2
153 158 3
139 109 3
46 108 2
159 35 2
122 78 1
158 135 2
176 101 4
49 89 3
83 192 4
186 183 1
28 6 4
164 110 3
20 10 3
23 89 3
89 76 4
145 4 2
144 58 3
16 32 1
162 44 4
24 15 2
54 84 3
91 117 3
184 128 1
84 144 1
69 8 2
63 171 3
170 156 3
5 191 3
140 177 4
2 107 2
85 20 3
170 191 1
82 23 2
65 126 2
72 12 1
160 67 1
150 158 4
151 83 2
83 15 3
61 50 4
117 150 4
38 32 2
23 143 1
142 78 3
107 44 4
65 110 1
14 133 1
5 64 3
115 82 1
193 90 1
21 167 3
79 45 4
124 3 4
159 169 4
193 100 2
175 21 1
61 187 2
77 43 1
151 105 4
161 53 3
110 81 1
181 191 2
91 83 4
164 187 1
197 195 2
34 73 4
187 138 4
158 137 3
102 44 2
73 8 2
40 87 3
150 34 3
116 96 3
73 58 4
92 10 2
45 77 2
23 55 1
55 33 3
34 57 3
21 28 1
145 28 4
117 95 4
15 166 3
43 58 3
173 46 3
27 59 1
73 49 4
51 11 2
85 67 3
133 33 1
114 172 1
122 173 1
168 103 1
73 36 3
15 30 3
30 159 2
129 123 3
135 26 1
174 94 1
160 65 4
107 49 4
198 27 1
16 89 4
129 177 3
199 16 2
74 177 3
54 127 1
110 142 2
44 150 2
169 98 2
98 140 4
91 15 1
70 125 2
80 22 1
144 40 1
22 28 3
49 18 1
86 134 4
73 193 3
122 118 1
191 40 1
156 130 1
78 66 3
24 32 1
171 71 3
6 116 3
10 198 4
170 79 3
156 74 1
103 42 4
177 138 3
93 192 2
172 147 4
54 47 2
48 180 2
95 136 1
166 53 4
42 150 1
112 7 2
24 174 2
103 134 1
174 131 4
170 11 2
81 190 4
125 144 2
158 123 3
152 125 1
173 25 3
185 135 4
183 19 3
0 29 2
148 0 4
21 162 4
122 160 2
55 53 4
103 20 4
71 69 2
175 65 4
154 112 3
25 174 3
70 154 2
46 51 1
194 85 2
151 195 3
61 194 3
130 191 3
138 38 2
2 46 3
98 56 1
164 102 4
41 97 3
8 111 4
43 175 2
95 184 4
8 155 1
51 22 2
74 83 2
173 85 3
164 119 2
96 138 1
117 80 2
19 45 2
14 165 4
45 23 3
19 0 3
101 79 1
174 58 1
124 117 3
24 155 1
35 186 2
79 141 2
104 31 1
191 150 4
92 28 4
131 108 3
137 68 2
16 64 1
122 8 1
56 50 2
100 157 4
184 47 3
88 34 2
169 26 2
84 141 1
176 138 3
60 75 1
71 196 3
1 195 4
118 92 3
55 107 1
29 62 1
88 53 2
102 194 3
169 199 3
176 180 1
119 155 4
69 4 1
127 189 2
137 99 4
104 50 1
14 178 1
13 73 1
132 140 4
36 13 2
60 82 2
24 93 1
33 15 4
163 53 4
26 54 2
36 138 3
99 36 3
129 167 2
94 34 4
114 146 2
92 46 4
127 17 3
192 57 3
42 120 1
89 88 3
186 116 1
21 64 4
5 97 4
159 150 4
108 100 3
146 42 4
102 19 4
180 165 2
178 114 3
92 113 3
161 27 3
184 68 1
144 179 2
113 139 3
182 91 4
13 193 3
30 26 2
75 175 2
11 113 1
65 49 1
145 102 4
78 16 2
163 180 2
9 149 4
169 191 4
185 26 2
20 173 4
105 4 2
120 27 4
146 18 4
144 160 4
51 69 2
93 63 1
104 6 4
157 134 4
149 8 1
18 175 2
88 125 1
30 179 2
75 8 2
106 39 3
166 176 2
90 51 1
27 66 1
93 78 1
71 174 4
86 138 4
121 191 3
24 183 4
177 11 2
96 180 4
48 86 2
39 102 3
146 167 2
40 197 4
177 167 1
35 174 4
12 138 4
163 191 1
192 5 3
85 19 2
171 87 2
78 64 4
59 137 2
24 153 3
109 175 2
38 132 4
35 157 3
147 92 4
60 38 3
64 155 3
131 45 2
185 74 2
26 105 1
141 180 4
86 159 4
0 14 4
60 1 4
90 107 4
87 31 2
166 73 4
105 169 2
94 13 2
6 49 4
71 66 2
83 152 1
99 93 4
64 109 1
26 104 4
84 6 3
185 92 2
126 95 3
147 170 4
67 146 1
198 45 4
182 95 4
140 70 1
174 158 1
197 112 4
182 137 3
18 47 3
55 192 1
170 3 2
180 78 2
74 114 4
169 57 1
164 188 1
166 154 1
134 16 1
121 66 2
39 68 1
43 72 4
86 108 1
184 55 1
8 171 4
199 77 1
162 74 2
43 54 4
103 156 3
179 11 1
197 80 2
192 155 2
179 176 3
21 15 4
198 159 3
2 45 2
133 49 1
3 113 3
21 67 3
112 177 3
136 63 4
52 168 2
13 129 3
192 12 1
101 186 4
194 71 1
161 99 3
176 55 2
46 129 3
39 108 3
56 77 3
51 145 1
16 81 1
37 115 4
31 129 2
95 59 1
95 68 3
60 12 1
195 192 4
40 161 4
130 36 1
179 95 4
112 190 1
179 132 2
130 58 2
124 187 4
17 90 4
18 97 3
7 120 3
4 45 2
12 155 1
133 91 1
72 27 4
141 110 4
120 104 4
114 56 2
61 19 1
2 154 3
99 127 4
39 178 3
143 157 4
102 27 2
144 173 3
17 88 4
158 33 3
46 191 1
52 188 4
43 53 1
165 176 3
94 152 1
129 154 2
3 141 4
88 182 4
37 27 1
131 0 4
134 28 1
192 15 2
109 14 3
43 19 2
47 147 4
136 150 2
51 139 2
55 82 4
82 30 3
21 74 3
30 77 3
76 142 1
83 48 1
65 11 2
99 28 4
91 146 4
140 185 1
158 188 2
21 48 1
60 92 2
128 140 2
33 178 1
23 122 1
11 52 2
7 186 2
98 70 3
187 60 1
99 186 2
20 90 1
119 94 2
36 5 1
78 199 3
167 48 4
177 63 4
31 126 3
153 7 1
113 2 3
100 11 1
105 2 4
174 177 4
120 67 2
56 138 1
108 189 3
12 87 1
74 41 3
149 88 4
69 97 2
114 199 2
84 93 1
166 130 1
152 130 2
15 116 4
166 43 4
42 187 1
2 114 4
4 30 2
2 29 3
162 17 1
187 40 2
20 184 3
157 38 4
144 150 3
183 121 2
89 197 3
122 143 2
184 43 1
96 30 1
171 62 1
171 85 4
37 119 2
75 146 1
112 172 4
156 110 3
197 196 1
54 122 4
79 176 4
183 66 4
56 111 2
51 118 3
174 54 3
131 36 4
19 37 1
90 195 2
182 174 1
123 137 4
48 90 1
134 68 2
56 35 2
69 124 1
68 114 4
89 137 1
120 76 4
23 176 3
40 2 2
169 148 4
187 143 2
84 24 2
141 192 1
161 153 2
195 94 4
130 86 3
66 90 3
13 70 1
130 96 1
78 130 3
80 38 3
129 117 3
180 102 3
169 104 1
197 191 2
54 117 3
128 71 4
184 147 3
93 27 2
65 143 4
59 75 4
129 196 1
54 118 2
148 179 3
108 180 1
29 180 2
36 147 1
139 36 3
120 6 2
1 31 4
41 132 4
181 87 4
68 38 4
71 17 2
198 43 2
34 83 3
69 146 4
2 57 2
64 165 2
102 199 4
6 24 4
19 142 1
122 189 3
175 181 4
165 138 3
179 67 1
161 168 4
194 189 2
125 97 1
30 173 4
64 62 4
171 170 1
137 196 2
198 177 4
185 98 3
6 167 2
18 160 1
40 16 4
61 121 4
43 127 1
186 15 2
75 90 2
45 134 3
131 181 4
141 160 4
133 195 4
105 193 1
16 178 1
132 42 4
182 128 3
81 153 3
13 95 2
144 16 4
146 149 4
25 147 2
14 31 1
100 161 4
68 170 2
184 146 4
80 44 3
53 39 4
139 86 4
52 137 4
126 132 4
101 108 1
140 91 4
10 52 2
49 100 1
47 105 4
16 108 3
148 71 2
167 49 2
144 115 2
193 65 2
123 141 4
64 151 1
31 135 2
49 130 2
195 186 2
41 94 1
135 118 4
23 172 3
23 180 2
149 166 3
33 68 2
182 72 1
100 117 3
8 113 1
1 27 4
147 29 4
111 109 2
115 146 1
162 6 3
124 46 1
43 7 4
104 97 4
70 33 4
183 163 1
10 107 3
154 95 4
75 171 4
62 115 2
75 1 1
96 120 1
88 19 2
68 54 3
69 19 4
154 98 4
49 97 3
66 45 1
59 195 3
147 110 2
106 57 2
156 99 4
168 107 4
199 65 2
149 99 2
124 95 3
80 139 1
97 162 4
136 59 4
63 175 3
143 164 1
154 44 4
45 25 4
63 125 2
135 42 3
1 96 2
10 55 3
108 152 4
97 133 3
128 94 1
134 107 3
69 134 2
199 31 1
129 126 1
168 99 3
60 157 3
61 122 3
196 163 3
141 45 1
10 82 4
105 171 4
155 121 1
186 96 3
90 168 2
192 189 1
105 178 3
1 191 2
142 167 4
40 68 4
156 150 1
154 102 2
109 10 4
138 103 3
99 32 3
147 48 1
148 82 3
108 7 3
176 48 3
40 64 4
42 44 4
130 27 1
138 69 1
31 13 4
156 105 2
41 172 3
52 107 4
89 6 1
96 190 4
110 184 3
51 195 2
138 45 4
35 180 4
33 119 3
1 134 3
87 120 3
23 22 3
98 87 4
190 121 2
14 91 2
94 100 2
50 178 3
2 166 3
180 52 1
183 20 4
186 20 1
174 44 4
153 141 1
125 192 3
101 48 3
54 132 4
130 124 1
18 75 4
93 114 3
76 19 2
198 51 2
153 133 4
168 23 1
64 125 2
20 159 3
166 178 4
99 9 4
120 72 1
9 134 2
123 6 4
167 191 4
28 10 4
92 140 4
108 18 1
50 199 1
15 147 3
87 166 3
198 41 4
29 8 3
119 162 1
104 66 3
159 7 2
37 142 2
121 104 1
149 142 4
165 121 1
8 41 2
45 188 3
54 166 2
120 32 4
57 62 1
83 173 2
133 57 1
150 147 2
42 168 2
26 99 4
22 62 4
108 89 3
122 167 4
25 31 3
2 43 2
16 20 2
27 147 1
14 96 4
77 25 2
174 50 4
85 76 4
22 107 1
177 77 2
140 36 3
182 40 2
126 6 4
121 105 3
51 151 3
93 82 1
109 194 3
133 125 1
97 134 1
129 160 3
121 137 2
81 118 3
186 187 3
100 52 4
158 64 2
99 18 1
100 96 3
156 31 4
44 19 3
142 184 3
85 41 3
83 125 2
42 58 2
26 173 1
19 5 4
198 30 2
28 98 3
168 48 3
118 63 2
60 44 1
190 163 4
35 197 4
103 86 2
54 154 3
89 167 4
193 159 4
155 117 4
181 99 4
173 52 2
44 82 2
27 137 4
70 145 3
29 58 2
7 154 1
1 194 1
186 76 2
89 119 2
129 139 4
102 130 1
167 165 3
131 167 4
171 138 2
55 42 1
136 145 3
91 185 2
105 159 2
187 66 2
32 159 3
104 36 1
184 183 4
167 75 1
0 15 4
16 113 4
24 114 2
112 96 1
35 127 1
66 107 2
167 45 1
91 86 1
113 26 3
122 128 2
187 196 1
39 13 2
120 160 1
122 24 1
91 76 3
36 97 3
158 189 2
83 162 3
83 117 1
168 3 4
163 37 4
39 52 1
12 98 4
118 84 3
22 134 1
135 110 1
62 56 1
115 181 3
191 96 1
61 107 1
4 197 1
30 44 2
137 197 2
98 102 4
165 62 2
170 182 3
137 91 1
196 8 4
1 192 1
3 190 3
76 37 2
72 115 1
74 33 3
52 134 1
69 108 4
139 175 4
174 61 4
61 5 4
129 14 1
32 145 4
133 92 2
6 16 3
38 149 4
77 47 3
18 48 3
5 117 4
53 174 3
59 43 3
112 60 4
93 13 3
73 87 2
128 152 2
147 187 2
31 164 1
4 31 1
109 103 1
72 35 2
147 86 2
139 143 2
189 169 2
138 168 1
39 128 2
66 189 1
38 160 2
88 130 3
58 166 1
93 142 4
74 78 2
14 19 2
10 67 3
190 182 2
142 175 2
132 194 3
40 98 2
21 171 4
181 150 3
46 89 2
20 124 1
20 97 4
95 79 4
50 191 1
150 59 4
17 99 2
115 81 4
116 88 3
184 0 1
53 33 3
138 10 1
131 140 1
78 39 3
20 4 3
172 108 1
150 137 3
24 113 2
25 99 3
43 40 2
48 110 2
69 132 4
41 62 2
14 169 3
126 69 3
55 169 1
69 60 3
63 4 4
107 93 3
76 50 1
82 81 2
89 130 4
190 33 4
96 46 3
177 25 3
55 132 1
4 127 3
38 175 4
77 72 4
135 186 2
13 152 1
64 85 4
96 128 1
180 106 4
98 159 3
86 8 4
142 97 1
101 104 4
159 171 3
142 60 3
60 48 4
57 140 3
199 96 3
106 6 3
184 194 4
197 100 3
145 148 2
198 50 3
198 73 4
86 60 2
114 19 3
11 198 2
124 82 4
91 149 1
2 71 2
73 191 3
178 113 3
158 198 4
18 105 1
63 29 4
86 182 3
125 52 2
109 31 3
47 17 1
65 117 4
117 165 4
184 139 4
162 19 2
146 27 3
87 65 4
124 140 4
182 26 2
120 178 1
94 97 1
126 70 4
170 28 1
91 3 2
22 48 1
59 22 3
151 110 3
15 112 1
124 100 3
5 63 2
164 141 4
129 153 1
75 117 3
37 155 1
22 102 1
104 54 3
195 104 3
105 75 3
76 56 1
155 146 3
91 147 1
57 33 1
64 38 2
38 177 3
118 83 2
97 148 4
126 86 1
150 148 1
194 37 2
52 37 2
19 99 2
20 73 4
119 146 3
70 121 2
121 8 2
98 170 1
109 182 2
58 59 2
58 173 3
103 148 4
158 145 3
83 66 2
124 141 3
139 182 3
29 46 4
109 60 1
126 188 1
195 6 3
24 29 4
187 0 2
133 122 2
149 190 1
79 113 2
68 41 1
27 7 4
24 90 4
149 189 4
154 174 4
70 22 3
83 18 2
57 198 4
75 50 4
84 173 4
89 47 2
84 40 3
35 152 2
25 29 1
148 52 4
40 37 3
123 139 4
187 85 1
119 79 4
14 80 1
61 99 4
28 77 2
142 189 2
70 66 1
51 114 3
113 51 4
144 88 4
172 83 4
11 7 2
68 100 3
177 58 3
10 136 2
106 66 3
0 33 1
85 145 1
69 101 3
11 167 3
22 73 2
182 155 4
119 184 4
25 98 1
3 61 2
193 157 2
187 43 3
90 31 1
52 41 3
164 49 2
6 81 2
152 39 1
96 141 1
183 148 2
115 80 2
162 7 3
178 171 2
55 8 4
64 117 3
195 72 4
183 190 2
116 118 3
19 170 2
4 3 2
123 43 1
50 46 3
189 63 4
23 146 4
174 16 1
106 137 2
117 172 2
3 42 1
91 191 2
122 141 3
70 89 3
79 187 3
78 126 4
178 102 2
48 47 2
64 188 3
21 42 4
80 4 2
184 170 3
100 67 4
96 124 3
133 47 3
138 1 1
29 48 1
51 78 2
126 24 3
77 115 4
174 99 3
182 15 3
115 185 2
71 105 3
42 81 3
119 133 4
46 146 4
15 3 2
197 6 2
196 120 2
29 140 4
112 113 1
120 90 2
9 21 3
114 121 1
22 180 3
61 91 2
148 13 4
33 64 3
19 71 3
125 178 2
33 65 1
40 25 3
33 73 2
30 54 4
110 40 4
177 42 2
76 93 1
99 59 3
153 70 4
46 159 2
28 186 2
174 10 4
99 166 2
193 56 1
106 192 4
165 51 4
162 20 1
156 20 2
102 52 4
82 3 1
160 149 4
41 37 4
190 101 4
84 165 3
148 113 2
197 136 2
79 36 2
126 58 2
12 19 3
124 163 3
117 9 3
196 29 1
106 146 1
152 36 2
84 85 2
54 126 4
197 115 4
99 122 4
68 164 3
20 154 4
88 172 2
151 152 2
191 106 4
103 11 2
78 70 2
67 194 3
137 93 4
172 199 2
178 20 2
68 102 1
180 101 1
30 41 1
134 54 2
158 32 4
168 171 3
155 25 3
163 133 1
113 150 2
69 55 1
41 21 3
104 37 1
96 176 4
187 178 2
103 78 2
133 62 4
38 156 2
109 140 1
0 133 3
80 47 4
88 162 3
118 150 2
113 34 1
140 14 4
10 101 1
182 11 4
127 38 3
45 135 2
55 65 2
124 28 4
151 63 1
36 127 3
7 175 4
5 187 4
50 11 4
66 132 4
10 4 4
44 39 3
176 151 4
99 5 4
185 94 2
186 89 2
144 8 3
39 195 1
75 177 3
149 141 3
98 19 4
56 170 4
1 144 2
65 179 4
53 48 2
153 169 4
125 143 2
142 119 1
66 11 3
140 30 3
125 8 1
75 24 2
5 87 4
1 188 4
195 87 3
128 38 2
98 161 3
174 100 1
113 60 4
47 96 3
136 39 4
23 63 2
98 171 4
179 154 3
131 179 3
170 169 2
50 79 3
7 127 2
172 73 3
52 6 3
153 44 4
95 56 3
7 124 1
86 128 2
72 146 3
93 55 2
177 48 3
82 5 2
189 175 1
140 155 3
41 165 2
155 157 4
166 143 1
69 22 2
61 161 1
134 24 3
37 170 1
31 82 2
50 118 1
152 11 4
97 4 1
184 81 1
118 144 1
158 77 2
25 80 2
2 165 3
86 116 2
60 18 2
182 196 1
120 73 4
116 169 2
27 112 2
173 140 2
133 37 2
197 141 4
51 121 2
85 116 3
192 150 3
10 38 1
175 90 4
150 66 2
148 54 4
15 81 1
122 194 1
85 17 1
182 8 2
187 148 3
14 193 2
181 156 1
56 93 4
130 83 2
180 19 1
20 114 4
178 38 4
166 183 2
137 0 4
71 192 4
95 144 2
84 132 3
67 177 1
179 135 2
182 54 2
188 105 1
88 46 2
169 146 2
168 96 4
73 107 1
94 19 3
156 186 1
104 174 1
55 72 3
83 17 2
139 117 3
82 182 4
143 52 4
1 45 4
76 6 1
161 28 1
96 69 1
147 107 4
78 20 4
112 164 4
181 94 4
178 95 1
51 177 3
129 124 4
100 95 3
167 106 4
119 172 2
90 170 4
166 159 3
138 39 3
199 161 3
146 96 3
144 140 2
157 25 1
10 102 2
79 42 2
126 96 3
59 6 4
165 136 2
158 160 2
15 108 4
12 29 3
112 135 4
39 56 3
41 151 3
160 131 4
64 82 3
123 41 3
55 37 4
45 6 2
192 13 1
185 153 1
38 172 4
159 148 2
170 38 3
195 57 3
29 148 4
165 10 4
24 118 3
107 98 2
187 96 1
63 178 2
167 60 3
25 22 4
155 78 2
7 16 4
155 90 1
12 115 4
79 107 1
128 149 2
51 194 4
10 141 2
68 122 1
151 39 2
118 192 2
166 131 2
84 16 3
96 10 2
158 125 2
68 119 4
148 57 4
199 38 3
1 169 3
152 181 4
158 46 2
64 187 3
125 27 1
28 148 3
107 23 3
15 65 1
109 4 3
18 171 2
137 81 2
150 77 2
2 110 4
49 174 1
99 158 1
188 153 3
32 105 4
182 168 4
101 66 3
43 114 1
93 124 2
41 34 3
141 71 1
92 173 2
19 89 3
72 118 3
72 121 3
3 153 3
97 10 1
24 194 3
178 144 4
188 23 1
75 70 2
18 106 4
144 137 3
197 118 2
173 135 3
136 71 1
150 112 3
112 176 4
106 86 2
155 21 2
197 63 4
138 190 2
136 38 2
168 43 1
22 105 3
80 37 4
44 152 4
121 136 1
25 105 2
142 62 4
116 64 2
37 175 4
104 152 1
159 163 2
89 99 1
174 199 2
74 153 1
41 60 3
196 168 2
42 199 4
28 51 2
79 60 1
156 63 1
119 65 1
24 73 3
98 103 4
183 37 3
103 54 4
112 36 1
106 98 2
149 139 1
8 108 2
139 77 4
140 151 4
61 169 2
199 134 1
122 19 3
156 115 3
53 120 4
55 2 1
164 108 2
60 4 4
93 50 4
153 68 3
171 73 1
75 42 1
177 39 4
40 131 3
115 170 2
77 126 2
39 134 3
88 183 2
175 9 3
69 143 2
188 146 4
84 122 2
141 166 4
101 51 3
71 181 4
183 61 4
135 82 2
2 183 4
130 173 2
166 29 3
171 103 1
145 15 4
188 180 2
149 68 1
105 70 3
124 36 4
86 50 1
86 197 1
15 156 4
173 40 4
194 119 4
126 186 3
0 100 2
8 172 3
60 43 1
182 60 4
144 0 4
151 97 4
129 98 1
80 106 2
164 19 1
115 41 1
139 187 1
166 14 3
15 27 2
98 179 4
171 55 3
94 121 3
5 47 1
167 44 4
144 37 3
104 130 3
15 14 2
92 48 1
59 16 1
137 112 1
195 93 1
188 38 4
167 169 3
69 39 3
86 101 1
88 35 4
50 167 2
86 1 4
117 199 1
27 48 2
8 88 4
142 107 2
75 69 1
190 66 4
98 92 3
167 196 2
117 26 1
136 139 4
149 158 4
111 194 4
158 114 4
144 199 4
56 105 2
164 13 2
5 93 1
105 139 4
41 86 2
194 121 2
27 186 2
59 76 2
133 31 3
194 117 2
97 190 3
118 173 2
151 19 4
44 52 1
158 16 2
159 117 4
17 31 1
0 120 2
5 9 4
169 7 3
109 53 1
66 135 1
191 108 4
43 32 2
105 97 3
179 103 3
32 57 2
79 128 4
71 64 1
129 162 2
186 44 1
190 93 3
144 159 4
12 164 3
53 170 4
103 82 1
197 162 3
124 177 4
110 63 2
2 89 2
59 71 4
194 22 2
109 57 3
198 104 3
76 52 4
178 131 4
143 165 3
45 175 1
145 68 2
32 41 4
102 3 3
18 15 3
104 25 3
64 81 2
136 164 2
129 141 4
134 106 4
88 92 2
6 3 2
58 9 4
134 184 1
155 53 1
133 134 1
22 148 3
58 16 3
120 177 4
26 81 3
12 36 1
146 145 4
135 51 2
5 176 3
107 54 1
57 159 4
59 80 1
57 18 4
147 17 4
149 35 4
143 86 2
40 192 4
43 182 1
163 197 4
0 123 4
142 94 2
163 57 1
20 167 1
196 51 1
113 189 3
20 11 2
187 177 4
66 69 1
45 113 1
70 158 4
125 50 4
149 145 4
187 81 4
12 7 4
54 19 2
23 26 2
77 29 1
110 128 1
31 41 2
190 61 4
109 21 2
103 73 2
196 149 1
70 38 2
24 105 4
98 152 4
99 21 4
114 180 1
104 84 1
142 4 1
107 48 3
21 166 2
56 31 2
172 85 1
169 110 2
15 69 4
72 142 1
152 28 4
96 132 1
17 185 4
8 133 2
125 190 4
133 147 4
93 14 3
47 82 3
52 78 3
66 143 1
26 138 3
85 10 2
63 160 2
150 111 4
142 81 3
137 70 2
72 95 1
92 38 4
104 40 4
199 73 1
55 60 3
110 89 4
27 78 3
82 146 4
68 166 4
180 50 1
93 193 4
102 45 2
97 22 4
153 83 2
95 185 2
84 163 3
10 133 3
32 31 3
10 183 2
118 194 1
113 131 1
27 62 3
20 13 3
140 23 2
197 65 3
22 83 2
167 7 4
188 134 2
192 180 4
8 85 3
17 116 4
81 41 1
187 77 2
126 131 2
176 103 1
108 126 3
109 56 1
164 83 4
187 39 3
174 195 4
175 156 3
167 68 2
197 105 1
5 112 2
114 91 2
28 122 3
137 108 2
2 185 4
52 111 3
132 184 2
166 157 2
159 119 1
103 100 4
149 40 3
130 50 2
85 40 2
120 60 2
134 114 4
97 152 3
79 144 2
92 122 2
73 90 2
170 136 2
56 183 4
62 161 1
104 143 3
41 147 4
75 165 2
146 199 4
24 86 4
197 165 2
14 146 3
77 68 4
11 85 2
89 11 4
44 138 4
60 6 2
32 91 1
104 118 1
144 103 1
86 199 2
49 44 1
111 155 1
10 143 3
87 6 3
171 156 3
131 70 4
67 152 1
40 33 1
54 71 4
27 158 3
99 65 2
96 37 3
135 91 2
85 0 4
142 174 3
177 153 4
183 129 2
42 156 4
118 91 2
96 8 4
160 135 4
100 186 3
195 50 1
106 72 2
29 138 3
190 133 2
146 84 1
149 26 2
63 2 2
13 30 3
109 55 4
69 120 4
64 43 4
109 49 3
21 154 4
123 140 3
33 48 2
66 15 3
41 197 4
154 32 3
68 199 3
122 93 3
21 198 4
43 74 1
77 65 4
51 187 4
125 56 3
1 79 2
81 186 2
162 43 1
53 5 2
155 172 2
48 40 4
66 109 3
111 183 2
24 1 2
51 144 1
82 147 3
109 24 4
161 131 3
88 103 1
189 139 3
42 85 3
120 171 2
173 61 2
193 45 3
133 11 3
152 178 4
163 137 1
126 154 3
113 142 2
77 185 3
49 106 4
191 43 3
71 61 1
49 14 4
107 62 4
117 198 4
123 196 2
160 115 4
49 39 2
58 111 2
24 0 1
137 170 3
154 33 3
170 166 3
99 151 2
110 34 4
136 104 2
135 17 1
94 179 3
161 95 3
174 161 4
41 23 2
122 137 1
66 171 3
128 6 4
168 142 2
75 29 1
66 196 2
32 61 3
151 29 2
165 153 2
101 67 3
150 96 4
52 49 2
86 37 4
183 120 3
59 138 3
88 44 2
165 16 2
136 55 2
55 0 4
170 132 4
2 92 1
170 194 1
178 49 1
8 188 4
88 14 2
189 53 2
181 75 3
78 119 2
73 110 3
168 15 1
132 168 4
44 22 1
135 101 3
176 132 4
46 3 1
28 142 1
171 182 3
133 198 4
149 87 3
147 61 1
176 97 2
144 187 2
74 86 2
164 81 1
78 92 4
58 102 1
134 139 2
59 44 1
184 158 2
61 78 1
39 16 1
92 43 4
44 108 4
104 142 3
138 140 3
171 10 4
116 182 4
162 137 3
86 178 1
54 88 3
162 12 3
16 156 3
41 87 2
151 72 2
115 61 2
46 86 3
131 23 4
132 52 4
118 183 3
156 81 2
140 118 2
94 149 2
199 11 1
81 91 3
185 51 1
25 149 1
38 104 2
120 181 2
154 93 3
80 110 2
13 143 2
19 84 1
175 51 3
98 79 3
100 167 3
16 96 1
148 84 3
195 115 4
123 171 4
42 164 2
3 125 1
187 11 2
5 79 1
92 120 3
141 120 3
142 66 4
44 10 4
70 147 1
158 191 2
188 61 4
106 149 4
178 199 4
173 24 3
173 105 1
153 80 1
17 29 3
139 132 2
92 179 3
64 197 4
95 156 4
148 5 3
67 124 3
91 22 2
16 157 4
13 126 1
153 178 3
193 20 3
117 107 3
97 8 3
91 167 4
97 31 4
83 154 3
123 34 4
187 97 2
125 165 2
54 144 3
64 154 2
100 41 3
159 11 2
97 194 4
65 159 3
142 59 2
161 102 3
181 171 4
1 117 1
12 109 2
68 87 4
8 157 4
133 69 3
178 32 3
159 38 3
147 12 3
95 10 1
15 114 4
89 118 3
77 146 1
153 33 3
181 62 4
6 198 4
17 1 2
77 19 1
15 11 4
122 65 1
54 64 1
185 54 2
8 95 2
19 52 3
24 162 3
107 143 4
197 45 2
103 131 4
114 186 2
108 64 1
71 147 1
154 42 3
19 20 2
196 104 4
41 196 1
143 50 2
28 61 2
7 185 3
113 27 1
21 183 2
64 26 2
80 168 3
20 98 3
187 194 1
194 25 2
163 27 4
85 178 2
59 143 4
69 85 2
191 123 4
177 97 4
34 106 1
70 155 4
68 123 3
189 111 4
46 28 3
199 92 2
128 3 4
166 62 1
169 131 3
115 107 1
174 97 3
57 77 1
198 87 1
45 172 3
3 43 3
159 71 2
125 77 3
10 13 3
5 145 1
193 174 1
71 113 4
197 140 2
11 9 4
113 190 1
0 12 4
89 7 3
85 72 2
110 144 4
156 178 3
119 140 1
42 147 1
107 150 4
142 100 2
42 32 2
120 102 4
73 97 3
170 32 2
114 67 1
189 47 3
135 22 4
188 88 3
144 129 3
27 40 1
35 158 1
105 42 3
99 49 2
66 116 1
198 109 2
46 45 4
153 56 2
178 139 4
149 74 3
92 102 3
22 81 3
52 35 2
185 49 1
117 145 3
144 99 3
168 189 2
105 164 4
194 167 4
122 138 2
99 6 2
2 178 3
130 97 1
44 45 1
82 35 1
52 69 2
66 173 4
23 43 3
140 20 4
182 158 3
40 67 2
43 169 4
69 151 3
158 121 4
178 161 3
126 51 3
83 11 2
42 131 2
94 68 3
23 134 3
18 102 3
56 75 3
54 29 3
119 24 2
108 5 3
102 12 4
183 99 2
15 6 3
131 124 2
26 43 4
160 185 1
4 67 2
129 1 1
19 75 1
150 71 1
149 193 3
170 36 1
150 195 1
107 3 2
135 11 4
123 188 3
106 7 2
5 37 2
185 184 2
160 183 4
95 142 1
98 100 3
97 33 4
7 83 4
163 139 2
186 132 3
64 146 2
26 98 1
21 169 4
123 174 2
176 146 2
55 135 1
82 36 4
164 37 4
155 74 1
31 142 4
113 36 3
116 165 4
0 189 1
170 88 3
165 86 1
93 108 3
73 80 3
151 188 4
71 98 1
2 15 1
4 153 3
137 139 4
154 128 1
66 110 2
37 101 2
116 194 4
116 35 1
2 170 2
41 167 2
19 67 3
49 86 2
63 32 1
85 134 4
168 53 3
42 26 2
178 195 4
123 62 4
100 77 3
84 139 3
131 26 3
18 196 3
61 40 2
181 103 1
19 29 4
54 130 2
4 50 1
113 98 3
101 62 2
135 133 4
176 169 4
106 119 3
97 77 3
157 180 1
128 129 1
198 131 1
41 22 4
52 67 1
16 51 1
196 58 4
14 111 4
78 69 2
32 21 1
42 104 3
195 155 1
135 170 1
36 186 1
37 179 4
53 92 2
142 48 1
57 199 4
110 174 4
40 50 2
196 85 3
22 172 4
148 196 3
101 84 4
53 193 1
158 47 1
190 1 4
50 29 2
37 196 4
121 163 4
34 181 2
174 170 4
17 79 2
130 47 2
185 121 4
190 188 3
40 169 1
20 65 1
29 130 2
81 44 2
3 180 2
82 179 3
1 184 4
189 140 2
173 181 1
130 3 1
122 181 2
156 194 4
13 156 2
73 99 4
35 70 2
52 92 2
75 79 3
117 3 1
113 143 3
167 40 1
85 136 1
60 40 4
121 109 1
30 35 1
70 197 1
194 168 3
174 27 3
154 108 2
147 128 2
126 30 1
63 91 2
136 123 2
74 179 3
131 67 1
172 121 3
54 6 1
7 3 1
40 112 2
53 127 4
86 142 1
6 91 4
103 194 4
173 102 2
197 147 4
55 14 3
68 67 3
24 25 1
171 28 1
74 120 4
70 71 4
75 123 4
149 103 4
94 48 4
158 44 1
92 154 2
167 155 2
82 162 3
74 194 1
39 176 4
10 19 4
9 68 4
80 176 2
185 46 4
27 21 3
56 41 4
172 139 4
163 119 3
109 143 3
4 88 1
15 46 2
85 146 1
22 29 1
114 85 2
34 198 3
84 44 4
153 87 4
132 193 4
115 129 2
76 90 2
90 67 4
87 37 2
199 180 4
24 72 4
111 162 4
153 125 3
40 147 2
189 93 3
58 88 2
53 17 3
55 168 3
146 97 3
191 189 2
88 1 2
147 175 1
158 156 1
2 197 1
140 74 2
172 11 4
185 56 2
101 134 3
46 165 2
95 138 2
173 172 1
193 134 3
126 43 1
42 134 1
110 112 3
38 11 2
77 114 3
63 73 3
171 188 2
38 125 2
188 68 4
112 100 2
165 60 4
81 88 4
50 156 4
172 28 3
108 155 3
94 60 2
129 149 1
31 86 2
68 1 4
8 185 4
181 154 4
119 95 1
29 127 3
145 159 4
29 161 4
187 116 4
165 171 1
112 18 2
42 118 3
18 149 2
146 171 2
143 21 1
8 6 3
33 114 3
149 112 2
123 104 1
146 3 3
6 86 4
14 174 2
58 131 1
146 43 3
124 92 2
134 186 4
56 115 4
185 67 4
192 131 2
122 7 3
186 6 4
101 77 3
154 106 2
143 197 1
88 97 3
192 95 1
181 36 1
2 177 4
198 16 3
128 164 3
92 196 4
7 102 4
86 3 1
195 154 3
78 8 1
79 140 1
17 118 4
144 196 1
39 74 1
197 21 2
128 148 3
15 97 1
67 113 3
78 42 2
132 26 1
62 49 4
32 59 4
9 46 3
9 91 1
58 48 1
192 102 3
27 9 4
50 30 3
160 50 4
146 147 2
101 120 2
63 167 4
112 167 3
134 175 4
173 95 2
34 190 4
112 173 2
181 41 2
34 128 4
97 35 3
140 105 2
123 183 1
32 75 3
129 35 4
117 141 4
78 96 4
101 116 3
21 93 4
122 39 3
74 181 3
66 88 4
37 105 3
38 163 3
47 142 3
176 109 1
52 24 3
193 48 2
135 191 2
16 99 4
16 72 3
110 121 4
94 112 3
159 72 2
85 35 4
141 193 3
162 10 4
43 149 2
154 69 2
180 87 2
90 68 4
112 66 2
150 67 2
33 174 1
42 113 4
55 131 1
45 58 1
147 9 1
14 34 4
130 167 4
89 152 2
31 2 1
71 127 2
42 116 4
199 157 4
184 38 2
194 40 4
49 134 2
115 150 1
110 17 4
21 142 2
83 35 2
121 199 1
150 31 4
56 71 1
89 192 3
20 174 4
71 133 1
162 70 4
185 131 2
198 96 4
127 59 2
17 67 1
41 112 3
107 138 1
177 0 2
134 164 2
24 85 1
4 137 2
78 124 3
179 181 3
103 106 4
10 170 2
106 160 4
60 28 1
84 108 2
167 5 3
51 160 4
14 114 2
145 121 2
170 167 4
186 80 2
79 165 2
169 13 3
189 156 1
125 44 1
77 191 2
62 6 3
101 132 4
77 180 3
15 143 2
114 100 2
104 172 2
96 25 3
192 134 3
168 166 2
144 68 1
57 56 1
107 14 1
192 37 2
54 33 1
196 91 3
174 65 4
175 46 4
167 149 1
29 36 1
109 99 1
54 18 4
101 194 3
38 176 4
53 21 1
156 152 4
99 196 2
193 85 2
163 125 3
38 187 3
157 112 1
164 84 3
164 168 3
178 18 2
47 108 2
143 198 4
22 173 1
50 24 3
32 2 2
143 142 4
123 46 3
121 77 4
79 114 2
53 60 2
145 61 1
196 150 4
117 169 4
53 86 2
181 10 2
49 83 3
13 9 1
144 135 1
87 189 2
195 13 4
186 11 2
7 132 1
164 51 4
27 115 3
8 131 3
8 28 3
111 72 3
181 151 1
93 133 4
166 72 1
21 84 3
147 32 1
175 80 2
40 126 4
130 195 4
132 154 4
141 183 2
193 114 2
98 109 2
144 134 2
45 174 3
118 189 4
25 198 1
50 162 3
91 158 4
151 174 2
132 192 3
142 194 4
124 119 4
185 141 3
41 137 1
161 198 3
112 145 3
164 121 2
129 110 3
50 68 3
157 121 1
195 106 4
64 70 2
6 97 4
92 94 4
124 122 4
158 178 4
155 2 2
30 68 2
58 37 3
168 33 1
64 112 1
43 193 3
144 21 2
190 24 1
79 15 3
154 74 4
89 107 4
194 195 3
101 157 1
129 8 4
141 21 1
193 125 1
76 21 4
179 14 1
69 59 2
134 98 4
11 137 3
0 106 2
22 64 2
40 19 4
148 79 3
153 18 1
156 56 1
143 80 2
46 13 1
51 18 4
100 38 3
29 136 4
185 87 1
178 154 1
141 77 3
78 89 3
63 21 2
80 55 4
38 139 1
59 145 2
141 76 4
189 25 2
17 192 1
134 91 1
85 102 4
169 15 2
167 12 3
78 26 1
49 149 4
60 184 2
86 175 2
188 43 3
25 191 1
111 116 4
111 10 2
188 87 4
53 132 3
176 128 2
113 103 2
57 129 1
194 47 3
13 68 1
117 30 1
151 189 2
7 25 3
158 51 1
171 128 1
187 193 4
130 169 3
78 173 4
150 102 1
159 137 3
127 23 3
31 21 1
99 1 4
164 157 2
190 117 3
157 29 3
38 97 4
107 94 2
142 147 1
147 39 1
39 54 1
70 165 3
192 128 3
79 120 3
42 38 2
178 177 2
110 123 3
34 1 4
179 184 3
99 33 4
25 186 1
26 91 3
96 169 1
142 67 4
151 103 3
52 75 3
106 15 1
151 77 4
66 53 1
50 0 2
96 95 1
188 154 4
41 38 4
158 183 2
24 135 4
131 112 3
137 164 2
104 189 4
57 162 4
63 96 2
5 85 3
73 150 4
50 107 3
84 145 3
12 8 3
79 77 4
105 39 3
132 117 1
192 198 1
188 196 2
7 24 3
133 94 2
112 25 2
62 103 4
108 110 1
163 147 2
86 158 3
98 197 4
56 102 4
138 83 2
171 190 4
7 178 3
157 82 1
191 30 2
151 11 2
88 146 1
184 5 4
27 22 3
130 198 4
150 199 2
92 79 1
57 96 2
146 35 1
199 135 3
143 196 1
186 31 1
69 84 3
73 155 1
28 94 1
94 108 2
114 188 4
197 59 3
83 95 1
183 87 4
18 121 2
194 0 4
125 19 3
145 120 1
48 108 1
23 118 3
108 194 1
106 82 2
153 2 1
27 5 4
190 50 4
144 75 1
115 78 3
173 170 2
146 20 4
124 1 4
129 142 1
174 164 3
61 18 1
146 92 3
23 61 3
156 23 4
196 154 3
113 20 1
194 110 2
6 13 4
187 56 1
31 33 3
103 26 1
112 6 3
193 169 3
150 125 4
47 157 3
44 104 4
135 119 1
195 177 4
54 23 3
115 114 1
141 90 4
35 68 4
86 5 2
174 119 4
67 180 4
108 4 1
32 118 2
37 121 1
52 80 3
100 75 3
154 60 4
65 78 3
61 53 4
130 55 3
56 158 3
169 181 4
75 22 3
88 40 1
106 52 1
173 77 4
57 55 3
185 68 2
45 103 3
152 56 4
185 182 3
92 145 4
114 191 1
132 48 4
71 31 1
37 23 2
165 92 4
40 41 2
99 57 3
124 198 4
0 129 2
90 110 2
72 131 4
186 123 1
129 176 1
155 75 3
59 154 1
107 95 4
49 12 1
34 166 2
137 199 3
66 120 1
117 97 3
7 133 2
148 119 4
185 60 2
95 2 1
41 59 3
187 4 2
72 48 4
93 48 1
119 12 1
116 173 2
62 138 3
59 178 4
78 9 2
71 60 2
103 67 1
44 106 2
161 165 4
110 183 4
187 110 1
84 159 2
112 174 2
26 114 2
165 24 3
86 112 1
63 135 1
71 35 2
129 159 1
49 126 3
81 117 4
174 11 4
40 189 4
108 177 4
65 171 3
121 79 1
47 119 4
25 63 1
66 93 3
167 43 1
64 1 2
179 86 3
193 142 4
79 181 2
195 12 2
113 164 4
169 45 3
119 121 2
191 157 1
33 5 2
33 116 2
47 191 2
37 4 1
153 5 2
61 119 4
183 100 1
150 185 3
155 194 2
21 115 4
73 164 2
84 60 1
125 142 1
125 118 3
175 129 2
70 141 3
126 18 4
144 46 2
130 26 2
188 81 1
125 189 3
19 21 1
65 26 2
52 0 2
86 30 3
13 185 1
29 153 2
126 123 2
180 58 2
97 13 1
86 67 2
144 163 3
81 104 2
64 100 3
126 183 3
198 7 2
121 80 1
85 169 3
112 184 4
143 55 4
163 4 3
82 98 2
141 174 3
116 123 2
75 160 4
108 187 1
138 193 2
188 51 3
189 21 3
36 105 2
161 149 1
73 88 1
141 5 1
34 44 3
95 97 3
31 159 3
184 44 3
111 79 1
179 35 3
73 55 2
165 65 2
109 95 2
141 184 4
198 176 2
140 137 4
174 163 1
8 130 2
8 25 3
96 36 4
67 106 4
115 180 2
94 171 3
89 30 4
72 25 2
112 46 1
98 68 2
72 116 3
41 0 1
26 5 2
75 17 1
4 38 4
92 42 1
21 17 3
21 152 3
193 131 2
76 16 4
46 113 3
166 114 2
96 80 1
103 118 1
90 1 2
74 81 1
76 150 2
91 152 4
151 6 2
37 8 3
122 184 4
32 81 1
81 39 1
8 99 2
1 41 4
35 25 2
72 46 4
37 35 3
18 190 3
154 146 3
17 25 2
65 134 4
19 13 4
92 47 4
135 194 2
49 10 1
109 11 4
132 15 4
3 96 4
15 127 2
157 93 3
144 44 2
152 117 2
37 113 4
52 66 2
105 141 4
155 115 1
48 192 3
63 88 3
197 166 3
7 182 3
103 123 1
30 185 1
106 172 3
84 150 3
35 185 2
180 20 2
189 88 1
115 103 1
185 45 1
14 131 4
120 39 3
66 77 2
74 61 3
77 94 2
42 121 2
109 187 3
78 90 1
114 22 3
144 13 1
131 190 4
91 129 2
197 52 2
57 28 4
152 99 2
101 38 2
124 182 2
36 56 1
15 41 1
41 16 3
39 27 3
72 172 1
50 173 1
27 178 2
17 196 2
147 166 4
171 42 1
87 76 2
73 0 3
27 109 1
122 193 2
139 89 3
83 93 1
40 77 1
127 68 4
65 38 3
23 101 4
150 97 1
108 116 1
137 78 4
57 165 4
178 5 4
10 1 1
141 91 1
107 59 3
168 35 3
182 144 3
57 120 3
103 183 1
152 18 4
190 166 3
12 191 1
88 55 2
38 67 2
122 157 4
0 27 1
118 60 2
6 100 4
165 94 1
177 144 1
64 152 2
153 14 4
75 91 3
140 111 4
173 56 3
170 72 3
146 194 4
151 111 2
133 78 2
148 46 1
52 174 4
178 17 3
51 57 1
83 32 1
106 31 2
107 192 3
56 120 1
4 167 2
140 170 2
153 167 1
95 84 4
25 26 2
65 27 3
51 35 2
57 181 4
147 35 4
188 34 2
20 82 1
13 106 2
97 182 1
155 112 4
68 195 1
72 158 4
129 25 4
173 17 3
65 98 2
141 27 4
70 196 3
193 178 3
98 9 1
94 56 3
186 138 2
146 54 4
150 190 4
67 97 2
135 1 3
155 88 3
142 65 3
174 75 2
126 190 4
14 66 1
23 46 1
1 163 3
131 115 3
147 188 4
46 54 4
79 182 4
113 40 2
50 8 3
3 75 3
85 158 2
50 128 3
160 62 2
170 161 2
31 101 3
86 68 1
43 65 4
130 95 2
0 117 4
101 171 1
60 131 1
6 118 2
84 171 3
34 192 2
126 114 3
179 143 3
99 115 2
160 42 4
142 24 1
57 141 1
116 178 3
123 106 2
163 72 4
100 9 2
120 121 3
63 129 3
70 94 2
68 143 2
154 97 3
55 117 3
109 92 1
119 60 3
146 83 4
11 161 2
139 91 3
81 86 4
48 96 2
55 193 3
184 78 2
72 148 1
99 92 1
173 3 2
140 73 2
9 32 3
117 127 4
125 184 1
127 173 3
72 34 1
27 53 3
24 68 4
118 48 4
159 41 1
134 153 2
176 144 4
89 82 1
61 46 4
132 106 1
36 38 1
155 122 1
13 117 4
131 34 3
90 9 3
194 130 2
12 45 3
122 120 3
146 86 2
136 8 2
14 11 4
117 149 3
142 56 3
23 161 2
104 144 2
4 168 3
5 135 2
172 157 1
46 0 3
13 86 3
130 5 3
86 132 3
80 36 2
80 43 2
18 32 4
128 131 4
88 23 4
13 111 1
54 78 3
162 15 1
138 37 2
153 119 1
181 1 1
112 84 1
35 177 4
60 130 1
28 183 4
139 121 2
154 165 4
98 183 4
61 156 2
130 84 1
55 38 2
61 81 4
55 119 2
0 56 2
43 172 4
45 49 4
199 108 1
7 180 2
166 81 2
175 161 2
149 147 1
197 23 2
194 59 2
151 60 4
26 57 2
162 156 4
172 109 3
161 5 3
191 118 3
130 134 4
194 180 2
22 137 3
154 40 4
151 27 4
67 72 3
164 47 4
162 68 4
44 159 2
196 34 2
165 42 3
185 113 4
66 60 3
160 41 4
84 51 2
85 192 2
193 76 2
172 58 4
127 74 1
138 46 1
0 151 4
16 180 1
72 84 3
20 155 1
15 141 2
21 101 1
87 22 2
165 81 3
38 19 3
9 88 3
185 59 4
195 36 1
159 80 4
33 27 3
52 136 1
79 41 2
31 16 3
94 98 2
163 51 1
129 17 2
133 2 1
32 13 2
161 25 1
126 47 4
141 61 4
136 102 2
167 158 3
55 185 2
85 34 2
185 166 1
95 7 3
164 16 3
140 163 4
197 47 3
172 75 4
178 119 1
5 42 2
74 49 2
81 197 2
2 30 3
60 11 2
92 67 2
108 28 1
188 144 4
106 104 4
33 113 4
90 52 4
62 151 1
51 21 1
156 160 3
76 31 3
91 193 3
128 44 4
86 56 3
30 28 1
102 14 4
147 93 3
72 184 2
133 117 3
32 92 4
153 174 2
144 157 1
175 182 2
66 170 4
19 30 1
60 9 3
57 36 4
7 170 3
85 126 3
85 104 4
111 129 3
82 0 1
82 2 4
171 148 3
122 51 3
29 131 2
127 136 2
65 61 3
98 97 4
153 55 2
176 178 2
182 66 1
91 58 4
197 44 3
21 174 4
49 84 1
44 79 2
140 117 3
78 136 1
86 47 4
196 23 3
99 125 2
82 73 2
70 139 4
133 4 2
17 94 2
105 17 4
24 110 4
162 125 3
100 85 4
94 183 2
42 119 3
156 29 1
156 40 3
51 81 2
83 2 1
144 72 1
4 138 3
108 1 1
22 36 2
53 0 1
101 14 4
32 85 4
86 9 3
65 150 4
192 44 3
97 34 1
181 19 2
61 8 4
61 132 3
99 106 4
199 76 4
82 129 3
164 183 1
46 153 1
97 197 1
173 47 2
79 192 2
41 194 2
44 75 4
0 26 2
168 25 2
7 57 3
163 14 4
77 39 1
85 50 3
182 138 1
25 66 1
26 107 4
42 99 1
158 69 3
128 144 2
121 58 1
95 73 2
47 116 4
112 156 4
74 125 4
30 108 3
111 75 3
67 13 4
63 159 3
29 145 2
37 169 3
130 14 3
117 49 3
41 128 3
160 193 1
4 147 3
185 52 3
123 65 1
183 27 1
189 27 3
38 183 1
117 186 2
82 105 3
166 89 3
167 65 1
173 123 3
138 152 4
199 89 1
90 39 3
47 122 3
93 156 3
104 86 2
61 163 2
75 36 1
2 22 3
14 45 4
123 91 2
133 185 4
20 53 3
193 179 3
92 40 2
189 112 1
159 74 1
64 114 2
51 169 2
139 10 3
26 139 3
77 189 3
80 137 2
125 61 4
95 158 4
178 121 3
153 173 2
72 23 4
89 10 3
77 5 4
184 154 1
114 59 2
157 92 3
126 172 1
44 72 4
145 107 1
86 87 1
40 28 3
47 13 1
109 104 2
149 182 3
139 54 2
29 181 2
28 126 2
65 35 1
157 85 1
151 177 3
96 134 2
65 173 3
39 71 2
108 122 2
21 151 1
157 98 4
13 56 2
51 105 3
198 108 1
71 85 2
100 14 1
107 159 3
108 43 3
165 59 4
64 103 2
124 111 3
2 35 4
187 54 1
75 129 2
39 83 3
177 91 3
153 90 2
58 51 1
117 147 4
180 151 4
1 62 1
45 147 1
109 34 1
64 144 3
69 125 1
21 116 4
169 73 3
130 19 1
75 83 1
5 198 2
144 174 2
168 91 4
88 93 1
64 111 4
25 93 4
0 13 4
150 15 1
150 171 3
89 8 2
58 117 1
112 43 3
27 61 2
53 16 3
0 157 4
98 2 2
62 146 3
192 84 4
132 39 1
75 7 1
63 146 3
22 132 2
97 198 4
110 176 4
18 164 4
120 50 1
27 43 3
98 119 1
169 90 3
184 187 1
152 147 4
53 118 3
143 47 4
173 192 2
30 0 2
85 95 1
162 72 2
192 115 2
116 18 1
194 11 4
66 165 4
94 143 1
45 16 3
10 152 3
58 128 2
81 4 2
185 79 4
166 100 2
96 17 2
180 86 4
192 38 4
136 184 3
188 161 3
188 124 4
85 25 3
116 2 2
192 103 4
34 100 3
87 67 4
26 147 2
13 135 4
159 14 3
196 1 3
85 139 1
119 58 2
98 135 3
146 57 3
16 175 2
89 115 2
155 65 4
194 52 1
123 83 1
143 103 3
41 121 2
119 131 1
56 145 1
125 197 2
51 138 3
184 181 3
165 88 4
66 97 3
99 111 2
86 12 2
147 115 2
109 17 2
198 55 3
196 124 1
140 174 2
41 95 1
39 145 1
169 88 3
168 22 4
54 190 2
31 23 4
131 172 3
68 66 4
185 76 3
82 195 3
95 106 1
19 147 1
127 31 1
113 179 1
56 190 2
88 122 2
159 118 2
192 196 3
63 139 2
108 6 3
134 13 4
184 10 4
8 58 2
61 26 4
111 131 2
85 81 3
105 9 4
139 128 1
85 148 1
45 127 1
161 110 2
122 186 2
89 68 3
131 171 1
121 44 4
13 79 2
101 2 2
5 1 4
117 39 4
148 11 3
139 57 1
151 23 3
132 159 2
121 21 1
169 140 2
74 93 4
186 58 4
84 154 1
36 88 3
67 141 4
169 5 4
127 63 3
196 74 3
81 189 1
74 168 4
164 94 1
119 170 3
136 167 3
176 193 2
113 74 3
179 56 4
141 145 1
95 36 3
148 37 2
150 98 2
116 114 1
136 26 1
63 41 2
126 147 2
128 91 1
126 38 3
132 119 3
162 191 1
83 25 4
114 139 4
163 158 2
106 28 4
72 63 3
165 110 4
9 171 1
127 155 1
89 105 3
169 114 4
15 92 4
119 144 2
85 106 1
31 48 4
61 79 3
121 64 2
164 176 1
171 151 4
72 113 3
35 164 1
39 31 1
95 127 3
143 46 4
110 198 4
34 51 4
156 80 1
126 16 4
198 115 2
61 102 3
42 6 3
94 9 3
23 16 2
82 142 1
165 189 1
89 27 1
136 108 4
178 6 2
33 149 3
136 3 3
164 189 3
32 109 4
163 185 4
102 55 2
148 184 4
148 137 4
78 87 1
43 113 2
117 22 2
105 118 4
37 156 2
33 52 1
34 102 2
32 126 4
62 188 4
56 58 3
12 73 4
150 157 2
127 27 3
109 39 4
160 177 1
1 137 4
126 81 4
181 48 2
72 165 2
104 138 4
131 80 2
75 21 4
187 47 1
29 174 2
72 87 1
52 89 1
164 152 4
9 163 1
78 46 1
6 47 1
49 154 4
128 172 3
39 198 3
116 20 1
38 161 4
119 11 4
23 108 4
145 62 3
181 39 3
91 110 1
33 145 1
29 125 4
170 125 4
113 141 4
37 198 3
193 81 1
52 190 1
105 102 3
117 193 3
71 74 1
84 121 3
86 185 1
196 127 3
5 170 2
72 76 2
197 46 3
94 184 3
154 109 2
98 143 1
122 130 2
68 69 3
43 189 1
161 163 3
187 159 1
177 121 2
93 23 1
198 113 4
14 135 3
3 2 3
97 168 1
93 30 4
83 191 3
1 72 4
27 74 3
58 18 4
140 145 4
45 176 4
86 28 4
179 125 3
135 169 4
116 91 1
181 92 2
149 14 2
3 74 4
6 177 4
70 134 1
145 8 3
163 123 2
31 11 4
141 38 1
83 14 3
143 20 1
116 107 1
89 126 3
37 51 4
36 163 2
86 184 2
78 150 4
156 168 4
21 86 4
9 22 2
78 194 1
141 157 4
13 155 4
136 100 3
83 65 4
153 95 4
81 54 1
62 86 1
137 172 3
122 66 2
107 184 2
99 91 4
171 115 2
170 61 2
101 188 2
37 78 2
64 68 2
188 7 4
193 36 2
93 136 2
108 10 4
10 128 3
13 139 4
113 86 4
194 5 2
128 156 1
84 199 2
133 61 4
66 111 2
79 8 2
3 193 2
32 15 4
8 124 1
127 22 3
48 111 3
40 32 2
56 89 4
189 2 2
77 152 2
168 98 3
180 104 1
120 71 4
0 103 1
56 78 3
60 20 3
66 48 1
42 63 3
106 8 1
85 182 1
107 20 4
40 122 2
21 104 1
86 27 2
14 142 1
20 91 4
71 184 3
40 163 3
161 91 4
161 41 4
119 64 4
53 197 3
142 77 2
139 177 1
51 117 2
93 119 3
97 131 1
32 193 2
169 52 2
128 143 4
41 138 3
95 191 4
184 175 1
156 5 3
23 195 1
109 6 1
6 78 3
179 117 2
164 59 3
190 123 3
42 184 4
25 163 4
31 68 3
81 127 1
189 17 1
175 12 1
2 64 3
154 46 3
188 85 2
3 47 3
197 74 3
123 120 3
152 85 4
32 134 2
29 186 1
163 176 2
138 157 3
142 84 3
96 114 4
198 153 1
162 34 1
126 151 2
168 144 2
43 6 1
22 57 2
64 99 1
191 199 4
80 165 3
49 66 4
13 80 1
195 62 4
111 22 4
144 2 4
59 112 2
144 193 3
123 82 2
74 112 4
120 43 4
110 162 3
166 199 2
163 173 1
194 83 3
135 39 1
35 54 1
198 23 2
147 154 2
122 11 4
81 133 4
108 62 3
116 185 1
159 139 2
15 138 1
106 110 2
182 32 1
17 154 3
76 128 1
183 171 4
149 51 2
162 9 3
128 106 3
186 133 1
107 21 2
76 187 3
81 119 2
45 183 1
1 12 1
29 7 2
123 144 2
20 45 4
49 68 4
42 111 3
165 31 3
0 190 2
45 110 2
12 168 4
182 33 3
50 135 2
145 124 3
196 25 2
149 48 3
68 155 2
162 102 1
140 184 3
168 62 3
94 110 2
198 2 4
85 174 4
12 53 2
38 146 4
153 19 1
49 118 1
135 41 4
7 31 1
62 43 3
47 129 1
187 57 1
171 195 2
72 86 3
16 135 3
107 132 1
69 44 4
174 9 2
186 151 1
196 77 1
123 14 1
108 11 3
53 162 3
185 20 2
9 72 1
193 46 4
138 121 4
165 61 2
199 152 1
55 120 2
47 41 4
87 146 3
28 182 3
145 137 3
28 45 3
116 67 1
13 157 1
138 131 4
181 90 4
187 15 2
95 17 3
103 108 3
149 63 1
177 136 2
34 169 4
13 52 4
179 29 3
115 178 3
64 57 3
123 76 2
65 73 1
30 133 4
54 51 1
75 92 2
89 140 4
48 63 1
132 44 3
115 52 1
159 182 1
35 188 4
195 0 1
180 9 4
74 67 1
161 43 2
51 6 1
177 40 2
120 93 2
102 168 4
62 126 1
198 13 4
162 2 4
18 101 4
125 145 3
39 140 2
46 36 4
198 84 4
135 62 3
83 81 4
192 78 2
118 169 2
14 124 1
93 128 4
170 100 3
116 99 1
104 186 1
198 82 4
95 45 4
188 26 1
84 1 2
147 75 4
22 178 1
152 166 3
135 151 4
26 100 2
166 66 3
195 32 3
115 120 4
75 140 3
180 158 2
30 67 4
153 154 2
183 35 2
74 176 4
138 14 3
7 10 3
96 68 3
76 148 3
138 50 3
140 65 4
110 35 1
10 151 2
106 21 1
31 24 1
116 176 2
190 124 4
198 139 3
134 4 4
188 172 1
192 167 1
29 111 1
9 133 2
3 133 4
128 194 1
35 5 4
131 122 2
69 77 1
116 22 3
160 72 4
58 69 4
125 10 1
182 142 3
189 49 3
98 155 3
163 95 3
179 183 1
43 158 3
105 104 3
146 32 4
149 113 4
154 173 2
12 165 1
167 55 4
139 192 2
89 161 4
176 161 4
8 16 4
195 5 3
101 128 2
53 149 4
126 113 4
37 149 4
168 63 2
177 135 1
53 71 1
12 118 4
88 67 2
92 106 1
180 27 1
79 67 4
78 7 1
64 72 1
50 89 1
91 187 4
194 87 1
93 161 4
47 46 2
144 60 4
152 16 2
196 132 1
161 67 3
26 102 3
175 169 4
45 118 3
86 177 1
155 142 2
