9950 200
0 5 4
1 175 4
2 120 6
3 125 2
4 118 3
5 35 1
6 19 1
7 168 7
8 190 3
9 77 5
10 100 7
11 195 4
12 83 9
13 145 1
14 132 5
15 165 4
16 88 2
17 124 5
18 103 7
19 120 5
20 195 9
21 193 5
22 129 9
23 109 3
24 38 3
25 180 9
26 155 7
27 1 8
28 68 6
29 68 4
30 28 9
31 179 7
32 130 9
33 89 8
34 140 5
35 47 3
36 75 8
37 180 3
38 162 6
39 157 9
40 198 6
41 131 8
42 57 8
43 167 2
44 157 1
45 171 3
46 68 4
47 17 7
48 73 6
49 41 5
50 108 2
51 127 1
52 31 6
53 67 4
54 125 3
55 57 8
56 104 2
57 139 3
58 36 9
59 89 8
60 176 9
61 75 8
62 80 1
63 82 4
64 66 2
65 58 6
66 110 9
67 165 2
68 187 4
69 192 2
70 44 1
71 3 2
72 94 7
73 162 5
74 170 5
75 151 6
76 51 2
77 82 1
78 19 5
79 15 1
80 173 1
81 114 5
82 93 4
83 158 1
84 180 4
85 113 6
86 103 2
87 160 5
88 10 6
89 122 6
90 106 6
91 145 7
92 140 3
93 5 6
94 146 5
95 43 7
96 137 2
97 23 9
98 121 1
99 162 6
100 180 9
101 81 9
102 0 6
103 25 6
104 45 2
105 144 5
106 180 3
107 197 8
108 80 3
109 53 9
110 11 7
111 113 3
112 65 3
113 6 2
114 91 6
115 38 4
116 125 3
117 73 2
118 180 9
119 64 9
120 180 7
121 22 6
122 195 4
123 3 3
124 5 5
125 50 7
126 27 3
127 75 6
128 66 8
129 117 3
130 194 3
131 79 7
132 195 8
133 67 1
134 96 7
135 12 2
136 59 3
137 179 1
138 118 8
139 150 9
140 161 8
141 79 5
142 163 3
143 41 6
144 4 7
145 187 4
146 133 1
147 81 4
148 18 5
149 83 6
150 73 4
151 88 9
152 49 5
153 136 3
154 74 7
155 23 4
156 160 5
157 1 3
158 7 7
159 50 1
160 73 1
161 86 8
162 185 9
163 55 2
164 150 1
165 86 9
166 100 8
167 113 8
168 169 1
169 198 4
170 83 3
171 105 8
172 39 6
173 195 3
174 37 6
175 138 3
176 84 4
177 114 8
178 10 6
179 26 8
180 109 3
181 128 9
182 104 9
183 36 8
184 104 4
185 65 9
186 0 8
187 56 9
188 0 1
189 157 3
190 162 9
191 133 2
192 128 9
193 131 4
194 109 2
195 97 1
196 193 1
197 44 4
198 13 6
199 12 1
0 65 2
63 155 3
87 108 1
168 135 3
94 83 4
133 113 4
63 86 2
62 94 3
189 19 4
65 25 3
17 45 1
47 179 2
142 35 3
192 158 4
117 189 2
4 0 1
190 169 2
168 82 4
195 171 1
111 63 4
109 5 3
107 70 2
172 34 3
80 196 4
161 95 1
188 95 2
102 120 3
152 4 3
44 91 3
150 15 2
163 118 2
187 83 3
167 165 2
30 44 3
4 46 2
171 6 3
157 179 3
100 62 4
42 195 2
98 49 1
42 17 1
113 193 3
126 49 3
51 74 2
79 10 1
59 102 1
54 112 4
195 113 2
5 52 1
22 75 2
21 187 4
130 198 1
159 11 4
191 176 1
40 49 4
131 103 3
156 144 1
73 78 3
134 163 4
95 142 2
91 12 2
123 13 2
37 142 1
20 199 2
120 169 1
4 167 1
40 21 1
149 55 3
6 79 1
188 53 3
135 144 4
95 52 4
116 81 3
76 148 2
193 90 4
110 184 3
89 124 3
143 36 2
169 194 2
115 69 4
160 51 4
68 193 3
192 41 2
97 160 3
142 173 4
69 153 2
139 113 3
87 137 4
179 125 3
134 19 2
159 157 1
53 151 3
55 111 3
176 79 2
75 26 2
24 3 4
23 114 2
147 171 1
67 152 2
19 130 4
88 56 4
62 141 4
189 100 4
39 45 1
10 1 3
77 187 1
141 48 2
52 16 3
99 133 2
27 154 3
59 158 2
63 105 3
180 24 4
66 118 2
144 10 1
114 173 3
181 182 4
74 57 1
161 58 2
91 62 2
143 31 1
143 150 1
63 176 2
29 180 1
165 64 2
61 29 1
118 107 3
186 57 2
19 65 2
77 155 4
159 116 2
8 76 4
162 91 1
44 120 1
41 47 2
103 148 2
82 138 1
110 108 3
172 71 4
88 52 2
139 36 4
101 0 1
130 120 3
177 161 3
128 193 1
146 130 1
83 177 3
75 59 2
59 7 4
75 43 4
75 44 3
62 82 2
150 35 2
148 16 2
38 180 1
152 159 1
70 128 4
60 160 2
1 131 4
74 68 4
98 14 1
151 136 1
171 35 2
4 107 1
129 196 1
0 62 1
126 97 2
130 82 4
171 173 4
102 146 1
123 78 3
20 173 1
152 129 1
118 164 2
48 53 4
62 144 3
80 150 4
34 196 2
58 141 3
60 32 3
143 121 1
67 81 4
62 119 1
115 157 4
143 28 4
81 179 3
83 90 1
117 173 1
108 196 1
4 79 2
85 175 3
54 85 4
76 198 2
63 22 1
67 7 2
189 79 3
47 126 1
130 111 3
170 179 4
92 186 2
13 44 3
60 98 3
32 133 1
74 52 1
39 159 2
195 124 4
25 51 4
175 170 2
82 66 2
89 106 2
121 50 3
75 139 4
75 132 4
134 99 4
0 99 2
110 97 4
153 48 1
88 19 3
132 44 4
98 4 1
38 156 2
6 110 4
127 135 3
22 13 3
73 77 3
168 20 1
143 94 3
162 161 4
54 12 3
175 191 3
191 181 4
0 193 2
157 92 2
13 140 4
82 142 3
5 185 3
182 168 2
105 15 1
132 35 3
195 61 3
103 152 3
155 142 3
120 196 1
128 198 2
126 116 3
54 130 3
2 11 2
151 144 1
130 51 2
109 32 4
102 165 2
128 26 3
172 150 3
127 149 3
59 112 3
94 141 3
169 196 4
189 96 4
25 112 4
187 59 1
57 175 2
175 104 3
29 145 2
121 130 2
113 192 3
10 54 4
150 42 4
159 24 4
23 24 4
57 178 1
11 22 1
181 142 1
152 76 1
81 170 2
93 123 1
135 78 2
68 196 2
53 66 3
14 82 2
152 1 2
94 29 3
44 167 1
64 141 3
180 140 1
93 148 3
68 171 1
37 83 2
68 12 3
33 84 1
64 101 4
171 117 3
147 107 2
156 158 2
93 128 2
55 70 1
82 92 3
17 0 2
112 70 4
113 34 2
123 36 1
59 129 1
27 160 4
171 183 3
122 135 4
171 106 3
48 183 4
169 118 2
124 177 3
120 27 4
25 186 4
47 119 2
47 78 1
10 128 2
5 95 3
128 107 4
38 46 3
151 17 3
23 192 1
60 75 1
12 51 1
136 157 1
70 94 1
91 68 2
170 57 2
150 54 2
195 35 4
46 194 2
140 2 1
43 34 3
127 8 3
152 86 2
123 183 1
138 157 1
124 85 2
139 142 1
132 138 3
112 176 2
62 178 1
94 142 4
59 145 3
174 7 3
21 136 2
23 37 2
124 132 4
10 183 3
123 179 1
97 114 1
143 1 1
157 186 4
166 51 1
83 19 2
83 1 3
98 97 3
138 68 1
31 99 2
53 61 4
107 149 1
135 105 3
144 137 3
57 0 1
110 64 2
158 148 4
4 92 1
174 61 2
186 14 4
62 43 4
126 128 3
113 173 1
36 180 1
36 148 4
158 49 4
66 192 2
141 181 2
145 56 1
43 17 2
47 150 2
89 148 2
91 7 1
34 5 4
66 169 4
67 144 4
182 10 4
177 88 3
186 53 2
5 160 4
76 182 2
130 81 1
93 75 1
138 40 4
139 133 4
117 174 1
149 38 2
76 44 1
83 85 1
8 65 3
73 53 3
39 115 2
73 47 3
113 68 2
152 118 3
176 74 3
60 195 2
155 89 2
9 25 1
122 56 2
19 63 4
131 76 1
118 98 1
100 38 2
156 179 4
29 80 1
44 153 2
101 2 1
134 185 1
174 126 2
65 145 1
148 4 4
121 41 3
64 186 3
58 116 4
193 46 4
181 26 3
113 94 1
94 5 3
10 185 4
40 96 3
20 190 3
138 2 3
26 77 2
161 181 2
122 32 1
168 43 1
133 4 3
24 113 3
186 149 2
28 94 3
70 11 1
64 76 4
198 85 3
132 3 2
3 66 2
181 194 4
74 44 3
147 99 4
82 65 3
196 10 1
178 122 1
93 42 4
170 41 1
194 170 3
198 164 3
166 91 4
135 195 4
5 61 4
156 96 3
156 147 2
37 2 2
84 129 3
11 174 4
40 69 3
147 154 2
151 193 2
140 110 1
163 62 2
134 91 2
2 102 1
152 119 1
2 110 3
131 83 2
126 149 1
131 28 3
67 162 3
57 46 3
67 197 2
74 109 4
14 28 1
34 192 4
26 197 4
74 142 3
191 97 2
152 62 1
100 162 2
198 71 2
111 144 1
125 11 4
116 41 1
143 16 1
129 15 2
73 165 1
61 25 1
74 198 3
108 155 3
170 84 1
184 168 3
65 171 2
142 24 1
55 86 4
57 96 1
48 169 1
157 166 4
87 156 4
93 74 4
162 197 2
44 65 1
193 61 2
126 155 3
107 69 4
92 80 4
53 174 2
73 72 2
93 76 3
198 62 3
50 179 1
189 78 2
155 44 3
177 187 3
35 89 4
128 14 2
47 44 4
15 187 4
8 103 3
73 109 3
73 28 3
91 144 3
70 90 1
155 88 2
47 8 1
70 28 2
130 197 1
89 129 1
4 20 4
16 151 3
137 84 4
89 181 3
152 37 4
64 23 1
64 65 3
114 116 1
87 64 2
121 48 2
97 71 2
54 158 1
44 192 2
171 3 4
20 44 1
15 31 3
123 143 1
1 146 4
161 41 4
158 168 1
142 143 2
23 52 1
150 125 4
110 65 1
121 55 1
83 145 2
88 38 4
135 164 2
135 191 4
34 186 3
78 138 2
185 120 3
126 10 4
121 123 1
85 14 3
28 181 2
79 3 2
159 19 2
159 107 2
46 135 4
188 10 3
144 166 3
20 89 4
18 56 1
59 151 1
104 93 2
82 42 1
77 67 2
108 94 4
38 172 2
17 41 4
9 17 1
166 141 1
198 24 1
184 55 4
55 98 1
173 64 4
54 192 3
117 105 1
28 105 2
90 40 1
127 19 3
63 61 1
32 110 3
190 133 2
119 122 3
125 196 1
115 88 1
65 66 2
81 117 3
6 197 2
132 186 4
95 113 2
36 153 2
169 125 4
69 126 3
115 86 2
69 198 4
118 55 2
193 11 1
72 19 1
43 155 3
175 90 1
46 106 4
149 47 2
0 11 1
158 101 4
158 165 1
46 151 2
155 152 1
45 125 2
85 188 4
144 26 2
140 146 4
88 9 4
158 162 4
6 85 2
195 28 1
47 153 1
183 97 1
11 161 1
30 12 3
56 179 4
188 156 4
156 127 3
153 150 1
10 181 3
145 172 2
81 32 4
21 46 4
62 185 4
185 194 2
82 91 2
190 27 2
32 55 4
19 69 2
61 178 4
31 60 4
42 131 2
194 177 2
90 168 3
106 91 2
192 86 3
133 1 4
48 136 1
14 7 2
168 134 4
95 82 4
88 70 4
181 84 4
166 172 3
48 45 4
119 89 2
88 100 3
83 41 2
148 98 2
6 98 1
27 155 1
52 176 2
173 101 4
20 19 3
68 70 2
53 102 3
174 49 3
185 144 4
43 37 2
194 57 3
66 101 2
196 164 4
124 198 1
69 7 4
24 127 4
18 115 2
28 191 1
114 137 2
15 197 1
186 140 2
191 78 3
71 31 2
54 131 1
62 57 3
21 125 1
61 55 3
145 82 1
1 178 3
128 191 2
37 191 1
73 191 3
180 132 1
133 124 3
140 139 4
62 11 2
172 104 3
154 144 1
183 75 3
118 171 2
196 172 4
67 41 1
142 196 2
33 86 1
171 134 3
92 90 4
185 51 2
160 191 2
25 163 3
68 107 2
31 194 4
11 132 3
194 79 1
6 117 4
79 40 2
178 70 4
62 131 2
72 91 2
75 194 1
75 86 2
103 31 2
8 160 2
117 32 2
108 83 1
156 139 1
83 67 3
157 178 3
18 25 1
35 102 1
193 55 1
172 161 2
98 102 2
148 8 4
9 109 3
54 169 4
87 70 1
155 62 3
174 171 4
72 186 4
170 159 1
0 27 2
25 168 1
170 8 3
85 2 1
129 176 3
120 109 1
20 26 2
190 178 2
87 172 2
105 1 2
24 104 2
92 194 1
141 162 1
139 50 4
163 109 3
173 145 4
145 102 4
185 193 3
105 149 2
58 4 1
121 107 1
109 71 1
34 182 4
69 189 1
127 176 1
124 40 4
86 189 3
29 45 2
34 125 1
113 189 1
31 66 2
84 79 2
71 197 3
88 48 3
160 30 1
191 117 4
69 103 3
97 17 3
197 68 3
180 64 1
158 56 3
173 16 4
16 105 1
80 100 3
3 153 4
39 7 3
164 89 1
2 154 3
89 184 3
75 188 2
64 132 4
110 23 3
50 11 2
55 131 3
137 175 2
170 136 3
128 17 4
100 102 3
98 165 3
120 57 4
189 14 2
1 195 3
82 108 3
10 191 2
191 20 2
124 170 3
67 20 1
4 71 4
114 78 3
52 70 2
99 164 1
108 99 2
43 44 2
105 75 3
75 140 4
176 23 3
194 43 2
32 23 3
176 151 1
170 154 3
151 13 1
66 184 2
162 118 2
76 6 4
33 162 3
121 194 1
188 139 3
134 186 3
26 166 1
166 93 1
144 104 3
44 56 3
109 0 2
87 177 2
21 190 3
173 127 4
57 12 4
159 114 2
12 170 4
108 158 2
69 22 1
164 127 2
25 8 1
133 92 2
184 15 2
74 61 2
85 150 1
168 41 1
129 130 2
178 54 3
54 109 1
125 81 4
30 184 3
136 118 4
124 106 2
73 157 1
52 186 4
185 115 3
155 149 4
19 155 4
85 196 4
40 152 2
69 54 4
175 94 4
94 144 4
108 66 2
196 149 3
161 0 1
32 95 1
189 145 2
22 136 2
88 63 4
118 51 1
60 151 3
59 191 1
6 101 2
145 15 1
173 12 3
190 68 3
135 42 4
90 23 2
31 174 2
157 116 4
110 135 1
176 14 3
189 188 2
64 159 4
64 67 1
116 49 3
110 173 4
103 94 2
194 0 3
44 64 3
76 72 4
164 90 1
79 68 1
2 104 4
198 53 2
137 131 2
173 69 3
157 158 1
133 155 3
119 90 2
146 96 3
37 84 2
30 94 2
120 129 2
190 37 4
131 136 3
131 159 1
32 37 2
176 66 2
2 182 2
104 78 2
79 75 1
30 110 3
72 196 4
12 106 1
183 98 2
149 130 2
130 70 2
12 198 3
114 25 2
98 24 4
11 140 2
124 63 3
188 185 1
139 106 3
195 37 1
176 49 3
49 14 3
0 138 1
32 182 3
7 33 2
8 27 2
13 72 4
153 147 3
14 109 2
126 60 3
187 185 4
54 133 2
165 168 1
85 118 2
82 9 1
113 36 4
186 185 2
180 53 3
128 52 3
75 56 2
136 110 4
72 138 3
75 13 3
4 54 3
143 70 2
41 182 1
178 141 2
2 189 2
165 118 2
138 42 2
16 22 1
91 113 4
141 9 3
87 190 1
67 194 1
181 188 4
11 136 3
11 106 2
169 67 1
53 163 1
148 68 2
58 76 1
76 134 4
136 6 2
3 21 3
89 69 3
116 46 2
49 175 3
163 51 1
177 77 2
35 48 4
140 29 2
193 72 2
148 94 1
34 134 3
87 116 4
32 143 2
181 178 3
64 146 4
10 90 2
101 123 1
122 194 4
57 56 3
47 24 3
71 167 3
90 163 2
43 169 3
71 68 2
85 103 2
70 197 1
108 25 1
135 79 1
118 17 2
108 20 1
171 127 1
164 170 1
61 128 1
127 113 4
173 186 1
81 1 3
109 164 1
106 99 3
63 165 4
191 21 1
50 196 3
156 183 4
7 142 4
135 146 2
14 118 2
92 91 4
161 93 3
154 40 2
112 38 1
90 68 4
170 96 1
34 56 1
114 136 3
30 32 4
39 132 1
74 190 3
159 99 4
136 63 4
123 25 1
97 199 1
30 70 2
30 50 4
40 171 4
144 92 4
135 102 2
51 59 1
148 40 4
153 49 1
58 149 1
98 81 2
142 177 4
167 195 1
108 69 4
178 98 2
86 117 4
58 79 4
175 38 3
83 136 2
49 21 3
141 2 1
118 84 1
120 127 3
2 180 4
112 26 4
28 62 3
73 9 4
142 73 2
120 133 2
138 30 3
71 132 1
140 83 3
119 127 2
67 38 3
48 22 1
171 128 3
11 171 2
44 103 2
35 100 1
143 157 2
80 26 4
3 86 2
101 80 3
175 127 4
9 146 2
37 46 2
159 118 1
9 83 4
35 26 2
47 13 3
131 96 2
29 95 1
149 193 4
37 31 4
95 119 3
119 126 3
119 187 3
1 134 4
52 38 1
101 110 1
68 27 1
173 63 2
58 43 3
15 73 1
13 50 3
72 135 1
145 6 3
26 2 3
70 51 2
2 115 4
115 13 1
89 146 2
136 7 3
107 57 1
58 186 2
12 167 2
54 32 3
97 187 3
65 55 2
78 40 2
86 167 1
53 82 2
99 62 1
122 5 1
95 22 4
122 7 3
48 113 4
186 167 4
62 143 3
37 50 1
196 25 3
74 94 2
81 84 1
47 10 1
135 91 2
85 106 4
185 79 2
53 179 1
112 158 3
13 144 4
82 187 1
21 18 1
49 179 1
1 118 4
3 96 3
151 180 3
133 114 3
174 140 1
149 137 1
115 104 4
16 67 4
84 73 1
30 134 4
179 188 3
192 101 3
187 161 1
111 72 4
33 10 2
40 158 3
140 79 3
148 42 3
53 139 1
193 1 1
71 36 2
20 111 4
155 82 2
85 131 4
123 80 1
149 112 4
156 112 1
41 127 2
28 170 1
89 58 1
68 5 2
17 125 2
59 17 3
12 103 3
16 126 3
33 40 2
26 16 4
110 0 1
22 74 2
120 96 3
56 60 1
82 40 3
162 109 1
36 138 2
96 198 1
135 54 1
88 119 4
77 190 2
198 2 4
87 35 2
35 24 2
126 99 3
109 38 3
189 83 4
43 192 2
65 63 2
113 56 2
131 35 1
177 105 2
31 57 1
169 172 3
191 61 3
42 143 4
175 3 1
114 58 1
2 40 1
13 37 1
72 43 2
165 147 1
164 146 2
146 18 1
56 30 4
160 158 4
157 7 2
101 46 3
7 10 4
76 149 2
180 181 3
76 122 2
173 45 3
127 169 4
5 126 3
113 121 3
80 40 3
89 23 3
178 52 4
107 29 3
92 44 4
12 123 3
77 181 4
68 103 1
175 195 1
97 52 1
105 116 4
33 102 1
197 112 4
129 48 3
48 0 1
84 198 2
72 189 1
186 152 4
61 28 2
113 11 2
94 162 4
136 43 1
149 90 3
43 134 4
152 16 2
55 142 4
36 12 1
169 106 2
193 86 2
135 143 4
193 31 1
30 74 3
47 18 3
50 189 2
189 135 2
170 88 1
139 24 4
155 154 3
13 141 4
99 100 3
139 42 3
91 139 4
143 161 3
59 130 4
161 107 4
107 176 1
190 46 1
49 72 2
24 14 3
42 114 3
15 125 2
182 183 3
59 57 4
170 131 2
73 167 4
69 82 1
158 180 1
23 78 1
51 0 4
23 81 2
1 19 4
104 189 4
89 189 3
93 35 4
162 39 1
143 138 3
53 171 3
4 52 3
62 77 1
135 117 2
34 20 1
96 79 3
46 160 4
22 147 2
126 30 2
190 150 4
150 131 2
74 160 2
126 153 2
142 190 3
62 147 3
16 115 3
92 102 1
134 50 1
73 159 2
73 183 1
1 6 1
27 59 2
121 69 1
83 128 3
142 79 3
186 117 3
78 89 3
157 0 2
36 156 1
181 42 4
97 104 2
8 6 4
139 82 3
58 96 3
82 174 4
182 99 2
33 167 4
109 198 1
45 9 3
132 76 3
131 135 4
156 169 4
16 34 3
9 8 3
130 87 4
44 122 1
118 74 1
152 98 3
182 133 2
33 24 4
79 100 2
148 111 1
101 55 2
31 6 4
0 87 3
137 182 4
96 34 4
51 26 4
65 121 3
25 26 2
190 101 1
57 24 4
192 73 1
82 11 1
29 158 4
165 161 4
10 138 3
2 157 2
189 158 4
170 68 2
184 143 1
121 141 1
54 166 4
159 14 3
136 56 1
162 160 4
17 126 3
154 48 3
44 126 1
43 116 4
62 113 4
113 188 1
71 173 1
136 28 3
161 121 1
140 195 4
38 146 1
52 44 4
92 99 4
95 27 1
122 77 2
153 70 3
86 29 4
140 171 1
137 9 1
82 167 4
37 151 3
198 18 3
74 14 1
89 64 1
15 122 4
51 116 1
120 37 4
187 179 4
97 53 3
106 95 2
50 193 3
149 49 1
73 90 4
74 17 4
95 131 3
110 50 3
12 47 3
195 165 4
74 1 1
80 149 2
8 13 4
170 152 3
53 69 2
172 155 3
189 169 2
140 187 3
170 137 3
45 106 3
186 44 2
33 138 2
59 73 4
85 11 1
31 58 3
33 147 2
137 57 3
111 172 4
142 186 4
64 47 4
188 64 2
106 133 4
97 138 2
101 162 2
150 83 4
161 29 1
65 67 2
192 9 4
54 43 3
101 144 1
80 124 4
159 91 1
62 190 1
87 20 4
41 36 1
112 11 4
180 28 1
173 42 3
42 111 3
108 41 3
180 166 4
44 40 1
98 164 4
27 140 4
132 165 2
75 158 4
126 140 2
19 57 4
11 32 4
171 138 4
103 26 3
15 183 3
57 154 3
50 182 4
141 161 1
25 85 3
87 99 1
67 63 3
37 18 2
99 194 4
149 141 2
140 107 4
74 172 2
60 66 2
161 124 3
93 92 1
91 148 2
125 8 3
38 79 4
13 51 3
129 142 4
97 7 2
62 40 1
192 102 1
9 196 3
141 110 3
103 66 1
90 109 1
190 135 2
3 189 3
191 53 2
134 68 3
61 93 1
132 72 2
91 137 2
112 178 4
73 115 4
198 161 2
43 12 1
106 67 3
3 92 4
41 55 4
178 116 3
89 44 1
185 173 3
56 131 3
18 72 2
174 196 3
151 92 4
122 103 3
122 54 2
100 188 3
101 11 2
96 108 3
101 40 2
85 61 4
170 119 3
88 163 4
54 28 2
12 150 4
2 163 1
164 16 4
19 106 4
12 133 1
110 74 4
185 90 1
64 25 2
59 28 3
77 6 1
78 82 2
10 69 3
195 46 4
22 60 4
137 155 3
98 57 2
21 48 3
22 47 1
82 3 3
109 50 2
165 12 4
58 95 2
51 31 4
198 97 4
53 78 4
46 136 2
133 195 2
108 179 2
189 51 2
42 175 1
56 59 4
183 67 4
64 43 1
111 9 3
190 170 4
38 185 3
132 175 1
13 154 2
8 180 4
99 25 2
82 5 3
53 123 2
144 69 1
3 56 3
178 174 4
163 14 3
121 145 4
33 80 4
14 77 3
122 2 4
64 61 2
88 160 3
86 37 1
196 16 4
11 105 1
7 194 2
173 102 1
104 132 3
196 130 2
69 143 3
11 83 2
154 97 1
60 108 2
112 107 1
134 33 3
33 12 1
35 51 3
135 80 2
3 136 1
24 112 4
172 91 3
99 177 1
186 21 3
58 148 2
104 33 4
60 130 2
163 48 1
188 9 1
3 155 2
4 102 1
191 112 2
41 27 3
123 193 1
54 195 4
116 59 4
173 1 3
18 195 3
138 48 3
64 116 1
137 39 2
166 103 3
126 158 3
184 11 2
17 135 4
159 71 1
76 22 1
110 10 1
172 40 2
187 192 1
20 125 2
45 129 2
146 192 4
25 109 3
111 97 2
148 174 3
84 76 1
150 48 4
185 180 1
185 87 3
13 161 1
24 163 4
196 151 1
166 111 2
19 15 4
116 68 1
103 90 2
51 41 1
164 191 2
144 38 2
158 47 4
148 153 4
36 192 1
91 107 1
195 179 2
130 107 2
97 180 1
102 41 1
185 72 2
54 120 2
138 18 4
119 63 4
103 155 3
16 161 1
4 15 2
9 119 2
24 118 1
172 101 3
125 199 1
53 121 1
116 13 3
138 105 2
69 48 1
155 52 2
168 61 4
52 72 4
81 181 1
104 141 1
16 123 1
117 158 3
166 31 3
154 190 3
35 196 3
192 154 3
26 135 2
85 161 2
79 49 4
190 184 1
68 67 1
140 47 3
68 53 2
184 162 4
197 58 2
130 114 2
63 142 4
52 46 2
10 73 4
89 18 2
2 72 2
112 134 2
38 74 1
9 66 2
81 87 2
154 52 3
111 121 3
144 73 2
141 120 1
186 66 4
125 134 2
17 103 4
103 5 4
12 15 3
24 120 1
150 157 3
6 36 1
41 187 1
169 18 2
124 92 4
12 172 4
170 24 4
194 41 3
96 151 3
15 11 1
114 1 1
117 36 4
151 41 3
169 92 2
90 114 2
52 139 3
48 191 2
106 48 1
165 7 2
158 4 3
83 52 2
144 164 2
133 87 3
109 1 4
18 129 1
184 147 2
154 121 2
75 141 4
71 69 1
18 119 1
148 190 1
162 96 2
114 34 1
27 32 2
19 87 2
133 95 2
192 142 4
91 170 4
83 98 2
146 39 2
127 154 2
61 154 1
168 166 4
93 182 1
82 56 4
11 128 3
134 59 2
171 59 1
48 94 4
113 4 1
78 37 1
176 3 3
29 17 2
90 34 2
47 96 3
24 68 1
75 3 2
160 78 4
158 124 3
49 44 2
31 19 3
158 71 2
83 0 2
42 103 1
193 133 1
186 84 2
174 56 1
113 57 2
31 35 3
193 170 3
51 16 4
55 5 1
39 170 4
47 180 4
63 44 4
154 53 1
13 159 2
157 51 4
111 105 2
50 181 4
31 83 4
82 27 3
192 149 2
170 117 1
67 22 1
199 170 1
80 102 2
81 183 1
86 122 1
125 149 4
153 105 2
131 92 4
176 78 2
77 98 3
72 95 1
157 134 4
127 91 4
106 102 1
160 110 3
175 80 3
64 114 1
126 178 3
97 44 1
113 184 2
63 46 2
180 80 2
133 157 2
132 61 3
97 181 4
35 198 4
80 192 4
145 175 1
196 44 2
106 96 1
196 127 3
13 19 2
139 14 1
13 168 2
155 111 1
129 183 3
92 25 1
198 30 1
66 48 2
80 57 2
139 135 1
116 197 3
78 16 1
5 111 3
70 195 2
121 197 3
84 71 3
172 164 2
45 80 1
0 38 3
123 74 4
69 62 3
44 69 3
35 189 2
93 112 1
155 117 2
87 124 3
47 63 4
17 133 2
47 145 2
79 158 2
145 192 1
101 177 2
46 127 3
71 75 2
25 66 1
20 194 1
194 18 2
183 65 1
195 103 4
86 52 4
149 50 4
166 135 4
167 99 1
151 62 2
78 21 1
2 149 3
111 192 1
31 104 4
64 199 2
58 168 1
69 35 3
146 103 2
77 100 1
185 49 4
59 69 3
196 143 3
173 58 4
58 192 4
192 180 3
11 137 3
12 161 3
81 19 3
41 87 2
9 191 1
69 76 2
50 155 1
92 16 4
161 62 1
32 151 2
3 78 3
156 33 2
45 144 2
135 136 3
94 170 1
109 30 1
130 181 1
70 181 4
66 134 3
28 194 2
37 87 1
48 101 1
26 198 2
85 142 2
85 156 3
164 177 3
160 185 2
117 123 3
123 162 1
51 88 4
147 52 2
192 163 1
79 164 1
46 60 4
150 161 3
75 38 4
96 68 2
17 49 4
195 159 4
107 168 3
15 186 3
42 95 4
28 159 4
14 39 4
102 15 2
80 27 2
127 3 1
61 69 4
170 9 2
36 18 1
35 30 1
30 43 1
54 92 1
28 197 4
190 23 3
58 97 2
53 178 4
125 38 1
123 150 3
135 123 4
188 165 2
199 99 3
82 153 3
30 189 4
69 63 2
73 44 2
25 197 3
123 157 2
115 43 4
10 173 4
51 73 3
26 93 2
48 135 4
46 188 4
85 36 2
36 129 4
69 110 1
193 83 2
79 39 1
178 132 3
161 91 3
105 173 4
112 99 3
29 54 1
33 193 4
13 196 1
19 102 4
25 80 2
44 94 2
56 199 1
141 25 3
190 92 4
29 166 2
181 16 2
174 115 1
91 183 4
188 76 4
113 106 2
171 76 1
23 186 1
49 56 3
123 61 3
172 149 2
117 78 3
194 150 3
153 5 2
182 30 4
153 125 3
146 99 3
9 35 1
153 143 4
99 116 1
155 123 1
89 8 1
159 163 1
176 146 4
17 102 4
28 20 4
167 32 4
18 102 3
114 163 4
144 182 4
164 132 3
160 126 1
129 7 2
41 157 4
148 184 4
179 14 3
184 95 3
171 58 4
71 120 3
97 83 4
122 155 3
122 198 3
158 114 2
191 31 2
85 194 3
99 48 2
110 154 1
60 6 4
43 94 1
98 142 4
39 36 4
147 129 2
18 39 2
5 31 3
103 84 4
13 12 2
91 33 3
58 107 2
166 98 3
42 120 4
131 44 1
135 113 1
69 151 2
5 128 3
2 35 4
73 103 3
101 49 4
98 99 2
54 65 3
41 12 4
108 113 3
58 188 4
108 37 1
68 88 1
35 41 3
193 13 2
63 161 3
34 143 3
70 78 3
120 58 2
165 101 4
157 163 2
123 116 1
175 149 4
159 65 4
158 100 1
97 8 2
71 105 1
9 156 1
195 108 1
18 186 2
191 89 2
106 4 1
142 188 4
36 79 2
73 107 3
26 171 3
155 61 4
64 144 3
75 54 4
148 107 1
10 84 3
150 51 2
128 80 3
2 56 3
136 121 2
130 88 2
111 93 3
131 99 3
72 113 3
51 193 1
31 30 3
116 175 3
66 28 1
77 132 1
51 103 2
41 16 3
39 101 4
46 134 3
84 36 1
111 8 2
42 151 2
1 138 3
4 101 2
153 79 1
26 84 4
106 64 4
198 143 1
55 46 1
79 198 2
152 25 3
123 98 3
58 71 4
193 154 1
173 87 1
101 73 1
20 161 1
11 145 3
56 67 2
190 38 1
114 19 2
37 115 3
118 172 3
34 46 2
155 49 1
38 104 4
154 60 3
195 114 2
190 167 4
99 66 4
171 2 2
134 162 4
107 131 3
10 78 1
72 30 2
159 89 2
151 89 4
163 15 3
128 104 1
179 104 3
89 9 2
150 62 2
189 121 2
185 196 1
169 22 1
46 191 4
187 134 2
11 35 4
178 124 1
51 48 4
186 129 1
150 6 3
8 43 1
180 191 1
9 161 4
42 170 4
39 31 4
181 11 1
141 102 2
132 108 1
82 191 3
39 110 3
32 136 3
98 161 4
85 92 4
152 194 3
142 171 3
73 66 1
124 56 2
32 197 3
137 47 1
15 84 2
111 28 1
12 191 3
57 128 3
189 162 4
12 40 2
186 137 3
157 65 4
0 165 1
92 61 2
11 23 1
141 179 3
97 80 4
100 89 1
94 16 1
125 60 3
191 39 3
26 91 1
49 11 2
14 152 3
173 169 2
129 37 2
123 177 1
49 84 1
78 27 3
8 144 2
111 7 2
32 112 2
77 30 2
25 179 1
138 162 2
140 124 3
175 50 3
132 187 2
20 151 1
162 51 4
147 71 1
165 105 2
73 86 3
86 166 1
49 127 2
16 61 2
133 86 4
146 74 1
25 96 2
92 31 4
98 131 3
99 198 1
125 95 1
153 54 2
140 60 4
168 80 2
11 146 4
94 134 4
47 154 4
130 175 1
0 88 1
154 88 3
148 90 3
2 112 1
158 138 4
138 121 2
101 143 2
69 130 1
93 0 2
77 110 2
108 48 4
190 128 1
165 130 1
150 56 4
82 57 3
171 39 1
77 23 1
36 185 3
184 35 3
159 156 3
112 105 3
113 65 4
7 140 4
176 70 4
156 67 2
133 128 2
177 61 3
159 30 2
103 190 3
58 136 3
40 115 3
92 176 4
0 31 2
21 134 2
153 124 4
184 83 3
115 183 3
158 46 2
180 182 2
33 77 3
172 187 4
124 136 1
176 36 1
113 41 4
120 147 4
83 76 2
1 191 2
153 163 2
155 181 3
8 117 1
18 26 1
144 133 1
177 138 1
173 131 3
193 29 3
3 80 1
49 16 3
86 111 4
16 58 3
102 93 1
137 61 4
165 159 2
179 105 2
11 187 4
166 117 3
83 58 2
153 116 3
198 163 3
143 10 1
128 100 3
190 30 1
164 113 4
105 158 4
50 170 3
124 101 4
101 75 2
61 65 2
20 144 2
9 85 3
144 172 1
152 69 2
177 89 1
81 41 2
153 84 1
32 153 4
46 132 4
50 87 2
87 183 1
128 159 1
196 171 2
187 90 3
104 148 1
149 177 3
52 91 3
68 19 2
119 17 3
199 158 4
13 180 1
194 153 1
75 67 3
139 166 1
162 60 2
28 43 3
110 146 3
39 133 4
34 176 4
143 136 4
138 154 4
49 69 2
156 164 1
78 195 2
55 137 4
169 165 2
150 107 4
107 196 4
37 69 1
139 84 3
146 32 1
6 167 1
26 156 2
92 112 1
194 137 4
5 150 4
55 164 4
22 144 3
96 192 2
192 151 1
141 40 2
104 13 3
129 106 2
151 172 4
104 47 3
25 149 4
55 64 1
117 31 3
162 4 3
151 26 3
148 15 2
6 22 4
142 77 4
38 11 3
104 29 2
37 64 3
126 142 1
15 13 4
25 127 4
96 70 4
146 124 4
153 178 2
138 179 2
27 96 4
154 118 1
123 156 2
89 137 3
90 133 2
75 74 3
149 114 2
72 127 2
165 41 4
94 0 1
127 162 3
77 168 3
151 104 4
181 38 4
10 27 4
37 145 3
51 155 2
117 48 1
67 26 3
90 5 1
76 68 4
106 69 3
100 81 4
96 135 2
60 135 4
36 8 1
137 83 3
88 66 3
59 164 4
136 93 4
95 66 4
161 43 2
34 188 3
179 70 2
142 191 2
128 68 4
25 68 2
111 88 3
53 91 2
91 94 2
34 39 2
121 181 2
129 118 3
69 137 1
73 133 2
159 194 2
18 69 1
184 171 1
142 78 1
120 15 1
71 191 2
90 198 2
28 0 3
23 43 2
64 69 1
87 7 4
69 196 1
197 65 3
125 25 2
36 24 2
164 116 4
149 66 3
37 155 2
101 163 2
160 55 2
103 184 4
161 5 4
153 189 4
2 88 3
114 183 1
156 71 2
142 104 3
190 5 2
197 108 2
123 54 2
137 181 3
181 160 3
45 127 2
57 69 4
53 84 2
66 151 3
20 162 1
78 151 3
31 169 4
70 50 4
87 104 3
181 126 3
167 182 3
158 123 3
169 103 3
30 191 4
100 98 1
124 154 2
185 20 4
40 132 1
10 28 3
114 180 1
69 21 2
14 3 4
144 132 4
49 133 1
139 29 2
14 143 3
67 80 1
74 124 4
84 98 1
35 78 2
180 193 4
68 92 3
151 146 3
108 125 1
190 89 2
121 31 4
35 110 2
45 113 2
155 176 2
102 172 4
82 31 3
111 75 1
67 113 2
140 35 3
35 101 1
0 144 4
131 122 1
12 77 2
140 170 2
160 31 3
134 25 2
96 95 1
0 2 1
170 56 4
100 14 2
53 136 4
71 40 4
96 45 2
40 24 4
145 69 4
189 81 3
90 54 2
4 157 2
107 136 1
143 96 4
25 161 2
156 157 4
35 161 2
8 0 1
184 75 2
2 28 3
40 26 2
151 58 4
94 1 1
196 140 1
27 108 2
34 132 2
10 155 4
198 38 2
96 33 4
118 92 3
87 2 4
75 104 4
170 65 2
12 137 4
160 179 1
152 77 2
189 11 2
108 22 2
169 98 1
95 153 2
143 139 4
111 96 4
157 124 3
27 99 2
160 153 4
30 155 4
35 129 3
83 3 2
95 141 2
136 145 4
168 84 2
27 43 4
30 34 3
119 105 4
177 172 4
184 164 2
32 142 4
79 30 1
110 151 3
195 117 1
123 27 2
169 183 4
68 58 2
117 90 1
19 41 1
173 73 4
109 41 1
140 118 4
20 114 4
70 140 2
109 117 3
63 157 4
39 93 4
124 144 1
16 109 4
85 186 3
26 14 2
67 120 3
87 148 2
66 131 2
167 89 2
53 113 4
45 177 3
177 41 2
163 72 1
100 49 3
0 6 3
60 57 1
179 196 3
102 58 2
86 58 2
5 60 2
27 52 4
171 194 4
125 136 1
45 198 3
196 46 4
91 146 1
148 70 4
114 37 4
65 116 4
6 74 2
56 23 1
134 151 1
158 194 3
182 51 4
113 70 4
2 118 1
32 7 3
82 29 4
160 92 3
99 139 4
39 23 2
90 47 1
41 188 2
155 22 2
70 61 1
181 173 3
136 27 2
38 178 4
93 106 1
128 112 1
196 36 2
128 72 4
115 4 1
26 34 3
84 91 4
121 11 4
170 70 1
37 170 1
125 118 3
114 115 4
189 186 4
190 94 4
30 97 4
22 160 4
59 49 3
74 9 2
16 149 3
95 41 4
167 128 1
1 149 2
134 159 4
20 61 1
126 83 1
156 27 2
133 93 2
128 92 1
188 121 2
146 59 2
61 169 4
141 123 2
55 133 1
109 155 3
25 104 2
192 85 3
115 24 4
59 10 4
131 3 1
29 69 4
137 78 4
22 82 4
170 61 2
105 196 1
161 42 3
9 47 4
189 102 4
17 183 1
182 107 1
97 79 3
18 177 1
94 127 2
150 68 2
121 26 2
165 133 3
134 35 4
21 181 4
31 180 2
192 185 2
192 39 2
168 164 4
54 174 3
90 72 4
4 174 4
162 16 3
151 82 3
175 189 2
191 184 3
159 22 4
72 31 4
171 155 1
141 112 3
20 76 1
15 100 2
180 111 1
46 98 1
187 170 4
62 25 1
134 32 3
65 160 1
82 41 2
33 25 4
134 100 1
166 33 2
53 176 4
89 103 1
133 100 3
23 67 1
67 43 1
84 62 1
133 174 3
153 155 3
9 193 4
25 157 4
23 3 4
153 12 2
128 34 3
54 1 2
18 166 2
118 56 2
20 75 2
152 71 4
44 42 2
107 122 3
93 172 4
174 32 3
33 195 4
14 141 4
115 113 3
121 124 1
8 23 1
168 54 2
166 106 1
14 35 2
166 78 2
58 191 4
97 20 1
88 114 3
61 185 3
25 135 4
67 37 2
141 27 2
20 187 4
76 179 2
42 13 3
121 115 4
33 71 1
193 177 3
60 99 1
77 179 2
118 97 1
72 59 1
109 19 4
144 195 1
64 70 4
169 119 4
110 109 1
79 136 3
183 12 3
50 138 4
161 4 1
12 113 3
60 145 1
92 74 4
82 149 1
119 185 1
36 179 4
22 5 1
10 118 3
82 23 2
23 50 1
178 103 1
173 22 4
173 79 3
193 30 4
167 42 2
132 60 1
114 138 3
88 127 1
109 79 1
113 60 3
71 124 4
156 136 3
29 92 3
54 173 3
56 52 2
13 17 4
143 189 1
97 99 1
193 117 1
105 27 3
180 189 1
98 87 3
37 73 3
120 34 4
113 178 1
45 32 3
162 44 1
67 30 4
126 65 1
194 55 3
196 188 1
16 80 1
182 177 4
94 139 4
107 45 3
49 81 2
91 149 1
39 175 1
79 166 3
74 73 1
100 51 1
194 8 2
195 51 1
93 178 2
22 23 4
30 61 1
21 100 2
162 42 2
163 5 4
12 24 3
169 174 4
174 87 3
109 111 2
82 90 1
118 26 3
125 135 3
174 110 2
171 160 2
44 6 1
16 45 2
97 177 3
70 20 4
188 35 1
102 184 2
63 127 3
127 34 1
113 86 1
84 188 4
59 24 4
106 26 1
52 66 2
65 84 4
64 53 2
62 121 4
167 199 2
192 115 4
8 142 4
118 102 3
71 20 2
188 128 1
165 27 4
26 182 4
0 120 2
187 3 1
43 199 4
72 10 3
180 88 2
177 67 3
154 34 2
75 134 1
64 190 3
22 64 4
16 74 1
1 170 2
96 194 1
10 192 3
35 128 3
15 30 1
87 159 1
104 82 1
2 79 1
119 45 1
15 58 1
132 146 1
56 103 4
16 155 3
134 49 4
16 42 2
151 111 1
120 195 1
134 120 1
83 8 4
173 48 2
168 116 3
95 13 2
1 176 2
139 158 2
78 161 4
100 103 4
84 128 3
94 27 4
45 190 2
93 73 1
79 55 4
132 92 2
173 26 4
26 99 2
60 40 2
174 41 2
165 39 1
194 36 2
131 7 3
75 76 1
18 87 1
15 83 3
55 126 1
186 88 2
51 30 3
154 54 4
152 111 1
20 193 3
88 1 1
61 15 4
3 111 3
77 189 1
88 27 1
162 27 3
163 162 2
101 93 3
14 102 3
189 190 3
190 141 4
167 30 2
7 126 4
135 76 1
39 181 3
45 49 2
141 131 3
4 109 1
58 132 2
109 132 3
181 133 1
173 120 2
9 144 2
58 24 1
164 126 2
28 178 3
45 109 2
155 110 3
100 82 1
73 14 1
141 196 3
157 198 4
182 145 2
45 158 4
27 119 4
121 150 3
89 60 2
53 81 3
119 75 1
191 77 4
178 37 2
142 152 3
151 61 4
161 186 1
33 115 1
42 26 1
146 145 1
37 140 1
181 98 2
76 113 4
15 88 3
21 65 1
87 78 4
77 80 1
104 77 3
39 59 4
103 110 2
3 17 1
113 25 4
98 47 4
5 74 3
97 125 4
98 21 1
37 71 1
21 107 3
24 165 1
135 141 2
191 108 1
11 103 4
154 131 4
89 163 3
109 78 1
17 66 2
152 17 2
130 136 2
2 190 4
194 101 4
132 41 1
57 111 1
191 151 1
9 176 3
77 53 3
56 190 4
36 78 4
91 23 3
174 177 3
51 181 4
34 92 3
31 38 2
91 19 4
7 184 2
50 63 2
107 83 3
90 13 2
80 70 2
82 32 3
141 54 3
187 191 1
100 12 2
81 76 4
103 118 4
103 101 4
195 24 3
83 180 3
30 196 4
32 68 4
44 100 4
182 127 4
16 27 3
94 120 3
146 56 2
78 128 4
119 162 4
122 19 2
6 4 4
153 119 4
18 28 3
10 119 4
176 56 3
170 6 3
154 133 2
93 65 3
42 141 2
144 171 1
123 91 3
160 173 1
143 107 4
173 189 1
48 116 1
42 53 3
67 17 2
110 75 3
35 80 1
162 103 1
179 142 1
39 168 2
9 166 2
158 122 2
95 97 4
128 106 3
102 115 2
108 102 2
129 66 4
74 97 2
169 55 3
56 159 4
3 76 3
120 166 4
158 196 1
186 111 2
121 35 3
24 41 4
95 47 1
117 148 4
148 191 1
55 148 2
104 137 3
40 139 3
189 111 3
168 132 4
199 123 3
5 100 2
53 184 1
33 21 1
117 94 4
183 35 2
103 23 4
52 17 1
90 144 1
180 95 3
48 124 4
115 50 1
186 49 4
95 51 4
169 11 4
108 29 3
6 93 1
156 128 1
51 147 2
52 148 3
90 11 2
163 150 1
2 34 1
52 132 3
25 95 4
44 66 2
18 181 1
53 27 4
153 171 1
3 97 2
172 54 3
137 5 3
149 94 2
136 111 1
44 127 3
180 155 3
135 172 1
57 104 3
30 195 2
122 170 1
88 176 1
3 194 1
77 198 4
102 114 4
24 134 4
53 149 3
107 141 4
112 140 3
177 93 2
175 133 2
93 84 1
13 194 4
113 83 4
75 107 4
125 175 4
17 99 2
183 136 1
71 163 1
149 21 2
140 116 4
8 87 1
120 69 2
35 82 4
71 60 4
102 23 2
1 93 1
46 168 3
94 101 2
45 77 4
41 3 4
136 152 3
190 67 2
148 152 4
177 23 1
23 30 1
70 19 3
182 72 3
196 119 2
95 59 4
190 17 1
5 45 3
48 157 4
166 66 3
6 96 3
175 187 4
182 154 2
34 87 2
38 50 3
173 77 3
173 61 3
11 56 4
33 48 4
46 109 2
78 126 3
110 13 2
5 115 2
61 116 3
138 61 2
139 154 3
81 180 3
12 189 4
174 99 3
113 73 2
120 199 1
67 179 4
43 123 1
126 82 3
52 115 3
160 12 3
139 112 1
132 101 2
73 12 4
172 53 1
55 80 2
44 80 3
64 12 1
97 38 3
149 146 4
51 169 1
176 135 3
104 167 3
85 191 3
48 1 2
59 48 4
33 98 2
90 128 3
194 19 1
50 24 1
53 189 2
186 125 1
160 54 4
49 35 3
1 39 1
103 185 3
174 90 2
29 74 1
12 62 4
178 40 1
33 153 1
179 22 4
9 76 3
51 94 4
22 93 2
72 194 1
128 95 3
104 8 1
101 14 1
19 55 1
59 123 2
192 130 1
17 10 3
123 175 3
170 120 2
125 173 4
189 142 3
148 3 4
161 116 2
11 1 3
162 92 2
111 79 3
101 43 4
96 98 2
71 35 2
17 177 2
66 125 2
50 188 1
111 123 3
167 148 1
45 75 3
7 152 1
107 86 3
58 140 4
22 149 1
60 114 4
10 98 4
72 101 3
76 114 4
99 15 3
117 95 4
4 24 3
71 47 2
184 32 4
97 4 4
92 86 2
88 199 4
187 121 4
157 40 3
112 168 1
194 42 4
114 86 3
46 187 3
13 24 2
130 79 3
73 8 4
41 74 2
42 48 1
70 25 1
59 33 2
137 180 1
117 61 3
185 114 4
98 124 4
173 164 4
188 23 1
118 189 1
67 52 4
55 67 2
101 169 2
134 113 2
39 182 2
184 79 4
115 169 2
85 19 2
30 27 2
70 75 1
40 131 3
179 152 2
85 111 2
126 19 3
35 178 1
3 135 1
103 0 4
0 175 4
149 142 3
155 25 2
19 96 4
128 144 4
171 164 4
60 174 3
62 51 3
60 78 3
193 109 4
41 141 2
136 184 2
6 183 1
157 151 2
43 165 4
167 3 3
167 49 2
62 134 1
149 87 2
117 66 3
181 144 1
98 78 2
126 0 3
38 5 4
71 116 3
184 149 4
24 80 3
180 165 3
57 53 2
162 78 3
199 186 1
169 96 3
117 178 2
110 118 3
195 185 4
154 98 1
147 6 3
138 163 4
171 101 2
49 3 4
151 159 1
13 153 3
37 109 1
7 19 4
186 188 1
158 181 2
105 100 2
78 74 2
45 34 2
148 109 3
113 52 4
180 78 3
59 159 2
145 127 2
189 126 4
165 146 1
123 149 4
170 86 2
14 13 2
75 189 4
99 80 3
6 142 3
141 146 1
114 32 3
137 97 2
6 89 2
123 169 1
126 76 2
143 102 2
35 61 4
77 195 1
129 141 3
48 32 4
130 9 3
191 16 4
166 96 4
7 118 1
170 156 2
159 95 3
128 173 3
51 4 4
152 48 4
59 135 1
167 163 2
176 117 1
100 16 1
128 37 4
77 156 3
104 139 4
126 114 4
19 185 2
115 47 3
12 88 1
174 16 3
98 29 2
108 184 4
10 12 3
9 172 4
47 53 4
23 95 4
125 158 1
172 49 3
31 110 2
117 153 2
19 32 2
144 168 3
77 96 2
190 3 2
15 131 1
132 159 4
199 172 1
29 179 4
48 16 3
171 187 1
58 112 3
37 19 4
4 140 1
81 21 3
58 7 3
93 52 2
14 199 3
111 112 2
65 9 2
140 93 2
121 120 1
12 0 1
125 145 3
144 119 1
29 15 2
35 23 4
136 169 1
114 124 2
70 13 3
20 159 3
12 21 4
146 13 3
35 56 3
174 78 1
16 53 1
152 60 3
80 85 3
49 192 3
78 46 1
164 104 4
4 135 2
89 198 3
117 17 3
17 162 2
111 170 2
193 103 1
191 140 2
85 70 3
176 121 2
189 55 3
73 79 3
26 54 2
93 45 1
9 126 4
149 70 4
136 106 2
75 55 1
85 26 1
36 22 3
6 190 3
29 183 1
49 95 3
110 189 4
150 97 4
161 21 3
183 46 4
149 48 3
48 47 4
145 178 2
134 93 4
61 56 3
1 87 4
65 50 2
117 68 3
150 145 4
137 122 3
119 84 3
133 74 2
9 64 1
28 177 2
69 90 2
39 87 1
107 23 1
135 119 4
113 71 4
126 40 3
34 28 1
149 136 3
59 175 3
139 31 2
149 75 4
49 142 2
125 190 3
175 178 3
146 33 2
18 30 2
30 136 3
44 81 2
71 23 1
121 6 2
39 3 3
194 27 2
184 6 3
102 150 2
6 178 3
141 29 4
14 42 2
11 9 3
83 155 4
69 165 1
109 183 3
52 103 2
60 165 4
15 143 4
125 174 2
127 174 2
101 151 1
43 45 1
100 78 4
76 137 4
88 36 2
147 122 2
178 89 1
0 118 2
124 162 4
82 60 3
173 15 4
3 172 3
82 39 3
108 187 3
40 113 2
195 67 4
195 32 4
9 160 2
36 9 3
47 125 2
142 90 3
26 49 3
158 133 4
76 159 1
99 56 1
61 189 1
146 90 2
196 150 4
175 102 4
14 48 3
17 115 3
53 112 3
66 10 1
184 125 2
33 192 1
167 83 3
157 100 4
0 45 2
8 96 2
30 100 1
66 153 4
134 86 1
94 123 2
97 130 2
89 117 3
1 20 2
4 116 2
34 21 3
114 119 3
193 135 4
46 56 2
12 158 3
138 86 3
130 163 3
84 141 1
170 79 3
180 45 3
151 1 2
51 159 1
124 88 4
10 133 3
22 105 2
137 27 3
131 80 1
140 44 3
167 58 4
27 152 2
114 199 2
29 43 1
15 68 3
51 27 4
197 177 1
199 73 1
16 2 3
52 130 3
93 40 1
151 190 1
114 106 4
77 88 3
85 119 4
151 86 2
177 170 1
98 79 4
99 28 1
28 113 4
89 25 2
106 110 3
98 134 4
111 77 4
128 155 4
18 101 4
97 148 2
0 150 1
62 97 2
185 21 3
198 192 1
167 62 3
111 114 2
93 125 1
93 95 3
82 147 2
195 193 3
121 108 4
11 163 2
29 35 1
146 70 1
93 89 4
46 147 4
166 190 4
19 47 1
49 15 4
85 65 3
66 158 2
64 100 4
198 68 4
155 14 3
76 199 1
48 98 4
22 148 4
197 88 2
171 175 1
171 72 1
161 163 3
107 42 4
14 22 4
120 39 2
146 181 4
61 2 4
44 128 2
116 148 1
83 160 3
19 167 3
6 37 1
173 199 1
5 168 4
15 106 3
115 196 2
31 115 4
37 173 3
37 27 4
176 46 2
89 19 2
139 145 3
6 56 3
4 73 2
35 34 3
109 21 3
169 19 2
74 167 3
134 107 4
137 52 4
164 192 2
84 13 2
48 26 2
145 96 2
41 48 3
176 108 4
69 95 2
7 185 3
130 179 3
180 68 4
38 199 2
132 160 2
85 129 2
84 18 1
18 140 3
88 169 4
61 76 3
187 91 1
196 98 4
130 135 1
16 103 4
147 50 2
65 158 4
26 68 2
155 188 3
166 45 4
73 99 1
91 11 3
183 199 2
91 54 3
43 138 4
157 106 1
129 95 2
104 52 2
105 69 1
123 20 1
169 122 1
85 17 4
63 175 1
50 98 2
161 136 3
118 40 1
191 24 2
123 52 3
183 26 1
58 115 2
46 79 4
36 103 3
136 186 2
73 184 2
56 142 4
38 114 4
49 102 2
39 48 4
90 91 2
57 66 1
143 128 1
142 108 4
152 106 3
67 19 4
91 125 3
40 32 4
0 135 2
47 162 1
91 194 1
8 116 1
96 43 2
88 71 1
45 64 2
190 102 1
198 181 3
116 82 3
98 109 4
199 27 2
190 54 1
102 128 2
134 194 3
37 187 1
90 158 3
63 31 1
10 67 2
105 33 2
71 10 1
52 62 4
105 18 1
191 145 3
107 74 2
120 190 3
101 154 1
134 7 1
28 150 2
62 142 1
1 145 1
109 171 1
15 42 4
109 113 3
30 174 3
134 174 3
122 6 1
118 32 2
129 136 2
155 84 1
31 28 1
74 168 1
187 139 3
170 166 3
126 101 3
7 178 3
76 37 2
161 38 2
36 20 2
17 51 3
13 130 1
130 102 1
130 63 3
176 174 2
63 96 1
136 179 1
99 183 4
3 8 3
123 163 1
182 135 3
7 107 2
180 19 1
180 16 1
174 1 1
43 22 3
11 158 1
52 89 4
184 170 2
114 181 4
20 94 1
6 75 3
151 158 2
144 71 1
127 121 4
77 92 1
28 169 2
147 186 2
187 102 2
168 64 1
165 172 1
121 142 3
182 24 4
139 7 4
179 66 3
55 68 2
59 184 2
153 128 1
17 158 4
69 160 4
156 83 1
33 97 3
113 152 1
198 78 1
44 28 3
87 182 2
149 159 1
15 82 2
101 19 2
173 133 2
131 68 1
11 31 2
103 154 4
165 117 1
157 3 3
173 176 2
63 107 3
82 73 4
22 10 1
27 33 1
56 189 1
75 30 3
57 2 1
46 115 2
72 188 2
16 139 2
12 175 3
40 52 1
132 0 2
7 180 2
111 29 1
181 4 2
189 84 4
24 103 1
182 4 4
19 151 2
70 6 2
131 183 1
69 172 3
90 12 4
22 113 4
17 166 4
18 46 1
189 166 4
9 42 3
62 71 1
92 172 2
68 127 1
186 41 4
102 121 4
11 147 3
125 177 2
64 31 2
141 174 1
96 23 4
141 144 4
125 117 2
92 52 4
87 109 4
58 181 3
47 23 2
156 111 4
57 6 3
143 49 4
47 34 2
194 33 2
3 18 2
73 190 1
176 87 4
139 48 2
52 190 1
151 83 4
0 142 4
86 123 2
33 39 1
19 138 2
84 8 1
95 195 1
196 51 1
59 119 4
5 198 4
21 150 3
63 85 2
171 125 3
9 51 2
51 199 2
3 137 4
142 135 3
83 101 4
40 106 2
59 140 3
70 102 3
87 153 1
123 136 4
178 199 2
39 72 1
121 40 1
97 49 2
100 7 4
0 80 4
71 85 1
119 40 3
55 3 4
115 193 4
106 20 3
87 15 1
19 163 1
21 153 4
47 106 3
92 51 3
25 119 1
147 2 3
100 69 4
160 141 4
138 28 4
140 97 4
87 141 4
128 86 3
165 80 4
81 186 2
35 122 3
140 179 1
109 60 3
132 112 3
169 15 1
26 158 1
43 92 3
73 30 2
29 44 1
117 179 4
171 154 1
194 162 3
42 129 3
112 33 2
53 167 4
75 109 1
119 166 4
159 54 1
134 140 2
92 168 3
106 148 3
140 61 3
97 39 3
45 72 3
31 168 3
133 16 2
117 85 1
132 87 4
6 50 4
118 187 2
17 18 1
129 70 3
173 75 3
117 97 3
126 169 3
102 139 3
140 185 1
42 21 2
35 57 2
21 195 2
116 199 1
104 88 1
2 145 1
4 154 2
170 195 2
151 197 4
183 42 2
196 61 1
52 172 2
179 62 1
162 37 3
9 195 2
113 128 4
120 29 1
54 79 1
132 167 1
72 53 3
93 132 4
19 30 3
105 175 1
102 110 1
28 139 4
188 87 1
80 151 4
177 55 4
112 159 3
24 67 3
176 150 2
165 141 1
78 149 2
60 167 4
25 192 3
126 2 4
96 176 4
45 116 1
79 167 1
141 142 2
26 149 4
146 144 2
65 177 1
84 77 4
35 138 4
7 53 3
159 172 2
125 166 2
86 144 3
26 120 4
102 82 4
148 196 2
152 112 1
106 50 3
16 73 1
143 61 3
13 7 4
92 9 4
44 148 4
187 154 1
156 115 4
155 158 2
119 32 2
96 0 1
123 154 1
116 177 4
177 64 2
108 4 4
174 73 3
38 81 3
184 0 3
159 162 1
107 87 4
129 139 4
188 170 1
14 169 4
152 35 3
199 146 4
37 88 1
58 90 2
60 27 4
192 17 3
198 100 4
169 50 4
108 194 3
59 26 1
102 12 1
158 150 2
143 75 4
83 91 4
174 184 4
78 107 1
87 118 4
150 57 1
61 31 3
39 95 2
102 155 3
125 9 3
124 79 3
116 188 3
104 108 1
90 157 1
0 127 1
70 31 2
57 39 2
112 189 3
52 50 4
196 37 1
165 181 2
134 153 1
170 69 1
13 170 4
161 52 4
134 191 4
20 17 3
126 39 1
180 48 1
111 125 4
104 23 3
39 150 3
4 190 3
86 96 2
169 158 3
10 32 1
32 106 4
176 158 1
7 25 1
2 97 2
18 199 3
109 86 1
152 193 1
90 196 2
114 35 1
192 18 2
193 130 4
39 136 2
29 129 2
132 21 2
39 13 1
73 141 2
31 23 1
136 168 1
33 99 2
104 12 2
159 0 4
86 53 4
139 63 3
153 29 2
79 14 1
68 111 1
45 11 1
84 95 3
104 147 4
160 104 4
10 0 1
79 92 3
192 197 2
75 182 4
36 114 2
114 65 1
130 75 3
16 95 1
4 63 2
35 176 1
176 42 4
11 124 1
2 55 1
106 103 1
78 14 2
83 132 2
97 100 1
138 160 2
18 187 2
177 120 1
166 34 2
51 29 3
54 25 3
148 49 3
133 37 3
192 199 4
94 168 1
80 182 3
100 117 1
48 86 1
188 153 4
5 33 2
102 195 1
152 26 1
164 58 4
24 90 4
80 199 3
119 16 3
195 29 3
52 14 2
17 16 2
94 119 4
34 79 2
50 46 4
14 153 2
152 165 3
185 150 1
25 101 1
194 23 2
196 138 3
195 79 3
41 53 4
84 102 3
18 124 4
45 38 4
113 198 2
24 87 2
114 11 4
0 20 1
126 98 4
155 197 2
67 47 3
51 66 4
35 167 1
41 33 4
199 188 3
186 165 4
156 116 1
27 102 3
112 174 2
11 60 3
112 138 3
128 98 3
89 182 4
45 147 2
146 92 1
119 168 3
157 190 1
147 92 2
31 142 3
28 122 4
88 187 4
160 118 3
59 153 3
46 59 3
117 69 4
129 6 4
80 30 2
117 18 4
53 12 2
184 187 4
69 38 4
4 141 1
128 99 3
68 36 1
33 155 2
48 192 1
30 84 1
150 34 2
83 133 3
160 11 2
49 138 2
190 53 1
2 158 4
197 55 4
93 145 4
20 91 4
186 91 2
6 180 1
82 105 4
198 72 1
114 4 2
2 8 4
159 36 1
182 163 2
126 108 4
60 88 4
122 31 4
129 135 1
106 59 3
44 99 2
52 28 2
51 18 4
98 25 1
88 105 3
26 1 2
167 28 3
29 126 1
164 155 1
29 50 3
21 43 3
70 26 1
119 175 1
175 33 4
71 177 1
155 121 3
61 102 2
163 35 1
87 40 1
190 111 1
184 85 4
84 185 3
7 49 3
198 114 4
58 175 3
40 170 2
57 159 3
161 36 3
139 177 3
159 86 2
97 173 4
178 27 2
184 130 2
119 192 4
182 57 2
50 34 4
87 5 2
187 112 3
84 130 2
65 75 2
43 183 2
67 151 2
180 46 1
22 65 3
6 134 1
196 91 4
91 37 4
148 131 3
24 121 2
141 134 1
157 60 1
153 94 3
75 46 4
59 165 1
81 118 3
111 138 2
168 16 1
32 113 4
1 8 2
105 10 1
53 59 3
189 16 1
20 140 2
65 173 1
178 81 2
133 21 4
21 189 3
138 92 1
125 79 2
69 27 1
130 125 3
96 193 4
84 110 3
21 72 4
191 75 2
186 22 1
66 175 2
112 49 4
60 199 2
131 186 4
31 137 1
99 143 4
15 39 2
196 8 1
69 177 3
140 194 3
194 147 2
138 41 3
41 123 1
126 51 4
190 140 3
8 151 2
122 193 4
16 150 3
127 160 4
151 178 1
47 124 4
119 141 3
120 46 3
149 138 3
87 154 4
164 117 3
186 77 2
41 119 4
168 0 3
15 14 4
120 21 3
113 54 3
99 39 3
142 65 3
90 27 1
60 177 4
48 20 1
79 171 4
150 86 1
13 67 1
160 38 2
182 36 3
184 36 2
168 150 4
190 33 3
154 66 1
124 3 1
104 35 2
42 74 2
183 185 3
91 191 4
86 180 1
152 90 2
82 12 2
10 74 1
2 33 4
96 18 4
196 77 2
77 70 2
85 155 3
80 9 1
169 75 2
78 33 2
33 196 3
58 137 1
196 163 3
119 34 3
183 28 1
63 182 1
78 170 2
28 112 3
62 89 3
74 70 3
83 80 3
109 17 4
179 199 3
96 159 4
103 134 2
135 161 3
34 4 2
184 70 1
37 188 4
137 153 4
34 181 2
69 155 1
77 161 2
141 115 2
36 104 4
131 47 1
58 125 3
119 49 3
193 127 3
72 123 2
86 41 3
3 112 1
136 105 3
74 136 1
116 6 3
117 145 3
44 124 3
141 152 3
7 146 1
53 36 1
70 124 4
14 166 3
79 134 3
134 121 4
63 178 3
113 102 3
197 170 2
63 140 4
189 106 4
92 183 3
57 45 1
44 78 1
130 6 3
6 127 1
89 75 3
178 102 3
116 3 4
172 132 1
156 171 3
193 101 3
199 155 4
53 129 3
153 83 1
27 150 1
55 43 1
187 86 3
156 184 3
18 104 1
174 172 1
74 26 4
76 0 3
86 77 2
94 4 1
71 155 4
173 55 2
144 188 4
100 186 3
186 75 4
39 47 3
133 23 4
126 165 4
7 36 3
104 7 1
15 166 4
163 45 1
190 110 4
185 41 4
140 141 3
144 199 3
182 171 1
118 109 4
19 39 1
136 196 2
4 125 2
71 196 3
115 128 3
130 12 3
117 65 4
46 58 1
67 42 4
132 67 2
20 35 2
186 35 1
45 33 2
178 177 4
1 166 2
62 26 2
137 81 2
199 25 3
184 176 2
101 178 4
30 178 1
110 116 4
147 119 2
155 91 3
7 105 1
3 10 1
80 78 2
123 182 2
152 196 4
123 49 4
89 101 2
185 124 4
186 105 4
23 165 1
105 155 2
143 166 4
3 4 3
14 185 2
184 20 2
79 87 2
110 119 1
13 134 1
113 8 4
136 134 3
116 9 3
21 142 3
40 181 2
163 84 1
109 152 4
177 144 2
52 156 1
49 99 4
170 87 4
192 84 3
107 65 4
178 41 3
161 193 1
143 77 2
62 112 2
46 150 2
153 176 2
77 60 4
105 145 3
76 118 3
2 52 2
131 6 1
76 163 1
133 41 1
71 19 1
17 194 3
172 137 3
105 97 4
164 70 1
7 24 4
37 65 3
97 165 3
135 192 1
70 157 4
51 99 2
51 168 3
194 95 1
169 167 2
25 13 2
190 159 1
135 151 3
48 52 3
198 156 2
159 197 1
142 116 1
115 172 3
123 124 1
105 51 4
183 119 4
146 127 4
76 139 2
2 143 4
172 103 4
27 20 2
10 176 4
171 67 1
195 147 4
147 112 2
101 97 2
163 63 4
59 155 4
51 15 1
163 75 1
181 154 3
60 112 1
187 157 2
41 150 4
15 67 4
100 101 2
13 89 3
7 179 4
143 44 2
86 146 2
151 169 3
183 83 2
81 196 1
176 54 2
191 177 2
39 29 1
173 90 1
0 149 3
31 101 4
75 153 2
63 120 1
139 27 3
132 171 2
152 96 4
38 29 2
71 94 2
156 94 2
159 106 4
172 55 1
159 3 2
89 126 4
20 6 4
86 39 4
83 66 2
37 53 4
82 125 4
5 88 1
92 95 4
164 42 4
24 143 3
182 162 3
78 15 3
11 191 4
174 104 3
120 33 2
133 77 1
116 2 1
122 55 4
101 90 3
33 178 1
58 78 2
65 148 2
155 113 3
46 91 4
189 87 3
21 183 2
82 76 1
71 181 3
104 152 4
153 192 4
198 112 1
0 155 1
66 198 3
184 100 4
147 17 1
21 194 1
96 142 1
56 138 1
168 27 2
42 155 1
60 15 1
97 131 2
158 5 4
139 119 3
84 46 1
40 177 4
27 15 4
159 122 3
190 71 3
154 67 2
194 56 4
196 187 2
96 127 3
102 50 1
197 38 2
38 43 1
177 190 3
22 111 3
65 182 2
120 89 1
178 83 1
135 90 3
122 21 4
108 18 4
196 199 4
124 6 1
125 22 3
186 179 1
179 183 4
76 160 3
106 88 3
96 126 2
150 37 2
18 67 1
65 14 3
141 30 2
75 142 2
169 197 4
90 169 4
158 76 4
139 71 3
70 177 2
168 29 4
182 52 4
22 124 1
20 189 1
7 167 1
17 32 4
191 8 2
96 2 3
105 55 2
77 19 2
49 32 2
47 190 4
198 29 1
50 142 3
38 32 1
82 1 2
43 120 4
139 13 3
87 119 2
175 194 1
59 149 2
24 197 2
74 173 2
168 83 2
49 31 3
129 189 3
170 110 1
67 182 1
191 92 4
50 161 4
84 22 1
18 0 1
131 188 2
14 112 4
90 120 1
184 199 1
89 56 3
89 118 2
110 8 2
157 146 2
191 138 1
162 111 3
11 176 3
176 143 4
186 71 4
51 161 1
77 27 3
14 20 2
49 121 3
87 122 3
32 189 4
27 31 4
155 80 1
48 131 3
169 143 3
179 88 1
34 94 4
49 20 1
77 50 2
35 62 1
85 197 1
163 92 4
86 175 2
82 185 2
177 16 1
174 42 2
147 60 1
15 133 2
79 197 1
85 3 2
94 99 1
6 26 4
153 6 2
79 25 4
171 172 3
164 73 1
105 19 3
70 43 1
0 82 4
13 108 3
42 25 2
17 171 3
117 154 1
167 115 1
19 153 1
140 87 1
151 150 4
171 129 3
38 20 1
183 126 3
180 197 3
180 67 2
84 172 3
163 32 2
45 85 4
8 198 2
187 158 3
131 101 3
37 26 4
69 199 1
196 2 2
197 82 2
75 23 4
58 82 3
171 135 3
58 77 2
75 52 1
131 51 4
131 16 2
154 162 4
9 50 1
46 16 1
0 47 4
7 101 3
101 58 2
137 183 3
11 37 4
189 152 4
65 11 4
144 95 4
163 21 3
181 95 2
7 28 1
168 187 2
74 194 2
66 94 4
90 159 2
86 13 4
192 183 3
30 103 3
122 174 3
66 38 3
77 126 4
47 183 2
58 33 1
122 185 2
9 140 4
133 185 2
0 145 2
102 144 3
64 78 2
90 9 1
188 44 1
50 1 2
46 119 3
74 102 3
168 93 1
147 79 3
187 138 2
190 172 3
111 30 2
103 167 3
103 93 2
156 132 4
43 89 1
64 40 4
9 190 1
96 67 4
81 52 2
108 146 2
177 109 2
44 114 3
92 113 1
190 182 3
21 7 4
135 11 3
122 142 4
140 122 1
136 89 3
184 80 1
180 62 1
180 30 4
108 56 2
178 47 2
164 61 1
175 60 4
122 78 2
142 76 3
130 2 3
155 194 3
188 74 3
9 23 4
16 68 4
166 56 3
102 87 4
16 10 4
75 14 2
130 55 2
106 16 1
28 4 3
59 14 1
16 121 1
2 159 2
68 137 3
159 104 3
36 64 2
62 39 1
47 176 1
26 175 3
98 62 2
132 30 2
171 52 3
98 20 2
73 19 3
84 131 3
102 45 4
84 87 2
36 145 3
190 81 3
138 71 3
11 12 4
157 130 3
45 172 1
17 101 4
53 108 3
151 115 3
150 152 2
175 165 4
123 89 3
89 194 1
59 195 2
59 44 4
70 189 4
123 56 4
44 145 4
197 66 2
80 189 3
196 53 4
124 55 2
154 68 4
176 123 1
1 180 4
127 50 4
4 165 1
10 6 1
34 59 2
90 60 2
60 107 4
197 123 1
49 25 4
125 191 1
13 157 1
2 199 1
46 171 3
141 47 4
159 160 1
46 22 1
5 1 3
165 120 1
107 163 2
146 87 3
105 182 1
103 160 3
30 93 4
169 59 2
39 153 3
42 65 2
107 153 2
144 130 2
77 113 1
113 3 2
191 170 4
23 160 4
30 145 2
98 31 4
153 132 3
31 80 1
198 147 1
39 156 3
110 127 4
162 25 4
40 35 4
67 131 3
32 18 3
173 38 1
142 119 3
23 146 4
101 111 1
127 70 2
81 198 3
40 143 2
146 76 3
2 186 2
13 16 3
27 114 4
88 34 1
118 12 3
171 193 1
117 51 3
28 32 3
51 167 4
164 166 1
134 173 4
29 84 1
116 101 1
143 27 3
194 71 2
1 100 3
187 26 3
101 8 2
69 166 1
144 98 1
103 1 3
118 75 1
68 172 4
0 189 1
172 73 1
158 57 1
25 124 2
138 85 2
82 43 4
32 6 2
6 198 3
142 16 2
87 42 1
100 141 2
159 166 3
188 55 3
95 53 4
71 168 4
109 67 2
105 154 2
72 180 1
132 158 3
117 194 4
151 165 2
196 29 4
116 109 2
92 141 4
184 151 3
141 44 1
10 175 3
147 109 2
101 187 1
41 156 1
47 74 3
99 165 4
149 40 4
61 171 4
50 122 2
122 153 3
194 141 1
94 58 1
86 93 1
171 178 2
162 115 1
133 82 4
130 176 3
168 129 2
142 156 4
174 50 2
36 19 3
134 18 1
180 164 4
97 182 4
78 86 3
151 132 2
98 116 2
130 11 3
120 20 2
170 145 2
39 173 3
168 55 1
71 15 4
139 111 1
124 72 1
60 85 2
105 32 3
107 155 4
147 114 1
45 115 3
42 197 2
158 118 1
16 40 3
128 16 1
4 39 1
161 133 3
73 75 2
51 112 1
140 10 1
108 123 1
191 110 3
176 30 2
196 147 3
85 38 1
21 39 3
67 158 4
183 112 3
146 45 2
198 168 4
141 24 1
105 120 4
78 39 2
90 75 3
61 139 4
161 134 4
12 116 4
109 82 1
161 97 4
22 196 3
17 25 4
135 58 2
170 105 1
7 61 3
180 143 3
140 41 2
74 143 1
48 23 1
189 94 4
1 46 2
96 187 2
156 76 2
99 175 2
152 149 3
2 62 3
25 91 1
91 179 2
27 153 1
106 7 3
90 66 4
149 34 4
84 115 4
181 27 1
128 134 1
85 135 4
141 185 2
15 181 4
104 5 4
91 160 4
155 130 4
109 96 3
177 7 3
11 53 1
41 14 3
147 28 1
39 185 3
86 196 1
198 119 2
105 193 4
64 77 3
40 134 4
87 96 3
109 114 1
161 106 2
56 50 2
25 31 4
116 30 1
193 181 2
5 101 3
55 36 2
38 184 3
16 153 3
169 71 3
75 198 1
116 26 1
8 133 1
48 97 2
99 176 2
50 129 2
54 177 2
41 13 1
41 114 1
154 25 2
70 72 2
84 78 2
150 183 2
196 123 2
130 126 4
95 170 1
129 159 4
133 48 1
1 106 3
0 166 2
46 110 3
130 94 4
138 189 4
68 118 3
185 113 4
18 98 2
5 29 2
75 155 3
21 104 1
0 170 1
29 177 1
137 50 4
123 112 3
33 16 4
95 4 4
125 172 2
32 97 2
38 151 1
17 4 1
168 138 2
115 132 4
127 59 2
68 120 1
38 93 1
155 114 1
186 50 1
147 3 3
75 51 2
29 152 1
46 12 4
101 115 2
45 184 3
143 131 3
56 58 1
66 122 2
91 13 3
13 52 3
125 90 1
102 126 4
7 3 4
28 42 4
171 145 4
81 142 4
73 197 4
36 87 3
101 188 2
38 36 4
57 15 2
141 59 3
175 117 3
9 4 3
73 24 1
136 173 4
35 170 4
84 146 3
23 65 1
65 45 3
71 99 3
10 55 1
41 57 1
1 58 1
142 69 3
18 42 3
47 194 4
60 137 4
127 144 3
181 116 3
109 3 2
165 142 3
65 49 3
39 158 3
79 7 3
135 93 2
73 42 4
60 166 1
124 189 1
76 71 2
181 102 1
163 174 2
88 168 2
81 63 2
93 2 1
117 53 4
180 145 2
148 108 4
164 28 3
92 192 4
130 167 2
191 27 2
26 142 1
107 154 2
139 199 3
71 78 4
2 166 2
0 164 2
85 116 3
111 64 1
8 22 3
169 5 4
68 86 1
5 85 4
148 125 1
106 185 3
6 151 4
87 67 2
116 63 4
172 184 4
174 188 4
128 184 3
184 69 3
146 178 4
160 143 4
93 28 1
185 1 1
171 180 4
136 166 4
104 37 3
95 46 2
191 174 1
30 38 1
16 4 3
160 14 4
172 98 2
70 175 1
44 118 4
171 158 4
61 148 3
163 52 2
11 57 4
169 148 1
113 58 3
63 171 2
16 175 2
81 120 3
121 118 4
195 116 3
75 0 3
165 162 3
43 60 3
124 69 2
91 142 1
194 179 2
167 138 2
126 37 3
128 189 3
94 19 3
90 32 4
178 166 3
42 113 1
77 117 1
182 147 1
4 59 3
112 43 3
156 43 4
169 64 2
91 24 2
54 94 2
144 121 2
158 152 1
0 44 4
65 144 1
28 176 2
110 194 1
76 80 3
139 35 2
51 125 1
163 38 3
54 183 1
113 23 2
34 82 2
23 154 4
141 63 4
39 189 4
101 87 2
147 65 2
105 114 2
46 174 4
88 72 2
134 37 2
171 85 3
57 114 3
164 52 1
6 172 4
123 65 4
198 150 1
69 80 4
81 27 1
15 23 4
39 61 4
63 10 2
32 69 1
35 4 1
4 137 1
56 53 1
131 91 3
113 55 1
60 48 2
82 128 1
166 198 3
16 145 1
79 59 2
59 74 2
29 30 3
16 165 3
179 71 1
26 90 3
148 179 3
115 74 2
3 15 4
142 124 2
115 26 3
70 122 4
190 43 1
189 120 3
12 151 3
88 42 1
111 174 3
116 66 2
73 138 4
62 169 1
2 73 4
17 193 3
187 103 1
145 123 2
7 172 2
89 2 2
194 35 2
192 55 4
195 157 1
66 14 1
33 23 1
56 38 1
147 7 3
173 17 4
37 183 3
124 43 2
19 187 4
3 38 2
197 105 4
105 124 3
174 25 3
180 5 1
111 164 4
16 132 4
132 103 2
128 71 3
182 160 4
73 23 2
79 21 2
120 123 2
1 33 2
86 142 1
173 104 3
139 60 3
38 123 3
102 194 1
77 10 3
129 69 1
52 162 1
117 57 4
170 144 2
167 114 2
71 127 1
73 188 2
34 102 3
119 37 1
137 119 3
198 48 3
62 29 1
141 183 2
65 80 1
180 56 4
87 192 2
130 113 4
73 6 3
22 73 1
15 64 2
124 12 1
133 196 2
170 196 4
31 129 3
139 173 3
133 65 4
146 54 4
102 66 2
156 134 2
59 35 2
53 135 4
64 108 2
27 179 4
42 12 3
68 64 2
199 78 3
96 28 4
36 23 4
114 73 1
89 28 2
44 2 4
109 92 4
161 65 1
44 137 1
186 168 4
3 186 4
120 107 2
3 35 1
193 12 1
46 30 4
195 191 4
92 104 4
29 125 3
11 93 1
43 85 4
97 152 4
161 102 1
193 73 2
109 58 2
107 157 1
80 130 3
143 118 1
6 157 2
21 111 3
178 51 3
75 1 4
29 155 2
16 30 1
1 36 1
126 162 1
165 187 2
87 68 2
104 169 4
50 15 4
29 173 1
13 66 2
44 151 4
150 101 3
151 106 4
69 93 1
50 100 2
148 77 3
8 192 1
7 113 3
118 52 2
13 98 1
48 28 2
177 112 2
138 165 3
79 95 4
140 38 2
57 13 4
91 15 4
102 176 4
171 86 1
93 54 4
65 140 4
67 117 3
170 90 4
16 101 1
76 97 2
25 190 3
95 94 1
171 88 2
196 47 3
11 80 2
193 53 1
96 81 3
171 49 2
14 10 4
193 27 3
59 168 4
32 62 4
153 90 4
148 157 4
165 177 3
100 135 3
120 111 3
16 9 1
80 172 3
125 127 4
197 43 3
167 154 1
139 190 3
74 34 3
184 106 1
9 162 1
0 43 2
182 5 3
107 59 1
191 49 1
106 31 3
112 100 3
165 109 3
134 73 2
152 192 1
75 133 3
32 115 1
9 55 2
191 86 2
169 38 3
174 97 2
110 164 4
156 21 3
111 13 1
22 77 3
199 140 3
19 26 3
93 184 3
164 167 4
75 49 4
33 11 3
70 47 2
3 108 3
63 37 1
113 13 2
81 99 2
153 92 1
1 59 1
151 33 4
94 79 3
91 58 2
55 145 3
44 77 4
131 157 1
197 16 3
146 163 3
145 108 2
93 63 3
46 39 1
5 171 3
25 187 4
131 30 3
32 91 3
197 78 4
80 28 3
128 132 4
100 20 3
155 145 1
119 184 4
55 90 1
196 102 4
39 66 3
104 181 3
47 167 4
132 20 4
180 129 4
113 140 1
20 50 3
126 135 2
169 47 3
101 69 1
98 155 2
6 189 1
110 52 2
178 118 2
28 199 1
15 160 1
13 101 2
169 166 2
67 60 4
193 4 3
1 13 1
195 166 2
164 179 2
28 29 2
30 119 1
181 195 4
32 52 4
36 33 1
141 98 2
172 133 1
182 18 2
90 20 4
162 29 4
25 87 1
158 96 4
161 128 4
27 67 4
60 168 2
24 28 3
159 189 4
166 38 3
131 145 2
12 131 4
192 56 3
86 80 3
81 15 2
163 172 2
115 81 1
160 199 2
103 119 2
196 173 4
182 179 4
50 93 4
186 190 3
174 75 2
165 88 2
45 157 1
88 161 2
17 69 4
68 98 3
97 57 1
29 132 1
14 111 3
115 119 1
52 143 2
166 58 2
79 190 1
57 43 1
59 179 3
183 4 3
10 41 4
21 59 3
162 58 2
24 79 4
34 141 4
25 136 2
92 127 4
8 58 4
17 60 2
189 27 3
98 192 1
74 164 2
167 137 1
121 90 4
88 35 3
12 138 3
12 35 3
178 100 2
140 192 4
99 34 3
27 131 3
67 172 4
162 98 3
173 144 2
16 19 1
192 7 4
111 98 2
24 156 1
45 108 4
168 124 2
172 186 4
76 194 1
60 172 4
65 98 1
37 153 1
95 190 1
154 92 4
133 98 3
171 150 1
29 174 2
148 136 1
159 63 3
67 139 2
112 0 3
188 13 3
91 184 1
183 147 3
87 143 3
184 14 3
160 189 3
62 127 1
5 170 4
172 123 1
60 188 4
147 172 3
42 158 2
25 131 3
15 182 3
140 25 3
153 63 4
14 137 2
62 116 4
121 46 2
128 0 4
122 67 4
178 4 4
198 189 3
67 104 4
6 154 3
73 198 3
32 57 2
147 102 4
165 52 2
173 35 4
180 99 1
151 9 1
134 127 2
129 51 2
65 178 1
154 81 3
42 45 2
89 156 4
167 100 1
146 134 1
100 87 4
158 161 2
175 7 3
107 24 2
183 154 1
43 93 3
93 12 1
175 146 2
97 135 2
85 158 4
199 70 4
79 143 2
141 133 1
119 69 1
119 154 1
2 161 3
55 135 3
182 47 1
31 133 4
35 64 3
81 191 4
109 89 4
32 185 3
4 132 1
188 2 3
51 136 3
50 171 2
95 139 2
133 0 3
116 97 4
52 196 4
68 0 4
84 43 3
158 37 2
194 187 3
27 18 1
198 127 2
171 56 4
66 2 3
118 141 4
32 33 3
24 56 4
35 149 2
97 91 4
103 188 1
20 82 1
44 87 2
29 58 4
58 150 3
42 5 4
118 114 2
79 71 4
192 42 4
177 107 4
147 127 1
184 60 1
21 92 2
104 121 1
33 101 1
114 123 4
181 134 3
5 148 3
78 97 3
96 31 4
157 68 1
169 13 2
140 114 2
64 174 1
184 180 2
16 70 2
173 152 1
144 187 3
84 85 2
72 67 3
81 121 4
40 47 2
131 86 2
86 91 2
71 96 1
186 133 1
98 5 3
132 170 1
184 4 3
198 1 4
0 176 4
114 143 4
182 149 3
178 110 2
128 74 1
55 81 3
146 190 4
92 60 4
12 97 1
157 153 1
69 158 1
61 119 1
37 177 1
15 21 2
126 45 4
56 70 3
68 82 2
24 123 1
132 42 4
179 68 1
32 12 1
172 65 1
77 16 2
39 130 1
100 179 3
49 106 3
180 163 1
189 133 3
80 158 1
86 174 2
51 7 1
157 96 2
25 181 3
17 56 4
160 79 1
18 113 3
47 177 2
19 137 2
29 191 1
165 85 1
3 87 1
144 7 4
179 87 4
160 95 3
165 173 1
4 75 2
88 41 4
99 185 3
115 96 1
24 135 1
188 99 3
21 83 4
83 70 3
4 64 3
53 34 4
70 29 1
121 9 2
85 185 4
121 128 2
127 54 1
110 129 3
58 67 2
67 153 2
26 82 2
145 181 3
79 1 2
136 36 3
106 187 4
136 108 3
48 64 2
42 198 2
163 98 4
43 104 3
23 131 2
45 51 4
176 8 2
51 8 3
104 91 3
18 60 4
185 74 1
96 128 1
141 3 1
34 89 1
57 198 3
97 153 2
44 146 3
122 53 3
129 145 3
41 22 2
147 121 1
193 45 4
41 20 3
163 3 2
37 1 2
112 106 1
65 10 2
10 112 2
137 92 2
20 182 4
12 45 2
108 62 2
85 37 3
44 53 2
38 168 1
103 105 3
51 142 2
63 71 2
119 12 4
114 63 4
139 44 4
51 58 4
137 94 3
182 189 4
79 151 3
172 113 1
129 177 2
119 199 3
49 151 4
24 29 2
164 24 3
182 192 2
106 52 2
140 104 3
124 199 3
199 130 3
174 116 4
28 137 4
14 18 2
28 123 2
110 89 2
43 56 2
107 180 2
21 165 2
110 26 3
117 147 4
93 87 2
109 81 2
159 147 2
187 33 4
127 83 3
135 173 3
172 194 4
177 141 1
0 141 3
106 188 3
13 30 4
96 74 2
117 168 2
167 162 4
12 188 4
45 150 1
139 26 4
169 79 1
98 108 1
129 167 2
184 132 2
6 163 1
13 36 1
1 34 2
117 1 2
120 101 4
48 151 3
118 34 1
15 130 3
92 165 3
107 22 4
101 82 2
128 75 2
91 96 1
101 9 4
86 51 2
117 58 1
61 186 4
101 106 2
199 54 4
171 102 2
91 118 3
140 6 1
12 98 3
172 167 4
116 194 3
103 47 3
112 22 2
140 167 2
20 46 2
126 115 4
34 83 3
174 159 4
23 169 2
28 37 2
63 62 4
176 198 3
125 46 2
142 14 3
150 118 1
80 152 3
25 120 4
179 11 1
127 53 3
112 17 3
14 147 1
185 154 1
12 185 2
86 110 1
141 15 4
139 87 4
64 74 4
95 193 3
130 56 2
194 136 3
90 98 4
93 131 3
76 147 3
115 198 4
165 51 3
12 155 2
182 156 4
101 179 3
120 116 2
171 23 4
23 147 1
180 70 3
187 131 3
48 68 1
19 190 3
163 110 2
51 149 2
154 94 2
116 69 4
74 166 2
38 117 2
120 112 4
29 26 1
62 60 3
104 63 1
187 4 4
159 164 4
68 109 1
45 174 3
189 54 3
17 73 2
79 183 4
126 63 3
0 60 4
195 129 3
42 180 4
169 185 1
35 192 2
181 190 2
0 113 2
20 137 1
14 158 4
90 63 1
154 125 3
123 168 1
119 182 1
66 85 1
157 119 3
129 86 3
115 63 3
130 0 2
107 188 2
19 198 2
13 9 2
70 1 1
126 141 3
136 34 2
84 136 3
17 189 1
185 3 2
108 36 2
8 33 3
38 91 2
93 8 4
48 90 2
10 85 1
125 40 4
11 47 1
31 197 4
29 103 1
25 30 1
154 95 4
89 183 4
20 58 4
137 105 1
116 143 1
99 129 4
91 36 1
44 34 2
42 60 3
112 81 1
125 92 2
142 28 1
142 180 4
154 136 1
66 120 3
141 22 1
112 148 2
141 51 4
154 115 4
153 185 2
51 172 2
57 140 4
199 171 2
10 132 4
18 11 3
23 41 2
131 123 1
176 16 1
108 21 3
60 12 2
185 184 4
135 88 1
110 105 4
15 126 4
126 14 3
177 151 4
33 143 4
183 105 4
176 55 1
45 110 4
113 116 2
148 83 3
85 23 1
58 81 3
152 198 1
170 183 2
10 93 1
170 189 4
110 25 4
37 59 1
97 127 3
97 24 3
173 109 2
66 144 4
191 109 4
165 1 1
167 1 4
154 93 4
110 95 1
126 74 3
193 160 3
178 76 2
77 94 1
22 126 4
139 105 4
124 180 2
196 154 1
6 80 1
135 6 1
21 74 4
160 43 1
161 18 4
20 196 3
81 132 3
132 130 1
162 10 2
82 180 2
25 58 4
188 105 1
75 62 2
80 32 2
56 177 1
6 51 3
52 58 4
199 164 3
126 184 4
155 166 3
36 150 2
107 113 2
28 58 2
166 110 4
113 148 1
44 83 3
162 74 2
165 131 1
18 44 3
39 123 3
87 97 1
131 14 3
147 132 2
76 140 4
109 100 2
12 58 1
43 16 3
26 153 4
192 19 1
61 66 1
189 90 3
18 81 4
160 49 2
181 124 2
139 39 4
110 36 4
150 135 3
5 113 1
152 171 3
171 186 1
170 161 4
68 101 3
25 93 1
143 156 2
116 119 4
50 55 1
198 170 4
176 178 1
152 185 3
55 94 1
155 64 3
47 88 1
74 87 3
51 170 3
46 49 2
13 150 2
74 192 2
7 23 3
120 122 3
198 120 4
42 101 2
84 45 3
124 152 1
30 124 1
36 74 4
177 168 4
126 33 4
15 34 1
10 145 2
93 90 1
53 10 1
24 188 4
43 111 4
172 195 1
162 150 3
110 165 4
134 72 2
34 105 4
127 155 3
18 24 1
24 140 3
126 25 3
19 35 3
182 9 2
101 38 3
8 70 4
21 113 1
154 7 1
37 16 3
29 46 3
140 108 4
180 49 3
188 7 2
114 29 1
114 110 1
58 72 4
183 132 2
45 122 2
98 114 1
160 168 2
138 67 3
35 27 4
172 76 2
61 79 4
144 68 2
63 48 3
119 65 2
102 3 4
19 21 1
186 54 2
160 114 2
99 111 1
57 99 2
186 10 4
103 179 1
155 146 1
117 49 3
108 67 2
82 135 2
123 83 2
52 98 1
150 126 1
18 176 3
86 178 2
113 26 3
189 10 4
80 120 3
197 90 2
85 47 1
95 163 4
156 4 3
79 66 2
80 49 1
166 27 1
181 86 3
123 75 4
1 45 3
123 137 4
27 86 3
145 8 4
175 184 4
75 196 3
80 52 3
6 17 1
23 86 4
18 167 3
103 78 4
51 34 4
172 5 4
181 157 4
15 98 1
84 2 3
131 117 1
91 56 2
59 91 4
157 185 2
19 4 3
41 60 3
104 99 1
164 94 3
70 33 3
193 169 4
121 183 1
40 105 4
166 72 2
191 190 4
161 168 2
195 4 4
176 162 1
25 81 4
123 153 2
139 178 3
180 139 3
67 5 1
182 95 2
140 152 3
101 117 2
164 37 3
59 2 3
15 180 4
26 184 1
193 164 1
13 138 3
46 23 4
24 61 1
186 40 4
156 44 3
145 3 3
168 19 1
19 95 4
160 63 3
32 39 2
147 72 2
71 61 3
3 195 3
47 50 1
2 150 1
101 52 3
66 7 1
95 90 3
135 103 3
128 195 1
168 69 4
108 65 4
33 174 4
115 77 1
136 64 1
37 112 1
6 34 4
142 197 2
164 101 2
11 64 2
15 149 3
142 41 2
37 159 1
31 32 1
32 138 2
83 42 3
95 175 2
120 151 4
22 59 2
100 193 4
41 77 2
36 76 1
139 9 1
88 89 4
163 175 4
22 26 1
11 5 4
157 85 1
85 96 4
162 57 4
148 130 2
125 176 2
15 16 3
161 74 3
15 189 4
7 11 4
31 116 4
187 98 4
43 88 1
151 63 1
52 29 1
67 29 4
146 98 1
102 156 1
8 60 3
158 128 3
102 180 1
180 33 1
62 176 4
169 133 3
24 178 3
145 88 2
48 55 1
175 65 4
57 163 3
27 93 2
72 71 3
37 172 1
83 121 2
11 26 1
125 87 3
82 171 3
106 92 3
111 58 4
13 64 3
152 68 3
41 5 4
74 163 4
83 175 4
148 114 2
158 25 2
129 148 1
49 92 1
83 129 2
61 197 3
182 55 4
187 24 4
90 181 1
166 187 3
198 138 3
76 166 4
105 65 3
27 62 1
84 55 2
163 103 3
147 44 3
8 188 4
63 64 1
19 56 2
178 183 4
167 37 3
77 157 3
129 128 4
84 1 2
48 130 3
102 38 1
61 152 2
90 177 1
1 0 3
137 86 3
72 156 3
7 186 1
125 133 1
198 125 3
65 179 4
32 9 4
176 38 1
179 102 1
176 106 2
0 59 1
152 91 2
108 130 2
182 143 4
130 36 4
169 187 1
125 6 2
16 130 2
67 48 3
33 119 3
35 72 4
185 86 4
38 165 3
44 16 3
144 175 3
120 181 3
146 16 4
95 126 2
116 15 1
191 65 2
174 130 2
169 130 2
44 62 1
48 134 2
180 195 2
49 136 3
85 88 3
109 190 2
81 46 1
75 82 2
80 23 4
86 164 2
122 64 1
120 7 3
192 24 3
75 37 4
10 115 2
80 90 4
135 149 3
138 128 4
106 68 2
57 173 2
132 33 2
132 106 3
154 8 4
2 142 2
86 87 4
113 129 4
83 125 3
110 56 2
149 131 1
131 177 4
141 103 3
170 22 3
179 84 1
87 28 3
44 109 2
158 175 3
151 54 4
113 125 1
172 154 2
186 178 4
29 9 1
124 60 4
48 103 2
77 175 4
80 190 3
35 58 3
52 42 2
127 20 1
170 115 2
109 77 1
195 111 2
105 185 2
72 87 3
166 132 3
152 94 1
91 165 2
32 116 1
5 77 3
176 19 3
46 5 2
117 41 1
10 194 3
150 52 2
39 5 4
141 193 1
154 132 2
190 107 3
100 171 4
26 143 4
43 150 2
131 0 1
14 196 2
85 76 1
137 134 3
34 197 1
95 134 2
15 152 1
76 119 3
131 120 4
108 166 3
144 42 2
106 146 3
54 45 2
101 185 2
65 68 2
100 153 4
15 177 3
153 142 1
92 130 2
159 47 1
121 170 1
143 168 3
98 64 4
15 195 3
97 51 1
30 53 1
165 48 4
114 16 1
138 47 3
122 180 4
119 173 4
47 109 2
192 71 2
23 134 3
127 81 3
55 92 4
21 110 3
167 179 1
35 1 3
186 146 3
187 148 3
87 26 3
7 159 3
13 162 1
68 186 4
82 192 2
93 119 2
13 189 4
189 48 1
72 23 4
1 127 4
12 174 4
153 10 4
30 65 2
32 161 4
156 10 1
103 104 3
116 173 4
151 76 4
170 118 4
28 173 3
153 18 4
44 178 3
149 14 2
144 16 3
109 151 4
64 93 2
126 24 2
188 48 4
117 141 4
44 48 1
22 15 1
168 127 4
115 64 4
26 104 4
169 178 4
168 171 2
46 198 1
79 45 1
50 119 4
35 172 4
137 88 4
51 84 2
139 8 4
24 122 1
144 120 3
80 8 3
181 5 4
103 157 2
159 53 1
100 170 1
19 100 2
87 131 1
62 154 2
88 95 1
152 182 2
183 76 4
163 99 1
61 80 4
195 137 2
44 112 1
18 64 3
142 105 2
37 139 4
173 182 2
10 139 2
57 73 3
167 50 3
4 149 1
1 86 3
31 36 4
141 197 3
197 165 1
94 57 2
82 96 1
75 35 3
44 27 2
90 132 3
54 0 2
135 128 3
196 1 1
114 8 3
39 103 1
47 33 2
121 77 1
198 56 3
67 140 4
160 37 3
42 37 3
74 24 2
85 162 2
85 154 1
28 67 3
93 197 3
74 134 3
105 159 1
109 63 3
122 196 1
138 144 2
84 175 4
36 92 3
61 6 1
74 83 2
99 124 2
137 6 2
11 41 1
42 179 2
170 103 4
6 123 3
40 42 3
6 35 2
121 116 2
62 166 1
54 187 4
172 48 1
103 67 4
68 21 4
43 11 1
29 40 1
183 135 3
174 138 4
93 142 2
151 139 3
155 18 2
99 35 2
23 58 4
18 31 3
68 129 3
40 191 4
42 80 3
164 153 4
189 82 4
10 42 4
26 0 4
171 75 1
158 84 3
22 34 1
179 121 3
22 162 3
162 7 1
173 18 2
158 61 3
97 134 4
107 186 2
183 45 2
120 52 1
59 30 2
141 90 4
109 154 1
90 0 1
190 179 2
76 62 3
6 13 4
180 35 4
109 121 3
35 77 2
78 18 3
129 57 1
191 119 2
127 102 3
51 69 1
197 174 4
100 2 2
39 166 1
79 144 3
18 71 1
102 77 2
14 71 2
128 124 1
109 122 4
57 89 2
131 160 3
167 108 4
118 111 2
176 80 3
100 85 2
129 0 3
0 21 1
20 81 4
145 156 3
16 134 3
10 131 3
190 72 1
42 64 1
115 148 1
35 115 3
161 81 4
142 167 1
158 136 1
91 57 1
45 160 4
74 91 4
107 3 1
140 175 2
161 27 4
21 106 3
140 182 3
43 187 1
99 32 3
59 67 1
132 73 4
16 29 2
17 26 3
5 105 3
123 142 3
96 191 4
186 141 3
142 58 1
124 20 1
121 131 2
165 178 2
124 187 1
95 143 3
71 30 1
157 98 3
131 45 3
49 170 2
74 65 2
192 138 1
146 29 4
79 156 2
126 163 2
185 190 4
190 123 2
56 152 3
91 157 3
3 161 1
8 29 4
23 70 2
150 72 2
94 182 4
177 115 1
42 185 4
186 89 3
79 146 3
85 182 4
131 194 4
162 146 2
193 162 3
99 3 1
110 175 2
39 163 2
75 85 1
108 77 4
105 184 1
13 107 3
23 183 2
65 156 3
59 40 3
160 196 1
42 112 2
182 198 1
108 116 2
97 29 3
64 184 2
90 25 4
139 23 4
82 38 3
192 70 4
2 119 2
163 125 3
27 171 1
14 91 1
120 148 2
128 186 4
60 53 1
72 130 1
112 91 3
47 148 4
184 67 3
123 50 1
37 62 3
161 154 2
18 77 4
166 71 4
161 67 1
155 4 1
15 37 4
33 124 2
68 18 2
61 121 3
52 36 2
193 64 1
14 125 3
97 163 3
75 50 2
149 28 3
123 152 2
166 67 3
195 98 4
120 47 1
168 26 1
190 129 4
190 113 2
189 197 1
183 124 2
36 106 2
155 169 3
121 100 1
115 48 1
136 97 3
187 85 2
2 70 4
155 57 4
81 192 2
63 185 3
90 74 1
27 121 2
105 62 3
134 170 1
90 41 3
7 149 3
157 79 1
56 63 1
29 199 1
80 96 1
67 115 1
6 30 2
103 149 3
182 46 4
122 79 3
167 98 4
117 146 3
118 149 4
116 163 1
86 44 3
50 8 4
185 78 3
8 184 3
29 55 2
120 95 2
156 80 3
173 93 4
157 152 3
32 120 3
89 154 3
173 96 3
69 15 2
176 7 1
25 88 1
130 173 1
195 104 3
155 150 2
113 51 3
31 158 2
50 95 1
198 159 1
8 77 3
3 47 1
24 151 2
49 1 2
88 87 4
73 168 2
174 76 2
0 172 1
73 31 1
50 71 1
18 190 3
80 194 4
149 106 1
165 17 2
152 28 3
77 145 2
172 109 1
127 167 2
126 57 2
190 106 1
160 120 3
52 64 4
76 48 1
67 111 4
124 127 4
20 59 1
41 73 2
36 44 4
67 189 4
38 18 4
117 15 2
121 23 2
97 77 3
92 121 1
123 66 4
122 177 1
50 150 1
169 86 2
159 35 2
49 124 3
196 60 2
80 185 2
121 74 1
78 38 2
157 46 3
29 10 2
60 155 3
33 113 4
131 108 2
146 68 2
94 9 2
53 96 3
17 23 1
55 40 1
138 34 2
18 185 2
54 72 1
159 178 2
57 119 4
100 11 1
42 142 2
29 192 1
169 87 2
74 19 3
175 122 4
188 194 4
146 30 4
133 26 1
151 198 4
169 1 1
38 63 4
170 168 4
0 23 4
129 151 2
146 3 4
160 121 2
132 2 3
89 50 1
79 181 4
15 127 3
148 34 3
142 30 1
95 8 1
176 81 2
165 25 1
28 189 3
181 52 4
84 19 2
21 112 1
8 183 4
45 23 1
88 172 3
28 174 3
102 11 4
21 151 2
166 20 3
65 199 2
2 22 2
185 166 3
191 152 2
30 83 2
137 162 2
1 190 2
86 5 2
175 68 1
70 3 4
79 23 1
83 43 1
122 160 2
104 74 2
64 129 3
178 88 2
66 87 1
157 43 3
34 66 1
138 116 1
111 134 1
106 183 1
179 40 4
139 15 1
94 42 1
41 66 2
160 33 3
114 129 2
87 60 2
12 112 1
179 147 4
132 121 4
51 89 4
127 159 2
164 29 1
88 29 2
29 121 1
106 125 1
2 53 1
140 165 4
125 100 1
175 41 2
38 155 4
153 180 4
102 76 3
101 74 4
14 57 2
133 170 1
60 104 1
165 36 1
156 130 4
197 140 4
103 171 1
154 29 4
7 63 3
12 129 4
22 28 1
166 175 1
129 121 2
132 51 3
192 123 1
117 46 1
119 163 3
80 125 2
129 93 4
197 117 4
182 27 1
43 198 2
0 55 2
48 100 1
172 139 4
148 128 2
129 166 4
79 138 2
177 127 1
174 109 3
181 122 3
144 152 2
32 94 2
10 68 3
26 163 2
78 144 3
69 20 4
195 72 3
68 181 2
116 193 2
75 94 1
70 76 1
89 48 2
24 19 4
111 193 2
155 93 2
162 110 3
18 106 4
96 197 4
72 7 4
145 66 4
127 148 4
41 97 1
95 169 4
116 54 4
76 32 1
25 169 1
115 150 4
133 167 4
168 50 1
16 193 2
74 148 1
11 28 3
131 24 3
76 55 2
73 43 1
12 99 4
125 43 3
167 31 2
189 4 4
186 95 4
126 172 1
113 158 3
64 41 2
88 118 3
141 163 2
86 31 4
150 67 4
118 94 3
140 91 1
105 167 1
158 110 3
81 66 3
121 114 1
160 113 4
116 90 2
110 17 2
154 156 3
137 70 2
162 178 2
174 57 3
174 35 3
195 174 1
157 21 4
84 58 1
199 6 4
9 28 4
132 54 3
138 166 4
159 46 1
175 169 2
20 154 3
70 173 4
115 109 3
151 189 4
99 141 1
190 15 3
143 151 2
175 177 2
84 187 3
122 100 1
33 140 2
11 67 1
169 35 3
22 193 3
130 119 3
6 106 3
83 124 3
161 185 1
154 173 1
26 186 2
26 169 1
2 167 1
4 177 1
191 54 3
156 37 4
104 187 1
135 69 4
185 57 4
15 157 4
198 14 4
14 194 4
177 135 1
21 152 3
84 27 2
77 144 4
108 190 1
52 85 2
166 162 4
165 112 4
167 159 3
60 74 2
69 88 3
101 53 2
133 88 3
100 25 4
124 112 3
77 118 1
14 68 3
182 73 3
9 48 4
69 50 4
124 107 3
107 19 3
188 149 1
132 136 2
194 156 4
136 171 4
6 161 3
62 47 3
91 79 1
27 117 1
116 135 3
118 6 3
84 123 3
175 37 1
177 34 4
168 91 3
106 156 2
157 104 2
39 25 2
47 60 3
193 62 4
137 53 4
147 21 3
44 117 2
52 177 4
142 134 4
174 124 2
26 10 1
168 195 1
120 50 1
18 54 3
100 22 3
68 75 1
146 78 4
29 159 1
60 164 3
107 108 3
177 146 2
13 142 2
184 146 1
26 141 3
43 13 2
136 138 4
103 88 1
82 94 3
1 122 2
14 9 4
181 6 1
113 49 2
180 87 3
112 74 2
60 120 3
2 71 2
59 166 3
142 137 3
66 59 3
48 5 3
198 149 4
56 160 2
14 63 3
136 23 3
145 50 3
145 137 1
55 187 2
47 28 2
58 104 3
36 46 3
67 92 1
93 33 4
70 118 4
31 113 1
126 72 1
142 110 1
76 47 2
159 44 2
140 160 1
73 20 4
6 81 4
116 96 4
108 57 2
158 94 4
2 178 2
13 160 4
159 148 2
152 65 3
4 74 3
13 109 1
163 87 2
174 101 2
194 193 2
104 16 2
23 132 1
168 174 3
17 88 3
142 162 4
97 72 4
125 156 3
36 101 2
14 181 2
150 19 4
32 152 1
102 94 1
105 192 3
101 85 4
56 80 3
21 37 1
98 170 4
80 87 4
27 163 4
170 52 4
46 70 2
31 170 3
123 195 3
3 57 4
121 178 3
94 64 1
40 137 4
30 36 2
110 111 3
139 186 4
132 7 2
155 1 2
32 111 3
147 106 4
130 150 1
190 195 3
16 178 1
51 109 2
101 107 1
129 175 2
195 143 1
90 44 4
7 145 3
156 186 3
103 194 2
66 84 2
84 3 3
31 16 1
16 156 2
53 197 3
171 137 2
189 132 3
129 187 2
42 41 2
25 106 3
166 32 1
177 91 3
111 147 3
3 179 2
20 122 3
130 33 4
186 102 4
62 188 3
6 187 3
181 66 4
82 172 2
100 165 2
133 192 2
136 162 2
190 66 4
28 134 4
13 112 4
29 130 3
19 162 2
195 69 3
93 138 3
8 157 4
155 70 3
69 132 1
88 32 3
114 154 4
168 44 2
190 124 1
130 141 1
11 51 4
186 127 1
98 199 4
88 139 4
134 114 3
154 18 4
38 116 2
54 56 2
88 94 1
119 131 3
163 77 2
138 7 3
148 31 2
140 32 1
143 6 1
199 110 2
197 1 1
160 125 3
16 141 3
37 125 3
169 3 1
145 195 3
178 108 4
9 133 1
125 115 4
146 47 2
171 124 3
156 126 4
109 126 2
83 4 4
71 182 1
48 61 3
125 44 4
33 110 1
137 59 1
184 159 3
51 56 3
102 1 4
145 25 4
171 170 1
23 153 1
95 87 2
146 21 4
128 170 4
142 100 3
42 146 1
149 93 2
15 72 4
128 27 4
7 108 4
199 122 1
48 36 2
126 154 4
155 151 2
99 79 4
106 57 2
37 47 3
79 26 4
52 141 4
168 149 1
140 183 1
103 15 1
131 174 4
127 139 3
128 145 1
41 21 1
86 40 1
196 145 1
132 125 4
93 9 1
167 21 3
156 91 2
105 150 4
20 16 4
135 145 4
142 161 1
175 128 4
120 56 3
75 179 4
153 161 3
105 96 2
92 48 2
106 120 1
35 146 2
54 20 3
20 12 3
77 194 3
112 181 4
106 38 4
11 69 4
177 80 2
35 157 3
143 174 3
95 122 1
129 169 3
183 138 1
176 68 1
11 19 4
31 1 4
189 44 2
57 176 2
145 124 2
172 72 3
195 88 4
24 96 3
108 12 3
189 125 4
55 85 4
166 145 2
28 76 1
132 26 2
132 59 1
184 25 1
85 21 2
141 176 4
19 121 2
107 6 1
146 80 3
165 68 1
76 45 2
186 181 1
90 85 2
79 81 1
79 188 3
151 140 4
118 168 3
63 149 1
13 192 4
28 129 1
129 140 1
68 135 2
48 15 2
136 78 3
195 153 1
9 165 2
61 162 2
138 107 3
146 136 4
138 21 1
107 37 4
126 104 3
108 78 3
0 119 4
130 20 2
109 124 4
88 157 4
146 137 1
105 169 1
146 104 1
65 115 1
96 182 3
138 84 2
187 63 1
172 20 3
18 16 4
117 180 3
59 11 4
167 95 3
147 74 3
28 144 2
129 52 4
82 164 4
74 116 1
158 63 3
2 129 1
29 185 4
135 75 2
122 69 2
127 74 4
15 89 2
173 179 4
32 53 4
88 13 3
190 112 4
179 5 1
147 169 1
27 55 3
37 117 2
191 106 3
13 125 2
25 133 4
116 33 1
111 95 3
160 142 3
197 0 3
130 177 4
178 184 4
198 60 2
106 116 3
78 76 2
166 102 1
75 92 3
178 13 1
165 40 4
188 150 4
13 99 1
23 178 2
50 57 2
163 29 4
30 154 3
123 68 4
44 24 3
91 63 2
13 40 3
117 151 4
60 144 3
143 92 1
182 118 2
91 176 2
38 86 2
19 140 1
5 165 4
96 129 2
101 166 1
193 98 3
179 153 3
127 165 3
36 121 3
135 41 1
37 7 3
49 60 4
188 154 3
167 160 3
62 21 2
6 46 2
40 10 1
127 47 3
165 13 4
166 13 4
60 20 4
118 133 1
122 3 3
86 176 3
192 167 2
133 13 1
70 167 2
124 175 3
137 124 1
166 181 4
0 89 1
2 111 4
45 18 1
13 21 2
82 136 1
8 138 3
115 30 4
182 138 2
84 114 4
59 94 2
91 71 1
30 57 3
45 89 4
134 70 3
34 199 3
4 84 3
75 165 3
105 30 3
114 52 3
20 96 3
35 60 1
124 16 2
199 37 2
93 198 4
34 110 2
33 56 1
188 78 3
9 174 3
192 78 4
180 26 2
94 41 1
175 78 3
5 32 2
39 42 1
188 195 1
104 101 2
28 69 2
85 32 1
162 18 3
9 129 2
56 94 4
81 157 4
181 170 4
73 189 1
54 145 2
91 128 3
74 193 1
51 188 3
111 49 2
83 24 1
50 7 3
148 177 1
34 142 1
191 74 4
80 34 2
150 122 1
10 52 2
66 100 1
13 167 4
161 164 1
133 36 2
171 32 1
182 176 2
146 105 2
152 137 2
116 75 4
41 72 1
0 143 1
172 179 4
149 119 3
159 121 3
96 168 1
41 71 4
106 122 4
37 36 1
55 22 2
136 139 4
99 85 3
73 63 3
181 177 4
149 158 1
70 93 1
20 165 1
135 179 4
167 136 3
160 59 4
18 15 1
96 26 2
13 179 2
29 72 2
151 50 1
24 75 4
170 4 1
103 114 2
4 37 2
197 52 3
55 196 2
191 189 2
174 158 3
102 199 4
180 187 3
114 193 3
7 68 4
121 133 2
39 186 1
90 172 2
88 149 4
120 153 2
62 30 3
80 197 4
176 61 3
41 62 3
21 166 1
136 141 3
113 81 1
33 133 2
14 114 1
118 15 4
73 7 1
118 137 2
159 193 2
168 133 2
15 192 1
140 111 2
45 138 2
104 40 4
5 141 3
106 178 4
122 191 1
65 15 2
55 114 2
82 144 1
105 26 3
81 145 1
52 189 4
72 142 1
24 169 4
140 36 1
146 100 2
34 101 2
151 179 4
49 74 4
26 55 4
56 195 3
98 104 4
45 15 3
36 27 1
15 167 2
158 81 3
69 146 2
9 46 3
79 102 4
142 154 3
89 41 3
52 84 1
100 191 4
23 163 4
144 155 1
121 21 4
167 38 4
128 131 3
88 55 2
162 106 3
67 78 4
52 69 4
152 126 2
142 97 4
20 126 4
53 106 2
167 48 3
39 65 3
23 34 1
174 113 4
77 52 1
9 44 2
17 139 2
92 98 3
22 87 2
157 94 3
190 11 4
49 42 1
94 87 2
169 191 2
166 192 2
79 175 1
82 54 4
167 84 1
53 13 2
52 79 2
53 124 3
136 86 1
186 74 2
5 116 4
129 3 4
104 46 3
86 30 1
79 9 4
112 47 2
23 196 3
113 97 4
119 186 3
141 168 4
38 108 2
173 11 3
111 38 3
128 20 1
111 0 2
140 117 1
179 28 4
95 36 4
190 105 2
126 176 2
60 148 4
26 190 3
139 93 4
78 173 3
89 141 1
164 157 4
56 4 1
73 80 1
100 175 4
33 53 4
188 40 3
80 93 4
15 174 4
192 99 3
139 49 1
6 128 4
116 132 4
173 36 1
74 40 2
137 54 2
114 131 1
100 131 4
117 59 4
56 175 1
83 134 2
199 7 2
65 106 4
35 68 2
147 0 3
189 97 4
150 94 3
164 11 2
60 24 1
24 52 3
118 86 2
99 144 3
72 109 4
114 53 3
83 179 1
96 185 4
4 194 4
177 186 2
96 22 1
199 134 2
199 148 1
64 162 1
156 175 1
173 44 1
176 160 4
79 148 4
113 37 1
145 157 3
43 14 4
43 181 4
198 55 1
133 97 1
77 160 1
20 30 2
157 53 3
194 135 3
105 161 2
53 18 1
165 135 1
37 93 4
3 191 3
124 165 2
79 20 2
41 1 1
34 95 1
168 101 2
68 39 3
119 13 4
34 64 2
31 184 4
198 92 3
120 125 3
144 103 3
8 171 2
47 87 3
54 17 1
151 57 2
136 104 4
0 63 4
142 54 1
97 9 1
170 101 1
144 39 3
168 6 1
97 186 1
108 42 1
22 109 2
129 100 4
31 95 2
125 105 3
165 57 4
42 51 3
118 31 1
15 153 3
5 7 4
72 136 4
189 26 2
147 67 3
160 16 2
121 52 1
1 162 2
78 50 2
165 83 2
15 5 1
197 47 4
167 36 4
179 131 3
157 18 3
86 147 3
100 120 2
99 54 2
36 51 4
173 184 2
81 160 2
168 37 4
42 96 3
168 9 2
57 76 2
22 50 1
11 36 2
59 193 4
195 105 1
86 143 4
198 105 1
132 37 2
187 14 1
99 150 3
111 108 1
40 128 3
194 81 4
93 147 4
68 22 4
88 57 2
160 28 2
182 70 3
150 146 2
85 112 4
104 194 1
85 144 1
72 162 3
94 174 1
187 42 4
113 187 2
96 117 4
63 39 1
92 100 3
126 50 4
130 123 3
7 52 1
33 141 1
29 73 4
122 58 1
147 143 2
185 26 3
51 85 1
12 184 4
50 191 4
152 130 1
86 163 4
66 133 2
26 100 1
176 77 3
187 115 4
133 3 2
89 98 2
28 38 3
29 116 2
70 198 1
174 106 4
49 29 3
135 133 4
125 42 1
78 147 1
190 194 2
80 68 2
1 55 2
160 154 3
185 52 2
30 163 4
180 168 4
106 105 4
48 56 2
128 151 1
123 178 2
164 35 2
168 49 2
153 24 3
65 27 4
129 107 4
122 23 4
62 88 3
106 135 2
85 195 4
78 125 4
182 108 2
101 10 2
96 104 1
14 17 1
61 166 1
192 72 4
10 114 2
150 82 2
70 126 3
15 162 1
182 33 2
196 73 3
74 189 4
140 16 3
183 66 3
140 128 3
12 22 4
5 36 4
0 97 3
153 0 1
127 12 1
8 185 4
195 169 4
15 55 3
9 199 4
65 102 3
32 165 2
84 90 2
151 2 4
117 64 2
67 89 1
197 132 4
125 36 1
192 16 3
184 167 2
187 159 1
92 167 2
76 38 3
98 35 3
167 173 1
52 117 4
60 131 3
101 61 2
120 164 4
144 53 4
40 31 3
5 96 2
90 151 3
120 12 2
157 49 2
179 193 3
183 103 3
154 49 4
90 51 2
148 95 3
169 77 2
80 37 4
82 61 1
4 36 3
46 140 4
65 57 2
32 42 3
119 5 2
124 59 1
142 148 3
157 121 3
140 176 3
111 33 4
77 72 4
64 121 1
2 41 2
174 55 3
117 14 3
163 199 1
157 20 3
88 75 3
184 22 4
106 81 1
32 67 1
161 139 2
173 47 4
21 10 1
194 191 4
41 7 1
71 104 1
104 84 4
191 66 4
36 186 2
185 175 1
149 133 2
104 17 3
84 54 3
59 105 2
198 148 4
87 165 2
18 2 2
144 131 1
66 119 3
94 107 1
83 59 2
192 169 1
38 15 1
54 37 4
142 80 1
124 102 2
60 192 3
31 186 1
131 32 2
53 24 2
104 22 3
28 49 2
15 1 1
83 47 2
137 15 3
198 184 3
9 15 3
45 82 2
68 47 4
66 70 4
194 198 1
49 47 3
21 128 1
112 27 1
3 11 1
163 1 3
63 129 2
98 28 4
21 60 1
16 184 3
100 181 3
115 195 3
49 118 3
169 7 4
12 178 3
14 6 3
94 114 4
158 74 4
23 98 3
7 8 2
125 68 2
184 117 4
132 134 1
98 36 2
28 72 1
52 167 4
193 47 3
113 79 3
166 73 1
91 34 2
126 187 1
94 191 3
153 1 3
191 132 1
10 81 3
148 186 3
7 35 1
138 15 2
155 185 1
92 50 2
140 43 4
58 124 1
123 160 1
193 8 4
183 142 2
3 139 3
68 6 3
156 53 1
126 75 2
78 132 3
117 144 3
176 172 4
197 191 4
8 120 4
108 6 1
160 62 4
191 150 1
185 73 1
90 178 2
79 72 2
42 165 1
151 0 3
111 12 4
85 151 4
39 117 3
121 84 2
3 12 2
34 159 3
100 29 2
11 166 3
41 76 2
102 153 1
159 98 2
26 95 2
115 100 2
192 191 3
117 134 3
114 96 3
147 27 1
147 49 2
109 59 2
50 26 2
74 77 3
189 196 3
47 26 4
176 32 3
53 65 2
58 156 1
28 163 4
5 140 3
127 179 3
80 121 4
186 56 3
142 46 3
137 187 2
146 173 4
164 17 1
52 135 3
198 153 1
45 83 1
87 151 1
92 56 3
81 111 2
21 93 2
76 121 2
169 107 4
53 175 1
97 89 3
190 14 2
187 130 4
182 146 3
0 117 1
140 68 3
37 68 2
81 119 2
68 130 2
20 3 1
1 144 3
24 64 2
160 96 4
188 29 3
45 105 4
128 62 4
0 46 2
125 180 4
143 54 1
25 94 2
72 8 4
6 149 4
63 15 2
66 159 2
184 193 3
169 56 3
24 0 3
184 81 1
147 181 1
150 1 2
102 97 1
158 173 4
181 46 1
30 88 3
128 49 4
143 190 2
65 131 1
169 2 1
137 121 4
43 172 1
199 162 3
9 69 3
184 42 3
58 145 3
49 27 3
79 137 1
5 134 3
126 159 3
22 175 4
86 155 2
197 135 2
137 18 1
81 162 4
87 103 1
83 57 1
55 99 1
14 62 4
152 0 2
160 155 2
119 194 3
86 101 2
0 61 3
124 115 3
162 157 4
148 155 3
132 148 2
63 12 3
72 149 2
122 10 1
10 199 3
66 137 2
79 155 4
93 127 4
87 4 2
108 189 1
38 53 2
40 164 4
100 75 1
84 174 1
3 19 2
153 91 2
197 69 2
24 6 2
60 110 1
105 83 3
191 149 1
149 140 3
107 93 2
129 155 4
178 95 3
148 45 4
2 136 1
39 174 3
18 144 3
101 62 4
185 197 4
154 169 2
84 149 1
196 93 3
19 111 2
95 196 1
174 81 2
7 2 4
139 110 1
31 171 1
132 194 2
126 3 4
81 26 4
151 91 3
195 138 2
58 187 4
23 57 2
92 87 3
152 87 3
69 81 2
105 104 2
154 69 3
14 120 4
176 122 2
74 53 3
190 22 1
177 155 4
51 19 2
163 64 1
191 42 1
140 177 2
31 163 3
132 142 1
96 144 1
104 161 3
45 97 2
86 160 2
189 184 4
84 41 3
33 44 4
10 20 2
168 47 1
45 98 4
34 162 2
151 145 1
34 190 1
177 42 4
42 121 3
41 91 2
17 77 3
101 91 1
190 10 1
138 129 4
127 11 3
1 148 4
32 145 4
33 127 1
185 159 3
142 25 2
16 35 3
92 175 1
137 71 1
110 197 2
172 188 3
77 90 4
98 95 1
107 139 4
155 131 3
170 155 3
46 41 2
134 20 3
172 112 3
158 164 2
29 171 3
127 111 2
172 2 1
44 15 4
45 63 2
86 56 1
155 124 2
148 33 2
84 86 3
64 149 3
152 166 2
136 40 4
29 77 3
121 152 1
126 110 4
136 95 1
45 59 4
172 24 1
66 111 4
124 113 3
110 68 3
84 64 1
194 51 3
32 84 2
99 14 1
135 185 2
192 157 3
116 169 3
154 106 3
163 168 4
28 161 4
118 90 2
25 191 3
52 37 1
4 38 3
159 58 1
110 121 2
55 97 2
161 7 4
64 125 3
61 118 3
153 34 2
40 77 1
186 123 3
58 92 2
67 45 4
122 72 4
16 39 4
46 164 4
148 13 3
150 156 1
176 139 3
147 110 3
91 173 4
41 59 2
115 110 2
97 94 4
196 103 2
60 106 1
80 17 3
175 153 4
145 194 4
82 117 4
53 140 4
34 32 4
34 165 3
77 153 2
140 138 2
53 71 1
30 49 4
86 183 2
65 43 1
36 198 4
55 23 3
135 160 3
94 10 3
100 43 3
169 138 3
183 2 2
165 106 4
19 156 4
107 62 2
49 78 1
122 134 2
77 11 1
66 164 1
113 19 2
154 134 3
94 106 3
45 134 3
23 92 1
137 62 3
73 128 3
19 5 1
50 68 4
51 186 3
189 9 2
125 110 4
145 41 1
76 56 4
157 141 2
135 156 4
134 148 2
174 80 2
157 5 2
43 173 4
46 11 2
58 139 3
165 155 1
110 183 3
197 102 1
143 18 1
133 140 4
105 80 1
178 115 3
27 17 1
147 88 1
28 114 4
54 97 2
174 128 3
136 133 2
173 7 4
123 82 1
33 92 4
70 21 1
189 168 4
35 125 2
41 78 2
15 132 2
67 112 1
171 34 1
104 10 4
9 181 3
189 119 3
24 42 3
135 121 3
106 55 4
199 104 4
84 74 1
192 174 1
156 176 3
16 183 4
34 187 4
189 114 2
124 159 2
132 8 4
175 91 1
125 28 3
152 58 2
48 24 4
102 193 3
2 107 4
45 189 2
84 14 4
170 163 1
77 95 2
104 95 3
36 126 2
171 1 4
41 101 3
174 164 3
188 82 1
158 89 3
57 109 2
54 107 1
90 167 3
172 128 1
73 58 3
182 136 2
152 34 2
51 146 1
63 145 2
55 42 1
34 33 1
76 59 1
88 54 2
33 30 2
187 160 1
195 150 2
86 127 2
130 1 3
177 27 2
128 185 3
190 121 3
155 96 4
108 55 3
84 193 2
132 192 1
71 46 1
24 102 3
89 132 1
77 159 3
53 4 4
185 117 3
75 41 2
171 97 2
112 122 1
48 162 3
124 82 3
28 5 2
63 76 3
142 22 1
193 67 3
104 3 3
150 71 4
185 70 2
73 146 4
68 156 4
19 23 2
170 97 4
135 13 2
22 177 2
93 185 3
186 154 2
197 72 3
118 147 1
70 194 1
161 148 2
167 80 2
27 39 3
151 156 3
136 66 2
96 12 1
105 24 3
13 26 4
30 17 2
122 8 1
100 147 4
164 63 3
156 90 3
131 88 3
83 163 3
192 190 3
88 193 2
160 108 3
195 43 3
32 175 2
99 154 2
171 191 1
84 99 4
91 81 3
119 3 1
51 124 4
45 50 3
162 192 1
156 137 4
193 178 4
141 139 3
43 110 2
83 64 3
90 37 2
153 193 2
160 52 1
20 39 4
27 116 4
127 73 2
21 32 1
0 71 3
18 191 4
17 92 4
105 3 2
12 16 1
11 48 2
164 91 1
94 183 1
53 46 2
100 126 1
44 121 3
58 88 2
34 38 3
108 26 1
176 33 4
8 162 1
139 45 1
100 33 4
25 12 2
24 162 4
87 121 2
190 86 4
61 109 3
29 21 3
89 169 1
7 47 4
48 72 1
155 192 4
162 183 4
126 58 4
182 131 3
191 62 1
163 127 3
6 28 3
20 65 3
145 148 3
183 190 1
96 107 1
40 163 3
132 43 3
169 65 4
106 194 4
59 38 3
199 77 4
62 175 4
82 146 4
195 107 4
64 20 2
71 25 3
83 29 1
149 81 4
114 17 1
34 60 4
11 172 1
170 75 1
69 161 4
154 84 4
13 171 2
75 95 3
137 25 3
136 193 2
148 6 4
46 111 3
188 71 1
123 81 2
168 178 2
87 199 2
19 170 4
81 164 4
139 20 3
36 124 1
19 82 2
106 51 1
192 121 1
73 38 1
157 23 1
93 96 1
183 177 2
13 23 4
95 57 2
68 177 4
82 64 1
149 161 1
190 91 3
97 19 4
99 196 1
46 112 4
82 194 2
188 102 4
195 130 3
23 127 4
124 75 4
126 123 2
92 177 1
140 49 4
192 91 3
193 77 4
52 159 2
137 99 3
197 94 1
42 166 4
158 198 1
5 43 1
47 2 1
151 97 2
15 185 2
61 94 3
131 81 4
73 94 3
23 140 1
174 72 2
43 180 4
186 38 3
31 147 2
82 134 4
110 188 1
82 154 2
98 138 1
79 120 1
167 180 1
156 104 2
47 121 3
139 160 2
34 116 1
110 93 4
2 80 3
66 189 3
88 134 1
199 109 1
131 22 3
67 12 3
74 32 4
171 28 1
154 151 1
10 92 2
77 91 4
89 127 4
54 27 3
174 157 1
193 118 4
66 170 1
166 49 1
44 39 3
22 114 2
51 61 2
129 173 4
38 131 2
157 64 2
80 157 2
142 88 4
191 70 1
64 92 2
20 115 4
10 197 2
142 164 1
64 130 4
43 191 1
29 167 2
183 27 3
136 175 1
189 7 4
136 76 4
181 49 1
186 150 4
4 179 4
56 72 4
0 154 2
77 87 2
130 61 3
101 12 1
191 56 4
172 108 4
0 182 3
89 134 3
49 161 2
143 88 3
79 77 4
140 55 2
48 75 2
126 125 2
18 100 2
48 132 4
39 60 4
78 131 1
94 23 4
130 4 1
167 175 1
184 122 3
198 82 2
154 189 4
166 10 3
190 198 2
6 115 2
118 43 1
32 193 1
177 171 4
52 45 1
122 98 4
54 11 4
186 6 1
141 37 4
5 8 4
66 1 1
12 147 2
96 59 1
77 131 1
114 107 2
51 154 3
70 49 2
47 130 2
193 155 4
72 199 1
59 108 4
117 71 4
14 16 3
145 134 4
84 68 2
26 52 2
6 132 1
34 147 1
131 181 3
104 15 4
70 12 1
103 198 1
186 103 2
42 11 1
141 36 4
165 47 3
9 115 2
48 147 2
191 102 2
117 138 2
161 155 1
61 124 4
182 106 2
153 139 4
27 73 4
16 135 2
199 152 2
129 164 2
0 167 2
107 178 3
55 72 3
83 40 4
31 89 1
8 105 4
184 188 4
14 67 3
125 96 3
187 22 3
98 72 1
69 180 1
145 97 1
174 193 2
161 34 2
140 148 2
176 103 2
145 119 3
168 22 3
102 30 3
173 115 3
72 85 1
73 1 4
105 79 2
146 48 2
73 119 3
196 126 2
86 97 1
141 46 2
66 140 2
80 171 2
45 66 1
149 18 2
162 62 3
51 102 1
196 15 2
123 96 2
151 171 1
19 99 2
177 128 1
162 71 4
34 131 2
26 145 1
34 7 3
33 145 2
147 133 2
163 160 4
92 22 1
115 135 2
74 31 4
88 86 2
118 117 2
81 133 1
70 172 1
127 9 4
160 82 4
25 86 1
137 151 2
95 158 4
12 110 3
125 61 4
112 48 3
17 63 3
34 194 3
4 136 4
176 165 4
13 114 4
177 102 1
181 57 3
71 27 1
192 170 3
103 40 4
120 149 4
183 33 2
191 2 4
36 142 4
42 1 2
142 11 4
65 166 4
4 48 3
62 17 2
78 155 1
44 191 1
108 193 3
85 20 4
39 98 4
196 165 2
169 91 4
136 61 1
27 7 2
112 119 1
34 75 4
182 81 3
174 114 4
11 17 2
198 139 1
96 78 4
7 55 2
177 137 3
133 2 4
148 194 4
125 24 2
185 129 3
125 182 2
183 55 2
51 120 3
193 3 1
8 24 1
94 86 1
165 139 3
144 153 4
27 48 2
151 121 2
10 60 3
134 53 1
60 197 2
60 150 2
157 32 4
87 33 4
174 48 1
83 197 3
141 80 3
115 188 1
82 163 2
195 53 4
64 14 2
7 103 2
58 182 1
136 77 3
9 128 4
135 158 4
133 60 2
105 166 3
31 53 2
107 12 3
38 71 3
38 119 2
91 27 4
122 143 4
39 35 2
186 166 1
196 183 1
140 163 2
181 24 3
125 131 1
174 93 2
33 114 3
116 77 3
63 197 3
27 38 1
1 126 1
168 175 1
30 152 4
25 116 2
180 148 4
168 56 2
91 141 1
3 90 4
12 56 2
103 177 1
179 159 4
101 140 2
98 174 4
92 108 2
60 29 2
28 27 1
86 46 1
112 166 4
191 166 1
124 41 1
137 80 4
69 39 4
90 188 2
99 70 1
199 33 1
65 99 4
60 189 2
148 110 3
109 145 2
16 99 3
19 143 3
134 118 2
70 48 4
152 64 3
142 45 2
5 189 2
112 57 3
178 46 4
153 112 2
26 61 4
33 135 3
153 2 1
86 15 4
65 101 2
173 168 2
185 23 1
21 14 3
38 89 3
13 186 1
118 67 1
188 157 1
76 90 4
102 52 1
101 122 2
135 70 2
157 170 2
119 100 3
174 38 4
154 146 1
21 44 3
8 62 4
133 58 3
167 189 2
172 130 2
74 62 2
118 106 4
118 69 1
70 190 4
126 193 3
78 7 3
137 67 2
46 122 1
191 130 4
66 112 2
47 101 3
162 55 4
43 2 1
174 88 1
113 35 3
79 168 4
143 110 4
58 37 1
196 111 2
71 107 2
74 174 2
43 61 4
3 45 4
195 197 3
57 10 3
34 40 3
187 125 1
11 95 1
153 56 2
49 146 1
154 9 1
76 96 4
149 17 2
177 12 1
173 162 1
51 115 2
180 121 3
8 187 3
112 170 3
164 108 3
11 150 2
115 146 2
110 3 3
64 56 3
21 179 1
171 30 4
175 97 1
117 122 1
62 111 3
103 37 3
165 198 1
78 25 2
88 113 2
172 189 4
83 139 1
107 184 1
71 119 1
56 133 2
145 106 3
161 70 2
115 57 4
59 189 2
16 127 3
122 96 1
164 8 3
101 45 3
20 171 1
56 167 1
11 157 4
32 71 4
151 118 2
154 113 3
138 122 4
32 26 4
45 6 4
111 176 3
171 179 2
43 6 1
177 25 2
98 43 1
105 89 1
185 48 4
5 114 1
85 127 4
7 65 1
52 82 3
72 40 2
129 73 3
72 103 3
57 166 3
185 9 4
47 151 1
184 129 3
164 147 1
96 112 3
24 27 3
134 57 1
19 92 3
30 149 4
7 181 1
14 161 2
4 76 4
172 106 4
153 98 2
80 109 2
94 145 3
150 87 4
101 96 2
77 24 4
51 32 2
34 77 1
132 50 2
98 119 2
146 20 1
36 72 2
11 185 4
175 72 3
51 198 2
144 47 4
185 108 1
150 9 3
167 197 2
143 170 2
59 197 2
193 81 1
0 180 1
174 66 2
163 44 3
88 129 1
167 170 2
8 121 4
48 179 4
15 155 1
192 95 4
2 173 1
18 9 2
85 35 1
148 56 3
23 197 3
16 137 1
78 6 4
2 155 4
164 68 2
155 132 1
9 38 1
39 88 2
81 78 3
62 31 1
129 149 3
159 97 1
161 80 4
71 103 2
136 192 3
64 142 4
145 174 3
77 125 1
183 164 2
139 54 4
165 31 4
107 47 1
15 17 3
171 78 3
31 161 2
71 95 4
176 15 1
123 97 4
133 117 2
152 100 1
176 113 4
193 41 3
104 180 3
96 46 2
85 81 2
126 124 1
184 82 3
57 127 3
139 12 1
120 13 1
110 73 3
114 54 3
133 59 1
13 5 1
28 74 1
1 179 3
161 100 2
181 69 2
159 40 2
71 102 3
25 194 4
115 85 4
73 70 4
192 126 1
150 17 1
58 40 1
199 71 4
198 197 1
121 82 1
182 191 2
184 24 4
2 94 2
190 156 4
190 58 3
149 24 4
64 27 3
185 137 1
52 158 2
23 16 1
61 190 2
135 187 3
125 143 3
196 175 3
83 138 1
175 74 3
175 113 4
1 116 1
17 195 2
176 145 4
44 57 2
19 147 1
67 6 4
96 7 3
39 80 3
14 178 1
26 88 2
138 148 3
97 28 3
165 79 1
44 166 1
80 38 4
58 32 1
91 198 3
148 19 3
101 22 2
39 197 2
199 41 1
136 103 2
116 122 1
186 122 3
31 140 4
198 188 4
40 25 3
124 110 3
49 169 4
152 45 1
127 180 1
74 69 3
40 85 2
51 40 2
51 110 3
97 27 2
69 148 4
41 153 3
198 199 1
54 9 1
116 35 3
127 66 4
78 61 3
181 92 2
199 180 2
188 173 3
5 37 1
19 171 4
55 6 2
28 145 4
164 50 4
196 195 1
129 160 4
177 119 3
83 28 1
115 159 1
165 84 4
124 96 2
39 75 3
83 144 2
55 128 1
157 128 2
11 25 1
40 133 1
158 73 4
100 72 3
73 169 1
140 164 3
6 102 1
118 173 2
106 75 1
12 143 3
144 87 3
140 95 1
189 37 2
78 45 1
19 136 4
46 94 4
198 171 1
175 93 1
73 131 3
184 195 3
38 14 2
112 129 4
143 68 4
143 83 1
63 35 4
68 155 3
144 100 4
131 2 2
119 99 3
76 53 2
81 73 4
47 105 4
132 102 3
190 31 1
63 195 3
119 124 4
104 6 3
17 19 2
3 101 1
71 81 2
45 176 1
185 35 1
62 130 1
108 35 4
91 47 4
28 23 3
89 16 2
175 182 4
109 159 1
55 154 1
66 21 4
147 178 3
99 173 1
188 143 3
159 182 1
95 171 4
84 11 4
42 34 4
174 179 1
38 139 4
143 179 1
89 26 2
146 170 4
30 118 1
56 140 4
58 5 2
153 177 1
11 78 2
178 11 2
11 168 1
168 194 4
16 32 1
61 81 2
103 165 1
34 52 4
99 63 4
82 162 3
11 74 1
174 129 3
51 173 4
120 157 4
107 52 4
50 91 3
50 172 3
154 38 4
52 179 1
71 83 1
29 79 2
131 19 3
25 121 2
45 95 1
181 119 2
104 4 3
172 94 1
162 0 4
195 142 4
178 15 3
98 59 4
83 63 3
182 184 2
196 5 4
86 16 1
104 122 3
129 27 1
37 57 4
116 70 2
121 125 1
110 83 1
36 60 2
21 53 1
102 42 3
110 120 2
55 195 3
81 175 2
175 98 1
194 37 1
54 2 4
7 38 4
168 153 4
198 101 4
180 71 2
78 158 2
54 152 3
179 107 2
15 85 4
167 27 2
152 43 1
160 150 4
136 126 1
172 160 2
56 116 4
84 195 4
11 199 2
153 74 3
188 125 2
16 102 4
9 103 1
17 182 3
43 143 1
56 197 4
158 142 3
152 190 2
188 42 1
10 46 1
46 14 2
102 81 4
101 145 1
62 10 3
144 116 2
60 63 1
184 39 2
48 184 2
198 104 1
198 178 3
176 114 4
154 43 4
46 162 1
36 195 3
109 84 4
29 105 2
137 158 1
170 63 4
12 109 4
178 3 4
181 96 3
24 108 1
89 147 2
191 23 3
0 37 1
188 152 2
134 108 1
198 7 3
16 170 2
1 140 2
157 135 4
98 130 4
138 57 3
157 31 2
74 129 1
39 178 3
24 92 3
71 5 2
162 56 3
108 44 2
46 133 2
134 22 3
91 61 2
2 123 4
15 146 3
52 198 2
54 149 1
172 33 2
1 85 4
116 39 3
30 48 2
149 29 4
23 161 3
53 166 4
35 190 4
79 129 2
38 2 2
158 43 2
129 178 2
2 92 4
40 111 4
190 131 1
135 86 2
115 76 1
85 110 1
1 57 2
180 52 4
138 100 4
137 157 1
153 81 2
180 77 4
138 199 4
35 158 3
47 142 1
96 186 4
195 119 3
72 63 2
23 112 2
198 0 4
161 92 1
117 29 2
115 123 1
63 87 3
73 154 2
162 31 4
106 9 3
19 135 3
61 9 3
160 34 3
108 144 4
80 159 3
196 32 3
149 62 1
173 98 4
113 161 3
34 124 1
147 10 3
96 50 1
124 8 2
74 149 4
193 139 1
37 111 4
58 26 1
118 13 3
117 12 3
138 23 4
183 143 2
161 190 3
172 136 1
2 185 2
36 175 4
31 173 2
115 82 3
100 108 4
20 164 3
156 98 2
132 177 3
169 171 4
173 172 3
72 51 4
182 8 1
171 0 3
133 163 3
99 96 3
75 121 3
1 52 1
199 42 2
192 97 1
