9950 200
0 145 9
1 144 4
2 108 1
3 40 1
4 124 5
5 182 1
6 153 8
7 162 9
8 92 6
9 85 4
10 174 6
11 185 2
12 136 6
13 179 8
14 141 2
15 134 8
16 185 8
17 37 1
18 182 7
19 137 8
20 62 9
21 137 4
22 70 2
23 37 5
24 106 1
25 38 9
26 110 2
27 146 6
28 134 9
29 113 9
30 58 6
31 105 4
32 82 9
33 57 5
34 69 2
35 97 2
36 3 8
37 142 2
38 78 7
39 164 4
40 32 7
41 34 3
42 28 8
43 197 6
44 64 1
45 133 7
46 53 9
47 131 6
48 189 2
49 164 4
50 79 6
51 56 7
52 85 4
53 43 2
54 186 7
55 143 2
56 129 5
57 66 7
58 103 3
59 135 1
60 129 9
61 142 3
62 183 9
63 113 7
64 143 1
65 19 3
66 17 6
67 142 5
68 149 2
69 107 6
70 32 7
71 136 4
72 118 9
73 179 1
74 21 5
75 6 1
76 137 4
77 76 5
78 83 1
79 33 3
80 29 5
81 80 9
82 198 6
83 97 1
84 1 5
85 110 1
86 55 7
87 8 1
88 65 9
89 11 8
90 84 6
91 151 5
92 129 3
93 140 6
94 170 6
95 35 4
96 28 9
97 63 6
98 76 6
99 178 7
100 195 9
101 73 2
102 150 8
103 193 7
104 20 4
105 147 1
106 174 7
107 156 5
108 95 2
109 164 5
110 35 2
111 173 6
112 157 8
113 132 9
114 70 8
115 132 5
116 24 9
117 135 7
118 0 4
119 136 8
120 111 8
121 69 3
122 29 6
123 68 3
124 69 3
125 85 5
126 57 2
127 98 1
128 127 1
129 189 1
130 122 6
131 186 3
132 109 2
133 189 8
134 194 7
135 176 7
136 3 9
137 87 8
138 99 7
139 142 3
140 73 6
141 187 5
142 15 5
143 126 6
144 6 8
145 156 4
146 5 8
147 105 7
148 136 5
149 21 2
150 41 7
151 158 7
152 39 4
153 47 6
154 41 9
155 177 2
156 186 8
157 184 5
158 31 4
159 77 1
160 51 6
161 159 8
162 137 5
163 193 5
164 115 5
165 60 2
166 59 9
167 109 6
168 72 4
169 178 6
170 72 2
171 161 6
172 45 7
173 82 8
174 11 8
175 81 3
176 187 5
177 85 4
178 187 8
179 92 2
180 115 6
181 157 8
182 16 3
183 28 7
184 39 5
185 165 4
186 71 5
187 100 3
188 5 6
189 116 7
190 183 7
191 76 6
192 67 5
193 129 3
194 85 2
195 132 5
196 43 8
197 93 6
198 5 4
199 96 2
36 131 3
66 31 1
5 72 4
133 60 2
8 84 2
197 92 3
120 84 2
35 21 1
23 19 3
46 81 2
119 86 1
108 4 4
65 62 2
0 82 4
135 123 1
42 99 1
191 92 3
65 150 1
181 22 2
176 196 4
3 54 1
25 4 4
67 0 2
85 112 2
148 74 1
65 30 1
182 148 1
83 191 4
191 141 4
179 54 3
168 130 1
38 90 4
167 181 4
111 30 1
23 83 3
125 148 2
127 16 4
140 174 4
30 115 2
25 127 1
156 164 2
183 54 1
140 139 2
29 141 3
186 26 3
170 180 1
45 108 1
120 69 1
30 22 1
57 181 1
43 76 3
196 130 3
84 172 2
32 68 2
67 39 1
19 82 2
71 92 3
13 162 4
90 175 3
26 20 3
113 77 2
117 132 4
107 95 4
70 41 3
129 102 1
167 44 2
194 33 2
158 136 3
59 128 3
114 89 1
66 192 4
39 110 1
110 46 3
21 161 4
9 57 4
175 56 4
116 162 4
45 22 3
89 167 4
175 74 2
188 4 1
74 47 2
41 3 2
146 192 3
57 166 4
86 17 4
152 126 2
138 25 2
49 104 3
34 133 2
136 50 2
21 66 4
186 150 1
6 125 3
71 80 1
50 38 1
125 172 3
63 13 1
42 157 1
6 160 3
135 65 3
2 26 4
139 30 1
141 11 4
47 7 4
80 154 3
75 133 4
132 175 2
67 138 1
138 0 2
144 140 3
160 80 4
172 194 3
27 114 2
141 167 2
92 95 3
148 10 1
167 122 1
40 75 1
138 17 3
47 18 2
22 160 2
36 11 2
156 172 4
101 17 1
26 145 4
100 103 3
179 137 2
175 183 4
117 171 1
185 173 2
90 89 3
29 73 4
132 91 2
29 16 2
164 137 2
25 0 3
89 23 3
184 13 4
127 117 3
58 154 4
47 33 1
98 9 2
156 69 3
117 122 1
189 139 1
27 66 4
135 128 4
94 82 2
11 93 2
120 177 3
36 32 4
164 102 4
63 41 3
45 135 4
149 168 3
93 26 2
143 166 2
41 20 3
96 58 1
115 150 1
47 68 1
73 22 2
176 73 4
10 177 2
161 16 4
124 49 3
170 53 2
54 28 2
188 105 2
167 197 4
95 162 4
74 55 2
15 97 2
78 34 2
93 109 2
139 61 1
88 107 2
65 11 3
25 83 4
194 101 1
123 64 4
81 132 4
35 88 1
5 96 4
154 185 1
176 78 1
40 12 4
107 175 2
66 156 2
122 72 1
39 74 2
183 31 4
30 198 1
153 2 4
20 141 1
136 95 2
70 146 2
146 66 3
106 116 3
195 79 2
49 169 2
4 54 4
165 106 3
150 12 4
22 106 4
28 185 3
86 88 4
167 112 1
13 185 4
4 84 3
146 83 2
183 27 4
15 49 1
91 179 4
145 24 3
109 31 1
0 47 1
161 102 2
96 118 1
162 73 1
73 181 2
118 123 3
199 156 2
142 12 4
89 79 2
47 115 2
34 110 2
171 64 1
171 195 4
81 149 1
120 189 4
7 3 2
64 75 1
126 188 3
169 137 1
120 27 3
108 58 1
22 27 3
54 155 4
147 118 3
4 120 1
117 189 3
187 183 3
57 46 1
121 94 4
4 59 3
197 153 4
43 26 1
196 17 4
104 127 1
10 133 1
10 81 1
50 149 3
181 94 2
29 99 4
89 145 4
137 44 1
72 6 4
49 39 2
127 173 3
143 82 4
59 57 2
147 86 3
15 186 4
9 168 2
125 143 4
133 110 2
46 35 3
144 116 3
96 24 1
13 22 1
108 82 3
186 85 1
65 39 2
114 63 4
125 128 4
42 186 2
166 49 3
43 101 2
19 150 1
150 108 4
72 34 1
89 139 1
149 31 2
196 8 1
110 32 3
8 161 4
29 154 2
170 78 2
152 113 1
182 86 1
142 198 1
150 146 2
64 4 1
111 12 2
21 164 3
184 119 2
8 140 3
146 21 1
131 145 2
183 198 4
144 162 4
32 198 4
117 53 3
177 114 1
69 111 1
153 59 1
108 81 2
59 147 4
23 25 4
187 175 3
48 38 2
134 18 4
109 67 1
39 68 1
158 1 2
0 58 3
117 119 4
13 62 4
121 164 3
166 176 4
129 6 4
115 178 3
128 64 4
126 38 2
105 34 3
88 150 4
150 190 3
174 3 2
196 175 4
145 187 2
87 84 3
71 123 2
160 57 2
165 152 4
162 186 1
40 158 1
101 11 1
174 153 4
90 5 1
4 40 1
185 191 3
41 59 4
1 53 1
181 188 4
110 78 2
26 8 4
132 92 1
165 91 1
168 162 4
37 131 4
168 161 1
53 25 1
177 30 2
193 198 3
88 133 2
20 135 1
5 176 2
59 83 1
46 60 3
55 147 1
185 96 3
73 149 3
51 148 3
107 31 1
175 67 3
185 72 4
189 73 2
64 140 1
170 57 3
79 22 3
54 46 4
97 178 1
104 1 1
22 127 1
96 138 1
19 54 1
42 155 4
51 58 2
147 186 4
132 21 4
153 102 4
45 159 1
185 84 2
13 77 4
11 184 1
185 194 2
17 135 2
43 167 1
10 76 4
168 19 2
171 33 3
156 112 1
12 188 3
112 23 4
96 11 3
7 135 1
17 81 2
77 24 2
99 193 4
193 79 3
51 47 4
87 44 1
194 98 4
50 2 4
149 150 1
13 183 3
151 43 2
42 108 3
77 32 4
121 78 1
73 186 3
66 124 4
154 188 2
170 107 1
181 132 3
2 64 1
178 156 4
165 141 1
188 30 2
102 63 3
166 97 4
40 79 2
49 85 2
101 109 4
132 196 1
138 194 2
161 165 4
77 196 1
181 103 1
128 162 3
49 30 4
116 117 3
128 150 1
106 192 4
110 68 4
44 107 1
6 28 1
87 107 4
199 169 4
94 84 4
94 27 4
74 161 3
65 104 1
189 134 1
165 83 1
172 179 1
45 38 3
51 19 1
47 82 2
131 184 2
112 67 4
6 21 2
0 142 4
111 190 4
115 159 2
119 81 2
186 174 4
71 0 2
9 171 2
183 46 3
22 176 2
115 18 2
28 60 3
114 97 4
92 82 3
29 66 3
101 72 1
85 119 1
176 88 2
107 127 1
116 6 3
29 143 2
53 69 3
112 91 1
74 7 4
147 107 3
195 164 1
180 80 2
110 54 1
134 111 3
65 156 2
166 75 1
161 90 3
12 138 2
17 182 4
31 24 2
146 188 4
143 101 3
43 65 2
172 128 1
112 80 3
114 166 1
2 187 2
68 21 2
107 102 4
197 128 3
13 93 4
165 159 2
170 111 2
141 102 4
111 126 2
29 196 4
90 36 4
86 178 1
114 53 1
96 109 2
8 136 1
33 174 3
180 88 4
13 65 3
162 111 2
118 39 4
153 81 3
152 15 3
115 71 3
82 29 3
93 161 1
95 135 2
93 36 3
53 38 1
6 120 1
100 160 4
130 109 4
114 2 2
170 137 3
139 79 1
84 46 4
141 58 1
29 115 2
138 45 3
66 42 4
35 41 1
116 47 4
110 96 4
191 30 3
82 164 1
165 28 2
159 43 3
102 40 3
151 126 2
105 13 3
27 97 4
94 61 1
151 32 3
121 158 2
24 122 2
171 27 3
109 20 3
148 157 2
2 82 1
128 171 1
137 189 4
123 54 3
131 13 3
56 34 1
131 132 3
48 80 1
187 163 2
163 24 2
168 60 4
130 8 2
83 94 1
141 100 3
81 166 1
125 194 4
44 96 2
32 161 3
97 34 4
125 30 4
171 82 2
41 86 1
166 56 2
136 18 2
80 10 2
149 174 1
132 184 1
195 19 1
28 133 3
128 28 3
183 86 4
154 6 4
175 99 1
6 96 4
103 60 4
133 86 1
55 183 3
72 107 2
59 137 1
173 129 4
0 2 3
168 198 1
9 154 4
22 64 1
26 9 4
153 4 4
12 132 4
137 70 3
82 196 2
100 109 1
11 13 1
155 43 3
44 105 4
190 69 2
65 31 1
147 91 3
50 58 3
67 129 1
10 101 4
15 1 4
7 181 3
18 77 2
66 82 2
103 75 3
166 55 2
151 80 4
133 68 3
175 185 3
13 38 1
109 95 2
44 152 2
17 0 2
4 137 3
182 123 2
174 162 2
85 23 3
137 88 2
17 38 1
21 7 2
179 37 4
122 18 2
96 142 2
93 52 4
197 173 1
22 96 3
11 2 1
104 113 2
109 134 2
34 161 2
109 143 3
79 120 1
170 48 1
71 120 2
175 131 1
52 1 2
161 100 2
100 191 4
70 106 3
5 142 4
192 27 2
89 43 4
151 135 1
166 101 1
74 41 1
120 103 4
75 63 3
196 140 2
96 158 3
133 155 4
125 159 4
198 31 2
17 62 2
41 84 1
165 16 4
64 132 3
162 57 2
127 146 2
55 5 2
43 28 2
155 168 4
24 71 1
195 142 1
27 68 1
113 112 2
60 196 2
9 190 1
161 96 4
119 137 3
146 105 4
144 108 1
94 160 2
64 12 4
83 77 1
172 6 2
105 163 4
56 43 4
70 73 4
16 103 1
146 130 4
41 164 3
135 6 2
92 116 3
0 4 4
133 89 2
11 196 4
56 170 2
190 181 3
6 17 4
129 96 3
84 62 2
127 153 2
151 198 3
172 61 3
80 157 4
24 78 1
51 185 4
177 131 2
135 43 4
40 178 2
147 170 1
84 61 2
188 103 2
29 197 1
112 89 3
121 191 1
40 126 3
136 40 3
62 18 1
180 82 4
149 101 4
28 163 1
76 50 4
83 36 4
169 15 1
157 12 2
184 70 2
32 149 4
34 18 2
38 47 4
59 75 2
98 192 1
110 19 2
112 15 2
140 38 2
176 31 3
80 139 1
123 155 2
62 14 2
110 186 2
28 123 4
104 102 2
65 48 3
123 7 4
53 121 3
140 45 2
68 20 2
29 135 4
160 184 1
194 165 3
35 150 3
102 20 1
43 136 4
3 0 4
116 66 3
95 192 2
174 183 3
66 168 1
109 149 3
197 18 2
139 177 3
97 1 2
83 167 1
180 78 4
153 28 1
109 135 3
139 110 3
13 35 2
116 35 1
48 39 1
198 68 3
125 134 3
113 100 3
75 76 2
49 58 3
39 18 1
3 58 2
150 0 1
36 9 2
85 79 4
90 49 1
31 88 3
16 144 1
95 191 2
110 159 1
41 143 3
23 76 4
41 117 1
45 9 1
73 11 1
88 191 3
93 190 1
167 16 2
105 151 2
121 27 2
79 65 3
90 18 2
166 28 3
34 179 2
4 180 4
21 24 1
21 186 1
16 63 4
183 10 3
87 48 2
106 61 1
178 154 4
173 96 4
97 50 3
146 60 1
180 3 1
131 29 1
100 147 2
100 94 4
197 199 4
94 46 1
195 136 3
169 197 3
77 169 2
129 163 3
95 84 4
141 16 3
141 5 4
97 192 4
59 110 2
66 104 2
144 191 2
160 41 1
51 60 1
94 156 2
89 186 4
131 68 2
179 98 1
57 27 4
61 11 1
140 112 4
181 91 4
110 154 2
61 104 2
94 99 1
106 138 1
161 45 4
169 35 4
35 193 4
184 40 3
97 46 2
145 12 1
22 75 1
25 81 2
65 112 3
102 61 3
10 25 4
131 195 3
154 77 2
112 41 4
144 164 3
195 111 4
65 168 3
119 114 3
117 118 4
159 116 4
124 107 4
31 64 4
150 132 1
82 193 4
168 171 1
122 56 3
19 84 2
182 93 1
180 166 2
54 171 2
80 125 3
100 181 2
52 50 2
42 81 4
4 114 1
91 105 3
55 48 3
114 77 1
60 15 4
137 35 3
20 38 2
138 85 2
132 52 2
96 18 3
96 94 4
183 39 3
138 49 1
82 6 3
27 135 1
159 39 1
7 168 4
22 198 3
178 80 4
165 62 1
101 76 1
84 0 1
44 11 3
64 108 2
108 65 2
86 151 4
175 93 2
82 72 3
50 161 1
196 59 4
124 139 2
31 164 2
129 170 1
85 5 2
43 14 2
20 92 3
81 143 1
42 41 3
88 63 2
177 29 2
99 112 2
178 111 4
186 34 4
11 177 3
62 7 1
152 115 4
92 131 4
1 57 4
8 68 4
171 162 4
123 82 1
22 125 3
180 109 2
15 189 1
182 60 3
138 198 3
75 190 4
197 62 1
30 175 3
14 45 2
77 35 3
64 52 1
106 114 2
59 157 4
39 75 4
157 198 3
77 43 1
115 80 4
68 99 2
167 111 2
136 127 1
103 111 2
184 45 1
122 129 4
2 38 3
192 79 1
197 3 4
73 150 1
155 20 2
123 144 2
55 19 2
81 125 3
7 119 3
75 121 4
142 70 1
151 39 4
132 20 4
92 173 4
130 12 3
139 57 3
65 163 3
122 116 3
21 170 1
34 89 4
26 69 4
154 191 1
36 109 4
24 84 4
188 102 1
149 87 2
154 75 1
165 89 2
51 63 4
70 86 4
32 195 1
157 58 4
82 136 4
26 21 3
37 11 2
195 26 1
55 73 2
88 134 1
3 69 3
126 62 1
71 75 1
130 95 3
15 113 1
173 59 4
168 192 3
57 18 2
157 111 4
153 132 4
156 26 4
116 152 1
24 193 1
142 164 2
78 70 1
170 26 2
43 8 3
66 166 3
8 167 1
168 81 4
71 144 4
50 120 2
36 76 3
156 44 3
32 80 2
140 92 1
171 65 2
14 150 3
105 181 4
189 68 4
75 8 4
126 187 2
170 185 3
59 42 1
146 124 3
198 92 4
77 59 2
1 181 2
137 154 3
199 62 4
190 178 2
11 66 3
53 149 4
126 54 3
26 89 2
54 66 1
128 161 4
123 35 4
100 142 1
40 170 4
79 37 2
0 31 3
4 128 2
178 100 4
127 186 3
81 9 4
136 167 2
51 77 1
90 137 4
183 84 3
163 147 2
72 76 4
88 62 1
143 84 2
190 56 4
55 40 4
85 50 4
62 100 2
6 8 2
128 71 3
113 174 4
134 63 2
100 167 1
53 125 1
65 57 1
84 16 1
180 44 1
148 48 4
16 188 4
159 95 2
81 43 1
78 54 2
108 78 2
189 104 3
134 76 4
26 162 2
82 162 4
15 22 3
62 2 1
15 111 2
97 144 1
132 143 1
52 115 2
15 196 2
19 76 4
160 123 3
116 80 1
22 18 3
82 53 4
142 18 2
92 162 4
179 161 1
114 93 2
180 96 2
6 80 3
10 36 4
67 38 3
38 181 4
22 114 1
118 108 1
73 106 2
160 197 1
138 131 4
117 35 4
130 66 4
197 133 2
58 148 3
185 71 4
50 13 2
140 49 2
32 138 4
97 113 3
17 169 4
37 39 1
159 145 1
68 170 2
99 0 1
138 178 1
31 87 4
34 96 2
128 97 1
15 139 1
44 109 4
63 54 3
166 70 1
171 38 4
133 113 4
104 117 2
164 131 1
194 32 4
111 75 4
34 150 1
138 195 3
70 176 4
188 156 2
107 55 1
164 44 1
135 124 3
79 182 3
92 182 3
140 79 4
185 95 1
160 115 3
51 109 1
168 4 1
113 193 3
150 10 1
115 175 1
21 187 1
159 134 3
19 172 2
126 146 2
72 91 1
182 160 1
117 71 2
194 56 1
174 178 3
40 87 1
192 149 2
98 37 4
116 49 2
52 20 1
174 110 3
148 73 4
188 190 4
79 98 3
25 96 2
157 160 4
193 14 1
164 197 1
138 51 2
119 103 1
24 198 3
101 114 3
87 141 4
39 95 1
45 160 1
135 66 4
181 67 4
184 125 2
85 151 3
13 199 2
147 148 4
182 58 1
43 130 4
58 183 3
51 123 2
155 151 3
142 80 4
41 103 4
4 71 1
139 175 3
137 177 4
16 30 1
193 11 1
35 131 2
24 175 4
19 14 2
33 72 2
148 65 4
166 21 4
74 18 1
70 43 3
107 123 2
122 17 2
198 126 2
151 144 3
148 56 2
87 89 3
145 151 2
124 81 4
5 28 2
165 53 3
19 127 3
130 194 4
39 112 4
107 83 1
41 93 3
31 75 4
54 85 1
67 93 3
170 126 1
117 19 4
4 83 2
161 12 3
47 123 2
152 195 4
124 136 4
108 172 1
198 149 1
83 69 3
119 8 3
144 84 1
3 143 4
127 131 4
120 175 1
138 104 3
26 73 2
170 114 4
1 161 2
38 57 3
153 196 1
10 142 1
188 166 2
129 120 1
192 85 3
128 191 2
115 151 2
81 102 3
193 63 3
85 10 1
147 97 4
142 94 2
147 33 4
24 57 4
18 9 4
74 196 3
111 87 1
71 140 2
84 176 1
109 89 3
7 126 3
147 23 2
167 88 2
129 147 2
127 86 1
68 171 4
12 69 1
111 151 1
21 107 3
197 111 3
167 148 1
94 104 2
111 29 4
125 70 3
170 113 1
3 64 1
197 46 3
32 103 4
157 85 4
138 169 1
143 170 2
1 37 2
146 26 2
133 78 3
5 95 3
62 138 4
181 5 2
126 189 4
135 36 2
149 162 2
35 171 2
31 8 2
139 195 4
79 25 3
37 160 4
44 159 4
186 67 4
149 25 3
21 150 1
183 61 2
47 22 1
106 35 4
67 48 2
88 113 2
4 60 3
168 152 2
143 138 1
49 191 3
74 36 3
35 111 3
65 120 4
117 138 2
152 84 4
126 128 3
177 2 4
62 162 4
73 180 3
7 139 3
156 142 2
185 129 3
113 145 2
194 169 2
103 64 4
9 101 2
88 8 2
126 119 4
41 124 1
153 64 4
128 177 2
29 92 4
84 127 1
188 120 3
193 179 2
106 109 2
126 89 3
184 35 4
109 114 2
45 95 2
161 181 1
32 114 3
4 138 1
73 41 1
24 151 3
136 64 2
32 64 4
192 44 1
26 29 4
91 54 1
49 97 3
189 89 1
114 19 1
49 130 3
33 7 1
60 30 1
85 42 1
127 1 3
1 198 4
122 65 3
176 55 3
45 116 2
119 172 1
174 37 4
37 172 1
199 147 4
125 24 4
140 110 2
105 141 4
20 119 3
6 109 3
46 125 1
52 135 1
134 120 1
192 121 4
71 48 4
11 76 2
9 133 3
12 45 4
27 170 3
41 32 4
78 173 2
7 141 3
170 84 4
168 76 2
32 124 2
189 86 4
58 68 1
69 48 1
185 8 3
32 49 3
1 107 2
9 125 1
112 127 4
87 10 4
43 38 3
20 168 1
183 41 2
44 89 2
125 151 3
144 159 3
93 152 4
46 111 2
119 39 4
64 111 3
21 124 2
193 114 4
1 184 1
64 163 2
105 67 1
70 98 2
35 44 4
39 1 4
22 132 4
20 156 1
82 64 2
17 10 2
89 97 3
34 77 1
161 15 2
130 107 1
165 33 1
93 98 1
148 188 4
86 37 1
111 45 3
57 116 4
162 136 3
75 82 2
9 104 2
162 9 4
183 87 2
4 21 2
178 4 2
86 56 4
9 131 4
110 115 3
27 116 4
173 30 4
125 196 1
93 130 2
63 128 2
132 186 3
144 177 2
124 181 4
158 10 2
68 67 1
124 147 1
19 49 3
40 46 1
125 11 1
152 158 1
152 175 2
180 62 3
76 114 3
56 155 4
80 149 1
145 172 3
197 0 2
181 158 1
144 32 3
126 95 4
144 148 3
66 125 3
151 136 1
193 124 4
30 155 1
183 134 4
91 118 1
38 68 1
14 133 2
187 119 1
107 48 2
79 141 3
117 153 3
28 157 3
24 127 1
91 170 1
43 98 3
142 98 4
70 54 2
69 169 4
128 75 4
146 136 1
97 123 4
140 199 4
118 154 1
190 118 1
77 28 2
92 18 1
163 81 1
144 37 4
154 161 3
70 174 3
93 121 2
80 3 3
45 193 4
91 40 1
60 14 4
27 88 4
69 143 2
38 55 3
185 54 2
8 24 4
146 182 1
42 136 2
34 65 4
133 116 1
172 151 3
148 8 2
130 100 1
103 51 2
14 105 1
126 71 2
8 170 4
182 131 3
8 74 2
87 74 1
4 80 2
118 121 3
102 100 2
25 169 1
86 44 3
196 35 3
109 71 1
181 96 1
195 168 2
7 96 1
99 8 2
118 160 1
102 179 3
121 44 2
38 162 1
9 53 2
193 116 1
46 174 2
137 89 1
177 154 3
129 114 3
17 33 1
154 95 3
174 167 2
117 16 3
180 45 4
71 187 4
141 1 1
81 58 4
175 76 4
93 110 4
108 181 1
69 127 1
70 105 1
167 177 4
129 65 3
109 5 4
9 117 3
174 24 1
182 175 2
122 87 2
177 180 4
127 36 2
198 38 1
34 170 4
45 65 1
191 24 3
186 84 1
132 122 1
52 166 2
148 40 2
1 122 4
96 165 2
70 119 1
97 131 3
111 77 3
144 95 1
163 51 4
15 175 1
74 166 4
27 112 1
30 138 2
65 197 4
175 160 4
118 87 4
56 199 3
6 101 2
135 190 2
65 9 1
40 110 1
55 180 1
60 147 2
29 28 3
145 188 1
193 176 3
156 122 4
55 124 2
19 69 1
148 186 1
50 29 4
67 196 2
163 36 3
130 54 1
37 84 1
94 166 3
190 129 4
50 167 2
175 32 1
27 161 4
44 33 2
130 175 2
56 30 4
11 140 3
11 117 3
72 25 2
3 53 3
39 170 3
70 160 2
95 70 3
113 120 4
74 132 2
154 141 3
110 194 3
12 178 4
146 20 4
3 191 3
42 84 2
113 142 4
43 25 4
157 149 1
190 113 2
57 28 2
195 30 1
2 12 3
140 37 4
133 46 3
29 71 3
188 180 2
49 162 3
120 57 2
113 96 2
84 194 2
73 16 2
85 103 4
105 50 2
35 130 4
160 47 2
107 36 4
0 171 1
8 141 1
197 162 1
113 195 4
25 128 1
90 93 2
107 176 2
148 103 2
143 161 4
7 125 3
65 154 4
174 164 1
170 24 3
184 33 2
2 63 1
110 112 1
14 114 4
25 24 1
79 146 2
98 30 4
155 135 1
57 167 3
14 195 1
181 194 3
110 142 2
8 123 2
79 121 1
88 69 2
120 127 2
48 125 3
121 114 3
58 119 3
138 73 2
74 68 2
171 170 4
72 65 1
104 159 1
139 22 2
195 80 4
91 129 2
89 180 1
146 35 2
194 156 4
68 89 2
78 63 2
44 40 1
167 72 2
147 44 1
104 144 4
6 146 3
170 118 1
32 79 2
18 7 2
118 78 4
116 81 4
129 86 1
65 179 4
65 33 2
185 25 3
31 152 4
63 109 1
22 83 3
71 119 4
115 69 4
43 176 3
97 191 3
162 22 3
164 173 3
164 167 1
126 100 1
72 153 3
42 193 4
188 192 2
193 188 4
66 36 3
69 123 2
5 171 2
85 36 3
143 123 4
166 53 1
22 74 2
40 172 3
128 136 1
36 138 1
126 19 4
96 40 4
88 121 4
32 120 3
65 63 2
56 145 1
105 15 4
14 82 4
147 85 3
69 33 1
119 194 1
94 13 4
152 185 4
106 83 2
142 23 3
43 134 3
109 73 2
0 16 2
36 148 1
80 102 1
186 83 3
33 155 2
49 13 3
139 91 1
190 46 3
40 190 1
74 53 4
82 182 2
73 167 1
158 180 1
16 23 1
111 13 1
140 31 2
162 53 2
67 61 3
89 179 1
78 91 4
73 77 3
168 137 3
22 170 1
185 151 1
29 22 2
190 165 1
132 83 4
199 142 4
85 134 4
9 128 4
88 84 4
33 136 1
52 94 3
61 68 4
157 0 4
181 65 1
18 78 3
18 63 3
37 5 4
184 4 4
167 14 3
45 110 1
144 20 2
88 127 3
4 58 1
25 65 4
104 161 1
152 117 3
12 54 1
96 59 4
132 140 1
117 4 1
121 45 4
166 170 2
37 126 1
125 13 2
37 68 1
82 11 1
157 44 2
168 184 2
129 39 4
23 105 4
62 96 1
141 189 3
121 120 1
91 199 4
146 147 2
18 106 1
140 188 3
44 36 4
75 94 2
1 117 2
140 77 1
142 119 2
27 91 4
6 25 1
45 17 3
48 100 4
144 40 4
42 61 2
67 70 2
57 8 1
155 195 1
16 45 3
174 150 4
167 194 3
40 198 3
16 18 2
42 122 3
190 36 3
36 75 2
8 89 3
141 170 3
194 53 1
54 144 3
47 29 4
167 170 1
142 91 1
153 25 1
112 154 2
160 44 2
184 32 4
74 127 4
80 170 2
43 199 4
199 24 1
10 197 4
18 126 2
125 29 3
17 3 4
92 117 4
8 67 2
59 39 2
6 140 3
159 19 3
195 153 1
67 52 1
57 134 3
196 95 2
138 135 2
196 127 2
142 118 4
55 61 3
42 82 4
183 138 2
101 69 1
173 109 4
148 140 1
25 60 4
179 27 2
23 75 2
136 130 3
110 181 2
135 13 2
60 179 2
53 164 2
177 147 2
157 60 2
14 53 3
50 87 2
131 113 4
8 81 4
73 34 4
149 67 1
19 125 2
52 130 3
52 59 4
150 188 2
184 38 4
135 152 2
155 169 4
191 181 4
156 59 4
133 66 3
195 29 1
37 185 3
54 43 1
45 126 1
194 67 4
43 87 4
36 35 4
173 99 2
151 44 4
196 80 3
54 197 2
134 31 1
136 179 1
87 78 4
11 32 2
99 92 1
97 176 3
178 11 3
77 194 1
67 63 2
52 124 4
55 62 4
151 74 1
75 37 3
82 49 2
132 39 3
129 142 4
108 117 2
192 102 2
179 185 1
80 127 2
155 138 1
124 1 1
191 120 2
126 66 1
32 33 1
132 169 2
85 43 4
101 33 4
161 197 4
173 188 3
134 71 3
44 154 4
106 145 4
34 129 4
110 7 4
125 47 1
181 83 4
29 152 3
158 170 4
54 163 1
116 197 2
171 29 4
177 12 3
22 20 2
185 90 4
6 66 1
50 121 4
160 96 1
177 18 1
29 45 1
20 89 2
141 123 4
61 191 1
37 123 4
165 130 3
90 100 2
51 107 1
101 189 4
65 128 1
110 48 2
48 185 4
105 156 4
177 156 2
123 96 3
9 102 3
145 121 2
178 127 1
172 33 4
37 130 3
133 52 3
143 11 1
113 134 1
13 151 1
2 89 3
130 101 4
39 23 3
163 20 3
44 47 2
61 51 2
11 126 3
5 160 4
121 58 1
116 55 4
171 46 4
186 35 3
100 36 4
137 39 2
195 37 4
184 117 1
143 17 4
71 65 4
187 161 1
194 99 3
0 100 2
32 71 4
13 1 4
61 36 4
192 25 3
62 70 1
107 134 1
175 163 4
185 116 3
173 39 4
0 144 4
178 153 2
4 101 2
180 33 1
169 3 3
76 62 3
150 139 3
147 157 3
37 28 2
161 103 2
125 52 4
34 173 2
112 71 2
54 168 2
135 136 1
6 178 4
110 158 4
105 114 4
173 172 4
192 39 4
163 1 1
177 190 4
93 184 2
130 14 2
146 44 1
52 2 1
149 124 4
111 27 4
89 168 1
144 73 1
198 135 3
84 147 3
167 20 1
29 89 1
107 188 1
62 36 1
87 159 2
29 37 3
146 162 4
182 170 4
109 193 1
15 61 4
117 166 3
49 117 1
169 92 2
90 52 2
60 16 1
117 192 2
7 115 4
64 129 3
139 101 3
187 169 3
94 172 2
52 156 3
13 148 4
125 18 1
183 179 3
82 146 1
98 196 2
182 106 3
85 113 1
167 118 3
51 13 1
138 77 4
110 25 4
11 33 4
181 125 4
73 33 4
141 91 1
46 17 4
189 172 1
27 19 2
197 4 2
91 21 2
76 150 3
75 155 2
187 50 1
83 170 1
4 82 4
124 170 4
103 78 1
170 157 4
96 13 3
35 68 4
89 131 3
121 8 4
109 159 3
28 93 4
179 151 2
47 61 1
13 190 4
20 164 2
196 137 4
163 131 1
199 45 2
64 16 1
151 143 4
135 107 4
153 131 3
66 177 3
122 93 1
197 192 3
118 175 2
32 7 3
196 144 1
113 184 1
65 194 3
113 119 2
11 30 4
181 80 4
155 1 1
19 196 1
84 2 2
194 87 3
129 16 3
55 75 2
100 49 1
179 67 3
140 185 3
122 163 2
108 112 3
120 68 1
179 80 2
147 9 2
102 44 3
71 177 1
172 88 3
174 163 4
85 47 1
36 126 2
110 145 2
167 1 4
58 40 2
148 25 1
147 183 1
139 9 3
39 117 1
89 59 4
62 73 4
43 22 3
74 110 1
104 56 2
146 34 1
92 32 4
198 177 2
5 119 3
161 196 2
51 171 4
109 41 2
6 55 1
179 81 2
89 178 3
122 27 4
155 68 4
118 37 1
86 185 2
82 31 2
53 51 4
97 9 4
131 93 2
170 13 2
19 144 3
188 114 3
185 174 1
149 164 4
106 92 4
128 68 1
128 20 1
66 1 4
131 26 4
174 197 4
58 174 4
190 115 1
21 108 2
108 195 4
22 1 1
127 20 3
153 27 3
46 3 1
163 107 2
184 99 4
135 57 1
191 20 3
97 130 2
22 193 2
143 48 3
168 32 1
178 48 2
147 4 1
46 186 3
92 68 4
145 173 2
25 103 2
90 30 4
105 0 3
33 25 4
154 123 2
72 15 1
99 36 2
154 18 1
17 123 1
84 159 1
149 49 1
65 182 3
96 20 4
32 167 3
169 190 2
164 132 3
45 177 2
27 108 2
66 100 2
98 34 1
72 130 2
156 147 4
171 136 2
28 83 4
113 89 4
126 131 2
5 156 4
115 11 3
6 53 3
37 82 4
76 123 4
126 41 1
6 149 1
49 68 4
180 60 1
14 124 2
145 19 3
101 147 2
130 78 3
179 78 4
58 125 3
1 119 3
153 45 4
24 162 4
180 134 3
155 61 4
173 126 3
69 159 1
51 68 2
198 29 2
96 132 3
111 93 2
174 143 3
21 128 4
132 182 1
174 131 1
185 120 4
32 30 4
98 41 4
44 127 3
127 76 2
81 68 2
110 166 4
159 154 2
115 179 4
56 168 3
138 190 3
136 21 3
163 38 4
8 83 4
34 46 1
12 17 4
195 167 4
74 107 1
145 160 3
105 29 1
139 39 4
17 82 1
151 52 2
57 151 4
65 183 4
26 119 1
44 28 1
132 33 4
136 49 3
180 191 4
195 122 1
88 145 1
48 46 2
131 5 1
43 30 1
174 117 3
161 81 4
33 166 1
85 14 3
191 78 3
42 43 3
80 94 3
109 45 2
98 150 3
134 33 4
178 125 3
7 36 1
103 132 3
105 33 2
138 1 2
123 177 4
49 6 4
111 174 2
77 62 2
189 9 4
89 5 2
165 168 1
125 170 4
91 55 4
96 153 2
109 53 3
42 3 3
132 145 4
94 88 4
154 150 3
41 45 1
149 90 4
119 47 4
0 176 3
198 121 1
71 88 2
82 144 1
128 34 4
21 125 3
43 185 2
102 156 4
25 119 3
99 90 3
192 37 2
91 74 1
85 160 2
68 136 3
136 97 1
50 146 3
44 101 1
191 48 2
56 181 2
153 163 2
66 172 2
167 144 3
125 40 3
165 77 2
93 99 2
139 129 2
179 152 4
69 72 4
31 128 1
71 148 3
27 90 2
68 140 3
101 146 2
171 52 1
53 144 2
144 172 4
169 157 4
65 84 2
103 123 2
104 148 1
14 72 1
23 8 2
142 114 2
39 10 2
132 110 1
181 130 1
136 159 2
176 115 4
49 17 2
12 49 3
132 59 3
15 38 2
165 58 1
186 116 4
142 33 4
143 185 2
163 39 2
141 64 3
88 18 3
152 112 2
55 64 1
19 16 4
148 15 3
169 172 1
132 151 3
126 148 1
31 191 1
137 83 2
66 147 2
135 15 2
52 14 4
39 178 4
164 155 1
72 176 1
116 87 1
77 116 4
153 54 4
60 85 1
78 172 1
105 167 3
3 52 3
127 138 3
29 25 1
10 115 3
159 15 2
35 51 1
88 61 4
122 85 1
10 86 3
171 49 4
171 91 2
137 25 2
187 56 1
58 167 2
99 47 1
22 168 2
38 40 4
95 175 2
48 109 1
47 158 3
38 8 1
14 34 3
172 90 1
64 38 1
81 73 1
182 118 4
37 199 4
111 88 2
53 91 1
122 185 4
72 129 2
39 73 2
120 15 4
28 39 3
105 9 1
102 64 4
173 107 2
160 146 4
146 137 3
89 172 1
147 5 1
132 167 4
54 151 1
10 178 4
153 199 4
118 150 1
51 152 2
47 46 3
31 79 3
117 63 3
2 127 4
165 132 3
59 44 4
116 183 3
30 159 1
153 189 1
60 126 1
100 133 1
11 34 2
16 58 2
94 146 3
74 123 2
137 181 1
132 75 2
81 69 2
137 148 2
197 53 2
6 77 4
31 57 4
180 173 4
3 31 3
20 94 1
194 176 2
16 169 4
149 3 4
190 14 1
32 196 3
48 174 2
156 9 1
17 154 3
81 51 3
98 180 4
90 125 4
146 59 2
185 35 2
98 6 4
193 126 4
87 33 3
133 182 1
92 125 3
125 36 1
101 78 2
53 45 3
152 171 1
121 147 4
110 163 1
113 187 4
64 51 4
95 97 3
75 15 4
140 197 3
101 126 2
141 109 3
78 15 4
104 186 2
79 102 3
89 96 2
10 130 3
87 193 4
101 80 3
70 136 1
198 131 1
54 140 3
160 31 2
55 149 1
67 158 2
71 40 2
40 24 2
175 128 3
8 117 2
7 128 3
117 176 4
37 137 2
101 53 2
59 47 2
73 141 3
34 153 3
65 176 3
184 178 4
124 108 4
165 186 4
160 113 3
13 36 2
129 53 2
189 84 2
98 116 1
198 128 4
191 69 3
177 172 3
98 165 4
32 169 2
30 129 4
145 94 4
32 137 2
55 144 2
161 84 4
120 109 4
135 99 4
197 127 2
30 13 2
166 29 2
116 75 4
46 91 3
61 3 4
42 175 2
146 76 1
148 31 3
140 168 4
112 168 2
193 97 4
126 157 3
127 102 3
155 126 4
96 32 2
163 17 2
148 176 2
59 98 2
196 45 4
135 22 3
133 35 2
15 141 4
114 108 4
109 77 3
181 39 1
88 25 1
11 85 3
176 127 4
2 188 3
0 1 2
51 192 1
27 26 2
51 142 1
184 63 4
20 169 1
185 92 2
45 58 4
179 122 1
37 154 1
61 125 4
11 136 3
98 163 2
192 141 3
166 64 1
194 158 3
88 41 1
71 47 1
7 16 3
173 4 3
21 154 4
90 189 4
71 90 4
150 176 3
47 130 2
74 70 2
108 22 3
168 160 4
133 161 3
127 99 1
150 182 3
173 41 3
115 22 4
168 95 3
163 80 2
88 47 1
25 195 4
21 61 1
175 165 2
115 4 1
147 13 4
195 121 2
2 182 2
74 177 4
98 94 3
115 43 4
190 94 2
199 22 4
99 35 1
16 149 4
14 128 3
1 149 2
170 20 3
128 69 1
55 108 2
132 180 2
37 111 3
43 75 3
39 106 4
102 36 1
47 91 4
165 36 1
101 177 4
43 169 2
126 53 2
112 68 3
9 8 1
76 121 1
31 13 1
159 34 3
167 84 4
31 23 4
77 7 2
100 28 2
18 180 2
150 99 3
14 103 2
183 110 2
18 108 2
39 12 1
98 152 4
85 179 4
189 168 3
87 96 1
142 50 3
109 62 2
128 154 2
174 6 4
41 141 1
156 132 1
140 62 4
23 62 2
132 119 2
111 0 4
120 61 2
122 7 1
23 103 4
55 140 1
67 177 4
53 153 1
3 5 1
106 194 3
22 12 1
154 198 4
141 61 3
174 32 2
171 115 3
113 121 3
23 143 2
55 117 1
194 64 2
172 73 4
182 119 3
187 95 1
37 76 1
190 116 4
109 138 4
188 194 1
144 120 1
179 175 2
94 4 2
53 180 2
106 93 1
129 144 2
196 96 3
110 109 2
92 122 2
88 149 3
185 176 4
36 178 1
52 42 2
55 59 2
148 127 2
85 166 1
152 21 3
56 100 1
33 114 2
181 43 4
30 85 1
60 24 3
12 137 4
116 195 4
63 31 3
95 81 1
5 103 4
13 146 2
97 86 2
117 46 2
185 183 1
98 125 3
158 41 4
148 162 3
166 26 1
69 39 2
36 122 1
124 162 4
138 61 4
166 118 1
56 124 1
189 199 1
185 47 3
100 168 3
159 122 1
36 187 2
74 73 1
33 112 3
112 51 2
28 164 4
75 99 3
48 4 4
22 23 2
30 61 1
162 135 1
180 178 3
111 182 3
48 163 3
182 99 3
112 96 4
8 36 3
45 124 3
70 20 1
114 52 4
159 169 1
76 94 2
63 11 2
188 92 1
29 130 4
77 191 4
191 155 2
56 176 1
71 179 2
26 54 2
148 195 2
173 120 4
58 142 4
71 55 1
198 45 3
18 169 4
26 182 1
162 164 4
28 24 1
139 93 1
129 36 2
162 51 4
95 138 2
49 99 2
170 74 2
104 120 4
14 47 4
84 10 3
191 11 4
64 124 4
130 195 1
15 58 2
49 115 2
179 66 3
188 134 4
56 49 3
8 100 3
133 32 2
147 64 3
176 171 3
128 85 1
57 49 1
51 82 1
69 118 3
84 28 4
35 28 4
132 34 2
69 180 4
149 173 3
31 38 1
43 45 2
54 113 3
18 5 1
83 1 4
100 127 2
143 108 1
184 19 4
107 96 4
22 14 2
73 116 2
93 120 1
173 3 2
159 91 1
154 162 3
27 163 2
189 150 2
106 173 3
118 14 2
82 93 1
23 149 4
81 90 1
118 112 3
181 111 3
37 71 3
50 35 3
96 179 1
27 83 2
3 57 1
58 150 4
156 173 4
97 2 2
107 90 3
78 127 4
39 66 3
46 151 1
149 148 2
146 145 4
163 49 2
76 113 1
123 79 4
183 98 3
80 18 1
64 26 2
110 171 3
174 80 2
79 101 2
174 151 4
32 158 4
136 53 3
191 40 1
88 103 1
136 134 3
71 61 2
4 109 3
111 3 4
0 164 2
38 76 1
138 113 4
98 50 1
109 142 1
19 21 4
51 69 2
112 183 3
95 52 2
176 131 3
113 156 3
8 177 4
164 196 1
94 167 4
125 25 3
191 113 4
26 114 1
80 25 4
197 144 2
194 114 1
132 41 1
30 57 3
193 9 4
123 148 2
156 25 3
77 148 1
130 172 1
96 108 4
98 117 1
131 90 4
32 166 2
156 184 3
100 12 3
81 76 3
176 156 3
195 24 2
149 119 2
87 104 1
108 107 4
159 16 4
86 94 1
8 72 3
78 128 4
184 137 3
88 45 4
37 87 3
185 153 2
150 131 2
35 67 4
82 79 2
154 133 2
63 40 1
2 143 3
73 28 3
86 64 3
68 34 1
31 83 4
13 194 1
168 77 4
122 135 4
89 146 4
94 108 4
102 155 4
90 140 1
46 16 2
27 50 4
160 193 4
75 106 3
75 58 3
77 98 2
56 93 3
193 62 4
102 163 2
147 25 4
1 186 1
93 128 1
184 199 2
133 144 1
146 22 3
145 44 1
198 175 2
166 153 1
195 191 2
34 13 3
195 125 1
114 46 4
36 17 1
68 185 4
184 149 4
120 138 2
51 84 3
44 71 2
187 179 3
65 125 4
124 11 3
133 53 1
10 171 4
15 171 3
145 157 3
161 185 3
126 180 4
0 199 2
182 144 2
49 192 4
89 85 1
22 32 1
172 54 1
176 81 2
106 57 2
102 7 2
100 29 1
149 43 3
108 171 4
9 59 4
175 122 3
159 140 1
73 98 1
77 198 3
165 123 1
174 115 2
107 62 1
23 144 4
51 108 4
70 182 2
170 36 2
159 100 4
122 149 3
151 18 1
51 94 3
43 73 2
53 160 3
43 52 3
115 169 1
3 24 3
38 127 2
76 1 2
162 130 2
33 59 3
152 178 4
47 96 2
177 23 1
40 28 1
40 86 1
169 66 4
81 66 1
159 94 3
17 31 3
25 174 1
25 117 3
50 78 2
27 160 1
9 90 2
154 31 4
110 10 4
143 4 2
51 86 3
127 6 1
4 129 3
127 90 3
59 49 4
65 59 4
56 101 2
135 19 3
178 42 4
102 86 1
168 187 4
32 148 3
171 167 4
34 87 3
135 188 4
152 162 1
119 129 1
33 48 1
87 100 2
77 87 2
177 115 3
30 40 3
110 13 1
92 5 3
23 107 2
79 185 2
81 197 4
12 16 4
93 165 4
101 8 3
111 131 1
189 187 3
132 125 1
13 196 4
25 157 1
47 100 4
172 28 1
88 100 2
13 126 4
132 101 2
12 93 2
119 138 2
186 125 1
164 79 1
49 167 2
146 113 2
7 44 2
173 138 1
43 86 1
90 86 4
184 138 3
53 102 3
120 124 1
77 142 4
163 34 1
140 180 2
38 166 4
37 164 2
17 137 4
0 80 1
62 78 1
37 52 3
151 123 2
24 58 4
125 56 3
30 9 2
41 144 4
144 93 3
33 96 2
138 58 2
54 36 2
126 86 1
44 97 4
159 123 2
168 17 3
158 112 3
14 17 1
53 22 2
177 21 1
105 19 2
57 125 2
125 173 3
139 180 3
19 74 4
88 44 4
99 72 4
171 80 4
47 98 1
99 149 4
15 101 2
151 77 3
93 164 2
184 65 3
173 37 1
148 177 3
11 190 4
153 21 2
60 111 1
112 55 2
105 57 4
158 144 3
145 43 4
149 19 1
152 177 3
178 0 2
121 148 1
94 73 3
121 168 2
133 175 1
59 185 3
142 62 2
68 129 4
62 187 3
114 71 1
158 86 4
35 141 2
35 174 1
34 62 1
177 38 3
119 134 4
103 107 3
61 173 2
180 24 4
56 15 2
53 39 1
49 165 2
194 80 3
95 165 4
31 112 1
8 3 3
46 103 3
0 33 2
81 169 1
157 151 3
175 189 4
186 167 2
167 64 3
166 103 2
1 80 3
143 105 3
112 181 3
76 163 3
93 155 3
116 7 2
0 34 3
159 148 1
9 136 4
51 157 4
186 124 4
158 174 2
54 49 2
149 63 1
0 70 4
84 58 4
112 29 4
75 118 4
140 187 1
125 41 3
65 117 4
61 143 3
179 84 4
27 29 1
13 153 2
68 3 1
186 188 1
16 194 2
155 166 1
42 153 4
94 72 2
45 182 2
59 161 2
189 39 4
165 101 3
145 120 3
42 88 4
174 148 4
138 88 2
166 131 3
32 42 1
65 131 2
157 92 4
21 105 2
114 157 1
114 67 3
49 28 4
192 33 4
164 138 2
15 198 1
169 106 3
158 70 1
111 175 2
30 42 2
118 2 3
169 14 4
111 51 1
172 71 1
5 10 4
99 102 4
100 70 4
87 14 2
42 199 4
93 168 3
90 198 1
85 190 2
174 119 1
60 99 4
37 48 1
149 98 3
116 40 3
166 197 1
98 64 1
69 140 1
30 44 1
34 91 3
13 134 4
20 69 4
55 43 3
81 74 3
136 81 1
30 106 3
5 93 4
3 98 1
193 23 2
36 110 1
58 112 1
19 26 4
179 191 1
105 93 1
25 130 1
43 97 1
153 82 3
177 176 4
72 88 4
107 41 4
189 95 4
164 192 3
114 174 4
132 114 3
112 94 4
49 24 4
34 31 1
129 45 1
9 179 2
59 95 1
140 20 3
145 27 4
102 29 2
150 198 3
6 136 3
141 152 4
148 94 3
44 9 3
167 182 3
162 5 3
40 72 2
124 130 1
62 168 3
39 186 2
91 79 2
59 106 3
199 51 1
116 177 3
98 95 4
150 75 3
62 181 2
70 60 3
96 9 1
138 53 1
71 17 4
118 31 3
57 114 4
83 127 2
111 176 2
116 82 3
63 73 3
151 8 4
78 155 3
149 70 1
136 155 3
120 119 4
187 90 3
103 71 1
115 118 4
75 113 3
102 103 3
133 139 3
167 161 2
61 87 4
107 76 2
14 21 3
97 115 1
34 3 3
84 178 2
48 36 1
155 84 4
168 110 2
55 101 1
92 141 3
58 130 4
15 124 2
163 40 3
34 28 4
3 142 2
97 47 3
190 142 2
59 30 1
140 80 3
22 50 2
185 78 4
118 157 1
163 11 3
50 133 4
38 192 1
150 168 2
189 94 3
118 181 4
58 12 1
173 15 3
39 97 1
48 158 1
189 10 4
184 191 1
108 187 1
23 195 2
98 81 2
28 191 1
112 135 4
115 191 4
156 63 2
128 90 4
38 81 3
186 22 3
13 193 3
76 97 1
152 153 1
165 109 3
134 90 1
162 75 2
75 188 4
175 75 3
160 98 2
22 95 4
117 160 3
89 117 3
45 162 1
97 84 1
184 193 4
129 186 1
158 108 1
18 81 2
170 79 3
73 125 4
65 6 1
0 18 2
37 105 3
150 160 2
73 131 2
3 37 1
91 107 2
60 193 3
135 3 3
29 126 2
93 55 2
123 197 1
115 6 1
33 64 4
193 169 2
93 162 2
160 188 4
129 33 4
113 10 3
78 69 3
147 34 2
79 161 4
170 163 1
118 198 4
118 47 4
77 88 2
144 85 3
21 197 4
99 28 2
165 30 3
120 76 1
74 9 4
181 140 4
196 36 3
109 80 4
135 111 2
93 63 2
9 127 3
97 140 4
136 108 4
88 124 1
79 198 1
139 173 4
138 193 4
153 118 1
47 30 1
191 39 3
69 16 2
100 42 1
57 159 4
36 111 3
93 2 2
45 189 4
164 77 1
168 14 2
22 157 1
165 94 3
170 10 4
2 194 3
50 141 1
12 91 1
150 13 2
88 14 4
138 112 3
163 63 4
60 171 2
178 15 4
78 100 2
166 2 1
103 124 2
1 74 2
194 124 3
110 179 2
94 90 3
178 28 3
176 46 3
59 139 4
29 91 2
129 148 3
118 163 4
169 19 2
73 195 1
149 82 2
48 26 2
7 111 4
189 6 3
40 167 3
58 184 1
195 96 4
125 193 1
122 178 3
10 124 4
153 130 2
145 95 2
66 12 1
106 88 2
18 98 1
181 143 4
15 191 2
106 158 3
165 90 1
63 35 3
85 17 4
74 54 4
41 99 4
106 84 3
30 136 4
191 165 2
92 175 2
74 27 1
161 112 2
85 145 2
60 188 2
19 72 4
52 163 1
103 173 2
115 94 1
117 80 3
80 26 1
21 41 1
19 163 1
197 110 1
34 193 4
188 121 3
68 30 1
194 171 2
90 91 3
20 103 3
92 144 2
62 21 2
64 155 1
91 86 4
197 28 2
60 148 2
118 152 2
53 37 1
121 116 4
123 43 4
140 158 2
134 5 2
52 138 3
178 108 1
91 63 2
97 32 3
122 39 1
117 23 2
120 190 4
131 7 2
108 34 3
106 153 1
83 30 2
33 53 4
125 76 2
162 10 2
88 174 3
84 75 3
151 124 4
20 0 1
13 25 4
126 134 3
35 136 1
136 41 4
188 123 4
18 145 2
149 170 2
107 94 3
101 48 2
113 161 1
158 199 3
70 122 3
82 13 2
192 89 2
10 14 3
55 27 3
90 156 3
64 11 4
6 137 2
139 178 3
9 198 4
43 111 1
75 53 1
161 3 1
107 114 4
178 114 1
105 138 2
102 193 3
149 14 3
27 189 4
82 97 1
131 194 3
111 94 4
161 77 3
3 119 1
135 177 2
52 79 1
133 128 2
142 153 1
9 48 3
45 91 3
40 89 3
124 166 4
118 158 2
159 192 1
153 23 1
158 193 1
179 156 1
129 159 2
180 130 1
71 35 2
149 159 1
114 165 3
199 39 3
100 173 3
159 190 2
40 133 3
117 6 2
92 133 1
72 38 1
12 32 2
165 27 1
110 71 2
160 20 2
26 79 3
195 1 2
178 102 2
112 10 4
82 90 4
29 35 1
192 101 3
25 181 2
80 145 2
101 28 2
178 112 4
68 157 4
131 83 1
179 31 1
190 167 2
10 57 2
132 93 4
39 21 1
12 192 4
34 16 4
175 20 1
162 145 1
62 147 2
187 86 4
98 22 1
93 92 1
173 36 3
180 176 3
61 10 1
116 199 3
174 120 1
38 18 1
99 101 1
70 172 1
184 154 3
136 116 4
44 52 4
193 156 2
134 44 2
93 103 4
116 147 4
93 159 2
175 8 2
179 171 1
117 159 4
142 69 4
157 14 3
146 2 4
145 30 3
12 99 4
143 118 3
193 190 1
3 185 2
37 56 4
67 120 1
176 152 4
157 128 4
47 181 4
53 163 1
181 55 4
133 111 3
161 134 1
89 36 4
138 6 1
23 26 4
183 37 3
47 93 1
71 156 1
30 134 1
35 178 3
141 45 1
181 129 3
110 118 3
35 129 4
158 38 4
182 165 4
195 137 3
119 145 1
24 87 3
140 5 2
33 39 4
178 163 3
76 105 2
23 84 2
1 65 2
41 172 2
126 142 3
113 178 4
92 199 3
147 106 2
111 25 1
142 135 2
174 40 2
28 150 3
101 42 3
181 169 1
195 52 3
139 131 4
53 77 1
49 187 1
132 82 3
124 35 4
3 19 4
144 46 2
141 46 4
64 174 1
180 164 1
39 38 2
36 63 2
187 101 4
35 54 2
74 17 2
168 111 2
177 99 4
71 188 2
98 60 3
146 67 3
106 163 4
123 87 2
116 23 4
190 41 2
155 183 2
191 151 3
35 78 4
179 14 4
108 28 4
14 108 1
75 156 4
118 195 1
116 170 3
107 137 1
53 20 4
72 109 3
16 50 4
180 54 2
137 40 4
28 67 1
20 45 4
81 99 1
132 85 2
157 30 1
135 179 1
88 128 3
72 135 4
15 59 1
192 158 3
196 87 3
121 138 4
147 99 1
159 26 3
134 53 4
112 9 2
54 106 4
112 102 4
66 120 3
167 151 1
160 185 2
178 198 2
51 41 1
75 33 3
54 138 1
192 28 2
177 193 3
104 52 4
24 150 2
195 34 1
40 112 4
122 82 3
152 193 3
97 55 1
24 36 1
45 4 3
12 65 3
81 89 1
193 0 3
57 198 4
29 60 3
10 155 1
53 171 1
155 163 4
58 124 3
142 74 1
180 59 2
164 104 1
189 12 1
44 25 1
147 89 3
179 118 4
116 108 3
52 9 3
23 119 2
189 127 3
77 145 2
76 18 1
11 49 1
156 53 2
15 69 3
148 5 1
16 97 3
177 5 2
37 93 3
180 84 2
122 38 3
176 62 3
133 114 2
58 76 4
100 128 1
76 179 4
47 141 3
79 1 2
84 82 4
42 90 4
87 140 4
144 56 2
189 193 2
9 58 3
125 95 3
160 183 2
195 161 4
14 131 4
162 143 3
154 126 1
173 102 2
164 34 1
162 198 1
57 82 3
48 34 4
55 126 2
195 39 3
82 157 3
192 8 3
194 123 1
148 79 4
157 90 3
134 72 4
157 20 1
4 41 4
88 116 3
176 198 2
17 161 2
181 0 3
62 105 3
82 111 3
75 137 3
192 42 3
149 24 3
48 128 4
86 14 2
82 30 4
92 154 4
67 157 2
183 63 3
184 146 2
172 134 2
58 158 1
169 53 3
185 158 2
64 37 3
37 88 2
58 90 2
58 198 2
3 48 4
50 30 2
3 47 1
70 110 2
176 3 4
63 177 4
92 61 4
51 3 2
91 84 2
31 156 3
19 36 4
98 132 3
110 162 1
31 45 3
36 156 1
18 6 4
102 170 3
28 102 3
116 188 3
114 192 1
157 127 3
99 159 2
181 13 1
166 40 1
124 97 2
85 182 3
189 93 3
115 50 4
127 10 1
151 31 1
165 181 2
15 170 1
170 123 4
177 58 2
114 195 1
89 183 2
77 90 4
82 34 3
77 49 2
13 152 2
143 197 2
114 35 1
192 18 4
59 100 2
167 188 4
190 64 1
99 108 3
12 29 3
22 65 2
190 168 2
182 59 1
64 91 3
91 167 3
2 104 4
160 104 4
10 0 1
190 42 2
46 104 4
92 27 2
34 35 2
36 113 3
92 35 4
20 2 4
169 189 1
25 140 4
138 114 3
183 109 2
30 23 2
51 29 3
54 25 2
191 23 1
158 46 3
99 80 1
117 0 1
10 188 4
73 187 3
38 10 4
33 102 1
26 72 1
184 109 3
88 75 4
80 199 4
138 34 3
97 195 3
174 52 2
97 17 1
106 122 2
50 46 1
146 80 3
150 180 3
29 194 1
138 86 2
162 199 4
166 84 4
124 36 4
80 190 2
185 101 4
67 47 2
66 174 2
135 159 2
17 107 4
156 30 1
105 1 2
19 133 4
142 112 1
167 61 4
169 33 4
54 60 3
59 5 1
110 157 1
16 80 3
144 130 2
142 28 2
110 16 1
5 15 4
95 129 1
93 83 2
8 108 4
117 18 2
112 123 4
196 106 2
60 66 4
135 68 3
64 154 1
40 9 1
108 137 4
8 18 4
163 30 4
188 74 2
27 95 4
88 32 1
149 2 1
95 127 2
158 198 4
101 174 2
55 21 2
69 84 2
80 12 3
129 135 3
132 44 2
90 160 2
85 137 4
78 26 4
105 4 1
0 51 2
190 121 2
194 174 3
119 44 3
109 145 1
57 29 1
37 198 1
84 104 4
2 132 3
89 78 4
7 49 4
58 104 1
107 85 3
170 105 3
36 67 2
115 82 2
88 159 4
145 191 4
23 2 2
92 78 2
197 182 2
72 192 2
55 89 1
68 124 4
192 112 1
98 153 3
197 78 2
8 188 3
172 26 2
153 94 3
141 77 1
75 46 1
113 129 4
59 165 2
169 61 1
2 5 2
99 168 1
16 192 1
121 91 1
130 67 1
57 156 1
191 91 4
162 117 3
44 133 3
37 80 4
145 148 1
130 179 2
137 141 2
148 131 3
94 25 3
147 69 4
154 168 2
53 41 2
157 72 1
51 196 2
116 54 3
194 147 3
112 57 4
97 14 2
1 78 2
4 74 1
61 154 2
138 33 4
149 146 1
144 11 3
177 119 3
120 98 3
199 194 1
149 186 4
0 125 3
87 67 2
103 81 2
159 13 2
189 186 4
14 101 1
99 2 1
43 105 4
143 87 4
38 172 2
52 78 2
192 57 3
154 145 2
104 35 1
97 75 2
87 108 4
91 36 3
161 86 1
42 27 4
12 51 1
79 45 2
195 2 1
188 100 2
71 7 3
145 32 4
12 60 4
78 104 3
119 166 1
63 6 4
8 7 1
105 159 1
86 105 3
8 157 2
124 90 3
57 17 1
199 65 1
46 118 3
120 19 4
94 182 2
199 137 4
180 11 4
132 146 1
12 26 2
132 79 4
18 159 2
191 13 3
116 51 1
79 179 4
198 122 4
121 7 3
20 174 2
103 33 3
144 187 2
134 26 2
62 99 3
128 99 3
116 176 2
189 180 4
39 58 1
45 11 2
92 130 3
199 134 4
3 171 3
123 115 4
157 45 4
154 97 3
156 2 3
198 55 4
15 99 2
100 190 4
26 90 2
18 104 1
39 71 1
172 9 1
178 189 2
57 26 4
144 12 4
152 110 1
108 56 3
123 132 1
172 64 3
31 113 2
163 45 2
190 110 1
112 24 4
132 170 3
185 130 3
50 31 4
98 130 3
90 176 3
65 58 1
152 66 4
45 27 1
102 175 4
72 120 4
184 10 1
1 130 4
60 0 4
54 192 1
131 190 4
55 185 2
176 125 2
178 30 2
21 185 2
151 7 3
60 155 2
89 92 4
77 152 4
199 123 3
88 178 3
89 101 1
24 165 2
186 145 1
130 102 2
3 86 1
185 102 1
184 20 2
27 149 1
31 136 4
124 9 3
196 58 1
116 39 3
135 197 2
175 195 1
95 76 2
156 119 1
173 70 3
93 51 3
65 160 2
72 62 2
110 94 2
77 175 4
72 131 3
163 132 3
133 41 2
16 190 3
121 154 4
171 197 3
183 74 2
25 114 2
57 185 4
99 174 2
167 29 3
183 34 4
91 32 3
198 189 4
44 22 3
61 151 4
166 10 2
193 76 3
77 2 3
101 179 4
3 91 2
72 132 3
160 93 4
66 7 1
130 123 3
175 68 1
68 100 4
49 183 1
10 187 4
140 3 4
66 138 4
21 121 4
193 143 2
97 22 2
141 49 1
140 101 3
104 132 2
44 13 2
134 29 1
50 56 2
120 31 4
139 72 1
52 139 3
171 193 2
163 79 4
63 71 2
105 132 3
55 95 4
159 172 3
6 79 4
66 196 3
57 84 4
5 126 3
108 33 4
180 17 2
8 116 3
196 63 1
190 15 2
123 70 4
155 4 4
66 121 3
198 46 4
5 94 1
79 180 1
56 16 1
49 157 2
97 52 2
46 0 2
194 27 4
17 127 2
149 113 1
107 58 2
102 89 3
16 9 1
125 139 2
48 17 2
20 91 1
178 135 3
97 53 3
196 199 1
19 155 1
186 179 2
76 160 3
107 32 3
121 196 3
104 170 3
7 45 3
169 95 4
161 139 3
93 94 4
193 54 2
52 6 1
56 110 4
58 155 2
149 11 3
77 119 2
47 142 4
127 50 2
151 27 3
30 119 1
48 190 1
120 197 3
190 147 4
161 149 2
185 137 4
162 161 3
176 159 1
67 182 1
30 113 4
50 194 2
117 141 3
40 92 4
193 130 4
118 192 4
86 71 4
146 86 2
191 173 3
176 19 3
198 51 1
86 7 1
169 27 4
14 20 2
103 97 2
133 37 1
122 153 3
27 31 1
154 140 2
179 165 3
161 97 1
164 176 1
35 79 2
48 176 2
75 34 1
120 82 3
183 79 4
10 126 1
149 133 2
197 8 3
85 3 4
26 13 3
6 100 3
53 115 2
25 150 3
120 47 2
20 172 3
108 142 1
112 73 1
42 25 1
15 156 4
1 21 3
172 3 4
26 147 3
171 129 3
117 198 1
19 115 2
108 67 1
198 97 3
126 115 1
168 69 2
156 198 4
58 82 2
100 58 2
52 5 1
74 40 1
93 150 2
18 46 4
179 164 1
101 58 2
183 140 1
105 184 2
111 72 3
76 144 2
183 21 4
144 152 3
145 183 1
10 24 2
9 60 4
101 145 4
186 66 3
78 123 2
188 44 1
50 112 2
96 2 2
59 28 1
104 176 1
78 65 2
192 9 4
163 33 4
146 3 4
7 93 3
189 8 2
67 32 1
49 135 4
86 180 4
184 80 1
18 13 1
24 12 2
36 180 4
34 38 3
113 73 2
43 175 1
44 142 3
62 179 4
85 18 4
68 80 4
24 181 4
171 89 4
178 62 4
32 28 1
135 46 3
163 188 4
170 25 2
36 158 4
81 120 2
115 67 4
164 169 3
60 177 4
118 171 3
57 188 1
146 135 4
45 132 3
76 104 1
48 137 2
81 138 3
186 134 3
130 45 3
3 112 2
157 93 4
197 150 3
123 89 3
194 120 2
195 163 2
60 65 2
61 35 1
123 56 3
94 197 4
66 117 1
174 109 4
198 78 3
8 1 3
50 166 1
12 170 3
53 140 4
199 126 4
196 34 3
78 9 4
123 49 1
125 191 2
193 8 4
159 160 4
65 166 3
17 61 3
98 105 3
110 106 1
130 156 4
169 59 3
24 187 2
23 160 2
148 180 1
149 191 1
106 186 3
94 24 4
72 137 3
180 92 3
103 35 1
75 114 2
107 25 3
27 7 3
90 111 3
62 146 4
136 122 2
136 22 1
129 27 2
80 34 3
179 162 4
43 171 2
2 19 1
94 45 4
78 96 4
83 103 2
165 76 4
199 25 3
103 195 1
26 164 4
194 93 3
21 115 4
167 92 2
180 165 3
120 101 2
87 69 3
98 121 3
185 139 3
24 184 2
168 123 1
158 57 3
140 81 1
155 170 1
6 198 4
163 133 4
87 75 3
19 64 2
53 128 3
109 50 4
59 72 3
56 52 3
191 37 3
194 129 4
29 187 2
53 92 4
167 138 3
10 175 2
147 126 4
124 105 4
82 56 4
81 122 1
197 44 1
114 145 3
171 84 1
153 194 1
0 97 1
123 33 3
58 91 2
149 136 1
130 7 3
176 58 2
11 173 1
154 27 2
36 5 3
199 97 3
90 173 2
110 8 2
132 102 1
145 184 4
67 64 2
24 91 2
69 23 2
156 139 4
44 61 2
120 154 1
134 103 1
181 6 4
81 180 4
128 115 1
4 39 3
108 115 4
37 108 1
191 110 1
58 152 2
26 150 3
137 144 3
6 151 4
141 24 3
65 47 2
195 18 3
143 178 4
134 86 3
137 171 4
74 105 4
25 32 3
105 30 1
36 179 4
40 7 3
119 180 4
139 41 3
145 103 4
60 102 4
130 13 1
96 54 2
76 42 4
137 96 4
163 179 2
193 91 3
7 106 2
155 156 4
47 79 2
115 42 1
141 185 1
103 19 1
5 186 1
67 74 2
199 131 1
133 132 4
160 97 2
99 151 3
28 8 1
103 73 4
23 86 4
119 61 1
125 129 2
87 103 3
111 161 2
89 193 2
174 173 4
118 122 2
78 55 2
55 36 4
145 169 4
198 36 4
26 163 3
8 133 4
153 65 1
41 114 2
62 15 2
162 126 2
193 123 4
147 43 2
19 129 1
74 43 2
67 55 4
94 195 4
199 68 3
123 176 4
147 185 4
29 174 4
191 52 3
3 29 4
116 123 2
158 186 4
95 4 2
124 183 3
20 17 4
137 153 2
144 153 4
69 37 4
166 111 4
101 125 1
63 45 3
3 188 2
75 21 2
193 2 1
12 56 4
186 102 3
147 76 3
150 68 2
186 86 1
66 48 3
54 131 3
191 171 3
146 7 1
42 33 4
32 76 2
73 197 4
35 139 4
188 29 2
68 95 2
12 50 3
58 13 2
23 185 2
60 89 3
20 76 2
35 170 4
55 150 3
116 134 2
123 110 1
26 77 3
11 69 2
68 117 1
155 145 2
137 197 4
93 143 2
52 170 1
49 45 1
189 21 1
79 7 4
74 135 4
164 22 2
60 166 4
124 189 2
76 71 1
51 37 2
63 0 2
174 55 2
56 186 2
148 108 3
82 68 4
167 135 1
168 106 3
108 76 3
111 138 4
81 5 2
116 94 1
129 156 4
179 146 3
137 114 4
24 55 2
131 98 3
184 69 1
97 65 3
104 93 2
185 1 2
136 191 2
120 41 4
191 174 1
16 4 1
69 44 4
143 47 2
163 35 3
162 138 1
58 18 3
7 10 2
25 123 4
151 9 4
49 64 4
87 156 2
67 37 2
176 162 4
85 38 2
1 188 4
128 189 2
90 13 2
42 113 1
27 12 1
102 166 2
112 43 3
33 8 2
59 91 4
189 181 2
54 94 3
152 109 1
44 114 2
176 102 1
55 79 3
69 103 1
27 113 1
118 13 2
199 49 1
120 186 4
32 54 3
45 55 1
99 34 1
82 23 1
154 76 3
103 182 4
101 87 1
192 116 3
31 46 1
36 188 1
8 30 3
102 47 1
47 187 3
55 197 4
57 122 2
122 108 2
105 130 1
172 136 4
190 125 2
69 80 4
81 27 1
156 92 2
33 76 1
36 40 1
63 10 1
174 96 1
161 22 3
60 48 2
5 56 1
70 28 3
16 145 1
74 50 4
59 74 2
73 12 1
71 197 1
81 115 2
150 157 2
156 114 2
26 130 1
149 116 3
116 70 3
157 173 2
185 196 3
151 50 3
127 182 4
160 43 3
56 2 2
158 138 3
189 182 1
189 163 3
22 8 4
98 29 1
111 192 1
37 114 1
66 14 1
197 56 1
86 149 2
17 184 4
170 37 4
51 173 1
43 168 1
187 35 2
124 77 3
156 83 4
112 182 4
158 177 2
107 60 2
98 87 3
23 186 2
166 122 4
1 30 3
166 178 2
76 178 2
153 40 4
117 57 2
164 52 3
59 71 3
118 114 3
72 79 1
0 44 3
119 15 2
62 29 4
65 80 2
162 147 1
172 113 2
188 49 1
135 100 2
124 24 4
51 17 1
118 124 3
45 181 4
106 146 1
130 161 2
74 84 2
159 131 1
64 197 2
19 199 4
129 172 4
36 57 4
79 64 4
8 55 3
186 193 1
149 5 3
167 97 1
105 144 4
44 196 4
144 81 2
163 14 4
195 120 2
165 81 4
116 135 3
127 143 4
45 6 3
43 84 3
178 51 1
93 145 4
136 4 4
54 88 1
22 188 2
190 45 4
23 49 3
162 165 1
178 53 4
29 193 1
23 175 3
138 191 1
32 24 4
39 175 4
82 121 2
27 148 4
4 6 1
103 164 3
8 48 4
177 112 4
70 79 3
102 57 4
195 35 1
172 117 2
33 54 2
105 66 1
178 90 4
5 34 4
186 20 1
90 132 1
168 193 3
96 81 2
46 77 2
174 14 4
153 90 4
111 116 3
111 118 3
188 54 1
80 172 4
156 116 1
117 167 1
183 139 3
139 145 1
74 34 2
130 104 4
28 146 4
0 57 1
135 14 1
164 139 2
32 73 3
63 127 4
87 106 3
28 22 1
3 23 2
68 152 3
28 75 3
55 20 4
90 69 2
130 176 2
141 194 3
164 114 3
137 163 4
155 106 3
65 86 4
17 68 4
5 113 2
187 105 4
83 155 4
137 53 4
75 49 1
121 96 4
108 53 1
122 45 2
10 75 1
59 130 2
27 155 1
69 52 2
145 142 4
76 0 2
112 121 1
131 157 1
66 32 4
149 185 1
54 198 2
18 67 4
148 46 4
36 144 1
144 5 3
187 131 4
78 192 1
97 141 3
39 125 4
140 46 2
11 84 3
44 8 1
69 155 1
119 112 1
66 41 3
47 164 2
180 129 3
23 92 1
54 20 3
126 1 2
104 101 1
132 161 4
41 152 3
121 71 3
1 187 1
185 180 2
186 194 2
67 60 2
193 4 1
0 69 3
166 42 4
9 28 1
123 88 1
119 125 1
181 195 4
66 193 2
182 183 1
20 49 4
117 109 4
153 143 1
45 158 3
121 122 2
199 11 1
168 41 4
127 121 3
1 58 3
129 49 2
12 131 2
90 34 3
30 196 4
186 82 4
186 45 3
119 75 3
81 188 1
98 13 2
186 90 1
54 97 4
132 187 2
64 120 2
84 35 3
58 87 1
33 143 1
5 127 3
133 104 3
166 156 3
58 117 2
57 55 3
41 170 3
43 57 3
0 146 2
45 59 2
162 58 1
24 98 3
114 122 1
141 71 2
127 49 3
60 13 4
23 74 4
71 167 3
174 124 3
12 169 3
192 185 4
117 15 4
141 67 4
173 144 2
22 173 2
181 48 4
156 161 3
176 80 3
161 47 3
185 45 4
86 193 1
145 197 2
98 148 3
41 171 1
47 17 2
176 182 1
40 34 3
7 22 1
192 7 4
141 101 1
52 96 4
29 95 3
63 110 2
144 163 4
119 154 4
48 183 3
31 19 3
117 76 4
70 83 1
47 139 3
131 33 3
118 15 1
153 63 1
199 63 4
183 77 2
23 171 3
34 181 1
120 169 1
51 113 2
32 163 4
92 115 4
60 189 3
197 57 1
5 65 4
108 19 4
33 28 4
55 28 2
28 65 3
125 69 4
158 161 3
80 91 4
73 25 1
67 89 1
104 13 1
160 161 1
102 12 3
107 153 2
68 188 3
5 192 4
4 119 1
55 135 4
36 37 4
103 18 1
15 133 2
103 66 2
153 186 1
89 181 1
29 163 4
132 9 4
114 167 1
135 153 2
133 0 2
68 106 2
173 67 4
68 70 1
141 131 3
51 27 1
180 198 3
56 141 2
51 135 3
192 145 4
157 195 1
56 127 3
101 116 1
37 20 1
123 93 4
70 156 2
186 143 2
56 140 2
5 143 1
24 153 4
42 146 4
154 147 4
74 11 1
38 23 1
115 116 3
101 90 2
73 134 4
37 168 3
156 183 1
169 13 3
17 52 2
130 186 2
184 180 2
173 152 1
107 197 4
164 68 2
177 7 3
81 121 3
131 76 3
76 99 2
19 78 4
152 129 3
179 144 2
28 184 1
170 154 1
80 75 3
84 197 1
182 149 3
63 173 4
158 166 3
74 128 2
24 172 4
12 97 4
37 61 3
10 73 2
190 67 1
92 151 1
7 153 2
127 68 4
27 139 3
198 88 1
132 42 1
155 161 1
145 108 3
179 114 4
75 96 1
78 146 2
108 183 3
49 106 3
56 7 2
180 0 4
166 144 4
161 53 3
103 76 4
47 165 1
3 87 1
178 155 1
96 98 4
156 131 2
180 186 4
75 51 3
67 154 3
30 51 1
125 158 2
118 21 1
39 35 4
196 70 1
91 39 3
58 67 2
166 147 4
92 112 1
31 127 4
79 156 2
106 187 4
24 89 2
179 11 4
184 176 1
82 167 4
104 108 1
21 163 1
133 13 2
39 98 1
102 143 1
15 64 4
112 54 4
90 51 4
12 77 2
134 129 3
108 26 3
79 171 4
122 53 1
67 113 1
96 77 2
154 10 3
121 32 2
79 155 3
163 3 3
65 10 1
83 87 3
92 155 1
19 29 2
183 184 1
8 25 3
190 28 3
2 74 3
139 118 4
77 54 1
119 12 4
159 139 3
163 13 3
105 182 4
151 2 4
115 23 3
171 155 4
171 109 1
71 106 2
129 165 1
184 174 3
103 196 1
199 28 3
198 94 4
24 146 4
50 86 2
37 57 2
178 41 2
102 87 3
65 68 4
33 68 4
135 173 3
177 141 1
0 141 4
52 134 4
18 184 3
84 44 4
150 8 1
150 45 3
51 139 4
169 79 2
54 51 4
28 155 3
135 172 4
191 140 4
32 6 3
137 41 3
94 143 1
67 46 3
142 92 3
132 152 3
22 0 1
175 101 2
61 149 2
197 19 4
194 182 2
83 171 4
20 199 2
163 78 3
141 164 4
33 117 2
12 98 4
167 33 2
112 98 3
66 178 4
155 167 1
116 168 1
9 84 3
144 60 4
134 84 2
192 174 1
38 161 2
63 62 4
131 167 3
98 119 2
142 14 2
150 112 1
62 160 3
180 67 3
179 56 4
130 171 2
27 167 4
17 53 1
12 44 1
12 185 4
175 46 3
93 113 3
87 90 2
183 44 2
130 56 2
191 194 2
167 152 3
76 151 1
40 154 3
165 51 1
130 142 2
182 156 4
104 95 4
60 79 1
173 40 3
113 179 2
7 161 1
32 140 4
55 102 3
30 69 2
75 197 4
158 90 3
76 159 3
133 126 4
75 182 1
98 104 4
145 115 4
55 16 2
93 174 3
90 63 4
179 59 3
109 35 1
22 89 3
157 189 4
97 116 4
176 155 3
150 22 4
32 153 2
94 21 4
47 189 1
111 18 3
145 61 2
148 99 3
55 100 1
185 123 1
36 194 2
148 41 2
104 158 1
189 85 4
191 168 2
81 177 2
9 41 3
80 198 2
156 32 1
155 99 4
18 187 3
41 156 4
195 187 2
68 191 4
90 0 3
11 26 2
191 63 2
9 32 1
17 43 2
117 187 4
197 61 1
102 46 3
96 152 4
51 147 2
174 177 2
192 17 2
61 77 3
157 174 4
192 142 4
176 14 3
104 156 4
42 98 2
194 57 4
34 137 4
16 44 2
169 153 4
111 65 4
17 44 1
192 184 3
6 159 1
52 8 4
84 3 3
120 95 3
80 136 1
197 194 1
66 56 2
128 139 4
109 140 2
172 195 3
104 55 4
27 156 3
187 156 2
50 17 4
31 53 3
75 24 3
70 80 1
198 89 2
56 106 3
62 9 1
50 125 1
138 163 3
79 175 2
196 107 1
106 102 1
146 120 1
141 127 2
108 123 3
79 106 1
55 68 3
197 113 3
184 8 4
175 171 2
96 48 3
186 117 1
126 98 1
26 0 4
54 17 1
18 128 4
89 98 4
77 170 1
146 9 3
112 28 3
100 33 1
26 46 1
59 76 1
51 170 4
145 87 2
49 158 3
153 71 1
9 142 1
71 165 4
150 60 4
10 96 3
56 29 3
74 185 4
186 123 2
115 120 3
68 193 2
188 95 3
150 85 3
171 74 3
103 174 3
93 54 1
21 167 1
15 109 3
157 54 1
157 9 4
160 73 2
171 163 4
131 0 4
10 179 4
44 185 3
122 105 4
56 44 3
6 177 2
173 43 4
173 115 3
54 83 1
10 122 4
70 117 2
145 199 4
16 49 2
161 108 3
7 182 3
146 95 4
142 93 3
5 122 3
103 38 2
63 49 3
142 137 1
92 50 2
1 18 4
108 20 1
137 13 4
97 134 3
57 171 1
64 100 4
6 36 2
155 174 3
175 83 4
149 83 2
156 62 3
111 177 2
48 141 3
179 72 1
164 122 1
28 136 4
191 59 1
111 23 3
172 118 4
123 142 1
33 43 3
47 172 1
114 150 1
174 78 1
63 164 3
51 191 2
79 111 2
54 189 1
79 76 2
9 158 1
179 87 2
188 52 3
159 14 2
28 160 3
66 170 4
186 146 4
91 127 2
161 51 1
135 48 3
44 106 3
135 199 1
88 49 4
194 17 4
21 134 1
166 151 1
179 133 1
10 99 3
121 105 3
172 105 3
131 31 3
71 56 2
101 16 4
127 147 2
171 119 3
91 138 1
167 24 3
84 150 1
84 85 4
185 52 3
155 184 3
109 78 2
109 40 2
57 5 2
106 85 2
22 187 4
29 144 3
142 75 4
5 155 4
113 188 1
121 135 1
196 78 3
75 89 4
101 152 4
16 71 3
157 177 1
6 13 3
174 104 2
170 178 3
126 112 2
22 77 2
76 34 3
34 111 3
115 96 2
16 119 1
65 164 4
148 101 4
4 165 1
56 180 2
131 46 4
128 184 2
141 128 1
127 108 2
74 6 4
21 86 3
58 34 1
58 116 1
146 121 2
150 104 3
16 93 3
177 82 4
72 63 1
77 172 4
73 45 1
179 82 1
49 147 1
116 14 2
15 126 1
113 141 2
153 1 2
135 35 2
8 17 2
115 61 2
105 115 3
137 159 2
22 141 1
19 40 3
116 78 3
50 131 2
88 115 2
35 53 2
117 3 1
5 9 1
152 172 1
35 192 3
177 184 1
69 36 1
149 34 4
37 161 3
18 87 1
155 21 3
188 9 1
110 126 1
192 24 2
180 29 4
47 146 2
131 144 1
84 195 4
161 120 3
7 109 3
111 24 4
17 155 1
50 23 2
46 8 1
55 119 4
72 195 1
152 88 3
165 131 4
54 44 1
141 166 1
125 71 4
110 79 4
166 19 3
96 26 1
151 163 1
67 143 2
154 108 2
27 131 2
141 157 4
175 154 4
124 29 1
92 147 1
144 194 3
169 105 3
7 65 3
165 65 1
72 117 4
11 175 2
190 87 2
118 60 3
17 146 3
124 5 3
72 75 4
76 73 3
183 33 1
12 34 3
54 98 2
16 107 2
75 29 2
175 134 1
140 50 3
92 114 3
108 155 4
33 130 3
69 21 1
157 31 4
153 139 1
133 87 2
14 29 1
36 183 1
94 199 1
189 17 1
172 104 1
134 115 3
1 24 2
7 164 3
157 172 2
29 189 3
198 26 4
36 64 2
29 83 3
163 116 2
25 64 4
134 156 1
79 177 2
93 97 4
147 179 1
70 37 1
71 159 4
117 151 2
33 124 3
24 11 3
20 18 1
30 87 2
43 133 3
122 157 2
63 28 1
72 189 3
79 74 1
192 55 1
150 27 1
119 152 3
40 182 2
92 110 1
123 46 4
23 67 2
91 100 2
107 116 4
68 22 3
183 57 3
176 86 2
50 163 1
118 162 3
197 155 4
157 196 2
103 45 2
37 159 4
49 73 1
178 1 4
145 73 1
31 141 2
41 113 1
75 136 1
39 96 3
176 77 2
160 155 2
26 44 1
43 122 4
112 139 2
160 162 3
7 100 4
164 183 1
34 47 2
155 139 2
77 100 3
30 176 3
86 175 1
67 189 3
189 64 1
133 180 3
95 152 4
47 155 1
25 193 1
109 122 1
191 105 4
164 84 4
193 17 3
77 189 1
12 74 1
163 142 4
72 156 4
195 75 4
35 25 3
149 141 3
174 50 2
17 29 2
123 18 3
35 101 2
32 100 2
124 67 1
98 189 2
66 129 2
28 189 4
47 196 4
66 143 3
80 42 1
188 84 2
151 72 4
112 5 3
74 137 1
52 13 1
170 108 1
8 166 1
51 52 1
121 165 3
151 183 2
102 117 4
160 38 4
168 196 4
189 51 1
143 114 1
180 194 4
189 112 4
74 35 1
183 100 2
43 143 3
89 66 2
72 161 1
143 44 1
67 167 2
144 155 3
50 178 2
106 48 3
50 143 2
83 145 4
77 115 2
141 190 4
56 40 4
79 99 3
94 114 4
168 18 4
136 138 3
196 198 4
73 129 3
156 80 3
100 13 1
11 92 3
177 54 1
190 7 2
99 161 2
87 147 2
160 181 4
56 60 4
199 192 2
134 2 1
23 47 4
50 191 2
113 64 2
132 88 4
129 117 3
113 69 2
132 141 2
151 60 3
165 3 2
83 50 4
61 33 4
94 155 2
47 103 1
37 147 1
11 38 1
24 185 1
128 95 3
193 33 4
75 180 2
8 111 3
75 66 1
30 64 3
188 104 2
128 39 2
194 74 4
190 182 1
17 140 3
92 88 4
21 198 4
48 124 2
76 157 2
50 90 1
100 76 3
39 144 3
26 22 3
9 161 4
128 170 4
178 13 4
6 187 1
7 48 2
114 186 4
118 144 3
102 196 2
191 32 4
166 150 3
16 28 1
75 170 4
129 150 4
104 86 3
138 102 4
45 168 4
48 16 3
49 14 3
195 54 3
169 88 1
154 66 3
103 187 1
95 157 2
157 130 3
46 13 1
11 22 2
90 44 2
98 170 3
57 48 1
115 25 4
112 164 3
63 76 2
29 20 1
33 50 3
183 123 1
43 99 1
67 133 4
150 50 3
171 196 3
60 77 4
71 111 2
192 163 3
75 187 1
122 127 4
71 52 4
189 1 1
78 27 2
171 11 1
48 76 1
90 103 2
101 59 3
91 50 1
190 164 4
159 126 1
17 153 4
50 62 3
30 17 4
177 22 2
126 51 4
176 16 3
106 199 3
187 123 1
105 131 2
196 135 3
46 71 2
9 113 2
144 156 3
50 67 3
19 7 1
66 3 1
33 186 1
63 53 3
127 21 3
88 166 1
27 18 3
57 130 3
5 38 4
33 190 3
171 107 3
53 186 2
111 31 2
22 197 1
130 177 4
93 77 3
65 169 4
165 151 2
53 40 3
89 199 1
102 38 2
180 70 2
175 4 4
154 106 1
61 90 2
37 104 4
133 138 1
160 140 2
9 25 3
55 177 2
178 157 2
30 120 1
14 35 4
114 91 2
185 31 3
61 48 2
181 173 1
123 34 4
28 179 4
114 130 1
53 151 4
3 133 2
67 59 1
10 135 3
29 7 3
38 36 4
130 0 4
172 81 1
99 163 2
20 151 4
190 154 3
158 25 4
69 171 3
64 87 4
133 105 4
115 185 2
187 33 3
86 81 3
57 32 1
6 113 4
16 131 2
52 76 4
133 98 3
37 197 4
2 123 1
153 62 3
60 32 1
4 172 4
180 57 3
92 22 1
141 51 2
172 48 3
76 124 2
194 22 1
53 62 1
65 132 4
31 25 2
177 151 4
16 120 1
132 15 3
29 172 1
147 149 2
149 71 3
25 93 3
70 72 1
22 190 1
3 38 2
33 29 2
139 97 2
48 171 3
152 161 2
113 94 3
82 184 1
150 196 2
30 123 2
119 135 3
113 176 3
165 173 4
97 110 4
167 85 2
91 160 3
122 196 3
78 168 1
162 134 3
96 144 1
58 77 3
13 47 2
56 177 1
6 51 4
117 179 2
138 18 2
113 38 2
39 150 2
75 177 1
124 113 2
147 132 1
93 29 2
185 80 4
184 71 4
151 62 3
89 15 1
103 67 1
103 150 2
26 91 3
154 34 1
150 135 3
130 62 2
131 122 4
50 55 1
9 0 2
198 173 2
158 72 3
95 161 4
134 191 3
103 34 3
185 138 2
23 114 4
143 18 4
120 140 2
179 24 4
37 181 1
27 152 4
129 177 3
15 34 2
119 196 1
190 24 4
66 92 4
56 169 4
123 146 3
65 134 2
83 90 3
155 18 1
64 164 2
44 115 4
75 69 4
181 41 2
27 40 4
125 118 3
160 171 1
31 114 3
195 16 3
11 154 3
15 29 1
46 1 3
73 191 3
185 169 3
114 29 1
58 72 4
40 106 3
137 192 2
182 154 4
103 48 4
169 121 2
89 54 4
170 161 1
69 173 3
160 114 1
140 146 2
155 146 2
80 108 4
51 117 4
70 162 4
114 6 3
52 190 3
62 175 3
142 132 3
32 142 2
0 72 4
122 16 1
197 132 2
109 188 4
197 90 4
95 163 4
153 159 3
79 66 1
166 27 4
123 75 1
62 10 2
143 10 3
115 0 2
16 41 3
141 25 4
3 182 1
146 112 1
102 84 1
19 156 2
41 6 3
164 94 3
189 58 2
77 48 4
76 67 4
173 169 2
10 181 1
137 125 4
127 93 4
179 108 1
142 158 1
65 187 4
18 102 4
140 152 2
37 124 3
54 129 4
23 135 3
152 159 4
168 21 3
36 189 3
49 61 3
110 144 3
15 8 1
140 86 3
23 150 3
45 131 1
101 52 2
133 26 2
140 189 3
155 100 4
67 131 3
44 37 1
121 25 1
181 139 3
72 145 2
71 15 3
185 163 4
125 37 3
53 80 2
46 69 2
100 153 3
173 101 4
179 155 4
15 7 2
109 14 4
170 162 3
114 34 1
183 176 2
96 189 3
31 116 1
55 52 3
187 38 1
161 157 2
26 102 3
60 161 2
57 67 2
186 181 2
60 18 4
103 55 4
126 185 3
149 4 2
5 197 2
37 143 1
175 37 4
92 45 3
41 5 2
73 184 4
199 83 4
148 114 2
158 60 3
121 54 2
83 129 2
74 90 2
0 152 4
146 189 4
176 141 3
152 69 2
75 152 4
138 97 4
120 165 2
141 174 3
139 34 1
195 41 4
147 172 2
140 135 2
164 61 2
102 162 3
162 12 3
195 176 1
4 171 4
16 172 3
64 168 1
155 122 3
130 36 1
129 98 3
111 165 4
144 175 4
103 147 1
81 36 1
48 27 1
143 62 1
80 23 2
98 146 2
119 94 4
150 59 2
13 120 1
178 148 2
198 0 2
152 186 2
54 30 4
139 13 2
22 144 4
102 2 1
7 195 2
71 3 1
170 121 3
51 131 1
124 16 1
112 184 2
102 0 2
173 195 2
135 134 1
172 154 4
185 29 1
0 196 2
94 154 3
14 137 1
175 63 3
26 55 2
134 141 4
11 40 2
179 7 1
135 102 1
22 82 4
97 150 2
92 42 4
27 65 1
157 21 3
184 171 2
98 108 1
75 70 3
184 7 2
82 9 1
132 61 2
45 51 4
109 55 3
12 38 3
97 165 1
119 78 1
93 193 2
35 108 4
89 118 2
65 2 2
35 183 4
16 121 4
38 28 4
161 151 3
70 108 1
81 156 1
163 96 2
96 184 4
8 113 4
139 111 2
2 90 3
118 97 2
113 107 2
83 178 4
41 108 2
92 172 3
24 33 2
44 118 2
82 119 2
130 65 1
199 150 4
178 162 1
24 144 4
62 68 3
160 101 4
87 144 2
93 64 1
81 173 1
44 48 1
159 183 1
43 182 1
109 70 3
151 188 4
160 141 1
35 172 4
147 115 3
84 64 3
165 155 4
194 4 2
0 190 4
80 192 1
179 157 1
31 60 1
100 170 1
41 50 3
141 76 4
183 163 1
141 195 2
44 112 1
114 55 2
91 33 3
173 48 4
49 139 3
23 1 2
197 165 2
194 46 1
66 65 1
107 19 2
8 91 3
168 91 1
47 10 4
177 15 3
55 160 1
141 80 2
186 100 1
175 137 3
137 140 1
125 33 4
77 195 4
36 157 2
79 149 3
121 137 3
179 53 2
183 142 2
40 42 4
100 35 2
158 120 4
130 70 1
25 40 4
92 77 2
150 167 3
121 177 2
2 29 1
52 40 2
103 129 3
46 160 4
187 25 1
51 31 4
95 153 4
70 7 2
50 170 1
187 94 3
105 118 1
165 12 2
106 151 3
192 127 3
119 90 2
57 111 1
100 82 1
159 31 4
165 198 4
191 27 2
109 79 1
124 192 1
170 177 1
35 147 3
130 64 4
87 46 4
184 133 2
173 1 2
124 111 3
157 98 3
185 46 4
126 168 4
180 1 2
59 63 3
74 20 1
35 69 1
159 187 3
25 30 3
35 49 3
56 78 4
14 24 4
50 8 1
114 189 4
82 175 4
26 95 4
74 122 2
127 185 4
145 170 2
178 168 3
196 128 2
21 106 2
12 86 4
131 100 3
199 23 4
84 199 1
176 158 2
93 87 4
111 49 3
2 70 4
68 172 1
147 189 4
95 143 1
30 194 3
97 4 4
168 5 2
132 38 3
122 19 4
124 185 4
52 38 1
65 36 1
163 16 4
193 85 3
87 11 3
147 7 2
151 121 4
21 138 1
1 171 2
117 47 4
13 88 1
162 183 3
59 105 4
128 94 3
71 97 3
105 17 4
39 104 1
25 7 4
117 12 2
31 126 1
91 57 2
67 123 4
25 182 2
157 48 1
105 165 2
68 116 4
186 113 1
20 5 4
197 146 3
137 194 1
184 79 3
102 152 2
143 31 1
66 197 3
23 141 4
97 142 2
82 39 1
136 25 4
140 39 2
168 25 1
90 45 3
38 183 3
30 95 1
95 195 4
48 165 4
55 141 4
182 155 2
38 44 3
141 28 2
22 148 1
34 127 1
170 81 3
50 117 4
23 44 4
172 124 3
80 118 1
61 103 3
127 26 4
103 118 3
71 151 4
7 72 2
30 151 1
190 179 3
63 66 1
156 73 4
80 133 1
173 93 2
135 32 3
28 53 4
39 8 4
45 25 3
138 69 4
38 159 3
198 159 1
123 162 1
49 1 4
29 186 4
174 76 1
163 103 1
11 81 2
185 27 4
45 76 4
31 144 4
127 167 4
191 189 2
123 27 1
127 169 3
3 196 1
124 164 1
164 89 3
26 7 3
106 10 2
191 82 2
13 81 3
178 65 1
158 89 4
162 131 3
96 97 2
15 55 1
14 48 2
18 50 3
172 76 3
168 61 2
79 42 2
73 6 2
156 34 3
181 154 1
161 121 1
22 38 2
169 1 2
102 50 3
14 13 3
163 12 1
26 47 2
73 79 2
162 64 3
194 164 1
10 193 3
156 120 2
11 130 3
56 97 2
111 84 1
190 96 1
28 180 2
73 58 4
128 61 3
107 57 2
125 189 4
37 47 1
81 45 4
147 153 3
75 147 4
1 48 4
66 160 4
198 129 2
12 112 1
48 144 1
25 61 1
127 188 2
177 171 1
176 37 1
134 14 3
100 196 2
38 75 2
9 107 2
5 133 3
28 94 2
49 10 3
187 197 1
6 171 4
182 62 3
152 12 4
70 66 2
155 149 3
167 129 2
193 182 3
164 57 2
61 144 1
196 22 4
167 28 4
32 94 4
173 17 3
42 152 2
102 110 1
28 105 2
67 73 1
154 124 1
161 173 4
78 144 4
126 141 1
125 79 3
171 70 1
7 160 3
27 177 1
132 18 4
145 66 4
170 115 4
168 50 3
152 62 2
12 13 1
187 136 2
63 166 2
58 63 2
22 61 2
111 106 1
134 68 1
179 134 1
195 63 2
119 150 4
36 174 3
189 16 4
103 175 2
91 2 1
45 136 2
74 178 4
195 9 4
47 113 1
121 153 2
191 117 4
199 6 3
81 63 2
155 175 2
60 20 2
144 91 4
123 45 4
174 38 4
96 36 4
122 100 2
155 140 1
122 83 4
6 106 4
135 83 3
108 176 3
43 191 1
123 52 2
69 68 3
69 129 3
148 59 1
194 49 1
132 23 1
170 6 2
82 77 2
87 121 1
34 185 1
167 159 3
140 15 4
132 31 4
13 124 1
60 86 2
29 169 4
181 184 2
169 161 2
189 19 2
136 100 4
183 117 1
43 27 3
95 40 3
160 84 4
44 179 3
83 177 3
139 54 4
108 169 4
83 148 3
176 147 2
125 182 3
46 92 1
63 14 4
90 22 1
150 33 1
51 140 1
33 140 4
169 101 2
147 10 1
77 19 1
172 139 3
20 16 4
159 73 3
198 50 1
186 14 4
52 32 1
44 140 3
56 31 2
83 33 2
53 130 1
120 22 3
52 19 4
121 133 2
110 60 3
179 158 4
192 172 4
5 194 3
45 42 4
63 55 2
79 143 4
15 79 2
145 81 1
0 126 1
15 42 4
50 60 1
6 81 2
12 116 1
9 29 3
11 56 3
52 142 3
114 85 3
15 95 2
128 17 3
54 50 2
13 197 3
159 22 1
46 64 2
145 38 4
165 15 3
58 123 1
27 17 4
29 85 2
194 190 4
38 42 2
132 106 1
116 28 3
154 93 4
4 189 1
18 131 1
59 159 3
68 31 4
140 104 3
37 85 3
175 178 3
156 126 1
61 57 1
155 188 4
127 35 3
18 146 2
14 155 1
28 120 3
57 62 2
36 86 1
88 157 1
175 16 2
140 76 2
70 170 2
59 2 2
107 71 1
143 189 4
31 168 4
183 143 1
177 80 4
141 183 3
156 170 3
25 166 4
154 193 2
135 71 4
166 67 2
166 4 2
77 47 1
103 151 2
111 40 4
124 12 4
119 199 2
6 5 2
14 185 2
91 149 4
137 33 3
83 197 4
92 0 1
48 91 2
136 13 2
64 118 3
116 33 2
145 22 3
169 39 3
44 178 1
1 135 2
70 10 3
78 76 1
173 8 2
13 99 1
90 181 2
142 187 1
124 3 4
193 111 2
0 98 2
18 52 4
135 103 1
98 74 3
145 129 4
19 58 3
77 94 1
168 128 4
43 13 3
139 24 2
133 51 4
2 137 2
19 66 4
97 67 3
86 169 2
145 92 3
168 84 4
93 108 4
56 90 1
29 182 3
155 103 1
123 84 3
83 66 2
33 19 3
77 186 3
142 186 4
125 197 1
11 42 3
112 191 1
109 161 3
123 127 1
135 41 4
70 48 1
32 48 3
123 99 2
21 58 2
66 162 4
126 172 2
145 64 1
38 147 1
92 134 4
89 135 4
169 28 4
66 44 1
158 19 2
83 56 1
174 9 1
102 167 3
53 5 2
61 187 4
32 37 1
73 127 1
23 60 2
18 156 2
33 13 4
100 114 4
12 160 3
31 104 4
171 100 2
59 119 4
188 159 2
49 81 1
168 164 3
115 84 2
72 35 4
139 86 3
161 71 3
64 125 3
143 135 2
94 81 4
160 18 1
2 119 1
40 33 3
173 147 3
181 9 2
27 59 3
34 199 3
29 116 2
160 164 2
129 28 4
6 141 2
132 10 3
173 183 4
186 40 2
75 159 1
107 20 1
52 63 4
35 60 3
145 31 3
117 81 2
80 79 4
141 93 4
31 124 4
67 69 4
21 23 3
41 174 3
118 155 3
111 14 1
7 43 4
176 51 3
5 32 2
138 87 1
115 65 4
46 142 2
25 19 2
67 136 3
33 120 1
106 195 4
133 160 4
61 2 1
140 149 2
129 58 4
120 143 3
182 55 4
48 13 4
21 139 4
32 189 3
100 144 4
101 198 2
82 163 3
13 85 4
125 77 1
146 32 1
125 60 2
112 176 3
25 152 4
61 137 4
34 142 4
62 74 1
121 141 2
72 150 3
164 193 2
13 167 4
42 131 2
16 10 1
8 86 1
34 120 2
194 52 3
199 85 3
169 163 2
141 60 4
153 141 3
108 92 1
112 70 4
140 0 4
40 17 4
49 137 1
191 9 3
72 41 3
69 189 4
192 179 1
33 86 4
90 57 2
27 172 3
166 91 3
52 177 3
85 161 4
79 187 2
154 81 2
71 23 3
36 14 3
117 144 3
174 95 4
107 186 4
119 27 1
144 72 3
136 139 4
99 85 2
132 108 1
161 30 3
55 70 2
142 6 1
34 43 3
44 43 2
53 146 4
51 28 3
174 134 1
166 154 2
64 165 2
20 23 3
38 1 2
23 146 2
90 108 1
193 178 3
31 89 3
43 32 4
99 139 3
27 157 1
170 4 2
110 124 2
136 61 1
37 14 2
199 53 4
97 143 2
53 175 1
192 189 4
12 109 1
78 85 3
139 12 4
69 40 1
10 37 4
74 66 4
167 103 4
196 91 2
151 21 1
43 64 2
51 80 4
59 168 4
176 61 2
174 89 2
124 62 3
12 173 3
0 127 2
88 117 4
86 188 3
63 172 4
99 96 2
91 156 4
159 142 1
74 48 2
48 72 1
168 108 3
106 178 3
199 122 2
82 168 2
16 156 4
176 160 4
134 185 4
100 83 3
135 38 2
52 86 2
90 31 3
11 139 4
109 175 4
26 189 1
108 23 3
139 135 2
104 141 3
115 45 2
75 183 4
158 4 1
146 100 2
146 85 2
96 15 3
107 146 4
146 143 2
59 164 3
74 199 2
182 107 1
50 182 3
181 29 2
27 39 1
33 139 1
102 41 3
56 72 2
40 85 2
85 80 2
82 54 4
199 15 2
144 181 4
191 21 2
8 154 1
70 42 1
86 28 4
6 3 2
100 165 1
71 147 2
53 16 3
139 162 4
123 153 4
109 52 4
69 182 1
133 31 4
60 164 4
39 32 1
180 146 2
103 152 2
118 29 3
103 138 4
12 68 1
23 40 4
148 173 1
48 50 4
120 142 3
166 136 2
191 164 1
162 195 3
77 105 1
187 44 2
130 87 3
7 144 4
113 23 3
166 184 2
92 98 1
13 66 1
8 134 2
183 4 1
152 17 1
154 192 1
40 18 4
162 193 4
16 143 2
113 98 4
39 157 2
104 146 2
134 79 4
36 133 4
15 18 2
11 169 3
186 157 2
46 172 3
146 114 4
106 142 2
79 8 3
74 119 2
75 153 1
84 196 2
160 17 2
60 21 4
104 36 2
17 88 1
41 77 2
159 0 2
95 80 2
81 126 1
173 21 3
12 43 3
89 104 4
170 191 1
20 97 1
163 47 4
97 88 4
27 14 3
137 28 3
123 149 1
74 152 1
140 100 1
95 176 3
176 145 2
12 103 1
190 126 1
45 149 3
102 74 1
13 176 1
163 84 2
104 4 2
164 157 4
82 74 3
104 125 2
196 92 2
151 67 1
5 74 2
185 33 3
132 159 2
66 142 3
82 85 4
140 72 2
156 136 2
1 183 2
103 199 4
0 174 1
166 3 2
82 40 4
64 119 3
89 57 3
79 97 4
79 172 2
63 100 2
175 168 1
11 113 4
167 199 4
107 98 1
47 40 4
135 171 2
183 19 2
38 106 1
54 67 2
172 86 2
140 134 3
118 86 4
144 112 3
7 104 1
175 147 2
11 155 4
31 78 2
58 42 1
40 165 3
65 37 3
24 62 4
12 42 1
161 148 4
89 83 1
19 43 4
87 189 1
123 21 1
156 175 3
94 44 3
44 144 2
85 121 2
184 0 2
64 80 1
45 173 1
2 141 1
134 3 4
169 87 1
181 164 2
30 63 1
16 196 3
26 10 4
5 23 2
158 50 3
14 144 4
52 49 2
179 169 3
10 32 2
68 101 3
84 54 4
118 127 4
143 184 3
147 18 2
123 157 2
178 159 4
197 142 3
137 50 4
79 20 2
85 41 2
85 171 3
31 189 3
23 162 4
192 58 1
60 112 2
113 101 4
199 93 1
179 166 3
23 120 1
96 178 2
111 117 2
36 186 1
73 96 2
87 109 3
163 158 4
78 152 4
26 67 3
164 120 1
137 92 4
19 194 2
24 52 2
28 125 1
156 0 1
107 18 2
23 32 4
168 6 2
135 47 4
80 97 1
2 129 2
125 199 4
54 95 1
62 190 2
125 105 1
151 78 1
25 113 2
161 184 2
37 72 3
100 184 4
137 8 2
167 176 4
89 91 4
36 140 2
92 1 4
186 55 1
151 79 1
14 95 2
5 12 4
129 74 4
62 139 1
90 193 3
76 111 3
161 123 1
164 126 3
11 102 3
61 72 3
76 152 4
180 9 4
130 120 2
196 189 2
168 35 4
40 105 3
165 113 2
96 166 4
105 109 3
148 107 3
16 177 1
167 93 3
175 143 4
60 190 3
5 7 3
166 83 3
155 194 3
170 86 3
95 102 3
41 1 2
78 111 2
126 149 4
27 87 2
165 127 3
162 191 3
51 130 3
126 96 1
159 20 2
112 42 3
75 134 1
34 17 1
15 77 2
33 144 2
61 140 3
20 142 3
68 165 2
87 39 2
83 188 1
184 72 4
72 149 1
174 91 3
168 29 1
109 61 4
86 22 3
135 31 2
94 106 1
73 0 4
9 86 1
86 143 1
167 198 3
65 141 1
10 90 4
184 46 2
196 76 3
111 108 1
93 96 3
112 194 4
56 59 4
88 57 1
28 80 3
73 47 1
196 143 2
60 87 3
180 171 3
174 87 1
190 27 4
15 107 3
161 153 2
24 22 4
13 39 2
114 141 3
33 189 2
18 31 4
114 28 3
35 143 4
38 151 2
9 93 1
158 34 4
73 90 3
47 147 1
192 147 1
162 21 3
194 135 4
165 174 2
8 159 1
123 174 1
37 139 3
40 152 3
185 77 2
33 126 3
168 86 4
158 43 3
189 122 2
137 18 4
156 197 2
32 84 3
93 187 2
69 192 2
29 88 4
25 100 1
40 76 2
143 139 4
142 111 1
7 176 4
42 135 4
118 109 3
36 103 1
113 17 1
71 93 1
127 133 2
68 190 1
12 18 4
190 144 2
37 12 3
168 181 1
61 31 4
155 128 2
143 19 2
171 92 3
67 137 1
102 70 3
12 96 4
146 8 2
58 175 4
187 53 2
181 117 4
81 192 1
96 134 2
168 0 1
123 90 4
78 139 1
13 86 4
147 128 4
171 139 4
49 198 2
134 0 1
193 145 4
36 195 3
65 103 3
13 84 1
0 124 3
125 144 2
32 112 3
59 68 1
5 42 3
91 41 1
25 95 3
59 174 4
192 171 4
172 7 1
55 194 3
64 178 1
108 177 3
177 34 4
65 53 1
45 87 1
138 83 3
129 11 1
35 167 3
191 104 2
58 159 4
6 76 4
172 193 3
81 52 2
68 83 3
181 166 4
116 52 3
23 79 3
92 189 2
98 35 2
117 83 2
59 129 2
86 109 3
16 186 2
25 108 3
27 30 1
96 21 3
57 157 4
140 170 4
120 12 1
154 144 3
148 35 1
164 62 4
192 91 2
73 35 2
44 195 2
44 49 2
116 164 1
43 108 4
163 62 1
164 111 1
103 91 4
73 143 2
121 64 1
49 118 4
196 112 1
60 160 4
83 169 2
87 99 4
119 79 1
27 128 2
30 38 4
74 186 1
67 135 3
180 144 1
26 122 3
194 94 3
111 158 1
160 48 3
157 121 1
198 108 4
137 0 1
75 74 4
125 177 3
93 101 3
31 37 1
15 110 3
181 61 3
170 135 3
75 26 2
98 191 1
196 26 2
152 55 2
74 31 1
122 177 2
186 47 3
5 189 2
113 66 2
4 26 1
120 150 2
13 23 4
179 25 1
88 120 2
154 33 1
164 128 4
167 60 4
148 0 2
188 165 3
77 29 4
190 17 1
37 8 1
3 94 3
170 93 2
83 128 3
163 182 3
32 105 2
138 76 4
109 137 1
81 78 3
178 172 1
42 62 2
104 88 4
174 86 2
175 96 2
157 190 1
3 137 1
119 131 3
2 162 2
187 72 4
106 167 1
61 54 2
143 177 3
179 26 4
112 179 2
127 57 4
198 67 1
118 34 1
129 15 1
49 76 3
15 182 3
73 121 3
99 118 4
24 132 2
66 102 1
68 174 3
27 28 3
47 92 4
165 128 1
128 29 4
109 124 2
121 28 2
56 22 1
186 169 2
163 134 4
3 151 4
79 191 4
41 44 2
103 40 1
6 190 3
95 41 2
120 166 1
191 156 1
48 6 4
11 17 3
116 142 1
98 51 1
9 114 4
161 35 1
28 107 4
40 73 4
84 117 2
93 33 3
12 84 2
28 19 4
101 92 1
56 111 4
165 189 4
1 54 1
124 128 3
87 192 2
165 80 4
187 112 1
40 129 4
89 13 3
39 160 2
176 133 1
117 34 2
4 142 4
42 180 1
100 92 3
98 23 4
118 113 4
24 13 4
154 103 2
93 147 4
25 188 3
19 10 2
27 115 2
130 199 3
2 113 1
59 152 1
40 1 2
183 81 3
187 170 4
80 19 4
50 100 3
89 120 4
119 164 3
123 16 4
83 12 1
111 17 2
107 150 3
94 6 3
152 70 2
134 77 4
176 175 2
167 55 1
188 31 1
145 57 2
6 34 2
65 51 1
124 157 3
112 78 3
68 9 3
15 23 2
58 137 3
172 15 1
105 107 2
103 115 4
185 113 2
75 172 3
70 120 2
42 171 3
140 21 1
171 67 4
30 53 2
60 121 1
41 26 3
99 20 4
77 1 2
125 185 2
75 0 3
20 197 1
107 10 1
89 141 2
153 69 2
151 107 4
98 10 3
90 188 4
66 159 4
63 7 3
2 139 1
138 60 3
167 116 2
55 120 3
128 134 2
133 106 4
8 56 1
95 64 4
81 34 3
7 42 4
2 1 2
111 5 4
199 179 1
120 60 3
160 58 4
82 151 3
18 29 1
5 98 1
189 83 2
65 81 4
90 48 4
195 110 4
81 162 3
26 124 2
170 33 1
97 41 2
33 74 4
7 58 3
62 169 1
55 2 2
57 58 1
8 98 3
168 68 4
45 191 4
108 189 3
95 89 1
80 36 4
149 181 4
126 2 4
65 123 1
60 74 3
100 75 3
84 174 3
157 84 1
180 175 2
169 76 2
145 182 1
101 31 4
140 16 1
56 163 4
16 33 1
147 159 3
25 56 4
154 87 4
78 159 3
40 117 3
111 130 1
190 35 1
83 172 3
141 44 3
41 119 2
5 66 4
82 135 3
132 27 2
54 16 3
171 147 1
86 1 2
190 196 4
83 160 2
16 65 4
122 71 3
34 143 2
128 176 4
61 56 3
124 91 1
176 190 3
41 83 2
100 61 4
130 21 1
131 143 2
149 22 1
15 80 4
107 13 4
50 15 1
186 183 2
83 75 1
38 168 4
181 52 2
102 75 1
8 27 4
161 135 2
107 164 1
26 42 2
25 85 4
134 62 2
56 109 4
194 177 1
55 76 1
184 150 1
196 138 2
159 56 3
62 104 1
100 107 2
38 146 3
190 155 2
34 190 1
160 9 1
165 25 3
73 173 3
65 73 1
153 41 3
99 39 1
60 39 3
72 78 4
48 164 3
80 82 3
26 35 4
6 47 4
71 50 3
177 26 2
192 182 1
124 153 4
54 31 4
152 9 1
93 126 4
159 90 2
121 43 1
198 18 1
42 18 4
52 57 4
168 186 4
138 22 1
199 76 1
189 65 1
163 128 4
182 34 3
143 36 4
133 107 4
168 24 4
159 155 3
19 98 4
111 54 3
118 70 1
178 34 2
170 159 3
144 69 4
14 80 1
2 121 2
145 1 2
131 188 1
138 27 2
113 126 1
106 55 1
120 29 1
194 31 1
180 124 3
82 140 3
63 155 4
118 191 2
28 104 4
191 36 1
48 28 2
121 178 3
63 138 2
174 129 2
83 17 1
112 93 1
33 97 4
61 85 4
71 58 3
51 55 3
32 157 3
117 28 4
125 123 3
143 163 2
189 132 1
89 16 4
182 139 2
21 77 2
98 174 3
176 60 4
91 131 2
5 25 3
54 167 2
67 139 3
0 45 3
141 62 3
26 16 3
194 157 1
41 58 3
168 183 2
2 73 4
161 145 3
160 128 3
18 56 2
151 147 4
198 27 1
97 11 1
77 39 3
86 121 2
98 156 3
43 62 4
140 123 3
163 68 2
169 51 2
94 15 4
85 130 2
97 117 2
79 87 1
62 144 3
110 61 1
134 147 1
126 26 4
65 102 1
66 24 4
30 127 4
100 9 4
107 132 3
156 17 1
121 24 1
69 93 3
128 137 2
7 174 2
5 105 1
134 196 4
102 25 1
89 28 1
184 64 4
189 115 2
195 46 4
80 132 4
197 76 3
84 126 2
11 161 3
83 198 2
170 138 1
198 107 1
56 162 4
129 84 1
95 183 4
9 163 1
60 49 3
172 74 2
49 37 1
174 147 3
196 111 2
46 93 2
181 178 1
146 71 3
162 166 2
14 11 4
162 155 2
129 26 3
104 198 3
56 32 3
177 140 3
67 169 3
178 37 1
28 98 2
199 67 3
95 34 2
36 30 3
8 187 1
28 124 3
171 34 4
134 164 2
176 192 3
140 164 2
181 15 1
175 119 4
110 135 1
199 109 2
101 124 3
56 138 2
31 103 1
21 27 3
95 83 2
32 38 1
84 140 2
85 158 2
155 46 3
112 34 4
175 91 2
20 80 4
149 38 3
73 23 4
150 117 1
65 144 2
133 72 3
197 176 3
199 73 2
85 178 2
65 127 2
196 72 1
1 44 3
175 142 1
147 169 3
81 182 3
102 34 1
71 101 2
192 119 4
72 32 3
25 154 1
9 123 1
92 76 4
96 56 3
28 62 4
115 165 4
128 0 1
95 179 2
80 158 1
65 133 2
94 85 1
33 109 4
134 117 3
30 117 2
175 112 4
14 91 2
22 21 3
43 104 3
105 27 2
190 97 4
95 69 1
105 171 4
142 167 1
181 14 1
41 128 3
79 21 1
172 187 4
89 187 2
29 41 1
81 59 2
162 40 3
144 99 2
150 193 1
162 15 1
28 130 3
141 54 3
153 105 4
183 102 3
151 137 4
52 160 1
15 147 4
72 98 3
55 193 4
71 104 2
77 14 1
139 77 3
16 136 1
157 143 4
99 65 2
96 68 2
22 122 3
78 53 1
70 92 4
139 134 2
44 55 1
55 170 4
81 61 2
128 62 2
170 150 4
162 167 3
162 151 2
18 178 4
163 72 1
128 159 4
82 63 3
50 40 2
67 161 2
11 160 3
132 199 2
57 184 2
69 6 2
166 175 1
108 16 3
95 198 3
156 8 4
97 94 3
30 19 3
102 180 2
16 68 4
78 114 3
39 113 4
193 149 3
190 119 4
166 47 2
97 7 4
132 37 1
4 14 1
27 124 4
24 123 4
118 26 4
152 148 1
121 51 4
198 75 3
127 111 1
33 3 4
76 61 3
51 159 1
107 162 2
180 123 3
120 184 4
179 64 3
141 107 2
119 170 3
108 48 3
51 14 1
97 92 1
3 103 3
97 13 4
84 25 1
11 176 2
171 16 4
101 94 4
11 7 4
115 76 2
172 91 2
134 105 2
84 130 1
128 180 3
118 83 1
103 198 1
8 64 3
122 34 3
136 52 1
93 176 3
75 135 1
101 0 2
180 10 1
99 89 3
112 25 4
184 55 3
179 119 2
61 199 4
95 37 2
123 184 2
144 27 1
87 19 1
82 101 2
17 158 4
14 30 3
183 29 4
109 1 3
128 173 3
97 81 4
166 37 1
181 97 3
38 74 2
126 178 3
54 72 2
124 144 4
100 163 2
177 13 1
151 196 3
60 186 1
11 186 2
47 193 2
30 131 2
177 169 2
139 176 2
34 160 3
158 100 1
4 156 2
159 177 2
11 172 1
151 48 3
138 174 2
182 51 1
46 120 1
38 173 3
166 172 3
58 126 4
111 155 2
158 155 2
181 98 1
3 104 2
82 134 4
133 59 2
143 6 2
173 75 1
178 161 2
15 131 4
44 170 3
13 0 2
163 124 3
136 188 2
196 152 1
176 119 3
91 116 3
185 38 3
161 117 2
193 175 2
88 195 1
10 138 2
133 192 1
150 70 4
81 160 4
187 153 4
167 163 1
115 104 3
131 22 4
80 30 4
18 193 2
84 80 1
16 198 1
4 69 1
87 51 3
135 85 4
129 155 2
69 86 1
193 127 3
13 75 4
196 61 4
192 186 2
46 116 4
2 25 3
195 17 3
141 17 3
24 138 4
90 192 4
145 60 2
197 39 3
176 189 1
73 38 1
58 60 3
168 109 1
64 160 4
49 113 3
85 33 4
150 172 1
95 91 2
56 39 3
118 185 1
25 160 2
99 56 3
140 131 1
20 95 3
6 71 4
137 54 1
41 56 4
54 178 1
75 131 1
184 122 1
175 177 4
2 142 1
85 46 4
65 70 4
181 88 2
54 159 4
29 49 4
142 151 3
102 27 2
44 171 3
85 142 3
166 174 3
16 31 2
138 139 1
88 38 1
170 148 4
147 28 3
194 48 4
20 67 2
33 10 1
71 166 2
121 173 2
83 39 2
63 68 3
64 59 1
184 110 4
160 105 1
142 25 1
27 35 4
143 59 2
131 103 3
168 48 2
4 38 4
180 172 2
198 191 2
142 90 4
51 184 2
190 112 4
61 186 2
45 114 4
155 12 4
22 182 4
4 182 3
38 134 2
121 162 1
91 15 1
24 126 1
104 199 2
36 73 4
161 62 2
185 30 4
58 114 2
3 39 2
109 30 4
145 84 4
18 179 3
48 132 4
13 187 3
51 134 2
52 36 2
125 75 3
11 12 3
111 143 1
133 148 1
19 39 2
121 92 1
120 96 3
42 127 4
20 100 2
51 105 3
171 20 4
34 175 4
18 153 4
155 88 4
166 106 1
49 18 2
115 119 3
55 133 4
82 16 1
83 113 1
114 196 4
146 170 4
4 152 1
188 72 1
89 69 4
151 5 2
71 164 1
72 171 4
154 165 3
190 102 4
183 76 4
54 117 2
61 193 1
150 63 4
68 169 3
9 42 1
138 115 1
134 190 3
64 18 2
44 193 4
4 77 1
29 159 1
181 172 4
161 55 4
8 21 3
94 109 3
2 115 3
192 99 3
17 42 1
79 77 4
196 163 2
119 69 1
76 132 2
87 42 4
165 70 2
6 158 3
194 11 3
182 30 2
187 60 2
28 176 2
133 181 2
158 62 3
117 131 1
77 177 2
147 80 1
147 96 4
72 20 1
176 138 1
4 134 1
184 49 2
79 90 4
17 79 2
118 186 2
197 129 2
40 66 3
102 56 1
65 92 3
138 128 1
24 7 4
78 97 3
83 123 4
131 61 1
66 122 2
45 5 1
95 186 4
57 44 3
159 164 4
98 90 4
112 6 1
6 78 3
196 147 3
92 51 4
102 92 3
109 150 3
74 95 1
172 17 3
161 46 3
86 117 2
45 61 2
168 157 1
121 6 4
139 56 4
156 96 3
20 130 1
110 0 1
33 9 3
146 99 2
124 161 4
183 144 1
183 103 3
87 17 4
92 150 2
100 74 1
29 61 1
59 94 2
105 69 1
99 91 4
178 185 3
109 157 3
127 97 2
72 110 3
100 192 4
0 83 1
76 166 2
99 185 1
166 113 2
159 97 4
139 149 3
185 168 4
183 43 3
61 19 2
142 107 4
12 151 2
35 165 4
140 176 4
119 13 3
198 44 2
113 111 4
156 151 1
5 99 1
168 75 1
7 31 3
110 65 2
81 110 2
148 156 4
159 28 2
72 127 1
13 2 2
2 174 1
132 53 1
8 62 3
46 70 1
67 44 1
46 21 2
167 166 1
10 163 2
184 52 4
5 49 3
173 196 1
109 99 3
44 166 4
146 81 3
171 103 3
11 157 3
41 18 3
165 56 1
123 66 2
157 193 4
129 199 3
118 58 3
174 145 3
13 149 3
37 81 1
40 48 3
116 86 1
52 84 2
190 107 2
143 71 3
102 195 2
111 114 2
55 179 1
79 93 4
90 95 4
17 134 4
29 53 2
194 54 1
74 112 3
7 82 2
6 183 3
178 133 3
58 80 4
126 104 3
88 85 4
154 14 1
149 29 2
1 156 4
35 30 3
78 4 1
15 143 3
116 146 3
93 10 2
161 192 3
130 99 2
14 7 2
132 130 2
158 93 2
104 11 2
154 163 1
35 142 1
154 105 1
175 127 4
174 112 2
62 81 3
160 50 2
97 171 1
21 179 2
30 78 4
80 193 1
136 7 1
8 132 2
144 18 1
52 70 1
15 153 1
14 46 4
160 61 3
151 33 1
17 95 1
109 169 3
91 185 2
62 67 4
13 64 3
129 110 3
83 101 2
188 124 3
166 129 3
183 115 2
51 106 2
77 86 4
199 31 4
85 143 2
140 14 1
42 165 4
90 143 1
127 62 4
152 73 4
119 68 4
117 120 2
184 196 3
187 54 3
145 69 3
29 8 1
125 82 2
67 22 1
157 144 4
186 50 4
122 13 1
88 114 2
112 48 4
49 108 2
69 55 2
121 42 4
37 42 4
170 14 3
137 24 4
90 194 1
43 102 3
168 113 1
98 57 2
17 35 1
78 134 2
195 62 1
85 131 4
189 158 4
69 7 1
90 115 1
18 10 4
90 144 1
67 85 1
158 101 1
177 51 3
40 131 4
72 148 3
184 26 1
25 1 3
176 110 2
194 21 4
198 188 3
143 171 2
65 159 4
134 138 2
16 125 3
109 29 3
146 11 1
183 180 4
14 183 4
137 66 3
92 104 1
192 110 3
121 175 4
88 141 3
68 41 2
155 152 4
80 124 2
39 182 1
46 113 2
171 102 4
70 133 1
29 63 2
194 193 4
11 52 2
32 159 2
169 184 4
50 185 1
149 9 3
191 2 4
34 116 2
70 159 1
22 94 3
81 79 2
112 130 4
193 98 1
172 158 2
78 8 3
24 5 4
75 14 4
115 74 4
136 90 4
142 127 2
188 18 4
145 90 1
39 180 1
157 5 2
122 9 2
192 126 2
83 79 1
103 43 4
126 78 4
7 105 3
30 7 1
115 64 3
43 100 3
105 92 1
169 113 3
36 142 2
127 45 4
181 72 1
191 57 2
163 5 3
55 162 3
187 138 2
13 56 1
166 171 3
66 69 2
5 0 2
164 187 3
83 140 1
11 118 4
186 151 4
16 164 3
53 177 2
187 48 3
54 21 4
36 166 1
197 86 4
147 160 2
32 87 4
22 36 3
90 184 1
183 42 3
19 90 3
106 15 2
37 6 2
195 105 2
168 36 1
56 191 1
46 55 1
1 81 2
130 166 1
129 97 2
117 93 4
128 13 2
133 146 2
6 186 4
0 50 1
78 145 4
18 73 2
39 40 2
78 68 3
91 109 1
171 178 2
113 24 2
66 4 3
50 134 3
35 166 1
152 125 3
75 126 3
20 32 4
23 124 4
125 63 4
84 71 2
147 94 4
148 20 1
21 85 1
155 35 3
138 189 2
86 159 3
0 183 1
142 172 3
177 138 3
181 199 4
100 98 4
96 183 2
83 81 4
43 120 2
47 107 2
159 9 1
98 171 1
66 10 1
9 19 4
189 38 2
184 107 2
159 179 4
78 142 2
138 181 1
36 26 1
195 192 4
27 73 3
24 166 3
145 128 2
70 13 3
146 148 3
142 149 4
65 23 1
82 102 4
46 129 3
60 71 4
182 28 2
9 137 4
82 61 1
103 162 2
11 72 3
89 76 1
0 27 2
139 120 4
142 24 2
77 70 1
32 0 1
98 55 4
0 88 2
57 199 2
131 142 3
139 187 1
156 185 4
26 190 1
30 169 2
44 83 3
7 196 3
126 20 3
167 139 2
58 83 1
188 46 3
186 164 3
156 196 2
100 172 2
117 37 4
158 7 4
148 185 1
130 115 2
117 45 4
158 71 1
99 133 3
155 96 3
97 98 1
59 112 2
86 123 4
145 50 3
36 18 2
118 57 1
42 143 1
65 46 2
21 192 3
80 126 4
58 193 2
173 187 4
63 99 4
23 126 3
158 26 3
61 62 1
166 159 4
138 70 3
110 161 3
105 178 3
122 73 2
84 83 2
48 182 4
101 57 3
130 127 3
193 77 3
92 178 2
176 4 2
129 184 2
140 169 3
140 121 3
57 22 1
149 118 3
65 55 3
188 26 1
70 113 3
45 74 4
140 119 1
14 145 2
22 102 4
134 160 3
171 94 4
140 29 2
195 43 4
103 106 3
57 6 2
146 84 1
172 137 2
46 30 4
2 4 2
78 59 1
149 59 1
193 51 2
165 19 1
69 45 2
180 156 1
1 67 1
53 184 3
121 156 4
171 73 3
134 34 3
141 39 1
8 135 4
143 25 1
133 186 1
40 120 1
121 74 2
182 6 3
183 181 3
108 74 4
145 96 4
35 89 3
123 134 4
59 23 2
161 164 1
124 8 4
45 175 4
179 160 4
103 24 4
75 95 2
123 190 4
87 29 1
52 29 2
190 180 2
3 88 1
164 19 1
27 136 4
66 78 3
173 58 1
51 2 1
191 7 3
192 104 4
100 105 1
124 106 4
57 155 2
19 174 3
47 5 3
146 10 4
157 40 2
39 194 1
153 39 1
44 20 1
162 63 4
165 1 1
167 169 2
7 61 4
16 87 3
135 182 4
110 1 4
10 116 4
179 77 1
152 53 3
20 27 2
110 117 4
67 24 1
167 41 3
23 140 4
195 55 4
152 123 3
175 188 1
174 181 2
129 8 1
162 42 4
99 167 2
166 109 3
40 181 3
198 63 2
162 76 4
36 41 3
148 139 2
199 86 3
148 53 1
0 136 4
108 180 1
184 76 2
104 0 2
14 76 2
83 24 2
112 0 2
179 38 4
128 179 4
191 114 2
128 144 3
169 64 3
176 47 2
54 147 2
136 1 3
157 7 4
130 48 3
136 102 1
10 13 2
134 154 4
149 158 2
122 191 4
93 59 2
141 179 1
20 31 4
8 63 1
128 117 1
131 19 1
167 0 1
11 55 2
191 109 2
89 170 4
5 61 1
61 75 3
22 88 3
158 94 3
65 196 3
4 169 4
96 130 3
76 188 2
68 77 1
41 30 3
199 118 2
43 138 3
75 56 3
27 101 3
25 198 3
187 116 3
28 71 2
165 157 3
120 112 4
22 118 4
188 111 3
89 154 3
9 92 3
192 20 4
101 159 3
87 188 1
145 70 4
169 80 4
157 135 2
199 46 4
162 34 3
30 140 3
145 167 2
74 191 4
189 44 2
81 158 4
30 91 2
165 66 3
98 32 1
56 14 3
18 110 4
17 167 4
35 52 3
69 164 2
143 52 3
180 116 3
69 97 3
3 13 1
37 145 4
167 65 2
94 63 2
95 11 2
4 68 4
162 127 2
129 169 1
192 113 2
95 166 3
24 76 2
25 66 2
79 167 1
104 157 2
183 177 4
169 195 1
90 116 2
4 148 4
106 9 1
148 88 1
15 76 4
12 9 4
88 90 1
152 14 4
198 114 2
196 40 4
38 86 1
168 151 3
35 94 3
143 14 4
21 56 3
44 19 2
60 96 1
118 38 4
99 196 4
27 47 2
174 137 2
85 77 1
12 166 2
86 156 4
86 45 2
139 14 3
187 12 3
73 4 4
164 43 4
120 17 4
4 110 2
78 80 1
99 183 4
197 195 3
151 176 3
111 115 3
131 55 4
102 189 1
8 179 3
74 117 1
24 90 4
23 28 1
136 96 1
59 43 4
39 15 2
158 107 2
29 58 2
43 118 1
57 168 3
15 102 2
117 182 4
4 31 3
48 98 4
28 76 3
139 73 3
49 0 2
14 58 1
145 163 2
132 16 3
24 50 3
157 115 2
190 175 4
100 73 1
145 48 3
160 173 3
62 11 1
68 26 1
180 143 3
195 182 2
78 12 4
77 44 4
96 80 1
58 171 2
51 83 2
101 2 3
17 19 1
86 73 2
141 140 2
33 178 1
94 91 2
133 6 4
3 63 2
93 24 4
96 29 1
180 76 4
16 66 4
126 28 4
139 165 4
139 169 3
153 160 1
138 8 3
77 56 3
105 194 4
12 156 2
21 83 3
189 194 1
186 58 1
109 32 3
159 3 2
120 77 1
24 64 3
157 83 4
111 81 2
7 188 3
114 16 3
65 0 4
110 49 1
173 166 2
148 96 1
62 41 3
44 158 2
142 188 3
72 113 1
110 66 2
78 88 1
5 123 4
198 4 1
122 49 4
130 50 1
78 194 3
62 97 4
100 118 4
43 140 3
177 48 4
13 42 2
190 158 3
155 71 4
162 163 2
193 41 3
194 122 2
92 148 3
63 187 2
47 136 1
179 2 3
54 76 4
32 154 4
199 18 2
151 87 2
49 125 4
134 27 4
148 14 4
103 13 2
60 82 4
57 146 3
145 195 3
28 10 3
51 16 1
115 86 1
175 157 2
166 121 3
173 24 3
140 111 4
55 145 4
139 53 1
182 126 4
128 42 3
175 123 3
14 94 3
23 134 2
181 58 2
159 98 2
167 165 1
127 61 4
123 44 2
115 8 1
103 114 3
124 22 4
62 149 3
29 72 3
184 127 4
64 17 2
79 129 3
101 191 3
33 20 1
12 186 4
195 199 3
28 181 4
143 24 4
88 190 2
69 5 4
194 195 2
82 147 2
178 17 3
156 149 1
48 56 1
110 147 2
96 1 4
163 113 1
150 116 1
129 143 2
134 192 1
184 3 3
35 102 1
173 71 3
198 60 2
165 38 4
187 41 4
67 144 2
31 33 4
60 42 2
22 42 4
61 175 1
9 110 4
70 40 4
130 75 1
181 128 4
101 193 3
25 171 1
172 8 4
107 140 2
76 64 3
52 119 1
13 7 4
198 42 2
151 159 3
108 141 4
114 10 4
13 68 1
86 166 2
135 12 1
155 91 1
199 120 4
40 49 2
164 100 1
116 67 4
124 85 1
56 183 1
88 194 2
171 77 1
184 6 1
91 182 3
59 114 3
53 157 1
135 61 4
62 113 3
88 182 1
43 116 2
7 170 2
82 106 1
144 188 3
194 154 3
54 104 2
146 90 3
50 26 2
150 171 1
133 194 3
45 33 3
7 166 2
145 138 4
196 31 3
161 194 1
16 146 1
82 55 3
6 126 1
33 81 4
83 115 3
99 100 3
93 68 1
111 101 4
158 2 1
35 24 2
179 140 3
41 199 3
23 145 3
49 109 4
59 197 2
8 122 2
141 136 4
125 14 4
135 53 3
139 105 2
175 164 4
164 87 4
42 97 2
9 7 1
134 99 4
107 125 4
127 198 3
50 88 1
135 166 2
148 64 4
69 116 4
128 116 1
139 4 1
43 186 1
188 122 3
197 105 1
129 140 4
179 48 2
3 93 1
170 164 3
136 19 3
81 53 1
180 68 1
194 192 1
170 45 2
187 151 3
173 117 3
188 119 1
129 151 4
148 194 4
25 34 1
163 71 3
134 176 3
4 12 3
191 187 2
126 137 1
168 42 1
74 65 1
91 158 3
173 44 4
167 66 3
145 135 4
63 70 4
71 199 2
122 160 3
45 82 4
195 50 4
125 23 2
24 117 3
123 109 2
158 191 3
159 42 1
177 1 3
128 186 1
133 173 4
38 66 1
2 125 1
175 98 4
44 120 4
41 52 4
27 52 1
198 172 4
64 63 2
26 5 3
184 179 1
42 185 1
66 157 3
126 42 4
65 118 2
54 10 2
0 15 2
120 148 4
156 54 3
135 191 4
168 115 3
84 109 1
94 19 3
45 28 3
113 40 1
65 50 3
136 99 3
153 129 1
50 114 4
65 107 3
62 111 4
13 129 3
99 32 3
68 43 1
148 110 1
194 116 3
36 31 4
76 130 3
137 160 4
21 180 3
13 132 3
117 197 4
70 131 4
117 73 4
185 145 4
108 133 2
180 106 3
186 48 2
161 141 1
139 55 4
135 101 4
22 91 1
3 122 4
189 119 4
56 136 2
79 104 3
17 110 3
37 112 1
111 128 1
183 195 4
165 169 1
15 84 3
89 70 3
175 100 3
113 19 1
146 139 4
138 186 3
183 15 2
135 90 3
98 65 1
57 123 2
129 104 2
65 177 4
184 173 2
188 63 4
2 42 2
88 139 2
16 15 1
190 101 4
96 125 4
15 123 4
14 79 4
28 69 2
86 78 1
37 107 4
199 182 2
103 22 3
71 68 3
182 116 3
50 20 2
182 61 3
83 67 3
43 157 4
2 48 3
40 59 1
119 157 2
14 26 2
111 159 2
178 140 2
60 76 2
10 186 4
67 19 4
93 115 1
3 10 1
100 119 2
113 91 3
154 53 3
194 25 4
31 58 2
98 176 2
180 118 3
85 176 4
3 170 4
25 76 4
87 57 4
69 22 1
51 195 1
98 115 2
80 90 1
163 166 3
124 187 2
103 53 3
69 65 2
167 39 4
150 4 3
32 134 2
132 30 1
165 37 3
53 95 1
157 37 3
104 26 1
176 144 1
56 126 2
11 0 1
8 0 3
101 60 4
127 11 3
126 116 4
192 152 1
142 29 1
165 34 2
68 109 1
43 36 2
37 162 3
199 101 1
29 170 3
164 70 3
0 59 2
24 99 3
124 83 3
30 154 4
172 164 2
18 30 3
123 106 3
17 147 4
178 25 2
54 29 3
102 5 4
145 36 4
8 178 1
149 7 2
98 83 1
86 173 3
40 194 4
148 124 4
137 132 4
42 49 2
139 158 4
138 38 3
73 59 3
160 178 1
158 54 4
131 2 4
183 106 1
130 138 1
133 74 2
56 173 3
190 170 4
68 105 1
47 52 3
183 9 4
57 109 1
121 176 2
85 26 3
36 141 2
56 68 1
7 20 1
126 117 1
184 54 1
130 137 1
136 104 4
44 153 3
1 99 2
6 56 2
195 31 1
2 35 3
112 159 4
170 54 4
97 3 2
52 92 4
45 77 3
107 63 2
189 166 3
56 19 4
135 174 1
105 64 3
105 16 4
74 77 2
198 186 2
192 173 3
134 54 2
55 66 2
183 178 2
103 112 4
71 152 4
182 128 3
45 10 1
137 155 2
149 104 4
159 7 1
11 57 3
43 66 4
148 26 2
30 133 2
180 199 1
151 11 2
165 147 2
69 60 4
187 40 1
156 163 4
121 139 2
3 50 4
19 53 4
184 124 2
70 69 1
77 180 3
68 24 1
62 166 2
101 183 1
131 121 3
158 64 2
185 70 3
58 70 1
90 8 4
9 194 4
93 66 4
141 173 1
113 58 2
73 50 3
132 174 2
10 74 2
80 144 4
29 36 3
151 184 2
179 106 4
146 41 4
168 55 3
152 191 2
115 41 1
174 108 2
162 184 4
68 76 4
77 188 3
137 152 1
110 101 3
1 51 2
160 172 2
57 41 3
182 168 2
108 66 4
119 46 1
107 109 3
2 159 1
33 164 2
136 109 2
35 138 1
102 109 2
160 24 4
103 11 1
73 163 3
47 134 2
17 175 1
132 66 4
17 96 2
111 129 4
80 57 3
118 129 4
30 142 4
178 21 2
142 140 4
181 116 1
50 123 2
173 153 4
29 136 1
85 69 3
177 182 2
25 159 4
119 60 3
148 95 4
199 50 1
82 110 1
37 193 1
177 33 1
26 58 4
129 22 4
141 184 3
117 142 3
10 97 1
184 85 2
160 166 4
37 127 2
53 32 1
12 105 2
197 9 3
76 93 2
89 153 1
139 130 3
148 106 3
8 34 4
0 12 4
43 31 1
29 101 3
120 168 3
59 124 3
181 122 3
33 4 1
95 1 2
11 123 1
112 134 3
28 61 4
178 55 3
157 78 4
113 44 1
51 118 1
33 90 3
89 142 2
64 181 1
43 150 4
71 132 1
62 92 2
141 178 3
98 147 4
168 199 4
59 155 3
150 18 1
122 123 2
36 154 2
109 19 1
84 181 2
69 157 2
42 77 1
190 19 1
72 183 3
61 117 4
53 15 4
43 94 2
110 173 3
43 125 1
17 4 2
130 141 1
97 148 2
60 6 2
83 64 3
185 128 3
55 169 1
112 107 4
165 20 1
108 156 4
43 107 2
33 34 2
36 182 1
54 142 1
146 4 2
44 163 3
46 56 2
39 190 4
185 4 4
65 190 3
112 180 4
82 83 3
7 142 4
179 107 1
153 50 3
27 61 4
101 25 1
2 95 1
38 56 4
47 140 2
90 163 4
131 104 3
58 135 1
122 182 1
159 12 2
79 51 4
169 148 3
109 181 4
21 141 4
78 5 3
174 182 4
65 82 4
97 77 3
189 2 4
11 28 1
62 51 2
64 60 1
158 143 2
112 173 3
20 19 3
12 114 1
84 131 3
184 102 1
169 175 3
92 96 1
150 44 3
102 169 3
48 52 4
107 59 1
177 153 4
187 91 4
182 98 1
180 197 3
86 181 3
149 138 4
24 59 3
74 155 3
42 78 1
111 123 3
154 176 2
155 134 1
102 160 2
133 17 3
35 33 3
76 161 3
33 188 2
48 136 3
22 147 1
33 118 4
189 13 1
11 138 2
128 45 1
191 33 2
90 23 1
68 52 2
48 104 2
133 140 1
157 176 4
39 79 3
175 40 1
93 19 1
170 179 4
93 14 3
100 46 2
163 60 1
163 77 4
107 169 4
190 98 3
181 11 3
96 117 4
57 92 3
20 117 2
13 67 3
145 28 2
173 52 2
97 59 3
158 63 4
73 158 4
125 51 3
82 178 4
194 63 3
30 81 4
40 146 2
197 14 4
108 175 4
81 15 2
125 166 1
32 190 2
137 112 3
9 143 4
153 9 4
170 46 4
98 45 3
97 74 2
51 38 2
25 89 4
186 44 4
125 87 3
5 187 1
169 42 3
83 20 1
23 18 3
81 193 4
134 152 3
60 178 1
