95 20
0 4 1
0 3 6
4 7 9
3 18 6
0 1 5
4 2 9
18 8 4
4 12 8
4 15 5
2 16 4
0 10 6
4 17 8
18 5 9
7 11 7
1 6 2
5 14 4
0 9 3
1 19 4
17 13 8
14 13 4
4 10 2
5 4 2
15 5 1
0 11 1
13 6 3
1 8 2
13 19 3
19 10 1
18 15 2
18 16 1
6 8 4
3 6 1
15 10 1
14 3 2
18 11 1
9 15 3
11 6 4
14 11 3
12 1 4
0 18 4
16 14 2
3 11 1
14 18 3
19 9 1
12 15 4
16 11 2
19 5 4
11 17 1
10 7 3
16 17 1
10 2 1
14 6 1
13 5 2
16 5 3
19 4 1
13 8 3
1 9 1
6 9 4
16 0 1
1 7 1
9 2 1
0 2 2
10 12 3
10 18 1
17 15 3
12 3 2
12 8 3
19 3 4
13 18 4
1 3 4
0 19 3
15 19 1
2 19 1
1 2 1
5 6 4
12 0 1
11 5 2
2 13 1
17 0 3
2 18 1
7 14 3
2 6 1
6 10 3
14 10 1
15 7 4
8 19 4
7 6 2
17 5 3
15 1 3
12 7 2
19 14 1
9 12 4
11 12 4
19 18 2
16 6 1
