5588 150
0 33 8
33 125 8
125 59 7
59 26 1
59 131 5
131 81 4
81 113 9
125 141 2
131 25 4
113 128 7
131 97 5
59 53 3
97 77 4
131 29 5
77 147 4
77 8 3
29 45 1
25 130 8
59 42 9
77 92 9
53 148 9
8 17 1
130 47 1
147 41 8
25 4 3
45 146 4
26 52 3
29 21 9
42 84 2
141 74 1
81 109 2
45 85 4
53 80 7
26 133 7
17 106 5
25 134 4
148 143 8
29 112 1
106 18 8
25 73 3
73 101 3
85 82 4
77 64 6
0 34 1
41 23 6
41 51 5
0 12 4
101 1 7
143 140 9
47 110 4
109 144 5
8 56 6
106 76 3
143 22 6
85 129 6
18 50 8
1 120 7
33 102 1
17 142 2
109 54 1
50 114 2
41 10 9
51 60 2
120 55 9
8 71 1
50 127 8
92 91 1
84 67 2
141 94 3
120 19 1
67 86 5
146 9 2
101 48 1
12 107 3
33 68 5
127 58 9
142 40 2
19 15 5
142 122 5
64 108 3
130 95 7
67 119 9
127 78 3
97 3 6
108 28 4
71 57 7
19 44 6
128 132 5
146 13 1
8 2 3
95 14 3
18 126 8
95 135 5
80 36 2
29 35 3
147 79 5
140 96 4
56 83 3
119 46 3
35 69 2
51 136 7
122 20 5
126 24 3
41 89 6
76 7 1
57 149 4
141 61 2
2 38 4
74 88 9
58 5 7
47 124 2
95 37 8
127 123 1
10 99 4
86 32 6
101 111 1
77 16 4
38 100 6
100 138 1
19 115 8
115 27 1
96 121 5
45 43 5
129 98 1
142 139 7
64 87 1
121 30 6
85 62 1
112 145 6
2 137 9
92 103 8
20 117 1
20 70 3
67 11 6
27 90 2
122 49 7
134 72 8
149 39 4
123 93 6
90 104 8
25 66 4
112 118 6
112 31 7
15 6 9
93 75 3
106 65 4
84 116 8
125 105 3
121 63 1
66 33 4
132 102 4
80 131 2
112 13 3
127 63 1
108 149 1
58 27 2
7 118 1
97 75 1
57 125 2
18 80 4
67 135 4
79 48 1
134 55 4
8 124 4
137 122 4
149 12 4
113 88 4
128 56 1
91 149 1
126 146 3
93 70 1
67 1 4
100 25 2
35 30 2
138 119 1
59 43 4
33 127 2
146 121 2
130 81 1
55 103 2
31 104 2
112 43 2
74 55 1
57 83 2
12 64 2
32 108 3
14 33 4
137 43 3
142 87 2
103 35 2
49 53 4
52 91 4
83 51 4
11 140 1
147 51 3
10 121 4
17 20 3
74 40 2
52 54 3
44 142 2
37 105 3
120 122 1
95 68 4
129 87 3
31 111 2
9 18 2
35 50 4
64 81 2
98 34 4
122 42 3
30 124 3
103 144 3
77 75 3
112 12 4
60 128 3
109 80 4
97 143 3
143 38 4
90 95 1
41 116 4
73 8 1
8 82 4
47 8 2
132 77 4
37 22 4
84 118 2
13 15 2
14 28 4
11 115 4
65 86 4
147 53 2
82 3 3
136 43 3
146 34 3
143 16 1
60 124 2
112 68 4
100 120 2
114 131 3
74 90 3
38 30 4
13 9 3
60 7 4
62 141 1
77 89 4
116 57 3
60 6 1
96 80 1
79 7 1
104 23 3
116 9 2
114 125 1
18 27 4
34 96 4
112 135 3
83 34 2
83 71 2
72 69 2
30 4 4
39 64 4
87 83 3
110 46 1
63 71 2
98 115 3
95 102 4
93 46 4
71 24 2
131 24 2
29 109 2
94 84 4
4 127 3
61 38 1
60 108 4
22 55 2
57 67 2
35 10 1
45 13 2
63 115 3
44 65 3
108 105 2
60 78 4
74 77 3
20 116 2
7 124 2
72 40 4
101 94 4
15 91 1
66 58 1
149 139 2
91 88 2
37 134 3
98 126 3
141 39 2
93 136 1
81 122 2
146 114 1
47 106 3
79 21 4
59 12 4
24 69 3
129 26 4
85 136 1
118 137 3
3 13 3
107 30 1
123 86 2
39 116 3
133 19 1
76 5 1
7 149 1
8 85 1
16 17 4
37 116 4
122 118 3
112 80 3
130 115 1
32 37 3
61 82 4
0 102 1
127 102 2
56 73 3
62 36 1
114 93 2
149 37 1
112 2 1
117 25 4
112 141 3
59 70 3
19 5 3
94 10 4
81 90 3
123 5 2
133 24 3
115 22 4
26 79 1
113 0 2
56 135 1
49 41 1
5 75 1
90 80 2
19 114 4
34 61 3
54 1 2
13 90 2
131 75 2
0 58 3
53 74 4
136 2 2
140 88 4
31 1 4
136 109 1
39 52 2
70 36 2
102 28 4
50 130 3
115 74 3
89 127 2
89 40 2
88 1 4
87 38 2
111 107 1
106 63 1
89 52 1
33 89 2
16 103 4
26 44 4
23 107 2
112 15 4
59 75 1
107 38 4
79 69 4
6 95 4
108 146 2
125 107 3
44 94 3
97 125 2
148 61 3
43 97 3
125 140 3
92 9 1
42 103 3
143 98 3
17 131 2
34 36 1
22 71 1
64 66 2
40 64 4
96 14 3
11 30 3
20 147 1
79 89 4
116 5 2
103 98 4
67 94 4
39 138 2
33 18 2
114 103 4
71 136 1
25 149 3
42 89 4
32 11 2
0 22 4
44 128 3
80 14 1
132 130 2
125 119 2
74 145 1
104 122 3
56 35 2
148 147 3
93 31 4
124 98 4
59 100 4
50 67 4
60 119 3
73 29 3
68 55 1
53 22 3
81 56 4
101 14 1
93 5 2
106 104 2
10 27 3
69 57 3
94 89 3
39 143 4
115 49 1
1 95 3
104 76 1
111 91 4
73 122 2
91 33 3
86 129 3
90 70 4
56 138 3
57 129 3
73 17 2
145 136 3
51 76 3
19 93 2
70 141 3
143 53 3
16 2 3
119 82 2
124 128 4
83 80 3
69 147 1
84 85 4
109 52 3
138 22 1
76 12 3
54 141 1
95 16 3
36 27 2
86 130 4
76 58 1
109 127 3
44 30 1
40 7 2
146 138 1
34 118 3
63 90 4
142 39 1
10 109 3
109 19 4
78 61 1
52 73 4
75 146 1
17 81 2
85 25 2
26 33 2
114 124 2
99 12 3
13 28 3
73 105 3
20 23 1
143 3 2
93 94 1
81 72 1
46 103 1
36 98 2
34 31 4
35 43 3
56 123 2
148 9 2
148 86 3
146 6 3
62 136 4
91 74 3
67 63 2
9 52 3
64 7 2
74 147 1
75 130 3
75 65 3
110 81 3
131 64 4
60 117 1
2 100 2
36 132 1
122 110 2
47 32 3
19 113 1
56 34 2
30 70 3
19 139 4
25 63 4
65 122 2
51 86 2
57 118 3
6 110 4
140 130 1
44 143 3
44 35 1
61 43 2
71 126 4
88 57 3
126 143 4
35 31 2
132 81 3
1 77 1
39 28 1
5 137 3
83 106 3
47 135 4
66 113 4
90 6 1
84 59 1
56 1 3
4 20 2
73 144 1
136 28 2
84 145 3
27 117 1
48 58 2
89 102 2
7 70 4
125 109 2
82 136 3
20 12 2
16 15 4
138 117 1
32 18 4
38 68 4
130 37 4
27 84 4
75 129 3
145 54 4
58 107 2
96 91 4
147 65 3
144 71 4
73 54 1
139 26 3
89 35 1
69 55 1
58 94 3
1 102 2
53 52 3
47 133 2
135 60 4
99 120 1
120 12 3
114 141 2
56 41 3
45 111 1
36 89 3
96 39 4
147 42 3
52 80 3
106 143 3
103 62 4
76 3 4
138 94 4
5 48 2
28 57 2
87 1 4
123 77 1
140 144 1
142 123 2
47 73 2
118 142 4
5 91 4
70 83 2
128 73 1
117 48 2
45 105 2
62 111 1
22 15 2
135 26 4
102 77 1
40 35 2
142 36 2
5 114 1
49 124 2
101 54 2
37 135 3
103 32 3
85 15 2
43 38 1
113 69 4
141 72 3
2 110 3
20 110 1
107 56 1
134 103 4
148 146 4
133 131 1
126 122 1
76 77 4
37 99 3
17 35 4
148 99 1
7 89 1
138 72 3
115 51 3
103 56 3
13 43 4
40 48 2
25 46 4
4 79 1
87 128 1
82 88 1
5 145 1
146 113 1
143 99 1
145 41 2
92 57 4
18 127 4
33 111 3
97 33 4
142 19 1
136 19 2
84 46 4
78 122 2
39 31 3
13 95 2
18 47 2
82 45 4
133 6 2
53 4 2
137 41 3
14 73 2
2 72 4
17 146 2
23 45 3
64 18 4
102 111 4
92 29 2
47 55 3
6 107 1
94 56 4
125 53 1
67 54 3
129 84 3
40 50 3
66 37 4
57 105 4
55 101 2
33 138 2
133 113 1
41 75 4
53 134 3
69 0 1
40 94 1
60 130 1
104 85 1
134 97 4
88 72 2
34 126 4
134 33 1
110 132 1
128 66 4
51 15 3
38 26 4
106 149 3
92 58 1
89 138 1
100 112 4
70 69 4
9 31 3
47 68 1
54 44 3
125 22 2
59 119 1
104 50 3
1 100 2
11 45 3
132 104 3
70 19 3
71 105 3
125 132 1
26 106 3
43 87 2
132 72 3
44 126 2
85 140 4
22 34 1
135 143 4
106 126 2
93 149 4
76 134 1
144 11 3
88 14 4
69 83 2
148 71 4
43 118 1
2 98 1
107 7 4
5 54 2
28 61 3
52 86 4
18 57 2
42 104 2
86 97 1
19 12 2
143 56 3
78 75 1
141 75 4
58 65 3
71 145 3
136 6 1
43 117 3
49 46 1
83 124 4
1 82 3
72 99 3
46 83 2
51 148 1
82 15 1
87 97 4
81 115 2
31 28 3
29 102 2
115 120 1
127 65 1
61 89 1
126 28 3
79 64 3
88 144 1
20 31 2
10 122 2
33 121 1
73 90 1
45 130 1
64 82 1
46 28 4
43 110 3
14 90 1
75 109 1
55 126 1
96 98 1
69 44 2
69 80 4
7 17 1
18 71 3
100 14 4
12 104 4
94 85 3
37 140 1
103 91 2
61 90 3
123 49 4
40 92 1
104 66 2
84 135 2
105 29 3
102 11 3
11 128 1
127 82 1
14 83 1
57 109 4
5 124 3
6 57 4
63 111 2
34 17 3
136 101 4
94 117 1
120 16 2
80 91 4
87 81 3
12 65 4
70 99 2
87 137 2
60 68 2
99 9 1
49 15 2
96 31 3
35 85 1
47 142 3
64 120 4
113 39 3
100 109 1
8 116 1
42 91 2
5 23 2
80 123 3
54 140 2
21 58 4
62 12 2
139 83 4
132 31 1
19 25 4
95 128 2
77 96 4
60 146 3
27 46 1
81 145 2
46 63 4
38 139 2
139 35 2
137 39 4
9 81 3
136 133 4
16 82 4
45 135 2
138 102 4
3 131 3
148 36 2
68 86 2
36 105 1
89 26 1
98 47 3
119 118 4
4 69 3
30 127 2
107 95 1
51 58 1
116 65 1
126 60 1
55 97 2
48 32 1
49 100 1
53 17 2
143 83 2
42 79 4
93 143 4
97 76 3
22 75 2
45 44 1
85 87 2
115 17 1
111 59 1
59 7 3
55 57 2
116 140 1
40 44 2
111 142 4
131 121 1
11 51 2
33 23 4
83 35 3
54 104 3
70 33 4
83 39 2
60 109 1
106 127 1
111 104 4
117 11 2
72 21 1
123 73 2
12 45 4
44 135 1
110 120 3
136 31 1
98 148 4
70 71 3
86 1 3
43 55 3
40 137 1
9 35 1
4 42 4
90 127 4
112 57 3
147 119 4
51 42 3
141 136 1
108 135 3
103 112 2
143 105 3
12 95 1
73 61 4
96 113 4
131 147 1
116 82 1
145 131 4
62 17 2
28 25 3
125 122 1
127 80 4
19 39 3
49 130 2
76 30 4
142 136 3
65 41 3
136 128 3
134 13 3
146 36 2
6 89 3
15 38 2
0 30 4
76 147 3
124 93 4
24 63 4
79 102 3
100 11 2
40 5 4
139 135 1
3 21 4
83 96 3
144 12 4
28 35 4
101 137 4
89 80 4
97 137 3
118 138 1
105 149 1
9 91 2
22 5 1
42 134 2
53 67 2
143 109 3
103 110 2
59 136 1
73 62 4
133 117 2
115 5 4
106 36 2
131 15 1
105 11 4
28 17 4
84 29 1
0 80 4
47 90 2
145 24 4
118 26 2
44 119 3
147 94 2
141 91 3
22 43 2
51 52 2
22 58 4
55 31 4
88 64 1
2 37 4
147 133 4
15 108 3
109 15 1
103 130 1
2 12 4
121 133 2
149 112 4
67 141 4
44 139 2
139 71 1
107 33 3
32 22 1
69 76 4
127 136 3
149 11 3
120 8 3
58 70 4
102 30 2
2 129 1
111 74 4
22 26 3
5 16 1
59 16 2
26 29 4
147 102 4
95 8 4
20 132 3
27 56 2
142 54 2
18 89 4
76 111 4
131 144 1
59 104 1
68 122 2
137 29 2
45 2 4
80 101 2
15 10 1
12 22 1
74 100 1
125 61 2
137 45 2
3 148 4
49 147 1
144 75 3
84 41 2
120 34 2
36 53 1
15 142 4
100 19 3
122 30 3
55 66 2
140 42 2
71 69 1
53 7 4
0 91 2
34 82 4
138 49 3
111 34 3
103 124 1
4 65 4
16 4 1
114 10 1
6 80 3
79 34 3
125 54 3
54 94 3
115 114 1
80 81 4
33 55 1
7 46 1
146 106 3
41 132 4
106 41 4
64 119 2
13 136 3
61 35 1
49 117 2
139 73 1
116 83 3
97 57 4
21 117 3
55 19 4
149 35 1
106 113 4
47 77 4
147 141 3
79 85 1
19 41 1
106 95 1
121 35 4
52 24 2
114 126 3
8 18 1
11 37 3
115 135 4
69 124 2
83 22 2
144 115 2
111 19 2
88 18 2
43 109 4
94 95 4
60 45 4
125 70 2
36 81 1
142 102 3
43 16 1
145 83 3
32 82 3
26 53 3
65 68 2
122 90 4
60 106 4
59 137 4
108 25 1
102 56 3
19 96 1
130 104 4
56 119 1
123 9 3
137 69 3
23 22 4
107 100 2
121 123 4
85 90 2
99 28 2
104 19 1
67 147 1
18 67 2
94 29 3
98 15 1
3 14 4
86 19 1
90 40 1
50 94 3
54 113 2
70 148 1
79 30 4
17 63 3
147 1 4
50 146 3
62 21 1
0 38 1
142 119 2
19 128 3
32 97 4
117 127 3
125 123 2
13 23 4
58 85 2
33 118 2
39 4 4
43 56 4
91 85 2
16 6 1
121 13 1
13 141 1
47 148 1
34 85 2
65 16 1
95 131 1
92 36 2
34 33 4
33 94 4
0 84 4
92 143 2
131 99 1
25 34 2
89 8 1
122 117 1
148 81 2
67 111 1
11 76 4
67 19 3
136 40 2
106 105 1
129 38 1
65 144 2
129 139 3
140 15 4
91 98 3
91 10 3
110 78 1
28 44 2
18 91 1
96 16 3
55 76 2
123 124 1
134 69 2
130 119 4
69 93 2
78 15 2
137 3 2
97 51 4
133 112 2
66 88 1
43 121 2
111 97 4
112 101 1
107 99 3
46 21 2
113 15 1
103 133 1
50 117 2
110 0 1
81 117 3
124 137 2
89 66 4
83 60 3
22 73 2
137 52 1
38 145 1
136 98 4
13 131 3
137 0 3
57 120 1
89 82 2
23 91 2
100 111 1
20 52 3
131 124 2
102 65 4
102 118 3
33 35 4
146 93 4
34 84 2
23 118 4
113 11 1
90 50 2
109 42 2
6 126 4
142 132 2
33 37 1
110 8 1
34 71 4
46 129 4
48 13 1
122 67 1
110 18 2
70 61 3
59 8 2
81 120 3
130 20 2
93 32 1
129 108 1
6 113 4
90 119 2
120 41 4
84 39 3
13 89 4
70 11 2
29 144 1
35 57 4
25 101 2
73 108 3
86 7 1
39 17 3
134 32 3
80 35 4
93 135 3
113 86 3
65 95 2
134 146 4
23 65 4
17 94 1
67 40 1
85 118 4
84 45 3
48 135 3
53 123 3
131 148 1
98 67 3
119 99 3
113 97 3
9 37 4
116 97 1
33 147 2
148 15 3
75 70 3
39 91 1
134 132 2
46 149 3
134 87 2
98 32 1
95 146 3
74 58 1
91 59 3
59 29 1
45 59 2
132 4 2
146 30 4
120 119 1
60 84 2
54 4 2
129 51 1
71 21 4
148 76 3
14 1 4
89 65 3
46 77 4
111 77 4
114 122 1
78 68 4
40 9 1
140 61 3
123 28 4
145 53 3
73 85 2
82 68 1
94 18 2
50 31 2
11 15 2
79 40 4
95 92 2
2 13 2
135 109 3
27 108 2
122 19 3
70 3 3
19 117 4
144 54 2
105 47 2
96 13 1
48 31 3
86 41 3
144 86 3
39 109 3
52 145 1
50 26 1
84 54 4
48 55 1
32 120 1
149 13 1
3 87 2
107 66 4
53 34 2
136 54 3
72 79 4
143 33 2
55 34 4
80 106 1
89 49 2
19 9 2
57 117 4
6 82 3
96 3 1
117 116 4
59 24 2
52 132 3
14 35 1
19 42 1
105 55 3
26 136 4
72 15 3
28 4 2
12 101 2
96 26 4
117 82 1
52 147 4
80 75 2
21 130 1
115 71 4
48 16 4
74 96 3
139 99 1
49 36 2
104 18 3
88 28 1
95 136 2
138 47 4
143 133 2
61 77 1
0 62 4
121 107 1
125 1 2
106 14 4
98 135 1
56 140 1
126 45 4
115 54 2
48 89 3
94 102 3
11 75 1
95 50 4
28 116 4
96 2 2
75 66 3
32 72 3
55 108 2
0 45 1
85 81 2
114 13 2
15 28 1
19 65 2
30 114 4
128 131 3
73 93 3
126 137 4
105 60 2
16 33 1
51 43 4
86 61 2
16 100 1
78 62 2
136 66 2
18 13 1
109 55 3
77 23 1
40 147 1
76 137 3
77 11 4
57 39 4
131 36 2
114 29 4
40 23 4
88 5 2
69 26 3
75 83 4
86 147 2
117 139 3
144 36 2
72 62 3
119 36 1
58 34 3
102 121 3
23 94 1
35 74 2
8 55 1
7 57 2
132 138 1
111 121 3
118 36 2
2 54 3
83 68 1
1 139 1
68 144 3
64 124 1
119 116 4
26 108 4
69 3 1
44 117 2
71 23 3
112 137 4
109 89 4
124 81 4
33 114 4
4 81 3
62 50 1
47 89 4
132 47 1
105 132 2
97 100 2
83 131 1
73 40 4
127 38 1
101 119 2
27 142 2
84 112 4
64 129 2
80 74 3
39 105 4
96 50 2
25 8 4
72 30 1
135 81 2
69 54 2
121 76 1
23 72 3
51 38 3
16 121 4
87 28 2
114 69 3
69 119 1
0 17 4
97 56 3
132 140 3
43 8 4
85 64 4
131 92 1
55 32 3
32 80 2
33 79 1
46 64 2
36 25 4
148 82 3
132 16 2
75 39 2
75 106 1
40 149 3
70 22 3
78 146 1
74 5 3
41 109 1
10 100 2
1 33 3
12 97 1
1 59 3
87 41 1
5 109 2
35 126 1
48 4 4
97 49 3
112 114 1
145 30 1
22 35 4
142 29 2
17 83 1
72 96 1
145 117 4
8 107 4
103 97 2
11 90 3
118 83 2
144 121 2
55 42 3
117 68 3
2 142 2
27 28 1
87 32 2
70 131 3
85 138 3
17 44 3
141 89 4
29 140 1
103 47 2
42 37 1
58 118 4
144 44 4
76 112 1
100 4 3
127 147 1
135 77 1
75 94 1
45 5 3
26 125 3
108 54 1
140 48 2
106 129 2
138 79 3
83 136 4
142 69 1
67 62 1
133 31 3
15 63 1
121 108 4
93 120 4
22 16 3
74 47 4
53 104 2
14 79 1
51 71 2
40 21 3
129 111 4
26 73 2
48 145 3
36 133 1
33 7 1
123 11 4
128 98 3
125 110 3
113 50 4
101 105 1
1 19 2
17 136 1
103 138 2
25 127 1
78 142 3
12 118 3
110 77 2
130 139 4
106 71 3
109 77 4
123 79 2
76 136 4
97 115 3
41 14 2
88 26 4
73 6 1
79 57 4
116 7 1
7 82 2
45 46 2
10 136 4
32 62 1
71 32 3
61 21 4
119 97 4
29 104 3
129 69 2
1 60 1
102 9 4
75 85 2
53 13 3
45 67 1
22 20 2
90 139 1
17 129 4
37 62 2
58 147 4
124 132 3
5 25 4
116 147 2
141 142 3
120 86 1
134 77 2
45 54 4
137 133 2
59 40 1
52 84 3
32 17 1
35 77 3
7 115 3
133 120 1
10 131 3
135 79 4
9 125 1
59 123 3
142 42 1
126 47 4
55 78 1
119 144 4
97 145 1
66 94 3
136 8 4
59 67 2
145 121 1
103 140 3
142 126 3
88 54 2
107 116 1
16 110 2
79 103 2
90 60 2
2 55 3
109 21 4
142 129 3
4 148 1
72 111 2
142 13 1
17 76 1
36 26 4
134 128 4
29 70 1
125 127 4
115 65 2
40 111 1
119 18 2
10 129 4
56 79 2
48 147 1
32 102 2
131 103 1
26 7 1
38 60 2
73 110 1
87 22 2
86 58 4
141 111 3
6 21 2
104 81 4
22 139 2
41 118 3
138 41 1
37 43 1
119 89 1
114 58 2
12 124 1
87 20 2
100 119 2
5 108 3
15 41 4
93 34 4
21 1 3
86 145 4
113 93 1
70 17 2
18 147 3
140 126 4
120 62 2
53 19 1
67 88 2
21 98 1
117 38 4
66 139 1
65 56 2
25 82 2
15 65 3
147 130 3
78 45 3
12 108 3
44 138 2
141 6 1
69 92 1
135 20 4
120 76 2
108 85 1
57 11 3
17 27 4
89 38 1
62 102 2
55 58 2
104 33 2
74 12 3
124 2 2
124 107 3
70 13 4
96 1 1
124 115 3
74 86 4
60 91 1
24 147 1
11 71 2
80 66 3
34 23 4
121 91 2
90 31 3
130 11 3
18 138 1
106 49 1
124 106 3
132 58 1
96 84 1
136 16 1
19 125 1
61 95 4
47 48 4
134 129 4
147 60 2
80 111 4
80 55 4
97 120 4
69 13 4
117 146 1
83 133 2
20 14 4
131 60 1
66 144 2
108 98 1
37 112 3
52 63 3
132 29 3
32 142 2
84 12 4
131 86 3
73 98 4
129 91 1
119 124 3
24 57 3
91 46 1
85 38 1
116 4 2
33 36 3
7 22 4
0 35 2
19 32 3
149 53 4
138 65 2
55 26 4
144 13 1
120 17 1
88 145 2
26 58 4
60 81 1
73 148 1
135 52 4
32 24 2
20 49 3
123 85 3
31 148 2
18 74 4
12 26 1
79 129 1
33 78 1
89 135 4
86 138 4
142 144 4
148 126 2
66 95 3
29 56 2
130 3 3
12 142 4
142 137 2
43 80 1
53 61 1
149 23 3
64 125 2
75 112 1
139 115 4
29 133 3
134 118 2
8 106 3
25 132 2
136 91 4
56 13 4
143 118 1
70 16 4
67 107 4
62 28 4
56 131 1
8 65 1
109 36 4
108 62 3
82 140 1
79 80 4
43 21 3
146 84 1
76 4 4
14 34 1
63 23 2
112 124 4
44 71 3
128 26 2
110 49 2
16 53 2
126 117 4
148 16 3
73 119 4
71 142 2
47 141 3
130 131 2
52 139 3
28 141 3
143 90 3
100 32 2
127 48 3
78 41 1
139 120 3
68 12 1
13 128 2
119 141 1
131 138 3
26 110 1
11 25 1
20 32 3
108 45 4
9 0 2
22 149 1
83 65 4
109 87 1
118 120 3
68 146 4
62 139 4
96 119 3
138 9 3
104 37 1
84 137 4
93 48 1
49 55 2
25 84 2
88 92 2
47 27 2
23 10 3
61 79 1
94 140 2
62 129 3
134 30 4
96 126 4
39 72 4
5 104 2
115 117 4
94 88 3
85 51 4
129 73 2
114 117 4
141 92 3
97 2 2
145 127 2
88 120 4
131 137 2
67 31 4
100 50 1
11 43 2
10 142 2
20 107 4
48 64 4
96 55 4
137 95 3
24 30 3
84 148 1
87 103 3
74 128 2
44 125 1
35 37 2
147 128 4
84 97 3
93 8 2
27 86 3
56 88 4
17 78 4
23 119 1
143 5 4
4 66 4
76 119 1
105 98 3
19 63 3
116 91 2
17 65 3
58 49 2
20 128 2
140 20 3
125 78 3
16 83 2
36 20 4
77 37 2
51 103 2
148 140 2
53 91 4
114 70 1
121 29 1
111 51 2
121 118 2
17 30 2
60 24 4
144 19 4
88 22 2
23 124 1
97 16 3
90 109 1
140 52 1
101 3 1
6 8 4
102 110 3
85 88 1
126 130 4
4 147 2
134 11 4
55 99 1
52 99 1
101 37 4
90 101 1
65 143 4
127 100 4
2 128 1
54 143 4
95 134 4
89 111 1
122 148 2
83 62 1
86 31 3
46 55 1
22 40 4
12 1 1
142 106 1
148 103 2
29 129 3
4 126 4
143 10 2
83 50 2
120 145 2
72 116 4
45 90 1
36 29 1
10 3 1
148 101 4
145 94 4
26 146 1
51 108 4
125 145 4
141 18 1
25 33 1
4 56 3
33 12 3
88 139 2
50 118 3
33 27 3
79 121 2
115 149 3
118 60 3
133 22 4
135 25 3
54 41 1
43 83 2
56 42 4
2 106 4
49 0 1
122 26 2
44 21 3
66 99 3
121 47 3
31 149 4
43 149 2
54 93 2
26 16 4
63 134 2
1 63 1
12 148 2
143 61 1
22 104 1
140 13 4
72 85 3
115 56 3
98 44 4
42 100 2
148 56 4
77 39 3
33 84 2
11 92 4
32 67 3
84 14 3
15 114 2
88 41 3
28 12 3
42 92 3
136 144 3
80 29 2
107 87 2
24 16 4
6 105 4
57 148 2
40 66 1
83 11 2
128 67 3
43 17 2
75 23 3
146 119 1
25 51 1
5 103 3
96 148 1
12 72 3
140 8 3
137 63 2
29 107 1
12 54 1
115 67 2
15 23 4
89 30 2
66 131 2
145 15 2
40 61 2
100 108 1
31 22 4
141 149 3
4 119 3
148 88 3
112 130 4
62 34 2
96 21 2
126 21 1
95 93 4
144 99 3
9 144 2
17 110 2
145 129 1
85 102 2
123 116 2
108 107 3
61 112 3
147 112 2
102 112 4
99 58 3
12 88 3
37 25 1
114 53 3
90 146 4
110 14 2
43 65 1
25 99 1
145 50 2
118 110 4
107 59 3
59 25 3
97 22 2
31 59 4
8 5 4
18 63 3
11 10 1
41 143 4
67 7 1
88 0 4
114 48 2
110 4 4
136 110 4
46 37 4
126 123 1
42 8 4
98 6 2
119 43 1
147 105 2
7 132 3
57 17 1
145 107 4
97 73 1
88 106 4
38 77 4
59 143 4
139 24 4
6 23 3
37 14 2
79 82 2
96 18 2
65 20 3
23 85 4
144 22 1
31 2 1
64 126 4
94 126 2
8 79 4
143 49 1
136 129 3
0 65 3
107 139 1
41 3 3
64 110 1
122 1 1
68 11 3
27 39 1
142 128 2
77 44 4
97 118 1
27 75 3
9 113 3
97 26 3
53 43 4
125 63 2
109 2 3
77 29 3
69 12 3
114 98 4
138 25 1
3 68 3
113 84 4
126 30 1
124 77 1
16 137 1
18 122 3
98 71 2
34 121 1
57 87 2
76 110 4
134 126 4
66 134 4
122 7 4
88 55 1
112 98 3
38 98 2
102 4 1
41 104 4
136 77 1
99 106 1
142 52 1
54 135 1
33 135 3
145 126 3
124 88 4
65 35 3
39 44 2
128 83 4
36 96 3
112 142 4
70 102 4
115 93 4
118 64 3
112 117 4
23 58 4
104 56 2
50 42 2
143 35 2
1 118 2
85 113 2
134 121 4
31 110 3
126 13 2
35 128 3
63 64 4
123 75 2
46 17 2
23 90 2
105 32 1
28 101 2
80 39 1
25 110 1
118 88 2
98 138 2
83 101 4
143 86 1
64 26 3
74 107 1
41 130 2
70 87 3
133 0 4
99 115 1
111 65 2
101 135 1
144 47 3
43 95 4
67 26 2
23 100 3
69 15 1
84 89 1
54 72 3
14 102 3
52 144 3
113 8 1
93 3 1
127 9 3
69 51 3
140 101 4
124 134 3
128 31 2
50 46 1
26 41 1
20 6 4
0 4 1
15 110 3
53 0 3
36 97 3
42 121 1
7 37 4
5 37 3
102 7 1
6 103 1
36 23 1
48 118 1
114 138 1
119 21 2
79 58 4
122 127 3
73 12 1
112 11 4
37 19 4
122 38 1
80 107 2
131 50 2
126 118 3
142 116 4
107 41 2
142 50 1
65 85 4
115 43 2
30 119 3
107 144 4
10 66 1
83 15 2
89 29 4
43 89 3
133 41 1
41 12 2
72 50 4
100 41 4
120 9 4
133 23 2
19 118 1
148 139 1
70 108 1
90 10 3
108 130 1
55 100 1
62 115 4
125 102 2
17 19 3
53 96 4
9 26 1
101 66 2
10 124 1
44 110 1
46 105 1
21 101 4
26 74 3
36 21 1
85 80 4
134 100 4
4 18 1
87 25 1
104 115 2
121 67 1
26 123 1
89 46 2
90 86 3
106 93 3
85 125 2
106 89 1
59 60 4
7 146 1
94 119 4
105 144 3
121 23 3
56 129 3
27 21 2
134 71 2
143 84 2
36 39 4
63 21 3
45 131 3
20 75 3
117 31 4
120 144 4
144 30 2
13 113 3
12 27 1
126 100 2
17 22 1
19 60 4
113 24 3
61 97 4
114 80 3
85 7 3
34 131 4
44 7 1
88 21 2
2 63 1
117 113 3
32 89 3
146 3 4
31 68 2
138 133 4
118 25 2
120 68 4
78 102 2
79 2 1
132 103 4
28 58 3
19 98 4
53 69 2
125 51 3
39 24 2
131 129 2
110 7 1
9 15 2
82 48 3
33 63 3
76 94 2
5 12 2
113 136 4
70 64 4
6 26 4
64 35 2
128 6 3
121 19 1
132 85 2
20 118 3
97 58 1
77 43 3
22 85 3
35 111 3
5 81 2
57 128 4
14 39 4
147 111 3
51 20 2
21 99 3
55 53 2
99 19 3
37 93 2
118 127 2
10 73 4
106 139 4
122 56 2
5 107 2
66 20 3
80 34 4
89 86 2
18 82 2
84 71 2
107 65 2
46 51 2
61 133 1
13 25 1
72 68 4
134 60 1
3 124 4
36 41 1
110 127 2
88 34 3
35 144 2
13 133 1
40 76 3
5 50 3
48 50 2
132 129 1
60 35 3
112 1 2
148 2 4
22 44 4
5 148 4
61 139 1
49 112 4
23 7 4
127 54 1
142 143 3
104 0 4
30 71 2
37 142 3
42 124 3
99 68 1
121 110 1
72 14 2
43 99 3
8 101 2
40 96 4
89 76 3
133 17 1
37 8 4
22 33 3
8 19 1
0 136 3
84 140 4
117 109 3
52 46 3
130 138 1
133 51 1
62 77 1
78 70 1
46 116 3
31 126 1
5 92 2
49 125 1
67 110 3
108 56 1
146 76 1
51 53 3
71 68 3
105 130 4
66 26 2
117 80 1
87 100 4
29 101 2
30 110 4
69 135 1
78 96 3
77 53 4
55 125 4
78 114 2
55 83 1
24 21 3
149 119 3
63 31 4
49 126 2
99 109 3
120 27 2
8 26 4
138 58 1
113 112 2
3 128 2
23 26 4
95 105 1
16 93 2
116 121 2
139 127 1
103 10 3
107 75 4
146 31 4
32 139 3
117 7 1
44 93 2
76 72 3
90 84 1
72 112 3
79 3 1
135 126 2
42 131 2
58 120 2
126 80 1
59 21 3
67 146 2
83 81 1
46 42 4
32 30 4
98 97 1
105 114 4
31 134 2
129 71 1
11 56 3
86 72 2
133 46 3
112 70 4
35 122 3
68 75 4
31 142 2
93 102 1
9 97 2
69 109 3
6 119 3
47 50 1
84 1 3
68 5 4
59 77 4
61 8 1
75 13 3
26 100 4
67 39 2
62 52 4
15 120 1
47 12 3
138 115 4
83 112 1
1 75 4
115 80 3
81 79 1
130 17 3
104 9 4
24 101 4
148 133 4
89 96 3
55 112 1
111 108 3
132 42 1
13 97 4
26 137 2
106 147 2
93 57 2
81 142 4
50 84 3
63 51 2
54 137 1
105 69 2
69 90 3
131 12 4
83 53 3
15 27 1
47 117 3
79 87 2
48 12 4
40 117 4
20 95 4
55 18 4
125 43 3
74 44 1
3 116 4
92 61 4
19 135 2
146 21 1
18 3 2
35 16 1
109 133 3
73 30 4
110 80 1
111 131 1
53 32 1
112 7 2
14 21 1
141 32 1
90 140 1
63 107 3
114 12 1
44 133 3
42 58 2
70 35 3
26 77 1
67 120 3
135 110 4
107 142 2
20 47 3
111 78 2
88 136 1
83 135 2
63 0 2
81 47 2
37 82 2
117 58 1
118 128 2
130 15 1
130 8 1
69 41 4
57 2 2
76 28 2
100 148 1
149 78 3
98 31 3
100 46 2
92 18 4
94 113 2
121 80 3
126 20 2
30 117 4
52 7 2
55 30 3
80 25 2
20 26 2
35 8 1
115 76 2
73 127 2
81 149 4
105 92 2
68 27 2
22 114 3
83 10 2
35 81 2
104 137 4
129 8 1
135 17 2
23 147 4
87 122 4
74 95 1
87 120 1
104 55 4
40 42 3
90 141 1
0 39 1
54 39 2
18 12 4
103 17 1
149 50 2
113 21 1
37 118 2
78 79 4
75 0 2
53 38 2
50 20 1
133 21 2
144 48 2
21 90 2
18 143 1
50 57 4
18 84 4
144 106 3
65 94 4
70 54 4
125 23 1
112 8 3
51 0 1
12 143 3
101 76 3
100 115 4
63 138 3
149 122 3
78 143 3
12 111 4
125 5 3
42 110 3
46 5 4
24 20 1
84 87 4
11 108 4
117 79 4
53 81 3
25 14 3
73 141 1
111 81 1
79 39 3
127 103 2
48 128 4
4 83 1
146 12 1
114 62 3
135 23 1
2 108 4
95 36 3
8 132 3
117 140 3
140 33 4
6 72 4
39 110 4
132 3 4
57 114 4
45 14 3
1 98 1
127 116 4
51 105 4
80 82 3
91 51 2
85 130 4
124 63 2
94 32 4
22 24 1
42 120 3
84 36 2
31 69 2
81 95 1
69 149 1
37 94 3
99 116 2
143 63 4
111 103 2
89 3 2
61 131 4
119 85 3
49 51 4
59 50 1
19 31 4
38 148 1
53 117 1
39 136 3
118 30 3
140 67 4
104 62 3
123 21 3
74 39 2
105 129 3
107 90 2
80 46 2
104 28 3
141 29 1
39 106 2
12 117 3
23 62 4
33 61 2
4 22 4
45 138 2
31 92 2
74 106 2
51 77 3
16 104 4
15 124 3
65 131 1
108 120 1
31 33 1
9 46 4
17 42 2
119 105 2
96 67 4
79 142 4
45 147 3
92 34 4
9 39 2
113 74 3
14 116 3
11 64 2
143 104 1
14 128 1
27 11 4
16 3 4
31 38 1
22 28 2
3 149 1
149 61 3
30 59 1
131 122 2
113 124 4
146 74 1
66 60 3
127 99 2
97 149 1
131 46 1
144 128 3
50 27 4
68 51 1
73 34 1
104 72 3
3 112 4
20 55 2
117 16 1
68 87 4
44 79 2
95 145 3
149 125 3
46 65 4
106 5 4
44 73 4
66 96 3
26 43 3
43 105 2
22 79 2
141 23 1
84 17 2
132 49 2
122 48 1
93 112 4
5 10 3
22 61 1
124 108 1
65 93 1
84 13 4
130 89 3
130 59 4
75 29 3
68 18 3
43 19 4
82 122 2
57 147 2
130 110 2
141 139 2
74 7 2
47 31 1
0 76 1
23 24 3
91 89 3
108 133 4
64 45 1
144 81 2
75 95 3
47 24 3
30 139 2
103 120 3
50 102 4
97 19 1
148 124 3
126 17 4
5 17 3
111 126 2
121 72 1
58 111 2
64 96 1
54 0 4
74 109 3
71 50 3
133 58 1
73 63 2
124 87 1
52 66 3
53 47 3
110 141 1
82 143 1
119 13 2
122 92 4
30 23 1
147 10 1
6 22 1
136 73 4
89 101 2
117 118 2
64 58 1
111 149 2
48 107 2
55 92 4
37 133 1
122 33 2
139 41 3
7 113 3
148 58 4
87 23 2
115 83 1
138 4 1
121 62 3
90 93 1
29 69 1
32 25 4
10 58 2
36 58 4
106 67 3
118 99 3
75 82 2
78 9 1
64 57 1
77 131 1
130 109 3
95 32 4
63 89 1
38 46 1
88 89 4
95 69 2
101 93 1
142 149 2
15 37 2
30 68 2
43 103 3
80 118 3
94 31 3
49 9 4
95 110 1
146 85 1
63 35 4
72 127 4
118 66 4
44 137 1
92 106 2
73 95 1
14 91 1
95 33 4
50 92 3
129 59 1
116 146 4
53 6 2
128 106 1
56 69 2
46 43 2
48 94 4
114 85 4
29 63 3
121 38 1
20 125 4
57 4 2
47 52 4
18 78 2
72 10 4
123 45 1
18 53 1
17 68 4
1 138 1
95 119 4
126 59 4
77 122 3
91 97 2
13 107 1
142 8 2
55 17 1
57 82 3
129 16 4
149 117 3
121 18 4
36 15 3
102 18 1
135 15 4
21 93 1
55 85 1
39 49 1
79 66 2
62 15 2
55 70 3
146 137 1
29 30 4
25 70 1
55 7 4
41 108 4
75 135 3
120 146 1
14 118 4
36 3 3
133 75 3
125 36 3
74 105 3
38 120 4
139 85 2
116 32 3
109 14 1
126 12 1
144 26 2
18 31 3
114 41 4
24 130 2
21 134 4
1 115 1
140 142 4
73 4 2
96 141 4
106 32 3
42 35 2
73 89 2
4 63 4
57 20 4
82 29 2
53 62 1
72 130 3
89 55 1
39 130 4
55 10 3
139 104 4
141 83 3
74 45 4
32 45 1
31 139 2
28 63 4
90 57 1
105 76 2
121 6 3
108 33 3
110 32 1
100 44 1
60 94 1
31 37 4
9 145 2
41 148 4
113 89 4
94 136 4
44 4 3
112 139 4
87 105 3
36 100 3
88 105 4
97 136 3
22 41 4
92 146 2
61 0 2
123 112 3
134 51 4
0 107 1
106 62 3
80 48 1
51 84 2
112 18 1
49 48 1
82 74 2
25 2 3
74 102 4
34 119 4
140 113 3
63 130 1
140 51 1
147 75 1
137 37 2
25 53 2
18 65 2
144 14 4
136 84 3
42 18 4
3 17 1
142 45 2
7 131 1
46 66 2
15 92 4
121 135 3
38 3 3
126 2 1
69 36 3
135 149 1
64 37 2
49 139 1
6 97 1
2 74 1
94 2 4
52 19 2
89 27 4
50 63 1
92 35 2
51 127 1
117 33 1
98 59 2
127 108 1
66 111 4
24 140 3
114 74 3
97 18 2
110 61 4
92 142 3
106 73 2
118 124 1
88 73 2
40 81 1
67 139 2
142 130 3
53 126 1
135 131 1
127 112 1
32 79 1
137 72 3
25 109 3
75 35 3
34 114 4
74 3 4
139 68 4
48 66 4
18 129 4
113 132 1
80 40 3
4 120 2
46 135 1
147 144 1
70 31 2
68 114 1
9 70 3
43 49 4
139 53 2
48 106 1
114 0 4
102 146 4
85 49 1
101 110 3
99 46 1
109 112 4
15 73 3
102 15 3
121 114 1
91 37 1
9 71 4
8 96 2
145 20 1
108 92 2
64 34 4
8 64 3
31 78 2
100 72 4
74 29 1
116 79 2
31 8 1
1 136 4
115 112 2
111 61 1
66 146 1
33 56 3
76 131 1
11 111 3
96 9 2
125 72 1
99 34 2
11 20 2
12 30 2
34 59 3
73 76 4
101 134 1
62 80 4
115 47 2
138 61 3
33 41 4
133 145 1
147 13 3
104 69 2
59 72 3
130 67 3
131 18 3
118 2 4
30 82 2
19 129 1
72 49 1
69 64 4
54 110 2
23 131 3
66 147 4
30 103 4
18 118 4
68 20 2
133 119 4
129 78 2
7 138 3
4 7 2
13 85 4
45 120 1
71 45 3
76 53 1
7 104 1
47 113 3
66 47 1
29 34 1
143 27 2
29 99 3
45 10 2
89 25 1
61 63 1
15 76 1
115 34 4
129 117 3
112 126 4
11 82 1
78 56 4
8 44 3
102 49 3
68 10 4
48 84 4
76 34 1
1 116 2
131 39 4
71 93 2
144 110 1
67 131 2
62 16 1
30 84 2
143 51 3
101 121 3
100 66 4
3 5 3
7 28 2
124 92 1
30 7 2
100 48 2
66 17 3
83 26 3
60 18 3
102 51 3
102 53 4
52 45 3
32 4 1
66 105 3
22 76 4
99 41 4
57 16 2
119 57 3
54 105 1
88 133 1
145 28 1
2 135 4
57 15 4
124 89 4
13 36 3
133 34 1
66 74 2
47 38 2
13 32 1
56 85 4
146 53 2
63 118 2
31 21 3
28 139 1
55 98 3
65 66 2
66 87 2
138 73 3
109 28 1
120 0 4
31 17 3
138 60 1
68 58 3
98 7 1
85 149 1
53 99 2
105 52 1
103 142 2
72 124 1
90 144 4
16 135 2
130 71 3
90 149 1
88 117 2
9 72 3
122 3 3
54 51 3
91 130 3
149 47 2
125 45 3
48 125 2
107 130 1
9 47 3
9 129 3
134 59 1
73 45 3
45 136 1
66 2 4
74 133 4
0 83 1
114 91 1
137 53 2
98 107 3
26 18 3
87 60 2
41 110 2
120 56 2
4 105 1
54 112 4
137 58 4
22 25 2
111 113 1
90 91 3
106 112 1
86 15 4
143 85 3
84 19 3
74 62 1
149 128 1
34 101 2
115 89 4
113 45 3
145 89 3
110 143 3
92 49 3
11 110 1
85 11 2
102 131 1
130 136 3
103 58 1
137 36 3
108 43 4
138 55 1
12 23 2
87 102 1
81 19 4
70 60 4
119 19 3
38 36 1
4 49 4
138 83 4
84 70 2
17 114 3
88 33 3
33 71 3
63 55 4
146 141 4
54 8 2
62 81 4
75 51 2
124 133 1
38 134 1
65 3 1
55 60 1
116 98 4
5 44 1
50 147 2
12 52 1
20 134 4
63 146 2
82 110 2
17 1 1
105 81 4
27 66 4
66 31 4
22 52 3
90 32 4
5 2 1
35 68 4
78 112 3
135 92 2
27 138 4
147 9 4
74 130 3
137 94 2
37 67 4
21 53 2
0 20 4
117 69 4
18 99 4
143 91 2
136 46 1
79 65 1
46 101 3
62 64 1
96 130 3
102 55 2
85 36 2
72 126 1
60 100 3
62 130 2
130 83 3
49 25 1
70 73 2
39 104 2
5 6 3
140 12 2
89 28 4
109 128 1
86 87 1
35 97 2
84 144 4
146 86 4
1 131 4
96 60 4
15 133 4
90 136 1
126 42 2
95 54 2
11 121 4
107 10 2
88 37 3
78 138 3
64 139 1
112 120 3
123 110 4
42 149 3
24 115 1
100 78 4
36 115 2
82 56 4
136 131 2
128 71 1
84 3 3
35 25 4
135 66 4
88 53 1
147 87 3
9 117 2
117 13 1
42 88 2
107 82 4
142 109 2
114 148 2
58 95 1
71 107 3
134 46 3
29 128 3
27 139 3
0 96 3
46 19 2
88 90 4
91 110 3
82 51 1
126 5 3
122 85 3
134 148 4
89 69 4
10 63 3
51 126 2
106 31 4
82 49 3
41 74 3
123 95 2
113 145 3
40 69 1
94 43 3
99 126 1
97 62 4
0 145 2
147 64 2
9 43 2
129 109 4
29 110 4
38 118 4
88 13 4
40 118 2
113 147 4
11 74 3
99 100 1
134 14 1
133 101 4
131 22 1
94 30 2
51 55 3
16 125 2
52 141 2
149 41 3
95 126 3
11 138 2
36 88 1
123 94 2
147 8 1
20 74 4
55 139 3
11 106 2
65 5 3
8 39 1
13 54 3
141 88 1
118 148 2
65 13 4
86 114 4
47 30 2
69 141 2
37 123 4
24 35 3
105 78 1
57 40 4
77 33 2
67 2 4
22 48 1
25 114 2
13 123 1
98 56 4
47 7 3
128 69 4
68 25 3
26 82 4
147 129 4
129 34 2
93 13 3
27 24 1
67 21 4
128 37 4
48 20 2
25 61 3
49 62 3
125 143 2
56 142 4
145 51 4
60 110 1
39 45 3
144 60 3
31 107 4
53 100 2
33 86 4
28 98 4
61 127 2
89 123 3
99 149 3
58 84 4
106 16 3
21 125 1
61 136 4
56 5 4
94 12 4
124 127 2
133 90 1
148 10 2
26 51 2
123 78 1
97 110 2
78 115 4
29 13 3
131 125 1
26 60 2
111 60 2
20 77 4
74 69 3
8 69 3
89 68 3
72 53 4
45 140 2
105 109 1
56 32 1
122 133 4
70 139 4
116 110 1
68 133 4
114 31 1
25 24 1
127 29 3
133 85 4
112 92 3
94 68 3
109 16 3
92 98 3
128 15 1
90 15 2
14 82 1
90 68 2
78 23 3
141 148 1
56 100 1
99 102 3
40 3 2
81 93 1
17 101 4
46 23 2
124 40 4
32 135 3
38 70 4
55 124 2
111 120 3
0 36 4
39 50 1
15 87 4
8 149 1
14 24 1
116 125 1
131 68 1
89 120 1
45 144 2
14 114 2
15 0 1
88 138 3
115 116 1
124 140 1
109 134 2
50 111 2
80 135 1
51 7 1
59 76 1
113 32 4
129 66 1
138 38 1
77 0 4
37 0 2
104 73 1
58 60 2
20 91 4
64 32 1
85 121 4
133 14 4
10 111 2
0 21 3
78 103 4
116 134 2
124 0 3
74 1 1
35 34 1
26 117 4
79 52 1
122 111 3
137 31 1
129 47 3
36 16 4
7 50 1
73 21 1
17 127 3
37 111 3
96 41 4
137 9 3
140 21 1
7 144 2
67 68 3
124 65 2
11 133 2
59 106 4
32 63 2
113 90 4
56 3 3
49 67 4
55 118 1
16 44 3
139 125 2
93 27 2
8 115 2
130 102 4
35 86 1
64 5 3
92 140 1
49 38 2
5 134 1
15 48 1
5 90 1
84 76 3
82 135 3
36 113 3
136 78 2
104 6 3
77 103 4
114 83 1
21 20 3
133 8 3
40 135 2
118 87 2
19 80 4
77 41 4
146 19 2
144 132 1
135 68 3
81 98 3
7 2 2
99 141 1
131 120 4
73 79 3
25 48 3
59 118 2
24 70 2
28 138 4
40 83 3
128 103 2
100 6 2
140 129 4
45 38 3
32 46 1
8 135 2
55 146 3
57 123 2
10 25 1
15 68 2
56 91 4
57 135 2
4 58 2
60 93 2
62 8 1
70 134 4
35 120 2
46 88 3
137 24 1
75 31 3
86 80 2
129 12 3
77 144 4
89 0 4
141 116 1
104 74 1
122 141 4
115 2 3
135 119 3
127 105 3
40 132 2
59 147 4
80 133 4
66 85 4
24 18 4
88 69 4
135 147 4
144 49 1
36 56 2
94 19 4
132 11 2
106 134 3
1 107 2
87 65 3
85 63 4
123 83 4
37 73 1
92 60 4
60 120 4
39 100 1
76 142 1
116 71 1
40 138 3
89 2 3
137 99 2
52 4 3
86 34 2
87 29 1
71 85 2
110 38 3
140 6 3
39 92 1
86 101 4
31 23 3
41 6 4
10 7 3
132 14 3
127 52 1
130 5 1
9 140 3
125 98 2
60 2 4
58 131 3
138 139 1
13 37 1
62 82 2
25 97 3
37 6 4
127 92 1
112 90 2
35 26 3
113 10 1
142 88 4
144 95 3
116 64 3
68 50 3
88 51 4
101 13 3
143 15 3
144 10 3
85 141 2
98 127 1
47 75 3
138 14 1
101 96 4
113 43 1
44 90 3
34 69 1
92 94 1
149 76 3
125 130 2
3 110 3
123 119 2
133 54 3
113 103 3
88 68 4
74 76 2
7 38 2
108 74 4
50 34 4
26 127 4
9 65 1
4 80 1
91 32 1
18 44 1
44 102 1
123 4 4
97 112 1
7 62 1
55 52 4
74 46 2
89 37 1
117 91 4
122 93 3
101 116 4
4 72 1
8 94 1
108 119 1
42 148 3
34 149 1
16 30 3
51 114 1
48 139 3
47 22 3
5 78 2
145 42 3
0 94 3
55 28 1
77 55 1
149 110 4
21 144 4
11 98 2
103 76 2
27 94 2
94 86 3
38 74 1
122 16 4
117 100 1
79 10 2
148 33 2
2 9 1
61 48 2
25 111 3
130 92 2
146 100 2
0 135 2
57 26 1
45 40 1
114 118 4
120 59 3
63 80 3
31 125 3
2 32 3
113 71 3
36 147 3
127 31 1
144 42 3
78 140 4
45 122 3
44 53 2
114 100 2
55 95 2
37 110 1
66 71 4
23 143 2
53 141 3
38 62 4
97 66 3
137 91 4
58 104 1
138 108 4
54 97 4
55 140 1
128 34 1
73 66 3
6 14 3
82 44 3
51 2 2
73 3 1
137 19 3
41 66 1
24 58 1
138 43 3
122 37 1
29 2 4
91 38 4
128 81 1
3 25 1
125 75 3
137 73 4
33 99 3
60 43 1
14 140 3
147 19 3
47 51 4
129 149 1
11 21 1
48 14 2
37 75 3
90 4 4
130 118 2
68 56 3
91 83 2
46 123 3
114 102 2
60 115 1
100 143 3
134 91 1
67 92 1
116 50 2
106 6 2
116 45 2
117 39 4
6 124 4
10 71 3
6 9 2
5 128 4
110 86 4
102 48 1
142 24 3
73 38 4
138 110 2
95 71 4
99 23 1
135 102 1
123 17 3
25 105 3
104 25 1
89 74 2
40 104 1
48 1 4
68 64 1
65 45 1
101 64 3
49 141 3
85 101 1
124 22 4
55 129 4
128 75 4
47 0 1
68 118 2
114 43 2
63 105 2
139 5 3
77 67 1
70 65 2
98 64 2
137 21 2
62 128 1
49 149 3
129 137 1
52 121 1
102 106 1
31 4 2
122 22 3
132 28 4
46 48 4
137 11 3
124 36 2
53 89 2
84 133 3
110 146 2
2 117 4
132 118 3
22 119 1
34 13 4
128 117 4
141 21 2
100 47 1
65 61 2
62 90 1
120 18 3
110 56 1
129 40 2
98 88 3
87 111 1
75 84 3
103 26 3
66 130 2
141 81 3
90 0 4
103 108 2
55 64 1
6 88 2
14 23 4
39 6 1
58 37 3
100 136 3
42 43 1
45 98 3
104 97 1
104 125 1
67 3 4
93 63 3
141 143 4
2 138 3
84 35 3
95 72 4
126 87 4
32 133 1
145 137 1
85 18 2
116 75 4
66 56 1
50 141 3
0 117 3
30 33 1
111 42 1
123 31 4
44 80 1
35 59 4
118 106 2
92 25 4
149 0 4
14 99 1
103 119 4
105 84 4
58 29 3
131 96 2
82 99 1
128 33 3
47 59 4
117 132 3
68 29 3
100 8 1
17 37 3
148 91 3
57 89 2
17 149 1
72 75 4
122 41 2
53 132 4
76 124 2
125 24 3
120 127 2
96 79 3
31 119 1
103 125 1
109 64 3
118 9 1
85 24 4
1 108 2
27 77 4
24 81 3
142 120 3
105 49 1
89 85 4
121 87 4
112 82 2
36 47 4
101 126 1
18 124 1
137 107 4
59 124 3
34 43 1
2 33 1
133 42 2
50 49 4
113 127 1
86 45 4
77 63 1
12 134 2
11 62 1
107 17 1
133 67 3
77 28 3
9 132 4
23 83 1
108 88 4
89 100 2
120 107 3
77 2 4
147 43 1
18 81 1
35 135 3
69 37 3
32 121 1
51 62 3
91 70 2
51 4 2
9 126 4
85 46 4
142 65 4
33 24 3
90 92 4
141 100 1
46 112 1
15 17 1
81 3 3
92 10 2
74 72 1
55 130 4
85 103 3
52 72 4
3 48 2
13 11 4
2 41 3
144 69 1
100 34 2
3 133 4
21 37 4
36 66 1
51 44 3
113 3 4
48 9 4
112 119 1
80 141 4
69 140 4
7 1 1
9 50 1
87 69 3
108 145 1
74 121 3
81 26 2
58 82 4
149 26 1
139 50 3
37 114 1
144 64 3
132 146 3
26 131 4
43 28 1
73 57 3
49 91 3
42 81 2
118 77 2
90 18 1
90 131 4
59 95 2
97 38 1
128 138 2
29 15 2
79 130 3
68 96 4
52 70 2
110 22 3
62 89 1
47 43 2
89 133 4
29 81 4
52 85 4
36 135 4
57 76 4
103 101 4
78 10 2
127 81 1
31 83 1
130 1 4
122 119 4
43 3 4
1 3 3
149 67 4
130 4 3
3 118 2
16 71 3
117 142 1
28 124 3
90 29 1
14 50 4
50 128 4
24 83 3
48 63 3
9 36 3
77 85 4
144 126 3
121 77 3
66 23 2
76 123 4
90 87 2
95 83 3
58 1 1
74 78 2
65 123 3
139 7 4
31 43 3
4 97 3
65 62 4
37 30 2
21 74 1
66 29 3
11 36 4
121 66 4
74 60 4
16 118 4
136 125 4
133 142 2
144 25 2
128 101 2
130 106 1
17 95 4
96 52 1
23 28 4
147 28 4
32 42 2
26 114 1
34 6 3
121 5 2
44 115 4
66 8 1
25 29 1
111 24 4
16 126 1
98 142 1
52 104 4
49 128 2
10 98 4
101 87 3
75 81 3
59 117 2
3 61 1
146 1 4
104 35 4
74 117 3
100 37 2
134 3 4
115 21 1
108 58 3
141 40 1
95 18 3
98 18 4
115 146 1
58 80 4
125 2 2
122 130 3
35 90 1
106 24 2
78 4 3
88 126 3
105 70 3
1 44 3
37 57 4
106 55 2
67 38 2
12 98 2
119 5 2
122 54 3
93 77 1
135 34 1
59 10 4
17 128 3
110 12 4
38 116 4
137 28 3
93 0 3
80 129 3
64 15 4
42 118 4
146 57 1
19 71 2
13 42 4
17 141 4
20 2 1
131 19 4
14 69 1
136 34 4
52 27 2
36 30 2
102 124 1
138 93 2
68 92 3
53 120 4
68 100 1
125 47 4
34 142 2
45 107 1
8 145 2
86 10 4
72 5 4
121 75 4
80 137 2
107 92 3
98 77 2
100 73 1
82 9 2
1 127 2
37 147 2
44 88 1
123 39 1
52 133 4
46 82 4
0 29 3
91 21 1
101 106 4
64 6 2
105 142 1
101 59 3
24 112 1
148 80 4
107 79 1
139 124 2
30 60 1
73 55 3
16 42 1
130 2 4
24 79 3
76 48 1
32 127 1
130 101 4
115 101 4
123 71 4
105 7 2
146 118 3
9 84 3
59 33 4
91 107 2
34 9 3
142 96 4
30 45 2
33 96 1
114 142 4
18 128 2
30 91 1
79 134 2
3 147 1
90 123 2
86 59 4
114 144 3
106 96 3
67 56 2
82 69 3
64 53 4
7 96 1
121 78 2
34 97 1
70 103 4
40 127 3
126 23 2
121 36 4
19 40 1
59 4 1
123 54 3
41 17 2
7 148 1
28 40 4
9 77 2
137 79 2
110 148 3
145 47 4
41 44 2
131 14 1
54 26 1
144 123 1
23 4 3
39 2 3
57 1 4
127 55 4
88 45 2
123 129 1
137 78 1
115 136 3
38 144 1
67 14 3
71 117 3
126 139 2
49 21 4
100 92 2
70 128 4
120 80 3
104 64 3
115 12 4
8 27 4
132 63 2
28 83 2
51 27 2
47 122 1
83 125 1
69 123 2
15 26 4
101 144 1
28 70 1
73 0 4
75 48 2
115 140 2
37 120 1
8 122 1
123 147 3
80 67 1
112 64 2
43 102 2
77 82 4
32 43 4
74 49 2
99 45 4
135 29 1
75 38 4
95 41 3
87 74 2
83 61 2
94 96 1
71 2 1
57 94 2
49 12 3
125 62 1
54 83 2
129 83 1
91 77 3
62 46 3
12 122 1
85 124 3
93 83 1
97 82 3
116 135 1
43 72 1
115 77 4
20 105 4
114 99 2
139 47 2
140 43 3
85 43 2
16 131 1
52 114 2
132 116 4
55 6 4
5 146 2
67 61 1
91 73 3
116 58 1
67 138 2
42 71 3
4 140 1
81 11 1
44 12 1
101 127 1
10 77 3
78 145 3
40 0 1
109 95 2
31 99 4
20 18 1
61 132 1
118 17 3
39 68 2
20 45 2
101 75 1
17 91 4
142 25 2
5 67 3
137 108 3
63 54 4
146 82 3
135 136 3
96 111 3
4 108 2
40 109 2
143 4 3
46 58 3
110 13 3
28 16 2
37 143 1
60 129 3
67 34 4
125 120 3
20 82 4
27 83 1
67 69 4
101 5 3
70 53 2
10 20 1
48 33 3
149 92 1
57 63 1
35 87 2
81 114 2
98 104 4
1 45 3
32 114 2
100 105 2
40 33 3
86 135 4
111 64 2
34 74 4
90 132 2
143 145 1
33 65 2
91 57 4
69 102 4
44 112 4
35 36 4
25 42 1
136 42 2
40 52 2
114 97 4
112 40 3
75 58 1
95 104 3
110 139 2
36 94 3
116 67 1
10 119 4
12 105 4
69 45 3
72 110 3
124 126 2
5 113 1
61 23 1
111 136 2
4 144 2
130 34 2
62 66 4
46 2 3
113 99 1
82 10 2
126 108 1
145 69 3
146 56 4
137 106 4
49 90 1
7 65 4
35 118 1
24 53 2
12 83 2
69 2 1
34 7 2
101 30 3
77 120 3
112 34 1
50 36 1
14 65 4
101 68 3
74 25 4
89 70 3
42 85 4
129 5 2
78 51 3
39 127 2
55 23 4
33 47 3
91 40 1
96 120 3
6 36 4
143 19 2
65 128 4
93 111 1
94 45 3
24 64 1
48 59 4
34 94 3
114 11 2
64 141 1
65 137 3
89 56 1
127 149 1
45 139 1
126 3 3
11 66 2
108 112 4
77 36 2
116 86 2
18 17 2
123 72 1
146 39 1
60 63 2
140 36 3
131 79 1
145 147 1
111 84 2
54 78 4
34 143 1
92 72 2
33 87 2
121 57 3
94 38 4
79 47 2
103 15 3
66 34 2
141 127 4
144 111 1
113 143 2
85 2 3
111 125 1
91 133 1
15 52 1
146 69 2
51 92 3
131 63 2
42 72 3
120 28 1
86 91 2
54 79 4
16 142 2
120 106 3
109 76 2
43 64 3
27 37 1
31 46 1
110 124 2
94 71 4
42 31 2
129 13 1
52 107 3
124 143 1
76 13 1
70 98 1
113 37 1
54 77 4
27 133 3
118 73 3
9 59 3
44 107 1
69 106 3
46 145 1
16 14 2
77 18 2
41 37 3
18 108 2
3 23 2
31 120 2
96 103 1
142 0 4
141 117 3
57 65 3
115 105 2
43 88 2
4 13 3
89 72 3
66 18 4
81 86 4
66 149 3
140 64 4
57 49 2
58 134 4
104 119 1
100 70 4
102 136 1
6 54 2
141 25 3
112 136 4
61 122 2
16 133 3
142 72 1
13 66 1
25 103 1
92 102 4
74 51 2
87 45 1
51 39 2
81 48 1
18 56 1
49 76 1
129 81 3
119 134 1
114 94 3
67 33 2
86 127 2
0 144 2
79 125 2
23 29 4
66 30 2
57 75 4
16 31 1
28 95 3
44 42 2
128 43 3
76 88 1
77 5 3
60 101 2
44 57 2
89 146 4
94 51 1
49 63 1
64 31 2
137 149 2
74 15 2
81 33 4
146 128 4
40 130 1
115 52 1
130 116 1
33 8 2
120 104 4
50 44 4
50 80 3
19 34 4
50 87 4
73 19 2
33 93 2
81 1 3
46 107 3
11 26 1
128 143 2
145 32 4
103 80 2
125 12 1
52 138 1
134 125 4
131 49 4
42 86 2
130 90 1
0 43 4
88 128 4
66 3 4
68 44 2
78 90 3
56 0 3
31 56 4
10 6 1
74 28 2
23 130 1
40 49 2
80 37 2
56 70 2
147 55 3
1 72 3
87 133 4
102 141 2
89 137 4
41 111 1
88 112 1
99 111 2
79 20 1
81 23 3
45 47 1
41 31 4
84 110 2
16 9 4
84 49 4
70 82 4
44 15 4
61 27 2
131 94 3
115 108 4
101 107 2
76 65 2
58 115 2
149 113 2
94 103 1
18 51 1
65 74 3
77 99 4
74 56 4
148 106 3
101 70 3
5 100 1
56 22 3
85 127 4
143 88 1
123 41 1
52 110 3
97 107 1
97 79 4
107 73 3
57 136 1
137 128 3
148 59 1
85 5 2
23 123 4
31 147 3
53 79 3
35 140 1
129 77 3
90 137 3
46 70 1
61 120 1
126 103 3
5 89 2
104 15 1
15 46 3
63 98 2
51 113 3
49 75 4
65 38 4
19 92 2
33 20 4
10 37 1
117 148 1
24 10 3
106 57 1
45 118 3
80 26 3
43 130 4
14 51 3
81 21 2
46 39 3
60 77 4
61 7 2
66 78 1
59 140 2
82 0 3
139 43 4
138 148 4
89 23 4
106 136 4
123 133 2
109 91 1
76 78 3
107 115 1
30 18 2
111 38 1
89 105 1
121 17 1
119 93 3
146 111 2
40 143 3
4 77 2
32 78 1
46 127 4
71 1 3
82 132 4
0 1 3
92 48 4
46 8 4
126 67 4
59 139 3
93 110 2
137 32 4
102 103 1
21 38 1
133 79 1
103 33 3
140 108 4
144 55 1
142 28 3
4 45 4
83 111 4
34 102 3
95 115 2
54 86 2
20 90 3
137 23 3
16 116 2
14 86 1
18 76 3
70 123 1
91 67 4
33 136 4
126 61 4
38 34 4
101 62 2
112 16 1
139 146 3
57 133 4
56 40 3
92 73 1
113 27 1
139 29 2
27 67 1
23 95 3
45 104 3
69 48 3
148 132 1
90 108 1
147 95 4
122 51 2
43 100 4
51 93 3
117 101 2
111 127 1
14 145 4
117 3 1
132 69 4
48 126 3
99 76 1
134 90 1
122 91 4
17 69 3
63 53 2
49 42 2
32 60 4
80 28 2
1 133 2
137 14 3
7 42 1
125 66 1
143 116 4
15 54 4
23 60 2
75 16 3
83 102 2
69 66 4
77 32 2
114 2 2
63 14 4
103 104 2
68 127 1
39 98 4
95 86 3
52 0 1
101 92 3
144 108 4
111 115 4
105 10 2
125 14 2
49 98 3
79 140 4
21 33 2
15 56 2
8 137 3
10 64 2
35 101 2
95 139 3
22 89 1
114 120 2
92 16 1
147 84 4
129 63 2
101 84 1
92 38 3
147 140 1
44 113 3
30 61 3
81 54 1
94 139 3
4 12 2
61 68 1
37 106 3
93 130 2
69 28 4
112 26 4
84 115 3
126 97 3
86 112 1
67 145 2
21 39 2
149 82 2
61 102 2
51 106 1
57 138 4
72 90 1
32 138 1
16 149 1
148 65 1
2 44 4
89 131 4
74 54 2
58 98 2
96 62 1
68 81 3
79 86 1
66 1 4
73 2 1
36 18 3
37 146 1
75 76 1
115 103 2
131 28 3
73 149 3
87 8 2
27 55 4
18 148 1
102 54 1
60 57 4
87 130 3
116 78 2
110 48 1
74 131 2
11 19 1
110 85 4
1 141 1
143 11 1
51 121 1
90 97 3
61 19 2
129 50 4
65 36 1
149 83 1
116 68 4
80 27 4
113 41 1
87 71 1
118 107 3
68 41 2
16 13 2
66 44 4
71 0 4
12 31 4
97 95 3
97 69 1
4 29 1
109 24 1
115 85 2
81 25 3
74 92 3
67 71 1
24 82 4
81 139 2
107 37 4
24 42 1
106 56 4
142 75 4
100 130 4
126 32 1
19 87 1
97 1 4
122 6 4
48 26 1
19 72 1
11 109 3
39 99 2
26 31 1
45 63 2
46 115 2
38 131 2
88 77 4
22 60 1
113 25 3
39 125 2
37 52 3
28 49 3
112 105 1
1 99 3
84 119 4
73 16 3
94 3 3
66 14 3
43 1 2
55 16 2
77 19 3
16 11 1
138 16 2
114 145 3
45 109 2
117 131 2
53 136 3
19 82 3
7 106 2
34 75 2
130 88 4
115 18 2
66 21 2
40 2 3
95 22 4
1 40 3
75 9 4
51 146 4
90 51 1
14 122 3
40 122 3
33 98 2
68 53 4
78 67 1
74 110 2
47 96 3
4 133 4
81 14 3
31 113 1
81 44 1
45 51 1
91 105 2
72 64 3
27 130 4
1 93 2
40 29 2
121 49 4
119 0 4
133 53 4
132 84 4
125 86 1
38 96 2
34 113 4
123 33 1
137 120 4
4 17 4
33 105 3
29 20 1
136 4 2
131 98 3
81 51 1
65 55 3
98 95 2
83 41 2
30 65 3
91 104 4
69 133 2
61 32 4
128 7 2
96 49 1
98 68 3
22 38 3
31 29 3
108 110 4
25 15 2
136 18 4
37 103 1
52 93 4
49 136 2
55 50 1
104 135 4
56 26 4
15 81 3
59 97 1
146 104 1
124 84 4
148 21 4
83 2 4
54 22 3
148 112 3
135 105 2
122 58 4
103 2 2
60 0 2
23 132 2
24 45 3
59 68 3
6 0 2
78 147 2
54 58 2
57 132 4
141 10 4
99 44 1
18 19 2
57 52 3
56 114 3
59 36 1
128 94 2
97 47 1
110 36 4
142 48 2
72 24 3
53 30 2
54 107 4
83 99 1
124 38 4
13 73 1
4 107 4
91 84 1
76 66 4
79 31 2
96 6 4
30 98 3
14 87 3
68 1 3
77 139 3
14 119 2
90 17 3
74 23 1
104 27 2
11 7 1
132 126 3
45 61 4
26 120 3
101 72 3
12 32 3
129 42 4
139 36 4
83 49 2
94 80 2
133 130 3
146 61 1
15 96 1
72 143 1
10 38 4
3 50 1
80 24 3
23 54 3
144 61 2
32 31 2
36 136 4
50 73 1
113 138 4
13 40 1
41 16 1
103 118 1
118 105 2
107 50 1
64 20 2
84 74 2
63 136 3
100 77 3
73 20 3
64 22 2
44 134 4
108 99 4
56 23 2
29 93 2
132 127 3
21 26 3
124 25 4
92 47 1
133 65 3
98 147 2
36 8 4
33 43 2
119 48 2
92 123 1
102 149 1
66 9 1
106 141 1
121 82 1
0 138 1
10 116 3
6 44 3
32 8 4
13 59 3
87 62 3
44 104 3
11 61 3
23 146 2
36 19 2
61 52 2
112 129 3
119 77 1
73 11 3
136 120 1
76 52 4
109 82 4
45 36 3
88 62 2
109 126 4
142 58 2
60 139 2
106 13 1
83 1 3
72 91 4
91 125 2
119 32 1
14 30 4
17 11 3
16 80 1
10 43 4
141 8 3
104 124 1
1 76 1
37 125 1
120 117 1
98 48 3
121 136 1
54 65 4
61 24 2
9 143 3
108 93 3
91 1 2
9 141 4
43 96 2
57 108 1
91 124 4
68 134 4
42 39 1
130 36 1
138 92 1
105 83 2
110 51 3
42 77 2
18 145 3
69 131 1
90 39 1
51 100 3
28 60 2
47 14 1
127 15 3
27 149 4
4 5 1
133 135 4
135 96 1
140 32 4
4 46 3
52 50 4
139 2 3
88 87 2
44 33 2
145 49 1
117 34 1
124 78 3
116 136 4
23 117 4
24 2 1
93 104 2
24 105 3
101 82 4
6 117 1
131 140 3
116 19 1
6 94 3
79 77 2
77 113 2
29 136 4
56 24 2
137 96 4
89 50 3
57 19 1
18 70 4
38 104 4
16 0 3
7 111 1
130 113 1
21 89 1
73 109 2
116 53 2
71 41 4
115 9 2
96 57 3
116 128 2
53 66 1
13 137 2
17 10 1
53 45 3
41 72 2
33 80 4
93 147 4
45 145 3
116 61 4
2 70 4
78 117 1
119 74 1
20 83 4
30 112 1
109 22 3
73 1 2
142 80 4
98 27 3
47 40 3
92 79 1
104 102 4
56 127 1
100 122 1
8 12 2
125 6 2
53 48 1
72 8 4
64 102 1
94 99 1
56 87 1
45 80 4
25 98 1
78 37 4
99 125 1
2 133 4
46 73 4
85 76 3
19 95 1
125 100 3
112 48 3
23 50 3
51 120 3
132 98 2
49 81 2
7 90 3
8 53 2
78 25 4
107 114 3
52 118 3
14 55 3
23 114 2
14 32 4
29 10 4
74 143 3
89 44 1
105 30 4
2 68 3
129 25 2
28 91 2
131 85 4
41 79 2
107 128 4
145 3 1
29 111 1
117 36 1
112 62 3
105 86 4
21 127 2
118 141 2
118 93 2
24 4 3
121 0 4
73 146 1
145 87 4
38 12 2
91 95 1
117 136 4
71 131 3
144 141 1
42 26 3
141 63 4
2 50 3
137 102 3
3 127 4
9 12 4
60 98 1
52 119 4
127 2 3
62 113 3
60 20 1
95 11 2
51 135 4
143 70 3
28 79 3
62 140 1
109 72 2
27 32 4
132 12 1
19 140 3
141 7 3
120 79 3
121 55 3
53 2 3
29 61 4
78 8 4
7 36 1
103 100 3
119 79 2
70 104 1
82 103 3
81 6 1
74 144 1
91 112 2
106 133 1
140 114 1
94 47 1
61 4 4
28 56 1
138 62 3
34 139 3
36 14 4
136 21 1
145 64 4
142 67 4
35 32 4
20 7 2
86 71 3
14 59 4
99 130 3
55 115 1
17 74 2
108 148 1
136 23 4
57 12 4
86 20 4
69 46 1
53 20 3
27 41 2
126 128 4
135 146 4
148 75 1
37 68 1
10 130 1
2 116 2
104 96 1
28 97 4
124 33 4
25 147 4
64 89 2
148 120 2
70 96 2
50 97 3
20 133 2
21 94 4
149 51 2
97 74 3
128 38 2
62 2 1
125 73 2
131 35 2
128 58 1
13 51 2
82 90 1
48 130 1
49 133 3
143 76 3
143 131 1
57 29 4
71 138 2
15 126 1
2 134 1
32 1 4
120 74 3
72 82 2
73 42 2
16 45 4
97 92 1
25 140 4
101 53 4
12 79 4
102 105 4
11 22 3
86 60 1
117 84 4
65 108 3
48 36 4
42 3 1
26 130 2
57 41 1
98 118 1
13 6 3
66 39 4
29 55 3
130 69 2
7 68 3
7 147 4
119 87 3
57 113 1
19 83 3
144 129 4
42 98 4
41 38 1
56 9 1
109 67 2
91 127 4
129 23 4
69 52 3
18 2 3
136 114 3
7 127 3
132 80 3
13 44 2
73 75 4
53 111 2
111 49 2
97 52 2
83 126 2
100 98 4
31 73 2
149 94 4
85 74 3
26 27 3
90 105 3
21 4 1
133 139 4
129 45 3
23 140 2
121 28 1
123 14 2
145 116 1
111 114 2
77 94 3
146 83 1
71 49 2
124 57 4
66 92 4
89 110 4
107 122 2
120 85 2
51 142 3
109 0 3
50 99 3
43 104 1
128 10 1
59 37 4
48 99 2
132 101 1
2 6 3
54 14 4
98 149 2
108 53 3
30 57 4
84 66 4
43 24 3
103 29 4
131 82 1
99 95 4
99 84 3
58 109 3
40 97 4
98 9 2
129 94 2
16 25 1
123 68 3
13 52 1
96 46 3
48 143 2
51 24 1
109 124 3
13 63 4
130 42 3
116 42 4
74 9 4
143 55 4
47 78 2
109 121 1
119 58 3
21 143 4
46 59 2
48 131 1
47 137 3
60 88 3
144 1 4
44 46 3
99 16 4
30 5 2
80 144 4
113 119 1
84 109 1
68 128 3
44 49 3
145 57 4
77 90 2
114 133 2
36 116 3
33 144 2
62 71 4
109 119 1
1 129 3
52 98 3
126 116 2
12 130 1
124 24 2
130 13 2
145 13 1
13 27 1
126 63 2
145 139 4
108 109 1
82 115 3
71 103 1
120 50 4
61 91 3
106 84 4
114 46 3
138 68 4
132 99 4
69 42 4
48 74 3
111 73 4
5 127 2
86 69 3
17 96 1
56 84 4
139 86 4
71 114 2
24 87 4
138 147 2
87 104 4
77 145 2
121 27 1
78 39 2
16 89 3
9 69 4
107 131 4
89 108 1
105 17 3
107 104 4
85 78 4
94 110 4
97 10 1
47 127 4
31 91 4
100 133 4
114 67 1
56 45 4
8 98 4
35 15 2
22 59 2
35 125 2
48 136 1
93 107 1
58 129 4
97 14 1
136 119 1
134 138 2
3 8 2
71 77 3
124 122 1
6 58 4
134 83 1
40 84 2
45 89 2
77 138 2
87 95 1
48 52 4
31 11 3
135 27 2
75 102 4
124 146 3
78 134 3
35 107 2
56 93 4
100 86 3
114 149 1
64 105 2
122 89 2
78 80 1
145 142 3
66 83 3
95 31 1
128 53 3
18 28 2
28 53 4
141 65 1
112 5 3
103 88 2
120 123 3
110 100 2
8 14 1
128 127 3
48 91 3
84 139 1
132 51 2
143 50 3
101 100 4
109 4 1
15 20 4
105 19 4
111 90 4
142 6 1
36 22 3
91 144 4
11 145 2
8 9 2
137 116 3
83 59 1
14 142 2
103 143 2
60 79 1
147 34 3
122 109 1
57 143 2
40 62 4
113 56 4
1 64 2
97 31 1
124 9 2
92 126 2
43 98 4
12 7 4
10 104 2
63 66 2
40 36 4
13 116 3
74 137 3
10 47 4
130 65 3
100 102 1
44 55 3
19 30 2
124 142 3
32 144 4
25 44 3
125 68 2
125 0 1
148 74 3
129 113 2
126 14 4
137 136 1
108 23 1
113 75 1
1 23 2
76 42 1
55 81 3
63 128 4
60 46 4
59 138 1
107 129 2
19 51 1
7 29 4
116 95 4
106 38 4
0 26 3
49 30 3
51 35 2
50 138 1
59 27 2
85 92 2
130 145 4
22 49 2
97 81 3
126 129 4
126 41 4
69 23 2
122 59 1
125 94 2
123 29 2
143 31 3
51 57 1
40 16 4
87 47 1
