5588 150
0 95 2
0 141 7
0 110 4
141 33 8
110 51 1
51 50 3
95 103 7
50 6 6
6 31 5
6 144 7
103 120 5
6 5 3
6 128 2
6 32 7
50 17 2
17 119 9
6 54 5
120 138 5
138 108 5
51 79 8
5 9 3
5 146 6
31 101 9
33 132 6
33 12 3
141 4 1
132 71 6
5 90 3
32 16 8
141 68 5
6 114 6
138 126 1
50 3 7
126 81 9
90 125 8
132 48 7
128 135 9
81 127 9
146 29 8
50 99 1
144 14 5
50 36 2
32 88 2
141 121 8
121 38 2
138 105 3
79 70 1
31 64 1
114 123 7
5 37 5
14 28 1
144 13 5
0 30 9
141 139 3
54 41 2
6 15 1
54 43 3
123 149 6
12 18 1
48 57 2
54 131 9
70 76 8
54 118 6
81 10 3
15 34 1
70 102 2
48 47 6
123 60 2
48 134 2
15 100 7
95 52 9
32 91 6
88 26 9
144 35 1
5 62 5
146 59 5
12 87 7
14 116 6
0 130 9
146 89 3
90 85 3
126 69 7
29 142 5
59 80 7
116 117 9
12 11 6
139 66 5
149 2 2
85 122 1
87 98 5
47 133 2
38 21 5
108 65 6
57 44 7
139 23 2
98 53 1
88 22 5
23 140 7
11 40 8
9 124 5
81 61 7
131 67 2
125 112 1
133 24 7
101 1 9
12 111 2
85 107 2
10 42 5
138 137 8
0 7 5
110 84 1
40 147 3
26 73 3
2 143 1
89 148 8
131 63 3
122 25 8
102 104 2
81 115 4
70 86 6
50 20 4
120 39 9
142 106 7
79 75 1
22 97 9
67 46 2
108 27 1
76 58 6
130 8 2
138 72 3
101 83 7
47 49 6
87 19 5
125 129 3
15 74 1
35 113 4
13 92 4
16 77 7
11 94 4
19 45 1
121 109 8
42 136 6
80 96 8
23 56 9
42 93 5
61 82 2
74 145 7
21 55 3
54 78 6
121 111 4
33 45 1
147 100 3
143 78 3
26 113 3
112 91 3
61 115 3
22 13 1
53 147 4
75 82 1
59 86 2
17 5 3
54 98 3
101 107 3
118 58 1
34 139 4
35 39 4
16 115 2
113 103 3
46 128 1
125 145 1
11 44 1
47 98 4
52 24 1
123 137 4
119 122 3
132 90 4
68 60 2
24 56 1
80 107 2
22 105 3
37 92 1
118 145 3
39 101 1
34 23 3
8 106 1
112 20 2
140 88 2
40 122 1
121 41 1
56 69 2
25 79 3
64 23 4
94 73 1
117 103 4
103 75 2
78 109 4
149 28 4
110 35 1
96 8 3
123 136 2
71 102 4
25 63 3
90 109 2
55 36 2
82 19 1
85 147 3
90 107 2
110 94 2
20 63 1
130 10 2
141 92 3
86 24 4
72 30 4
79 1 3
26 78 1
63 68 2
63 48 4
115 57 3
87 115 4
66 148 1
92 91 4
84 24 3
25 135 3
45 108 4
84 130 2
37 102 1
97 113 1
10 76 3
31 46 3
128 12 4
56 75 1
115 58 4
111 44 2
78 8 2
116 29 2
42 90 1
77 12 1
63 0 2
133 84 1
124 106 1
28 69 4
92 65 2
107 142 4
124 1 4
20 37 4
143 95 1
111 77 4
117 132 3
91 107 2
16 140 3
124 34 2
33 85 1
22 25 1
41 129 1
5 58 2
49 93 2
59 95 1
39 125 2
138 143 1
82 68 3
141 58 2
140 69 2
63 92 3
125 147 3
51 0 3
120 35 1
102 74 2
27 9 2
36 45 1
132 59 4
145 49 2
106 114 1
42 100 4
60 86 4
130 112 4
109 146 2
119 86 2
91 113 1
122 130 3
128 37 4
138 96 4
118 115 3
143 43 3
25 38 3
78 140 2
35 18 4
131 113 3
148 47 1
30 50 2
88 70 2
90 75 1
80 105 1
118 133 1
121 21 1
120 3 2
89 65 3
26 92 1
47 135 2
73 107 3
54 18 2
134 30 2
44 42 4
11 140 1
127 70 2
0 37 2
99 119 4
149 56 3
72 127 3
126 82 1
57 133 2
55 49 4
133 91 2
109 64 2
146 75 1
6 118 1
97 79 2
114 69 2
25 75 2
28 110 3
117 85 1
25 80 2
52 57 1
111 131 3
123 88 2
115 100 1
94 32 4
142 117 4
142 124 2
105 82 2
130 67 2
117 27 2
20 35 2
135 49 2
64 28 4
102 30 2
142 45 2
37 41 2
102 123 1
102 141 1
84 0 4
125 74 4
19 20 3
128 33 1
58 7 4
111 147 2
25 149 3
62 29 3
127 115 3
125 36 1
6 13 1
19 2 1
117 45 4
52 93 3
45 56 4
7 97 4
19 120 3
104 84 3
34 59 2
25 91 1
83 44 1
80 43 3
6 71 2
49 16 4
127 138 1
2 91 4
39 130 1
6 19 2
54 115 1
71 147 4
75 31 4
37 123 2
101 49 4
70 119 3
15 123 2
134 124 3
48 53 4
61 95 4
104 145 1
67 141 4
147 130 1
131 123 1
48 137 4
28 57 3
117 39 3
65 45 2
11 78 2
90 40 1
100 6 3
86 135 2
144 67 2
2 4 1
45 97 2
4 16 2
99 69 4
28 44 3
59 125 4
15 119 3
49 71 2
84 23 2
52 67 3
14 45 3
86 101 3
25 45 4
100 49 1
18 66 2
9 103 3
71 136 1
101 129 1
69 131 1
63 36 2
139 147 2
14 91 3
95 119 1
19 3 4
105 140 3
22 100 1
70 147 2
128 113 1
67 17 4
82 59 1
46 23 2
116 110 4
40 39 1
130 114 3
100 141 3
22 41 3
29 47 2
40 47 1
114 77 1
60 65 3
57 20 1
17 104 2
103 131 1
25 74 4
66 88 2
91 69 1
141 126 1
2 126 1
13 20 2
115 120 1
12 137 2
137 93 4
129 6 4
17 34 4
61 2 4
50 82 3
27 78 1
39 116 2
110 128 2
78 101 2
120 4 2
134 73 3
59 39 1
130 25 2
127 104 2
37 99 2
103 66 3
139 64 4
9 70 3
111 136 1
71 149 1
149 145 3
132 20 3
53 81 2
50 27 1
110 31 1
123 147 1
100 117 1
55 84 2
4 129 4
135 123 2
41 135 3
1 19 4
0 129 2
85 130 4
66 106 1
90 124 4
49 29 2
5 65 1
4 76 2
35 8 4
115 24 4
111 76 1
26 97 4
127 120 1
65 82 3
136 76 2
85 62 4
42 107 3
71 41 4
149 43 1
113 84 1
51 117 2
47 38 1
131 115 4
146 64 1
147 21 1
5 39 4
108 82 2
122 101 1
2 17 4
9 52 2
133 142 2
38 139 2
87 136 4
7 74 4
132 83 1
35 49 3
53 7 1
147 37 2
124 56 2
43 148 1
109 137 2
49 86 1
1 107 3
87 57 3
52 70 1
2 39 4
74 109 2
24 70 1
34 148 2
113 92 1
13 16 2
122 41 2
106 101 4
25 7 2
28 38 1
112 109 2
32 14 1
102 114 2
113 66 4
32 84 4
109 67 3
79 123 4
37 4 2
57 3 3
125 11 1
17 118 3
146 138 1
78 30 1
101 50 3
2 73 2
142 54 4
30 23 3
14 55 3
11 93 4
66 75 3
92 103 2
30 91 2
105 148 3
37 93 4
66 43 1
129 9 4
80 112 4
57 40 2
146 40 4
37 141 1
67 149 4
138 47 2
37 67 4
87 55 3
74 96 1
81 17 4
14 31 2
3 88 2
147 45 2
135 24 1
54 126 2
28 39 2
25 56 3
103 81 2
43 50 1
114 131 2
125 41 4
48 27 3
94 76 3
73 4 4
84 14 3
2 25 3
105 131 2
67 61 3
85 61 4
34 65 1
63 145 3
148 80 3
42 3 4
65 27 1
104 62 4
11 10 2
120 11 4
110 36 3
104 86 1
67 73 3
20 48 1
30 28 2
83 45 2
113 117 3
127 61 2
50 94 4
13 34 4
65 40 1
7 11 2
116 108 2
124 80 1
129 145 2
25 108 4
131 127 3
82 31 2
100 13 2
92 41 4
39 75 3
29 6 2
31 108 1
74 29 1
102 57 1
133 95 3
76 9 1
133 83 1
50 26 4
62 78 4
40 127 2
121 115 4
130 57 3
140 124 4
49 38 1
107 84 1
10 24 4
111 125 1
59 53 1
52 46 3
22 148 4
131 118 1
93 8 1
93 85 4
56 13 1
24 49 2
62 20 3
125 1 3
19 104 3
9 10 2
131 39 1
121 68 4
118 51 2
76 129 2
135 53 3
131 112 1
54 133 3
33 117 2
36 119 2
53 14 4
15 8 1
88 17 2
72 97 3
74 34 1
148 143 3
100 94 4
50 41 1
21 56 1
0 145 2
134 94 3
133 137 4
101 4 3
52 102 2
1 36 3
83 88 3
24 89 3
66 7 3
128 141 2
80 98 2
42 124 1
143 117 4
129 102 4
13 142 3
134 104 3
24 96 1
14 85 1
130 104 4
29 104 1
8 116 1
34 110 3
37 139 1
93 106 1
7 9 3
45 128 1
61 52 4
137 83 1
1 67 4
112 129 3
105 58 2
7 102 4
0 125 4
109 147 3
129 78 1
15 66 1
40 5 2
40 15 2
96 144 4
38 23 2
114 113 1
74 86 1
46 32 4
132 139 2
118 137 4
23 83 1
103 144 4
72 129 3
110 130 3
98 1 1
145 121 1
34 47 2
72 95 2
80 128 2
87 102 3
77 126 4
45 98 2
143 147 3
105 41 3
2 120 3
79 108 1
143 37 3
30 120 2
135 22 4
31 29 3
142 74 2
104 60 2
144 95 4
99 130 4
43 65 1
143 58 2
42 89 1
49 68 1
17 51 2
80 58 2
8 90 1
132 44 4
114 116 3
21 50 1
97 89 4
124 147 2
145 67 1
141 13 3
1 109 3
75 6 3
44 24 4
65 105 2
60 82 2
102 40 3
53 132 2
7 17 3
105 149 4
56 8 1
122 107 3
16 75 2
3 126 2
73 45 4
17 139 3
35 86 1
17 70 2
113 112 1
136 18 3
61 78 3
46 84 4
127 12 1
57 34 3
99 115 4
28 114 3
71 80 2
65 148 2
72 148 1
100 135 1
13 18 2
129 89 1
84 4 3
145 5 1
101 7 4
130 138 4
26 111 2
100 73 4
132 99 2
63 62 3
66 59 3
123 76 2
50 122 4
23 49 4
88 11 3
95 134 3
117 90 3
92 143 4
148 13 4
33 59 1
41 74 1
82 103 2
24 19 3
139 71 3
4 19 3
90 32 3
33 34 4
17 126 4
98 20 3
61 17 1
116 149 1
86 122 2
48 3 3
1 5 2
23 43 1
0 109 3
33 73 4
146 20 4
113 132 4
105 61 4
90 110 3
76 69 2
109 81 1
39 31 3
75 99 1
113 127 4
15 122 3
136 129 1
32 8 2
16 47 3
36 100 3
45 15 1
61 100 3
91 130 2
121 79 2
104 68 3
62 58 3
144 27 3
108 105 2
33 9 4
132 131 4
66 5 3
64 10 4
103 136 4
129 139 1
143 149 3
105 97 1
131 128 3
92 46 2
47 68 4
33 118 4
91 134 2
19 145 4
94 14 3
6 26 3
111 145 4
2 69 1
3 6 2
37 48 4
149 135 4
97 80 3
128 146 3
32 59 2
108 76 1
121 70 3
104 67 4
31 87 1
31 83 3
94 139 4
139 96 4
147 82 4
119 117 4
24 8 4
67 75 2
95 138 3
33 0 3
1 39 3
89 34 2
127 43 3
34 38 1
15 1 4
136 130 3
12 24 4
48 52 2
91 28 1
7 85 1
63 110 2
121 40 2
25 121 4
1 138 1
132 74 1
123 29 1
133 42 3
62 34 2
85 70 3
97 41 3
149 63 2
144 94 2
89 86 4
71 105 3
107 117 3
82 6 2
45 113 2
86 115 4
45 57 4
9 14 3
73 60 3
131 2 1
5 45 3
22 19 2
31 136 1
41 44 3
57 125 3
117 13 3
69 47 2
132 19 2
120 65 4
118 56 4
97 115 4
52 92 3
89 6 4
41 138 1
66 48 1
7 38 2
1 116 3
126 90 1
149 66 3
86 132 4
64 92 3
101 38 2
69 110 2
40 88 2
9 108 1
144 83 3
21 7 1
112 147 2
95 100 3
145 29 2
85 91 4
49 143 3
133 105 2
94 10 1
139 8 2
79 82 3
136 54 2
84 94 2
81 90 1
73 8 3
7 148 3
18 47 3
110 21 2
21 13 4
35 73 1
124 64 3
96 142 3
136 73 2
92 106 4
130 23 1
69 82 1
104 103 1
134 108 3
59 93 4
32 28 4
53 46 4
140 55 2
48 29 2
76 137 2
141 60 1
73 20 2
50 81 4
52 22 4
33 96 1
97 56 3
8 121 1
117 102 3
131 26 2
102 51 4
55 144 1
58 114 2
72 65 1
77 123 2
37 148 3
10 80 2
37 85 3
44 88 2
53 56 1
108 35 1
37 126 1
89 26 1
30 125 3
25 12 2
146 72 3
131 91 1
33 56 3
75 114 1
17 132 1
77 19 3
2 140 1
5 51 1
63 123 3
87 74 2
65 76 1
71 10 2
89 121 4
129 134 4
106 67 3
100 123 2
122 28 3
118 148 4
4 100 2
2 130 1
72 106 3
40 66 4
93 58 1
82 78 2
114 104 3
94 131 2
42 81 2
40 6 2
40 132 4
121 99 2
49 132 4
7 55 4
25 147 1
72 10 3
132 8 3
133 40 3
31 111 1
53 17 4
114 15 3
97 74 4
43 107 4
64 60 2
71 72 4
83 1 1
6 68 2
78 100 2
48 76 2
65 129 3
148 133 2
3 31 3
40 70 2
63 43 2
144 111 3
5 100 3
76 145 3
55 82 4
115 139 3
52 65 3
130 55 1
88 142 2
29 91 1
6 88 1
24 143 3
134 136 2
48 129 2
19 148 2
120 141 3
115 95 2
53 66 3
18 95 4
8 76 2
47 146 4
81 128 3
120 83 2
80 69 3
101 136 4
30 66 2
147 57 2
83 78 1
60 47 1
84 68 2
82 62 2
58 69 2
131 45 2
60 69 4
149 3 2
128 122 2
63 78 1
126 24 4
14 111 1
96 119 3
2 8 3
45 116 4
122 9 1
95 106 2
15 17 1
105 119 2
64 98 4
64 149 2
148 144 2
81 130 1
35 97 4
75 64 1
120 133 2
116 95 4
147 22 2
87 116 2
42 95 1
64 4 1
85 57 4
35 13 4
116 148 1
94 111 4
24 149 4
130 32 1
7 23 1
147 81 4
115 72 4
12 93 4
15 54 2
124 127 2
77 32 1
97 23 1
144 146 3
120 78 2
138 37 3
108 104 4
4 1 3
15 130 3
78 7 3
20 33 2
91 84 4
140 119 4
55 136 2
31 79 2
106 128 1
30 60 1
29 7 1
54 135 1
108 29 1
17 72 3
111 138 3
57 99 3
21 36 1
83 8 1
137 0 3
142 115 1
73 54 4
62 140 3
93 9 3
134 118 2
67 102 2
79 68 1
31 22 1
3 25 1
90 19 3
25 1 2
37 111 2
133 66 4
121 4 3
104 96 2
98 96 3
46 59 3
111 18 1
53 27 3
78 75 4
120 67 4
119 87 4
112 67 1
26 72 3
103 48 3
96 102 3
51 80 3
137 79 3
100 111 3
20 94 3
104 95 2
84 120 1
40 105 4
5 87 3
89 82 1
142 58 1
44 110 1
83 32 4
64 138 4
30 109 2
106 50 2
63 40 1
120 126 4
134 64 1
87 93 2
74 57 3
147 137 3
1 113 2
18 109 1
47 74 3
16 118 2
41 20 3
115 33 2
39 17 1
46 97 2
5 11 3
117 94 3
41 9 3
106 18 4
105 19 3
16 90 4
136 96 1
94 92 4
75 12 1
43 88 3
69 7 3
14 57 4
132 102 4
72 1 1
130 6 3
62 49 2
67 0 2
72 100 2
144 73 3
58 137 2
22 82 3
42 60 2
49 136 3
58 28 3
32 26 2
126 117 2
122 33 1
42 66 1
0 49 3
99 137 2
1 86 4
39 147 1
139 62 2
4 39 2
77 149 4
86 22 4
33 97 3
98 142 3
80 129 3
18 148 4
124 61 4
48 135 1
130 13 2
132 0 2
42 104 2
15 149 2
38 36 3
71 125 4
111 149 2
85 44 4
22 104 4
114 14 4
22 61 1
12 59 2
77 39 3
76 84 1
73 18 2
38 22 1
30 141 4
71 16 4
21 3 4
128 92 4
137 124 3
3 140 3
112 141 3
58 128 1
32 144 2
92 70 2
60 130 4
105 111 3
127 144 2
44 77 1
7 61 1
54 103 3
129 1 1
101 92 3
48 72 4
134 24 1
116 77 3
35 85 3
2 6 1
132 144 1
112 54 2
20 22 1
92 32 1
27 140 2
149 82 2
146 24 1
88 97 1
75 2 1
82 20 3
122 127 4
120 46 4
11 6 4
71 1 3
147 136 4
146 88 3
76 53 3
39 33 2
139 107 4
46 74 1
33 140 1
77 136 1
33 38 2
10 30 3
34 144 2
74 63 2
52 27 2
81 1 1
127 99 4
60 118 2
20 72 1
140 18 1
121 83 3
112 69 3
31 70 3
31 44 4
117 57 3
147 47 1
64 137 2
70 30 2
115 141 4
103 18 1
93 19 1
55 80 3
134 117 4
88 144 2
127 105 2
7 121 4
121 123 3
90 18 4
12 96 2
6 17 4
5 120 2
117 29 2
111 91 2
128 148 3
32 148 4
26 56 2
129 42 1
11 80 4
93 141 3
143 114 4
17 147 4
81 77 2
130 75 2
65 88 3
138 60 3
68 148 2
44 43 2
83 139 2
44 75 1
51 44 4
139 142 1
109 28 3
40 145 4
111 82 4
124 116 2
1 134 4
0 50 4
97 44 2
2 113 1
139 103 3
99 32 3
90 48 2
123 65 4
12 38 3
130 117 4
100 127 2
15 20 4
60 13 4
137 144 3
87 17 4
145 6 2
41 70 4
42 83 2
18 88 2
40 4 4
33 74 4
27 26 3
89 8 3
89 101 4
6 117 2
22 23 2
115 7 2
15 39 3
35 103 3
113 76 2
64 11 2
121 80 4
92 53 3
47 15 1
36 17 1
42 46 3
114 44 3
114 10 4
15 21 2
32 129 4
108 33 3
15 132 1
97 40 1
23 93 4
47 88 4
148 99 1
30 11 2
115 51 1
53 60 2
63 45 3
56 66 2
111 17 3
128 104 1
13 61 3
97 136 2
35 111 2
40 61 1
72 94 1
2 78 3
26 138 1
30 63 3
28 27 1
97 54 3
83 98 4
141 96 2
144 92 1
47 75 2
102 13 1
2 107 4
145 107 2
84 1 1
35 44 1
105 6 3
5 97 2
123 70 2
32 30 4
130 105 4
38 81 2
95 80 1
24 34 2
2 55 4
130 92 2
141 50 3
55 139 2
7 144 3
75 143 3
85 112 3
5 35 1
71 75 2
33 27 2
12 120 1
6 70 4
28 25 4
11 46 2
95 139 1
93 111 4
101 8 3
36 90 2
61 30 3
101 21 3
69 70 1
138 31 3
140 82 2
120 51 1
73 32 4
15 78 1
34 64 2
46 56 1
136 144 3
31 100 1
87 4 2
63 82 1
86 23 1
149 128 4
97 82 2
24 1 2
126 65 4
126 32 2
107 148 4
71 118 2
89 132 4
135 78 4
109 4 4
73 118 4
2 134 1
66 140 4
35 70 1
45 94 3
142 69 4
24 61 1
149 50 2
52 84 4
44 90 3
50 48 3
100 47 3
47 91 3
24 9 1
144 15 2
43 112 4
121 107 2
133 56 2
14 72 3
133 75 4
119 63 2
96 15 3
41 79 1
8 135 4
135 58 2
96 110 4
85 131 3
31 23 3
21 120 3
99 112 2
25 103 2
32 2 1
141 53 2
100 129 4
14 104 1
142 81 2
145 82 1
96 49 2
38 3 1
110 73 1
93 33 4
74 0 1
13 8 1
43 108 1
15 98 4
63 10 4
112 149 4
97 121 4
8 46 3
39 36 3
98 145 4
32 78 4
9 75 2
96 83 2
149 68 4
98 63 2
6 73 1
2 41 1
79 45 3
31 123 4
23 143 3
75 81 4
68 8 2
70 149 2
115 14 4
49 147 1
146 14 1
45 104 3
118 146 3
116 3 3
130 20 1
34 106 3
136 33 2
71 146 3
49 109 1
25 96 3
23 121 3
107 140 1
132 56 3
50 112 1
42 17 4
114 25 1
24 108 2
113 5 1
125 137 2
44 148 3
71 52 1
124 128 3
24 53 3
68 18 3
136 88 4
135 64 3
78 96 2
110 144 3
30 108 1
148 35 1
30 27 4
120 63 4
38 106 1
76 64 2
12 17 2
16 40 1
83 51 1
125 5 1
107 27 1
145 26 1
26 34 4
58 145 4
63 60 2
137 140 2
126 144 2
85 106 3
143 140 4
27 2 2
34 6 1
140 149 4
68 136 3
36 130 2
85 103 2
57 108 2
22 6 2
104 119 4
69 24 3
81 41 2
90 87 4
35 102 4
141 101 1
28 90 1
5 143 1
46 106 1
131 7 4
78 49 1
84 43 1
1 114 4
7 135 2
0 149 1
92 43 4
31 96 4
135 3 4
79 29 4
6 110 4
30 110 3
8 16 3
33 10 4
136 25 2
72 108 3
43 96 3
77 88 1
138 45 1
133 17 3
102 55 2
32 4 4
147 58 2
64 29 4
118 147 4
121 32 3
12 103 3
113 119 2
111 59 2
6 79 2
121 100 4
49 57 2
145 47 2
64 37 2
12 37 4
135 117 3
46 131 2
114 120 4
95 88 2
133 41 1
12 89 1
36 12 3
70 44 1
141 18 2
82 102 2
129 11 3
72 43 2
73 46 2
42 52 1
87 124 3
101 112 3
16 117 1
149 108 2
102 60 1
112 78 1
92 57 1
74 59 1
81 125 2
67 79 3
90 43 4
54 87 1
18 34 1
37 36 3
111 97 1
71 54 1
21 58 3
52 66 1
97 147 3
81 140 2
143 131 1
28 67 2
4 83 2
114 4 3
50 79 1
77 103 2
72 125 3
1 27 3
136 74 3
44 7 2
119 139 4
144 104 4
122 49 3
37 125 1
16 41 3
32 80 2
22 74 3
69 64 3
45 21 1
4 122 1
36 3 3
84 136 1
32 54 1
55 19 4
36 2 3
107 93 1
9 142 4
12 95 1
90 72 2
24 46 4
114 101 1
112 88 3
134 17 3
138 109 2
29 0 3
94 146 2
14 2 1
43 117 3
131 41 3
51 2 4
105 34 4
25 0 2
23 117 4
71 24 2
72 147 3
103 58 3
124 21 2
67 119 4
37 91 3
82 119 4
99 44 3
130 94 3
126 98 4
142 118 2
69 25 1
145 15 4
103 121 2
126 42 1
113 81 2
43 52 2
116 132 1
17 78 3
101 60 3
96 116 2
109 48 3
143 90 1
86 148 3
72 0 4
23 115 4
29 27 2
119 0 1
18 137 4
134 110 1
90 9 4
127 129 3
45 107 1
123 3 1
79 93 3
109 45 1
2 110 2
27 47 2
85 64 1
118 5 3
107 124 1
31 67 2
115 32 1
83 59 3
101 117 1
143 48 4
59 52 4
7 45 3
111 4 1
15 30 4
79 2 2
70 117 2
69 17 4
71 21 2
89 70 2
149 81 3
102 58 2
121 63 3
31 86 4
112 8 1
64 63 2
87 3 4
30 74 4
43 103 3
111 141 1
17 125 4
75 116 3
64 114 4
3 81 2
68 26 3
87 130 3
117 46 1
14 46 4
40 107 4
83 29 1
2 109 4
126 1 3
144 121 2
137 100 4
100 52 3
92 17 2
73 72 4
94 6 2
46 39 3
28 37 4
109 96 2
130 31 1
17 27 4
5 139 4
14 106 1
88 38 2
134 50 4
116 144 1
44 3 2
62 76 3
122 27 1
125 110 2
94 38 1
61 142 2
64 50 1
101 30 4
96 72 3
16 48 3
41 65 2
113 31 2
6 120 3
93 142 4
76 141 1
89 47 1
75 86 4
116 98 4
70 113 4
42 79 1
49 32 4
87 48 1
103 30 2
69 130 3
22 118 1
60 71 4
38 73 4
83 3 2
46 93 2
131 119 2
32 37 2
59 84 2
114 129 4
27 114 2
95 45 3
114 46 4
138 101 4
118 139 2
76 29 3
117 11 2
94 68 3
48 59 2
17 58 2
132 34 1
73 125 4
134 42 1
53 120 4
58 126 3
111 86 4
32 64 3
85 21 1
118 64 4
67 11 4
28 2 1
47 64 1
54 47 4
44 14 2
131 142 3
51 67 2
2 18 3
1 63 2
139 67 1
23 6 4
112 134 4
60 5 1
49 53 2
24 62 2
91 98 1
54 109 4
137 40 2
128 28 4
55 64 3
26 127 2
11 133 2
18 72 4
61 69 3
92 10 4
37 53 3
2 3 2
119 71 2
70 104 2
131 30 4
47 13 2
113 44 2
66 93 4
47 144 4
20 131 3
46 107 1
51 9 2
23 17 1
109 55 1
49 6 3
144 51 2
51 96 1
31 50 2
52 136 1
64 7 4
36 108 4
22 56 1
66 83 1
62 133 3
79 36 2
75 137 4
119 73 1
34 5 3
127 126 3
66 11 4
143 136 2
124 79 4
109 117 4
13 1 1
111 55 3
144 141 4
75 20 3
44 95 2
129 45 1
112 29 3
36 6 3
36 115 4
109 75 3
91 34 3
39 123 1
133 65 1
63 80 3
98 135 4
133 108 3
18 110 2
80 125 3
137 92 4
126 114 3
44 87 2
10 54 4
121 87 4
121 11 1
87 33 3
87 11 3
66 97 2
6 69 4
72 35 2
147 19 4
107 103 3
99 144 4
110 140 3
95 81 1
63 113 3
30 45 3
122 35 3
60 116 3
82 53 2
62 72 1
39 57 1
67 38 1
85 79 3
28 100 2
129 84 2
95 71 2
9 144 4
104 69 4
105 68 1
115 29 3
122 125 2
60 12 4
73 22 4
30 100 3
137 87 3
113 56 3
134 16 2
112 53 1
130 33 3
75 5 1
32 43 3
147 12 1
74 23 4
95 120 4
143 73 4
109 119 1
24 105 1
118 13 1
89 1 1
106 144 3
133 115 3
148 124 4
16 0 1
83 67 3
51 41 4
106 49 3
10 3 2
133 64 2
11 15 2
66 29 1
119 60 4
146 23 3
59 99 4
9 62 4
139 72 4
34 135 1
111 83 3
93 99 2
48 55 3
120 58 4
90 3 2
76 26 4
115 126 4
133 86 1
100 132 2
130 65 3
48 104 1
11 53 3
132 67 4
17 54 2
51 43 2
49 141 1
123 97 1
121 108 3
21 116 4
4 147 1
57 144 4
59 110 2
64 27 2
110 149 3
110 80 3
61 125 1
96 101 2
71 11 2
98 11 3
103 112 1
87 63 1
77 31 4
53 6 1
63 7 4
126 135 1
33 77 1
45 35 1
126 139 1
33 25 2
9 128 2
97 9 3
1 106 2
64 115 3
135 136 2
144 46 2
132 111 2
18 17 3
144 117 2
87 75 1
23 69 1
19 143 4
137 143 4
100 18 2
3 74 4
54 30 3
127 9 4
89 18 2
143 65 1
61 134 1
62 39 1
77 41 2
39 50 1
60 93 3
65 119 1
146 93 4
135 51 4
135 110 1
12 80 2
30 94 3
79 20 2
147 63 1
144 130 3
139 29 1
32 23 1
67 12 4
72 145 2
139 99 3
22 15 4
65 49 3
111 98 3
96 32 1
145 52 4
31 135 1
104 78 2
7 42 1
73 71 2
43 29 3
55 121 3
83 58 2
66 141 2
65 136 2
32 97 1
80 77 4
102 3 1
39 84 2
39 11 4
23 14 1
54 65 4
135 88 4
49 73 1
105 132 1
79 33 4
114 51 2
8 39 1
100 0 3
124 81 2
96 7 2
121 139 4
96 45 4
108 114 1
142 104 1
51 88 1
129 30 2
42 82 3
140 134 1
117 78 4
91 3 1
101 116 1
25 54 2
44 84 2
17 101 1
8 98 2
140 127 2
82 3 4
32 111 3
29 93 1
35 36 4
36 86 4
2 12 3
33 60 4
100 54 2
126 145 4
80 73 3
137 55 4
140 99 1
88 119 4
121 114 1
128 8 3
98 18 3
10 25 1
112 64 3
38 75 2
43 14 4
66 137 4
137 24 3
142 56 3
111 2 4
52 13 1
147 108 2
39 137 1
102 95 2
111 137 3
137 60 4
116 19 1
98 129 1
38 20 4
15 82 4
76 131 1
35 136 4
84 73 4
134 100 4
50 24 2
45 141 3
79 113 3
96 147 3
3 40 1
38 13 3
100 9 4
116 6 2
69 87 2
103 38 3
13 2 3
54 129 2
38 96 2
142 62 2
40 85 1
61 70 2
130 132 4
16 73 2
51 89 1
25 94 1
29 121 3
116 35 1
15 112 2
127 125 2
114 50 2
125 101 3
121 77 3
0 64 2
6 143 4
61 60 3
44 16 3
122 68 4
61 119 2
3 71 1
127 80 1
103 7 2
144 8 1
55 119 2
66 91 1
128 88 2
140 75 3
127 38 3
142 70 2
44 59 3
121 67 1
69 0 1
8 63 4
130 48 4
27 132 3
71 7 2
131 4 3
146 133 1
74 67 4
85 113 1
71 106 4
44 103 4
14 0 1
131 71 2
50 117 2
136 21 4
19 124 1
11 22 3
107 70 3
77 135 1
62 53 3
19 9 4
138 104 4
19 43 2
50 85 1
102 24 3
126 121 4
111 117 1
28 40 1
104 52 3
140 117 1
39 30 1
58 66 2
50 89 1
115 19 2
56 41 3
26 59 3
31 132 4
55 125 2
105 106 2
111 90 1
95 147 2
147 48 3
42 43 2
102 38 4
146 105 3
125 128 3
1 45 1
3 142 1
136 108 1
55 124 2
111 84 4
21 111 3
19 121 4
94 80 2
42 115 3
47 78 1
25 78 3
26 28 3
21 25 4
34 32 1
2 30 2
61 145 3
20 113 1
118 75 4
22 75 4
117 20 1
108 61 2
88 73 1
1 20 1
46 26 1
83 142 1
100 14 3
59 78 1
27 118 1
115 52 2
85 47 2
137 15 2
46 119 2
36 0 2
128 142 2
28 95 4
64 132 1
118 144 2
140 51 3
138 35 3
50 56 2
125 52 2
41 113 1
7 99 3
27 18 1
65 132 4
121 148 1
67 19 2
30 22 1
129 94 4
126 124 2
88 29 1
76 1 4
89 100 1
27 49 1
19 16 2
33 29 3
49 107 4
131 60 3
67 98 4
27 20 1
99 36 1
113 19 3
1 103 1
128 47 2
11 24 2
93 28 3
58 124 4
82 148 2
35 128 3
60 51 4
21 133 1
112 28 2
130 82 2
121 96 2
73 25 1
67 26 2
35 29 1
101 82 1
3 16 4
140 79 1
63 38 3
109 110 4
94 58 1
21 23 1
8 115 4
90 52 3
5 140 1
6 66 2
94 127 2
77 97 4
53 88 1
13 9 4
46 3 3
31 76 4
29 5 2
31 99 1
113 74 1
92 28 4
69 49 4
124 114 4
57 26 4
43 93 3
23 148 1
99 118 1
80 52 4
117 1 1
32 42 1
25 142 4
138 43 4
60 29 1
122 71 2
123 49 4
119 146 2
96 6 2
59 106 4
25 125 4
24 93 1
36 137 2
9 120 3
5 110 1
2 118 2
11 59 1
125 103 3
115 119 2
106 4 2
138 15 1
128 120 1
125 96 4
107 81 2
149 119 1
39 89 1
72 55 2
58 132 2
46 62 4
110 131 1
125 40 4
134 125 4
75 135 4
118 87 2
43 73 4
16 105 3
58 82 1
115 10 1
14 8 1
24 57 1
114 80 1
116 113 4
9 83 2
134 21 2
38 148 1
135 103 2
6 63 1
47 55 4
99 52 3
129 37 3
73 96 2
51 13 1
48 122 3
121 82 2
149 104 1
141 35 2
132 141 3
90 26 4
60 3 4
83 17 1
100 103 2
93 112 1
73 109 4
100 40 3
67 21 4
105 54 2
133 107 3
93 6 2
133 22 1
21 63 1
47 19 4
50 14 1
83 113 3
90 82 2
116 38 4
64 21 1
48 58 3
79 125 3
0 47 4
127 143 1
32 123 2
24 59 1
108 139 3
32 138 3
92 68 2
39 103 4
27 135 1
103 69 1
124 69 3
146 77 4
23 122 4
84 117 3
98 115 2
125 23 1
123 42 4
97 4 2
80 40 1
89 104 2
46 28 1
108 95 1
142 17 2
102 137 2
60 92 3
142 16 4
116 122 2
47 8 4
133 99 2
11 34 2
128 65 1
6 147 4
79 129 3
53 12 2
49 50 4
7 43 3
130 28 2
145 14 2
142 8 3
77 49 3
16 146 1
0 9 2
86 143 4
55 83 2
93 39 4
83 79 3
47 32 2
72 104 3
65 53 3
55 114 1
104 65 3
22 106 1
149 10 3
49 59 4
2 117 3
148 9 3
8 100 1
71 88 1
69 105 2
112 95 1
89 37 2
95 84 1
73 81 1
23 40 4
103 40 3
120 147 1
42 75 1
93 103 3
79 111 4
86 131 2
68 120 3
103 88 2
53 90 2
66 27 1
148 26 2
91 11 3
71 135 1
124 122 3
112 98 2
19 62 1
13 12 3
25 72 3
115 114 1
38 54 3
59 63 1
113 141 1
146 125 1
33 109 3
76 27 2
139 128 4
129 62 3
45 51 2
55 131 4
133 96 4
112 72 3
93 86 3
0 53 1
83 95 4
22 14 3
49 142 2
42 139 4
135 50 4
109 118 4
52 75 3
9 86 1
128 108 1
2 54 2
76 74 3
28 97 3
121 146 4
60 66 2
82 16 2
77 106 1
7 1 2
24 18 3
9 115 1
64 119 1
25 88 2
4 30 1
6 77 2
49 119 1
133 122 2
78 21 3
28 125 1
41 59 2
29 24 2
85 98 4
143 108 1
119 118 3
126 6 3
133 149 4
125 50 2
40 13 2
70 1 1
38 135 4
18 71 4
126 39 4
30 8 3
121 119 3
77 13 2
103 147 2
21 43 2
143 61 1
58 89 3
70 97 2
15 61 3
147 24 4
134 33 2
69 95 1
144 24 1
0 148 4
131 73 1
20 18 4
23 54 2
136 127 2
24 114 4
29 21 4
110 24 4
77 85 1
84 77 1
95 35 2
60 148 1
20 125 2
148 115 1
59 3 4
143 133 2
19 122 1
101 97 2
122 47 2
88 92 2
74 127 3
89 136 3
83 30 4
48 110 4
142 1 1
138 90 4
27 19 1
116 130 3
41 137 1
45 66 3
39 105 2
138 0 1
95 146 3
84 108 2
140 148 3
115 91 2
37 122 1
76 116 4
64 117 3
96 30 4
100 12 2
95 68 3
0 147 4
18 1 4
90 27 1
0 75 3
24 129 3
89 120 3
105 52 1
121 13 4
125 31 4
140 80 3
10 15 4
84 137 3
137 73 4
137 86 1
56 102 4
90 15 1
14 15 2
42 98 1
32 44 3
55 81 3
86 7 3
64 65 1
61 123 3
98 95 3
25 117 3
61 20 4
37 131 4
54 121 1
89 57 1
72 22 1
59 100 3
50 87 1
13 101 3
25 16 2
90 80 4
7 77 3
26 44 4
32 51 1
140 147 2
29 113 1
15 139 1
137 57 3
53 113 4
134 56 2
71 126 1
131 133 3
108 113 4
126 102 4
73 127 4
148 75 2
104 61 3
30 88 2
2 16 4
76 117 4
149 9 2
107 44 4
5 103 2
4 27 2
33 83 2
129 86 2
61 141 1
35 109 3
134 12 3
60 140 4
142 15 2
33 47 2
125 91 2
119 90 4
59 42 1
111 88 2
26 55 3
37 124 4
22 65 4
40 52 3
93 147 3
120 137 4
139 85 1
96 60 1
140 63 1
121 2 1
11 111 1
6 80 2
49 84 2
106 143 2
60 149 1
62 61 4
28 138 2
68 74 3
99 60 2
19 80 4
74 28 3
41 83 3
32 65 3
128 70 2
56 19 3
72 38 4
108 3 3
115 92 2
32 131 4
9 137 3
60 9 3
18 79 2
80 93 1
27 98 2
84 26 4
3 28 3
48 67 4
88 46 3
31 68 1
44 21 4
95 101 4
93 82 4
26 80 3
7 73 4
124 98 1
75 24 2
19 10 2
108 70 3
133 98 3
149 125 1
139 137 4
73 12 1
134 84 1
90 33 3
77 71 1
141 134 2
98 132 1
31 98 1
81 39 3
91 54 4
82 123 2
147 7 4
97 73 1
18 102 3
91 95 3
140 12 2
141 23 3
79 133 1
71 112 4
31 121 4
37 116 2
89 81 1
28 16 3
76 32 2
12 43 4
126 94 4
134 68 2
46 85 4
73 14 4
2 59 4
125 26 3
140 68 4
30 44 4
13 145 4
119 1 3
42 113 2
49 144 2
0 102 2
44 68 2
49 8 4
89 123 4
31 134 1
136 13 1
5 109 3
95 16 4
77 58 2
1 132 2
18 25 3
78 58 2
28 118 2
84 88 1
20 84 2
5 78 3
69 62 1
100 17 1
97 140 4
29 143 4
21 4 3
34 86 4
141 52 1
34 30 4
63 16 1
68 39 2
127 101 2
46 51 4
129 96 1
28 82 2
5 59 4
45 55 3
87 109 2
6 41 1
115 102 1
57 83 1
146 84 4
72 5 1
112 79 3
56 147 3
99 126 1
60 70 1
106 56 1
61 86 1
89 33 1
94 93 3
79 102 3
123 73 2
60 4 1
40 27 4
100 69 2
46 20 3
87 37 3
4 62 1
118 121 1
138 3 1
136 102 2
130 62 1
133 46 2
86 51 1
9 47 1
12 14 1
73 65 4
7 8 3
78 103 2
60 24 2
46 64 1
149 11 2
124 108 3
54 33 1
20 78 2
49 114 2
95 50 2
100 58 2
83 43 1
31 105 3
49 46 3
126 78 1
59 9 1
26 122 4
129 53 1
60 1 3
86 73 3
17 16 1
83 34 3
29 46 4
25 64 4
146 102 1
38 141 2
95 93 1
72 66 1
73 0 4
147 18 3
134 13 2
83 6 4
87 76 2
2 125 4
74 79 1
133 27 3
129 61 2
128 137 4
53 69 3
20 80 2
119 34 3
49 137 4
127 148 3
131 120 2
82 144 2
134 137 2
56 129 3
132 80 3
43 75 2
72 128 1
128 112 1
120 49 1
68 88 3
73 82 2
147 141 2
38 52 4
142 50 2
48 142 3
93 113 3
115 107 4
77 86 2
57 94 3
44 143 2
114 65 1
143 146 1
70 53 2
43 136 3
97 37 2
22 119 2
81 121 2
39 63 1
63 103 3
148 28 2
49 115 3
63 94 2
145 70 3
76 44 1
3 13 1
66 138 3
30 71 3
27 61 2
67 128 2
66 129 4
118 35 4
41 40 3
36 10 4
82 51 4
138 50 4
142 22 1
114 47 3
98 139 1
7 33 3
23 105 4
132 10 3
83 11 1
58 2 3
106 74 4
37 114 3
40 71 4
85 18 4
23 111 1
68 112 2
23 63 1
93 90 1
85 116 2
80 57 4
76 118 1
110 75 3
119 92 1
3 147 1
64 103 2
104 37 4
1 10 1
65 20 1
18 59 4
142 138 1
94 17 3
13 111 1
111 38 2
90 77 4
45 76 3
42 37 1
96 1 4
33 22 3
132 81 2
72 99 3
18 39 3
76 71 3
148 120 3
100 148 3
38 107 3
137 141 1
96 26 2
110 91 2
33 17 1
58 84 3
95 49 3
138 112 4
130 61 2
67 69 1
129 110 1
36 16 2
83 145 2
87 6 2
129 107 4
25 101 3
88 132 4
21 46 1
81 66 2
56 36 1
67 116 3
78 119 2
15 85 2
115 34 4
131 146 4
81 49 3
77 99 3
73 122 3
114 19 3
5 47 1
48 64 3
107 78 1
96 124 4
2 11 1
4 11 3
131 92 3
128 103 2
128 0 2
55 110 4
65 147 4
132 128 3
14 48 2
93 63 3
137 119 4
84 10 1
76 149 4
72 83 1
46 2 2
137 88 2
49 110 2
72 58 4
139 9 2
16 123 1
92 15 3
142 24 2
33 123 2
88 105 4
62 132 1
132 84 3
50 109 3
9 6 2
139 58 3
141 62 4
45 125 3
100 104 2
23 94 1
41 82 4
125 130 4
52 137 3
5 16 3
10 118 3
135 85 1
48 38 3
1 91 2
109 47 4
47 7 2
48 24 3
56 60 2
89 87 4
45 4 3
90 134 4
55 16 1
57 12 3
63 109 3
68 27 1
27 120 3
69 75 1
48 7 2
49 33 1
98 10 1
108 58 1
65 44 2
110 76 4
91 75 4
86 13 1
134 69 1
147 115 1
130 95 1
39 54 2
87 122 2
59 115 1
146 56 4
33 120 1
28 132 2
5 52 1
7 31 2
146 110 3
108 48 4
93 62 3
28 89 3
14 120 4
25 26 3
136 40 3
24 98 2
43 79 3
95 46 3
23 33 3
137 6 4
101 16 4
122 32 4
68 17 2
42 40 2
14 138 4
85 114 3
5 89 4
15 99 4
4 92 4
128 51 4
48 30 2
136 121 3
59 1 3
55 135 2
65 84 2
49 102 4
39 48 4
84 140 1
101 109 1
19 71 4
25 13 3
66 143 4
29 90 4
34 75 1
38 147 3
74 49 4
127 46 3
113 99 3
22 108 3
63 133 2
72 130 1
148 20 1
66 33 4
53 15 3
108 64 1
113 86 1
30 67 2
118 141 1
137 17 2
69 81 2
133 87 1
38 134 4
50 35 2
25 123 4
7 67 4
142 44 3
61 74 1
54 7 2
58 134 3
66 109 3
22 0 1
89 10 1
96 113 1
89 147 1
135 72 1
100 43 2
61 73 4
34 99 3
53 47 1
56 62 1
73 68 4
119 103 2
56 52 1
29 10 1
36 4 2
78 125 3
49 72 2
57 62 2
69 125 3
140 125 3
48 86 3
10 122 3
116 86 3
109 7 4
124 144 4
19 26 1
62 3 1
127 3 1
47 25 4
127 33 2
68 11 4
134 113 3
36 80 1
12 3 1
138 61 3
28 119 3
96 106 3
132 38 2
10 86 2
58 1 3
84 11 4
103 36 1
135 118 3
28 102 1
65 63 4
147 16 3
2 124 4
142 39 4
112 56 4
41 18 4
147 74 3
3 106 2
9 17 3
109 85 3
49 37 4
80 82 3
97 120 4
63 44 4
6 119 4
55 12 1
57 96 3
81 102 4
94 49 1
79 30 1
33 21 2
27 146 2
132 123 2
11 130 4
149 148 2
69 11 2
111 6 2
108 62 3
85 141 4
135 26 4
76 147 1
6 127 1
26 82 3
74 146 4
44 136 1
143 144 4
54 67 2
118 40 4
78 68 2
63 148 2
13 63 4
55 107 2
94 46 1
72 120 1
1 144 2
138 80 4
27 12 1
48 41 1
131 80 1
36 116 4
116 40 4
62 52 3
127 102 1
9 73 3
78 149 2
4 142 1
126 101 4
37 46 1
104 141 1
83 112 3
11 118 4
100 81 2
43 2 2
117 139 3
53 35 3
1 108 3
117 80 4
115 129 3
2 92 2
116 23 3
11 47 3
87 82 2
105 120 3
115 11 3
38 124 4
44 55 3
114 148 1
68 56 3
45 136 3
78 22 1
107 7 2
118 83 3
45 10 2
106 12 2
9 44 1
112 39 3
4 53 4
39 47 2
144 25 3
81 11 3
51 122 4
104 59 4
42 141 1
52 45 4
47 58 2
76 7 2
135 12 1
35 127 4
33 102 4
114 62 3
31 41 4
101 22 4
138 79 2
67 47 3
15 88 4
114 17 3
39 144 3
71 36 1
56 135 2
68 33 3
48 54 4
28 147 3
4 10 3
4 124 4
48 107 3
12 6 4
21 105 3
96 148 2
101 72 3
33 148 2
110 121 4
139 111 4
44 98 1
60 27 4
124 29 3
142 145 2
44 112 2
110 62 3
81 119 1
38 30 1
21 128 2
51 116 4
112 5 3
88 14 3
6 136 1
125 99 3
132 137 3
63 3 2
99 131 1
142 46 2
137 146 1
23 128 3
61 32 1
39 38 3
91 4 1
67 142 4
10 87 4
38 83 3
134 77 4
136 110 2
46 48 1
104 51 4
131 109 4
23 127 1
80 78 1
86 141 4
28 60 1
70 29 3
133 1 3
38 59 1
20 86 4
88 52 4
121 137 4
131 72 3
16 6 4
103 11 2
0 5 1
146 80 3
21 8 2
38 29 2
52 110 4
41 68 1
118 1 3
120 47 3
2 108 2
111 74 1
4 46 4
57 118 3
70 83 4
28 120 4
60 84 1
53 80 1
115 26 3
8 11 3
121 10 2
140 98 3
39 91 4
17 22 2
111 62 4
59 19 2
127 77 4
143 128 4
141 3 2
127 71 4
78 113 3
77 0 2
144 70 4
113 139 4
0 139 2
145 32 4
24 22 2
52 20 1
42 13 3
42 137 4
13 53 2
68 85 2
84 62 1
146 115 1
26 64 2
9 21 4
11 141 1
133 141 3
124 75 2
125 58 1
60 135 4
122 80 1
49 45 3
96 81 4
136 140 4
103 148 2
42 114 2
89 128 4
1 135 4
111 45 1
137 54 1
54 0 4
12 52 2
114 72 2
74 50 2
0 13 3
99 25 3
45 23 4
131 108 1
7 19 2
40 96 3
76 100 2
143 17 2
25 105 1
59 130 3
44 146 4
3 8 1
65 131 4
131 139 1
129 25 1
8 19 3
140 106 4
113 104 3
83 63 4
99 41 2
92 19 1
13 49 4
115 48 1
6 97 4
40 64 1
34 131 3
54 84 2
43 109 2
149 98 1
138 19 4
90 37 2
133 82 1
47 79 3
137 32 3
94 19 3
101 119 1
5 149 1
52 98 1
7 124 3
113 16 2
112 146 4
45 80 4
87 9 4
37 57 2
62 54 1
79 57 3
134 143 3
12 42 2
14 122 2
130 7 3
140 116 3
140 146 1
82 136 3
109 23 1
142 113 1
144 64 1
9 66 4
141 8 2
110 1 3
40 108 4
42 33 3
11 42 1
55 0 1
132 24 4
7 108 2
8 62 1
91 36 2
27 105 2
21 127 4
134 27 1
55 67 3
135 134 3
77 132 2
64 81 3
29 18 3
85 88 2
22 27 1
148 81 3
66 122 3
118 74 2
81 25 3
106 42 4
21 37 4
93 88 2
91 44 4
0 82 4
61 88 1
58 86 3
58 73 4
100 1 2
136 131 2
73 139 2
106 61 4
28 75 1
28 49 2
42 1 4
62 33 2
27 70 2
139 76 2
95 53 3
82 72 3
73 15 4
103 141 3
131 87 3
143 15 2
6 55 1
90 112 4
10 41 1
97 64 4
98 130 3
135 46 4
95 77 4
101 52 2
34 66 2
102 135 4
43 123 1
75 27 1
84 36 2
73 62 1
40 50 2
119 68 4
134 36 1
120 7 2
53 102 3
73 124 4
122 141 4
42 148 3
78 74 2
37 110 2
122 18 3
113 50 4
144 84 1
36 44 1
40 51 4
149 90 3
69 118 4
75 35 4
105 8 4
126 26 4
82 34 2
134 98 4
13 138 2
22 91 4
6 124 1
44 104 3
1 104 1
43 140 3
22 50 4
48 113 3
30 137 2
56 48 1
90 89 1
15 107 2
40 26 3
52 144 2
2 102 1
52 132 4
149 114 3
127 95 3
9 125 1
138 122 3
82 11 1
139 32 4
67 15 3
139 46 4
52 19 4
16 125 3
101 11 2
136 24 3
21 88 4
0 120 4
78 1 3
143 129 3
9 64 1
91 146 1
90 122 4
33 14 2
39 60 1
134 144 1
53 137 1
113 34 4
86 98 2
91 27 4
29 26 1
24 91 2
14 37 3
73 55 4
131 122 3
70 37 3
127 32 2
147 98 3
29 3 4
17 57 1
115 44 2
53 109 4
115 96 4
36 118 2
46 149 2
72 33 2
74 119 4
18 97 1
148 136 2
117 32 3
107 29 3
111 64 1
27 6 2
121 129 1
24 73 1
118 100 1
40 114 3
83 129 4
32 114 2
78 87 2
66 19 2
109 133 2
52 72 3
101 99 1
37 72 4
67 42 4
25 92 4
126 74 3
52 108 3
7 136 1
128 10 1
104 126 4
40 123 1
129 16 3
94 37 1
12 62 4
87 83 2
88 100 4
116 66 1
2 64 3
68 124 2
122 22 3
124 63 4
55 97 3
61 21 4
131 44 3
26 94 2
56 120 4
59 124 1
19 51 2
14 70 4
125 65 3
74 26 3
27 112 2
18 63 4
125 136 1
59 96 4
133 14 4
58 123 4
97 39 4
73 149 4
71 39 2
121 94 2
124 149 3
148 50 2
35 139 2
115 12 3
15 133 4
86 66 3
41 144 1
120 69 4
23 119 2
119 124 1
134 102 2
105 62 2
131 135 2
105 49 1
76 61 2
69 14 4
117 138 2
87 94 4
18 128 4
147 102 3
86 100 3
9 126 2
55 46 4
89 96 1
139 20 4
65 75 3
12 144 3
22 114 1
55 62 2
110 71 4
88 33 2
91 64 4
131 116 2
105 3 2
48 119 2
104 132 1
18 33 1
112 31 2
51 130 1
62 66 3
148 5 3
78 118 4
55 78 4
10 90 1
142 2 4
93 126 2
56 137 1
109 108 2
8 103 3
76 13 2
101 121 4
71 25 2
32 13 1
81 34 4
23 57 1
92 62 2
51 100 2
90 108 4
137 77 4
16 33 2
95 96 4
50 147 3
132 50 4
35 99 3
63 132 4
139 31 4
118 49 3
23 137 1
84 109 2
41 15 2
33 81 3
104 46 1
13 72 4
56 55 4
72 32 1
144 87 1
46 115 3
74 48 2
56 80 4
17 11 3
146 34 2
93 41 4
129 58 4
87 105 2
64 33 2
148 15 4
110 105 3
120 129 1
8 124 2
32 120 3
140 77 4
6 142 4
11 19 4
11 13 2
109 69 2
71 56 1
71 89 3
75 77 4
83 21 3
94 67 3
36 88 4
100 74 1
7 119 2
25 19 2
47 77 4
21 80 2
76 40 3
2 38 4
74 9 3
60 112 1
24 17 4
28 113 4
12 132 3
120 13 2
62 146 1
36 72 1
31 140 4
128 121 2
42 21 3
111 63 2
41 62 3
24 130 2
135 106 1
2 85 4
30 133 4
134 120 3
13 119 4
84 6 4
94 5 2
94 95 2
81 4 1
20 23 2
38 16 3
128 71 3
112 116 2
39 86 3
63 86 2
107 147 4
84 63 2
132 115 4
75 122 3
15 109 1
67 33 2
143 22 1
43 16 2
21 149 2
80 38 4
36 101 1
109 126 1
76 112 4
65 68 3
61 46 1
39 61 4
54 145 2
73 121 2
64 100 1
40 46 2
149 97 4
88 62 2
135 39 4
22 120 1
44 10 4
17 14 2
148 77 4
121 64 1
104 106 3
66 14 1
109 38 3
138 7 2
123 20 3
45 31 1
68 46 1
88 55 2
51 12 2
23 11 1
76 46 3
68 64 1
83 64 1
8 17 3
55 143 4
12 91 3
54 124 4
137 3 1
44 127 2
56 101 1
3 115 2
97 143 4
139 81 4
64 140 2
134 54 1
45 122 4
36 52 1
116 100 4
56 58 4
45 86 3
109 148 2
22 102 2
12 61 1
76 39 1
70 18 2
133 92 2
98 103 4
143 39 3
26 98 4
107 88 1
104 4 3
22 36 2
44 137 2
136 107 4
56 30 4
79 88 2
106 111 1
72 116 2
134 80 4
47 52 2
123 7 4
60 115 2
85 16 2
2 128 3
137 85 1
37 117 3
21 107 2
129 132 1
136 4 3
106 57 1
135 0 2
57 101 2
140 59 4
23 102 1
90 0 3
99 10 1
148 24 1
128 29 2
140 74 4
25 20 4
90 104 3
91 38 3
70 91 4
118 77 1
58 27 4
126 134 3
102 17 2
8 22 4
89 98 3
61 63 1
14 142 4
57 84 2
130 103 3
55 15 4
44 53 1
86 87 1
30 37 1
66 134 3
65 142 3
83 12 4
49 149 3
41 7 1
115 104 3
29 119 1
51 142 3
70 148 3
146 2 1
91 23 1
69 89 4
108 26 4
147 62 3
129 34 4
23 108 1
29 54 4
148 51 4
105 114 4
44 80 3
4 82 2
113 62 2
51 70 4
126 28 4
144 43 2
73 101 2
28 141 1
41 145 2
45 67 4
19 5 3
50 133 4
78 77 1
43 89 4
57 73 3
7 4 3
55 93 3
131 57 1
5 32 1
19 31 4
59 51 1
143 100 1
88 124 4
139 136 3
37 109 2
30 59 4
129 111 4
41 103 2
130 41 2
14 149 2
33 50 2
28 87 4
14 40 1
134 119 2
28 76 4
93 117 4
140 24 4
25 98 2
111 81 1
110 145 3
55 95 3
35 96 4
61 121 4
88 67 2
65 124 2
67 20 2
24 83 1
74 72 1
88 5 1
12 65 3
70 11 1
115 125 1
94 136 3
21 65 3
2 5 3
28 21 1
99 102 2
67 34 2
102 59 2
94 22 2
143 139 4
133 20 1
83 84 1
12 125 4
36 132 4
139 33 2
125 77 3
5 22 2
131 89 2
74 130 4
18 19 4
69 30 3
106 121 2
137 95 3
99 97 4
57 103 2
76 138 1
86 37 3
127 88 4
116 84 2
116 24 2
28 145 2
83 19 2
80 79 1
22 127 2
149 79 2
97 27 2
111 3 3
146 134 4
22 96 4
107 125 2
95 9 1
113 3 1
43 40 1
34 87 2
21 16 2
118 37 2
47 65 2
142 112 2
112 86 2
74 56 4
45 140 2
88 81 2
35 46 4
50 13 2
32 67 2
101 24 3
89 49 1
12 4 2
93 132 3
57 134 2
55 61 2
79 77 1
69 54 3
69 38 3
68 38 2
79 126 1
117 89 4
145 57 1
116 63 2
85 6 4
146 6 3
85 105 2
10 74 3
104 76 1
131 28 3
53 85 1
70 135 4
72 11 3
143 50 2
23 142 2
43 13 3
79 26 1
9 25 4
39 121 3
138 38 3
56 12 4
27 92 2
111 52 3
60 43 1
34 142 4
126 142 3
1 54 2
2 105 3
124 110 4
105 72 3
14 10 1
41 114 2
56 109 2
80 35 4
59 101 2
126 44 4
103 105 2
96 10 1
49 67 4
109 95 2
108 6 1
16 127 1
32 36 3
102 88 4
97 103 2
13 107 4
65 8 3
91 15 3
56 5 3
103 28 2
45 20 4
137 126 2
42 63 1
79 40 2
51 34 2
53 115 1
5 50 3
149 127 1
48 69 4
105 94 3
99 134 2
56 90 2
11 128 3
55 101 1
145 122 3
132 60 3
57 32 3
120 93 1
86 12 3
67 148 4
16 57 2
40 112 1
91 100 1
115 113 1
16 53 1
139 70 1
27 113 1
53 25 4
95 22 2
128 56 1
129 126 1
95 24 3
60 124 1
83 68 3
78 81 3
55 3 2
90 66 2
56 35 1
48 124 4
125 82 3
104 146 2
142 110 3
107 110 4
46 58 1
39 85 2
42 116 4
115 143 1
27 102 2
55 17 2
50 45 2
50 11 1
74 5 2
94 77 4
120 121 2
38 9 4
123 90 3
36 61 1
19 85 1
41 42 3
9 121 3
88 117 2
144 142 2
37 33 4
147 31 3
51 97 2
104 143 4
137 8 4
49 128 3
65 58 4
52 78 2
117 38 1
29 16 2
120 79 4
143 68 3
144 75 2
110 143 4
83 50 3
43 118 2
40 53 4
144 16 4
36 87 1
35 31 4
119 114 4
144 53 3
146 49 3
23 44 2
61 136 3
101 123 2
135 4 4
24 106 4
130 9 3
115 85 4
11 138 3
72 61 2
94 109 4
17 32 2
31 54 1
24 63 2
143 99 4
9 50 4
114 133 2
149 27 1
45 119 4
106 91 4
96 75 3
78 91 1
27 74 1
72 140 2
132 149 1
96 77 4
122 3 3
77 89 1
34 20 2
61 54 4
31 106 3
122 96 4
132 127 4
24 55 3
87 2 2
45 54 1
25 107 1
62 23 2
129 13 4
36 11 1
133 52 4
12 69 2
14 113 4
5 33 4
19 123 3
32 15 3
59 61 3
54 139 4
122 146 4
49 140 2
125 62 4
103 51 4
65 86 4
58 23 4
59 89 4
108 130 3
105 30 1
83 122 3
12 45 3
89 61 4
59 134 2
138 102 4
83 52 2
29 97 2
19 15 1
75 108 4
17 107 4
55 148 4
92 125 1
47 115 2
134 128 4
51 75 4
133 135 3
57 47 1
15 44 4
99 89 2
47 141 1
120 109 4
2 93 3
74 115 2
59 56 3
43 17 3
41 43 2
49 104 3
50 78 1
101 23 2
126 140 3
20 26 3
25 102 3
92 126 1
6 8 3
61 128 3
117 52 3
39 37 2
58 8 2
32 95 3
124 125 4
91 93 1
43 139 1
62 60 4
106 120 2
134 93 3
0 41 4
142 10 2
71 69 2
45 24 1
9 18 1
132 95 3
60 117 4
60 114 2
65 117 4
88 122 1
58 26 3
113 145 3
100 128 1
43 126 1
53 31 3
93 78 1
32 24 4
23 2 3
47 45 4
102 9 2
110 86 3
103 102 2
142 141 1
41 21 2
60 147 4
38 24 2
136 51 2
8 113 2
109 12 2
52 30 3
82 106 4
99 128 2
51 65 4
43 37 4
57 10 4
120 81 1
101 6 4
19 133 1
19 102 4
122 82 4
98 69 2
98 90 1
70 59 3
112 57 1
71 84 3
125 54 2
121 30 1
97 117 3
135 109 3
77 70 1
81 32 1
86 0 3
45 101 1
88 87 4
16 10 3
98 117 2
21 51 4
14 42 4
83 73 2
10 66 4
73 36 1
61 35 2
132 119 1
35 68 2
34 4 3
10 82 4
69 144 2
63 128 1
11 97 2
82 132 2
30 113 4
0 143 3
7 18 3
58 75 2
56 63 3
50 139 1
80 101 1
124 13 2
1 29 1
31 1 3
17 89 2
56 16 4
34 41 4
79 69 2
77 145 1
145 73 2
137 61 1
14 13 1
101 48 3
39 107 1
49 34 2
76 103 4
101 46 4
98 131 2
132 120 1
32 40 2
56 18 3
110 12 4
74 36 1
46 123 1
116 20 4
10 117 4
123 30 2
20 64 3
42 23 3
13 105 2
25 32 1
79 32 1
13 116 2
26 38 4
21 109 1
109 100 3
115 90 2
27 23 1
102 5 2
149 23 2
73 91 1
68 93 1
35 26 4
132 76 3
105 36 4
31 149 3
114 144 3
109 91 3
51 132 4
104 122 3
83 48 1
37 22 4
97 67 4
140 17 4
128 95 1
117 19 1
22 62 1
52 10 3
69 137 3
43 114 3
78 37 2
81 87 4
28 31 2
143 3 3
86 76 2
7 16 3
64 148 4
40 22 1
3 65 1
121 135 1
48 118 2
55 66 1
141 94 4
133 77 2
127 121 1
114 111 1
11 48 4
82 134 4
120 24 4
41 67 3
54 40 3
42 6 4
149 89 2
34 35 4
37 56 4
52 68 3
127 0 1
56 15 4
104 80 2
5 105 2
36 97 2
40 140 2
12 41 4
127 142 4
110 15 3
120 110 1
29 80 1
25 109 4
143 11 2
7 111 3
36 107 4
8 81 3
55 79 3
82 98 3
86 4 1
80 139 1
98 16 1
17 129 1
7 100 1
117 42 4
58 106 1
76 37 2
109 127 4
98 138 4
92 104 4
69 34 1
22 115 1
39 51 3
5 8 2
50 16 4
79 34 4
109 58 3
101 93 2
109 44 2
124 102 2
0 20 4
48 149 1
26 0 1
71 38 4
14 35 2
66 135 2
46 102 4
46 148 4
96 140 1
134 47 1
16 45 2
127 117 3
86 71 4
142 89 2
79 7 3
117 36 3
104 117 4
127 79 4
4 123 2
28 72 2
45 44 3
96 70 4
27 101 4
107 113 4
82 66 4
71 55 4
134 45 1
142 132 2
114 97 1
28 65 3
104 120 2
95 79 2
130 63 2
103 16 2
130 34 4
90 58 3
149 88 3
28 70 1
64 82 2
89 83 4
115 63 2
123 119 1
79 59 3
74 108 3
78 13 4
95 23 1
54 50 4
18 143 3
93 123 4
118 81 1
138 125 2
18 52 2
64 142 3
111 120 3
59 127 4
3 23 2
37 10 4
85 149 3
119 37 4
71 121 4
127 91 4
70 81 1
117 18 4
21 91 3
35 105 2
113 21 2
36 123 4
63 139 4
79 63 3
24 58 3
8 127 1
56 130 4
13 147 3
15 62 4
27 103 1
78 66 4
136 60 4
36 42 2
2 104 2
2 10 1
8 147 1
126 84 1
46 132 1
13 64 4
113 39 4
139 28 3
36 76 4
46 140 1
127 108 2
128 15 4
68 1 4
121 0 4
123 84 2
16 102 2
16 87 3
136 119 2
135 74 3
4 57 3
64 105 4
35 43 3
133 132 2
93 64 1
48 19 4
128 130 4
107 149 3
2 144 4
118 4 3
149 72 1
6 139 4
24 124 3
133 130 2
3 53 3
138 59 2
1 69 3
4 48 3
23 106 1
120 36 1
148 2 1
72 103 2
62 138 4
113 68 2
119 112 2
123 124 1
17 44 2
80 9 3
76 75 4
112 94 3
46 82 4
19 35 3
30 81 4
91 120 3
3 89 2
110 58 2
102 32 3
15 49 3
136 91 2
78 98 3
32 136 3
77 144 1
74 4 2
123 142 4
140 132 1
99 67 1
132 143 2
123 99 2
13 97 4
84 141 3
74 65 4
50 8 2
14 36 4
42 132 1
85 5 1
92 49 4
116 145 1
4 59 4
77 76 4
96 18 4
66 50 1
102 75 4
63 104 1
138 20 1
56 86 4
135 141 2
141 80 3
43 64 3
57 18 4
78 145 2
82 137 2
70 47 1
83 40 1
20 42 2
9 15 1
36 19 1
6 78 4
111 8 1
87 138 2
134 6 2
21 86 4
72 102 2
68 146 2
104 135 3
0 42 4
137 127 4
104 31 1
12 1 3
139 87 1
122 94 1
85 102 1
17 63 3
53 23 1
132 22 4
94 35 1
69 97 2
91 76 1
4 105 4
106 73 2
50 123 2
36 102 1
129 27 2
50 108 1
115 50 1
34 1 4
147 134 3
144 101 1
97 85 4
124 118 2
124 82 4
54 88 1
143 126 1
113 149 3
111 95 3
0 45 4
131 64 3
4 26 2
63 136 2
78 86 3
96 53 1
17 45 4
46 43 4
8 54 1
111 39 1
91 104 1
5 108 1
52 49 4
72 93 4
59 137 3
105 147 4
101 61 3
130 43 3
147 10 3
118 70 4
7 114 1
108 96 1
108 132 4
33 51 4
56 144 1
98 30 1
141 26 2
8 114 4
58 51 4
113 58 3
63 27 2
35 124 4
4 125 4
30 75 2
50 67 2
69 43 2
27 115 4
67 91 3
88 99 1
119 143 4
123 52 2
109 125 4
35 140 3
104 99 3
0 70 4
140 91 3
70 116 2
127 118 3
120 149 3
127 57 4
72 69 3
126 108 3
21 24 3
17 79 4
53 145 2
22 85 2
74 124 2
75 83 2
45 69 4
27 136 3
120 85 2
41 11 2
18 119 4
1 90 4
33 43 4
57 100 4
130 29 2
53 126 2
24 122 2
39 7 1
59 119 4
135 93 1
47 123 4
1 97 4
35 121 4
134 39 1
72 68 3
139 51 4
126 113 4
144 129 2
19 108 3
140 128 4
44 12 4
48 93 4
121 24 4
7 105 1
14 41 2
82 52 2
20 14 4
86 125 1
127 86 1
83 7 1
130 102 1
70 125 4
15 80 4
72 124 4
132 25 3
109 76 3
0 123 1
91 31 2
85 111 3
31 18 1
56 6 1
129 77 3
82 138 3
131 74 3
15 4 2
80 50 2
108 106 2
137 45 1
46 98 4
120 144 3
135 35 2
9 28 2
88 98 4
54 72 3
112 81 3
107 119 4
87 92 2
76 90 1
103 122 4
53 20 1
127 19 4
141 97 1
95 89 2
40 143 2
136 3 4
115 138 3
85 74 1
66 131 4
143 87 1
7 60 2
42 58 3
87 43 3
74 88 1
10 95 1
123 56 4
81 54 1
74 66 1
20 121 3
9 26 4
90 100 4
58 144 1
85 89 3
117 92 4
147 32 1
69 96 4
14 54 1
8 27 2
79 16 3
81 82 3
92 124 2
24 145 3
134 72 3
143 120 4
28 10 3
104 24 3
141 110 4
122 84 3
63 52 1
3 79 2
54 19 2
107 19 3
120 25 1
103 73 1
23 124 2
133 36 4
123 48 2
27 32 4
148 104 4
90 51 2
14 95 1
28 43 3
37 6 1
101 41 3
31 92 1
144 115 2
6 47 2
7 32 4
6 61 4
29 55 4
11 110 3
135 36 3
72 80 1
70 100 3
37 24 1
51 62 2
51 66 3
31 26 2
145 17 2
56 107 1
53 79 4
67 53 3
20 77 3
39 26 2
45 60 3
43 61 2
120 94 1
75 53 1
93 17 4
38 104 1
51 4 2
109 51 1
21 60 4
67 105 3
110 16 3
4 68 2
102 14 3
109 114 4
122 143 3
37 77 3
20 56 1
34 104 2
142 99 1
65 71 4
14 97 1
132 73 2
122 108 4
137 27 4
149 109 4
119 76 1
54 53 1
6 46 2
109 82 3
122 112 2
59 10 1
58 85 4
100 84 1
0 116 2
20 106 1
134 52 2
72 70 1
123 125 1
122 38 2
53 130 1
21 142 3
146 130 4
90 11 2
87 114 3
16 20 1
90 137 2
35 42 4
15 36 4
76 124 4
105 50 3
87 58 1
20 85 4
13 27 4
57 59 3
132 109 2
100 122 4
82 13 3
109 80 1
31 34 1
111 148 2
132 134 3
36 78 3
134 9 2
89 74 1
87 52 3
66 111 3
66 98 1
73 56 3
35 115 3
81 21 1
113 64 4
9 140 4
25 29 3
9 43 3
85 145 2
139 18 4
106 75 1
89 45 4
93 77 2
127 45 1
71 45 2
34 78 4
32 63 3
58 6 3
95 87 4
38 11 3
60 37 2
63 14 1
27 67 1
67 64 4
42 91 3
126 125 3
113 12 3
148 141 4
7 132 2
9 23 2
52 146 3
148 137 3
95 92 3
55 142 2
112 106 1
140 29 2
20 92 2
134 41 2
133 73 3
92 61 3
23 52 2
12 78 3
74 21 4
20 83 4
109 36 2
128 117 2
81 52 3
52 127 3
62 86 3
89 109 3
78 97 2
26 132 3
43 119 4
110 138 4
57 63 3
38 146 4
98 36 1
86 118 1
96 100 3
114 88 3
96 131 1
66 0 4
42 122 4
138 42 4
5 30 1
121 44 2
111 75 1
55 70 3
96 14 2
102 62 4
114 68 1
8 71 1
21 0 2
1 61 3
68 138 2
108 120 2
87 106 2
3 125 1
57 0 2
32 11 2
18 15 1
90 22 1
31 37 4
123 118 3
122 39 3
69 3 3
12 131 1
43 10 4
138 124 1
120 50 3
81 133 4
100 20 2
132 92 4
44 92 4
36 139 4
98 37 4
122 148 1
28 84 2
32 143 1
96 3 1
126 23 2
97 104 3
140 54 4
4 117 1
19 75 4
115 68 4
94 143 4
101 47 3
110 19 1
12 34 1
94 42 3
16 14 2
41 142 2
96 66 3
84 17 4
125 64 1
143 16 3
36 33 1
35 67 2
104 20 4
77 4 1
107 4 4
45 43 4
64 17 4
2 138 4
110 56 1
125 148 4
7 27 2
29 39 4
46 111 4
127 49 3
131 43 1
59 141 2
145 56 2
118 14 4
81 122 1
3 78 3
57 114 4
132 85 1
77 11 3
108 145 3
38 60 2
92 110 4
65 134 2
91 103 3
142 122 4
86 68 2
2 40 4
94 81 3
8 136 4
1 23 4
74 98 1
79 23 4
101 34 4
10 12 2
142 80 4
40 126 1
29 67 4
53 87 1
149 16 4
44 81 2
118 50 2
57 138 3
57 58 2
115 116 2
81 19 3
124 95 1
92 16 3
79 145 4
120 61 1
37 26 4
105 89 4
38 64 1
33 119 2
7 140 2
64 19 2
87 21 2
123 41 1
135 5 3
118 129 4
146 60 3
145 50 3
9 58 3
71 29 1
66 4 3
134 51 4
60 35 1
117 96 4
111 20 2
83 5 2
139 7 4
33 145 4
56 54 3
10 77 4
95 78 2
12 117 3
24 81 1
142 47 2
23 90 1
139 86 4
47 43 1
108 97 3
55 147 1
8 87 2
141 6 1
21 49 2
131 82 2
54 68 2
114 138 1
70 57 3
120 112 3
69 73 4
139 39 1
8 51 1
1 26 3
51 47 2
83 131 3
96 9 2
74 90 3
17 115 2
31 71 4
7 133 2
29 56 1
110 41 2
21 94 1
55 103 4
6 57 4
77 24 3
14 134 2
118 46 1
118 15 3
73 11 1
148 91 2
52 121 3
93 10 2
29 20 1
48 71 4
102 118 4
22 63 1
37 29 4
2 90 4
10 35 3
27 89 1
44 69 3
59 72 3
68 128 3
110 33 1
125 87 3
8 99 3
139 74 4
56 83 2
148 6 2
83 136 4
16 11 3
128 55 3
31 145 3
61 41 4
5 80 2
89 88 4
85 129 2
136 118 2
56 65 1
59 7 4
76 107 3
33 100 3
124 31 1
12 50 3
25 4 2
146 108 3
20 11 1
15 111 2
56 38 3
147 26 2
69 85 4
129 68 2
77 54 3
90 106 1
149 42 3
51 73 3
105 74 4
27 142 4
140 36 1
29 12 2
80 33 4
126 67 3
135 17 2
104 55 4
118 132 2
71 27 1
127 11 1
85 56 4
45 99 3
75 100 1
54 66 4
63 75 2
23 51 4
19 61 4
9 12 2
138 39 4
91 97 1
95 58 3
55 149 3
73 5 4
45 27 4
132 41 3
73 129 2
64 126 2
30 17 2
68 144 2
110 78 4
50 137 4
140 144 4
118 3 4
34 63 2
104 32 4
51 31 1
113 129 3
128 118 1
100 19 3
34 103 3
46 72 2
47 46 2
104 23 1
57 113 2
100 53 3
9 119 2
75 149 4
5 28 2
136 22 3
46 41 2
104 136 2
137 62 3
94 51 3
15 76 1
65 13 4
33 75 1
7 94 3
32 21 1
53 140 2
126 50 2
59 128 1
43 77 3
2 94 4
71 14 3
142 19 4
139 2 1
142 40 3
114 76 1
16 12 2
106 137 1
18 26 2
72 136 2
140 111 1
17 41 3
31 9 3
111 41 2
26 119 4
69 51 2
60 100 1
116 88 4
42 127 3
53 28 2
148 126 4
58 59 1
11 76 3
47 62 1
62 83 3
102 65 1
106 76 4
40 31 3
9 16 4
57 36 4
80 91 3
145 123 1
117 69 2
29 133 2
74 134 3
37 38 3
131 104 1
60 8 2
4 79 3
4 95 4
42 105 4
91 18 3
49 103 3
30 124 4
26 130 1
60 11 4
112 65 4
19 141 2
109 97 1
53 111 2
100 34 4
104 30 3
131 48 3
98 122 4
42 48 3
115 130 3
2 70 3
48 116 4
76 50 3
75 36 2
84 82 4
12 145 1
37 82 4
115 1 4
13 23 3
143 96 1
1 77 4
147 14 3
95 118 1
14 78 1
56 0 3
85 59 4
51 63 4
126 146 1
11 119 2
99 21 4
137 131 3
72 118 1
115 76 4
73 44 2
96 2 3
66 68 3
77 46 1
86 27 2
116 27 2
102 91 1
23 145 3
71 50 4
138 9 4
45 32 1
81 143 4
60 85 4
131 97 3
35 89 4
57 21 1
92 102 3
11 49 2
134 62 2
88 19 3
146 63 3
6 103 1
71 61 3
116 57 4
117 121 4
116 34 1
76 93 3
93 84 1
123 96 1
72 143 2
74 128 1
69 119 4
88 94 3
42 140 2
94 98 3
61 99 2
58 52 4
144 38 4
144 133 1
31 66 2
94 79 3
45 90 2
105 14 4
82 142 1
9 91 3
59 133 1
0 48 3
133 23 1
103 61 4
23 73 2
125 47 1
86 81 4
103 53 3
4 29 1
8 48 1
91 48 1
61 0 4
19 144 2
43 125 1
41 52 3
9 111 2
137 94 2
124 105 4
59 22 3
64 107 1
2 45 3
140 86 3
8 9 2
109 134 1
54 143 2
46 134 3
110 38 3
0 58 4
122 13 1
15 60 1
140 65 4
119 24 1
55 4 3
25 44 3
130 45 4
70 136 4
67 57 2
105 100 2
32 48 4
25 131 3
8 92 4
143 47 2
133 93 2
117 105 1
143 98 4
133 139 4
28 50 4
39 52 3
130 22 2
80 86 4
99 56 4
22 128 2
129 36 4
73 10 2
147 131 4
64 141 1
100 63 4
104 21 3
128 115 4
145 117 3
10 145 4
25 104 2
145 135 3
104 85 3
61 66 3
23 18 1
11 9 2
3 68 2
49 139 1
82 86 1
3 5 4
66 69 1
144 102 2
40 124 1
90 145 1
17 10 1
95 39 4
4 20 3
20 17 3
21 39 3
57 72 4
97 8 2
144 30 2
10 20 4
98 9 2
101 85 3
14 27 1
92 148 4
35 62 3
68 99 4
82 76 1
125 22 4
110 119 1
147 129 1
126 107 3
0 146 2
124 77 4
20 119 3
54 11 1
52 76 1
131 40 4
0 103 3
137 108 1
57 128 2
89 103 3
28 108 3
126 72 2
141 127 4
57 15 3
104 11 2
141 25 3
134 23 4
66 39 4
140 15 4
90 46 4
2 57 4
140 142 4
83 105 2
114 103 1
86 95 1
136 95 3
146 83 4
62 59 4
11 28 2
25 138 1
29 103 1
39 102 4
146 19 4
93 44 3
100 149 3
61 102 4
28 115 4
36 138 2
7 37 1
109 140 3
79 21 2
39 74 3
31 63 1
114 145 2
104 43 3
31 142 2
43 116 3
134 75 2
42 49 3
105 53 1
127 110 4
125 21 4
85 4 3
28 81 2
67 103 1
19 128 3
99 38 1
106 10 1
70 114 2
31 137 4
87 0 2
43 70 4
34 25 4
