5588 150
0 126 9
0 134 2
0 113 7
113 51 8
0 97 9
113 128 1
0 45 2
113 34 3
128 1 9
126 64 3
34 62 5
64 136 9
51 10 3
134 54 4
126 44 1
1 100 3
54 70 5
10 55 1
97 32 5
134 18 6
62 114 7
32 43 3
55 129 8
51 3 9
70 96 4
10 106 5
43 21 2
21 116 7
96 8 8
106 149 9
3 137 4
134 48 7
134 138 8
113 24 9
70 115 2
43 147 4
24 56 5
129 93 6
138 68 1
114 110 5
21 130 5
134 78 3
129 25 2
126 30 6
128 15 2
128 95 9
78 79 5
78 124 6
15 22 7
1 73 9
68 26 6
79 94 1
96 23 3
124 132 9
100 148 9
130 123 3
68 105 4
55 87 4
126 31 5
134 74 4
15 6 8
23 141 2
129 28 8
123 144 5
22 81 6
48 146 5
130 42 6
34 66 2
81 50 7
48 36 9
95 139 7
87 40 6
141 143 6
44 35 2
106 107 5
126 86 8
42 20 5
1 69 5
70 75 4
6 76 9
115 4 8
107 13 1
21 120 2
70 90 2
143 29 3
116 39 3
8 88 5
86 49 9
137 118 5
129 57 9
25 77 5
39 119 7
54 133 7
0 11 7
144 112 1
132 53 4
49 98 9
70 27 6
48 92 4
39 121 3
86 33 7
40 111 7
22 145 3
105 5 5
4 142 6
44 41 9
132 85 3
146 47 9
48 59 3
105 38 6
59 19 4
22 109 7
129 80 4
129 135 9
66 14 8
1 102 6
59 7 4
41 65 6
6 16 9
56 72 1
16 84 4
112 12 2
149 37 2
87 122 1
139 108 4
54 17 3
90 99 8
43 52 5
26 63 7
47 101 8
119 67 2
134 61 2
90 91 5
116 89 1
29 58 6
15 83 4
1 117 6
117 2 9
98 82 7
113 103 9
94 131 7
119 140 5
36 125 4
73 104 2
55 9 8
23 46 6
138 60 8
107 71 2
17 127 6
100 23 3
39 75 3
104 111 3
25 47 2
146 129 4
142 1 2
73 11 4
9 46 2
68 39 3
114 134 3
16 115 3
131 110 4
83 42 4
21 24 2
117 43 3
119 149 3
113 69 2
36 87 2
112 74 3
135 30 2
24 101 4
130 71 3
62 54 4
96 62 1
24 148 4
119 60 4
48 13 1
109 123 4
73 127 2
63 92 4
41 13 4
143 137 3
56 57 1
11 86 1
114 142 4
122 118 1
130 6 3
22 73 4
12 108 4
143 14 2
40 114 1
25 16 2
98 101 1
142 133 2
8 34 3
90 126 2
114 22 1
47 69 4
7 34 1
25 22 3
135 1 4
130 45 4
60 121 2
105 82 3
28 110 3
110 29 3
12 64 1
6 139 2
124 115 4
67 105 4
6 75 1
14 145 4
141 39 2
72 130 3
83 62 1
7 66 1
83 7 1
120 37 2
122 83 2
127 108 3
2 100 3
39 8 4
57 145 4
130 33 2
92 43 1
53 88 2
4 25 4
53 40 3
140 85 1
38 140 4
125 59 2
60 146 1
4 75 3
109 76 3
63 50 3
64 97 3
112 36 1
48 138 4
104 136 3
110 86 3
117 23 3
32 46 3
31 18 2
17 3 4
9 85 3
102 77 3
124 48 4
95 147 4
82 115 1
63 85 2
101 131 1
19 138 1
10 63 1
48 12 3
50 35 4
66 36 3
102 142 2
138 63 2
31 127 3
61 47 4
107 99 1
134 106 3
26 71 3
21 58 3
94 73 3
116 147 2
127 80 1
14 31 4
58 115 2
107 18 3
97 36 4
106 120 2
42 63 4
126 25 2
31 117 4
64 129 4
105 22 2
72 5 1
42 138 2
130 107 3
30 125 4
95 19 2
61 22 2
141 142 3
104 144 3
101 66 4
15 40 3
23 2 2
75 43 4
71 48 4
134 14 1
75 126 3
11 30 4
50 141 4
65 20 4
72 77 4
56 118 3
143 47 3
74 129 2
117 61 4
99 33 3
20 1 1
137 84 1
87 57 1
32 144 1
103 135 4
131 54 1
124 121 3
19 36 4
68 82 2
14 116 1
87 43 4
4 109 4
62 10 3
145 85 2
121 136 2
56 17 3
76 117 4
95 130 1
68 103 2
97 139 4
75 127 3
123 39 1
58 105 3
36 91 3
32 92 4
79 44 3
38 60 2
134 129 2
130 137 3
119 20 2
126 91 3
134 31 1
130 68 2
123 57 2
57 134 1
54 109 2
75 3 3
134 58 2
126 92 2
41 50 3
147 142 1
78 83 2
100 12 3
35 22 2
134 47 2
30 105 2
120 107 2
136 58 4
27 123 4
78 95 1
110 48 3
89 53 1
141 125 3
8 102 1
143 131 4
56 75 2
52 138 1
32 101 1
76 16 2
3 5 2
81 92 3
82 10 2
40 107 2
0 43 4
123 77 3
104 34 1
5 75 1
25 99 2
51 147 3
50 43 4
137 117 2
60 83 2
136 91 2
81 11 3
33 138 4
22 142 4
54 12 4
113 99 2
122 74 2
55 57 4
101 80 2
126 82 3
81 94 2
28 53 3
23 30 2
33 107 1
114 3 4
16 98 4
95 140 3
67 7 4
138 2 3
46 96 2
2 110 4
91 63 2
43 67 2
38 139 1
111 4 2
20 114 4
104 93 1
56 85 2
149 47 1
110 46 4
24 20 2
65 110 3
53 19 4
6 89 2
128 42 4
50 77 4
10 128 3
131 49 3
33 124 2
10 130 2
115 20 1
98 73 2
85 40 3
21 85 1
42 95 4
33 70 4
99 120 1
43 101 2
116 142 4
97 14 2
45 66 1
10 137 1
144 31 1
138 46 1
50 84 4
43 61 1
91 25 4
105 31 3
67 17 2
2 66 4
20 37 1
46 102 4
102 33 2
3 76 3
79 95 4
32 41 4
145 121 2
148 32 3
149 91 4
58 145 2
7 72 1
4 60 1
20 61 4
62 143 4
103 59 4
128 33 1
108 115 3
16 32 2
49 117 2
57 67 2
93 64 4
120 73 1
137 70 4
113 140 1
56 61 1
128 86 1
54 125 3
47 60 2
52 103 4
102 60 1
97 88 4
47 7 3
117 100 1
142 132 3
63 122 2
58 55 4
138 110 4
16 44 4
123 0 2
52 113 2
80 120 1
136 43 4
63 131 3
105 21 3
104 101 4
19 58 4
140 90 4
75 28 1
119 145 1
139 0 4
14 2 3
115 113 3
65 42 3
114 113 4
60 9 3
118 95 3
71 61 2
29 32 1
113 19 3
125 129 3
92 55 4
139 23 4
7 33 2
67 62 1
40 46 3
139 75 4
7 2 1
35 133 1
128 97 3
118 82 3
34 54 4
110 120 2
5 89 2
87 74 4
40 134 3
50 92 2
72 116 3
53 82 3
83 132 1
63 80 1
11 6 3
0 24 4
141 107 3
88 121 1
64 132 2
48 45 4
104 88 1
123 132 3
24 16 2
145 106 3
108 41 1
69 20 4
54 81 4
144 149 2
115 5 3
110 122 3
47 87 4
75 66 3
4 98 1
12 95 3
64 117 3
142 136 3
31 76 2
95 58 4
139 46 3
62 120 2
74 43 3
84 22 3
60 69 4
21 11 1
114 111 2
116 115 1
121 100 1
11 113 4
106 123 3
37 9 3
144 6 4
76 123 3
105 3 2
8 33 2
40 47 2
106 52 2
124 32 1
98 75 3
28 84 1
58 96 1
5 66 3
63 31 3
142 80 1
42 53 3
60 32 1
36 133 4
79 106 2
70 120 1
94 88 1
101 51 3
42 67 4
137 66 4
89 106 1
87 16 4
94 18 2
88 72 4
121 58 1
67 99 1
35 56 2
44 117 2
53 99 2
135 141 3
119 87 3
77 38 3
79 143 1
30 85 2
72 16 2
10 89 1
30 119 1
120 46 2
73 2 2
57 39 2
53 141 3
112 9 1
108 106 4
106 70 1
52 119 4
116 17 3
74 78 4
143 27 2
1 96 3
135 18 4
106 32 1
12 85 4
51 8 4
99 101 2
9 48 2
133 97 3
50 19 1
40 42 3
73 130 3
16 105 4
48 1 2
60 80 4
16 91 4
131 7 2
4 140 3
84 136 3
90 7 1
76 56 4
148 26 1
138 72 1
103 19 2
53 60 1
42 48 1
142 130 4
126 98 1
11 124 2
87 49 4
20 9 4
119 40 2
42 8 4
142 88 4
86 30 4
126 39 3
33 10 3
139 13 1
24 2 4
121 120 1
110 118 2
133 3 1
14 77 1
122 35 3
83 106 2
116 120 4
103 116 2
102 129 1
70 57 1
20 62 3
20 83 2
117 15 4
44 131 4
52 13 2
127 138 3
105 144 3
108 149 4
87 44 4
45 80 3
119 139 2
87 123 2
36 70 2
52 86 3
96 12 4
144 126 1
103 54 3
98 121 3
77 70 4
117 34 1
117 32 4
59 22 4
7 104 2
65 57 2
52 87 3
121 127 2
128 98 4
42 136 3
100 111 1
80 144 1
101 49 2
22 53 1
74 124 4
97 52 2
117 82 4
82 142 2
144 139 4
7 127 1
146 107 2
111 146 1
132 65 3
72 22 1
92 120 3
23 79 4
26 34 3
84 34 2
32 137 1
17 34 4
117 56 1
89 18 3
47 76 3
113 129 2
144 69 2
49 2 4
30 18 2
84 5 1
129 44 3
73 142 1
102 131 1
133 110 1
148 141 1
140 98 4
20 28 4
48 143 2
51 16 2
28 140 4
17 131 2
47 123 4
0 79 3
134 32 2
3 136 1
25 8 3
61 144 4
12 34 1
75 96 4
125 47 3
124 88 1
6 3 3
132 17 2
31 79 1
121 80 1
5 27 3
139 134 2
45 13 2
134 65 2
17 37 1
102 27 1
92 76 3
75 109 2
76 79 3
145 59 2
148 105 1
144 116 4
129 39 2
96 145 2
105 86 1
66 9 1
0 135 4
145 110 4
79 148 4
51 4 4
130 141 3
128 24 3
46 101 3
65 32 4
42 116 1
17 126 2
110 71 1
127 20 4
84 66 4
130 2 3
11 135 4
130 132 3
41 138 1
100 31 4
105 126 1
17 65 1
10 23 1
100 137 4
144 17 4
103 87 1
33 6 3
69 17 2
24 23 1
13 2 2
133 134 3
83 52 2
134 141 4
56 104 1
84 23 4
105 140 1
107 7 3
5 83 2
30 31 4
30 87 2
134 146 2
33 45 4
76 71 4
18 6 2
98 132 3
107 3 2
63 135 4
2 80 3
37 143 2
36 149 1
65 147 1
125 79 2
116 45 4
30 131 3
133 23 1
17 15 1
68 35 3
76 118 1
51 11 4
25 83 4
137 83 2
110 25 1
75 49 1
21 60 3
74 47 3
121 97 3
35 78 1
116 19 2
94 85 4
145 91 1
124 56 1
45 99 4
55 86 3
99 52 1
132 88 1
77 13 1
60 122 4
2 71 4
47 53 3
75 33 2
117 14 2
86 22 2
53 109 4
101 138 1
149 69 4
148 16 2
9 52 4
57 74 1
4 82 1
6 97 1
21 87 3
94 36 1
15 35 2
99 35 2
23 112 4
132 40 2
0 47 1
129 61 1
149 109 4
65 48 3
135 12 2
58 73 1
123 149 3
51 20 3
98 125 4
43 138 4
96 106 3
70 99 3
85 58 4
75 118 4
60 0 4
143 121 1
106 95 1
1 55 2
20 113 2
30 128 4
52 29 1
48 149 3
109 96 3
68 98 3
19 108 1
68 94 2
66 146 2
123 78 2
27 110 3
101 8 4
9 82 1
89 144 3
143 98 3
96 21 2
87 45 3
116 141 4
122 14 2
148 78 3
118 22 4
64 43 2
73 145 3
102 117 4
90 98 4
112 55 4
55 53 1
119 27 2
78 126 1
73 100 4
39 140 4
146 90 4
50 138 1
27 128 1
66 17 3
57 78 3
2 96 2
91 111 2
141 132 2
132 92 2
47 80 2
48 80 4
54 77 1
13 86 1
86 3 4
55 16 3
79 113 1
59 56 3
113 47 1
18 92 3
66 86 3
149 9 3
146 101 2
99 32 1
85 78 3
109 129 3
49 58 1
143 42 2
125 33 1
146 88 1
34 118 3
92 109 2
68 71 2
136 122 4
120 2 1
44 36 3
32 12 4
89 113 4
34 49 2
49 22 1
110 126 4
54 99 3
64 48 2
119 108 2
112 67 4
107 132 1
85 14 2
88 12 4
89 13 1
35 106 4
139 130 4
26 83 2
8 121 1
9 58 1
116 98 2
78 94 2
144 127 4
5 24 2
62 89 2
136 130 2
140 56 1
95 6 1
108 76 2
54 71 4
94 134 2
139 146 2
75 60 3
126 121 4
93 128 4
139 25 2
89 81 3
134 143 4
129 130 2
7 82 2
5 57 1
24 143 4
109 23 4
16 70 3
3 92 2
37 99 1
76 144 4
108 83 2
116 4 3
33 141 2
9 29 2
29 64 1
110 127 3
64 133 3
85 71 3
97 125 1
78 53 3
73 139 3
28 126 3
94 145 3
7 75 2
77 24 2
14 78 2
54 111 1
144 7 1
121 44 3
101 136 2
82 134 2
31 123 2
133 85 1
113 111 4
19 48 1
30 59 2
34 123 2
80 35 1
35 16 1
127 57 4
72 49 4
100 14 3
27 45 1
23 68 2
57 41 3
61 135 3
135 41 4
137 126 2
81 45 4
111 7 3
141 10 1
84 145 2
38 83 1
1 122 2
76 36 2
107 142 4
144 26 1
149 1 3
117 55 1
113 12 3
27 116 1
107 29 3
41 123 4
88 147 3
12 22 2
68 75 2
100 16 3
90 21 3
10 140 3
49 38 3
100 49 3
108 54 4
130 140 3
146 54 4
113 127 1
25 33 3
9 83 4
97 71 4
1 41 2
120 17 2
81 26 4
129 86 2
38 90 4
40 67 2
63 149 4
81 111 4
1 146 4
130 41 1
117 127 4
57 6 1
69 27 3
83 54 1
20 142 1
93 107 3
133 78 3
123 81 3
76 115 2
17 26 1
107 97 4
64 54 3
51 36 4
107 73 2
90 104 3
104 108 3
76 94 1
76 99 4
7 135 2
18 149 4
35 11 1
77 132 4
21 138 2
120 75 2
132 120 4
60 46 4
92 122 4
40 75 1
6 43 3
143 104 1
149 89 4
83 49 2
93 63 1
118 16 2
83 100 4
5 43 2
15 78 3
140 107 1
13 114 3
80 32 4
101 53 1
110 13 4
0 109 1
123 88 1
23 85 1
149 137 1
70 91 1
9 121 1
49 110 1
46 94 4
66 121 2
82 50 2
44 124 4
25 112 4
23 64 3
107 79 3
42 137 3
92 53 1
95 76 2
93 39 3
82 26 4
117 46 4
93 50 1
141 4 3
120 52 1
29 18 2
98 86 1
14 26 1
82 122 2
18 27 1
121 47 4
41 72 3
70 94 1
94 51 1
54 37 3
93 9 4
99 28 4
36 54 2
125 121 4
81 39 4
68 100 2
27 63 4
97 141 2
108 73 1
95 72 1
133 62 4
109 27 3
104 72 2
6 65 1
73 27 3
70 104 4
113 68 4
19 28 2
142 77 2
82 52 4
90 40 3
119 29 1
109 102 2
145 53 3
132 19 3
101 19 3
29 121 2
121 76 4
115 107 2
0 104 2
136 71 4
39 10 1
109 42 4
92 58 3
63 108 1
109 100 1
29 145 4
22 28 4
138 117 4
39 149 2
147 82 3
56 82 1
6 54 4
123 126 1
113 87 2
9 47 4
10 132 3
136 113 1
63 130 4
130 78 3
141 46 1
84 126 2
69 116 1
12 23 2
103 29 3
107 90 2
140 65 1
26 97 4
53 0 1
30 129 1
43 47 3
75 94 3
79 19 4
60 130 3
130 111 2
73 143 1
62 52 2
38 64 1
90 41 4
38 71 4
19 125 1
135 80 2
38 113 1
12 98 2
50 0 3
29 144 4
71 94 4
1 133 4
138 123 4
115 48 2
101 64 3
76 86 3
39 66 3
104 22 1
87 70 1
29 85 2
29 49 1
25 69 2
84 80 4
83 36 1
67 124 3
33 12 3
64 141 1
51 22 3
52 58 4
87 102 2
83 0 3
94 43 2
16 77 4
42 117 3
98 103 2
31 46 1
47 84 2
126 49 4
47 4 4
32 140 2
91 58 2
130 135 2
22 113 2
47 144 1
1 93 4
78 45 1
97 49 2
42 37 4
138 47 4
110 134 1
22 45 1
37 76 3
145 126 4
89 91 1
60 126 3
13 137 3
113 27 1
80 19 4
66 91 4
88 101 4
5 122 2
133 42 4
77 148 2
22 23 4
11 8 1
23 122 3
118 133 4
138 62 4
138 51 3
43 49 2
34 101 4
27 140 2
3 20 2
140 61 4
3 23 1
93 8 2
30 95 1
22 139 3
120 61 1
98 97 4
43 95 2
34 2 1
80 15 3
147 146 1
54 90 4
93 118 1
126 125 1
8 76 4
19 29 4
124 89 1
140 96 3
30 3 2
36 35 3
64 76 3
129 48 2
73 36 2
45 32 1
103 132 1
9 19 3
34 33 1
102 55 3
90 69 4
78 40 2
144 70 2
118 149 4
15 19 2
100 38 4
83 101 3
94 67 3
98 139 2
66 68 4
22 4 4
19 104 4
67 75 4
137 46 1
125 56 4
149 53 4
97 68 4
43 44 1
51 122 4
114 138 1
39 110 3
40 9 2
84 112 1
148 30 2
131 10 1
2 131 2
48 29 4
82 51 2
57 27 4
107 1 3
100 94 1
125 35 4
96 13 4
87 85 4
138 1 2
128 29 2
3 84 2
148 139 4
96 16 1
45 25 2
133 108 3
85 90 3
81 18 2
56 66 2
43 34 1
25 123 2
87 0 4
47 14 4
121 87 3
41 20 4
90 103 4
124 1 3
77 73 3
34 106 2
115 31 2
0 52 3
79 135 2
91 75 4
1 9 4
75 36 1
99 136 1
41 40 2
114 120 4
136 75 4
6 124 3
97 3 2
92 100 1
19 20 2
113 43 1
52 105 4
84 139 2
93 88 4
85 136 2
143 2 1
14 67 4
46 17 2
4 89 1
40 59 4
132 127 4
131 66 4
52 7 1
31 47 1
66 30 3
104 48 4
87 126 1
17 36 4
116 41 1
34 80 3
127 123 3
145 111 1
52 146 1
86 42 3
90 149 1
131 79 2
23 138 2
36 57 4
48 40 3
78 32 3
22 17 2
106 41 4
139 66 3
57 86 4
99 74 4
123 90 1
77 146 1
65 89 4
16 83 1
47 54 1
111 16 1
60 58 4
60 109 1
43 48 2
120 26 1
102 111 3
18 51 1
92 13 4
90 60 2
35 2 1
71 15 3
94 20 4
80 18 1
24 47 3
11 45 1
43 65 2
136 94 1
87 143 2
84 101 4
6 83 2
113 120 1
123 68 1
102 137 2
81 4 4
129 34 1
148 50 3
88 34 3
142 125 1
102 74 3
108 10 4
143 80 1
100 45 4
39 125 1
77 76 1
127 134 1
101 123 1
92 0 3
77 98 4
113 101 4
12 0 2
120 93 4
130 1 4
40 51 3
44 91 3
122 37 1
9 53 4
129 38 4
58 98 4
21 12 1
20 34 1
81 87 1
12 70 3
6 134 2
133 127 1
15 9 4
15 7 4
76 73 3
64 99 3
6 141 4
10 20 3
14 39 1
106 14 3
34 81 2
25 87 3
17 32 1
23 149 4
68 36 3
67 137 1
43 149 2
56 131 1
28 26 1
27 22 2
10 92 1
110 111 4
20 130 3
74 41 4
57 26 2
47 30 3
59 131 1
51 50 2
110 144 4
10 143 3
79 99 3
65 121 2
14 104 1
31 78 1
67 25 2
40 138 3
23 148 2
136 98 3
148 19 4
138 36 1
115 52 3
120 144 2
113 133 4
38 43 4
116 37 2
18 115 4
61 98 4
13 27 4
87 37 3
148 67 1
140 41 2
144 147 1
142 21 2
33 65 3
44 130 4
126 83 1
134 43 4
91 35 3
51 87 3
47 57 1
117 16 4
107 63 1
78 90 3
71 139 3
70 121 2
60 66 2
54 129 2
107 127 3
114 101 2
68 81 3
69 36 4
36 18 4
16 57 1
135 33 4
44 37 3
80 108 3
130 90 2
14 135 1
106 135 4
103 40 2
121 15 4
21 57 1
23 136 2
49 68 3
13 143 1
142 10 1
43 29 2
87 53 3
13 133 2
77 2 2
74 128 2
118 47 4
7 48 1
96 71 1
132 49 4
14 87 4
135 74 3
140 122 2
123 9 1
100 30 1
61 7 4
34 48 2
98 0 3
18 106 3
8 119 1
116 1 3
94 17 3
42 132 4
107 95 4
84 107 3
25 118 1
114 130 4
57 66 3
137 6 2
54 4 2
69 121 2
29 27 1
138 37 4
103 72 3
106 42 3
27 88 3
6 79 4
42 110 4
72 80 3
120 1 3
30 77 2
17 76 2
37 106 1
14 147 2
65 12 2
104 57 2
50 21 4
44 20 1
68 3 1
99 141 3
124 72 4
51 77 3
70 46 2
12 47 1
125 60 2
44 137 2
67 30 4
26 107 3
109 26 4
119 146 4
94 95 2
30 127 2
102 136 1
41 88 2
35 140 3
130 8 1
37 132 1
25 43 2
44 142 3
30 13 2
10 129 3
77 118 1
65 46 1
99 21 3
141 66 4
29 96 2
38 61 4
10 138 3
67 53 3
81 42 1
64 45 3
127 131 2
5 135 1
90 25 3
132 41 2
95 105 2
61 54 2
133 121 2
68 67 2
127 112 4
54 40 3
78 16 4
12 51 2
138 73 1
32 123 4
9 113 4
147 29 4
35 100 1
22 7 2
52 45 3
122 75 2
124 81 3
19 65 2
37 60 4
91 74 1
102 11 2
22 99 1
67 121 3
26 100 3
20 95 1
19 54 2
99 75 2
86 18 4
39 3 2
80 91 3
134 131 1
107 14 1
96 65 4
68 117 2
41 24 1
42 55 4
119 86 4
97 111 2
55 78 1
35 20 2
74 29 4
19 23 2
61 81 1
117 57 2
142 91 1
106 33 1
133 65 1
110 20 1
77 87 4
14 130 1
122 88 1
49 112 1
37 11 3
102 34 2
16 52 4
130 138 2
83 61 1
53 35 1
113 44 2
148 140 1
5 124 3
103 0 1
120 32 4
133 143 4
44 23 3
127 48 3
124 123 1
110 100 4
107 105 3
91 108 2
64 149 4
38 85 2
82 125 3
121 135 3
77 117 1
45 6 1
108 35 1
36 116 4
52 55 3
56 134 3
99 38 2
130 119 1
44 50 2
89 68 2
148 83 3
44 125 4
16 85 2
123 6 4
69 11 2
49 139 1
31 116 3
44 63 1
127 52 1
77 65 1
64 131 3
129 82 4
25 114 1
32 145 2
28 122 4
94 12 1
146 137 1
68 125 1
70 60 4
84 27 2
35 17 2
1 90 2
134 98 1
136 14 1
41 127 2
16 2 1
0 56 4
21 48 3
34 105 1
73 30 1
102 73 3
85 138 3
96 112 1
26 74 2
102 63 3
61 113 3
81 9 1
47 27 2
130 67 3
44 97 3
4 57 3
12 29 1
3 11 3
64 1 1
141 67 3
47 124 1
59 79 4
140 63 3
116 7 3
121 64 4
2 135 3
79 24 4
99 10 2
50 17 3
130 131 2
32 113 3
21 128 4
8 126 3
80 95 3
132 94 2
18 91 3
55 19 2
50 15 1
29 134 1
22 95 3
72 89 4
74 147 3
49 107 1
21 18 3
53 79 1
53 146 4
75 48 4
21 69 2
116 149 4
137 90 4
81 51 3
13 6 2
126 107 1
13 50 1
37 10 4
38 39 2
19 63 1
130 97 3
30 16 4
6 99 3
31 90 3
32 79 3
39 42 2
108 56 4
36 41 1
18 111 1
59 85 3
29 0 1
73 83 2
58 3 1
5 34 2
45 55 3
98 84 1
107 59 3
0 133 1
8 35 4
148 48 1
126 77 3
70 88 3
78 34 2
44 112 2
131 88 1
39 112 1
27 26 3
91 137 2
80 55 1
61 26 4
119 13 1
80 64 4
112 27 4
132 111 2
50 78 4
58 1 2
71 31 4
99 17 4
84 31 1
40 70 2
56 25 1
105 114 1
57 121 3
92 130 1
52 61 3
91 129 4
104 24 3
16 126 4
141 62 4
21 108 3
61 147 1
44 73 4
78 109 2
148 147 2
126 27 1
104 18 3
149 61 3
108 52 3
11 87 1
16 3 3
104 96 1
123 33 1
9 117 1
12 86 3
42 45 1
67 1 1
61 11 4
149 95 1
66 38 4
85 115 1
133 52 2
26 75 2
28 101 3
71 17 2
47 148 4
39 49 2
113 33 2
18 132 3
94 84 3
15 127 4
69 146 2
8 127 1
80 50 4
64 86 2
69 14 4
67 134 1
105 139 2
17 31 3
12 122 1
33 36 2
77 145 1
45 40 2
16 109 4
79 97 2
36 107 2
136 15 3
57 61 2
80 67 2
126 55 1
71 20 4
50 102 3
1 110 2
146 97 2
78 5 3
71 39 2
123 72 4
66 54 3
139 41 1
114 93 1
24 103 3
113 132 1
11 31 3
122 109 2
98 5 4
5 53 2
110 112 1
80 38 3
111 63 2
58 94 4
28 43 1
39 30 2
117 142 1
65 86 4
49 148 4
99 103 1
111 43 4
66 111 1
148 12 1
106 27 4
92 110 3
99 30 4
89 11 2
132 75 1
76 96 3
53 133 1
9 0 2
7 16 3
140 97 3
99 133 2
101 18 2
116 109 3
76 69 1
4 84 2
67 118 4
75 148 3
72 122 2
49 41 2
54 114 3
107 77 4
55 21 1
121 141 3
52 79 2
121 103 4
15 59 3
82 73 1
87 19 1
147 112 3
144 82 3
85 102 2
14 138 4
92 138 1
42 49 2
98 38 2
17 91 1
62 75 3
139 16 1
107 131 1
5 29 3
45 84 3
141 73 1
140 16 1
38 94 3
107 5 2
68 13 3
143 38 2
39 78 1
82 37 4
113 70 3
135 85 1
94 111 3
42 108 3
99 13 3
138 102 2
147 15 2
31 92 1
67 81 2
15 145 2
9 78 1
109 125 4
22 21 1
36 53 1
11 112 4
28 69 1
139 30 4
55 122 4
50 142 4
146 118 2
79 38 3
62 53 4
85 137 4
91 123 3
32 61 2
43 7 2
7 19 4
109 132 4
81 108 4
142 104 2
42 114 1
110 8 3
70 83 1
23 5 2
73 13 1
115 84 1
81 128 3
113 64 1
128 139 2
128 120 4
38 15 4
37 65 1
42 124 3
76 125 4
36 60 2
133 39 2
8 135 2
149 66 2
56 15 1
123 148 3
28 45 4
87 114 1
103 12 3
7 120 4
88 89 3
115 101 4
19 30 4
55 127 3
148 21 1
11 36 4
15 123 1
44 71 3
94 52 1
15 134 1
12 126 1
50 18 4
10 15 4
56 10 3
129 16 3
100 8 2
76 68 2
105 116 4
32 66 4
123 1 1
67 128 1
114 63 2
28 13 4
119 74 3
53 7 4
105 74 3
66 135 3
95 37 3
4 17 2
34 146 2
75 145 3
124 51 3
65 9 1
60 7 1
74 16 1
101 127 4
105 97 2
20 74 1
141 104 3
97 9 1
104 145 1
14 55 4
75 51 3
136 39 4
65 3 2
10 54 1
63 18 4
104 120 3
147 149 3
72 44 4
60 52 1
125 90 4
29 7 1
140 23 1
141 31 4
90 76 1
81 1 3
89 118 1
54 110 1
30 146 1
101 145 1
39 84 4
113 119 3
119 80 4
16 0 3
85 53 3
37 130 2
118 55 1
132 121 3
121 50 2
20 45 3
50 55 3
81 99 3
81 66 1
118 30 3
31 106 1
45 129 3
31 88 4
60 135 1
140 114 4
122 42 4
14 61 2
138 78 1
64 116 1
24 85 1
1 83 1
11 110 2
143 85 4
56 33 4
111 88 1
86 50 1
86 114 3
116 59 1
6 107 2
41 46 2
80 83 1
143 81 1
83 142 3
139 80 4
128 112 4
71 72 1
43 72 1
130 87 1
120 43 3
136 141 1
46 126 1
25 78 4
26 37 1
21 111 3
54 29 1
2 70 4
105 102 2
91 45 4
143 54 3
86 142 2
132 23 2
44 118 2
106 23 3
38 70 1
53 27 2
78 8 4
127 87 2
85 129 1
147 141 3
105 136 4
121 73 1
115 25 2
139 48 2
94 139 1
114 6 2
63 99 4
112 78 3
121 36 4
61 91 2
20 6 2
37 135 2
67 135 3
69 50 1
3 123 1
42 90 4
60 129 1
12 31 2
75 41 3
42 89 1
90 109 2
1 91 3
141 96 4
146 143 3
56 105 3
79 7 4
135 51 3
132 101 3
34 139 4
33 82 3
10 139 3
110 146 4
132 129 1
129 99 4
58 113 3
75 85 3
44 0 2
62 51 2
49 120 4
142 25 4
72 14 2
132 137 2
108 118 1
37 88 4
86 134 2
140 12 4
56 123 3
125 127 4
112 122 3
128 138 2
98 51 3
75 134 1
97 74 1
47 97 2
62 26 4
101 95 2
91 43 4
121 82 2
45 118 4
142 26 4
111 138 3
112 45 3
8 62 3
22 107 4
28 70 3
114 64 1
79 102 4
22 0 3
61 84 3
145 133 4
108 140 2
132 90 3
54 85 1
109 146 2
71 32 4
70 19 2
79 117 3
23 95 3
73 33 4
121 11 2
86 9 2
38 148 3
66 132 2
103 73 3
98 106 1
7 41 1
28 36 2
81 60 2
42 139 1
127 78 2
10 114 2
20 138 2
114 97 1
148 93 4
13 16 4
148 89 1
129 131 3
6 102 3
143 74 4
17 83 3
28 66 2
82 146 3
112 100 1
4 48 3
106 29 3
63 29 1
73 8 4
10 59 1
33 87 3
69 39 4
7 45 3
8 66 3
35 77 1
100 56 3
75 30 4
145 138 1
58 67 2
76 97 2
120 51 3
45 117 4
81 10 4
129 40 4
44 146 2
13 24 3
100 77 4
95 51 2
51 97 4
137 36 2
70 110 1
109 33 4
85 134 2
59 86 1
80 149 1
121 149 3
78 47 3
1 114 2
140 46 3
139 3 2
142 139 1
135 77 4
124 106 1
7 134 2
95 89 3
134 112 4
58 81 4
20 123 1
10 86 1
143 138 4
72 23 3
117 81 4
26 66 4
115 21 3
46 86 2
19 13 4
106 15 2
99 41 2
29 72 2
122 21 2
12 123 2
123 119 3
127 86 4
126 109 4
88 9 3
23 91 2
23 134 2
77 37 1
95 34 3
102 118 4
103 143 3
72 136 2
35 67 3
80 111 2
27 131 1
34 11 2
55 97 1
143 60 2
136 83 1
82 81 1
102 91 3
54 106 4
121 85 1
79 10 2
146 133 1
119 82 2
94 140 4
35 98 1
34 141 2
130 134 3
63 12 4
83 86 1
94 106 1
125 144 2
61 41 1
35 148 3
71 45 2
93 31 3
135 42 3
50 101 4
64 8 4
114 60 2
41 54 3
2 30 2
83 71 3
43 143 2
0 42 4
141 86 1
122 93 3
99 51 2
50 107 3
125 12 1
81 71 2
4 58 4
24 53 3
87 128 3
84 55 2
54 144 1
15 144 2
115 50 4
66 107 1
106 93 2
74 107 2
139 50 1
148 125 2
3 110 2
67 69 3
106 121 3
145 131 4
136 48 3
78 19 2
4 102 3
37 109 2
98 119 3
2 139 2
74 28 3
109 29 2
96 123 2
98 56 1
4 14 2
46 42 3
142 103 3
10 125 1
48 0 1
51 134 1
115 2 3
86 144 2
39 124 3
139 101 1
61 45 3
25 93 1
79 74 2
53 18 2
110 62 1
142 105 1
9 126 4
4 130 4
20 16 1
20 29 3
103 36 4
119 69 2
69 2 1
89 12 1
91 20 3
27 86 1
88 83 2
125 117 3
91 52 1
141 79 2
5 99 3
57 44 2
41 131 4
109 133 4
92 79 1
76 18 2
73 29 1
35 89 4
81 122 2
40 123 4
7 32 4
84 135 2
129 111 1
63 86 3
132 72 2
110 33 1
2 22 4
121 84 1
29 99 2
50 66 2
89 108 2
70 45 2
66 123 3
98 142 1
3 26 2
13 146 2
25 74 4
112 73 3
36 141 3
70 100 1
127 10 3
41 114 1
13 87 2
8 147 4
147 143 1
122 56 2
105 135 4
66 33 2
89 134 3
87 91 1
27 17 1
71 128 3
37 64 3
16 5 3
13 123 3
102 76 4
36 134 1
65 34 3
147 42 3
33 131 3
113 53 4
112 111 4
87 32 3
101 35 3
129 124 3
149 139 4
124 71 4
99 50 1
133 31 3
129 100 4
111 30 3
125 101 2
114 37 3
110 148 1
19 93 1
20 137 1
91 132 1
37 80 3
54 127 1
84 68 1
24 122 4
119 101 2
77 1 3
59 3 1
30 124 3
12 139 1
30 15 1
147 54 2
145 42 2
144 83 1
92 57 1
116 95 2
6 48 4
23 43 1
120 84 4
138 147 2
101 67 2
22 8 3
11 2 3
59 50 3
93 75 2
149 59 2
68 107 3
60 51 3
118 66 2
82 0 3
17 93 2
124 109 1
91 21 3
6 5 3
94 29 4
2 65 4
70 21 2
100 133 4
88 52 2
86 96 3
9 50 4
40 96 1
109 136 2
139 147 3
131 34 3
81 49 4
81 15 1
85 100 3
125 115 2
147 110 3
86 87 1
3 118 4
121 16 1
118 72 3
83 34 3
122 10 2
50 76 2
83 140 3
139 82 1
99 138 4
106 122 1
131 73 4
100 89 2
134 13 1
72 32 4
147 91 1
82 57 4
149 52 2
76 136 2
7 12 2
70 3 3
149 129 2
12 50 3
61 142 3
38 147 3
89 47 4
12 105 4
145 134 1
131 18 1
112 94 3
79 20 4
102 139 1
133 57 3
7 74 4
35 135 1
2 47 2
107 78 4
44 92 1
17 81 3
149 30 2
7 26 2
141 74 3
138 106 4
139 77 2
54 27 2
12 114 3
140 129 2
35 6 3
131 148 1
14 23 4
77 62 2
141 30 4
80 1 4
103 65 4
95 77 3
147 19 4
140 50 4
80 21 4
54 140 1
45 123 3
30 54 4
27 105 1
12 8 2
102 38 3
32 69 1
58 132 4
138 115 3
56 73 3
65 137 2
124 130 4
29 114 1
91 81 4
28 57 1
73 9 4
11 46 2
28 93 2
13 49 2
132 79 4
13 63 4
62 44 3
108 141 4
45 59 4
104 76 3
117 94 2
139 9 3
64 13 3
82 28 1
45 67 1
91 39 3
88 129 1
89 86 1
31 97 2
24 106 4
28 48 4
43 78 1
120 19 4
55 131 1
93 27 1
27 138 1
37 67 2
132 97 1
32 52 2
65 135 4
103 20 3
122 149 3
107 136 3
86 81 4
40 68 2
111 103 3
33 23 4
27 136 2
23 97 1
29 68 1
71 137 4
116 85 1
57 79 1
120 55 4
127 118 4
46 55 2
136 54 3
14 90 1
4 5 3
144 77 1
29 118 2
107 17 3
145 123 3
116 49 2
66 19 3
97 103 1
132 148 1
5 95 2
47 103 2
15 102 3
111 32 1
147 6 2
3 13 4
142 100 3
21 144 2
105 119 3
101 29 1
17 41 1
134 108 3
94 48 1
134 9 1
36 74 3
94 30 4
12 146 3
103 17 4
117 101 3
102 23 3
72 1 1
137 23 3
28 146 4
113 31 3
147 134 4
98 99 2
28 143 4
102 45 2
108 22 2
41 29 2
70 123 4
53 121 2
26 139 4
74 88 4
113 106 3
119 115 1
146 14 3
82 113 1
103 25 1
94 121 3
81 90 4
65 117 3
93 91 4
61 111 3
112 5 1
132 147 3
27 36 3
62 97 3
96 11 3
74 24 3
110 78 4
75 110 3
96 93 3
95 69 2
123 92 1
13 76 2
95 111 3
126 4 4
76 29 1
100 62 4
138 17 1
70 142 1
1 35 4
124 90 1
76 9 1
13 97 4
141 55 4
134 4 3
123 53 2
70 68 2
97 144 1
104 51 1
16 131 1
65 119 2
44 61 1
62 116 4
96 42 3
20 136 4
131 61 1
118 117 2
142 19 1
113 73 2
92 101 4
72 127 2
124 50 2
140 120 4
107 56 2
56 126 3
42 74 3
32 98 1
140 80 3
112 116 4
59 118 1
38 134 1
57 83 3
103 93 1
51 140 1
122 131 1
99 145 3
122 6 2
33 72 3
8 19 2
36 104 3
126 135 3
80 49 4
45 98 2
84 88 4
66 129 4
87 129 3
39 83 1
29 97 3
32 3 4
100 22 3
41 43 2
1 92 1
149 134 2
93 59 4
91 141 1
69 94 2
59 106 3
80 40 3
146 50 4
6 129 1
92 15 1
6 37 4
37 98 1
70 51 2
38 120 2
127 98 2
12 41 4
44 83 1
103 38 2
57 8 1
5 131 4
117 25 2
106 84 4
117 90 3
36 118 2
17 21 3
49 6 1
14 74 2
80 104 4
9 67 2
139 61 4
41 77 4
143 126 2
62 91 3
81 118 4
53 57 3
85 10 1
75 82 3
76 22 4
110 98 1
93 109 1
11 53 1
86 15 2
33 42 2
30 10 4
95 10 1
29 92 3
139 126 1
131 43 1
29 142 3
102 10 4
85 51 1
17 97 4
58 149 3
80 85 2
97 123 3
132 5 2
0 76 4
81 116 4
64 77 4
22 60 1
112 14 3
132 76 4
118 69 3
135 95 3
127 35 2
125 21 2
11 98 2
136 74 3
32 81 1
101 124 1
7 84 2
114 147 2
77 9 2
5 65 2
114 89 3
25 48 4
4 118 1
24 95 3
116 113 3
86 53 2
17 55 1
106 86 1
38 137 2
1 131 4
73 97 1
27 58 2
36 15 3
44 108 3
51 127 3
40 39 4
106 64 3
96 28 3
34 9 1
125 20 2
71 132 3
8 20 4
25 113 1
149 12 3
19 69 4
125 26 3
12 132 1
11 10 3
33 64 4
86 92 3
48 5 3
87 79 4
134 33 4
134 79 3
98 52 1
90 136 4
88 66 3
133 120 4
130 64 1
115 55 3
53 20 2
2 133 3
64 115 4
126 112 2
134 50 1
75 64 1
145 98 2
21 63 1
57 18 3
135 120 1
90 6 4
89 49 1
103 94 2
89 117 3
55 106 1
54 14 3
9 131 4
105 28 3
111 65 1
28 5 2
68 59 2
71 16 2
87 31 1
0 114 3
61 46 1
20 112 2
124 16 2
4 49 2
76 26 3
134 80 2
26 122 4
71 40 2
77 6 3
4 52 4
105 123 3
91 104 3
64 30 3
48 100 2
148 22 1
73 106 1
12 30 2
63 16 3
100 5 2
34 99 1
31 91 2
33 79 2
102 32 2
5 36 4
98 60 3
101 89 2
92 143 2
34 30 3
101 118 1
91 22 4
72 84 4
6 85 1
2 1 2
32 142 1
11 85 2
124 55 4
140 52 2
26 132 1
84 17 3
73 23 1
133 122 2
88 44 3
12 99 2
64 147 4
58 88 1
76 66 1
55 64 3
103 92 2
36 145 3
107 55 3
130 80 1
74 73 2
124 127 1
72 113 3
57 54 4
120 57 4
134 55 4
89 9 3
85 27 3
72 134 3
106 21 3
83 46 1
33 92 1
73 111 4
84 116 2
77 138 2
146 132 4
40 0 3
56 88 3
4 38 3
137 15 3
23 38 2
98 64 1
10 69 3
80 123 1
142 2 2
76 25 3
27 130 4
139 24 3
16 18 4
73 12 3
0 120 3
37 91 4
121 18 3
11 141 4
20 58 2
53 136 3
147 145 4
128 88 1
78 7 3
54 126 3
65 73 1
7 121 1
146 10 3
46 81 1
70 63 1
87 106 1
114 129 4
71 34 2
59 75 4
131 132 4
59 138 2
113 57 3
113 130 4
113 144 3
123 2 3
72 108 2
144 101 3
46 25 2
30 97 3
22 89 1
58 104 4
26 56 3
138 118 3
54 43 4
38 82 4
50 88 4
142 137 1
59 133 2
134 60 3
15 94 1
73 122 1
120 66 3
121 32 1
25 133 4
103 62 2
113 15 2
79 83 3
45 105 4
21 37 1
78 116 1
41 37 1
16 58 4
23 1 1
27 10 4
25 101 3
87 27 2
43 88 2
118 100 1
80 79 4
89 75 1
89 36 4
0 51 1
70 86 4
38 138 3
103 3 1
118 17 4
108 48 3
14 142 4
120 117 4
132 59 2
22 1 1
26 135 1
71 122 3
107 20 1
40 6 4
23 41 4
44 122 1
91 24 2
65 64 3
82 19 1
36 148 3
26 4 1
113 91 4
44 49 4
55 83 2
136 111 3
47 33 4
14 35 4
149 101 2
72 61 4
1 53 1
107 43 3
17 19 2
148 119 1
38 128 1
141 122 2
32 54 2
149 15 2
63 81 3
146 103 3
5 62 3
134 64 1
68 34 4
74 111 4
42 30 3
149 28 1
72 15 4
98 92 1
119 100 2
62 28 1
101 97 3
79 43 3
84 40 3
133 132 2
13 145 3
93 20 2
13 122 4
39 108 1
21 89 1
134 66 3
36 40 1
40 93 1
74 70 4
29 116 2
53 12 2
56 7 2
148 87 2
26 114 2
77 7 2
121 101 3
68 141 4
136 73 3
27 67 4
55 7 1
36 123 2
120 126 4
46 105 4
117 20 3
129 12 4
120 115 3
97 12 1
38 89 3
103 27 4
13 65 1
105 117 4
84 42 4
61 106 1
119 79 4
31 112 2
23 59 2
114 74 4
141 37 3
65 145 1
43 1 3
104 1 1
115 27 3
44 141 4
89 2 4
98 25 3
118 64 3
42 64 4
32 122 2
39 28 1
130 31 2
18 8 1
32 33 2
113 74 4
81 19 3
75 103 4
90 142 4
105 147 1
43 122 4
61 24 1
80 76 4
21 15 1
143 68 4
141 137 2
48 52 4
120 67 2
48 63 4
81 56 3
112 139 3
103 39 3
106 146 2
83 4 4
139 37 4
88 144 1
46 14 3
2 145 1
81 13 3
0 73 4
120 86 3
0 19 2
6 68 1
59 92 3
51 102 1
49 115 3
72 87 1
49 19 4
89 40 2
13 37 4
72 93 2
63 64 4
0 101 4
125 131 4
130 79 2
103 88 3
4 0 3
36 78 1
116 123 2
1 60 4
116 5 3
24 97 2
87 96 2
70 136 1
21 2 1
76 145 2
141 29 4
109 17 1
109 69 1
5 134 4
24 43 4
76 10 1
105 76 2
15 120 2
77 114 3
134 126 3
71 126 4
4 66 1
51 88 2
103 33 2
78 65 1
25 63 4
118 144 1
102 135 4
91 114 3
115 26 3
120 54 3
11 117 4
77 53 2
21 82 1
40 144 1
19 131 1
125 114 3
37 105 4
139 56 4
94 54 3
35 26 4
40 58 2
143 84 1
131 4 1
66 16 1
34 38 4
110 94 2
121 45 2
66 80 2
91 15 4
18 103 3
109 13 4
39 87 4
98 72 3
18 28 4
140 34 1
128 130 1
7 146 4
148 59 1
6 31 2
30 144 4
10 24 1
88 5 1
29 50 2
48 91 2
109 3 3
68 33 1
55 65 1
35 13 2
72 94 1
4 19 3
34 19 2
75 131 4
31 66 3
126 26 4
63 144 3
59 136 1
108 111 1
52 117 1
48 133 4
34 42 3
112 52 3
108 125 4
1 37 4
127 42 1
100 126 2
130 115 3
83 75 2
141 98 1
80 107 4
116 51 1
91 133 4
92 24 2
112 16 1
45 57 1
129 37 2
58 116 1
73 55 2
53 148 1
21 29 3
103 11 2
36 85 3
35 124 1
129 122 3
86 8 2
74 59 4
34 72 1
42 97 2
11 15 3
108 55 3
51 139 4
66 55 3
120 147 3
35 47 1
17 49 4
28 10 2
92 64 2
51 30 3
41 19 3
1 45 3
1 134 2
82 90 3
76 127 1
88 110 1
45 23 2
74 31 2
73 31 3
47 34 1
87 83 2
112 88 2
109 71 1
92 147 2
60 123 1
19 84 3
89 25 1
143 58 2
60 64 4
11 77 3
16 14 4
112 93 1
15 84 2
98 135 1
25 10 3
20 129 1
144 78 4
45 79 3
124 31 4
86 103 2
63 37 3
33 51 2
102 89 3
79 47 4
96 92 3
72 92 3
26 72 1
32 90 3
52 22 1
26 117 3
146 94 3
108 7 4
69 111 2
93 43 2
89 147 1
30 5 2
118 147 3
53 114 3
86 31 2
49 60 1
51 59 2
29 75 3
138 76 2
65 128 2
144 103 3
43 70 3
10 98 1
146 70 2
92 136 4
87 10 3
114 67 3
12 147 4
9 68 4
95 83 3
139 138 2
46 107 4
83 32 3
73 52 3
7 57 3
39 35 1
125 28 1
52 123 1
137 54 2
25 30 3
127 82 1
24 1 1
63 78 2
56 144 1
25 59 3
88 79 3
28 2 3
3 79 4
25 138 2
105 55 1
67 108 3
134 17 4
13 128 1
86 113 4
144 146 2
21 36 4
38 68 2
38 40 3
95 92 3
147 87 4
110 137 1
24 105 2
110 60 4
26 10 4
88 60 2
107 37 2
70 116 3
35 144 2
51 49 2
101 14 1
72 82 4
4 40 1
149 148 2
82 79 2
48 55 3
36 146 1
79 2 3
5 120 4
93 108 3
14 141 2
78 0 4
23 135 4
57 60 3
86 58 2
17 43 3
12 17 4
45 113 3
81 40 2
121 68 1
24 15 2
42 146 1
18 112 1
137 99 3
136 117 2
94 44 1
27 104 2
147 115 2
40 3 1
5 121 3
9 98 4
1 82 2
9 92 2
138 148 4
25 41 4
103 129 4
29 77 4
108 9 2
51 109 3
58 31 4
32 147 2
5 123 1
89 7 4
47 19 1
69 4 1
147 104 3
64 83 2
102 61 2
132 63 2
128 50 4
86 78 1
123 19 4
140 6 2
26 138 4
68 10 2
56 11 1
115 90 3
16 125 1
7 102 4
39 64 4
22 38 1
90 34 2
88 17 3
43 105 3
20 97 3
26 9 2
56 89 1
87 94 1
39 29 1
118 85 3
51 76 1
53 34 2
66 83 4
13 105 4
8 81 3
120 69 2
133 56 1
146 128 2
93 30 1
87 65 2
99 59 3
148 14 1
63 17 1
62 2 2
21 27 4
19 100 3
126 48 2
129 141 2
143 111 1
124 93 4
44 99 3
24 76 2
105 85 2
73 93 2
62 121 1
100 15 3
30 46 4
45 88 3
148 114 3
141 89 2
7 21 3
67 73 1
35 81 1
110 117 4
48 72 2
3 81 3
101 73 4
104 107 2
111 117 2
75 133 1
109 83 3
5 63 1
102 59 4
111 126 1
102 94 1
82 30 4
68 120 3
145 83 3
143 123 3
104 8 4
145 120 1
12 44 2
77 124 4
139 81 4
15 77 2
16 19 3
87 107 3
21 74 2
42 92 3
111 78 4
116 13 3
139 85 2
108 107 4
144 121 3
76 21 4
49 125 2
116 87 2
49 85 4
106 136 1
31 23 2
74 98 2
128 53 1
100 46 1
49 128 4
115 45 2
74 10 4
64 78 2
94 90 2
32 20 4
91 79 1
83 28 2
111 131 2
111 137 3
124 12 1
56 99 2
141 47 2
144 45 3
132 27 3
106 6 2
133 46 4
120 4 2
137 97 3
76 89 3
122 69 2
68 8 2
5 127 2
59 55 1
50 108 1
54 113 1
127 69 1
94 138 2
90 22 2
57 10 4
125 88 1
111 39 2
110 52 3
25 34 1
1 70 2
116 46 4
90 12 1
94 23 3
53 23 2
124 59 2
23 34 4
120 130 2
77 119 2
94 31 2
36 45 4
116 38 3
22 135 3
91 116 3
46 54 1
35 69 1
58 130 2
115 3 2
147 125 1
122 50 2
74 35 2
4 35 1
36 13 4
16 68 2
124 70 4
52 137 1
28 41 4
6 142 4
115 14 1
51 15 1
5 31 4
47 55 3
109 20 3
131 104 1
120 125 2
92 40 4
30 22 4
100 42 4
137 27 1
21 62 3
70 15 4
142 33 1
86 148 3
128 105 2
9 140 1
22 39 1
113 104 2
79 62 2
129 106 4
19 105 3
139 137 4
145 67 3
76 74 1
147 128 4
23 65 2
61 6 3
42 119 3
85 1 4
18 15 2
119 142 3
16 143 1
53 83 1
99 0 3
109 30 2
64 140 1
147 57 4
44 147 4
93 139 1
127 64 3
149 5 2
83 127 2
14 91 3
63 139 1
68 101 4
133 9 1
14 48 1
95 123 2
49 137 3
60 8 3
43 130 4
145 26 1
63 74 4
20 31 4
141 61 4
121 72 3
76 119 1
23 62 3
84 123 4
69 117 4
133 98 2
63 52 4
48 106 2
100 58 2
38 26 2
23 115 1
42 78 4
130 13 1
95 146 1
49 136 3
105 91 1
74 68 4
91 119 1
75 55 4
51 21 3
33 149 1
85 130 2
22 133 1
124 95 3
53 45 3
26 124 2
56 95 3
146 85 3
33 88 3
135 82 2
42 24 4
83 115 3
103 108 1
46 104 3
82 22 3
37 123 2
94 119 1
13 58 4
8 118 4
63 110 2
80 137 3
136 37 4
122 77 4
93 5 4
5 22 3
120 87 1
85 64 1
91 38 2
120 44 2
106 148 3
146 71 2
79 66 1
95 148 4
42 18 4
123 135 4
130 145 4
60 132 2
37 34 2
38 31 4
31 21 1
39 95 2
131 51 1
130 76 2
72 59 1
93 149 2
98 149 1
9 142 3
69 103 2
36 0 3
130 34 3
89 125 4
108 38 2
92 78 1
28 46 4
28 88 2
67 103 1
39 122 4
102 112 2
128 80 1
31 137 4
33 147 3
130 122 1
43 83 4
60 76 1
111 20 2
119 16 2
136 67 3
60 18 3
33 100 3
147 5 4
11 74 3
83 133 4
32 48 1
118 33 4
97 70 3
8 132 3
66 126 3
55 38 1
60 34 3
102 28 2
131 42 4
102 96 4
81 102 3
143 77 4
57 14 1
98 100 2
26 31 1
35 63 2
105 6 4
31 28 4
74 39 3
90 135 2
138 66 4
140 3 1
139 32 3
77 27 2
38 124 2
36 86 4
139 118 3
56 16 1
103 147 3
108 84 1
26 80 2
103 115 2
27 107 1
2 75 2
85 124 1
135 75 4
75 13 2
96 64 1
57 116 3
88 75 3
44 106 3
0 6 2
124 140 4
10 101 2
69 82 3
123 75 2
115 81 2
105 111 2
29 26 1
58 111 1
38 58 1
138 146 1
96 124 1
47 105 4
143 25 3
141 100 4
130 66 3
98 28 3
88 106 4
117 92 3
72 69 4
3 128 2
39 130 3
20 143 1
122 104 2
104 77 4
85 7 2
43 13 3
93 82 4
20 40 3
66 63 3
52 101 4
71 53 4
58 131 2
133 29 1
41 27 4
39 117 3
9 127 3
75 102 4
87 58 3
32 133 2
120 81 3
40 77 2
90 88 4
89 77 2
15 26 3
33 121 4
9 39 4
58 71 2
21 136 1
33 48 2
77 99 1
22 111 3
134 42 4
132 45 1
31 53 1
131 24 1
83 48 2
147 3 3
102 31 3
58 47 1
130 88 4
63 83 4
120 101 2
87 60 4
32 118 2
41 112 4
76 122 1
29 8 1
39 90 2
53 39 3
46 71 2
103 91 1
107 110 4
69 80 3
93 42 1
113 49 2
149 114 2
75 73 1
59 24 4
57 23 3
96 100 3
14 98 3
51 43 4
7 0 2
10 19 3
144 1 3
66 113 3
35 21 1
99 92 2
116 130 2
12 84 1
32 39 2
93 98 3
102 122 1
66 64 4
121 35 2
38 36 2
71 7 3
66 108 2
58 74 4
92 37 4
92 68 4
37 3 2
1 105 2
147 107 1
102 149 4
143 117 1
73 41 1
82 18 2
10 70 1
2 63 3
146 39 1
141 9 4
110 58 2
149 124 1
124 135 2
43 62 1
31 10 4
19 114 1
76 75 2
61 94 2
71 55 2
113 10 4
4 7 2
27 90 3
50 73 3
6 17 2
43 55 4
111 60 4
78 122 4
69 140 4
23 27 2
22 123 3
79 42 1
149 97 4
65 115 3
142 47 1
1 26 3
111 119 3
53 106 4
147 28 2
81 48 3
97 82 3
83 18 2
53 32 4
47 1 4
36 10 3
142 126 3
88 135 4
37 124 3
68 77 2
125 1 3
111 19 4
101 37 1
22 92 1
118 73 2
102 95 3
75 14 3
79 122 2
51 39 2
74 64 4
71 103 2
47 73 4
13 82 4
99 121 2
61 89 4
17 82 3
30 102 3
88 148 2
7 126 1
148 58 2
68 31 1
71 120 1
136 115 3
87 75 4
85 4 3
55 142 4
60 54 4
70 13 2
47 36 1
78 68 2
142 63 4
97 15 3
27 39 3
48 96 2
10 134 1
66 23 2
133 19 1
15 49 3
7 132 4
78 11 4
84 118 4
122 85 3
110 116 3
128 108 4
3 91 4
103 41 2
57 72 3
61 64 2
89 63 1
123 146 1
26 113 1
43 26 1
110 83 1
96 129 3
112 21 3
106 47 2
50 45 1
1 119 3
86 29 3
30 91 2
58 146 4
42 126 1
86 145 4
81 114 2
18 105 3
13 62 4
0 3 2
14 45 4
141 77 1
59 32 4
89 109 1
87 92 4
88 100 2
141 59 3
85 50 2
32 5 1
11 57 3
60 55 4
113 13 1
26 98 2
52 47 3
7 119 3
63 49 2
133 149 1
138 11 1
100 116 1
116 53 4
26 92 2
62 101 3
5 94 1
131 95 2
67 129 3
23 107 1
19 112 2
80 56 2
90 17 2
16 4 1
31 8 1
46 34 4
71 108 4
69 55 2
117 60 3
63 113 2
131 28 3
50 109 4
119 124 3
143 69 4
63 109 1
34 70 2
131 113 2
34 45 2
61 62 4
96 27 1
102 84 2
11 128 4
81 95 1
34 3 2
114 106 3
53 122 1
64 34 3
136 9 2
60 106 2
5 130 1
129 32 1
132 122 3
68 110 2
51 24 3
132 143 4
88 133 1
92 131 3
116 11 1
141 0 3
119 68 1
116 134 2
40 148 3
10 41 3
101 1 4
148 107 2
120 29 4
15 132 4
82 11 3
115 89 3
127 27 3
32 89 1
149 135 3
3 2 4
113 71 1
75 45 3
115 56 2
19 43 4
54 123 4
42 38 2
24 3 2
104 30 2
44 76 1
61 60 3
130 96 1
107 144 3
110 36 4
9 101 1
26 51 1
14 119 3
129 24 3
145 103 3
145 34 4
86 94 1
99 146 2
112 99 1
118 63 2
40 18 4
46 99 4
64 123 3
77 134 3
12 110 1
64 21 2
131 81 4
117 86 3
95 109 4
79 109 2
12 109 1
72 129 3
138 109 1
127 18 3
61 123 3
132 100 3
97 112 4
65 125 4
19 56 3
148 63 4
7 141 1
73 37 1
51 78 1
149 130 1
137 47 4
144 95 4
97 106 4
51 47 1
64 18 2
146 20 4
111 134 3
18 68 2
41 107 1
4 44 1
74 44 3
58 128 2
15 90 2
16 38 4
57 125 3
40 2 1
100 80 3
123 28 4
5 41 4
0 90 2
104 42 2
20 54 2
135 92 4
16 64 4
148 43 2
8 99 3
133 92 4
118 88 2
57 119 1
87 48 2
125 134 1
52 92 3
20 17 4
102 144 2
76 142 4
95 2 1
5 96 3
111 139 2
112 13 2
74 103 1
0 67 1
98 34 3
146 136 1
73 119 1
17 92 2
25 31 2
54 82 2
97 117 1
19 64 2
15 131 3
57 71 4
134 24 4
32 42 3
89 15 3
43 20 1
21 65 3
32 130 3
88 26 1
84 24 4
58 80 1
133 10 3
95 21 4
26 21 4
135 39 2
125 124 3
1 98 3
8 21 4
149 142 4
4 9 1
112 91 4
113 134 3
3 28 1
35 130 3
81 132 3
16 23 3
62 24 4
90 61 1
49 143 4
23 108 2
129 59 3
121 74 3
93 85 2
69 37 4
99 55 3
37 4 1
44 103 2
144 137 2
68 0 2
32 135 4
103 106 2
11 25 1
7 122 2
68 79 3
92 139 1
148 27 3
130 50 4
14 95 3
132 74 3
41 69 3
118 104 1
107 143 3
51 83 2
15 98 3
135 34 4
112 87 1
26 33 4
68 17 1
80 114 4
149 140 1
7 37 3
37 72 4
92 140 4
104 148 4
78 118 4
132 80 1
20 147 3
16 120 1
49 36 3
102 106 3
118 7 3
93 66 4
128 75 4
124 20 3
136 61 3
100 134 3
145 127 3
47 111 1
105 146 2
89 123 4
148 64 3
25 71 4
119 71 3
37 103 2
32 9 3
121 2 3
61 85 2
47 3 3
110 139 1
121 109 3
141 133 4
117 37 4
95 137 1
55 137 4
104 63 2
116 143 2
70 73 2
107 47 2
142 59 2
15 73 4
56 141 3
6 27 3
119 32 2
133 77 1
148 44 4
102 24 4
115 67 3
112 141 4
118 87 2
27 92 1
65 143 4
32 141 3
112 10 4
134 28 1
112 81 2
14 29 4
21 101 1
124 103 3
137 12 1
97 109 4
50 145 2
67 84 4
2 45 2
71 104 3
105 72 4
79 61 1
9 57 3
30 112 3
6 67 3
118 38 1
114 46 2
39 102 4
138 31 4
126 59 3
29 22 3
121 4 1
63 100 2
65 124 2
69 141 1
104 28 1
69 88 4
116 65 4
11 93 3
88 127 3
92 61 4
125 135 2
55 139 2
52 80 3
16 103 3
37 100 2
103 7 3
30 32 2
33 27 3
137 51 4
10 21 4
117 27 2
63 115 1
60 42 1
44 24 2
65 108 4
84 133 2
95 29 3
34 147 1
16 67 3
144 111 1
115 51 2
29 45 2
21 32 3
95 67 3
103 120 2
81 55 2
121 17 3
112 115 4
37 57 1
66 43 4
122 146 1
105 7 3
119 137 4
148 61 3
117 95 4
83 147 1
67 139 3
106 43 2
1 65 1
143 63 2
89 39 3
146 31 2
81 70 2
56 91 2
6 71 2
146 108 3
132 78 1
80 39 1
46 113 3
13 127 4
85 98 2
65 146 2
125 51 2
98 31 1
137 21 2
79 69 1
138 126 1
3 80 1
65 14 4
21 54 3
60 89 4
0 148 3
53 33 2
29 98 1
79 118 2
70 66 1
2 57 3
89 3 4
1 97 1
79 115 1
5 12 4
105 109 4
140 18 2
45 89 1
79 5 4
8 46 4
65 22 3
25 19 1
4 108 1
29 15 4
80 27 3
67 117 4
67 76 1
131 38 3
32 10 1
35 83 1
90 74 4
73 60 2
7 68 4
125 85 2
130 109 3
74 23 1
22 94 3
57 100 2
115 104 2
49 67 4
67 54 4
117 147 3
143 67 4
89 112 1
4 132 2
101 20 3
142 66 1
9 87 1
124 18 3
14 56 2
52 15 3
138 39 2
47 135 2
85 48 1
63 96 3
20 27 4
82 120 4
122 11 1
147 17 4
36 101 2
145 40 1
100 53 1
38 37 1
89 70 3
131 93 2
10 72 1
64 139 3
31 67 3
111 8 1
61 99 1
0 26 2
22 102 1
41 62 2
19 94 2
78 98 2
72 54 1
79 13 3
95 126 4
77 34 2
55 146 1
6 53 4
140 104 3
94 141 2
42 111 1
40 97 3
44 31 1
18 3 2
63 59 1
64 25 4
1 88 4
19 27 2
0 102 3
78 20 1
93 143 3
146 15 2
103 61 4
86 112 1
9 99 3
140 7 3
148 116 3
115 42 1
129 127 1
115 72 4
139 115 3
86 34 1
9 130 2
124 69 2
106 12 1
50 116 3
136 17 4
140 59 3
115 34 2
47 67 1
103 4 3
122 86 4
25 128 4
107 30 3
5 119 1
21 41 2
34 142 3
60 43 4
1 61 3
102 9 2
25 82 3
64 69 2
79 75 4
53 58 1
73 144 3
62 42 1
97 80 3
88 67 4
118 80 2
8 143 1
34 32 1
35 24 4
80 25 3
78 62 2
126 73 3
89 119 2
127 53 3
76 40 1
57 85 4
96 135 4
97 65 1
28 71 3
129 110 1
27 98 4
149 112 1
74 145 1
77 80 3
61 76 4
144 14 4
48 77 2
110 74 3
79 93 2
50 132 3
79 64 1
102 44 4
5 33 2
42 2 2
93 113 4
67 52 1
142 112 4
132 108 2
117 63 3
79 98 4
26 47 2
42 59 1
34 110 3
17 29 4
6 101 4
92 88 1
91 5 1
52 96 4
66 99 4
119 35 2
89 142 2
67 20 2
128 143 3
92 85 4
104 125 2
95 104 1
43 129 1
120 39 2
100 95 4
116 71 3
146 93 1
94 126 1
23 145 2
4 146 1
92 70 3
0 34 4
116 133 2
1 139 4
48 140 3
109 148 3
25 5 2
51 46 4
65 72 1
42 12 3
74 104 2
102 130 2
31 9 2
50 74 1
36 24 4
29 138 2
48 78 1
16 41 2
28 79 2
119 49 4
126 67 3
147 81 1
88 49 2
66 1 3
136 8 1
94 104 1
69 66 3
133 79 3
44 140 4
27 4 2
79 73 4
86 99 2
99 106 2
11 144 4
49 138 1
20 33 2
98 76 1
95 82 3
99 94 3
9 72 2
58 61 4
40 7 1
145 41 1
41 101 1
51 130 3
115 94 4
50 129 4
66 29 3
103 64 2
75 37 1
113 108 3
91 54 2
94 0 3
106 74 3
120 40 4
84 83 3
48 113 1
137 43 4
76 131 2
61 109 2
24 64 2
142 115 2
22 54 4
60 29 3
54 23 3
85 149 3
28 118 1
102 13 4
137 81 2
28 67 1
147 126 3
87 84 1
117 145 4
111 62 2
144 94 3
92 148 1
61 88 4
142 3 2
96 116 3
24 69 2
65 107 1
140 74 2
23 104 1
123 114 4
51 17 1
55 94 1
5 2 3
56 110 2
120 14 3
95 17 1
98 18 2
148 1 4
84 146 2
4 135 4
61 4 1
27 125 3
99 43 1
86 75 3
15 8 2
66 44 4
51 57 2
108 28 3
80 7 2
41 70 1
34 137 2
142 53 2
90 141 4
107 72 1
127 105 2
54 18 4
49 18 1
61 28 3
131 25 4
115 121 2
128 127 2
107 101 1
66 21 4
61 18 1
51 133 2
114 146 3
143 124 3
99 132 1
45 137 2
37 51 1
105 23 3
130 61 4
119 45 1
14 127 1
30 137 2
125 25 2
108 49 1
100 105 3
6 115 1
16 39 2
15 64 2
140 79 1
122 36 4
38 12 2
37 23 1
67 4 1
89 8 4
90 66 2
106 131 4
117 6 2
111 123 2
22 140 4
89 20 4
31 128 1
19 14 2
133 139 3
110 99 4
103 76 4
11 55 2
83 103 3
123 48 4
133 138 3
56 135 1
78 106 3
39 104 1
43 133 1
121 138 3
14 139 4
130 28 4
95 26 4
148 62 1
121 119 3
99 149 2
6 21 4
57 68 4
7 86 4
92 114 2
64 81 2
145 137 2
144 4 3
5 117 3
68 108 2
113 135 2
89 98 1
3 1 1
82 100 3
79 34 3
84 114 4
98 113 3
49 30 2
74 65 2
2 60 3
84 138 4
12 115 2
128 148 2
72 8 1
132 116 4
46 136 2
17 98 4
116 118 1
111 71 4
129 120 3
124 102 1
50 23 4
27 129 4
76 2 4
57 137 3
70 130 1
5 9 2
131 118 2
74 40 2
84 111 3
34 50 2
132 20 4
29 33 1
56 145 1
16 27 4
45 97 1
140 73 4
48 17 4
61 125 4
93 21 4
88 16 4
71 134 2
54 3 1
77 23 1
21 59 2
119 122 4
142 75 3
127 99 3
38 19 4
0 88 1
6 111 4
28 124 3
55 56 3
52 33 2
120 45 3
15 112 4
83 105 1
66 140 3
129 58 1
52 25 3
94 11 1
49 54 2
42 121 2
71 123 2
43 110 3
67 78 4
74 6 3
23 129 3
149 146 1
73 90 4
6 42 1
23 86 2
60 116 4
66 67 1
8 84 3
145 54 2
119 144 1
50 3 4
124 134 4
10 48 1
137 101 3
18 71 1
113 145 4
148 136 1
68 24 3
3 102 4
19 44 3
50 143 3
119 102 1
148 65 2
131 36 3
2 148 3
92 90 1
3 21 4
11 12 1
78 91 3
85 117 3
60 67 1
106 143 3
140 118 1
139 11 1
79 65 2
52 128 4
115 62 2
148 120 4
47 59 4
14 0 3
2 125 1
75 12 1
124 99 3
50 27 2
130 89 3
101 5 3
2 132 3
125 41 3
68 128 1
24 4 3
29 31 1
62 95 3
9 25 2
48 107 3
24 25 4
105 113 3
111 36 3
91 94 3
62 135 4
27 34 4
32 24 1
121 111 2
23 87 4
4 11 2
33 11 3
39 37 4
79 146 3
58 25 3
89 131 3
99 85 2
148 7 3
133 55 3
141 119 4
123 121 3
7 23 3
14 30 2
106 49 4
56 109 4
74 123 4
72 52 4
34 100 2
112 77 4
86 138 3
69 26 1
71 77 4
51 108 1
99 117 2
18 75 3
63 103 4
125 138 3
17 18 2
26 59 2
106 8 4
12 25 3
126 41 1
26 44 3
133 16 3
63 94 4
1 56 3
78 128 1
135 19 4
29 46 2
54 16 1
62 64 4
14 149 1
43 57 3
77 56 3
110 84 2
57 97 2
117 72 4
149 46 4
108 124 2
149 79 3
82 20 4
112 34 3
100 113 3
13 69 2
91 12 1
89 19 1
134 109 4
89 84 4
135 64 1
69 49 1
42 52 2
33 2 4
123 30 1
149 74 3
37 71 2
56 86 1
133 47 1
30 96 2
82 29 3
99 65 3
55 4 3
119 25 1
53 2 1
45 127 2
108 117 4
119 93 3
12 10 3
86 116 1
118 97 1
36 37 4
92 97 1
19 99 2
85 8 1
78 75 4
146 8 3
132 39 3
119 48 4
149 57 2
50 53 1
29 129 2
35 75 3
109 108 4
46 33 4
99 144 2
59 17 4
16 104 2
73 51 2
74 12 1
118 98 2
136 45 2
28 85 2
123 82 1
138 122 3
141 124 3
30 29 1
119 92 4
110 113 3
104 55 4
132 22 3
54 50 4
14 71 2
26 67 1
101 111 2
132 43 3
16 79 2
31 41 4
58 51 3
22 122 2
63 69 4
135 72 3
98 94 2
144 108 4
68 91 4
104 139 2
64 20 4
122 91 3
86 2 2
62 118 3
47 46 3
56 44 3
58 14 1
21 71 4
63 11 2
126 19 3
142 123 4
71 148 1
91 27 2
36 9 1
51 19 3
104 78 1
113 21 2
78 17 2
17 96 3
128 17 1
137 75 1
12 104 3
85 148 4
112 123 1
130 57 2
144 43 1
116 48 4
21 92 2
111 77 4
43 125 2
22 120 1
118 39 3
146 140 1
49 147 1
26 22 2
131 96 4
69 102 1
26 118 4
130 148 4
22 136 3
19 127 2
107 76 1
38 51 2
84 148 4
15 75 2
54 65 1
137 0 2
59 109 3
50 79 4
88 82 1
116 0 4
96 105 2
24 108 2
8 74 3
39 63 2
8 58 4
38 67 2
22 31 4
10 104 3
144 142 1
50 28 4
67 93 3
9 122 2
9 147 4
44 6 3
9 69 4
93 105 1
7 39 4
81 25 1
30 37 2
66 62 1
81 52 4
58 46 2
89 105 4
46 15 2
116 128 3
78 66 1
40 64 1
31 61 1
135 89 3
72 139 1
100 136 1
133 5 4
38 3 2
18 108 2
10 7 1
88 86 3
95 60 4
49 8 4
67 23 1
134 99 4
145 115 1
107 0 3
12 1 1
98 54 2
16 46 3
62 63 4
22 66 4
118 115 1
4 10 3
24 87 4
121 112 3
63 123 4
86 79 4
36 113 2
34 133 1
136 129 4
135 68 4
71 86 4
96 61 4
121 22 4
125 75 3
0 23 2
63 88 4
109 99 4
98 43 3
4 106 4
139 65 4
44 127 3
140 72 3
1 127 3
96 143 1
4 6 3
0 144 4
38 1 4
140 139 1
69 110 2
39 61 2
86 39 3
80 115 3
103 125 2
64 9 4
55 135 2
76 7 1
57 3 2
43 31 1
138 132 2
27 35 2
147 113 1
46 38 3
132 16 4
46 147 3
11 40 2
30 26 2
30 79 1
13 47 1
127 29 4
26 111 4
113 75 3
45 94 3
109 45 3
96 66 4
128 44 4
140 8 1
79 25 2
91 46 2
97 83 4
100 47 2
106 68 4
87 140 1
11 52 2
69 104 2
6 103 3
14 25 1
71 117 2
64 36 4
141 16 1
90 83 3
85 88 1
16 89 3
15 139 2
32 116 3
136 138 3
8 40 3
112 132 1
104 26 2
78 44 4
42 21 4
21 129 3
54 63 4
140 75 3
66 85 3
124 54 4
121 139 4
57 25 3
118 48 3
143 100 2
44 85 1
48 88 4
94 25 2
90 121 3
61 8 2
55 33 2
87 20 3
111 15 4
70 44 1
94 26 1
44 145 3
72 19 4
22 67 2
102 78 3
75 97 2
18 95 1
139 58 4
1 147 1
14 105 4
41 63 1
66 100 4
142 127 4
24 147 3
135 25 4
61 146 1
2 88 3
93 81 1
109 2 3
50 113 3
131 53 1
82 102 3
13 21 4
105 87 4
71 125 3
119 135 1
58 17 1
6 131 1
1 15 3
5 50 1
47 91 4
44 69 1
104 116 4
10 116 4
101 143 2
52 132 2
125 64 3
63 128 1
24 135 3
22 16 4
34 28 4
68 27 4
56 58 4
31 132 1
124 15 2
112 138 3
62 130 4
41 26 4
131 142 2
93 135 4
18 0 1
83 23 2
52 40 4
122 47 3
111 3 4
83 3 3
38 59 3
87 98 4
91 127 3
126 81 1
85 62 2
44 100 3
94 148 1
33 96 1
31 107 4
42 66 1
66 52 4
135 50 4
109 9 3
23 17 2
41 109 1
12 128 1
108 43 4
63 105 3
24 9 1
9 23 1
72 39 1
9 56 3
112 33 2
26 103 3
78 81 4
17 145 4
75 54 3
69 99 2
55 12 4
123 73 1
83 146 4
95 28 4
44 30 3
120 76 4
48 49 1
105 51 4
73 35 4
131 14 1
10 84 1
128 145 3
132 6 2
33 83 1
104 79 2
52 41 3
103 49 2
140 43 2
54 100 2
119 51 2
77 60 2
39 23 3
11 84 2
35 132 1
8 83 4
56 53 3
86 38 4
47 71 4
36 120 1
149 35 1
58 144 4
65 101 2
79 121 3
37 66 2
41 143 2
141 92 4
94 3 3
143 3 4
112 146 1
146 72 4
92 80 4
56 84 2
129 26 1
78 125 3
77 101 4
18 144 4
93 71 1
110 109 1
114 43 3
114 108 2
26 12 2
33 84 3
134 12 4
24 136 3
114 144 4
100 43 1
37 18 3
65 35 2
41 104 4
15 105 1
44 53 3
72 120 4
29 130 4
5 148 4
75 61 3
35 64 4
100 138 4
92 62 4
28 65 4
13 131 4
119 21 3
63 7 3
61 10 4
60 40 2
24 63 4
57 96 4
112 24 1
86 19 3
73 62 3
140 147 2
130 15 2
61 128 2
134 26 2
109 101 2
54 38 3
9 71 1
65 30 1
99 71 4
10 49 1
13 141 3
7 137 3
4 63 2
116 77 2
114 96 2
50 90 2
41 137 4
140 21 2
133 80 3
82 101 3
47 39 4
72 51 1
80 68 3
141 3 1
145 102 4
36 43 4
70 107 4
100 52 3
0 100 1
30 113 4
143 19 4
14 1 1
95 85 3
86 44 3
140 57 3
125 132 2
47 130 4
9 124 3
81 24 4
28 136 4
57 90 3
85 69 2
0 70 2
8 90 1
142 65 1
111 12 3
88 113 2
47 63 2
97 138 4
31 64 1
117 8 3
126 65 1
137 26 4
80 116 1
65 105 4
6 73 3
9 110 2
147 67 3
88 120 1
36 109 1
22 101 1
98 23 3
105 0 3
135 137 1
49 71 2
14 113 4
71 59 3
69 7 4
57 95 2
38 74 3
127 46 3
65 61 2
146 49 2
60 137 1
0 77 4
40 98 3
41 67 4
55 36 1
119 129 1
33 17 1
78 119 3
107 125 1
149 75 1
20 22 2
53 95 3
7 64 1
80 99 3
108 86 4
110 40 1
6 52 4
32 82 2
69 148 3
31 56 1
1 50 2
137 116 2
25 120 3
96 45 3
137 121 4
6 86 2
107 51 3
86 140 1
135 71 3
39 107 1
69 77 1
29 83 3
51 56 2
142 121 2
17 87 1
97 90 4
54 148 4
4 117 3
37 40 4
33 98 4
83 45 3
56 143 1
5 71 1
133 49 3
100 55 3
123 14 1
29 2 2
146 113 1
121 110 4
107 149 2
16 65 2
144 128 1
124 94 3
59 49 4
117 135 2
79 108 4
92 67 2
71 52 4
127 77 1
24 145 3
72 36 2
122 80 1
25 55 2
132 93 2
67 32 2
7 20 1
35 84 2
38 127 2
44 21 3
45 110 1
82 148 3
119 85 3
89 17 3
106 90 1
149 136 2
149 3 4
8 107 3
111 1 4
89 43 4
48 73 1
126 101 2
113 55 1
48 61 3
32 40 3
42 87 3
122 70 1
9 8 1
34 126 2
58 107 4
105 133 1
85 33 2
40 44 4
34 89 4
65 144 3
62 74 1
34 124 2
142 97 2
46 98 2
112 35 4
79 85 4
81 28 1
72 62 1
44 17 3
118 71 2
93 0 1
12 27 1
44 84 4
148 60 1
126 68 2
6 148 2
60 14 2
135 29 3
30 40 3
58 63 1
12 107 3
109 113 1
16 49 2
102 62 3
112 140 1
102 37 3
125 133 2
137 82 4
67 64 2
76 45 3
50 98 4
80 146 4
20 108 2
107 92 1
87 125 1
61 132 3
4 21 3
81 84 1
94 143 4
3 88 1
149 141 1
95 40 4
73 132 2
