5588 150
0 30 8
30 126 5
30 132 4
126 47 9
0 26 8
132 119 7
26 73 7
0 11 5
119 50 8
11 101 6
30 90 5
90 138 2
119 105 4
50 117 2
126 148 4
105 16 1
105 95 8
26 6 1
6 4 3
47 145 3
11 113 3
4 25 8
4 37 2
25 88 7
11 140 5
50 102 2
6 70 6
102 3 8
145 149 9
3 136 3
73 92 8
70 10 5
136 79 4
73 22 3
11 63 8
126 99 2
70 39 8
16 98 3
148 19 7
70 85 6
19 42 3
119 72 2
92 77 7
136 109 2
10 121 2
26 139 5
98 1 6
88 35 4
4 5 5
95 114 4
102 120 3
5 86 8
47 51 7
16 18 2
98 49 8
0 104 6
26 48 9
73 115 3
138 81 1
48 103 1
19 100 7
16 12 2
6 76 2
0 9 7
76 127 8
25 134 9
25 65 3
119 20 5
35 34 7
148 118 1
16 75 5
12 58 7
127 130 6
138 143 9
104 91 5
113 28 3
25 125 2
73 40 1
3 122 8
120 38 8
48 84 2
92 29 9
4 8 6
95 41 5
90 52 2
12 60 9
52 46 9
102 141 5
115 94 3
105 137 9
47 142 2
34 2 1
11 123 9
140 62 7
105 97 7
95 116 6
62 144 9
62 133 8
51 71 7
20 83 4
20 7 2
117 61 9
97 128 6
28 124 3
103 33 4
132 87 3
10 69 3
60 80 8
62 96 5
86 31 9
103 13 7
35 43 2
25 32 9
128 67 4
1 110 5
84 78 7
145 74 5
133 106 9
31 135 3
83 107 7
106 89 7
141 129 5
70 21 8
134 131 6
25 27 7
79 44 3
144 64 5
46 59 5
120 45 9
3 82 3
84 146 2
124 66 4
52 14 2
120 15 5
52 93 8
129 147 9
139 54 7
28 17 8
96 55 2
122 36 6
19 112 9
28 24 2
132 111 7
148 108 2
54 23 7
142 57 8
70 56 4
108 68 1
68 53 6
64 30 3
149 96 3
146 108 4
85 129 1
121 69 4
141 56 1
68 140 1
78 113 2
4 132 2
62 82 3
83 93 1
72 83 4
29 32 1
29 146 3
94 67 4
64 16 1
18 134 2
34 88 2
124 120 1
43 36 2
13 40 3
33 107 1
8 117 1
106 52 4
113 58 4
72 54 1
142 25 4
107 48 2
52 132 4
30 72 2
83 32 2
13 143 4
101 141 1
95 90 3
122 48 3
104 27 3
48 4 1
140 10 2
27 29 3
75 26 2
61 70 2
12 115 1
64 147 1
91 43 1
35 117 2
98 55 3
114 22 1
104 144 1
132 65 3
99 110 4
82 109 3
1 40 3
137 0 2
64 1 4
144 112 3
24 49 3
32 74 2
15 130 1
13 12 3
54 87 2
106 122 3
43 145 4
56 5 2
63 16 1
95 122 2
25 44 3
16 21 3
60 49 4
22 51 4
50 123 3
62 114 1
6 32 3
32 26 1
40 84 3
80 122 2
121 29 1
8 37 1
11 44 2
83 56 2
110 88 4
27 119 2
18 89 3
122 100 4
76 104 2
67 140 4
142 45 2
93 97 3
34 83 1
44 54 1
51 31 4
65 30 2
31 90 2
40 64 4
111 65 4
135 111 3
111 1 2
82 38 2
128 134 3
121 78 1
111 78 4
149 135 1
28 3 4
24 36 2
70 47 2
86 119 2
42 108 2
73 117 1
22 140 2
15 85 3
66 43 1
135 75 1
71 104 2
64 103 1
141 8 1
4 87 4
77 130 4
138 27 4
46 45 3
13 44 3
14 78 1
41 65 4
24 92 1
1 3 3
93 137 3
113 36 3
68 109 3
143 58 2
10 114 2
18 94 4
124 36 3
32 21 1
21 108 4
106 94 3
143 11 4
133 57 1
121 92 1
127 136 2
34 25 4
54 136 3
26 68 1
119 124 4
145 103 1
2 94 2
131 117 4
101 107 1
135 103 1
61 76 3
42 23 4
76 60 4
113 50 2
115 99 2
76 94 3
12 40 2
17 144 1
120 89 3
6 137 3
38 141 4
16 104 1
89 139 1
146 87 4
106 66 3
129 89 1
89 39 4
130 26 3
103 39 2
32 89 3
69 93 3
140 96 1
52 128 1
89 55 4
30 18 1
27 141 1
101 16 1
143 9 3
128 89 1
34 49 2
124 123 1
11 83 2
39 30 4
147 20 4
77 129 4
56 103 3
112 101 3
33 2 2
112 54 3
76 86 1
79 48 3
61 64 1
81 94 1
143 27 2
38 45 1
18 15 4
40 68 3
43 62 1
52 142 3
136 60 3
75 127 2
123 28 2
134 8 3
7 43 3
73 85 3
113 29 4
38 3 4
76 80 4
47 101 4
25 74 2
58 22 1
132 81 2
55 19 1
35 36 3
104 113 4
144 28 2
63 143 4
132 32 2
54 75 2
80 83 1
47 53 2
149 24 1
86 8 2
102 75 4
68 131 3
34 128 4
85 125 1
74 5 4
128 81 1
35 60 1
37 83 3
139 59 3
135 140 1
95 17 2
112 105 2
39 27 4
68 121 1
35 131 3
143 49 3
87 52 1
59 89 2
82 105 4
49 139 2
136 25 2
84 36 3
95 109 2
6 121 2
55 78 2
149 134 1
78 39 4
141 99 4
114 32 2
149 122 2
15 78 2
86 6 1
93 13 3
123 82 3
137 140 4
121 147 2
19 142 4
63 146 1
125 88 3
115 27 3
97 21 1
142 18 4
141 136 1
48 63 4
82 79 2
107 63 3
90 29 4
54 38 4
90 134 3
50 144 1
104 97 3
119 145 2
38 145 2
17 92 4
41 13 2
25 14 2
89 100 3
112 145 3
136 130 4
140 24 4
1 39 2
144 111 3
69 113 2
47 12 2
13 118 2
29 75 2
97 100 2
106 28 1
60 78 2
130 41 2
26 74 3
110 147 4
39 136 2
102 82 3
142 98 2
65 0 3
127 118 1
76 16 4
119 114 2
19 105 1
123 127 1
1 57 4
109 131 1
94 78 1
9 43 2
125 103 2
110 94 1
102 61 1
141 58 2
15 3 4
149 67 1
52 58 1
114 94 3
110 148 1
118 55 4
53 76 1
90 40 4
49 36 1
47 88 1
78 40 2
36 55 3
121 126 3
97 16 4
122 135 3
38 137 2
89 28 1
1 17 4
80 146 4
16 110 4
139 135 2
6 101 2
136 102 1
26 132 2
140 98 4
87 41 2
56 27 2
126 36 3
105 62 4
37 84 1
1 21 3
21 119 1
28 96 1
64 11 4
106 141 2
84 20 4
117 85 4
120 69 3
46 23 2
109 72 2
129 26 2
17 57 4
95 99 1
137 136 4
54 50 1
39 77 2
34 104 1
63 4 4
56 53 2
135 136 4
112 42 4
85 57 4
21 82 1
111 125 2
117 64 4
117 10 3
65 11 3
24 26 2
49 74 3
57 39 4
93 110 2
4 72 4
91 101 2
81 108 3
61 66 3
21 6 1
3 133 4
82 81 2
91 96 3
99 5 3
23 11 2
95 83 4
47 13 3
26 18 3
114 87 1
127 119 4
85 83 3
37 132 3
79 3 2
123 130 3
85 66 2
146 21 3
2 23 4
86 18 4
94 55 4
122 59 1
40 124 4
90 6 4
22 103 3
126 74 4
68 69 1
66 78 4
130 110 2
98 126 2
47 86 4
137 29 2
19 144 1
58 65 2
77 74 1
89 98 2
8 58 4
2 65 4
58 61 1
64 71 4
10 64 1
86 114 1
40 20 1
96 30 1
115 87 2
71 98 4
49 7 1
2 61 1
45 84 1
65 13 1
79 34 2
7 93 2
50 115 2
19 126 1
73 50 4
130 128 4
141 0 2
4 14 3
108 33 3
80 147 1
124 57 3
85 107 1
35 103 3
102 46 3
52 56 3
32 3 1
107 137 4
52 130 1
20 14 3
70 138 4
77 62 3
145 146 2
59 73 4
119 31 2
8 100 2
135 128 1
17 81 3
21 56 3
12 86 3
58 21 2
103 73 3
93 131 1
71 112 2
130 48 1
107 95 3
40 21 2
138 4 1
21 48 2
11 78 3
68 42 1
82 141 1
15 66 2
95 76 3
18 98 3
72 57 1
15 16 2
24 77 2
46 11 2
8 98 1
143 147 2
96 56 4
5 124 2
108 99 4
66 103 3
83 76 3
126 64 2
12 62 2
10 97 4
148 15 2
38 133 1
8 87 4
49 18 4
121 145 3
18 81 3
124 131 3
49 148 4
64 129 2
30 142 3
28 83 2
79 97 2
95 100 4
54 58 2
106 50 1
70 110 1
110 58 3
78 109 2
5 126 3
135 127 3
77 42 3
56 46 3
62 51 3
131 74 3
2 135 1
8 17 2
65 131 4
19 68 2
67 113 3
88 105 4
9 29 1
20 117 3
78 85 4
105 72 2
8 25 3
71 23 4
105 67 2
17 40 2
113 124 3
52 100 1
134 44 1
0 111 1
97 140 1
92 97 1
101 138 3
93 66 3
138 127 3
74 41 3
70 50 2
120 90 2
101 18 1
100 12 3
102 106 2
23 1 2
34 81 4
108 115 1
14 43 3
80 89 2
149 101 4
73 129 2
20 127 2
79 30 4
80 3 1
85 137 2
131 32 3
43 33 4
133 141 3
76 69 1
117 34 1
35 96 3
58 133 1
2 8 2
113 64 2
50 15 3
63 25 1
129 88 1
119 148 4
108 62 4
128 95 4
96 43 1
24 19 2
74 71 1
27 108 1
31 115 4
52 24 4
86 88 1
126 77 1
135 115 3
1 34 4
133 52 2
35 111 3
20 43 4
78 127 4
6 1 1
53 90 2
115 78 2
18 125 2
120 26 2
101 137 1
37 32 2
99 52 3
111 106 2
25 26 2
90 84 3
117 26 3
90 87 3
44 31 4
27 3 3
83 116 1
23 25 3
132 82 1
72 127 4
136 62 4
10 1 2
46 9 1
74 87 3
14 146 1
107 98 2
41 16 2
61 8 3
53 27 1
13 28 3
43 76 2
54 111 1
33 48 4
130 37 2
55 29 4
128 3 4
25 0 1
30 34 2
48 55 4
69 21 3
126 145 4
58 145 1
114 83 3
29 68 4
78 139 4
36 5 4
107 145 3
109 22 2
74 142 3
31 75 1
111 59 2
87 11 3
28 99 4
1 146 1
131 99 1
117 132 4
70 62 4
8 80 1
36 78 1
14 30 1
90 102 3
148 81 2
143 2 2
43 1 4
65 143 1
26 89 3
106 31 3
31 82 1
77 114 4
80 0 2
133 115 1
133 66 1
101 140 3
28 54 4
61 135 2
104 1 3
78 132 3
51 49 4
62 55 3
46 36 3
33 135 2
51 70 1
59 9 4
144 9 4
131 123 4
124 136 4
32 52 3
79 116 4
147 134 2
127 40 3
123 143 1
72 45 4
92 114 1
49 22 4
56 6 2
89 16 3
84 103 1
66 27 3
126 131 2
102 145 4
124 144 4
62 53 1
2 74 1
19 94 3
117 7 3
126 112 1
64 13 1
114 56 3
69 142 4
42 5 2
55 85 1
147 86 3
7 104 2
82 75 3
77 14 2
1 0 1
30 51 4
146 52 3
41 40 1
134 83 1
119 138 4
130 73 1
55 122 3
4 116 2
22 75 1
48 115 1
105 5 3
43 46 1
37 82 2
92 47 2
67 109 4
147 42 4
22 128 3
78 58 1
7 114 3
49 140 1
5 6 1
53 102 2
71 122 1
131 45 1
98 57 1
94 88 3
34 139 2
64 54 3
6 139 4
97 82 2
42 110 3
110 68 3
59 31 1
53 81 3
5 41 2
97 45 1
78 32 3
29 51 2
62 87 2
75 137 4
85 52 1
118 92 1
105 35 4
106 18 2
42 104 3
98 11 2
25 15 1
71 36 2
125 75 2
41 58 1
110 56 3
86 15 1
53 59 2
52 15 1
135 42 2
63 27 3
17 44 3
141 113 2
30 28 4
93 127 2
33 140 1
123 100 4
75 4 3
2 57 1
119 98 3
36 25 2
46 83 2
105 34 4
63 30 2
5 115 2
82 101 2
96 101 3
124 146 3
136 7 3
148 143 2
134 55 4
77 136 4
16 78 4
91 49 2
112 115 4
96 40 2
1 32 3
57 63 3
80 120 2
128 126 3
77 78 4
8 91 1
126 26 3
71 96 4
4 127 4
18 35 2
77 132 4
3 30 4
141 126 1
26 12 2
9 86 3
144 148 3
97 7 2
86 142 4
20 81 3
133 68 3
83 143 4
115 95 4
33 116 4
70 86 2
12 135 1
116 56 4
137 45 4
71 12 3
94 51 1
109 115 3
43 89 3
31 126 2
39 88 3
91 0 4
7 94 1
38 64 3
23 4 1
63 110 4
99 147 4
113 30 1
127 39 2
113 130 4
44 66 2
65 95 3
98 117 4
101 19 4
53 24 3
94 123 3
82 54 3
10 71 4
142 55 1
142 59 3
85 127 1
61 14 2
113 22 3
52 31 1
81 38 1
109 96 4
37 118 3
111 62 1
121 28 1
53 142 3
131 75 4
3 39 3
46 118 3
20 148 4
116 131 3
59 125 4
143 127 3
134 144 3
23 144 2
100 137 4
73 65 4
52 8 4
84 46 3
89 69 2
86 140 4
18 148 3
42 7 4
6 138 2
144 93 4
143 140 4
115 103 2
109 117 1
42 72 2
19 40 3
24 27 3
121 83 2
100 48 2
97 4 3
130 121 4
127 60 1
62 26 1
102 91 2
91 4 2
2 128 4
57 8 1
50 83 4
72 32 4
23 21 2
67 9 2
99 1 2
81 91 2
1 2 4
35 20 2
69 91 1
115 20 4
29 124 4
14 48 2
44 105 2
80 50 1
49 65 1
47 21 2
82 80 2
128 70 2
92 88 4
2 120 2
122 88 3
139 133 1
58 71 4
94 73 4
123 79 2
139 41 2
36 100 3
129 24 4
135 112 2
35 83 2
73 108 1
14 100 3
14 90 4
64 90 3
68 44 2
44 94 2
64 51 4
67 51 4
110 95 3
20 129 1
88 2 1
89 1 4
98 116 1
3 49 4
73 122 3
29 129 2
117 116 1
31 98 3
142 143 4
27 51 3
85 103 2
76 129 3
135 137 1
135 69 4
105 40 2
102 38 3
142 138 4
9 2 1
110 3 2
69 103 3
128 141 2
88 58 4
36 45 3
80 77 4
21 98 2
70 26 3
39 72 1
87 123 4
44 130 3
77 5 2
81 64 4
64 139 1
143 37 1
139 84 1
128 13 1
107 134 1
136 59 3
90 8 3
66 16 1
15 69 2
110 111 4
108 97 1
125 104 3
131 88 2
0 29 1
111 33 4
98 147 3
149 36 1
80 108 1
0 45 1
131 97 3
43 107 2
109 71 3
20 102 4
2 41 4
15 87 2
18 7 1
63 137 1
107 56 1
26 138 2
108 113 1
89 149 3
88 24 1
23 13 4
145 79 1
93 119 2
118 84 1
10 125 4
124 141 1
44 143 2
11 117 2
52 102 3
6 79 2
126 139 3
59 147 2
147 72 3
38 143 1
100 117 1
101 90 1
7 82 2
69 77 1
40 135 3
141 88 4
36 58 3
120 63 3
58 139 1
110 149 1
142 103 2
65 29 1
62 8 3
25 53 2
130 138 3
68 4 2
31 20 2
113 54 3
98 132 2
62 95 4
2 125 4
85 94 2
66 74 4
10 142 4
105 129 1
50 135 4
15 97 4
19 102 1
135 23 4
68 67 2
105 109 3
66 2 2
17 127 4
99 134 4
32 104 1
0 28 2
16 35 1
79 40 2
138 11 4
109 126 2
148 61 1
5 83 1
29 15 3
105 98 1
112 13 4
129 90 4
20 23 4
127 114 3
10 110 2
115 14 3
99 101 1
112 119 4
59 74 4
83 45 2
10 32 4
148 64 4
81 67 2
51 104 4
56 138 4
103 119 1
105 71 1
55 121 4
19 104 2
141 62 4
87 6 1
81 142 3
0 73 1
73 38 3
90 13 2
69 49 3
39 15 3
69 46 1
16 107 1
112 90 4
42 13 3
25 123 2
44 145 3
64 52 2
24 136 3
138 96 1
105 148 2
41 30 3
98 120 4
138 67 1
25 102 2
5 68 4
118 26 1
54 39 2
103 10 4
138 29 2
144 129 1
81 41 1
27 45 3
88 37 2
60 70 4
93 74 4
106 24 2
136 36 1
149 56 1
42 146 4
76 42 1
19 140 2
114 113 4
105 76 4
46 3 1
119 80 2
130 28 2
24 8 2
42 71 3
70 145 4
33 130 3
73 132 4
32 73 1
118 65 2
104 46 3
120 18 4
100 54 4
13 117 3
116 76 2
128 64 4
96 122 1
66 123 3
18 28 3
75 42 3
67 123 1
117 123 3
38 14 1
81 11 1
114 9 3
99 14 3
117 69 2
140 28 1
47 67 4
14 79 4
77 16 1
122 68 1
136 89 3
106 70 1
3 114 3
40 11 4
146 43 2
88 68 2
48 36 1
8 6 2
32 79 1
76 10 4
130 22 2
37 96 1
128 100 3
98 148 4
96 125 2
120 94 1
144 132 3
15 94 1
71 133 3
106 13 3
18 147 2
17 115 3
110 51 2
50 109 3
54 95 1
90 126 4
0 95 3
99 16 1
15 84 2
123 68 4
21 113 3
109 55 1
86 107 4
46 25 1
72 114 4
117 62 2
116 77 1
146 34 4
7 44 4
80 20 1
74 88 1
148 27 4
60 126 1
76 114 4
0 94 3
6 119 4
136 57 4
52 117 2
1 133 1
42 123 1
98 112 3
80 113 4
126 14 2
103 41 1
16 94 4
7 77 4
146 127 1
61 137 4
84 140 4
110 69 1
39 131 2
72 25 1
124 126 3
41 123 4
42 113 4
110 131 4
135 142 2
118 39 2
138 104 2
33 97 4
138 111 2
112 109 2
30 88 2
40 119 3
105 50 4
39 14 1
121 131 4
101 2 1
111 75 1
33 133 1
15 28 1
36 51 3
3 33 1
22 127 1
21 18 4
139 75 1
41 34 1
146 49 2
52 76 4
32 36 1
34 111 1
16 24 2
120 12 2
31 88 3
92 130 2
4 65 4
19 82 1
45 73 3
52 73 2
97 73 2
88 136 2
103 62 1
116 103 1
129 58 3
140 80 4
1 52 4
120 110 2
1 73 3
75 109 2
55 104 1
40 10 3
116 51 1
13 136 2
32 24 4
136 90 2
127 88 1
84 96 4
47 39 3
9 15 1
133 2 3
111 61 1
62 124 3
84 21 1
105 52 2
56 126 4
95 22 4
104 119 3
103 59 3
29 145 4
102 27 2
128 55 1
59 102 2
75 66 4
16 4 1
145 67 4
69 20 2
40 55 2
63 113 2
60 149 1
84 49 2
132 43 3
61 131 4
143 55 2
19 70 4
92 4 4
72 23 1
38 129 3
55 32 3
24 84 4
145 2 4
57 7 3
115 80 4
123 46 1
126 66 1
36 125 2
120 16 3
110 122 3
129 109 1
61 27 2
17 2 2
11 5 1
10 26 3
42 55 3
41 24 4
23 30 3
20 33 2
119 92 3
87 118 1
32 144 2
149 107 2
103 123 4
118 40 1
18 128 4
6 123 2
97 125 4
136 63 2
7 61 3
148 60 2
120 8 1
18 37 4
119 120 4
9 141 4
99 40 1
106 90 4
7 143 3
53 92 3
35 24 1
146 121 2
57 56 1
129 62 3
34 9 3
38 96 1
96 14 2
140 85 4
88 139 3
118 20 2
88 23 2
121 133 1
99 88 2
143 111 3
70 28 1
126 45 1
33 11 2
69 65 4
36 85 1
133 136 2
58 4 1
132 127 2
1 126 1
22 112 3
16 59 3
36 135 3
83 58 3
123 77 3
118 116 3
42 125 3
12 103 4
77 31 3
2 102 1
36 65 4
93 109 1
148 29 4
57 6 3
37 80 4
21 93 2
104 17 4
3 120 1
64 134 1
110 86 3
72 60 4
123 88 3
6 147 4
84 25 2
41 31 2
140 146 2
36 14 4
3 24 3
104 85 2
9 104 4
112 52 1
92 60 1
50 21 1
41 73 3
51 68 2
53 71 2
35 46 1
133 86 1
88 54 1
148 134 2
111 118 1
55 30 4
78 38 1
143 52 1
73 39 3
125 108 2
28 40 3
22 137 3
51 141 3
131 146 4
24 81 3
149 144 1
75 144 3
125 51 4
25 56 3
39 146 4
61 73 3
2 77 2
100 105 4
144 42 4
56 77 3
38 108 1
145 31 2
83 86 2
129 47 4
27 133 3
78 44 3
59 145 2
63 72 2
37 68 1
105 20 2
122 51 4
63 66 2
47 72 4
133 123 3
16 6 1
71 63 4
111 83 3
85 114 4
113 3 3
33 41 4
60 24 4
3 25 2
26 112 2
75 47 2
26 66 3
91 52 3
94 143 2
10 42 1
31 95 2
0 20 1
125 1 1
57 79 3
60 67 2
92 25 3
141 35 4
85 40 3
8 129 2
93 114 1
111 113 2
55 75 3
35 54 4
130 108 1
70 127 3
17 16 3
123 137 1
57 87 1
66 62 4
84 106 4
24 25 3
95 70 4
4 56 2
80 139 2
69 136 3
51 117 3
67 2 4
149 40 2
61 121 2
60 73 1
73 20 2
126 44 1
122 104 1
87 83 4
16 90 4
22 91 1
33 25 1
68 45 1
32 97 2
126 46 4
9 35 1
93 103 2
103 81 3
1 15 4
19 67 2
70 104 3
100 29 4
17 60 2
26 133 4
73 23 4
18 43 2
90 135 4
1 95 1
90 122 3
105 104 2
50 34 2
22 99 1
105 120 4
127 117 4
110 129 3
37 2 2
51 98 2
12 128 4
7 125 1
129 145 2
25 148 3
63 98 1
114 38 3
145 36 4
27 0 4
143 40 3
6 2 4
139 66 3
62 10 4
135 35 2
76 130 1
119 117 3
5 98 3
92 96 3
61 49 3
123 15 1
140 81 4
23 112 4
56 93 4
15 136 1
55 2 4
69 79 1
50 92 2
110 53 1
90 32 3
59 10 3
17 27 3
128 61 1
87 79 1
21 122 3
140 116 4
60 66 3
28 2 2
99 78 2
138 118 3
52 53 4
84 52 3
89 72 3
9 103 4
1 138 2
146 126 3
30 94 4
32 59 1
127 102 4
33 47 4
89 82 2
27 149 1
44 103 3
127 66 4
83 110 2
135 18 3
83 89 2
6 133 3
15 135 3
111 40 4
45 5 2
104 36 3
110 141 2
1 72 2
8 128 1
21 120 2
105 147 1
66 35 3
116 49 3
10 77 3
54 4 1
15 5 1
82 149 2
44 29 2
83 99 1
78 9 2
30 92 2
44 23 3
68 34 4
41 51 4
81 86 2
53 134 1
34 46 4
37 90 3
122 45 3
70 107 3
62 120 1
1 42 4
14 11 4
99 13 2
76 51 2
27 42 1
127 21 1
148 47 2
119 79 3
11 29 2
127 89 1
74 17 3
128 44 4
128 37 1
117 114 3
122 113 3
79 46 2
105 132 1
101 68 1
70 41 2
131 122 1
120 25 2
22 59 1
27 75 3
16 1 2
145 54 3
142 48 2
86 45 1
131 137 1
136 107 2
137 103 4
84 147 2
114 126 3
125 117 3
70 108 2
140 64 2
0 2 2
142 139 2
72 44 4
119 121 2
147 37 1
147 34 2
125 64 2
7 149 3
0 147 3
42 31 2
30 6 1
100 55 2
143 114 3
65 66 2
113 146 1
22 57 4
122 0 4
33 22 3
115 98 4
76 110 4
101 69 4
6 125 2
16 131 3
120 139 1
64 91 2
80 93 4
18 14 1
85 32 2
117 78 4
117 16 1
71 70 1
139 44 2
58 90 4
145 56 2
133 95 2
141 41 3
28 21 2
73 31 4
100 92 3
17 71 4
77 87 1
129 103 3
40 83 4
55 131 3
133 108 3
44 149 3
57 126 1
81 71 4
9 137 4
33 1 4
141 140 3
121 62 2
40 42 3
60 113 3
89 97 2
56 82 4
22 21 2
131 40 1
149 88 4
74 29 1
13 58 4
74 80 2
122 40 3
62 69 2
11 61 3
36 141 3
99 81 4
27 52 3
100 109 1
89 74 2
80 133 4
12 41 1
0 92 4
141 111 3
145 69 3
26 86 1
108 51 2
145 65 2
116 130 4
112 136 2
135 68 1
23 24 3
61 50 4
58 60 3
131 20 2
27 83 4
117 144 2
107 146 2
20 101 4
4 93 3
51 5 1
132 19 3
139 92 3
85 108 2
33 121 4
24 108 2
55 93 3
47 83 2
11 147 2
109 119 2
40 7 4
137 68 3
26 71 4
32 94 2
141 47 1
45 55 2
71 34 1
51 40 1
79 10 3
72 135 4
33 14 4
106 7 2
43 49 3
142 16 2
135 27 3
131 42 4
81 30 3
64 142 2
116 30 2
24 143 4
61 25 4
149 12 3
47 49 1
126 65 2
122 74 1
138 42 3
97 145 3
88 143 2
86 79 3
137 109 4
45 111 3
17 80 1
8 116 3
126 137 1
84 56 2
145 12 3
102 128 1
124 115 2
13 10 2
1 91 4
85 6 3
95 37 2
18 61 1
9 107 2
1 114 2
43 79 4
108 104 3
43 70 3
36 17 3
24 110 2
23 79 1
134 40 2
11 42 1
136 22 4
140 110 2
11 118 3
136 6 3
90 46 1
110 138 2
145 78 1
18 114 3
123 54 1
63 148 4
67 78 1
66 115 2
28 84 4
2 113 4
145 138 1
44 74 2
55 39 3
5 65 4
47 45 4
33 94 4
89 113 4
0 97 3
57 40 1
118 95 2
140 107 2
42 145 4
145 100 4
50 133 4
51 92 2
70 103 3
43 28 1
99 104 4
13 46 2
23 122 1
140 119 3
73 6 2
85 16 4
100 15 3
32 87 2
128 138 3
133 69 3
124 77 4
23 139 3
18 29 2
12 46 1
26 93 4
91 128 3
50 0 2
21 10 1
32 54 4
36 148 1
48 88 3
123 64 2
128 65 1
0 21 1
77 96 1
66 116 1
36 38 3
77 82 1
4 84 2
113 97 1
61 35 2
88 57 1
29 77 1
121 32 3
118 98 3
118 4 3
78 87 4
56 13 1
55 88 2
56 59 4
117 139 1
33 45 1
5 140 3
11 70 3
76 38 4
45 24 4
94 149 4
49 2 1
94 141 4
116 149 2
44 56 1
118 5 1
115 18 2
30 19 2
30 149 1
91 134 2
20 47 2
131 128 1
86 112 2
130 142 3
38 17 4
22 25 4
97 70 2
149 106 1
137 138 2
85 142 2
99 119 3
102 104 3
35 0 2
118 29 2
15 88 2
17 143 1
41 127 3
63 132 1
3 2 4
101 36 3
10 78 1
139 124 2
114 19 1
7 108 2
96 121 1
94 39 2
50 97 1
94 132 2
126 108 2
136 1 4
138 75 4
25 100 2
36 10 1
55 119 4
3 135 4
10 122 2
85 71 1
31 2 1
81 14 4
18 112 1
74 69 4
15 126 2
133 126 1
11 90 3
40 29 2
14 49 3
107 42 1
55 135 3
49 46 2
18 60 4
17 37 3
129 86 3
42 43 3
104 58 3
59 107 3
128 82 4
132 3 2
146 88 2
54 57 1
32 67 1
59 91 1
11 72 1
39 111 2
57 140 2
38 135 4
31 0 4
110 119 3
86 130 4
49 124 2
96 49 4
143 84 3
52 0 4
50 137 3
25 7 3
7 15 2
12 14 1
59 68 2
122 87 1
14 22 4
116 73 1
0 8 3
27 11 3
98 40 4
3 43 2
105 138 4
31 61 4
136 126 1
84 65 4
56 134 4
7 95 3
114 128 4
17 56 1
82 112 2
77 36 3
110 90 2
98 20 1
75 104 1
14 132 2
104 103 2
90 124 2
46 137 3
96 95 4
23 62 3
116 41 1
6 62 2
13 30 4
63 96 2
58 30 2
20 65 3
108 86 1
34 70 1
85 89 1
18 145 4
51 102 3
80 26 4
110 115 3
70 74 3
37 58 3
135 37 4
62 80 3
29 66 2
146 8 4
72 107 1
55 28 4
54 45 4
62 40 2
30 140 3
1 119 4
145 9 2
6 55 4
147 79 4
130 23 3
22 63 1
78 100 4
139 109 4
39 23 1
70 9 2
14 1 4
0 101 4
45 106 2
39 56 2
11 21 3
39 58 2
81 134 3
14 59 1
74 120 1
80 121 4
129 23 1
68 134 3
121 40 3
6 27 4
15 104 3
33 149 1
104 64 4
53 89 4
104 109 1
9 1 4
78 22 4
145 108 3
14 5 2
36 130 1
28 33 4
41 76 1
2 119 3
25 119 1
90 142 3
33 98 4
107 61 2
133 101 2
107 119 1
111 8 1
140 109 1
146 92 4
120 118 2
46 47 4
145 134 4
145 147 4
136 143 3
122 136 3
72 31 1
49 102 2
47 146 3
7 36 4
38 109 2
20 125 1
100 53 4
97 23 4
4 146 1
134 29 2
143 51 2
99 35 1
67 18 1
117 129 2
43 51 2
89 58 1
60 61 1
136 86 4
57 0 3
140 27 2
98 58 1
42 106 3
12 43 1
129 34 2
80 35 4
66 17 2
146 141 3
16 48 4
28 4 3
147 109 2
49 142 4
95 111 4
133 39 3
88 70 3
47 132 4
63 138 4
118 59 2
85 111 3
35 29 3
100 116 1
64 28 4
15 122 3
108 136 3
80 130 2
128 83 4
34 126 4
3 77 3
14 69 3
88 118 4
102 14 1
37 7 3
84 61 1
9 32 3
81 72 3
21 63 3
26 14 2
105 79 1
61 63 3
97 147 3
135 88 3
22 92 3
100 64 1
120 114 3
16 118 4
71 21 3
96 136 2
68 54 1
143 43 4
123 29 1
28 26 4
122 126 3
50 127 2
42 87 1
143 54 4
37 126 2
51 87 3
43 59 2
74 24 1
80 2 3
81 126 4
77 18 1
125 19 4
143 78 4
110 84 2
36 29 2
102 31 1
4 27 2
149 58 4
24 85 1
60 91 3
78 129 2
101 120 4
79 42 2
106 37 1
79 124 3
11 125 3
44 38 1
116 141 3
66 117 2
115 39 3
143 0 3
48 52 4
1 121 2
40 112 1
128 117 4
103 136 4
73 36 4
138 83 3
137 67 1
3 70 4
29 12 3
61 127 2
26 43 4
105 43 1
44 69 1
95 9 3
78 93 1
27 129 2
113 70 4
22 68 2
73 96 2
87 31 2
106 130 2
109 118 2
57 49 2
58 15 1
84 132 1
25 38 2
37 86 1
57 24 2
120 130 1
33 115 3
92 148 2
53 55 4
60 146 2
55 115 2
44 21 3
138 109 1
94 54 3
68 35 1
144 7 1
110 74 3
2 93 1
75 132 2
58 23 3
104 141 4
9 64 2
73 46 1
54 102 2
104 137 4
123 61 1
86 67 3
130 95 3
102 85 1
105 111 1
93 125 4
79 67 3
78 75 2
100 121 3
38 122 4
70 80 2
88 133 3
79 148 3
106 51 2
114 84 3
125 110 3
37 1 1
105 108 4
113 73 1
1 118 2
102 60 1
96 32 2
113 147 1
76 143 2
133 25 2
42 41 1
142 9 1
107 39 3
41 101 1
53 141 1
113 51 1
25 118 1
80 65 1
19 13 4
53 13 3
72 48 1
127 95 4
48 116 4
119 77 3
114 110 3
105 103 1
84 16 1
28 68 1
138 102 4
148 45 2
85 33 1
127 59 3
37 98 4
34 13 4
125 54 3
71 87 1
48 38 3
125 90 4
29 64 2
130 134 3
54 133 3
14 89 4
134 39 3
139 114 3
127 149 1
65 19 2
53 42 3
90 140 3
87 91 3
17 123 4
39 108 3
0 79 2
98 36 2
99 8 3
86 90 1
133 46 1
45 113 1
37 47 3
31 113 1
34 58 4
26 107 2
112 78 4
23 3 3
7 55 4
141 117 3
58 112 4
63 56 3
7 99 3
93 123 2
118 121 4
133 109 4
1 145 3
3 21 2
16 91 2
80 144 2
43 32 2
109 35 3
108 14 4
108 149 1
105 33 2
46 87 2
17 42 4
132 93 3
70 132 2
57 119 2
73 19 1
115 83 1
63 64 1
77 65 2
59 94 1
25 55 4
16 67 3
76 70 3
142 1 4
146 36 3
105 25 2
31 134 3
14 15 4
44 136 3
45 20 2
62 118 2
7 28 1
148 149 2
111 51 4
110 46 2
91 24 2
66 36 1
84 33 2
59 45 2
123 2 3
65 112 2
50 16 4
54 124 4
11 47 4
67 30 3
51 14 3
54 37 1
91 114 4
87 9 4
149 64 3
16 147 3
38 18 3
66 147 3
9 140 1
89 31 1
139 18 4
112 38 2
93 31 1
6 142 4
95 39 2
49 44 4
137 133 4
131 53 1
41 15 2
34 55 1
100 125 4
121 93 1
139 115 3
100 130 3
74 144 4
88 98 1
100 132 2
7 79 1
109 122 3
40 100 3
35 47 3
120 91 3
64 78 3
12 104 3
45 110 1
45 23 4
48 40 2
128 140 2
147 12 1
32 107 1
27 145 3
46 127 2
16 143 2
10 111 3
78 146 3
74 123 3
133 29 1
115 71 3
74 148 3
40 94 3
93 102 3
16 100 1
7 8 3
99 68 3
1 105 2
47 42 2
17 32 1
76 134 2
65 15 3
63 99 2
19 110 3
93 32 1
108 117 2
25 17 2
111 20 2
43 0 4
58 62 2
23 86 3
66 18 3
129 127 4
68 18 3
146 71 3
86 121 2
81 59 3
25 82 4
69 83 3
98 25 3
78 13 2
26 102 3
75 113 4
7 5 4
33 18 3
123 1 3
32 44 2
144 86 3
64 72 3
106 5 3
85 39 4
55 23 4
38 131 3
132 13 4
66 94 1
19 31 4
77 100 2
27 5 1
3 41 1
38 99 1
9 17 3
96 64 3
36 59 1
120 83 2
103 147 4
138 133 2
74 91 1
49 58 4
65 100 2
132 71 1
116 91 3
41 132 4
142 36 4
54 26 4
115 61 3
30 128 2
26 79 2
126 94 4
8 69 3
96 112 1
23 12 2
116 137 3
142 21 2
138 39 1
104 100 3
18 54 4
54 36 2
105 90 1
43 113 2
4 30 1
97 59 4
93 17 3
42 15 3
147 74 3
49 127 4
147 75 3
128 62 3
118 73 2
131 60 2
3 123 4
102 35 1
113 131 1
36 92 3
141 13 3
49 23 2
50 149 1
134 20 1
97 25 2
96 50 4
3 99 2
108 35 4
40 46 2
118 126 2
19 127 4
62 132 4
3 96 2
45 104 1
124 21 3
92 106 3
93 94 1
24 31 4
64 4 3
80 59 1
131 118 1
98 134 4
42 28 4
84 126 2
139 101 2
121 74 4
78 35 2
26 37 2
120 146 1
107 109 1
44 99 1
39 22 1
117 12 1
53 139 1
61 46 2
23 10 2
46 70 1
133 45 2
8 144 1
29 45 3
91 32 3
20 143 2
73 125 1
142 37 1
2 110 3
55 124 2
131 147 2
82 122 2
125 44 3
96 144 1
36 2 1
18 149 2
117 70 1
59 126 3
86 32 3
36 111 4
83 70 3
10 137 1
148 55 1
15 140 3
76 147 4
45 17 1
96 130 1
43 29 3
119 15 2
24 120 4
44 118 4
51 46 3
18 79 2
59 28 1
30 84 3
69 47 2
101 15 3
77 43 2
129 60 3
122 118 1
14 139 2
84 9 4
42 4 2
14 74 4
120 14 4
80 137 2
93 40 3
74 68 2
67 116 4
94 82 3
7 2 4
30 25 3
107 81 1
0 98 3
112 102 2
142 106 2
39 24 1
138 94 4
33 16 4
70 134 4
51 34 1
71 149 2
18 31 2
53 119 2
56 34 4
90 0 1
43 121 1
125 72 2
71 80 1
138 31 2
35 122 3
11 56 4
117 115 3
15 17 1
82 55 1
87 47 3
139 46 1
36 18 2
10 14 3
38 89 4
92 55 1
103 8 3
106 46 2
124 117 1
65 18 3
45 139 3
132 134 3
41 122 3
116 28 1
116 97 4
139 10 4
24 146 1
98 38 3
126 82 2
56 45 2
79 24 3
118 78 4
148 96 3
71 5 2
42 103 3
63 134 2
59 134 3
129 36 3
74 38 2
7 67 1
128 56 1
93 54 1
103 46 2
27 54 4
130 112 4
37 9 1
63 131 4
111 53 1
91 19 1
3 74 1
3 117 4
44 52 3
35 11 1
19 83 3
20 3 2
92 70 3
52 126 2
145 124 1
2 87 1
67 87 2
30 40 4
17 112 2
142 97 4
25 131 3
96 26 2
50 86 1
42 26 1
101 119 1
9 130 1
66 46 1
63 86 1
18 63 3
42 63 4
93 105 2
136 47 2
96 5 1
133 63 3
53 75 4
17 5 1
108 114 2
49 38 1
81 80 3
11 24 2
66 144 2
56 130 4
138 3 1
85 72 4
107 120 1
23 131 2
36 47 3
69 72 4
2 30 1
104 39 2
83 131 2
12 119 2
37 46 3
130 145 1
62 7 2
114 102 2
3 22 1
126 43 3
103 49 4
8 142 2
141 131 4
76 145 2
131 6 3
14 65 2
106 95 3
143 45 1
44 39 1
22 47 4
54 61 3
74 42 3
75 36 2
37 56 3
74 124 1
63 7 1
12 107 1
142 70 2
137 71 4
131 136 1
54 59 3
12 34 4
7 41 3
39 46 1
27 131 2
48 112 3
126 42 3
32 12 3
39 61 1
15 70 1
88 22 2
85 95 3
149 19 2
12 55 1
55 11 3
123 12 4
21 68 3
143 146 3
43 47 4
107 19 1
2 56 1
127 106 1
87 76 3
4 69 1
55 140 1
123 121 3
74 53 2
2 129 3
95 10 1
77 141 3
19 51 1
140 133 1
20 32 4
53 123 2
120 100 4
3 88 1
48 90 3
10 66 1
138 61 1
66 120 3
135 64 3
8 133 3
84 77 1
144 39 3
97 39 3
7 71 3
59 141 2
93 46 4
99 18 3
50 99 4
131 108 2
2 132 4
40 33 4
49 112 4
84 34 2
147 4 4
138 82 4
65 74 1
17 58 2
45 81 1
93 118 4
93 145 2
75 33 2
147 63 2
17 75 2
108 8 3
68 149 2
94 122 1
48 53 4
29 81 3
45 127 2
32 63 3
123 72 1
116 99 4
17 130 2
123 112 3
89 56 1
148 103 4
33 141 2
29 114 2
92 111 1
80 48 2
140 52 2
52 88 3
75 67 1
47 112 4
115 113 4
77 146 1
76 7 4
112 7 3
84 109 1
26 16 2
17 52 2
148 147 2
141 103 4
130 4 1
18 103 1
144 27 3
101 43 3
26 1 2
102 99 4
144 35 2
66 58 2
101 125 1
126 100 3
41 72 2
86 80 4
52 94 3
51 149 4
20 41 2
135 62 4
67 93 2
58 74 3
88 90 4
102 7 4
107 15 2
101 23 3
46 141 4
34 27 1
27 26 4
53 65 3
132 36 3
60 68 1
6 64 4
70 77 4
50 62 2
34 76 2
113 7 1
73 89 3
40 34 2
146 96 1
35 91 3
7 147 1
110 118 2
5 107 3
25 99 1
62 86 3
89 49 4
61 104 3
135 9 2
115 118 4
82 20 3
3 147 4
11 145 4
109 74 3
94 5 3
135 20 3
145 40 1
10 63 3
124 87 4
32 146 1
75 80 3
81 118 3
67 12 3
81 26 4
131 21 4
36 0 3
26 56 3
138 47 4
12 143 4
132 28 1
49 6 3
63 121 1
124 80 2
72 116 2
122 27 4
111 103 1
128 124 2
133 37 2
59 0 4
116 12 1
119 130 3
116 148 1
89 145 1
132 107 2
27 62 1
98 43 2
45 134 1
62 143 4
122 49 4
7 30 3
33 49 4
63 39 2
31 108 3
100 6 3
21 81 2
135 100 1
68 93 1
89 48 2
76 26 3
0 116 3
78 51 2
122 72 3
148 71 4
76 148 3
133 20 4
35 118 2
90 61 4
49 111 1
51 112 2
98 22 3
16 19 3
10 2 2
146 68 4
78 126 1
6 77 1
80 72 2
99 77 3
39 91 2
35 32 2
138 149 1
8 36 1
5 18 3
63 106 1
100 119 2
80 39 3
100 127 3
10 8 3
54 135 1
112 110 1
91 63 4
34 14 1
90 83 3
126 22 3
117 65 4
66 37 2
128 133 4
15 133 2
7 11 1
5 35 3
82 65 3
138 146 3
27 110 2
89 144 2
131 148 1
98 61 1
63 142 2
53 85 1
126 101 1
13 3 4
112 53 4
21 140 3
77 101 4
113 116 2
40 72 1
61 36 4
32 88 1
0 120 4
37 78 4
82 2 3
59 23 3
111 14 1
7 122 1
98 108 3
38 91 2
120 117 3
127 33 3
14 122 3
24 116 2
53 105 3
57 41 4
126 85 2
61 80 3
138 58 4
98 121 4
44 95 1
26 58 4
31 110 1
104 86 3
137 113 4
143 139 4
134 124 4
76 31 4
110 73 1
85 97 2
136 66 1
137 55 1
96 76 1
68 132 1
137 24 4
126 20 4
39 82 4
144 6 1
60 32 1
42 6 1
42 29 3
39 93 2
15 83 3
115 11 2
38 142 2
0 15 3
16 136 3
36 117 4
92 84 1
46 18 2
27 88 3
136 72 3
90 42 4
71 131 3
46 148 2
80 95 3
14 149 1
34 92 4
125 60 4
50 8 2
95 57 4
53 135 3
18 47 1
63 130 2
137 42 1
78 142 3
75 141 4
138 65 3
101 22 3
76 109 2
57 66 4
57 21 2
58 148 3
30 44 1
83 59 2
143 115 2
140 91 3
134 74 3
9 113 1
69 54 3
62 16 2
58 38 3
56 73 4
50 45 3
63 43 1
148 90 1
95 86 4
69 11 3
39 9 1
44 9 4
147 111 4
9 48 1
35 14 3
31 12 4
27 124 4
69 95 1
50 40 4
3 8 2
104 22 1
112 106 4
93 20 3
122 132 2
29 109 2
1 65 1
80 67 3
78 1 3
104 146 1
15 47 3
92 15 4
105 32 1
19 20 3
18 20 1
55 107 4
148 0 2
141 32 2
91 146 2
18 82 2
136 14 4
142 117 1
37 72 4
48 140 2
118 75 4
80 78 2
17 106 4
40 77 3
113 149 3
21 110 2
106 72 1
71 16 1
38 85 1
60 14 2
39 65 3
71 49 4
72 13 4
81 74 3
95 32 2
127 103 4
147 94 3
35 48 3
54 20 4
111 66 3
68 76 1
71 27 2
61 140 1
21 83 2
137 12 4
79 55 2
41 52 3
26 51 4
79 81 2
24 122 4
69 75 4
120 78 2
23 17 2
23 111 4
128 40 1
98 7 3
109 13 3
35 71 4
33 70 1
42 85 4
25 79 3
79 132 3
33 117 4
107 41 1
37 112 3
20 15 1
56 40 4
115 82 4
35 58 4
67 89 1
2 52 4
111 32 4
51 136 2
39 119 1
51 84 3
121 46 1
22 116 4
45 82 2
118 70 4
94 146 2
91 124 4
92 71 1
98 46 1
26 97 4
39 74 1
15 96 2
62 60 2
48 108 2
53 49 3
134 116 1
61 3 1
18 108 3
55 77 1
132 137 3
12 106 1
35 17 3
38 116 4
38 61 3
33 0 2
9 98 3
82 133 3
30 99 2
103 95 1
125 130 1
19 84 3
60 135 4
129 81 2
57 4 4
134 6 3
68 57 4
113 48 3
22 15 4
144 106 3
108 59 1
25 20 3
40 4 4
15 49 2
145 77 1
118 17 2
2 85 1
48 68 3
106 147 4
120 9 2
54 78 2
36 23 1
71 135 1
28 66 2
23 109 2
55 51 4
39 38 4
65 75 1
148 34 4
125 65 2
14 19 2
114 46 1
44 140 4
41 142 3
3 26 1
29 24 3
70 58 3
44 97 1
78 138 3
147 23 3
132 92 1
100 102 4
34 144 4
62 112 4
70 147 1
22 11 4
63 102 3
101 143 3
100 56 4
53 18 1
67 107 3
20 130 3
0 96 4
29 67 2
23 81 4
122 140 2
79 93 2
120 142 3
105 75 1
19 88 4
24 62 1
139 72 4
81 47 4
92 59 1
113 49 1
94 117 4
88 0 3
101 24 2
70 17 1
32 11 2
3 72 4
29 47 4
31 10 4
104 114 2
55 133 1
37 15 3
35 140 2
76 37 3
64 33 4
71 39 1
112 36 3
122 6 2
148 1 1
120 109 2
7 139 1
20 96 4
112 0 2
78 57 3
63 100 1
109 2 2
39 142 1
62 19 1
86 145 1
20 13 2
90 67 1
104 127 4
26 34 1
19 138 3
147 35 3
50 147 2
41 67 2
100 42 2
6 118 1
99 26 1
75 23 3
97 130 4
6 146 4
7 103 3
23 32 3
58 24 4
89 125 3
129 19 1
92 57 4
144 102 3
82 96 1
126 87 4
130 118 4
139 123 2
130 3 4
133 30 4
82 36 3
99 56 1
2 20 1
61 139 2
143 36 2
33 57 4
49 97 4
87 25 2
10 128 4
74 95 2
18 75 4
142 76 2
92 31 2
139 69 4
52 57 4
28 67 3
24 65 4
58 140 3
149 4 4
2 73 1
35 8 3
82 137 4
96 8 4
117 92 2
144 31 3
149 63 4
3 14 1
68 13 2
94 25 2
58 118 2
68 141 3
41 89 4
16 81 2
30 89 1
129 32 1
15 90 4
16 119 1
79 78 4
81 123 1
39 128 4
145 52 4
41 124 3
77 20 1
52 60 1
77 90 2
7 137 4
81 133 2
147 46 1
64 127 2
3 34 2
76 117 2
101 49 1
82 26 2
66 33 1
27 58 2
98 34 2
56 106 2
13 83 2
140 138 4
42 12 1
98 109 4
67 82 1
14 143 4
71 84 4
74 9 2
63 128 4
27 130 3
142 105 4
43 149 2
27 107 3
98 83 3
134 26 2
115 74 4
84 10 4
39 18 2
4 82 2
146 58 2
17 10 1
35 53 2
47 120 1
142 102 2
18 50 4
137 108 2
47 114 4
26 59 3
116 35 3
143 135 2
96 16 2
37 121 3
96 137 2
123 128 1
48 20 4
16 146 1
17 51 1
93 25 2
107 139 2
19 111 3
108 75 1
16 20 1
73 58 2
141 85 1
24 46 4
85 121 4
25 121 1
98 111 1
97 103 4
98 13 1
127 83 2
33 144 3
72 108 4
126 138 4
98 17 3
55 5 4
118 48 1
47 113 2
77 58 4
20 52 3
63 104 1
104 48 3
102 137 4
70 96 1
124 20 3
86 141 3
134 80 3
149 111 4
59 148 3
99 121 2
41 11 1
87 37 4
118 52 2
10 29 1
10 61 4
65 45 2
129 84 1
37 10 4
74 48 2
62 137 3
116 21 3
47 107 3
97 56 1
148 9 3
34 127 1
139 37 3
50 44 3
1 69 1
15 30 1
2 115 3
73 67 1
47 93 4
136 148 2
21 95 2
128 42 4
18 64 2
43 74 2
125 50 1
78 48 2
127 63 3
101 1 3
144 83 1
54 80 4
133 112 2
83 53 1
70 87 2
36 20 4
80 45 1
24 139 1
2 107 4
127 80 2
131 17 4
82 84 2
88 51 3
96 47 2
16 92 4
37 50 1
142 89 1
26 49 2
29 25 1
61 94 1
9 63 4
75 84 4
49 130 3
22 38 3
113 71 2
146 56 3
82 46 1
112 117 2
73 140 4
130 141 2
13 116 1
57 129 2
138 77 4
107 128 3
71 22 4
117 95 4
145 8 4
114 39 2
96 65 4
72 129 2
125 81 4
106 11 3
60 63 1
110 139 4
147 31 2
75 103 4
40 125 3
43 88 1
137 25 3
116 104 2
130 19 2
47 133 4
47 117 3
119 3 2
68 79 4
48 11 3
5 122 2
100 33 2
141 118 1
36 27 2
8 119 4
139 32 1
130 88 2
108 3 3
107 76 2
122 61 3
137 124 1
76 131 3
99 113 1
58 50 2
132 74 3
69 17 4
88 117 3
49 17 1
33 12 4
84 112 2
115 104 4
126 143 1
49 67 1
130 111 2
118 97 1
111 27 2
101 111 1
19 128 2
14 56 1
137 147 1
49 147 1
2 29 2
51 21 2
99 6 1
13 86 4
37 38 4
135 47 1
42 60 4
149 105 1
40 91 4
31 130 1
106 67 1
25 90 1
6 105 3
102 41 2
93 72 2
134 66 2
51 7 4
77 4 2
45 4 2
52 149 3
52 129 2
91 27 1
57 10 1
53 95 2
123 138 2
35 145 1
59 88 3
127 112 3
118 27 1
29 63 4
77 49 3
17 24 2
140 126 3
119 61 4
128 94 1
82 34 1
136 105 4
104 78 4
149 84 4
84 59 4
10 143 2
42 25 4
51 99 3
131 91 3
98 128 4
63 94 2
34 142 2
136 144 2
90 56 4
32 116 1
37 25 2
53 46 1
0 74 1
72 19 2
144 114 4
85 31 3
74 141 3
15 116 3
40 35 1
80 6 4
132 89 3
102 28 1
130 50 1
13 62 4
124 125 2
55 63 4
44 110 3
85 143 2
7 26 2
71 41 4
97 65 4
56 64 2
112 5 1
7 34 2
142 140 1
134 5 3
76 17 3
13 126 4
12 131 3
53 50 1
12 24 1
15 34 1
131 41 1
18 90 3
38 110 2
101 146 1
92 39 4
100 67 4
116 108 3
121 17 3
65 54 1
90 9 3
102 122 4
18 131 1
114 136 3
30 62 2
42 133 4
112 146 3
134 42 3
117 72 4
52 47 4
123 116 1
144 131 3
93 50 1
131 94 3
13 4 2
6 63 4
0 125 1
116 133 2
63 74 1
30 22 1
53 140 1
47 84 4
65 44 2
108 58 3
47 32 2
90 24 3
130 66 2
91 145 4
52 50 3
138 139 2
58 25 2
53 14 2
121 88 4
142 77 1
141 91 2
85 61 3
25 141 3
127 133 3
142 3 1
65 3 4
62 107 4
99 85 3
64 49 4
33 17 4
76 98 3
78 131 1
9 122 2
85 27 4
12 17 4
38 43 1
145 55 2
88 10 1
44 107 3
87 102 3
131 106 4
138 68 3
18 146 3
38 10 3
57 36 1
91 88 1
72 35 4
76 54 3
118 142 3
4 100 1
149 109 4
108 47 1
64 102 4
55 10 2
106 62 3
71 47 3
16 148 2
62 98 2
17 26 2
118 74 1
93 101 1
23 9 1
36 134 2
75 116 2
41 83 3
136 55 4
103 58 1
116 70 3
137 49 2
56 47 3
48 77 2
4 3 1
23 83 1
27 125 2
131 101 2
143 32 4
130 58 2
89 110 4
75 57 2
135 44 2
14 116 1
80 126 2
139 0 1
59 27 3
35 70 1
73 3 1
16 109 4
134 75 1
0 83 3
61 59 3
56 142 3
140 114 3
40 75 2
92 79 2
136 80 1
14 105 3
3 40 4
130 35 1
21 96 2
33 146 4
131 114 2
117 41 4
80 64 3
145 94 1
84 27 2
148 125 3
94 127 4
92 137 1
105 63 2
11 58 1
8 67 2
95 59 3
70 82 3
119 116 1
20 91 2
32 51 2
131 140 1
78 90 3
29 85 4
50 22 1
140 95 3
148 107 2
138 93 4
84 76 4
121 95 1
138 52 1
101 94 4
93 76 1
91 107 2
76 20 3
34 93 1
142 73 3
104 145 3
64 82 1
38 146 4
90 118 1
123 56 4
21 49 3
149 123 4
141 21 2
37 138 2
115 106 1
81 73 2
110 8 1
120 93 2
47 27 4
4 107 3
17 139 3
1 49 4
119 37 3
64 24 4
1 22 3
139 81 2
105 124 2
33 55 4
148 70 1
2 14 2
124 42 2
139 52 1
24 10 1
105 36 3
50 78 3
117 118 3
31 35 4
73 120 3
14 94 2
105 45 3
25 126 4
0 110 3
131 50 1
39 0 1
139 132 2
3 59 1
116 10 3
4 126 2
131 132 4
1 140 1
16 30 3
110 49 2
25 103 2
90 22 4
45 116 2
119 122 3
8 33 4
84 74 4
36 19 1
64 2 3
94 111 2
133 28 3
64 8 3
52 33 1
102 139 1
11 111 3
22 66 1
88 79 2
112 121 2
54 121 1
8 20 2
109 11 2
16 121 3
37 101 4
94 137 4
84 6 4
129 11 4
132 83 3
117 31 2
120 7 2
18 87 4
62 59 4
75 9 4
128 143 3
37 20 3
97 42 3
141 71 1
65 137 4
113 119 1
52 13 1
62 83 1
149 21 2
61 132 2
69 24 2
137 143 3
23 19 1
68 58 2
128 45 4
92 54 2
67 45 2
25 127 4
20 90 3
141 78 4
139 15 3
23 67 3
60 89 3
63 23 2
42 2 3
32 41 4
75 30 3
85 105 3
9 129 2
38 13 2
89 115 3
42 46 1
62 88 4
129 139 4
90 121 2
12 3 4
29 31 2
141 49 2
148 73 3
19 22 4
5 146 1
31 25 4
63 87 3
93 99 4
11 85 1
2 84 1
91 17 3
121 58 3
21 62 4
77 131 2
30 20 2
98 60 1
46 88 3
33 148 1
114 16 1
124 142 4
57 141 1
92 32 2
91 138 2
132 23 2
64 60 2
49 10 3
72 126 1
116 20 1
34 135 4
8 11 3
11 86 3
126 35 4
90 33 3
101 14 3
48 37 3
37 107 4
134 14 2
44 40 1
91 44 4
105 146 4
57 148 2
128 69 3
131 64 4
29 46 2
85 34 4
123 38 3
113 117 1
55 84 2
112 142 3
111 73 1
67 130 2
80 53 2
83 103 2
135 59 3
146 134 2
71 99 3
126 73 3
82 50 2
23 29 3
123 80 3
81 83 3
136 98 2
93 113 3
109 61 4
5 111 4
123 113 2
131 34 2
89 64 1
119 18 4
131 73 2
55 46 1
76 99 2
56 115 1
103 3 3
142 42 4
144 126 2
105 31 1
58 40 2
54 116 3
91 85 3
88 116 1
1 84 2
62 94 1
39 5 2
58 14 1
118 106 4
16 25 4
84 23 2
15 12 1
29 5 4
119 75 1
85 130 1
113 142 2
105 59 4
137 129 4
131 13 2
50 111 3
11 3 4
101 35 3
14 130 1
79 139 3
47 73 4
119 143 2
96 83 4
120 51 2
149 136 4
37 36 3
113 41 1
89 117 3
142 116 1
98 133 3
72 66 4
97 91 4
58 29 4
97 126 4
96 139 1
35 73 3
63 40 4
0 89 4
26 145 3
27 50 2
124 81 1
70 144 1
11 142 1
139 22 1
46 6 1
15 112 3
70 139 4
35 39 1
114 79 1
84 134 4
26 31 3
117 75 2
79 77 4
114 88 2
12 102 1
16 106 4
110 30 2
134 73 1
1 102 1
13 59 4
86 0 4
86 64 2
10 0 4
80 40 1
28 80 1
50 25 2
124 103 2
144 120 3
21 132 2
106 145 3
119 29 4
41 135 4
24 104 3
83 10 2
12 91 1
86 149 2
112 104 1
79 54 2
127 43 2
126 8 3
65 55 2
90 108 4
50 84 4
49 121 1
1 29 2
125 29 3
12 101 3
37 6 2
45 19 3
13 48 4
140 45 2
144 43 3
15 23 4
24 131 3
48 86 4
5 92 3
134 102 1
137 33 1
56 31 3
76 108 3
73 71 2
69 30 1
99 64 4
9 38 4
13 107 2
60 117 1
85 122 2
59 79 3
125 28 1
135 138 2
35 90 2
100 0 4
76 92 4
86 65 1
101 50 4
92 67 3
29 94 1
144 51 3
141 89 2
17 68 3
33 31 4
22 24 1
95 60 3
128 57 2
93 148 3
45 85 1
118 82 2
142 125 4
26 103 3
115 41 1
45 49 1
65 104 3
71 95 1
36 11 4
9 123 1
34 73 4
52 113 3
121 41 3
82 15 2
79 56 4
24 75 4
33 53 1
103 38 1
43 147 2
4 114 4
107 121 2
121 48 3
108 132 1
114 8 1
3 118 2
50 38 2
62 71 2
11 30 2
77 73 1
16 145 4
100 24 2
117 81 4
44 0 2
53 108 1
37 30 2
90 55 4
107 114 2
88 103 1
59 132 1
49 88 3
104 133 1
4 101 4
62 127 1
36 15 4
42 61 4
132 142 1
145 122 4
58 0 3
87 108 3
34 119 4
15 43 4
88 101 4
92 143 3
20 4 1
81 51 4
115 128 1
18 130 4
46 92 3
89 62 1
115 107 1
100 85 2
41 68 4
39 51 2
22 121 1
38 118 1
21 25 3
141 40 4
6 69 4
110 64 2
17 39 3
3 86 3
122 144 4
109 88 4
31 67 4
88 66 4
31 57 2
74 112 3
55 102 1
23 116 2
63 47 2
30 86 2
61 5 2
78 95 2
114 44 4
30 17 1
84 14 1
132 1 1
109 70 2
87 23 4
56 112 2
86 59 4
3 109 1
46 63 3
95 55 1
43 123 4
29 122 2
144 127 2
135 26 2
96 23 3
107 78 2
42 82 3
53 22 2
70 22 2
33 79 3
22 29 1
11 31 4
100 50 3
26 94 3
119 131 2
97 28 2
106 35 2
146 7 4
53 54 3
117 97 1
92 93 2
138 144 4
7 24 4
141 108 2
120 75 1
18 104 2
43 75 1
22 60 1
124 7 2
87 12 4
89 109 2
79 36 3
46 14 4
117 48 3
30 57 2
42 139 2
89 63 4
114 20 4
28 10 2
74 55 1
132 141 1
10 90 1
144 48 1
47 123 1
77 44 1
7 101 3
46 143 2
111 86 3
72 103 4
114 103 4
129 13 2
77 143 4
18 129 4
120 30 4
144 107 1
40 109 4
11 76 2
44 36 1
79 80 1
147 14 2
73 82 4
138 13 1
108 2 4
128 120 3
61 118 1
113 100 1
110 71 4
19 131 3
7 69 3
94 108 1
98 86 2
32 106 2
103 74 1
9 125 2
121 3 2
67 119 1
100 93 2
68 64 1
133 4 4
22 145 3
3 97 1
148 2 2
69 109 2
0 113 1
84 3 4
98 130 1
10 3 3
101 95 4
16 87 2
125 16 1
122 13 2
115 141 3
98 53 3
51 146 2
135 29 2
143 73 4
24 147 3
80 34 1
13 88 2
33 15 2
114 121 3
26 127 2
0 12 1
65 139 3
125 123 2
80 69 3
27 15 2
27 18 1
116 57 1
117 0 2
114 82 3
109 0 3
30 42 3
73 5 2
68 106 3
123 95 3
137 144 2
14 144 1
106 69 3
42 49 4
21 105 2
82 100 3
133 70 4
32 123 3
88 83 3
3 69 4
1 76 2
117 133 1
130 62 2
71 140 2
74 12 2
61 87 2
89 22 2
100 139 3
38 134 1
33 26 4
92 65 2
63 33 3
103 53 2
102 73 4
136 140 3
14 32 2
56 19 3
2 86 4
9 77 1
8 84 1
62 52 3
147 88 2
11 17 1
123 90 1
70 14 2
82 108 2
50 2 3
60 10 4
144 141 1
104 23 1
22 100 1
100 87 4
83 149 1
4 12 3
13 101 4
48 136 2
44 116 1
33 136 4
86 4 4
91 82 1
33 24 2
65 124 3
142 123 1
28 93 3
108 45 1
94 71 4
81 19 3
17 114 3
18 110 4
42 18 4
57 111 3
146 128 3
126 107 4
97 96 4
118 2 3
27 38 2
30 134 1
80 125 4
10 67 4
24 99 3
93 61 3
18 56 1
148 3 1
147 22 2
29 38 3
131 87 2
71 56 2
127 51 3
137 106 4
19 44 4
27 90 2
133 72 1
127 116 2
33 44 1
83 66 2
60 104 2
14 148 4
127 28 2
123 34 3
110 11 4
67 6 1
138 25 3
110 142 4
102 77 2
55 110 3
6 44 2
137 86 2
109 28 3
36 121 1
44 51 4
105 94 1
116 135 2
58 128 1
137 5 2
53 97 1
78 71 1
39 40 2
117 54 2
42 57 3
17 101 3
23 138 1
97 8 4
40 126 4
19 10 2
132 66 1
47 140 1
130 40 3
30 24 1
42 58 2
137 148 2
116 47 4
109 5 1
107 82 3
59 6 4
83 2 1
100 141 1
99 2 4
19 53 3
18 113 2
23 108 1
92 18 1
107 90 1
80 66 1
116 50 4
145 24 4
89 122 4
83 117 2
149 146 3
103 63 3
34 95 3
21 103 2
73 10 3
128 96 4
121 45 1
125 116 4
59 71 4
16 49 3
2 100 2
114 74 4
113 53 4
10 15 4
21 139 2
102 47 1
105 87 3
78 119 4
113 26 3
3 144 2
101 51 3
128 139 2
50 71 3
129 51 2
72 18 1
82 134 1
117 102 2
24 73 4
15 125 2
1 60 1
22 107 1
71 3 3
2 58 2
57 104 3
67 3 3
105 145 1
4 80 1
46 130 3
1 8 4
84 43 2
28 90 4
38 77 2
81 50 2
114 35 1
111 89 1
4 17 2
47 94 2
145 63 2
56 49 1
146 144 2
70 53 2
95 48 1
110 54 1
57 43 3
55 54 1
85 5 2
53 20 2
89 46 3
43 50 2
26 13 4
61 88 1
44 146 1
49 133 2
111 102 2
130 53 3
33 37 4
31 55 2
60 11 1
138 115 4
22 4 1
46 145 2
87 45 4
20 138 1
19 139 3
48 145 1
130 78 2
84 145 2
147 125 1
112 107 1
113 88 1
7 96 2
16 130 2
48 70 4
76 77 3
88 119 3
60 147 2
92 3 2
30 123 1
73 14 3
60 5 3
119 22 2
14 13 2
22 96 1
33 124 3
58 147 4
28 78 2
129 130 4
77 15 2
148 11 1
141 114 2
43 16 4
97 135 1
51 79 4
148 129 4
28 79 4
41 39 1
122 79 2
98 104 2
81 96 4
36 110 3
129 102 2
87 73 4
134 120 4
118 51 4
35 41 1
16 14 1
5 80 2
5 59 1
26 46 3
108 78 2
59 77 1
147 115 4
125 137 3
123 23 3
12 64 2
87 26 2
5 54 4
111 100 4
28 74 3
140 66 2
68 1 4
57 139 3
111 77 1
79 89 4
134 21 2
48 47 2
41 96 1
81 119 3
31 148 4
5 117 4
7 39 4
91 21 3
67 139 1
44 122 1
82 66 2
20 71 2
25 49 3
67 40 1
137 36 2
93 44 1
97 95 3
112 140 3
111 133 1
18 141 2
35 123 4
72 88 4
74 117 1
38 8 2
57 80 2
40 2 4
91 33 2
117 93 4
39 81 1
71 65 4
98 59 3
99 43 4
6 98 4
115 102 3
40 45 3
90 128 1
57 53 2
69 12 4
76 30 4
11 135 4
111 4 2
100 43 4
22 120 2
141 134 1
39 76 1
94 3 2
23 115 1
31 132 3
139 48 3
80 143 4
108 36 3
79 125 2
67 103 1
140 115 2
149 128 4
14 104 3
142 71 2
20 72 2
143 3 1
52 35 2
128 27 3
7 89 4
110 26 3
124 12 2
139 103 2
132 125 3
140 127 3
19 35 2
97 101 3
95 30 3
5 66 2
70 72 3
27 136 1
65 129 1
60 128 1
77 30 3
24 72 4
9 112 3
87 39 1
17 122 4
5 70 4
79 142 3
147 93 4
92 66 3
53 101 1
0 127 1
107 92 1
109 94 4
9 45 2
52 109 2
123 122 4
124 70 2
93 16 2
134 100 2
136 58 2
1 71 4
38 65 3
73 9 4
76 33 2
88 5 2
21 33 4
143 100 3
116 105 2
31 116 4
2 91 2
147 117 3
85 88 4
57 91 1
5 22 2
78 6 4
140 6 3
9 96 1
44 15 3
124 102 1
23 33 2
126 119 1
77 88 4
32 45 3
135 123 3
148 67 3
23 40 1
6 45 2
18 123 1
71 77 2
124 19 1
35 85 4
141 54 2
146 130 4
68 124 4
76 46 3
10 94 4
34 100 1
33 147 1
36 60 2
61 48 3
73 137 3
96 60 3
133 87 1
113 110 1
120 43 4
74 108 2
3 124 1
14 128 3
104 120 1
70 94 2
95 84 1
9 61 4
57 58 3
7 105 2
130 135 3
93 51 2
79 70 1
118 143 1
85 50 2
31 66 1
135 7 1
119 74 4
99 69 2
1 109 1
79 37 1
73 149 1
142 75 1
11 15 2
138 88 3
117 38 3
104 147 2
90 26 1
102 80 4
35 27 4
30 98 1
137 122 2
145 80 3
93 95 1
126 116 3
54 19 1
32 0 1
69 148 1
104 56 2
102 48 3
147 2 2
78 26 3
44 101 4
140 124 2
22 62 4
114 45 1
6 19 2
86 28 4
62 5 4
104 52 3
105 69 4
8 89 3
100 91 1
2 24 4
137 18 2
42 50 2
56 121 4
32 53 2
133 113 3
76 25 1
0 135 1
31 63 4
60 57 3
25 81 3
6 94 1
2 62 2
115 130 1
13 8 2
8 16 4
109 51 1
32 66 3
42 38 2
116 90 3
101 144 2
96 105 2
122 50 4
113 125 4
41 60 1
55 103 4
130 132 4
32 101 4
34 20 3
89 4 1
130 117 2
111 97 1
46 125 3
99 103 1
89 19 1
91 109 1
30 130 3
37 136 4
134 13 1
27 55 3
111 42 3
146 31 2
7 80 2
50 69 3
49 28 4
101 98 4
139 35 1
46 44 4
121 110 4
128 33 2
105 0 3
26 55 1
92 128 1
19 12 4
118 34 4
31 5 4
132 102 1
92 38 2
91 132 2
76 79 1
102 74 1
6 52 1
97 38 3
57 105 3
23 106 2
137 30 3
142 127 4
93 8 3
98 135 3
147 52 3
61 22 2
15 128 1
15 118 3
7 27 3
121 57 2
144 10 2
111 47 2
20 1 3
74 4 1
55 59 1
50 59 3
112 8 1
114 105 3
76 137 1
86 125 2
62 33 1
137 11 4
94 1 3
100 59 3
80 38 3
106 36 2
9 117 4
57 137 4
107 97 2
84 113 4
48 62 2
118 128 2
68 89 2
53 5 1
113 39 2
48 111 1
142 0 4
43 24 4
68 143 2
8 9 4
81 58 4
37 77 2
147 32 2
123 13 1
48 22 2
47 122 3
9 40 3
58 7 2
27 8 3
32 38 2
60 48 4
85 79 4
125 12 2
75 92 3
40 106 2
119 41 4
17 79 2
98 35 3
90 34 4
23 18 3
143 131 2
91 73 4
1 92 4
38 147 4
146 139 2
45 89 1
47 62 4
148 142 4
123 109 4
125 92 4
79 62 2
115 29 4
24 15 4
124 101 4
117 30 1
55 17 1
127 24 1
58 46 1
13 71 3
83 7 1
144 65 4
61 142 1
20 68 4
64 112 3
31 8 2
28 105 4
32 22 4
8 72 2
5 69 2
119 64 4
36 52 3
50 31 3
2 51 3
15 19 1
88 60 1
114 48 3
109 21 2
57 44 3
110 82 1
31 96 1
125 52 1
140 76 3
134 34 4
129 74 4
93 111 3
76 56 4
117 86 3
29 39 2
116 63 4
64 76 1
5 79 4
136 128 2
10 118 1
115 43 1
2 134 2
1 13 4
73 121 3
8 75 1
99 59 4
98 93 2
1 113 1
18 85 3
63 26 3
27 13 1
130 103 3
86 49 3
89 138 2
2 106 1
50 108 1
146 40 2
117 122 4
135 8 3
47 128 2
149 37 3
62 100 3
80 148 4
126 106 2
129 15 1
93 75 3
148 83 4
8 79 4
82 35 2
102 147 3
128 50 4
126 147 3
90 59 4
63 12 3
90 141 2
132 85 2
18 118 4
43 110 3
24 86 1
137 84 4
8 83 1
119 111 1
88 7 1
77 57 1
57 117 2
65 149 2
37 5 3
116 115 4
100 74 4
9 53 3
7 47 3
48 54 2
52 115 1
38 24 4
118 100 1
135 28 1
34 94 4
16 65 2
29 142 3
88 26 4
116 146 3
67 111 2
107 104 2
61 110 2
39 16 1
97 106 1
29 14 3
134 103 3
124 53 1
145 68 2
56 60 2
45 107 4
88 132 3
49 72 2
75 62 4
102 110 3
72 99 3
138 107 2
77 68 2
99 98 4
112 4 4
5 119 2
82 103 3
28 98 1
55 56 2
102 39 4
113 76 3
71 60 2
134 61 2
42 140 3
129 16 1
87 141 1
66 13 4
48 94 4
103 108 2
131 84 4
20 61 1
114 115 3
16 88 4
84 104 2
62 84 1
4 1 2
53 0 1
86 46 4
27 57 3
121 108 4
25 1 2
111 142 4
84 18 1
9 31 2
100 108 4
116 5 1
69 31 3
15 146 2
148 86 3
59 96 4
115 125 3
61 100 1
86 72 4
49 40 2
114 36 3
131 4 1
116 19 4
97 43 2
117 55 4
78 147 4
129 33 1
34 32 2
6 33 1
67 1 4
67 114 2
112 114 3
140 105 3
118 19 2
14 0 4
81 5 3
75 129 3
99 132 2
69 67 2
66 24 4
12 139 1
3 58 3
53 116 1
8 149 2
96 75 2
149 87 4
143 113 1
69 23 2
1 83 2
92 141 1
32 149 3
101 121 3
93 58 2
110 28 4
4 50 4
122 33 1
142 20 2
26 50 3
2 16 2
114 34 1
44 71 1
66 42 4
133 61 3
56 108 4
1 45 3
135 141 4
124 4 1
80 114 3
22 146 1
144 40 2
34 149 2
5 72 1
111 30 2
84 136 2
117 111 4
125 4 1
29 49 4
135 67 2
5 145 1
14 95 1
14 67 3
89 84 3
83 129 4
99 49 2
108 25 4
75 28 1
92 129 4
33 104 1
6 17 3
110 6 2
33 139 1
13 149 2
55 57 3
10 4 2
12 83 3
4 73 2
134 16 3
1 137 1
136 32 3
33 5 2
125 95 2
77 83 1
47 50 1
106 146 3
72 132 2
123 36 2
76 73 3
121 124 3
62 123 4
137 115 2
2 69 2
74 104 1
100 124 3
134 28 4
52 101 1
144 1 1
115 37 2
32 122 2
104 124 1
66 100 1
115 49 4
141 95 2
114 55 1
68 38 2
67 64 3
85 101 1
124 76 2
23 125 2
50 141 2
126 115 4
85 138 2
108 134 1
35 1 2
14 137 3
114 14 4
34 29 3
66 55 3
105 78 1
118 31 1
130 105 1
64 65 1
127 109 3
76 102 2
137 141 1
0 130 1
53 127 3
17 89 2
18 107 4
9 42 3
85 69 4
27 95 3
19 0 1
68 11 4
146 118 4
121 64 1
116 65 1
81 68 1
14 129 3
83 52 2
87 103 1
67 108 1
4 104 4
141 65 2
99 144 3
109 113 2
148 102 3
29 19 1
116 129 4
11 82 3
94 75 3
94 100 2
2 79 1
22 55 3
110 134 2
135 108 3
123 14 4
51 37 2
97 63 4
146 147 2
111 31 2
89 3 2
63 79 1
14 50 1
36 91 2
125 149 3
14 45 2
54 106 2
118 105 2
32 127 4
102 94 2
112 39 2
123 10 1
140 148 2
29 33 1
147 91 1
28 9 3
67 110 3
21 92 4
11 95 1
141 30 3
128 104 2
39 105 1
78 140 1
35 148 2
111 127 2
124 88 1
113 96 1
81 131 4
134 67 1
17 108 4
90 117 4
43 10 3
92 126 4
139 86 2
101 80 2
133 114 3
69 13 1
59 66 1
74 22 1
66 30 2
48 126 4
54 96 2
34 36 2
7 0 1
34 101 1
32 30 1
96 127 1
10 98 1
26 131 2
8 107 2
14 63 2
108 139 2
92 78 1
100 21 3
3 64 1
90 111 1
87 19 2
137 51 2
78 41 1
71 57 4
116 109 3
117 17 4
85 92 2
105 106 1
9 4 1
48 56 3
143 134 4
106 39 1
146 133 1
58 100 4
109 142 2
97 11 4
83 33 4
10 75 3
91 148 1
143 105 3
62 63 1
34 19 1
135 113 3
111 107 4
21 61 1
57 127 4
78 62 2
94 121 2
53 61 1
36 1 4
123 4 3
90 94 4
59 18 4
66 142 1
20 75 3
6 148 2
58 105 3
33 65 4
46 101 2
38 6 4
124 138 2
76 67 4
98 78 1
33 77 2
68 23 1
130 124 4
116 71 3
38 111 1
66 84 4
64 43 4
56 7 2
6 0 2
121 109 1
45 91 1
13 92 1
145 82 2
13 54 2
149 121 2
7 38 3
1 103 1
83 101 1
42 105 3
0 84 3
85 49 1
35 55 2
86 91 1
61 62 4
27 93 2
8 45 4
61 51 1
19 74 2
10 132 1
35 21 4
59 85 1
53 37 3
149 103 2
78 61 4
120 99 2
56 41 3
113 106 1
33 60 1
111 60 3
60 16 4
149 99 3
71 45 2
81 147 4
77 27 2
31 78 2
107 108 3
63 84 2
54 132 4
136 106 3
30 9 4
95 50 2
146 75 2
135 114 3
138 54 2
24 130 2
109 102 4
57 74 4
38 139 1
93 15 2
140 4 1
16 122 4
128 116 2
133 0 2
83 16 4
8 29 3
148 28 3
83 3 4
42 59 3
29 105 1
15 59 1
4 44 4
139 136 2
132 48 4
96 90 4
112 44 3
131 22 1
2 54 2
22 54 3
79 12 1
36 26 2
37 114 2
141 147 2
130 82 4
81 65 4
121 9 1
41 59 2
45 53 4
29 73 2
43 94 4
23 74 3
107 53 1
30 36 4
57 3 3
104 69 1
40 15 1
148 21 1
38 62 2
86 54 1
46 62 2
63 140 3
128 25 2
46 108 4
85 128 2
67 120 1
54 74 4
102 29 1
37 19 4
112 118 1
96 88 1
16 58 2
38 67 2
146 89 2
27 74 2
109 31 4
40 123 4
131 105 1
85 133 3
6 50 4
140 50 2
6 81 4
134 85 1
41 10 1
60 26 4
123 16 2
39 147 1
24 44 1
83 6 2
46 4 4
125 38 2
68 98 4
149 3 1
61 103 3
30 107 1
136 38 2
147 17 2
113 34 3
88 14 3
103 32 2
142 134 1
27 2 2
121 144 1
143 33 4
2 71 4
126 33 2
95 73 3
23 56 1
15 149 3
35 23 1
125 84 2
77 109 3
144 109 1
135 92 1
83 48 1
131 70 1
11 34 3
46 80 4
19 17 3
100 5 1
31 81 2
40 136 4
67 15 4
111 88 1
29 127 2
141 79 4
60 137 2
147 135 3
143 50 3
97 139 3
47 65 4
76 58 3
106 22 2
12 127 1
128 108 2
145 128 4
51 0 3
108 20 1
26 124 3
149 90 1
