5588 150
0 109 4
109 113 4
0 23 7
109 70 1
109 94 1
94 145 8
113 53 1
109 102 8
70 83 2
70 38 5
38 106 9
94 36 1
53 60 1
53 75 4
70 39 2
70 82 7
23 97 1
36 143 7
94 130 5
106 65 7
82 92 6
38 95 9
60 15 7
15 77 9
102 126 7
92 100 4
130 138 8
106 91 8
92 87 4
126 141 1
87 9 1
38 119 1
23 59 2
36 1 1
23 67 3
15 18 2
15 41 6
15 61 6
109 110 5
41 111 3
60 132 6
91 24 5
92 52 2
1 90 6
23 147 2
138 86 3
9 6 9
41 139 5
132 63 2
147 146 3
126 48 2
65 37 1
0 136 3
113 57 1
52 125 5
90 50 4
87 73 9
38 47 2
113 103 8
82 84 6
146 34 4
23 4 2
130 149 6
83 85 2
141 129 4
23 89 3
38 135 1
91 21 5
102 45 6
15 27 6
39 88 2
61 2 6
147 56 5
149 14 1
37 144 6
125 131 7
50 78 6
126 72 9
50 35 1
63 16 3
57 96 4
4 123 2
82 8 2
35 20 7
35 108 3
103 62 7
45 13 2
70 105 6
9 114 8
89 40 9
149 68 4
15 19 1
78 107 1
130 58 3
21 140 1
0 33 8
82 51 3
94 29 1
63 80 6
62 22 7
35 142 8
20 28 7
59 121 2
94 137 1
97 26 2
137 120 4
88 81 4
97 17 7
78 71 4
2 25 6
8 64 5
56 117 9
106 101 5
103 124 3
29 128 6
102 11 4
22 69 6
62 127 2
16 79 2
108 30 4
91 31 6
132 104 9
109 74 1
127 116 7
40 3 9
106 122 7
27 133 3
53 115 4
92 66 6
29 46 5
92 49 7
72 42 7
64 10 5
113 55 5
40 5 8
67 99 4
68 98 7
81 7 8
2 76 1
42 12 2
46 148 8
3 118 4
25 54 4
9 44 3
1 93 5
44 112 9
83 32 4
148 134 6
98 43 1
79 51 1
100 1 3
27 66 1
26 87 1
120 128 3
69 50 1
56 7 1
136 135 4
129 39 2
114 110 3
35 101 3
36 8 4
30 18 4
33 94 4
68 80 1
41 66 4
101 51 1
86 45 2
34 129 1
96 3 4
117 78 1
105 11 4
0 19 3
124 0 3
30 10 4
24 31 4
44 69 1
103 143 3
73 79 2
7 57 3
1 46 1
42 47 4
109 25 4
49 113 2
20 124 2
112 59 3
6 55 2
52 101 3
22 113 4
36 109 4
130 128 2
57 2 2
2 14 2
101 137 4
70 122 1
21 111 2
138 100 1
50 117 2
54 103 1
112 50 3
77 19 2
100 88 2
0 104 1
74 147 4
91 119 3
13 51 3
131 137 4
33 78 4
140 123 3
80 53 1
72 122 4
12 89 1
105 91 4
7 44 1
99 109 2
115 125 2
40 126 2
29 66 2
136 63 4
47 49 3
24 107 2
102 128 1
20 57 2
129 9 2
99 0 1
39 18 4
19 90 1
92 116 4
7 34 4
30 141 3
104 56 2
107 8 4
130 71 2
94 86 3
96 69 1
40 41 1
37 85 3
41 61 2
26 25 3
138 91 2
117 59 1
146 11 1
29 141 3
103 18 1
95 147 2
63 48 4
58 16 1
16 17 3
80 52 3
38 2 3
10 35 3
16 94 3
107 1 1
127 120 3
110 77 1
23 83 3
133 84 3
116 48 2
87 5 4
77 23 4
128 0 3
49 136 2
62 8 4
2 146 2
10 113 2
143 112 4
45 68 1
127 137 1
78 17 1
43 19 4
78 29 2
85 70 2
79 3 2
57 39 3
113 14 1
106 81 4
124 84 1
146 51 4
81 23 2
129 69 3
67 48 3
20 43 2
142 12 1
133 14 2
15 70 3
46 119 3
131 126 1
3 85 2
36 117 2
42 26 2
12 75 1
81 118 2
115 124 4
74 127 2
16 100 2
51 83 2
75 147 2
6 130 2
144 52 4
139 21 3
141 13 1
21 59 4
145 139 1
57 128 3
12 96 4
45 89 4
67 21 1
142 94 3
75 33 3
29 4 2
7 37 4
16 102 3
95 15 1
6 59 4
10 139 2
46 56 3
60 85 3
15 3 3
47 35 4
38 145 4
126 89 3
22 68 1
113 70 2
122 52 2
10 52 1
63 93 4
87 11 2
55 1 1
60 63 1
13 10 2
137 133 2
95 20 1
72 114 2
108 93 4
126 70 3
109 118 3
80 95 2
60 7 4
66 122 2
28 139 4
78 5 2
37 14 2
95 10 3
138 149 3
18 45 2
18 28 4
84 145 2
62 136 2
75 37 2
143 142 4
116 46 1
82 98 2
101 128 2
144 92 4
149 35 4
105 87 3
117 1 3
125 91 1
24 47 3
100 37 1
104 23 2
133 65 4
108 134 4
149 95 3
130 24 4
43 0 3
65 95 4
48 65 2
133 73 1
10 116 4
147 22 2
104 124 1
21 26 2
64 94 4
119 145 3
136 22 4
46 19 1
135 34 2
33 79 3
98 63 4
42 92 4
94 149 4
145 14 4
117 85 1
94 0 4
60 61 2
139 25 2
83 75 3
121 142 1
141 132 4
63 108 3
22 114 1
90 100 2
50 16 2
77 134 1
4 79 4
101 24 1
43 44 2
100 114 4
121 76 2
75 54 4
3 137 2
47 66 3
33 24 3
52 69 4
70 61 1
55 122 4
140 58 4
93 82 4
129 62 4
144 54 4
90 83 4
121 117 4
29 126 1
71 37 1
146 109 2
98 114 3
24 140 3
13 91 4
72 148 4
51 98 1
95 127 1
61 78 3
50 49 3
33 83 3
66 137 4
52 131 1
49 73 2
52 64 3
93 32 2
132 17 2
105 41 2
141 60 3
6 64 2
21 35 3
119 10 3
109 62 4
54 8 1
86 21 4
131 67 4
55 21 2
126 84 3
108 14 4
22 106 2
37 17 2
120 87 3
0 89 1
65 138 2
40 107 4
116 55 4
105 49 4
31 68 3
136 81 4
141 67 4
86 107 3
118 143 1
74 72 3
132 54 4
36 91 4
138 126 1
16 125 2
145 132 4
140 102 1
93 135 1
117 9 2
38 19 3
55 146 4
137 52 4
97 126 3
26 129 4
130 74 1
89 34 4
55 112 2
125 67 3
102 36 2
104 39 4
18 83 3
43 60 2
49 18 1
100 61 3
15 145 4
14 98 2
103 5 1
1 106 2
142 38 4
93 120 2
47 143 1
138 48 4
98 64 4
51 125 2
49 140 4
54 73 2
80 15 1
8 11 3
18 40 1
142 115 3
90 140 4
101 22 2
1 77 2
90 95 1
89 132 3
35 133 1
12 115 2
65 58 3
123 71 3
71 124 4
81 131 4
95 82 1
86 51 2
142 43 2
106 103 4
112 2 3
131 114 1
128 4 4
143 99 2
4 32 4
123 84 2
22 67 3
14 18 3
131 86 1
130 26 3
124 9 4
90 13 1
20 94 1
25 37 4
148 19 1
90 120 4
117 75 1
125 73 1
74 47 2
57 74 2
118 114 1
117 62 4
48 148 3
116 73 1
107 23 1
82 23 2
113 66 4
124 13 1
128 99 1
109 114 1
90 24 1
132 110 2
143 7 1
130 38 2
46 107 4
121 10 4
62 37 4
54 58 4
35 48 3
14 132 1
130 33 1
53 119 4
116 99 2
123 139 2
39 79 3
22 95 4
108 103 1
118 52 4
76 129 4
101 60 4
10 43 3
89 98 4
49 129 2
119 31 3
4 77 3
30 7 3
50 93 4
131 29 3
131 143 2
54 60 4
39 72 1
36 30 3
112 99 4
136 52 2
40 84 3
43 2 2
45 10 1
144 15 1
99 38 1
2 75 4
142 106 4
49 22 1
5 140 4
44 121 4
27 73 1
130 40 1
127 128 2
8 92 3
129 16 3
143 11 2
121 116 4
88 66 1
122 119 3
16 56 3
20 63 2
137 17 1
68 47 4
31 124 2
112 58 3
128 100 2
124 68 2
128 135 3
22 92 1
112 38 1
67 73 1
102 87 3
126 65 4
102 8 4
107 130 1
21 124 4
147 82 2
28 93 3
61 18 1
76 12 3
99 18 2
92 142 2
119 63 1
80 116 4
148 69 3
29 15 4
126 50 2
132 121 3
63 139 4
83 138 4
24 68 3
143 76 3
18 121 3
78 106 4
139 11 3
146 73 3
67 20 4
117 134 2
30 138 2
146 78 1
88 93 2
53 81 1
48 124 3
139 80 1
72 85 2
25 45 4
27 22 1
29 49 1
8 34 2
140 62 2
50 124 4
46 106 1
4 9 4
38 86 4
102 54 3
103 87 2
32 126 3
16 99 1
10 4 1
45 94 3
76 7 1
146 4 2
75 20 4
128 76 3
129 78 4
22 102 4
33 9 4
58 14 2
130 144 3
97 72 2
89 113 4
145 135 3
91 38 4
49 81 1
12 0 1
73 145 2
71 52 1
75 114 2
146 24 1
114 80 1
16 128 2
82 18 2
141 87 3
20 79 3
46 105 1
61 68 1
49 44 3
115 126 2
66 67 2
70 102 3
29 76 4
136 19 4
20 131 4
145 63 1
117 52 1
98 3 3
4 134 1
137 109 2
127 36 2
79 146 3
120 149 1
80 24 2
25 74 3
31 84 4
71 25 4
48 24 4
0 149 2
15 13 4
93 75 4
30 65 2
20 93 3
128 142 2
131 119 1
48 97 3
62 10 2
30 51 2
20 147 2
47 32 3
134 124 4
104 8 4
85 119 2
109 10 2
31 115 1
2 4 3
15 97 1
61 63 1
124 44 4
48 36 2
84 43 2
143 22 2
43 42 2
115 36 4
91 35 2
146 6 2
62 132 2
48 101 1
22 46 1
86 142 1
4 22 3
120 6 3
66 20 2
102 1 3
90 98 1
75 142 4
71 137 4
109 97 2
70 120 1
140 118 2
61 19 3
111 124 1
70 134 3
50 0 1
110 103 2
85 102 3
65 60 4
115 29 2
142 63 1
42 79 3
2 36 3
100 41 4
109 39 2
37 130 1
113 44 1
15 6 3
124 56 2
72 77 1
11 4 2
94 134 3
123 129 1
101 78 4
116 18 2
127 111 1
21 145 3
12 141 1
64 51 1
144 145 4
120 20 2
37 64 4
92 56 3
13 7 3
114 59 3
77 105 2
29 134 2
101 41 3
45 106 2
47 14 3
33 67 4
62 95 1
77 100 1
91 59 1
82 108 4
119 3 1
54 62 3
73 102 4
139 72 2
15 46 4
147 1 3
2 97 2
25 79 1
85 140 1
50 26 4
103 32 2
42 106 1
118 112 4
91 148 1
70 42 4
129 89 2
142 110 2
77 32 3
102 26 3
105 83 3
93 26 4
66 102 3
87 19 4
96 111 1
6 87 4
116 8 3
9 3 3
14 73 3
29 6 3
21 9 3
104 76 1
46 139 3
66 115 4
4 141 2
108 8 1
88 49 4
75 125 4
6 110 1
32 125 1
143 146 1
93 136 4
3 92 2
90 7 4
86 101 2
23 58 2
59 61 3
114 18 4
149 25 3
111 100 3
97 75 4
78 59 4
7 64 2
95 121 1
119 1 1
69 4 3
94 10 1
139 73 4
98 66 2
11 142 4
116 19 4
3 21 3
43 71 3
4 139 3
65 62 3
18 69 1
87 107 1
73 15 1
94 19 4
30 123 3
78 84 2
37 99 2
10 76 2
50 34 2
69 20 2
112 93 1
75 146 2
133 143 3
79 118 1
0 139 2
136 137 2
4 97 4
65 91 2
18 52 4
92 44 2
145 86 2
62 19 3
67 91 1
76 88 2
30 126 3
85 105 1
71 91 3
45 47 4
116 135 4
65 102 1
107 115 1
85 68 1
93 58 3
108 74 4
33 89 1
144 7 1
55 110 4
98 123 2
16 4 4
131 53 3
74 32 2
2 56 3
111 135 4
47 107 1
132 126 1
6 46 3
77 117 2
102 80 4
99 70 1
65 25 4
70 5 4
132 0 1
48 117 2
25 90 2
126 6 3
72 100 1
134 138 2
117 0 2
130 145 1
141 89 4
135 122 2
42 80 3
13 0 1
24 112 2
51 40 3
21 135 3
29 121 3
52 44 1
80 109 3
65 1 3
131 134 4
54 116 3
133 26 4
68 73 4
117 104 1
75 92 3
84 131 1
100 106 2
100 81 3
3 84 1
87 53 1
18 16 4
110 147 2
135 31 3
52 81 2
51 105 3
141 8 1
137 135 1
30 27 2
110 80 3
58 8 2
81 10 2
43 78 2
3 7 4
148 24 3
94 66 1
70 142 3
134 145 4
67 58 4
130 125 3
41 146 2
111 82 2
108 97 2
105 67 4
138 82 2
54 109 1
142 83 1
81 125 3
143 65 2
89 95 1
96 62 4
20 8 4
11 36 2
62 24 1
138 95 1
36 18 2
49 142 1
9 22 3
83 145 2
44 141 1
14 140 3
107 72 4
56 140 4
5 69 2
110 16 3
117 3 4
142 105 2
95 1 1
65 97 2
66 82 4
127 138 1
88 99 3
87 34 1
33 123 1
124 64 1
95 0 2
46 129 3
53 142 3
100 68 4
83 120 2
53 118 2
56 133 4
91 85 1
130 83 3
11 127 4
126 10 3
55 11 4
80 56 2
149 114 4
127 28 4
75 95 4
81 55 1
102 142 4
104 71 2
84 105 4
71 106 2
110 41 2
57 146 4
36 86 2
118 148 2
70 89 4
79 13 4
68 48 2
130 25 3
20 109 4
129 149 4
146 38 2
87 27 3
39 2 2
112 88 1
137 53 2
120 77 1
28 130 1
139 5 3
62 61 3
33 53 2
106 133 4
15 83 3
96 93 2
106 112 2
127 14 4
119 121 1
88 119 3
90 117 1
140 54 4
141 71 4
113 125 3
145 7 1
61 148 4
39 14 1
1 94 4
24 105 1
6 25 1
142 68 3
40 90 2
114 46 3
84 121 2
139 66 1
7 138 1
17 136 1
109 91 4
144 51 1
48 2 1
82 145 2
117 43 4
99 10 2
69 107 3
25 86 3
141 106 1
87 84 1
127 27 4
54 71 2
11 37 2
111 106 2
70 19 4
51 61 2
101 107 3
110 73 4
124 136 3
20 42 2
2 82 4
19 49 1
55 136 1
64 50 1
100 117 3
13 48 4
119 32 2
52 40 1
138 68 2
82 11 2
24 136 3
139 52 3
91 20 4
52 41 4
80 81 3
89 112 3
11 124 2
111 42 2
99 62 1
67 71 3
18 67 3
129 85 3
52 12 3
92 50 1
148 106 3
94 2 2
69 104 4
32 46 2
70 96 4
86 82 3
22 126 1
80 144 4
52 63 3
5 13 2
60 116 4
8 3 2
123 125 1
137 122 2
46 7 3
57 88 3
124 140 4
49 52 2
51 66 2
14 26 3
100 47 4
41 4 2
61 65 4
129 1 1
144 137 1
110 90 4
92 133 3
77 149 4
86 62 2
118 59 3
59 4 3
130 20 1
81 1 2
122 86 4
113 9 4
133 33 1
36 126 3
38 60 3
136 35 2
50 149 2
148 98 1
5 6 3
46 78 4
23 112 1
62 39 2
79 24 4
29 114 1
140 68 4
110 133 4
125 103 4
41 135 4
132 36 1
63 3 3
114 113 1
29 90 4
31 64 4
92 137 2
16 53 4
49 78 3
108 126 4
40 115 4
84 16 1
139 77 3
110 144 2
59 145 2
55 13 3
33 111 2
88 143 4
98 104 2
116 1 2
119 30 2
42 13 1
109 68 3
95 123 2
75 123 2
29 143 3
48 51 4
89 5 3
96 112 2
22 58 1
120 40 4
2 15 2
34 42 2
17 134 3
149 87 2
30 146 2
108 17 2
71 126 4
148 84 4
7 79 2
39 20 3
37 140 2
62 31 2
125 15 4
73 17 4
36 68 1
13 63 1
124 74 1
138 59 2
1 126 1
6 97 1
19 74 4
79 98 4
30 103 1
144 21 1
115 61 2
17 19 3
59 110 1
146 40 4
138 114 3
133 97 4
12 103 2
25 131 1
44 46 4
128 53 2
41 140 2
93 5 2
75 9 2
124 86 1
107 28 4
102 13 1
127 136 2
91 37 4
137 32 4
9 29 4
72 82 2
141 27 4
79 114 3
101 85 4
44 107 3
0 81 1
7 140 4
44 14 1
149 71 4
71 64 3
17 42 1
82 25 1
117 10 4
101 49 2
123 138 1
117 144 4
147 115 4
12 40 3
149 124 1
37 80 3
39 68 2
17 55 1
100 137 1
85 9 4
79 6 4
17 28 4
46 100 3
57 114 2
101 124 3
84 44 1
2 105 4
143 145 1
92 128 1
127 92 4
19 57 4
77 93 1
14 24 3
39 75 3
63 49 1
31 136 1
40 53 4
6 117 3
149 69 1
141 136 2
147 36 3
23 29 3
147 92 4
31 109 3
83 73 2
0 2 4
75 24 1
63 130 3
97 142 4
70 138 2
56 122 4
93 48 3
118 20 3
79 71 2
55 90 3
59 74 2
115 52 2
20 97 4
81 123 4
60 143 1
115 10 2
36 121 3
142 47 2
49 68 1
16 95 3
122 2 1
46 147 1
47 5 1
121 6 3
29 79 2
111 120 3
101 18 2
39 64 3
23 65 2
142 21 2
19 105 1
70 93 2
28 15 1
28 64 3
77 138 3
34 14 1
40 45 3
24 124 2
58 118 2
28 47 4
134 52 3
80 25 1
69 78 4
14 65 1
36 56 2
22 89 4
133 53 3
21 136 2
1 104 2
30 53 4
124 126 2
77 18 3
143 79 2
29 129 4
77 145 2
134 105 1
1 63 2
78 27 1
78 6 1
64 79 2
38 69 3
69 37 1
69 17 4
116 146 3
15 120 2
139 61 1
147 8 4
51 111 1
42 88 3
103 73 1
106 35 4
97 85 4
127 105 2
16 66 4
2 136 2
82 33 2
89 1 1
76 32 2
98 58 2
113 68 2
102 0 2
14 103 1
84 86 2
124 102 1
81 82 1
127 83 3
53 146 2
119 15 1
103 141 3
4 124 1
113 26 4
70 116 4
78 56 4
76 94 1
55 20 4
3 53 2
19 60 4
136 139 1
121 90 1
129 128 2
47 75 2
71 44 1
137 31 3
117 120 3
93 21 1
108 73 3
94 87 4
109 145 4
126 54 3
145 98 3
105 3 2
104 115 3
77 2 2
123 2 4
79 86 4
130 36 3
65 15 3
146 32 3
78 14 4
99 120 4
41 6 2
21 10 2
117 72 1
129 81 1
140 18 1
41 16 2
63 81 3
96 104 4
88 0 4
6 54 2
66 58 4
138 35 4
107 55 3
122 24 4
12 16 2
127 25 3
138 54 3
21 23 2
33 12 4
2 68 4
14 6 4
80 38 1
113 148 4
131 44 2
19 54 1
117 7 2
130 69 3
62 71 2
80 93 1
2 47 2
143 93 1
89 10 4
30 1 1
54 11 4
121 37 1
64 134 2
134 59 2
146 13 3
74 86 4
12 53 1
47 39 1
4 61 1
113 98 1
31 141 2
32 19 2
1 108 3
79 54 1
65 135 1
97 39 3
20 100 3
75 80 4
4 108 2
122 99 3
45 52 1
63 110 2
40 100 4
28 49 4
100 126 4
144 114 3
54 40 2
131 71 2
1 34 2
140 3 2
66 109 3
30 142 2
29 102 4
84 9 4
38 126 2
3 89 3
68 64 4
31 87 1
80 54 4
25 140 3
53 92 4
25 12 3
89 29 4
32 107 4
145 120 4
144 87 1
43 88 1
120 109 2
27 53 1
149 146 1
144 5 2
109 1 3
92 35 1
110 22 2
131 18 3
91 8 2
106 77 4
146 127 4
19 124 1
53 62 4
104 67 1
96 14 1
142 37 2
28 125 2
92 27 1
68 59 2
51 4 3
14 70 4
81 16 3
83 99 4
131 36 2
96 32 4
40 49 1
14 13 2
60 113 1
124 85 2
96 17 2
4 122 1
64 21 3
46 43 4
63 7 1
63 45 3
81 70 4
144 105 4
19 27 3
140 55 4
38 144 3
109 19 2
2 93 3
84 112 1
32 39 3
51 145 2
55 149 4
106 43 4
12 92 2
55 86 3
81 102 3
94 67 2
123 78 3
81 124 4
132 24 2
99 146 4
36 28 2
141 35 3
34 75 1
129 40 1
16 118 2
131 3 2
60 86 2
28 43 4
96 75 4
123 92 4
117 129 2
3 27 4
146 61 3
35 126 4
5 32 3
107 138 4
2 145 2
110 26 4
72 53 3
111 52 4
50 38 3
76 17 1
34 85 4
64 70 3
100 42 3
38 68 4
115 35 2
96 137 4
109 92 4
93 134 3
143 149 2
55 38 2
116 3 1
1 31 3
146 123 4
125 27 4
83 140 2
125 24 4
31 58 2
94 13 1
138 23 3
85 11 3
1 73 3
144 45 1
47 8 3
9 74 4
9 92 2
141 2 3
65 125 1
67 75 4
94 28 1
92 40 3
121 69 4
5 99 1
53 108 3
35 58 3
19 99 1
119 92 4
112 41 1
93 64 2
7 91 2
18 73 4
51 38 3
81 11 1
117 23 4
21 92 2
83 86 4
4 3 3
50 107 2
76 96 1
36 37 2
98 111 2
104 110 3
74 5 2
99 94 4
33 100 2
43 57 4
31 11 3
33 116 2
17 47 3
45 145 1
25 119 3
123 70 3
55 57 2
50 102 2
45 119 2
119 100 3
95 49 3
26 122 3
71 18 4
17 104 4
86 40 2
57 106 4
4 109 3
29 148 1
105 99 3
16 105 3
23 105 4
10 101 2
107 16 3
131 75 1
139 130 3
84 69 2
4 26 2
134 25 1
101 5 3
32 104 2
9 68 3
47 133 4
110 40 2
68 70 1
62 108 4
83 91 4
13 89 4
64 46 3
141 69 2
116 96 2
71 136 2
147 48 2
132 99 1
41 141 3
123 17 3
110 72 1
112 68 4
107 48 1
108 114 4
104 24 1
115 7 4
124 122 1
56 34 1
48 136 3
48 26 4
28 83 3
28 113 4
26 28 2
135 100 1
45 110 2
70 149 2
127 103 4
91 55 2
13 18 4
66 68 3
71 39 4
133 123 1
125 79 3
84 119 1
8 126 1
14 27 1
73 86 1
9 125 1
148 35 2
52 145 4
84 110 1
7 136 1
137 110 2
147 78 2
106 115 1
83 12 4
27 112 2
20 140 2
130 90 2
80 82 3
7 48 2
73 132 3
144 9 4
39 5 1
89 116 1
116 91 2
118 78 4
134 107 4
69 114 4
125 77 4
9 139 4
90 68 2
12 113 4
124 78 2
90 115 1
98 26 2
1 74 1
14 10 2
144 0 1
148 45 1
51 141 2
12 136 2
74 139 1
144 99 1
141 58 2
74 53 2
50 71 2
117 34 1
125 129 2
93 25 2
148 25 2
6 92 3
23 140 3
22 138 2
8 39 2
25 20 4
122 36 2
91 44 2
111 77 2
21 121 4
62 58 1
108 33 2
118 85 2
122 46 4
67 93 3
147 134 1
85 65 3
123 118 1
130 21 3
121 96 1
127 57 3
8 135 1
22 25 1
101 147 1
125 68 4
88 18 4
62 93 3
22 115 2
134 89 2
86 63 4
31 117 3
32 82 1
54 118 3
143 0 2
110 143 2
26 39 3
143 25 4
22 63 2
146 80 4
103 149 3
114 106 4
29 137 4
40 29 4
118 129 4
119 26 2
0 39 1
64 61 2
17 50 1
115 121 3
78 127 2
140 76 4
40 109 4
88 26 3
4 145 1
19 138 1
35 33 1
95 97 1
27 142 4
57 70 1
74 13 2
21 53 1
65 88 3
141 116 1
122 88 1
68 91 3
128 147 4
127 68 4
46 73 3
121 75 2
113 32 3
60 30 1
30 99 4
53 83 4
66 26 4
108 87 4
149 109 3
81 19 3
23 56 2
116 124 3
45 60 2
15 116 3
97 14 4
103 119 1
62 14 4
33 73 2
62 34 2
88 94 1
55 94 3
37 42 4
140 66 3
97 131 1
27 79 1
13 122 3
89 121 1
148 70 2
17 57 1
100 11 3
54 77 1
80 112 2
104 88 1
64 49 3
32 62 1
82 6 2
36 100 4
11 109 3
66 84 4
3 104 2
23 16 2
135 75 2
34 100 3
42 142 3
66 35 2
90 18 3
78 12 2
95 133 1
51 10 3
33 49 1
3 52 2
62 100 4
133 9 2
95 69 2
77 98 3
60 77 1
56 51 2
136 87 3
51 131 3
113 92 1
61 143 1
49 110 3
21 128 3
10 91 2
2 138 2
72 96 2
111 12 3
32 139 2
73 10 1
137 113 2
20 116 1
60 106 2
123 105 1
62 13 3
27 33 4
70 111 4
82 115 1
30 24 2
20 82 3
80 86 2
104 22 3
107 76 3
119 95 1
139 16 4
101 146 1
149 34 3
89 69 1
147 29 2
23 7 2
130 106 3
61 79 2
94 56 2
45 44 3
23 85 3
131 102 3
83 110 4
106 84 3
111 92 4
92 132 4
104 128 4
82 26 1
16 30 4
143 73 4
32 120 2
149 33 2
124 95 1
57 35 1
8 100 3
50 32 1
60 99 1
45 96 1
119 127 3
144 55 4
26 68 1
57 134 2
111 9 4
48 4 3
49 143 4
7 18 3
87 68 4
52 42 4
136 119 4
68 5 4
68 15 4
35 85 3
7 27 4
147 132 3
80 77 3
63 105 2
4 82 1
25 30 1
12 39 3
97 74 2
42 65 4
35 75 4
12 74 3
42 45 4
56 130 1
115 146 4
39 49 3
53 144 4
131 107 1
141 7 3
8 132 1
108 131 4
63 127 3
107 94 1
132 117 4
115 58 2
104 72 4
96 59 4
104 108 4
128 107 4
148 103 2
21 116 2
117 4 3
87 121 2
117 20 3
41 59 4
142 146 4
32 122 4
61 32 4
99 107 2
44 76 3
50 33 2
129 103 1
24 134 1
123 26 2
22 57 2
67 145 4
101 2 1
107 100 4
102 41 1
59 40 3
44 129 2
99 147 4
110 138 2
27 93 4
123 48 3
136 67 2
35 128 2
79 69 2
120 122 3
87 0 1
19 79 2
144 60 3
89 61 3
74 41 2
114 127 2
3 126 4
49 45 1
12 9 1
132 137 4
6 32 4
114 52 2
56 21 3
103 40 4
8 118 2
143 117 2
74 76 2
101 50 1
9 11 1
0 1 1
84 51 2
93 54 3
50 140 2
86 123 2
15 10 2
55 59 1
118 132 2
8 53 3
130 109 4
36 31 3
137 91 4
0 53 1
101 34 3
40 36 3
109 69 4
140 95 4
60 41 1
88 103 4
131 77 2
101 112 2
7 105 1
51 60 2
107 96 2
62 4 4
40 78 1
34 25 3
94 120 2
79 127 1
98 49 2
8 48 1
5 1 1
96 55 3
135 54 2
74 43 1
81 6 3
123 87 1
149 148 1
122 108 2
86 52 4
32 79 3
120 37 4
112 138 3
13 3 1
60 114 3
47 3 3
30 47 1
77 92 3
85 27 2
45 20 1
147 142 1
96 124 3
106 28 3
144 13 3
1 25 2
123 65 2
58 27 3
74 104 1
102 19 4
112 66 3
147 54 1
104 30 4
65 127 1
12 129 2
72 109 3
60 82 4
5 62 1
111 23 1
102 32 3
25 59 2
65 39 3
94 30 2
4 25 2
109 55 1
65 128 2
67 115 2
114 13 3
10 47 2
87 46 3
98 102 3
9 25 4
64 120 2
128 136 3
37 145 1
82 48 4
137 149 1
46 10 3
5 135 2
104 127 2
109 73 2
60 14 2
54 15 3
15 26 4
45 127 3
81 42 3
40 95 2
51 113 1
58 137 4
120 9 1
89 56 3
72 62 4
58 21 3
144 26 4
13 129 1
131 30 4
41 142 2
69 8 2
120 60 3
65 3 3
59 77 4
137 121 1
8 51 2
141 5 3
135 44 4
63 111 3
135 32 4
106 98 1
45 76 1
41 134 1
105 143 2
7 110 1
108 80 4
79 93 4
52 0 2
95 55 4
83 112 4
76 106 3
67 36 1
48 10 2
126 39 4
73 53 3
58 102 4
122 105 2
51 77 2
60 115 1
70 84 4
120 76 1
32 81 1
0 79 2
64 14 1
80 123 1
146 65 4
113 11 1
0 57 1
115 45 4
44 19 3
38 36 2
113 4 1
56 86 1
25 62 3
48 71 2
120 65 1
25 15 4
103 99 1
11 59 1
107 54 4
90 46 1
69 72 4
15 8 4
113 124 3
50 88 1
149 18 3
132 45 1
16 35 1
106 15 2
91 26 4
34 136 3
105 0 2
23 1 3
37 18 2
99 98 4
136 130 2
104 58 3
84 93 1
78 100 3
44 12 4
71 29 2
112 45 2
42 51 4
113 31 2
10 136 1
14 131 2
80 29 2
94 41 3
71 97 4
138 79 2
125 21 2
97 30 3
52 148 1
11 2 1
71 102 2
63 118 1
54 146 1
108 60 3
117 19 2
123 18 2
113 76 2
68 99 3
138 9 4
38 17 2
1 125 3
93 78 1
65 90 4
127 134 4
127 22 2
21 39 4
127 20 1
103 74 2
109 88 2
39 141 2
144 134 2
115 97 1
17 92 2
110 145 2
123 104 3
145 43 4
86 66 4
56 84 3
131 83 2
56 70 1
108 116 2
51 50 2
37 32 2
41 109 1
65 7 2
105 106 4
146 126 1
65 9 1
45 12 4
29 58 4
140 43 1
15 122 3
40 105 1
8 27 1
111 137 4
135 30 1
99 111 1
135 102 4
122 59 3
20 101 3
74 144 3
57 13 1
10 105 2
121 32 1
130 9 1
34 122 1
146 37 4
34 139 2
29 95 1
27 88 4
5 28 1
38 32 3
147 21 4
55 5 1
27 71 2
37 115 3
76 145 3
107 149 1
116 120 4
48 119 2
90 30 2
92 117 2
16 77 1
43 146 1
68 120 1
123 88 4
36 104 1
8 50 1
89 51 3
113 58 1
27 12 1
9 47 2
61 67 3
106 4 2
74 55 2
2 17 4
94 14 1
116 7 1
63 100 2
71 73 3
105 69 4
4 119 3
124 70 2
16 86 1
90 142 1
66 52 4
9 51 1
39 37 3
124 117 3
145 13 4
139 112 3
124 62 2
46 131 2
51 6 1
100 54 4
32 67 3
56 106 2
144 142 1
136 111 2
99 25 1
28 25 1
98 135 1
87 55 3
131 66 2
91 76 1
12 20 3
36 58 2
14 87 4
130 78 3
65 124 3
49 120 2
128 25 4
117 54 1
2 58 4
96 5 4
10 63 2
77 144 2
42 121 2
149 90 3
41 32 1
101 62 3
122 117 3
123 19 2
133 89 3
79 133 2
81 8 2
56 57 3
29 103 1
95 79 3
90 111 4
36 140 3
110 29 4
69 65 4
12 132 2
107 73 3
59 131 1
79 94 4
61 29 4
146 128 2
48 96 3
19 28 1
10 103 4
91 9 2
125 102 4
18 41 1
96 142 4
71 14 2
68 1 1
128 132 2
127 39 1
103 25 2
103 92 1
32 94 4
114 135 4
6 89 4
79 26 2
21 109 1
47 137 3
86 81 1
116 149 1
148 58 1
124 46 1
113 84 4
135 144 3
112 10 1
87 89 4
0 92 4
59 128 1
39 63 2
98 48 3
115 87 1
34 28 2
89 2 4
120 26 3
68 119 3
43 107 1
16 98 3
111 36 3
53 38 2
56 67 4
136 142 4
71 119 1
30 12 1
140 117 2
86 99 1
106 64 2
39 117 2
131 5 2
101 96 2
32 68 3
133 51 3
116 118 3
2 28 2
101 19 2
100 60 1
117 91 1
79 57 4
64 18 2
27 62 2
84 88 2
127 77 3
30 133 2
54 10 1
106 89 1
35 65 4
102 3 4
78 110 1
65 119 1
22 84 4
12 29 3
93 0 3
65 36 4
148 123 3
10 82 4
146 110 3
3 144 1
21 71 4
125 93 4
10 2 4
30 111 3
142 145 4
38 107 3
116 78 3
115 14 3
28 131 1
111 76 4
126 80 2
76 48 4
134 46 3
95 84 1
7 43 1
129 47 3
56 121 1
0 73 2
102 43 4
79 126 4
47 73 4
34 16 3
121 28 1
134 63 1
101 16 3
68 92 3
127 40 3
57 66 4
118 62 2
57 115 2
146 107 3
16 92 3
112 65 3
132 32 4
31 79 1
82 19 4
141 74 2
60 76 4
14 9 3
92 98 3
37 102 3
82 75 1
21 108 4
58 34 2
6 80 1
3 70 3
86 17 3
146 39 2
5 31 3
51 104 4
147 87 2
69 47 2
101 7 1
148 92 1
103 82 2
103 46 2
66 69 3
43 49 3
129 28 4
80 57 2
48 130 4
29 69 1
10 25 1
101 44 3
59 137 3
59 34 2
105 89 4
90 12 1
97 90 4
133 2 3
79 111 4
135 103 3
103 90 2
119 140 4
15 132 1
0 59 3
115 114 3
110 123 2
41 77 1
78 131 2
46 145 4
22 43 1
53 51 1
73 95 4
89 31 2
148 27 3
54 20 1
46 102 1
87 8 3
50 137 1
54 95 3
43 123 3
99 90 2
84 91 4
142 72 3
38 94 4
12 127 1
4 92 1
40 66 2
76 147 3
54 50 1
69 91 4
115 69 2
19 64 3
148 94 3
5 38 2
93 23 2
38 16 1
48 18 4
8 17 3
127 115 1
75 50 3
78 139 3
50 114 3
58 30 2
33 122 3
60 33 4
57 137 2
117 89 3
85 6 1
146 3 4
26 143 1
43 93 3
46 81 4
132 133 4
70 44 3
80 23 3
19 56 2
35 68 3
67 83 2
93 98 2
9 135 4
127 26 4
109 17 4
122 134 3
8 136 3
37 59 2
56 99 1
111 5 1
7 49 4
147 118 2
64 127 2
63 11 4
22 125 4
87 127 4
42 112 2
133 115 4
106 68 4
8 112 1
127 30 4
59 136 3
76 146 1
40 123 3
114 94 2
147 141 1
109 123 4
67 60 4
37 2 4
95 50 3
1 27 3
108 46 4
90 11 1
90 127 3
2 129 4
119 2 2
74 46 3
78 72 2
11 22 2
123 122 4
84 117 1
90 79 2
93 102 4
61 123 3
113 85 4
20 14 4
62 15 2
101 65 4
63 41 1
123 53 1
17 130 3
76 138 1
40 55 3
127 97 1
147 0 1
128 114 4
110 120 2
115 63 2
78 125 4
141 37 4
147 98 2
117 11 3
120 89 2
125 5 1
122 142 1
68 137 2
94 27 3
24 121 1
23 12 2
114 84 2
75 8 3
135 106 2
91 103 3
110 113 4
137 123 3
144 48 2
60 118 3
80 4 1
3 124 2
19 91 1
53 1 3
84 64 1
61 121 3
93 94 2
143 4 1
133 37 1
38 41 1
84 8 2
94 54 1
49 148 3
56 4 4
8 12 2
88 19 2
18 109 2
60 126 4
134 71 3
22 96 2
12 137 2
148 53 1
145 148 4
53 111 3
27 84 4
37 23 4
64 116 2
13 93 2
17 35 2
39 110 1
122 67 1
112 136 3
132 148 3
144 75 1
123 62 4
117 53 4
104 134 4
31 140 1
16 39 4
123 141 4
59 140 2
0 78 3
34 120 2
112 82 1
15 74 4
135 61 2
73 78 3
121 91 3
56 134 1
112 54 1
130 4 1
90 22 3
106 146 3
89 8 4
46 72 1
78 60 3
98 10 4
50 86 2
28 118 3
73 84 3
104 126 3
40 74 2
40 79 1
149 59 1
141 11 3
88 73 2
77 88 3
131 60 1
50 145 2
10 104 1
19 108 3
5 2 3
145 39 3
72 63 4
69 77 3
91 114 4
27 120 2
88 140 1
62 98 4
89 93 2
51 117 4
75 0 1
47 147 2
71 143 2
17 71 3
96 47 4
7 94 4
42 11 4
141 34 4
120 74 3
47 7 2
124 25 4
100 93 4
10 18 2
135 125 2
117 141 1
144 68 3
129 53 2
39 128 3
133 88 3
61 141 4
12 2 4
10 33 1
16 121 4
110 81 3
103 66 4
42 67 4
106 125 1
67 68 4
10 27 1
124 107 1
33 8 3
45 50 4
116 125 4
12 37 2
76 92 3
136 11 3
148 127 2
108 139 4
138 10 3
79 105 2
83 125 3
4 84 3
114 71 1
73 90 2
77 122 3
96 29 2
36 125 4
3 12 3
142 133 2
144 143 4
149 91 1
51 45 3
131 4 3
123 144 1
66 91 4
131 103 3
101 30 4
86 29 1
74 121 1
46 25 2
85 46 1
100 52 3
38 122 2
60 35 4
47 18 2
49 117 1
146 96 2
53 46 3
55 3 2
47 140 4
85 14 2
47 87 2
139 100 1
85 95 1
36 60 3
6 136 4
117 8 3
23 19 3
123 15 4
39 22 4
124 60 1
28 79 3
12 149 1
100 0 4
146 88 1
34 84 1
26 131 2
41 13 3
51 121 4
54 97 2
100 118 4
144 118 3
62 69 3
119 107 1
61 107 4
111 73 1
126 31 3
49 4 1
137 97 3
1 115 3
123 101 3
17 116 1
110 74 4
9 104 4
114 1 3
52 43 4
94 18 4
66 12 1
99 42 1
4 121 3
83 1 1
111 85 1
58 64 4
41 138 4
37 51 3
58 10 2
118 50 1
82 24 2
33 34 4
103 67 4
98 86 2
54 114 4
144 20 2
23 133 2
61 149 1
26 30 3
99 41 4
139 95 4
69 125 3
111 103 4
86 78 4
13 20 3
74 145 1
92 43 4
124 27 4
128 133 4
5 98 2
147 68 1
65 31 4
110 135 1
128 8 1
84 97 2
17 114 2
91 92 4
42 90 4
101 84 2
117 112 3
94 143 4
20 59 3
16 143 1
110 8 2
103 142 3
46 59 4
0 70 4
19 100 4
138 141 2
127 71 2
135 24 1
88 129 3
115 116 3
51 7 3
30 113 1
3 51 3
40 11 4
63 34 4
48 16 2
136 90 1
86 35 3
22 105 3
81 56 1
147 71 1
75 32 1
124 29 2
58 82 3
97 32 2
90 56 2
139 84 4
121 63 4
65 87 3
29 72 4
84 149 3
1 29 2
37 116 3
54 106 3
42 123 3
15 58 1
126 75 4
114 143 1
23 95 2
67 95 3
74 135 1
144 40 4
32 49 2
45 125 1
50 47 1
61 98 2
31 42 2
66 59 1
37 134 1
128 134 4
22 42 4
118 149 3
52 95 1
30 34 2
79 52 2
121 70 1
50 116 3
53 121 2
109 43 4
79 55 4
83 109 4
143 87 2
63 71 1
55 36 3
43 131 3
72 133 1
16 2 1
33 109 4
76 16 4
118 37 2
52 82 2
70 135 2
58 145 3
28 115 4
57 15 3
89 138 1
111 94 4
55 83 2
83 16 1
117 25 4
40 69 1
83 132 1
92 38 3
3 16 1
87 79 1
133 139 3
1 49 4
66 87 4
40 13 4
49 80 4
149 75 3
107 75 3
24 115 3
84 109 1
94 6 2
133 43 3
80 96 1
116 85 1
149 89 1
77 43 3
10 0 2
107 2 2
87 124 2
50 65 3
84 74 2
138 108 3
144 19 3
138 84 2
68 78 2
148 73 3
53 141 3
104 121 4
36 41 1
144 65 4
91 134 2
37 126 3
7 95 4
114 77 4
32 106 2
42 28 4
9 145 2
77 141 3
112 76 3
134 58 4
98 29 1
17 110 4
76 116 4
114 4 4
57 63 2
96 90 4
32 8 4
5 124 4
55 105 3
116 40 2
83 17 1
15 117 3
132 31 3
93 51 1
64 85 2
123 64 3
47 12 3
35 89 3
93 22 1
134 13 4
99 136 1
147 138 1
61 131 1
106 110 2
23 149 3
88 28 4
75 42 4
79 107 2
77 119 2
118 138 4
15 49 1
69 23 1
15 48 2
55 10 3
71 58 3
72 101 2
112 147 3
21 36 2
45 7 4
104 147 2
90 82 4
99 135 4
28 119 1
84 94 2
95 61 2
24 81 1
124 80 1
82 41 4
47 84 2
41 7 3
38 83 1
90 122 3
28 63 4
6 31 3
95 129 3
83 26 3
0 127 1
19 141 2
35 1 2
45 124 3
53 65 2
25 98 1
138 52 3
71 6 1
44 108 2
144 61 1
86 41 4
63 104 3
66 64 4
55 147 3
46 115 3
76 59 4
88 75 3
53 64 1
40 148 3
20 92 4
53 9 2
68 40 1
14 141 3
20 113 3
100 116 4
119 78 1
91 100 3
21 96 3
39 112 1
85 109 2
35 63 2
115 30 4
121 73 2
6 95 2
30 3 4
100 147 2
69 57 1
21 98 4
144 66 3
144 140 1
1 7 3
119 62 2
76 53 4
62 138 1
83 7 3
146 21 2
143 101 3
26 67 2
125 42 2
37 43 4
47 31 2
27 45 1
143 52 2
104 43 4
52 89 2
29 5 1
137 148 3
144 50 2
20 15 4
28 32 4
19 55 4
85 30 1
8 139 3
62 70 4
114 0 1
4 99 4
80 117 4
18 144 2
15 66 1
102 5 1
36 85 3
17 4 3
125 35 3
77 146 1
64 88 1
116 59 4
45 137 2
114 21 4
5 17 1
123 111 3
73 115 3
127 84 2
25 18 4
108 43 3
96 28 4
99 79 1
142 99 2
111 108 2
91 70 1
81 74 1
22 17 3
135 120 2
95 71 3
37 9 1
74 49 2
101 110 2
132 112 3
0 15 2
89 104 3
122 22 2
110 13 1
148 115 3
102 30 1
123 28 2
91 47 2
49 141 2
73 50 3
11 98 4
92 37 3
16 70 3
148 114 4
148 76 3
136 38 1
149 19 2
35 127 1
12 139 4
21 113 3
62 91 3
142 82 4
122 96 1
137 106 1
101 89 3
124 18 1
80 69 4
149 145 2
91 49 1
71 53 2
29 75 2
141 76 2
22 94 4
134 97 1
141 80 1
135 81 3
58 143 3
50 89 3
23 84 1
0 76 4
136 110 1
138 74 2
115 105 3
145 44 2
141 42 3
64 12 3
149 104 4
69 144 2
149 121 4
72 10 3
27 5 4
8 13 1
57 1 4
21 117 4
23 102 4
140 44 3
20 74 1
149 15 4
129 51 1
133 49 2
4 58 3
56 63 2
32 31 1
109 75 1
100 56 4
55 71 2
60 97 2
133 148 2
110 21 3
115 43 2
95 104 4
20 7 4
14 92 3
50 18 1
98 122 2
41 137 1
121 118 3
96 132 1
58 43 3
37 98 3
128 42 2
42 97 4
61 112 4
129 101 1
47 70 1
94 108 4
59 148 1
11 99 4
64 114 2
14 110 1
144 132 4
66 22 2
130 124 4
21 11 4
8 24 3
77 79 3
106 20 2
24 36 1
115 91 3
90 41 1
130 55 3
44 110 2
11 135 3
13 142 3
8 114 3
62 48 3
53 14 2
56 68 2
142 93 1
119 22 4
16 29 4
112 25 4
24 11 3
30 28 3
126 34 1
82 140 3
146 97 3
145 1 4
94 4 1
137 14 3
132 120 4
145 147 2
100 64 1
136 37 4
69 126 2
2 81 4
32 89 2
91 79 4
71 88 2
126 144 3
42 68 1
50 113 3
148 125 1
57 6 2
130 31 3
71 42 4
45 54 2
124 144 4
41 113 4
120 31 3
58 111 4
39 93 3
120 118 3
19 120 2
54 104 2
37 111 1
46 26 4
100 76 1
100 59 4
48 22 4
111 81 3
75 3 3
66 145 3
109 14 3
43 86 2
102 33 4
136 148 2
30 66 1
80 101 4
97 29 2
34 93 3
52 90 1
39 40 4
52 58 2
82 54 1
84 130 4
121 43 2
14 54 4
109 79 2
116 123 4
90 32 4
141 36 1
71 61 4
50 46 3
131 127 2
21 0 3
122 95 3
25 32 4
49 134 3
31 22 4
106 53 2
143 89 3
4 135 4
87 139 1
67 135 1
54 96 1
88 7 2
13 65 2
89 147 4
100 69 3
92 129 1
139 86 1
79 62 4
49 144 3
63 94 1
51 96 4
57 18 4
8 45 1
114 139 3
94 133 3
39 27 4
141 131 3
141 97 4
32 129 2
129 23 4
130 75 2
3 25 2
142 29 3
134 92 1
82 31 4
140 9 4
26 19 1
47 29 1
128 110 2
118 65 2
18 5 3
47 149 2
81 115 1
73 58 2
87 37 2
136 131 4
65 73 1
48 21 3
141 98 4
79 116 1
60 71 2
9 66 1
71 80 1
9 78 4
23 98 2
133 102 3
101 68 3
10 31 2
139 30 1
21 106 1
62 52 4
115 123 4
147 129 4
9 67 2
46 93 4
12 148 1
8 66 3
122 100 4
95 78 2
86 128 4
135 35 1
28 0 4
91 87 4
104 55 3
23 45 2
123 73 1
25 11 3
39 56 3
98 76 1
21 12 1
29 112 3
56 42 2
17 106 3
106 104 1
136 75 3
58 33 3
64 73 4
53 58 2
4 142 2
33 95 1
104 15 1
14 15 3
47 44 1
92 26 2
42 140 1
132 47 3
96 35 4
14 121 3
73 106 4
57 94 4
108 112 2
6 38 1
102 105 2
40 135 3
72 127 1
72 121 2
16 25 4
26 36 4
29 117 4
140 120 2
68 128 2
34 148 1
53 61 3
44 29 2
50 147 1
42 6 2
123 56 2
50 15 2
56 38 2
111 48 1
2 72 4
42 14 2
5 71 1
114 47 1
79 43 2
138 111 3
9 56 2
87 113 4
118 48 2
45 83 3
9 38 3
102 94 2
120 104 4
22 129 4
28 76 4
85 63 4
8 143 3
67 81 3
33 29 3
55 53 3
13 49 4
18 22 4
136 9 3
93 145 3
75 140 1
72 93 4
71 101 2
42 146 4
66 135 4
68 23 1
62 16 4
145 95 2
36 145 3
49 82 2
34 0 1
108 132 1
123 121 3
125 76 1
107 125 2
15 55 1
74 79 2
27 65 2
107 104 3
8 122 1
118 84 1
33 99 3
133 29 1
44 103 4
114 120 2
139 59 1
13 72 4
86 15 1
24 126 1
17 133 1
140 12 2
105 73 3
71 128 2
15 9 4
117 63 2
81 68 1
44 83 4
123 55 3
77 103 2
8 19 3
57 131 3
116 68 2
115 136 1
37 88 4
24 50 4
16 106 2
140 32 3
27 4 2
61 77 1
72 49 1
147 131 3
38 0 4
149 2 1
31 21 1
99 85 2
25 125 1
42 8 4
85 22 2
106 23 2
39 46 1
7 93 3
23 14 3
32 84 2
28 66 3
77 66 4
95 19 1
121 46 3
72 79 2
127 140 1
108 49 3
20 17 2
81 116 3
112 49 3
14 68 1
82 134 2
120 8 4
84 147 1
10 107 1
8 140 2
18 38 1
36 123 1
22 103 3
128 12 2
81 132 4
67 82 1
5 41 3
56 135 3
129 36 4
66 65 1
118 67 4
143 84 1
29 38 2
56 43 4
109 107 1
76 119 4
82 35 3
28 67 3
5 84 3
18 128 3
102 113 3
102 2 3
72 7 2
24 117 4
67 44 4
91 42 2
117 128 1
1 85 3
110 124 4
126 134 1
100 12 1
19 9 3
3 50 2
71 45 1
88 46 4
71 103 1
90 2 1
76 73 4
91 1 4
130 93 2
60 112 1
72 19 4
59 125 4
34 98 2
126 27 1
87 13 1
113 27 4
21 29 2
19 13 2
122 78 2
84 18 4
97 144 4
66 56 2
62 125 4
42 62 2
39 137 1
141 21 3
111 7 4
86 132 4
35 70 3
37 61 2
81 97 3
83 50 4
1 21 3
22 142 3
64 20 3
28 61 3
44 54 4
22 10 3
27 34 4
47 67 3
72 103 4
16 82 3
57 44 4
80 135 2
72 86 3
39 44 2
57 129 3
22 28 3
67 69 4
29 3 1
90 138 1
97 68 1
20 142 2
43 147 3
118 11 1
144 127 1
53 36 3
53 114 3
62 51 1
129 132 2
145 11 2
80 31 1
129 54 4
61 82 1
144 59 3
130 70 3
32 52 4
93 103 1
134 73 3
30 67 2
82 9 2
149 57 4
79 8 3
116 66 4
67 87 2
69 31 2
4 0 1
120 38 3
52 127 3
93 107 2
116 148 1
55 137 3
36 136 2
137 36 2
83 61 2
111 130 1
141 50 1
56 102 1
78 32 2
133 57 2
119 23 2
30 33 4
139 94 1
105 36 3
135 72 3
10 137 3
55 64 3
50 59 4
102 14 3
133 45 4
73 124 4
9 77 4
144 81 4
13 17 3
57 52 4
27 123 4
94 91 2
31 107 3
144 29 4
57 45 2
56 98 4
17 0 3
85 144 4
90 35 1
57 83 2
49 118 3
99 35 3
113 130 4
94 144 4
143 98 4
14 38 2
47 135 4
142 108 3
89 15 4
24 78 4
115 26 3
140 148 4
90 91 2
128 11 2
28 45 2
36 19 4
111 65 1
96 27 2
31 122 2
140 78 3
94 39 4
43 114 3
16 72 2
11 48 4
140 60 4
17 118 3
46 42 2
76 75 2
67 128 3
54 3 3
17 64 2
63 38 1
32 63 1
114 2 3
75 110 1
70 60 2
90 16 2
49 41 2
92 19 2
120 72 2
96 6 2
28 21 2
33 48 2
46 99 3
17 107 2
102 10 2
54 87 2
56 33 1
5 112 4
28 37 2
85 0 4
116 114 4
99 106 1
51 128 1
49 37 1
19 24 4
37 78 4
29 132 2
75 86 1
98 78 2
97 122 2
51 109 1
123 39 1
140 28 1
16 146 3
72 73 3
122 83 3
28 117 3
128 2 4
114 105 2
41 106 2
9 98 4
45 129 2
144 25 3
109 27 3
43 6 4
73 82 3
136 50 3
32 15 2
1 128 4
115 49 4
86 65 3
140 112 2
67 74 1
142 32 1
112 79 4
20 70 2
0 30 4
126 142 2
20 23 1
59 89 1
2 78 4
107 143 4
138 136 2
1 61 3
90 114 4
17 125 3
147 19 4
1 122 3
34 37 1
28 145 1
41 11 4
138 102 3
125 46 1
137 61 1
96 1 4
90 71 3
122 37 4
6 143 1
125 88 4
110 96 3
58 95 3
105 90 1
81 95 3
122 39 4
26 141 3
72 61 2
28 24 3
60 25 1
31 72 3
51 46 3
35 71 2
71 19 1
37 73 1
131 8 2
120 22 1
4 71 1
121 92 4
93 85 1
111 119 1
68 105 4
146 148 2
72 12 3
129 17 4
111 43 3
95 31 4
8 6 2
95 28 4
79 76 3
65 10 1
109 104 3
91 136 2
136 140 2
66 19 3
35 104 1
131 62 2
142 81 1
130 11 3
41 84 3
146 94 1
50 128 1
82 110 2
56 6 1
46 20 2
76 80 4
148 109 1
3 114 1
48 44 1
8 86 4
114 121 2
34 97 1
10 92 3
63 12 3
147 13 3
93 3 1
28 105 1
28 109 4
25 118 4
121 102 1
24 15 2
46 149 3
61 12 3
123 22 3
142 69 1
20 78 1
40 19 2
147 64 3
67 3 3
114 145 3
99 34 1
103 13 3
113 15 3
37 109 3
58 39 2
51 124 3
64 24 1
1 9 1
112 91 2
75 139 2
122 12 3
124 37 3
129 136 3
11 73 2
54 34 4
6 128 4
116 49 3
148 43 2
81 64 3
38 138 2
104 12 3
42 117 1
62 80 4
145 65 1
56 8 1
22 137 2
145 55 2
68 37 4
34 64 1
91 18 4
128 84 1
24 92 3
69 97 3
120 12 4
46 136 4
36 116 3
61 22 4
14 66 2
129 119 3
149 7 2
18 76 4
26 140 1
4 90 3
58 5 3
45 65 2
125 108 1
13 86 2
129 77 1
76 149 3
70 127 3
68 20 2
123 99 2
115 93 4
71 68 3
96 58 1
47 43 3
75 74 4
130 91 4
77 36 3
26 5 2
9 18 2
58 125 1
48 57 1
61 126 2
31 29 2
46 11 1
104 75 3
5 20 2
16 144 4
102 62 2
67 64 1
137 145 4
88 36 1
12 102 3
1 143 1
141 120 3
38 52 4
129 15 4
114 63 2
144 149 4
149 21 2
81 133 4
117 74 4
125 118 2
100 57 3
130 105 4
50 67 4
45 35 2
110 119 1
103 48 3
59 113 4
57 104 1
6 75 1
13 25 4
77 34 4
114 30 2
2 32 4
7 22 3
13 116 2
21 126 4
118 70 1
32 13 1
87 48 2
126 4 4
45 142 2
149 51 2
140 80 1
149 139 1
142 125 1
113 99 4
101 138 1
9 147 1
41 98 3
90 87 1
16 40 4
83 4 3
43 21 4
40 118 2
118 127 3
4 98 3
103 112 1
146 69 2
136 23 4
107 27 4
25 102 2
86 67 4
67 92 2
78 13 1
12 88 4
64 105 4
44 16 3
75 21 1
44 97 1
132 27 1
11 88 2
143 119 4
13 24 2
119 51 3
90 45 1
53 134 1
129 139 2
114 62 3
119 94 4
60 18 1
126 139 4
26 94 2
42 16 2
141 96 1
4 35 4
15 79 3
52 124 4
25 129 4
68 7 2
1 38 1
59 106 3
73 52 2
61 113 2
88 2 4
9 83 4
64 77 4
11 147 3
95 101 4
15 110 1
101 23 2
19 47 1
17 49 4
3 87 1
67 129 2
144 138 2
10 142 4
95 125 3
50 57 1
74 7 4
37 13 3
117 136 4
21 42 3
58 20 4
137 56 4
55 48 3
5 10 4
26 70 1
138 4 3
123 6 4
132 50 4
102 146 1
39 102 3
44 35 2
45 34 1
145 5 4
145 108 4
91 124 3
12 62 2
139 85 3
111 24 1
81 146 1
84 146 3
148 102 1
2 60 1
121 94 2
57 108 3
92 124 1
24 84 2
2 139 1
90 23 1
86 118 2
18 68 1
86 90 3
1 59 1
72 5 2
98 69 1
134 125 2
50 20 1
28 149 1
63 102 2
119 87 2
19 126 3
2 148 2
72 66 1
8 115 4
125 112 3
88 62 1
106 24 4
24 85 1
66 138 2
1 112 1
65 114 4
103 126 3
56 37 4
18 106 4
47 141 2
108 58 2
53 98 3
27 89 3
76 46 4
132 114 3
119 93 1
87 49 1
120 16 4
116 69 2
36 78 2
111 78 2
19 139 1
35 79 4
64 141 2
74 100 3
23 55 3
114 41 4
146 103 1
79 83 4
51 75 2
11 94 1
142 7 4
15 67 1
49 86 2
52 91 3
119 113 1
109 95 1
103 55 3
96 95 1
69 94 1
63 58 4
72 116 2
21 38 2
84 0 2
100 35 4
49 46 4
25 52 2
109 93 4
100 10 4
132 90 3
53 96 4
106 8 2
94 122 3
5 108 3
72 129 1
100 48 2
149 13 2
106 66 3
40 106 3
20 65 2
64 80 1
76 62 4
28 141 4
20 88 2
4 7 1
19 12 1
88 110 4
114 101 2
67 49 4
99 22 4
1 19 4
29 116 1
125 96 4
5 110 4
99 100 4
55 129 2
123 31 1
29 113 4
18 86 3
76 82 4
9 134 3
53 32 1
33 131 4
52 132 1
34 2 4
117 76 3
77 133 3
65 117 2
37 128 2
28 135 3
28 110 1
109 45 3
98 138 1
130 1 2
98 46 4
106 127 3
49 30 1
7 54 4
130 64 4
48 75 2
105 139 4
137 112 4
149 79 2
17 146 2
22 80 1
10 144 2
12 134 3
139 93 2
84 142 4
77 46 4
132 135 4
86 91 4
120 84 1
17 145 4
46 37 4
94 8 2
82 53 3
43 70 1
32 147 4
19 75 4
3 10 2
144 95 4
90 147 3
31 60 4
93 128 1
86 88 2
115 5 2
61 13 3
19 110 3
36 59 2
125 3 3
97 111 2
127 132 2
142 65 3
60 128 1
15 130 1
96 100 3
113 56 4
2 23 3
142 100 1
77 6 2
56 44 1
32 64 2
4 15 2
15 143 1
16 115 3
47 26 1
59 63 2
26 7 2
50 96 2
83 8 2
8 40 2
64 25 3
13 4 1
87 4 4
71 109 1
96 24 2
7 125 1
50 14 1
120 112 3
123 120 4
89 77 3
107 105 3
124 32 3
69 122 2
133 99 2
5 94 4
145 128 4
14 116 4
11 34 2
144 72 2
136 126 2
74 8 1
72 43 1
108 88 4
12 43 2
20 145 1
143 148 4
73 126 4
126 77 4
60 49 3
35 139 3
89 43 3
6 72 1
27 35 4
13 56 3
114 133 1
50 2 4
69 131 3
3 46 3
146 130 1
117 57 2
41 24 4
94 74 3
139 22 4
37 55 4
121 103 3
58 38 3
2 59 3
71 15 4
88 4 1
72 18 2
78 75 2
43 97 1
4 140 4
81 127 3
66 1 1
50 6 1
27 60 3
12 126 4
134 74 2
104 116 3
25 83 3
5 119 4
48 1 2
92 72 2
125 133 2
35 143 3
118 33 4
43 139 2
13 59 2
51 52 1
132 140 3
13 104 4
34 128 1
105 88 4
79 136 1
23 43 2
82 106 3
39 92 2
41 10 4
6 47 3
33 46 3
130 72 4
54 145 3
94 62 4
110 66 1
130 98 3
108 7 1
23 76 2
52 140 1
25 38 2
129 37 3
61 55 2
63 25 3
19 30 3
19 145 4
19 111 4
114 15 4
137 130 4
140 51 1
119 69 3
116 6 1
112 13 3
137 76 1
120 35 3
85 5 3
125 140 3
95 113 2
12 131 2
20 30 1
67 59 3
128 7 4
35 5 3
16 60 2
117 41 1
103 33 1
27 136 2
88 70 3
50 74 4
69 46 1
6 18 2
80 129 2
33 117 4
36 9 2
86 6 4
126 62 3
111 101 2
133 4 3
129 61 1
134 110 3
9 103 1
102 60 2
9 99 1
121 81 3
118 113 2
0 125 1
94 128 3
140 48 4
56 82 1
127 110 4
69 90 1
121 129 2
92 51 3
101 115 1
2 100 1
11 121 2
7 112 3
83 136 1
104 34 1
78 94 4
33 134 4
138 44 1
125 38 4
5 116 1
94 44 1
104 7 4
9 28 3
126 106 2
49 59 2
125 13 3
30 57 4
134 1 3
39 85 1
18 79 4
62 29 1
4 95 3
45 15 4
91 145 1
80 58 2
129 7 1
129 0 1
130 117 4
130 118 4
9 57 4
84 140 2
0 61 2
118 51 1
55 72 1
87 85 4
99 138 1
144 1 4
109 112 4
35 140 4
39 99 4
26 24 3
16 13 3
76 52 2
86 48 2
61 7 1
17 126 1
8 67 3
33 126 2
97 106 3
17 135 3
83 134 2
131 89 1
32 70 4
142 33 1
54 16 2
112 144 1
103 50 4
67 62 2
14 61 1
15 131 3
101 94 3
55 120 1
15 82 4
11 101 4
29 8 1
75 69 3
100 87 1
121 113 3
54 110 2
101 126 2
64 65 4
0 137 2
30 43 3
119 41 4
56 96 4
136 84 3
32 16 4
35 0 4
46 58 1
91 54 2
105 20 3
9 76 1
91 126 4
50 134 2
145 127 1
52 15 1
34 113 4
84 28 1
139 68 2
15 17 2
46 24 2
103 101 3
41 29 4
126 112 3
47 21 3
0 25 2
47 92 4
45 1 3
90 92 1
32 131 3
134 11 2
81 78 4
37 54 3
92 41 1
48 6 2
112 72 4
58 69 3
36 82 1
144 96 2
6 11 3
127 125 1
84 85 4
61 119 3
96 38 4
32 14 4
34 9 1
131 17 2
58 41 1
113 101 4
90 134 4
122 148 2
3 113 4
81 37 4
82 148 3
32 26 1
136 103 2
131 140 3
133 42 3
78 38 3
64 11 2
14 49 3
45 33 4
92 45 4
131 31 2
39 108 3
85 110 1
133 39 1
14 119 4
22 40 1
29 30 4
12 58 4
40 37 4
148 97 2
95 141 3
58 60 2
5 46 4
121 141 4
140 147 4
126 53 2
141 135 2
91 22 1
126 15 2
7 124 2
26 99 2
71 40 4
26 137 4
80 74 3
82 107 2
97 110 3
61 122 1
59 126 1
74 88 2
4 66 1
59 51 1
71 139 3
114 51 1
129 87 2
46 31 1
71 51 4
80 111 3
5 0 3
49 107 3
117 12 1
47 56 3
1 92 1
48 142 1
39 59 3
18 126 3
26 8 3
85 96 4
51 139 2
18 113 3
31 70 4
107 52 3
72 41 1
53 138 2
129 18 2
50 56 1
34 111 3
32 72 4
15 59 1
149 140 4
80 89 3
48 114 2
51 68 2
126 113 4
118 93 2
127 49 3
43 55 1
135 14 1
82 139 2
60 84 4
15 84 2
27 20 4
7 137 3
126 85 4
101 148 4
85 78 1
130 35 3
135 129 4
53 25 1
119 147 1
10 125 4
44 130 3
74 63 3
94 46 4
6 103 1
97 45 2
111 133 4
112 127 3
139 17 1
57 27 1
97 139 4
69 111 2
50 37 4
88 31 1
21 81 3
12 35 1
146 45 1
68 55 3
4 102 1
138 6 2
125 82 4
50 133 1
8 109 3
100 55 2
55 8 1
137 125 3
137 5 1
60 68 2
27 29 2
39 43 2
141 65 2
48 109 4
119 27 1
0 83 1
114 95 4
26 44 3
64 26 2
40 27 3
60 72 1
20 86 3
127 53 2
33 6 3
108 119 2
20 132 3
77 128 2
22 59 1
109 125 3
31 96 3
146 58 1
37 96 3
121 41 1
78 65 1
147 69 1
7 2 1
74 62 3
85 15 1
114 14 3
5 25 3
79 129 2
19 107 3
96 23 1
91 53 4
41 46 4
129 148 4
113 133 2
136 29 1
145 69 1
34 138 4
138 117 2
5 64 1
44 41 1
101 73 2
135 131 2
91 123 3
32 21 3
111 139 4
28 68 3
55 25 3
67 5 4
64 89 1
54 49 2
83 133 3
132 56 2
149 63 2
140 1 3
26 107 4
136 47 1
16 136 4
145 87 3
68 104 4
14 45 1
0 8 1
148 30 3
120 25 1
130 66 1
30 77 4
59 26 3
115 141 4
106 7 4
85 80 2
64 144 1
41 42 2
103 145 2
35 137 4
90 76 2
9 26 1
55 128 2
56 75 1
76 4 1
25 136 1
16 111 3
140 87 2
123 8 2
38 123 3
81 109 4
6 113 2
41 123 2
100 5 3
125 92 4
77 116 4
22 141 3
106 102 1
111 118 2
145 125 1
139 62 3
87 88 3
73 94 1
20 80 3
124 47 2
2 98 1
68 86 4
47 61 1
78 88 2
32 143 2
99 14 3
53 140 1
135 83 1
73 29 1
103 41 1
40 2 4
128 103 3
99 108 2
76 22 3
52 96 3
48 41 2
12 14 2
10 124 3
30 86 4
19 21 2
139 101 1
108 90 1
5 63 2
63 78 2
23 125 1
26 108 4
31 144 2
76 72 4
11 89 4
27 70 2
78 102 3
17 53 1
144 131 3
52 4 1
61 93 4
106 74 2
70 59 1
34 127 4
135 19 3
61 132 1
93 56 4
6 132 3
149 132 1
121 54 4
79 10 4
60 44 1
58 50 1
103 114 3
49 71 2
69 24 4
38 118 3
87 35 3
135 25 4
46 135 1
137 2 4
96 94 4
57 116 1
129 116 2
62 56 3
149 54 4
139 57 4
120 50 3
111 125 2
98 140 2
103 45 4
11 84 2
46 79 4
125 117 4
41 79 4
62 64 4
58 147 2
76 37 3
1 16 2
17 91 4
91 30 4
42 138 3
21 88 1
123 12 2
114 55 4
99 66 3
15 101 4
147 12 2
85 79 2
149 64 1
33 98 3
65 28 1
139 79 1
142 55 1
71 11 1
65 59 3
35 88 2
122 7 3
97 73 2
26 80 3
111 112 3
117 88 2
96 92 2
138 24 2
29 18 4
18 44 2
22 65 2
44 53 2
143 31 1
8 16 3
102 134 3
68 102 3
99 43 3
4 42 1
4 34 1
88 101 2
7 113 1
31 12 4
57 91 4
68 8 3
99 82 3
104 64 2
109 86 4
78 41 3
131 132 1
83 93 3
29 43 3
84 132 1
14 48 1
114 92 4
38 24 4
118 72 1
78 10 2
96 99 4
34 5 1
85 43 3
23 122 3
84 67 1
32 128 1
12 41 2
95 2 3
142 25 3
62 40 1
114 7 4
57 40 1
51 148 1
47 95 1
93 124 4
49 27 1
8 121 4
80 78 2
101 83 4
61 42 1
108 18 2
41 26 3
47 103 1
40 30 3
69 26 3
87 138 2
30 149 3
3 17 2
90 64 1
113 5 2
20 111 3
102 92 3
61 69 2
85 147 3
41 57 2
62 143 1
85 132 4
93 69 2
23 114 3
46 132 2
91 45 4
50 135 4
86 103 3
14 74 1
78 11 2
40 60 2
42 98 4
77 27 2
110 1 2
70 1 2
122 0 3
146 121 1
90 94 2
50 30 3
81 104 4
80 148 1
99 59 4
149 88 4
26 6 4
118 22 1
117 82 3
119 89 2
77 104 3
44 143 3
67 96 3
135 97 2
119 83 1
72 48 4
88 113 4
7 135 4
73 80 3
71 117 1
88 8 1
43 66 2
113 79 2
2 84 4
80 36 4
53 135 3
23 92 3
134 69 2
111 146 4
128 115 2
3 86 2
32 123 4
28 144 1
101 136 3
89 28 4
33 81 1
95 108 4
25 51 1
65 26 3
31 7 3
120 1 4
109 61 4
100 82 3
53 93 2
23 99 1
8 125 3
35 113 3
116 93 1
40 7 4
11 93 3
74 24 4
143 19 4
42 108 2
17 67 4
27 95 3
68 133 4
93 95 4
41 47 4
70 78 3
39 54 3
55 26 2
45 29 1
10 11 4
54 111 3
5 143 1
101 36 3
22 131 1
45 9 1
74 90 4
91 34 4
13 123 4
1 50 4
111 22 3
30 68 3
1 28 2
54 70 1
17 29 3
149 58 4
90 123 4
107 9 2
46 23 3
133 129 4
91 141 2
25 97 1
35 80 3
31 18 2
107 141 3
133 1 4
11 76 2
72 23 4
19 50 3
125 105 3
127 8 3
38 62 2
3 18 3
73 100 3
119 118 3
144 39 1
46 111 2
98 116 3
146 14 1
107 13 1
65 98 4
65 75 3
34 88 2
11 108 1
49 130 2
148 83 4
115 23 4
33 5 2
44 1 4
132 66 1
140 6 3
134 36 1
115 19 2
128 144 1
142 124 1
60 146 3
27 98 3
13 120 4
107 70 1
130 87 2
107 95 1
8 78 4
122 140 2
78 62 3
5 65 1
148 10 1
85 143 1
111 49 3
43 50 1
91 98 3
148 110 3
99 27 2
66 74 4
125 84 2
54 38 4
76 65 4
101 108 1
122 3 4
53 42 1
26 58 1
49 35 3
18 102 3
106 14 3
123 100 2
85 10 3
77 71 1
130 141 3
77 10 3
10 96 4
5 123 3
61 147 3
20 129 1
82 21 3
99 31 2
61 54 3
147 81 2
118 136 1
44 27 2
85 48 1
126 41 3
38 85 3
82 0 3
76 144 4
39 34 1
55 139 1
131 116 2
50 85 4
78 96 3
145 25 4
41 122 1
85 12 1
47 0 1
23 42 1
18 34 3
50 52 2
53 20 1
139 18 1
33 22 2
95 60 4
122 14 4
138 13 4
93 19 4
106 13 1
57 103 2
46 140 2
35 18 4
143 106 4
97 132 1
25 8 2
88 30 4
110 70 2
92 70 2
9 97 1
61 104 4
136 45 4
88 116 3
95 12 1
57 87 3
107 64 2
108 3 1
32 100 4
20 115 3
17 115 1
144 30 4
25 107 1
15 12 1
2 62 1
90 133 1
125 146 2
72 8 1
47 121 4
111 61 1
27 37 1
133 71 3
136 76 4
94 123 2
148 104 2
44 123 1
116 87 4
51 11 2
29 54 1
83 98 1
2 96 1
76 64 1
121 62 2
59 130 4
119 114 3
98 28 4
109 122 2
67 40 4
71 83 1
72 24 2
130 34 3
90 44 3
90 107 1
149 3 3
81 87 3
42 93 3
19 121 1
122 79 3
68 16 1
49 149 3
40 91 3
129 56 3
52 105 4
95 57 3
67 108 2
84 102 3
89 73 4
86 104 1
144 93 4
144 133 2
58 124 3
88 22 4
145 0 2
146 92 2
127 107 4
80 92 1
147 57 3
147 103 1
55 99 1
9 137 2
53 110 3
91 75 2
57 119 4
135 68 1
114 102 2
10 114 3
49 75 3
2 126 1
77 123 4
56 12 1
113 0 2
58 90 4
99 49 1
88 136 4
18 95 3
58 120 4
103 68 2
25 81 2
54 65 3
102 122 3
8 134 1
107 132 1
4 45 1
91 61 3
101 135 2
120 48 4
17 105 4
78 47 1
143 82 4
143 54 2
44 116 3
73 41 4
116 128 3
7 139 4
76 134 1
148 68 1
115 143 1
129 115 1
83 118 1
117 145 3
118 137 4
115 110 4
92 104 3
108 29 1
132 134 4
125 55 1
34 23 1
131 47 2
32 60 4
65 134 4
95 146 4
30 32 4
70 45 1
91 108 1
56 111 3
147 40 3
49 85 4
124 97 1
122 54 1
83 77 3
27 115 2
134 6 2
118 106 1
99 63 4
81 114 2
108 117 1
50 138 4
24 73 1
127 31 2
11 70 4
109 115 4
44 125 3
102 145 2
12 146 3
120 91 1
127 41 1
130 51 4
37 41 2
96 147 4
45 95 3
132 38 1
75 25 1
50 115 4
10 111 4
39 148 4
43 112 2
54 72 1
76 70 2
85 54 1
68 114 3
105 78 2
79 145 4
88 54 2
19 69 1
88 53 2
131 72 1
19 67 1
35 83 4
41 129 2
138 1 2
42 82 1
126 51 1
28 120 4
6 2 2
94 140 3
47 11 3
134 101 2
57 77 4
102 69 2
116 106 2
134 120 3
100 131 1
16 148 3
62 106 1
99 134 4
114 44 4
31 145 2
128 81 3
14 16 1
98 12 3
31 27 1
78 82 3
59 93 3
44 139 3
102 76 4
109 135 1
55 89 3
119 99 2
27 32 1
146 26 2
120 2 4
58 116 3
126 105 3
81 84 1
35 52 3
26 2 3
76 27 1
143 53 1
49 94 1
23 51 1
114 124 2
106 144 2
94 97 2
57 58 1
148 86 1
43 18 1
129 122 1
81 137 3
117 58 4
58 100 4
123 52 1
128 41 2
128 140 1
53 79 4
49 131 2
140 135 2
125 72 3
146 85 2
89 102 4
50 125 4
8 43 4
13 71 4
15 135 2
21 133 1
19 10 3
110 122 2
143 140 4
95 131 3
58 25 4
125 94 1
80 17 3
49 5 2
40 141 3
93 121 3
112 116 4
143 3 4
50 39 2
48 132 2
89 137 2
143 17 1
62 28 3
20 119 4
127 17 4
133 64 1
65 121 3
23 88 2
147 109 3
3 71 3
137 70 4
18 12 4
74 102 4
30 87 2
20 114 1
65 2 3
32 73 3
112 141 1
74 10 1
92 120 3
111 83 1
51 115 4
21 95 3
103 75 1
28 31 2
18 54 2
83 39 1
114 6 1
89 111 3
122 125 4
74 70 2
147 31 1
65 107 1
123 25 2
33 141 2
80 103 2
127 1 3
104 62 4
14 93 1
13 68 4
60 64 4
88 96 4
69 132 2
92 139 3
67 148 4
55 102 4
96 131 2
58 0 3
61 99 3
41 0 2
91 39 2
116 119 2
130 0 2
84 61 3
87 40 3
39 1 2
131 9 3
94 50 3
74 38 3
33 3 2
47 117 4
119 90 2
19 39 4
90 38 4
84 75 2
19 35 1
68 122 1
45 31 3
109 144 3
0 60 4
38 7 1
149 101 3
122 107 2
34 134 1
103 70 4
149 92 1
22 47 2
38 34 4
100 129 3
91 48 3
148 20 1
18 107 2
136 41 2
118 98 4
12 26 4
39 9 1
45 149 4
29 13 3
87 63 3
40 83 3
28 124 1
81 79 3
68 117 1
109 56 1
146 134 2
69 42 4
133 76 4
2 106 2
108 149 4
25 61 4
36 10 4
35 98 3
114 137 3
60 87 2
111 68 3
62 84 4
110 107 2
11 67 4
8 1 1
45 3 4
60 20 1
48 133 2
69 76 1
66 75 1
118 133 4
61 74 1
128 79 4
90 54 2
29 0 2
62 141 2
65 0 2
81 99 3
87 12 4
40 25 1
111 105 3
32 55 1
23 27 3
76 47 1
79 115 4
11 38 1
128 69 2
82 38 3
141 111 3
44 98 3
94 70 2
58 47 1
39 80 4
125 86 3
147 77 2
41 28 3
4 57 4
105 136 2
60 88 3
9 16 3
10 143 3
42 132 2
60 8 1
26 117 1
21 100 4
55 101 3
115 108 4
77 87 1
120 75 1
23 33 4
14 29 4
9 2 1
99 15 2
101 0 1
2 113 1
37 77 1
11 132 2
126 114 1
26 53 3
41 27 2
87 97 3
99 140 1
109 103 2
121 144 4
8 41 4
124 121 2
142 62 3
103 89 3
43 54 1
28 46 2
135 62 3
112 53 3
68 83 4
59 109 1
8 59 2
61 58 1
71 122 2
76 81 2
68 17 2
77 90 2
1 113 1
43 90 1
119 36 1
136 57 2
139 67 4
112 110 1
108 6 4
87 76 2
13 96 4
84 79 3
13 9 3
76 126 3
137 40 1
38 84 4
30 74 4
94 115 3
16 109 2
144 23 3
109 50 3
23 110 2
74 118 2
66 7 3
124 106 2
36 138 1
138 73 2
83 20 4
127 129 1
147 139 4
84 7 1
32 45 2
78 3 3
42 78 4
27 145 4
32 116 1
69 101 2
10 24 1
59 127 3
61 97 3
0 107 4
22 29 2
49 146 2
100 71 1
33 132 4
66 37 4
45 111 4
127 16 4
140 72 4
132 55 1
52 126 1
139 60 1
72 88 2
120 5 2
0 142 3
48 77 4
118 56 2
149 73 1
47 116 3
72 98 3
125 63 2
37 15 4
101 79 2
109 52 2
46 101 3
59 10 4
40 76 3
136 100 4
66 70 1
128 45 2
63 30 4
70 129 4
72 64 4
111 145 2
136 113 2
119 86 2
81 122 1
24 89 4
53 70 4
34 115 4
130 123 3
123 37 2
33 25 3
83 72 4
30 11 3
22 98 2
121 71 2
29 25 4
23 30 2
132 2 3
134 15 1
18 8 1
97 147 4
