5588 150
0 79 2
79 22 8
22 9 6
0 90 1
79 106 8
90 82 7
106 4 6
9 149 9
22 65 7
90 121 2
22 133 1
90 62 3
65 17 1
9 146 5
22 89 4
121 118 7
17 16 6
79 6 6
16 100 9
118 97 1
79 56 4
146 85 5
97 36 5
65 42 5
149 44 8
97 78 4
90 38 2
78 84 7
36 119 6
56 88 2
85 98 3
78 12 3
97 63 4
12 108 4
6 128 3
85 91 9
90 1 7
149 58 5
6 99 7
38 123 7
84 107 4
106 139 4
88 113 7
139 129 7
82 117 2
42 95 9
90 145 7
145 74 2
0 52 6
89 115 8
84 55 3
100 29 3
38 142 8
97 86 9
58 24 8
133 83 9
86 75 2
98 73 2
118 32 7
123 140 3
79 131 8
149 138 9
100 35 7
55 103 3
145 39 9
63 41 3
108 93 3
113 111 9
107 101 6
39 127 1
121 143 4
32 30 1
52 102 8
91 15 7
22 59 6
44 11 3
79 21 3
41 45 8
128 8 7
78 23 6
90 26 6
74 19 4
11 94 1
93 57 6
12 96 7
4 124 9
123 51 3
6 60 6
142 147 3
79 53 6
140 34 7
73 116 4
102 2 3
79 109 9
147 77 4
2 61 3
124 76 5
127 68 6
60 37 7
51 114 6
12 18 9
99 130 7
56 31 8
89 126 5
65 137 5
74 48 6
26 105 2
65 66 1
9 87 9
137 27 4
34 7 9
76 71 3
9 50 1
98 72 4
139 92 5
53 125 4
146 33 5
31 148 9
66 69 2
139 14 7
61 64 2
16 3 6
62 10 9
143 136 6
105 47 7
38 80 7
64 5 8
35 25 1
61 70 2
4 13 7
87 43 3
23 135 5
53 144 6
95 112 4
14 67 3
33 40 6
99 104 3
136 134 8
60 141 6
18 49 2
89 54 5
44 120 8
4 20 7
32 46 7
45 122 9
135 132 3
87 81 8
62 28 9
40 110 7
19 26 4
39 143 1
120 1 2
101 113 1
82 15 3
101 135 4
131 39 4
21 109 3
104 125 2
104 84 1
44 114 2
108 47 3
141 90 3
97 89 2
6 107 3
127 50 4
4 8 1
61 0 1
147 27 3
61 121 1
71 30 2
47 8 2
94 127 4
84 37 1
67 98 1
135 32 3
107 103 3
29 61 2
0 51 3
71 86 3
86 32 1
128 29 4
2 9 3
91 22 1
1 36 3
90 108 2
69 86 4
61 68 4
111 125 4
137 43 3
119 105 4
71 100 1
68 20 1
112 45 2
131 65 3
77 95 2
40 89 3
107 3 4
48 85 1
114 50 1
5 72 4
121 116 2
48 36 3
93 30 4
26 72 4
117 26 2
16 108 2
52 117 4
138 5 1
112 80 4
147 30 2
59 51 3
101 110 4
0 53 4
125 49 4
108 102 1
108 110 2
148 102 1
71 0 4
65 130 4
118 27 3
59 16 1
64 17 4
124 107 4
86 42 4
0 77 2
2 84 3
44 131 3
3 125 4
140 2 1
147 148 2
19 142 4
123 120 2
8 119 3
4 137 4
16 42 4
136 121 2
13 64 1
12 128 2
70 41 2
71 44 2
120 128 1
135 70 1
5 13 2
95 37 2
47 29 2
89 15 4
138 120 2
115 116 4
69 50 2
51 79 2
80 54 2
140 107 2
70 119 1
132 8 3
69 90 4
87 57 3
17 29 2
82 118 2
96 132 1
48 35 4
144 96 2
145 19 3
116 144 3
52 112 2
20 140 1
128 126 4
64 63 1
15 129 3
3 130 3
79 146 3
88 62 1
102 144 3
78 60 3
95 131 2
119 16 4
29 122 2
142 106 1
26 109 4
43 84 1
20 31 2
88 67 4
84 128 3
92 133 1
63 104 3
132 141 3
148 100 3
38 71 1
33 60 4
116 93 4
97 145 2
33 87 1
37 106 2
25 117 1
128 75 2
113 57 4
146 69 1
33 31 2
83 143 3
33 57 4
68 93 1
131 2 2
38 33 2
130 71 1
137 101 1
62 80 2
124 54 1
79 52 1
136 58 2
73 10 2
84 38 3
100 20 1
63 35 2
134 64 3
39 113 4
50 146 2
48 45 3
50 122 3
23 59 3
82 94 1
139 136 4
115 0 2
116 14 1
149 130 4
95 21 4
4 1 2
121 56 2
67 75 1
42 103 3
98 92 2
103 59 2
102 67 3
57 134 4
15 144 1
1 67 3
21 78 3
46 28 1
45 7 4
88 116 4
57 94 3
88 100 2
118 133 3
49 117 1
42 4 4
84 116 2
5 51 2
102 138 2
66 73 2
146 106 4
63 105 3
4 79 2
132 127 4
77 96 3
39 111 4
112 27 4
70 40 3
149 68 1
18 140 1
25 52 1
75 133 4
78 87 2
143 88 1
29 41 3
104 50 1
149 66 1
101 136 4
66 30 4
46 74 2
33 111 4
82 70 1
120 111 3
5 145 3
70 14 1
81 149 2
90 95 2
1 37 4
34 124 4
22 117 2
41 135 2
132 90 2
70 9 3
101 39 4
121 113 2
27 57 2
66 111 3
134 61 1
94 92 4
23 65 2
69 114 1
9 128 2
0 88 4
116 80 1
7 124 4
114 48 3
18 70 3
35 142 4
43 12 4
14 10 4
143 112 1
9 39 1
104 86 3
83 130 3
16 29 1
86 48 2
13 118 2
42 96 3
7 118 4
54 137 4
128 28 2
142 79 4
29 75 2
59 149 2
61 110 1
124 37 1
5 84 3
121 73 4
142 59 1
132 43 2
7 140 2
60 104 4
104 55 3
133 113 3
74 23 4
75 27 3
109 13 1
109 103 4
146 66 3
140 141 1
12 4 2
32 140 4
131 86 4
71 110 1
43 63 4
132 111 2
135 55 2
60 47 1
127 113 1
121 138 1
146 113 1
144 130 2
62 14 1
47 3 2
126 27 1
107 18 1
67 125 3
15 1 2
73 87 3
34 42 1
8 148 3
19 25 1
36 22 2
44 32 2
91 21 1
21 47 2
62 42 1
38 1 3
148 2 1
87 122 2
57 8 3
103 116 1
78 144 3
92 149 2
137 73 1
104 34 2
7 78 3
92 11 2
70 67 3
97 14 3
46 91 4
122 75 1
20 92 3
0 119 1
116 97 3
121 132 4
31 68 4
18 71 1
93 131 1
18 99 2
69 19 3
129 5 3
3 6 2
22 19 1
62 5 1
83 45 4
97 94 4
107 80 2
5 105 4
142 149 3
138 58 2
28 75 2
2 39 3
26 55 1
113 87 3
27 6 1
126 99 2
42 43 2
5 95 2
64 82 1
37 147 2
148 22 4
130 22 1
10 9 3
122 46 3
60 139 2
4 143 2
113 24 1
71 96 4
96 149 3
119 79 4
11 72 1
35 132 1
78 29 2
120 64 3
93 74 4
8 87 1
145 38 2
38 53 1
101 122 3
23 83 2
104 93 2
109 23 2
36 120 2
113 109 3
10 28 2
9 27 4
86 117 4
49 14 3
12 23 2
137 114 3
24 47 2
131 10 2
95 80 4
72 58 3
83 124 1
15 0 2
64 135 3
121 119 3
54 74 3
28 32 2
63 6 3
140 133 4
66 110 3
113 139 2
67 45 4
67 71 1
4 10 2
107 133 2
22 10 1
32 85 2
79 149 4
54 145 2
60 26 2
16 102 3
57 97 3
13 138 4
108 54 3
50 23 4
8 115 2
34 17 4
34 128 4
44 138 4
61 51 3
12 124 2
78 86 4
111 73 1
16 54 4
113 83 1
36 87 1
143 48 2
51 140 2
0 45 2
87 140 4
90 94 2
141 43 3
10 50 3
67 81 3
61 18 4
104 73 4
141 35 4
30 65 1
4 114 4
113 79 4
119 142 4
42 20 2
54 91 2
35 18 2
72 107 3
12 21 3
128 137 3
92 25 1
50 1 3
7 119 1
33 121 1
144 92 4
144 120 4
75 42 2
141 59 2
3 61 2
23 5 2
39 117 3
60 107 2
31 116 3
62 110 2
48 149 3
43 61 3
139 24 2
100 140 4
75 82 1
26 147 1
98 102 2
138 92 3
38 7 2
94 42 1
30 72 3
61 8 3
16 12 2
140 69 3
29 35 3
98 82 3
122 23 4
46 141 4
68 136 2
78 79 2
70 57 2
67 44 3
87 70 1
138 0 2
62 111 4
143 67 1
126 142 4
20 30 4
89 91 4
125 141 3
134 38 2
3 141 2
145 36 2
71 77 2
56 58 4
136 21 4
86 38 2
15 62 2
2 26 2
32 42 3
134 71 3
97 28 2
42 41 2
65 117 2
39 129 4
101 66 3
119 44 4
89 98 4
57 11 1
120 46 1
142 116 3
88 6 3
6 49 2
51 45 3
49 149 4
49 138 2
121 81 3
111 63 2
78 17 1
42 40 4
57 127 1
61 97 1
26 43 3
56 41 3
65 28 3
42 3 1
15 84 4
83 50 3
57 129 3
26 80 3
89 123 1
75 71 2
30 54 4
126 133 1
92 21 4
67 22 1
35 119 2
21 26 1
113 34 4
18 145 2
51 99 1
34 137 4
23 145 4
104 135 4
137 148 1
94 32 4
111 69 3
82 114 3
52 75 3
52 36 1
143 33 4
53 93 3
117 148 4
33 71 2
82 31 3
141 114 2
123 139 4
113 99 2
117 92 2
90 128 4
116 106 4
16 38 1
136 1 1
30 57 4
9 49 3
53 139 1
84 103 4
99 96 4
34 62 3
63 102 3
126 24 3
5 134 1
74 135 4
91 0 4
85 137 3
20 120 4
18 133 2
50 115 1
69 38 3
100 85 1
14 65 2
72 39 3
72 60 3
115 69 3
63 4 3
51 65 4
145 69 4
6 148 2
13 84 2
146 51 4
15 8 2
8 107 1
51 108 4
99 1 3
7 0 4
64 29 2
103 119 2
101 95 3
149 30 2
69 54 3
101 13 2
19 58 3
48 145 3
120 38 3
144 127 2
35 133 4
88 10 4
55 30 3
95 35 2
5 97 2
132 122 2
33 120 3
149 71 2
16 104 1
16 23 2
66 28 3
98 143 3
115 51 2
41 84 1
56 145 3
130 38 1
78 100 4
73 113 3
11 28 1
33 58 2
3 34 1
134 49 2
17 41 1
75 125 4
95 85 2
126 28 1
55 47 1
33 105 4
73 93 2
83 48 3
25 134 2
73 110 2
122 18 2
29 88 4
14 18 2
20 96 3
41 92 1
149 74 2
115 39 2
49 7 1
29 32 1
76 59 4
65 3 1
137 131 2
37 28 1
103 64 4
30 9 1
46 57 4
9 93 4
10 105 1
45 75 1
115 46 1
105 41 2
132 46 3
80 108 3
3 90 2
4 33 3
102 13 2
149 111 3
58 60 3
97 121 1
21 57 2
57 47 4
81 14 2
83 15 3
79 125 1
78 136 4
86 17 2
128 83 2
77 99 4
48 11 2
137 12 4
36 0 4
77 144 2
140 36 4
0 98 2
97 106 1
46 0 4
37 57 3
49 17 3
42 113 4
89 111 1
93 138 4
143 103 2
63 79 3
3 123 1
42 102 2
139 96 1
50 84 3
21 15 4
147 120 4
23 77 2
148 55 1
12 80 3
30 27 1
134 98 4
26 122 1
92 79 3
37 83 3
16 37 4
2 103 3
112 34 2
35 13 1
49 74 3
144 80 2
3 55 2
132 65 2
116 146 2
45 35 4
65 1 2
23 25 4
93 87 3
26 0 4
38 44 1
94 119 2
94 27 2
10 0 2
38 3 1
80 147 2
106 118 2
14 84 3
146 126 2
1 140 4
86 61 2
112 123 1
116 58 4
42 145 2
75 73 1
145 82 3
57 73 1
73 149 4
108 100 4
103 117 3
134 138 1
74 78 2
38 29 2
52 11 3
13 46 4
74 21 2
137 23 2
4 69 4
22 134 3
139 115 1
132 146 2
50 91 3
141 84 1
9 129 3
66 51 2
35 39 1
8 12 4
50 110 3
63 76 1
149 1 1
116 75 4
83 8 1
132 147 3
26 115 3
129 93 4
100 117 4
40 128 3
52 132 1
105 66 3
70 91 2
68 79 2
69 123 3
11 145 4
99 46 1
128 10 4
65 44 3
26 57 4
84 114 3
81 32 3
140 93 1
25 36 4
18 75 3
21 147 1
123 12 4
95 43 2
42 38 1
80 36 3
133 82 2
140 28 3
102 28 4
25 27 3
41 27 4
113 78 2
141 81 1
10 84 4
42 50 1
74 126 4
138 126 2
72 37 2
28 45 2
93 121 4
19 146 4
21 110 3
130 17 2
149 64 1
125 43 3
105 138 3
126 45 1
135 134 4
100 62 4
16 80 1
121 50 4
93 2 4
43 44 3
15 104 2
22 147 4
125 12 3
52 81 3
24 134 2
100 91 1
133 2 1
127 10 1
139 21 4
138 95 1
86 122 3
31 131 4
112 32 2
65 53 1
117 135 4
42 84 3
39 17 4
3 82 3
3 53 2
144 36 4
90 84 2
37 52 4
93 18 3
31 32 1
2 44 3
104 88 1
141 103 2
114 93 2
141 87 3
27 5 1
5 8 2
125 132 2
29 44 1
108 17 2
120 23 4
2 14 2
142 121 4
83 116 4
6 10 3
42 131 3
3 147 4
21 16 2
140 70 4
95 23 4
80 88 1
9 8 4
117 93 1
120 19 3
145 10 3
41 32 1
106 56 3
32 15 1
46 22 4
64 53 3
41 69 1
43 64 3
149 65 1
88 12 1
130 120 2
103 99 2
12 146 2
3 121 1
103 11 1
123 54 2
93 75 2
88 39 1
120 70 3
108 122 2
61 38 4
66 109 3
73 54 1
126 7 4
127 74 1
66 130 2
117 80 1
75 103 4
73 36 4
12 41 2
0 143 4
52 127 3
84 11 1
114 33 2
27 61 1
26 18 2
80 19 2
110 68 1
81 58 1
96 93 3
134 54 1
133 137 2
96 19 4
7 146 3
116 48 3
139 99 4
37 19 2
34 46 1
47 30 4
119 143 2
86 66 1
50 138 2
94 125 4
51 142 4
143 53 3
51 67 3
50 101 2
138 143 4
139 48 4
35 90 4
73 14 3
81 144 4
126 86 3
40 101 1
40 1 1
21 27 1
64 132 2
16 27 1
44 140 3
142 73 2
17 23 2
60 114 1
49 59 1
118 28 1
30 128 4
44 73 1
113 100 1
88 34 3
97 83 4
7 73 1
41 125 2
14 134 3
54 38 3
54 77 2
140 66 4
94 147 1
116 91 3
107 58 1
48 95 2
45 79 4
98 136 4
89 67 1
105 134 4
21 58 1
10 141 2
88 1 1
123 141 1
4 38 3
38 19 4
76 125 2
68 10 4
140 121 1
142 114 4
15 63 3
44 18 4
131 114 3
105 131 4
136 106 3
42 59 4
60 40 3
111 146 2
143 91 1
91 6 3
116 125 2
125 133 2
117 54 3
60 24 4
0 108 4
145 133 4
110 80 4
86 62 1
5 88 3
67 27 2
90 18 4
63 144 3
11 35 3
55 113 1
117 146 1
94 17 2
46 54 1
88 77 2
118 50 1
144 123 4
83 25 1
103 61 3
78 5 1
77 135 3
104 114 2
19 1 2
89 119 2
36 19 3
11 110 4
45 57 3
24 102 1
109 62 4
20 86 2
84 47 1
85 141 3
75 74 3
130 77 3
145 62 1
146 4 2
2 132 4
48 123 3
99 25 3
5 73 4
50 59 2
2 48 3
86 52 4
108 20 3
24 89 4
26 77 3
132 7 4
148 87 2
53 128 1
82 50 4
117 110 3
68 14 4
81 23 4
37 69 4
63 140 3
6 90 4
41 120 2
13 110 1
126 8 3
117 98 2
144 45 4
123 68 1
29 82 3
13 23 3
53 119 4
11 66 4
39 14 1
141 66 3
56 116 4
93 130 2
123 98 4
58 35 3
142 84 2
116 52 2
13 88 1
129 31 1
115 106 2
35 126 4
63 66 2
15 52 1
37 66 2
9 72 2
136 145 3
121 82 4
39 90 2
99 3 3
60 39 1
8 59 1
123 27 3
46 61 2
46 52 4
106 81 3
65 13 4
134 83 1
104 75 1
34 16 4
64 54 1
79 61 2
148 57 4
19 60 4
79 107 2
96 24 4
120 12 2
77 107 1
57 104 2
78 129 3
112 85 3
77 80 3
144 97 3
97 104 2
77 78 3
21 1 2
123 35 2
70 97 3
45 63 4
145 93 4
90 21 2
95 68 4
22 53 3
86 138 1
25 145 3
83 1 4
81 133 3
137 26 3
143 92 3
101 41 4
144 148 4
140 146 3
133 43 3
55 66 4
3 78 2
11 3 3
90 113 2
3 94 3
116 114 3
11 31 4
144 142 2
137 40 1
13 147 1
98 149 3
121 13 1
35 83 4
33 88 2
148 110 2
21 89 1
59 40 3
139 41 1
55 121 4
57 98 4
23 37 1
35 8 1
5 53 2
88 121 3
130 1 4
44 60 2
128 18 2
7 136 4
134 94 1
9 130 3
106 103 3
26 111 1
30 127 2
103 114 4
103 135 3
127 55 3
39 27 3
77 90 1
115 32 2
95 128 3
34 69 3
83 121 2
104 52 4
30 145 2
132 63 3
98 144 3
135 37 3
69 97 1
2 82 2
140 147 2
112 128 4
44 124 3
125 18 1
43 131 4
97 67 1
90 144 2
83 138 4
41 34 2
147 135 2
67 52 2
132 91 1
8 55 2
118 111 2
5 102 4
108 104 3
126 69 4
46 7 4
136 38 4
127 59 3
87 2 1
10 146 4
73 129 1
112 94 3
93 14 3
110 55 2
31 144 3
63 31 4
78 67 1
147 15 3
142 78 1
135 53 4
95 84 4
9 116 1
74 111 1
7 90 4
120 11 2
60 122 1
121 38 2
120 136 1
141 72 1
127 76 3
119 32 3
149 103 1
144 25 2
20 65 1
100 49 4
47 23 3
61 44 2
146 34 4
3 91 3
123 11 2
78 109 2
95 140 4
7 143 1
13 75 1
70 127 2
129 71 3
87 30 3
119 1 1
21 17 4
125 121 1
121 144 2
58 54 3
124 9 3
59 2 1
81 30 3
5 118 2
23 35 1
1 139 1
149 122 2
136 86 1
121 129 3
1 109 4
52 114 4
99 129 3
0 34 1
64 104 4
22 137 1
0 38 4
73 102 3
101 24 1
61 96 4
81 148 4
85 24 1
148 47 3
122 94 3
121 70 2
31 30 4
115 87 4
94 37 1
56 91 3
67 142 3
84 85 2
63 40 3
78 116 4
85 25 3
138 111 2
144 61 3
28 55 1
54 104 2
44 134 4
142 124 4
13 105 1
108 86 3
31 60 2
81 131 4
5 98 1
67 41 3
86 28 1
75 90 1
45 118 3
13 44 1
12 70 2
26 44 3
75 135 2
13 57 2
45 52 2
23 64 4
22 42 4
32 61 1
137 130 1
36 142 1
65 91 2
147 127 4
15 51 4
4 104 4
86 110 3
42 33 2
40 18 4
8 42 3
64 72 4
127 98 3
136 12 3
12 9 2
52 125 1
142 56 4
23 19 1
139 85 4
25 50 1
54 32 1
68 142 1
120 88 2
89 72 1
147 35 2
9 111 3
100 96 2
95 92 3
143 142 4
84 51 4
16 72 2
40 88 3
115 128 1
145 63 3
100 69 3
69 45 1
137 11 1
53 97 4
129 16 2
96 57 1
19 148 4
123 55 4
17 139 3
88 81 4
47 35 3
112 11 1
110 8 1
71 84 1
82 41 1
19 52 2
139 26 1
71 80 3
123 88 1
92 75 4
15 40 2
122 72 4
80 20 1
98 148 4
91 57 3
60 70 3
55 14 2
57 66 3
61 92 4
118 2 2
131 136 2
116 43 4
34 131 2
80 55 2
13 0 2
139 22 2
122 58 2
23 106 3
31 6 3
50 16 1
111 147 3
99 71 1
98 95 2
145 60 1
115 60 2
6 140 1
9 95 2
65 33 2
135 99 3
146 36 4
104 12 4
144 82 3
13 139 3
145 26 2
59 123 3
117 64 1
9 74 3
147 45 4
44 76 1
9 110 1
80 130 1
84 136 4
118 12 4
42 107 4
85 134 3
149 22 3
87 58 2
20 90 3
142 128 2
10 144 4
69 79 3
121 11 2
135 139 4
32 37 1
61 65 3
19 21 1
107 44 2
109 18 4
5 85 1
7 79 3
86 55 1
112 139 3
43 20 3
43 106 3
98 27 1
92 87 4
54 5 1
114 85 4
22 120 2
18 97 4
135 16 1
26 68 1
126 81 3
73 2 4
38 135 4
85 102 3
5 100 4
88 19 3
149 29 4
128 149 3
108 21 1
11 131 3
23 18 2
5 4 1
71 52 4
8 89 2
37 105 3
140 47 1
10 137 2
141 86 3
9 38 1
144 28 4
29 74 4
76 26 3
115 133 2
8 7 1
102 72 3
77 17 3
81 25 1
35 92 4
140 90 2
105 98 1
62 2 4
57 39 3
105 117 4
11 133 2
47 133 2
47 63 2
122 10 4
119 17 2
134 80 1
74 35 1
124 39 3
59 20 2
143 101 1
49 2 1
109 149 4
87 62 2
46 62 4
92 131 3
11 129 1
99 41 1
75 30 3
30 62 1
81 137 1
70 52 2
64 87 4
29 55 1
49 29 1
149 145 3
51 77 4
72 118 3
51 130 4
50 128 1
25 139 4
141 145 2
126 130 3
45 18 2
22 30 1
76 98 1
44 146 1
19 68 1
149 35 3
47 13 2
13 130 2
14 88 1
83 46 3
81 138 4
114 27 3
109 43 4
33 35 3
71 53 1
134 31 2
64 113 3
129 49 1
34 31 4
66 113 1
38 137 2
135 40 2
127 101 2
73 77 1
44 148 2
93 16 4
86 139 1
0 20 1
40 79 2
45 4 1
16 44 3
138 114 3
19 140 4
28 123 1
105 28 2
114 45 3
27 71 4
96 97 2
70 42 2
114 3 4
88 53 2
14 25 4
129 108 3
96 135 1
84 133 3
129 141 2
140 102 2
108 149 1
136 44 2
15 125 3
124 35 1
113 71 4
100 40 2
147 106 4
125 86 1
74 67 1
71 72 2
10 12 4
58 123 1
144 7 1
137 55 3
15 99 3
3 33 1
95 94 3
59 37 3
22 101 3
36 118 2
50 140 2
27 58 3
91 107 1
102 139 1
57 18 1
3 86 1
11 96 4
48 115 2
31 76 1
144 37 4
83 118 3
41 145 1
141 98 4
95 8 2
113 148 3
79 144 2
109 11 1
37 142 1
121 27 2
2 137 4
48 138 1
58 110 4
87 54 2
67 31 3
98 7 1
46 68 4
129 10 4
144 23 3
100 13 4
122 148 2
129 132 1
110 65 3
58 40 1
39 65 3
54 127 1
40 37 1
59 134 4
124 114 4
67 133 4
49 132 3
8 1 1
27 90 2
45 100 3
12 129 1
76 13 2
143 108 2
43 7 1
131 12 4
114 65 2
35 148 2
125 62 3
23 36 3
134 67 3
36 77 1
145 99 4
106 109 1
94 74 2
49 10 1
120 145 4
65 37 1
37 70 4
134 65 3
48 142 4
86 76 2
104 140 2
22 37 2
13 142 4
70 43 1
8 109 2
25 38 2
2 149 1
82 46 4
63 101 4
113 49 4
76 80 3
78 54 3
76 67 2
39 75 3
25 5 1
112 147 3
125 112 2
2 32 4
46 55 4
40 31 3
84 143 4
21 140 2
88 2 3
120 96 3
121 91 2
57 120 4
89 99 2
115 77 2
68 73 4
18 143 4
49 111 4
142 96 4
105 133 3
42 123 3
112 9 1
44 123 3
33 59 2
138 25 2
7 57 1
70 65 1
27 45 2
125 54 2
144 44 2
14 59 2
134 77 2
137 50 1
118 108 4
38 124 3
56 71 4
52 42 1
76 24 3
109 72 3
77 85 3
145 103 1
76 75 3
29 40 4
95 45 1
34 107 2
83 78 4
43 123 3
71 122 2
30 117 1
42 14 1
10 36 2
50 142 4
88 21 2
70 69 1
132 60 2
107 10 1
94 63 2
83 67 2
58 41 4
91 27 2
106 128 1
108 127 3
42 64 2
87 26 1
23 22 3
98 40 3
58 16 2
80 22 1
102 68 2
39 135 4
6 46 4
130 142 4
4 102 1
47 5 3
84 36 4
33 106 3
11 23 4
25 26 2
97 109 4
114 87 4
34 96 1
68 72 2
44 89 4
12 69 1
89 51 3
48 32 1
31 115 4
75 101 1
30 11 1
74 18 4
32 76 1
16 91 3
85 38 2
102 145 3
85 115 2
45 121 1
10 148 2
11 67 4
132 61 2
2 53 2
149 137 2
131 57 2
67 114 1
12 50 1
23 57 4
76 79 2
120 122 1
66 78 4
14 79 4
113 65 4
56 149 4
132 47 4
67 148 2
86 58 3
67 17 3
92 34 3
142 31 2
38 102 1
39 44 3
127 114 2
97 139 2
51 52 2
60 76 4
99 118 4
9 133 3
112 136 4
106 138 2
5 107 2
110 3 1
81 53 3
121 145 2
136 11 1
88 46 3
54 103 1
70 6 2
137 28 2
129 134 3
71 36 1
83 82 1
109 67 4
118 16 4
122 34 4
121 5 3
100 64 2
16 53 4
116 16 3
122 133 2
110 56 4
58 9 4
16 106 4
17 143 4
0 23 1
66 84 1
64 74 1
125 128 4
33 41 2
149 87 1
111 104 4
80 34 4
11 49 1
25 58 3
1 110 4
139 39 1
128 45 2
30 6 2
32 95 4
86 67 2
38 34 2
134 45 4
81 13 3
71 98 3
29 113 1
112 23 3
69 92 2
68 112 4
143 76 3
39 25 1
129 111 4
102 83 3
8 136 4
139 90 1
53 54 1
62 9 2
37 27 1
13 17 3
90 83 1
84 96 1
57 75 1
19 76 3
88 30 4
111 122 1
143 11 3
17 104 2
35 44 1
29 132 3
132 142 2
121 146 1
117 120 1
94 80 1
44 45 2
6 1 2
114 148 4
47 51 2
45 8 4
28 2 2
118 56 3
4 96 3
96 70 2
139 134 2
14 90 4
16 82 3
131 72 2
101 60 2
118 58 3
137 95 4
103 130 1
125 98 4
148 90 2
94 149 4
76 53 3
126 61 3
81 28 1
147 138 4
119 43 3
137 112 4
28 68 2
65 116 2
73 108 4
86 137 4
95 72 2
7 29 3
32 128 4
1 48 3
5 65 1
38 141 1
72 36 4
130 2 3
147 10 2
45 19 3
26 98 4
33 50 3
95 30 1
75 81 3
29 33 4
9 121 2
63 82 1
13 45 2
91 18 4
35 30 4
72 75 4
137 31 3
101 18 2
131 19 4
101 11 3
27 138 1
30 94 3
72 3 2
31 145 2
132 84 3
127 88 3
98 69 1
2 34 4
89 116 3
112 105 2
80 125 2
90 54 2
20 76 3
74 148 1
77 40 1
126 46 1
17 46 3
23 123 1
11 102 2
114 108 2
55 53 1
136 49 4
12 93 3
81 24 3
60 25 4
24 124 2
93 66 1
51 106 1
40 113 2
40 109 3
144 107 1
17 7 3
138 45 2
131 80 1
64 79 4
128 143 2
16 99 2
36 46 1
76 66 1
23 105 2
126 36 1
126 72 1
58 61 2
83 6 3
34 25 4
11 51 2
122 104 4
127 53 1
56 4 3
31 121 1
115 7 3
4 16 3
117 57 1
21 11 1
144 49 1
7 19 4
101 57 4
56 57 1
42 91 4
32 64 2
95 0 3
139 148 1
43 111 2
25 46 1
149 126 1
69 84 4
107 113 2
52 17 1
88 84 4
40 21 1
46 121 2
101 133 2
69 128 3
136 92 4
95 120 3
27 0 2
1 143 4
32 101 4
87 108 4
93 58 3
149 16 4
123 25 1
63 77 1
39 61 3
63 26 1
33 119 4
17 118 1
113 123 3
44 47 2
34 129 4
30 137 3
7 23 1
2 29 3
87 49 4
99 49 4
69 0 2
146 39 2
111 121 2
13 34 3
83 44 4
95 67 1
100 90 3
63 93 4
90 17 4
109 44 3
70 143 2
77 10 2
51 13 4
92 142 1
13 30 3
140 0 2
123 74 3
99 56 4
75 140 3
106 35 3
52 149 4
19 24 2
73 50 1
48 55 2
97 74 1
93 56 1
64 137 4
111 40 1
6 47 1
121 84 2
81 21 1
59 113 4
84 23 4
78 24 1
2 52 3
41 65 1
81 34 4
62 122 2
23 125 3
90 9 4
53 31 1
134 26 4
148 32 3
7 120 1
76 7 4
39 0 4
83 14 1
37 141 2
136 54 2
52 61 4
133 102 2
148 126 1
77 92 2
15 45 1
74 55 4
1 35 2
44 20 2
51 136 3
15 113 2
61 53 2
102 126 2
12 74 4
45 22 1
1 101 2
104 33 3
6 106 2
93 34 2
102 74 3
143 37 1
0 58 1
104 85 1
102 76 1
85 35 4
20 106 3
82 111 1
100 48 2
4 88 4
120 132 1
144 16 1
113 70 2
147 133 2
25 51 4
2 80 4
82 129 3
101 29 2
35 97 3
80 97 4
149 46 2
116 128 3
90 72 4
24 63 3
148 15 4
70 77 1
68 56 2
67 16 4
67 49 2
7 4 4
112 7 4
140 130 3
78 11 3
26 119 4
60 106 3
9 20 2
93 89 4
0 94 3
88 23 3
132 26 1
103 30 1
66 87 4
114 128 1
145 2 4
127 37 4
133 56 4
139 52 4
118 8 3
98 91 1
97 17 1
19 15 2
58 3 2
15 31 2
30 125 4
98 68 3
17 19 2
52 138 3
143 27 3
140 84 3
59 95 3
87 3 1
139 83 4
27 83 3
133 148 4
139 116 1
142 4 4
135 68 1
125 56 2
64 21 2
42 83 1
80 1 3
102 121 4
34 126 2
130 44 2
142 58 1
70 24 4
42 117 4
106 74 1
18 54 3
37 145 4
39 67 1
109 120 1
111 6 4
88 37 2
100 18 1
17 37 3
124 148 2
21 48 1
48 84 4
96 133 1
16 2 4
123 136 3
83 91 2
109 116 2
48 132 3
96 8 2
49 141 4
7 5 3
1 125 2
37 112 1
111 142 1
4 81 1
71 97 4
32 131 3
26 61 2
67 28 4
41 47 1
84 20 3
112 67 3
41 77 2
51 39 4
58 132 1
55 93 4
137 53 1
104 35 1
18 121 3
24 90 3
92 30 4
70 25 2
33 83 1
56 95 1
111 41 3
71 109 3
108 43 3
33 108 3
32 5 3
71 88 1
102 19 3
23 34 2
112 73 1
129 58 1
140 134 2
75 89 1
67 149 1
21 106 4
52 91 3
42 28 3
113 134 2
117 133 2
122 88 3
133 97 4
7 41 4
28 53 1
76 147 4
38 13 3
45 73 2
75 99 3
8 97 3
76 50 2
58 30 1
111 72 1
1 77 2
37 34 4
137 129 4
122 141 3
79 46 4
118 53 3
121 103 4
35 91 1
25 114 2
135 138 1
44 112 4
48 134 4
148 96 1
17 125 4
70 30 3
8 79 1
87 35 2
27 111 4
139 131 3
62 96 1
131 73 1
106 24 2
3 113 4
50 89 2
69 46 3
102 113 3
85 50 4
47 109 2
56 89 3
130 82 3
30 124 3
85 65 3
75 56 1
61 130 3
3 76 1
12 133 2
74 3 4
43 74 2
146 8 3
141 70 4
133 124 1
24 131 1
23 58 3
125 74 4
118 23 2
43 50 4
108 41 2
126 55 3
117 145 2
139 93 2
82 89 4
27 1 1
94 73 2
119 132 2
16 32 1
98 38 2
125 39 2
41 5 1
26 7 4
59 122 1
88 105 1
129 25 2
38 26 4
91 148 4
142 88 1
7 62 1
121 0 4
77 148 3
44 37 1
134 62 3
51 94 4
61 45 2
49 121 4
102 1 1
41 136 3
18 78 3
42 0 1
63 28 3
54 76 1
77 126 1
39 4 1
33 144 3
62 36 4
73 31 1
14 78 2
69 132 1
76 47 4
61 9 1
83 9 1
11 25 2
58 83 4
36 42 3
108 145 4
106 42 3
40 45 1
62 53 4
106 122 1
2 135 4
25 80 3
4 26 3
25 28 1
0 6 2
135 20 2
84 138 3
90 10 4
131 14 3
12 59 3
76 61 3
26 53 3
33 24 2
141 104 3
74 100 2
9 86 1
0 109 4
110 149 4
83 131 3
113 63 1
143 65 3
118 51 1
41 133 3
99 115 4
79 83 3
121 36 2
86 119 1
67 84 4
135 100 1
24 26 1
66 3 2
23 136 1
39 79 2
136 94 4
65 98 3
66 14 4
104 42 2
114 145 1
91 55 2
86 98 3
21 135 1
15 130 4
125 21 1
77 72 2
119 140 3
85 69 3
127 35 4
76 100 1
134 92 4
7 121 3
37 74 3
15 74 4
59 46 4
147 89 3
16 30 1
45 47 2
128 94 3
32 107 1
149 112 4
3 117 4
57 109 3
7 51 4
19 29 3
2 3 4
75 68 1
105 68 4
39 8 2
112 65 2
101 116 2
2 54 1
29 126 4
4 107 2
147 75 2
60 92 1
0 70 2
101 55 1
99 122 2
99 133 2
142 122 3
90 102 4
34 5 3
96 130 1
109 98 2
113 25 1
118 9 4
124 20 1
128 81 2
0 28 1
60 126 4
56 28 2
111 71 2
97 34 3
22 69 2
85 8 1
126 20 2
74 34 2
87 61 2
97 81 1
58 17 3
52 113 1
8 138 3
105 60 2
51 73 1
107 39 3
22 48 2
2 101 4
114 109 3
68 80 4
13 98 4
86 43 4
98 3 3
13 48 4
5 122 3
82 56 3
93 72 1
36 3 2
136 55 3
61 131 1
75 19 4
74 76 1
80 51 4
148 80 2
74 7 1
45 81 3
140 9 3
5 130 3
4 147 1
26 107 2
52 121 4
85 42 3
26 79 1
18 136 4
28 15 2
122 137 4
8 46 3
53 7 1
121 96 2
98 104 3
73 144 1
99 10 2
124 67 2
44 53 2
18 105 4
110 14 4
17 70 1
74 10 2
141 7 4
109 135 3
110 120 3
66 49 1
146 73 3
109 131 3
137 17 2
72 67 4
66 104 1
55 116 3
97 56 4
133 63 1
82 140 2
125 114 4
98 33 2
97 112 4
30 100 1
56 19 3
104 61 4
8 11 3
69 30 1
23 42 4
91 90 1
89 146 1
140 81 3
89 61 2
32 35 1
81 20 2
12 79 4
36 11 2
111 30 3
38 131 1
9 100 2
115 142 2
16 25 2
16 33 1
46 113 4
83 68 4
13 50 2
113 18 4
14 6 3
14 26 2
96 122 1
147 23 2
82 88 1
142 52 1
40 52 3
33 12 1
71 89 2
132 149 2
105 121 1
66 147 2
25 149 1
92 140 1
10 2 1
121 86 2
54 12 4
25 49 3
67 129 3
146 118 1
42 126 2
78 40 2
31 87 2
5 17 3
117 4 2
1 132 2
130 33 4
5 48 4
105 147 3
80 4 4
121 92 2
133 74 1
44 82 2
55 72 4
71 31 3
123 34 1
29 72 3
135 17 4
127 42 4
133 17 4
105 129 1
92 116 3
126 65 3
51 125 3
7 25 1
96 31 1
9 145 4
106 38 2
23 62 4
33 45 3
67 132 2
79 81 1
31 4 4
121 1 2
110 127 2
96 0 4
132 31 1
27 22 2
119 111 1
79 60 2
28 49 4
140 137 3
76 145 4
146 5 2
78 69 1
106 8 1
146 107 4
111 140 2
131 52 2
3 70 1
139 68 1
125 32 3
149 88 1
100 139 4
148 66 1
16 98 1
77 12 2
37 42 1
24 1 4
145 61 2
116 10 2
148 58 1
17 43 4
77 43 4
72 105 1
44 64 3
46 81 4
70 100 2
88 66 3
109 19 1
37 114 3
97 88 3
84 72 4
97 137 3
13 96 1
141 144 3
10 96 3
138 141 4
33 69 4
84 58 4
90 32 1
22 83 3
64 138 2
99 146 4
125 55 1
104 18 1
2 78 4
129 40 4
7 2 1
45 26 1
139 146 3
75 1 1
62 135 3
9 23 3
123 4 1
56 132 2
129 110 4
94 113 3
131 103 1
129 70 2
49 97 3
59 71 4
141 26 1
46 53 1
20 128 1
11 116 4
94 24 3
135 8 3
29 26 1
128 101 3
36 67 2
106 83 2
67 68 4
131 9 4
83 108 4
97 113 3
15 137 2
78 1 4
15 110 1
51 72 3
41 122 4
63 56 3
96 136 1
58 8 1
27 136 3
8 22 4
43 129 1
142 101 2
145 71 4
11 87 4
1 122 2
134 40 3
6 84 3
120 75 2
81 147 3
83 66 2
108 144 3
89 25 3
87 20 2
47 1 2
2 22 4
18 127 1
128 97 3
82 45 2
89 145 4
48 77 2
104 25 2
138 130 4
88 16 1
99 33 3
79 38 2
139 88 3
39 94 4
9 60 2
95 83 4
54 19 2
99 86 3
58 6 2
119 18 1
122 146 1
139 37 3
2 23 2
35 60 2
104 44 2
59 64 4
96 18 1
25 73 3
84 65 4
134 27 4
120 47 1
70 10 4
81 2 1
33 135 1
37 92 3
97 41 3
70 112 4
93 41 4
93 144 3
144 131 3
62 50 1
95 7 2
16 114 2
20 97 2
53 108 3
6 53 4
44 115 4
148 49 3
59 35 1
112 6 3
138 29 4
85 60 3
89 95 1
121 74 1
31 141 3
68 22 3
114 78 2
87 145 3
119 82 2
16 111 2
100 66 1
48 60 4
130 31 2
19 30 4
90 133 2
144 66 4
120 98 4
116 34 2
72 112 4
63 80 4
3 139 1
74 63 2
88 115 3
111 64 1
95 125 4
55 38 3
18 115 3
52 57 3
140 98 2
46 131 4
104 90 2
50 141 1
149 41 2
106 91 3
102 88 4
57 140 4
53 114 2
134 34 1
128 72 4
55 18 1
135 143 2
137 144 3
144 118 3
30 110 3
55 132 3
110 31 4
96 63 1
106 114 3
15 112 1
2 19 4
47 62 4
48 49 3
29 148 2
88 133 2
117 134 2
75 49 1
144 47 1
92 1 1
26 48 1
4 134 4
46 16 1
143 122 4
132 40 1
94 36 3
133 135 2
1 9 3
92 9 3
104 148 2
4 28 2
128 70 3
103 142 4
96 67 1
98 11 2
37 24 2
111 18 1
141 15 4
136 88 4
79 135 4
126 108 4
82 1 1
80 39 2
130 39 1
9 32 1
121 21 3
140 27 1
105 125 3
43 39 2
106 47 3
102 37 4
126 19 3
34 61 4
99 48 1
96 113 4
21 29 1
147 93 2
73 64 1
93 27 1
70 107 1
126 139 3
35 0 2
78 127 4
146 65 2
54 143 1
134 106 4
143 99 3
87 95 1
13 133 3
116 94 1
126 40 4
72 0 4
50 57 2
67 118 3
88 144 3
127 12 4
91 114 3
27 142 2
3 108 1
144 74 2
7 89 1
13 92 2
14 22 3
9 104 1
10 57 4
145 110 2
64 118 1
116 102 1
112 26 1
110 39 3
26 62 1
103 65 3
88 91 4
102 35 1
148 116 2
109 141 2
112 3 2
15 92 4
53 60 3
79 34 1
38 143 4
51 49 3
118 40 2
43 27 3
106 22 2
96 1 3
71 128 1
90 23 1
140 79 4
62 43 2
115 134 4
62 83 1
24 52 4
120 135 4
87 106 4
84 28 3
26 12 4
62 72 4
109 65 2
135 59 2
75 87 3
87 52 1
23 141 3
33 5 1
93 137 3
41 117 4
64 76 3
80 21 2
27 144 3
77 7 3
106 2 4
127 77 2
5 18 3
139 107 2
30 101 2
99 88 2
109 45 3
114 38 1
6 77 2
19 61 2
117 31 1
20 64 4
8 142 1
3 22 4
66 137 1
70 15 2
92 12 2
129 125 1
51 132 4
99 116 1
16 19 2
63 114 2
107 55 3
50 68 1
24 116 3
41 9 2
132 102 3
19 79 2
109 63 1
54 67 3
10 149 2
137 45 2
107 134 4
30 33 2
34 78 1
145 13 2
33 81 2
22 95 3
21 73 3
98 112 1
12 126 3
16 14 1
76 114 2
92 28 1
25 143 1
93 7 1
37 71 2
126 38 3
101 96 1
116 134 2
7 10 3
59 10 4
88 141 2
84 124 4
47 121 1
143 77 2
146 14 1
91 141 1
18 65 2
66 129 1
72 143 3
59 133 3
75 5 3
58 34 2
62 89 2
143 79 1
129 38 4
97 73 2
96 91 4
60 77 3
57 147 2
3 100 1
65 72 3
44 52 3
9 40 1
100 98 3
44 62 4
57 118 2
76 1 4
38 128 3
65 92 1
53 12 2
100 82 1
71 48 2
47 141 2
49 102 4
6 65 1
114 17 4
105 65 3
128 88 2
21 50 2
67 34 4
55 105 2
32 87 4
81 66 2
22 64 3
143 63 4
133 80 3
41 31 1
113 144 3
126 145 1
146 45 4
4 48 1
127 136 4
119 102 1
144 54 4
99 144 4
69 43 4
52 32 3
20 88 2
129 90 4
1 138 1
38 14 1
85 116 4
48 106 4
135 88 4
145 3 2
48 87 2
93 22 1
121 6 1
83 77 4
74 98 4
29 24 2
9 7 2
148 42 3
58 69 3
132 62 2
14 34 3
93 43 4
6 138 1
106 65 1
145 118 1
148 37 1
32 103 2
23 96 1
73 38 1
124 18 2
25 116 2
56 17 4
145 128 2
56 5 4
118 143 3
140 76 1
116 127 3
86 57 3
122 79 3
125 77 2
58 12 4
120 126 2
142 112 2
67 56 2
146 70 1
98 61 1
136 109 1
57 15 2
125 109 2
86 84 3
27 47 3
41 131 1
4 62 3
57 111 4
107 46 3
135 66 2
114 133 2
76 136 2
140 73 4
36 79 4
60 110 2
108 7 2
54 28 3
97 12 3
111 77 1
73 138 4
147 99 3
124 113 2
30 5 3
27 8 3
102 87 3
33 0 1
40 5 3
36 54 4
22 90 3
69 87 3
120 91 1
43 31 2
3 73 2
2 25 2
135 71 2
20 35 4
98 94 2
111 128 3
9 141 4
135 25 4
124 131 2
131 97 2
43 140 3
18 103 1
20 63 4
125 9 1
98 75 4
6 12 1
87 104 1
108 50 4
56 144 1
72 117 2
88 17 1
20 62 2
118 55 4
84 0 2
66 19 2
148 20 3
42 10 1
81 68 1
110 72 2
14 124 1
121 89 3
47 103 1
44 30 1
51 55 2
138 20 1
23 104 1
138 68 3
116 68 3
64 86 4
133 23 3
80 118 2
110 27 1
68 131 3
141 11 3
43 102 4
27 76 3
63 110 1
144 46 3
111 115 1
71 19 2
39 147 2
70 50 2
45 110 1
92 22 1
22 15 4
124 52 1
60 133 2
26 3 1
105 141 1
131 48 2
70 47 4
17 3 4
108 8 1
84 46 1
132 85 2
134 127 1
97 66 4
63 116 1
25 130 4
146 71 4
44 63 4
127 102 4
72 50 2
54 85 3
112 107 2
71 62 3
112 54 4
36 135 2
30 113 1
58 120 4
129 85 2
127 143 3
22 76 1
110 107 4
72 78 1
38 28 1
12 107 2
5 43 3
39 141 2
61 143 4
28 114 1
45 101 1
34 86 2
105 110 3
135 48 1
64 26 3
1 124 1
42 146 1
16 83 4
93 19 2
7 33 2
95 1 1
111 141 1
76 122 4
61 40 4
35 17 1
38 40 3
23 72 4
39 11 2
10 97 4
48 14 3
92 42 4
33 53 2
136 72 2
113 67 2
51 21 4
94 88 3
69 60 2
84 49 4
50 123 3
148 84 2
124 119 1
44 77 2
72 25 2
8 13 1
115 149 2
45 91 4
132 76 3
17 44 4
43 66 3
12 49 3
129 61 4
37 61 1
91 119 3
138 2 1
41 143 3
130 6 1
66 50 4
113 98 3
115 102 1
131 112 2
72 43 2
16 24 1
110 137 3
75 113 2
31 12 1
93 120 2
33 112 3
69 127 4
47 125 3
24 30 4
17 60 4
64 10 3
105 31 4
139 95 1
148 34 2
29 4 3
21 87 4
147 0 1
0 129 2
138 41 2
128 59 1
74 28 3
90 40 4
118 109 1
103 48 1
73 145 4
76 109 3
135 31 2
8 82 3
95 64 4
41 90 2
12 101 1
57 40 4
147 90 2
78 52 1
3 96 4
21 127 1
80 28 4
117 51 3
23 20 4
78 101 4
48 6 2
117 90 1
14 105 1
43 23 4
27 23 1
47 33 2
101 69 3
114 118 3
85 126 4
109 111 2
146 62 1
120 85 1
92 54 2
132 128 3
105 80 4
57 32 2
113 149 2
135 6 1
6 22 3
78 89 3
6 113 1
10 139 3
8 72 1
5 35 2
31 2 1
103 85 2
84 98 2
55 13 3
56 127 4
125 14 3
91 111 1
20 110 2
75 114 3
113 128 2
75 118 3
22 103 3
131 85 3
45 105 2
126 78 1
38 119 4
40 122 1
132 139 2
78 47 2
138 76 3
146 3 3
89 108 4
23 111 1
36 33 2
2 38 1
46 37 1
80 56 2
79 32 3
102 143 1
136 74 3
23 85 4
46 130 4
63 42 2
100 54 4
41 20 2
35 73 3
22 112 3
132 6 4
121 42 3
143 60 2
46 67 4
72 129 2
120 61 2
118 4 1
30 43 3
44 132 1
19 112 1
69 141 2
13 104 2
146 27 2
1 146 3
37 131 1
120 125 1
12 71 4
122 22 3
119 87 3
115 109 2
147 92 4
141 118 2
66 64 2
23 71 2
11 10 2
42 98 2
112 25 1
97 3 2
8 120 2
70 122 4
149 100 2
64 90 1
102 125 1
135 30 2
105 107 1
91 53 1
119 19 1
16 71 1
96 103 3
0 136 4
149 15 1
146 123 4
111 133 4
124 69 1
87 15 1
131 100 2
131 74 3
32 33 3
141 12 3
31 93 4
91 43 1
46 87 4
139 110 3
70 123 1
17 89 3
53 63 4
98 139 4
26 46 4
137 32 3
136 10 2
14 99 4
84 80 2
12 29 3
123 56 2
143 13 1
83 126 4
106 62 2
115 56 1
16 15 3
100 21 4
147 108 1
68 133 3
27 139 3
27 125 2
119 13 3
22 50 4
46 140 2
126 59 2
90 42 2
36 38 1
16 69 4
138 70 1
96 143 3
39 54 4
89 10 3
39 78 1
53 113 3
124 97 4
91 103 3
113 72 4
136 20 2
123 32 3
27 86 1
32 144 1
29 117 3
18 38 3
133 119 4
107 25 1
108 44 1
80 41 4
33 91 1
35 49 1
103 71 2
149 70 1
104 83 3
29 54 3
54 68 3
72 115 1
79 114 2
17 33 1
78 106 2
129 83 1
112 17 4
133 87 4
126 53 4
59 25 2
83 40 3
24 74 3
108 71 2
134 39 1
52 9 2
55 59 2
53 134 1
93 90 2
18 68 3
100 15 1
78 4 3
44 42 1
116 19 2
123 93 4
47 131 2
123 116 4
24 92 4
119 39 1
21 28 2
110 77 2
147 141 2
137 21 3
5 11 2
123 57 1
61 113 4
128 36 4
62 143 2
43 45 3
11 86 1
29 39 4
117 69 2
43 52 4
142 65 4
80 40 4
113 114 1
137 113 1
115 29 2
134 121 3
108 52 2
129 76 1
138 78 4
99 84 2
51 129 1
54 21 4
70 133 4
117 88 2
101 73 4
19 100 2
146 37 1
106 64 2
133 136 2
103 60 2
101 17 2
104 119 3
96 104 1
72 4 2
27 85 2
14 149 1
79 91 2
28 3 3
133 25 1
113 32 2
124 21 3
38 41 1
77 37 1
148 5 3
57 42 3
111 96 1
55 144 1
146 20 1
26 148 3
86 80 2
92 47 4
1 20 3
60 88 3
137 19 1
32 120 1
45 71 2
95 50 4
22 96 4
116 40 4
118 96 3
18 63 2
42 139 3
7 113 1
39 47 1
82 132 3
124 95 2
90 28 4
13 82 3
95 118 2
130 102 2
112 0 2
9 42 3
81 5 4
84 57 2
118 135 1
76 144 3
39 81 2
147 60 2
0 64 2
51 147 4
18 135 2
1 107 4
127 27 2
70 78 3
60 100 1
5 83 1
56 117 1
95 136 2
53 19 1
118 14 1
5 1 4
0 105 3
65 78 4
45 38 4
125 34 4
87 22 3
147 29 3
138 137 4
54 72 1
130 16 1
61 66 3
141 20 4
46 134 2
49 104 2
58 14 1
134 19 4
77 128 2
120 143 1
60 64 3
13 70 1
135 49 2
34 120 4
52 90 3
10 98 2
100 0 4
141 120 2
37 8 4
111 93 1
88 87 3
108 22 3
70 115 3
29 86 1
100 101 3
97 29 2
91 95 3
119 118 3
105 149 4
75 12 4
106 129 3
129 63 1
119 93 3
35 84 3
52 60 3
132 136 1
131 59 1
130 74 4
111 79 1
45 31 3
10 53 3
43 110 1
51 57 2
66 25 1
81 134 3
127 149 3
16 81 3
21 130 1
43 92 3
89 141 2
19 6 1
144 83 1
19 113 2
61 62 4
26 36 4
62 52 1
48 133 2
72 83 2
128 17 4
57 107 3
71 4 2
108 69 3
32 3 3
98 106 4
20 143 1
122 107 3
19 115 2
93 44 4
100 14 2
71 118 4
115 96 2
97 138 3
83 73 1
55 70 4
140 38 1
47 48 3
36 92 1
104 38 3
44 33 2
64 130 2
56 141 1
15 106 3
19 48 2
120 69 4
149 91 3
139 7 2
144 34 3
73 72 2
95 130 1
25 137 1
125 5 1
18 86 2
26 120 4
112 81 4
75 131 2
47 32 3
114 146 1
51 18 3
99 90 1
23 110 4
93 128 4
64 142 4
37 75 4
79 102 2
87 19 1
112 47 2
77 87 3
74 11 1
135 14 3
134 87 1
39 106 2
32 97 1
95 27 3
126 25 3
38 89 2
94 109 2
117 37 4
30 45 4
141 115 2
40 65 1
121 109 1
101 97 4
23 75 1
55 17 4
41 146 3
61 22 4
22 115 1
32 114 1
55 67 4
9 63 2
51 48 2
4 131 4
26 6 4
64 40 1
104 102 1
147 126 3
73 4 4
45 3 3
108 88 4
55 146 2
39 30 3
2 65 3
17 71 4
37 63 1
115 61 3
21 30 3
10 93 3
31 75 1
112 122 3
141 65 3
14 57 1
35 65 1
18 30 3
97 148 2
31 114 3
48 24 3
50 36 1
33 73 1
62 114 3
12 48 2
88 74 1
10 52 4
115 103 3
13 29 2
141 100 3
117 13 4
22 118 2
135 92 2
74 32 2
56 34 1
57 110 2
86 19 2
49 41 1
38 11 2
106 54 2
116 39 2
74 109 4
17 12 2
28 87 1
102 66 2
74 122 2
113 115 2
44 25 4
55 63 1
66 98 3
77 97 3
127 146 3
120 52 2
137 47 3
138 112 1
134 72 1
38 92 3
19 85 4
112 102 4
144 51 2
112 61 1
45 39 2
104 120 3
118 52 4
25 118 1
106 5 2
6 133 4
47 138 3
94 56 1
104 106 2
30 80 1
90 25 3
87 101 4
143 28 3
48 91 1
28 13 3
100 132 2
72 14 1
116 28 4
125 110 2
107 38 1
11 0 4
59 41 1
77 105 2
97 120 4
129 64 2
99 31 2
82 67 4
82 127 2
14 137 1
80 106 4
92 105 3
28 142 1
75 96 2
12 138 4
126 114 4
51 63 2
116 42 3
1 94 4
116 138 2
118 47 3
141 63 1
34 65 4
28 122 2
68 44 1
117 131 3
46 30 4
95 122 4
138 66 3
44 105 2
135 63 1
26 125 1
27 99 2
98 44 3
73 30 3
44 28 1
65 71 4
73 61 4
61 128 4
64 121 4
62 55 1
146 48 4
90 106 2
63 21 3
124 82 4
97 44 3
37 81 4
54 95 3
48 72 4
5 119 1
5 36 4
133 139 3
68 62 4
22 109 4
97 130 3
8 73 1
69 135 4
108 55 2
83 96 4
66 6 1
114 120 4
26 138 1
24 114 3
0 134 2
58 11 4
145 135 2
5 46 4
78 30 2
102 59 3
114 59 1
117 2 1
117 94 4
46 56 1
107 115 3
91 63 4
125 68 2
24 132 2
43 1 3
61 125 1
47 20 3
67 12 3
138 3 2
114 140 4
138 71 4
60 121 2
68 82 1
44 116 3
77 140 1
28 23 2
63 19 4
68 71 4
86 133 4
110 10 3
35 51 2
59 61 1
120 30 2
47 56 1
15 121 2
45 24 4
25 17 4
139 40 2
64 89 1
100 41 4
138 28 3
119 2 3
77 137 4
8 76 2
146 2 1
23 92 2
94 13 1
100 53 4
89 41 4
98 147 2
115 65 2
69 103 2
13 52 3
69 65 3
112 43 1
5 22 3
129 33 3
89 105 3
49 43 3
58 78 4
3 46 1
116 32 4
134 110 4
17 0 4
46 106 4
43 37 4
15 71 2
132 114 4
49 81 3
1 91 4
128 105 1
137 80 2
13 74 2
51 120 3
73 139 2
87 82 4
6 5 4
90 137 3
124 48 1
64 115 3
82 69 2
138 40 2
27 115 4
81 22 4
36 88 1
30 77 4
106 120 1
75 54 1
58 133 4
60 134 4
142 63 2
122 89 3
105 114 4
94 34 2
90 19 3
29 20 2
96 28 1
130 113 1
149 72 3
71 43 4
98 118 4
29 9 3
49 39 2
87 79 2
66 107 1
93 133 2
32 0 3
11 7 3
26 130 1
55 25 4
73 123 2
26 89 4
16 68 1
118 107 1
89 65 3
145 43 4
132 19 3
58 77 3
119 59 4
21 53 1
90 125 1
60 135 1
84 12 2
44 34 3
62 103 4
118 123 2
27 52 2
43 15 3
99 120 2
55 145 4
149 141 4
121 12 1
60 83 1
15 80 1
109 7 2
101 81 4
90 96 3
122 42 1
82 24 3
128 134 1
5 149 4
147 115 4
79 132 1
72 94 3
75 32 3
53 34 2
84 22 1
34 72 2
149 135 3
107 50 2
128 48 3
46 47 2
102 109 1
130 8 4
134 11 1
56 30 3
80 48 2
58 76 4
22 141 3
10 55 3
16 6 2
59 34 1
43 57 2
92 50 1
128 54 3
13 134 3
19 98 4
141 1 1
130 18 3
119 62 2
45 106 1
58 32 3
48 59 2
20 137 1
5 67 3
109 108 2
29 68 2
139 63 3
42 142 3
117 112 2
77 4 4
83 49 2
14 56 3
70 27 4
104 131 1
17 8 2
74 22 1
56 84 4
66 0 3
24 99 3
107 119 4
9 115 4
143 34 4
36 104 4
35 144 2
29 60 4
33 122 3
137 70 1
3 71 1
97 40 3
148 33 4
55 114 4
38 30 4
17 91 3
11 89 3
6 9 3
57 62 1
53 39 4
52 18 3
34 91 3
52 83 1
120 129 4
104 56 3
71 55 1
4 23 4
5 108 2
144 124 2
143 81 4
69 75 2
105 76 1
123 107 2
142 20 4
93 118 3
134 144 3
107 95 4
96 17 1
61 136 2
55 133 1
149 24 4
57 149 2
147 46 2
139 47 1
127 0 4
112 35 3
18 39 1
145 143 2
121 76 2
29 106 1
143 50 2
115 119 3
77 76 3
52 80 1
96 119 2
94 133 1
127 65 4
11 100 1
104 31 1
117 59 2
111 90 3
116 23 1
5 52 2
101 47 3
125 29 1
106 72 4
84 131 3
112 30 2
19 50 1
97 98 4
83 38 2
84 70 2
76 0 2
108 77 3
112 140 2
1 128 4
128 118 2
77 113 1
74 6 3
68 114 3
45 130 2
22 56 4
54 59 4
59 57 2
113 58 4
52 1 2
72 145 2
67 20 3
143 56 3
127 62 4
144 139 3
15 98 2
38 132 2
63 33 3
107 137 1
139 125 2
59 17 4
25 61 2
21 62 2
21 93 2
17 121 2
63 117 2
93 86 3
10 103 1
110 22 1
107 64 2
37 129 4
37 54 2
8 32 1
137 82 3
120 100 4
9 36 3
26 54 2
110 138 1
59 99 4
32 134 1
146 25 4
148 132 1
73 84 3
73 120 1
123 97 4
99 105 2
30 86 4
128 31 3
88 43 3
21 98 2
64 94 2
125 60 4
58 70 2
18 118 2
108 29 1
137 136 4
38 144 2
18 141 4
28 124 3
140 17 4
48 110 1
32 136 1
0 12 1
79 29 3
124 98 3
140 88 2
98 49 3
145 80 2
34 73 3
138 122 4
104 72 4
25 74 2
20 103 1
0 5 2
92 130 4
31 143 2
17 57 4
6 42 2
31 7 2
149 148 3
115 34 4
74 42 2
19 101 2
115 38 4
110 46 3
0 9 4
35 79 4
139 114 4
100 26 3
111 54 2
126 95 3
79 137 4
6 89 3
87 118 1
71 126 2
78 128 3
43 2 1
76 9 2
93 50 3
10 125 3
119 127 1
66 32 3
115 73 2
13 124 3
93 70 4
43 135 3
126 82 1
79 88 3
21 23 1
130 107 3
76 81 1
145 45 4
60 12 3
15 122 1
103 90 1
101 132 3
108 6 1
139 15 3
71 46 2
94 144 3
119 41 2
52 103 2
126 127 4
31 140 3
50 56 3
117 123 3
49 5 3
93 101 1
25 77 4
129 81 4
41 21 2
47 38 2
94 142 4
18 83 3
74 137 1
48 15 4
118 88 1
15 11 2
123 100 1
21 10 1
118 136 1
139 84 4
142 62 2
121 14 4
136 79 1
127 79 1
10 83 1
77 74 3
10 1 2
73 135 2
143 149 2
58 36 1
68 52 2
39 91 1
76 25 1
25 69 4
69 42 2
121 95 4
123 145 2
100 137 4
122 12 2
103 100 4
41 62 2
110 140 4
121 141 1
135 140 1
68 86 4
39 68 1
124 141 2
119 40 3
54 14 4
20 139 2
54 99 3
75 58 3
82 112 2
128 35 2
81 90 4
92 132 3
7 102 2
63 89 4
20 144 3
4 135 4
149 12 3
74 87 3
77 49 1
52 8 4
144 138 4
81 74 1
1 126 1
117 71 3
21 131 2
75 51 4
136 28 3
80 123 2
146 43 2
147 145 1
37 6 3
6 43 3
68 49 2
132 18 4
136 59 3
122 6 2
140 89 1
2 97 1
21 22 3
104 137 4
40 124 3
1 58 1
41 39 4
2 114 2
114 26 1
123 128 1
93 102 4
33 13 1
93 83 2
140 145 1
131 125 3
46 128 1
15 13 3
104 19 1
103 133 3
137 0 3
75 132 3
15 146 2
142 77 1
110 36 1
95 142 3
103 63 3
70 7 4
114 6 4
63 136 4
3 101 2
115 30 3
23 100 3
103 76 3
58 115 1
92 113 2
68 5 2
120 133 1
66 123 3
99 22 4
135 113 1
12 25 4
149 33 4
114 41 3
90 87 4
56 74 2
9 113 4
44 92 4
75 94 3
138 59 1
66 77 4
30 142 3
28 133 2
112 106 2
40 87 1
40 143 4
40 92 3
2 69 4
112 71 3
68 1 1
50 124 1
51 2 4
129 84 3
37 68 3
104 26 3
28 34 1
121 110 3
15 131 4
133 65 1
35 76 2
32 43 1
100 94 3
81 132 3
115 57 2
125 31 2
147 91 2
5 77 4
138 65 4
125 96 3
123 137 4
20 53 1
58 62 2
24 55 3
27 32 2
96 9 4
21 86 3
0 135 3
96 54 1
139 91 3
45 124 1
35 75 3
131 111 4
46 27 1
29 5 2
142 89 2
81 69 3
26 106 1
148 62 1
124 72 4
26 97 2
103 146 2
43 9 1
42 49 4
14 82 2
146 148 4
54 40 2
30 122 1
3 41 1
48 8 2
46 40 4
134 3 1
127 34 2
135 47 1
19 81 3
139 142 3
64 19 3
130 105 2
105 29 3
2 121 2
64 144 1
15 77 3
92 89 3
91 101 1
36 123 4
9 14 1
98 126 1
147 53 2
80 17 1
13 11 4
97 39 3
124 105 3
38 60 4
82 104 4
46 114 3
102 106 3
143 43 1
70 8 4
127 133 2
137 146 2
70 46 1
103 4 3
143 52 4
120 14 3
115 52 2
15 12 4
45 143 2
96 48 4
148 36 3
68 88 3
64 123 2
129 75 2
149 20 3
105 82 3
118 6 4
76 46 3
132 9 4
79 15 3
58 80 1
106 59 1
138 38 4
58 141 3
66 68 4
98 87 4
95 53 3
139 130 3
144 68 1
49 123 2
42 112 1
14 29 3
122 44 1
9 47 4
84 130 2
143 19 3
86 112 1
62 144 2
56 64 3
53 99 1
10 92 3
6 123 3
44 110 2
68 94 4
138 117 2
141 106 2
15 10 4
49 110 3
138 128 3
128 104 3
143 110 2
142 134 3
36 103 1
126 94 4
56 139 4
12 91 1
67 144 1
63 107 3
15 133 3
52 28 1
99 66 4
93 67 2
102 141 2
75 47 1
40 26 1
144 110 2
134 16 2
86 7 3
85 28 4
124 146 3
44 145 4
41 54 4
65 93 4
132 86 2
58 137 1
72 21 3
147 14 1
85 66 4
51 32 4
48 97 1
71 10 1
84 92 4
118 73 4
46 139 1
90 44 1
20 70 2
144 14 2
59 52 3
16 127 2
81 3 4
82 99 3
52 3 1
37 80 1
128 19 4
4 116 4
141 95 2
115 62 1
121 41 2
84 8 1
85 80 3
56 27 1
23 103 1
5 24 2
12 144 1
140 39 2
138 87 4
79 145 4
87 111 2
121 20 1
24 8 1
29 87 1
52 49 1
34 147 3
79 3 3
107 148 1
107 102 1
146 135 2
23 39 3
144 84 2
76 94 4
111 36 1
15 117 2
19 118 1
111 103 1
28 22 3
73 148 4
70 1 3
144 5 1
44 23 4
148 78 2
41 22 2
34 60 4
109 122 2
70 139 3
126 48 2
93 107 3
128 4 4
106 130 1
132 131 1
65 76 4
122 3 2
49 127 4
45 53 3
111 50 1
50 53 3
16 39 2
36 7 3
79 1 3
20 50 2
33 37 2
31 85 2
45 120 3
87 109 3
104 110 1
27 42 4
126 33 2
149 8 4
77 18 4
83 75 1
101 105 1
121 19 2
48 78 4
4 112 2
117 83 1
139 55 1
48 57 1
25 141 3
77 24 4
6 143 3
34 109 3
66 131 3
99 125 1
118 31 4
115 129 4
22 138 4
51 78 1
101 85 4
130 115 3
27 50 4
26 92 3
43 117 4
50 119 2
41 73 3
76 37 4
114 96 4
20 132 4
44 121 4
101 14 2
142 11 3
71 54 1
82 141 4
24 120 1
120 134 1
82 115 4
137 147 2
106 0 1
40 20 2
109 2 1
50 45 1
9 137 1
64 28 4
137 56 2
145 7 3
100 63 4
20 57 2
112 104 3
73 95 1
26 124 1
91 23 4
104 69 3
75 141 2
125 142 1
108 121 2
136 60 3
6 81 2
25 22 3
101 147 2
133 54 4
22 128 3
37 9 3
141 77 1
15 64 2
32 34 4
14 142 1
36 70 2
83 76 1
94 8 2
0 118 2
130 91 1
19 129 4
27 29 2
126 135 4
0 1 2
89 94 2
91 144 3
101 148 4
27 40 2
64 68 1
94 84 4
113 17 1
57 143 4
2 74 2
54 121 2
95 103 3
16 105 2
1 97 3
85 53 2
93 24 4
60 108 4
5 58 3
89 96 3
138 99 1
10 100 3
131 140 3
120 149 3
142 90 4
87 129 2
94 78 1
88 44 3
140 72 4
122 84 2
122 68 2
99 44 2
114 111 1
33 62 2
104 130 1
110 122 3
122 54 4
101 37 4
69 116 2
85 56 1
121 112 1
103 129 4
103 66 1
72 53 2
112 66 2
69 121 4
34 29 2
50 32 1
27 100 1
82 58 4
81 85 3
53 67 2
83 85 4
44 143 3
95 6 2
76 68 4
99 95 4
146 26 4
126 92 4
116 70 2
41 74 1
61 31 3
11 130 3
142 97 3
68 13 1
89 85 4
149 97 2
23 10 1
110 111 2
35 24 3
8 21 4
36 147 4
24 84 1
11 70 2
93 29 4
12 55 1
113 38 1
46 58 1
73 132 3
30 67 3
44 96 1
96 85 1
138 127 3
129 47 1
72 125 3
39 112 1
45 142 1
18 98 4
149 125 4
6 127 3
75 77 3
119 10 1
20 66 3
117 84 1
90 29 3
26 140 3
122 56 3
23 46 2
32 91 1
31 74 2
40 30 3
118 42 4
83 71 3
2 127 1
13 73 2
104 48 3
1 135 3
67 64 3
82 66 2
37 51 4
6 131 3
27 12 1
110 75 2
2 21 1
126 111 1
148 92 1
24 17 4
114 35 1
126 18 1
107 143 1
16 57 2
81 54 1
39 55 4
84 21 1
114 1 1
127 142 1
79 104 3
81 124 4
139 29 4
106 63 2
77 59 1
21 97 2
138 108 3
141 61 3
102 48 1
45 2 3
29 28 3
38 95 4
132 21 4
98 59 2
84 125 4
128 42 1
124 43 2
46 75 2
48 63 4
16 0 2
41 124 4
55 89 3
4 43 1
125 37 1
91 135 4
99 45 4
104 11 3
65 96 4
128 16 4
137 115 2
52 136 1
81 65 4
147 11 4
147 122 3
11 125 2
49 133 2
63 138 4
37 100 1
12 143 4
131 133 3
122 38 4
4 68 4
59 7 2
35 62 2
109 145 2
60 73 1
59 130 1
50 14 2
13 19 4
120 40 2
34 27 4
118 60 2
2 122 2
16 62 1
111 139 2
108 82 1
122 11 2
0 114 2
44 117 4
142 53 4
43 98 2
57 3 2
48 79 4
27 68 1
58 130 4
111 48 2
91 109 3
20 32 4
139 76 3
74 108 1
29 0 3
124 51 4
144 106 2
123 65 4
42 149 1
142 1 3
53 107 2
128 139 4
46 133 3
133 51 3
34 63 3
139 149 1
12 110 1
136 116 1
85 99 4
3 95 1
123 75 2
122 47 4
120 102 3
28 6 2
98 54 1
72 46 1
114 92 1
55 64 1
95 71 3
31 100 1
9 109 3
58 59 4
61 124 3
46 49 2
103 37 3
98 138 3
147 38 4
11 69 3
49 112 3
38 65 2
123 86 2
56 103 2
85 142 4
25 40 1
41 35 4
3 109 4
32 26 4
111 102 1
149 69 2
108 61 3
67 0 2
44 84 1
91 128 2
107 129 3
23 148 2
39 93 4
59 94 3
98 81 1
25 82 2
78 15 3
57 95 3
135 125 4
100 144 1
105 34 4
149 146 4
5 31 2
4 22 2
34 76 1
137 76 1
93 13 2
77 22 3
121 87 2
110 132 4
125 69 3
108 106 3
130 87 1
134 28 4
63 27 1
71 144 2
35 129 1
22 86 4
49 94 3
73 67 4
11 115 1
31 106 2
92 125 3
5 28 3
22 75 2
89 83 4
94 54 1
41 134 2
4 18 4
148 85 1
135 26 3
73 22 4
85 118 1
14 12 3
85 122 3
96 128 1
129 102 2
131 107 1
52 41 4
10 43 1
111 101 2
90 51 4
47 87 2
22 82 3
84 79 4
111 84 1
37 136 1
52 84 4
124 136 3
5 37 2
130 49 2
41 109 2
36 74 3
83 87 3
99 61 2
50 112 2
135 13 1
89 139 1
12 130 4
117 74 1
133 30 4
3 40 3
124 117 1
81 78 1
49 13 2
57 49 1
53 66 4
127 97 1
95 10 1
11 132 4
5 9 4
106 94 1
126 4 3
16 28 3
88 92 4
73 89 3
134 96 3
0 120 1
59 101 4
107 41 2
34 133 3
32 104 4
94 69 1
117 97 1
37 123 4
0 97 4
38 56 2
47 117 2
138 9 4
115 20 3
141 117 1
58 144 2
90 73 4
140 37 1
76 10 1
149 13 4
107 74 2
130 122 2
14 89 1
4 84 2
131 91 4
2 91 2
58 15 1
30 102 1
64 145 4
60 146 1
91 11 2
137 139 2
142 113 3
70 118 2
51 138 1
36 117 3
95 86 2
96 137 1
56 101 4
12 89 1
80 65 4
55 69 1
36 49 4
117 113 1
84 45 3
140 4 1
117 95 2
106 76 2
53 94 3
124 102 3
69 26 3
120 65 4
145 106 2
6 18 1
109 49 4
25 68 4
120 140 1
125 115 4
2 83 1
48 121 4
135 9 4
134 101 1
1 3 4
73 58 3
30 48 1
104 101 3
39 73 1
3 44 2
148 56 4
34 24 1
73 141 1
69 76 4
84 93 2
10 115 1
20 5 3
83 145 4
118 44 3
56 11 4
146 128 4
11 113 2
43 79 3
13 146 2
32 146 3
17 144 3
55 79 1
142 32 1
54 25 3
111 76 4
144 3 4
55 81 1
138 77 3
116 100 1
95 119 3
80 3 1
32 121 4
77 57 1
133 20 1
114 58 2
123 132 4
96 51 4
51 38 3
79 124 2
35 105 3
9 48 3
85 49 1
35 16 1
12 100 2
143 51 2
87 27 4
61 80 4
98 50 4
37 87 3
85 16 1
136 138 4
68 109 1
34 118 1
88 65 2
130 127 2
128 73 1
88 69 4
22 113 3
37 108 4
89 86 1
144 95 1
125 143 1
26 86 2
23 63 1
139 36 2
72 56 4
8 26 4
35 46 3
74 147 2
36 86 4
137 18 1
17 32 3
123 21 3
13 87 3
85 76 3
34 36 2
141 17 1
109 16 3
58 65 4
29 91 3
58 39 2
142 69 2
111 29 4
101 80 2
61 15 1
62 29 1
121 124 3
49 64 2
31 19 3
67 116 4
63 60 3
65 95 4
127 89 1
64 124 2
12 103 4
80 49 1
83 32 2
68 21 4
91 99 1
91 140 3
17 134 1
64 140 3
36 13 4
85 62 3
133 110 1
62 120 1
28 93 2
141 68 4
49 76 2
90 50 1
107 2 3
130 88 3
92 59 3
140 52 2
115 131 2
55 96 1
149 118 1
38 111 3
89 120 4
43 149 4
79 30 3
80 50 2
15 25 2
94 91 3
115 12 3
60 87 1
55 147 1
98 146 2
97 125 2
24 42 4
79 37 2
31 77 1
61 81 1
29 146 1
138 57 1
55 73 2
11 118 4
97 147 2
104 133 1
15 76 1
59 4 1
28 43 1
14 106 4
125 101 4
98 58 3
31 72 3
110 78 4
113 31 2
143 3 3
41 116 4
45 140 1
55 124 1
4 55 2
66 95 3
12 2 3
14 111 2
106 53 2
58 20 4
74 89 1
7 111 2
68 100 2
124 120 2
64 57 2
124 78 4
77 62 3
105 69 1
122 127 4
123 13 3
113 5 2
9 99 1
114 97 1
92 52 3
34 77 4
136 57 4
142 29 4
116 29 3
62 79 2
137 84 1
86 147 3
140 30 4
29 50 4
46 112 4
36 83 1
56 29 2
72 142 4
58 10 1
91 129 2
127 13 1
25 98 2
49 27 1
61 91 3
27 132 1
12 142 4
76 33 2
27 72 4
113 26 1
71 143 2
26 70 2
128 122 3
96 147 1
72 35 2
101 62 1
98 114 3
110 0 2
14 7 4
135 10 3
80 18 2
16 51 4
105 140 1
67 19 4
37 82 1
148 48 1
6 80 2
45 88 2
51 128 4
33 97 2
48 37 3
84 108 4
129 144 4
95 49 2
74 4 2
16 90 1
48 34 1
103 21 4
23 124 1
2 116 4
131 78 4
41 118 2
0 145 2
50 96 3
99 136 2
68 7 3
98 145 3
86 16 1
99 83 2
46 33 4
5 76 1
96 127 1
69 59 4
132 106 3
12 36 2
124 125 4
131 35 1
27 33 1
3 104 3
10 138 1
122 118 3
69 57 1
21 46 4
19 122 4
149 140 2
52 48 2
80 113 2
49 63 2
51 1 3
91 125 4
85 52 4
51 74 3
16 73 4
64 81 2
63 88 4
22 32 4
56 24 1
83 51 1
54 31 3
31 107 1
50 18 4
52 144 1
131 51 3
24 40 1
6 32 1
141 133 1
15 3 2
36 28 4
71 142 2
58 147 3
128 37 1
86 85 3
63 84 4
63 118 3
126 131 3
130 23 2
115 124 4
106 30 4
33 137 2
128 44 3
130 30 1
146 120 3
44 50 1
122 61 2
19 141 3
125 33 1
28 94 2
55 20 4
88 32 2
63 85 3
18 72 2
127 19 3
61 137 4
93 99 4
135 116 4
61 49 4
45 70 3
73 11 2
72 127 4
55 57 3
147 8 1
117 48 2
25 13 1
137 6 3
14 30 3
72 33 2
61 109 3
7 56 3
51 145 4
77 50 1
90 11 4
96 52 3
2 20 1
136 50 1
1 42 2
22 62 3
3 118 3
72 45 3
83 30 1
149 23 4
46 98 3
144 75 2
107 40 3
90 89 2
116 74 3
51 127 3
94 85 3
112 135 2
104 136 3
130 128 3
83 111 2
15 49 3
101 4 3
30 98 4
10 51 2
60 11 4
130 62 2
36 76 1
120 116 3
31 35 2
37 13 1
54 70 1
118 79 2
83 12 4
31 66 2
62 117 2
132 94 3
136 144 2
52 35 1
91 138 1
125 87 3
70 5 1
85 67 2
130 132 2
63 112 3
130 124 3
66 33 4
49 88 2
120 76 2
2 115 1
57 9 3
86 33 2
53 41 1
6 125 1
26 128 4
85 107 2
57 29 3
129 29 1
108 91 4
130 20 3
132 134 2
98 135 3
15 55 1
130 148 1
100 58 2
82 59 2
2 136 2
72 7 1
46 136 2
56 86 4
109 32 4
86 46 1
6 64 1
45 49 3
9 77 4
49 24 4
86 124 2
27 122 1
18 20 1
86 82 1
60 4 3
26 16 2
24 50 2
24 87 4
66 91 1
78 112 1
94 105 4
85 108 1
136 85 3
76 88 1
128 86 1
131 98 4
47 14 3
10 86 1
107 111 3
104 2 2
33 18 4
1 12 3
52 110 1
144 104 3
72 22 3
127 120 1
75 107 2
86 109 4
41 128 3
91 41 3
109 55 2
145 144 1
36 85 3
129 24 3
112 127 4
29 144 3
33 138 3
22 40 1
6 39 3
16 95 2
83 110 1
3 4 4
145 34 1
60 59 1
125 20 4
21 49 3
34 39 2
129 18 3
54 84 2
