11063 150
0 136 3
136 95 7
0 73 4
95 60 6
0 14 2
73 146 4
73 134 3
95 98 8
73 74 3
136 103 3
103 97 4
14 24 2
98 102 5
0 3 7
134 113 5
97 48 7
103 51 7
74 80 1
97 135 6
80 82 2
0 62 3
3 12 5
134 43 9
60 94 3
48 122 8
102 22 4
94 37 3
22 32 1
103 34 3
60 55 1
97 84 4
97 61 1
73 42 7
60 131 1
94 68 4
80 127 6
61 129 7
48 100 8
37 1 7
129 88 4
48 86 5
131 67 1
62 16 3
98 9 6
67 8 7
113 52 8
24 56 2
135 105 9
103 46 9
3 4 9
9 30 5
80 75 4
88 93 8
51 38 4
103 107 1
56 141 6
122 111 1
46 33 1
0 25 5
122 117 3
37 66 6
12 142 2
97 106 9
61 137 4
80 10 6
55 40 8
68 121 4
38 109 3
94 140 2
37 36 1
36 31 7
95 101 6
9 104 1
146 148 4
86 138 4
1 143 1
141 45 1
4 118 6
122 99 1
74 92 3
32 49 1
141 139 6
95 69 4
8 17 7
102 87 6
104 53 3
67 35 3
68 54 5
61 15 5
51 7 8
140 5 5
49 124 2
25 50 7
94 58 1
14 76 4
88 145 7
107 78 2
105 110 3
53 2 4
25 29 7
93 128 7
75 18 7
30 11 5
36 63 9
49 120 6
121 90 3
29 47 1
58 57 2
141 23 7
3 59 4
37 123 4
56 130 6
30 85 4
84 147 6
10 83 9
128 81 3
18 6 4
145 72 2
62 20 1
24 126 3
76 79 9
85 96 2
61 39 3
29 77 3
5 41 6
97 64 3
80 91 3
3 108 9
78 19 9
103 125 9
136 21 3
64 65 3
65 28 2
101 70 5
88 116 5
104 26 2
111 119 2
117 149 7
113 144 5
90 132 3
118 89 2
109 44 3
129 133 5
94 112 4
57 115 6
52 27 5
34 114 6
27 13 4
85 71 6
2 59 1
63 59 1
57 88 1
26 51 1
99 70 3
125 71 1
0 18 2
54 91 4
38 63 1
128 139 3
87 30 2
2 93 4
83 141 4
5 77 2
30 112 1
31 74 1
131 11 2
19 18 4
14 47 3
140 123 4
132 13 3
137 92 4
122 120 3
98 0 4
29 7 2
99 114 3
18 84 2
68 71 3
97 12 1
108 12 2
66 80 4
146 71 4
144 130 1
6 51 4
14 82 1
139 101 2
130 90 1
126 144 2
129 10 3
41 15 2
132 74 3
96 82 3
135 51 4
112 59 3
18 80 1
4 144 1
49 115 1
49 65 1
16 60 1
44 28 2
124 88 1
42 84 4
102 73 4
112 104 4
135 133 2
120 4 4
147 29 4
86 8 1
34 4 4
24 63 1
40 101 1
114 122 4
16 80 3
23 53 4
141 57 3
118 19 3
112 63 2
113 50 1
70 8 4
52 57 2
147 19 2
80 86 3
11 93 4
91 75 3
36 38 3
140 7 2
114 125 4
47 2 4
33 23 4
72 124 1
5 90 4
26 20 4
139 77 2
27 31 4
93 43 3
43 139 2
81 42 2
139 23 4
18 79 4
55 49 1
8 40 2
53 97 3
19 35 2
13 113 2
63 7 2
62 33 1
52 141 1
12 99 4
28 19 4
106 71 3
104 16 1
86 32 4
58 144 2
125 38 3
20 23 1
115 38 4
73 76 1
130 143 1
60 51 4
35 131 4
74 134 1
119 53 3
147 81 3
131 117 2
108 147 2
115 114 3
99 106 4
135 17 1
28 122 1
116 71 1
19 121 2
136 1 1
28 60 2
140 58 2
37 32 3
83 147 3
111 148 1
40 74 3
85 143 4
2 30 2
105 140 2
48 28 4
52 117 3
123 90 2
97 21 2
136 83 3
109 149 1
12 58 3
27 68 4
36 85 3
138 94 4
109 121 3
55 107 4
128 79 4
142 69 2
32 131 3
80 53 2
120 102 2
74 71 1
8 111 2
21 14 3
9 130 4
29 97 3
74 112 4
112 107 3
14 72 3
6 96 4
99 63 2
115 37 2
80 120 1
64 140 3
27 83 3
131 47 4
67 41 2
20 46 1
78 138 3
148 138 2
96 121 1
145 47 2
59 6 4
103 124 1
128 91 2
69 125 2
145 32 1
42 37 2
90 131 2
108 9 2
4 86 2
16 29 3
72 37 4
56 117 3
45 101 3
23 105 3
107 39 3
106 40 1
121 122 1
9 6 3
25 30 2
114 112 4
63 39 1
98 37 4
45 121 3
78 39 3
112 109 1
97 65 1
84 56 4
56 38 4
100 44 1
20 138 2
67 137 4
10 126 1
39 84 1
149 95 4
144 66 3
91 3 2
78 105 4
36 52 4
56 14 1
99 146 3
89 45 3
81 123 1
59 27 4
39 74 4
89 73 2
122 36 1
67 44 1
5 80 1
22 100 1
52 130 2
54 99 3
97 23 1
64 16 4
146 101 2
32 42 3
7 131 3
129 102 1
2 8 4
75 39 1
21 116 4
55 74 4
57 111 1
130 71 3
143 67 4
53 78 3
92 4 3
59 80 4
138 100 4
36 21 4
41 125 4
88 31 2
146 47 2
113 72 3
35 85 4
73 17 1
67 52 4
61 140 1
94 91 1
22 143 4
132 94 4
12 76 1
20 3 3
38 44 4
8 30 1
100 58 1
67 56 4
147 43 2
62 72 1
40 79 2
8 71 3
14 30 1
79 122 2
110 32 3
118 124 4
114 126 1
135 134 1
68 89 4
64 31 4
112 138 4
19 89 2
54 148 1
109 50 4
6 143 4
65 63 2
23 132 3
78 41 1
149 8 4
46 109 1
147 41 1
101 108 1
128 123 2
57 13 4
39 54 4
66 68 3
66 142 3
118 54 3
80 143 1
4 107 3
98 41 1
1 41 3
89 58 3
122 136 2
118 80 1
43 98 3
27 65 1
71 69 3
65 82 3
16 48 4
95 58 3
46 101 3
10 139 3
144 29 1
122 12 2
137 55 4
51 145 3
76 84 3
134 71 1
13 72 4
138 98 2
71 9 2
134 54 1
50 49 1
19 117 1
35 57 1
115 30 4
43 41 3
46 115 2
11 6 1
137 8 1
76 137 1
100 79 2
145 85 3
82 122 3
106 59 4
18 63 2
92 98 1
94 125 2
53 64 4
8 121 1
4 50 1
71 79 4
144 70 3
18 9 2
89 22 2
130 78 3
135 101 1
55 68 4
116 28 4
109 47 4
21 115 3
45 142 3
101 109 4
107 115 4
91 133 1
27 141 2
144 27 1
125 121 1
34 110 1
67 20 4
129 7 2
91 45 3
103 60 3
72 117 1
32 116 1
42 101 1
98 134 1
120 140 3
81 107 3
25 65 3
32 118 1
134 30 1
110 33 1
24 123 3
48 62 1
15 33 3
104 50 2
115 129 3
50 102 1
6 69 3
22 121 4
144 81 1
136 51 3
69 147 4
135 39 1
33 70 4
41 128 1
113 93 2
33 18 1
48 132 2
41 17 4
149 140 3
73 43 1
136 135 4
4 102 3
142 26 2
17 23 1
92 17 1
24 124 2
140 126 3
64 7 2
139 19 2
137 47 3
96 75 4
54 24 1
78 139 3
82 87 3
24 92 4
77 26 3
33 113 4
100 147 1
62 114 1
12 38 3
28 40 4
127 97 1
91 12 4
23 10 4
52 149 2
72 44 2
58 85 4
52 68 2
62 96 4
130 89 2
98 55 3
84 40 4
14 139 2
51 30 3
39 128 2
120 130 4
96 28 1
103 10 2
71 123 3
91 71 3
113 91 1
75 38 2
133 25 4
43 1 1
107 13 1
13 37 2
89 36 2
56 70 1
36 58 1
29 131 3
140 53 3
46 116 2
92 108 1
115 1 3
115 109 4
44 89 1
148 131 4
142 92 1
78 31 3
105 64 4
30 12 3
68 123 2
39 122 2
106 105 3
105 56 4
3 64 1
147 94 4
68 146 3
148 133 1
9 97 4
110 14 4
133 78 1
29 20 2
129 74 1
96 36 4
125 83 3
118 26 1
69 37 3
23 64 2
145 148 2
3 104 4
123 86 3
52 107 1
112 33 4
31 115 2
25 32 2
107 35 3
83 101 1
44 140 4
88 131 2
116 42 2
9 4 1
130 11 1
78 136 3
105 82 2
115 100 4
80 101 1
137 37 3
105 127 4
48 74 4
38 135 1
89 69 2
121 71 4
14 114 4
94 100 4
20 130 2
54 28 3
33 72 1
92 39 3
27 61 1
112 95 1
23 91 1
123 55 2
132 3 3
103 72 4
15 74 1
94 51 2
120 59 3
24 135 3
93 27 4
141 116 4
26 0 3
142 100 1
93 97 2
34 47 2
48 124 4
80 149 1
7 130 4
80 45 4
83 106 2
67 114 4
142 134 2
135 117 3
12 133 1
129 96 1
54 38 4
64 74 1
123 41 1
84 140 4
73 130 1
81 120 3
117 38 2
93 99 2
62 70 4
132 145 4
130 87 3
19 70 4
102 89 1
56 103 4
34 108 2
20 63 3
117 6 1
35 50 4
74 4 3
143 134 2
141 125 4
99 8 1
69 65 2
41 134 3
29 114 2
90 35 4
2 15 2
28 64 2
143 114 4
55 36 2
102 99 2
26 107 4
67 124 2
55 19 2
14 51 1
129 84 2
63 116 2
80 36 3
112 121 3
18 116 2
45 111 1
107 90 2
79 31 2
69 74 1
6 110 1
93 31 3
146 27 3
141 61 1
96 135 2
113 119 3
106 117 1
36 95 4
63 71 4
116 147 4
111 72 3
145 38 2
40 92 1
78 40 4
24 10 1
126 88 3
3 117 4
145 28 4
112 131 4
100 12 4
63 17 4
26 35 3
10 59 2
66 56 2
60 144 2
0 109 3
13 28 3
24 35 2
66 64 3
137 75 3
77 35 4
71 90 2
6 12 3
115 94 2
103 135 1
25 119 2
15 44 2
68 109 2
89 101 2
130 36 1
77 97 4
53 134 2
132 1 3
4 29 4
21 66 1
71 117 2
26 100 4
38 124 2
85 34 1
30 123 1
23 3 3
27 95 2
101 85 2
98 51 3
67 17 4
1 19 2
77 145 2
112 101 3
69 76 1
76 146 3
104 139 1
65 101 3
100 139 4
61 147 3
93 78 1
28 93 1
107 64 3
110 117 4
0 15 1
60 104 3
145 41 1
119 31 1
126 69 3
45 28 1
117 2 3
81 98 4
43 33 2
66 72 4
73 147 2
97 24 3
43 58 2
11 124 2
41 11 2
142 77 3
129 113 2
22 9 1
112 96 1
63 66 4
142 36 4
2 137 1
72 58 1
81 26 4
126 21 4
53 106 1
49 16 1
79 107 1
7 99 3
127 147 1
29 88 2
74 32 3
87 45 1
16 59 3
42 66 2
147 35 1
25 21 4
23 15 1
113 35 4
132 61 1
146 122 3
86 108 3
19 123 1
109 55 1
141 46 4
65 122 4
148 137 4
48 56 3
65 9 1
36 88 4
131 79 3
35 82 2
82 10 3
18 58 4
133 122 3
96 120 1
76 92 4
39 6 1
24 109 4
20 127 2
10 66 2
63 56 4
147 51 1
69 85 1
106 24 1
144 72 3
58 131 2
4 96 1
133 64 3
51 49 3
88 103 2
49 144 3
146 84 4
41 55 3
43 108 2
46 86 3
129 78 2
4 61 4
33 56 4
4 5 3
78 63 1
33 36 1
17 124 1
138 11 2
19 42 3
147 48 1
79 116 3
131 64 3
89 108 1
52 99 2
25 67 4
95 128 1
136 90 1
129 52 1
85 103 1
92 131 1
5 13 1
142 133 1
74 141 4
112 91 3
34 65 2
47 0 2
83 15 2
15 147 4
62 127 4
16 41 2
73 3 1
75 2 1
40 141 1
15 112 4
14 142 1
72 85 3
72 31 1
145 108 4
105 26 2
135 115 3
120 75 4
110 98 4
48 69 4
36 121 3
102 76 3
47 6 2
72 116 2
34 113 3
91 44 1
22 142 3
123 124 4
48 35 1
52 135 3
74 121 4
33 131 2
128 48 2
90 29 1
54 88 4
137 69 3
85 7 2
61 73 4
102 16 2
15 69 2
20 94 4
92 107 1
2 142 2
80 23 4
30 33 2
89 94 2
115 108 3
10 79 2
17 68 1
108 106 1
81 85 3
26 48 1
78 58 4
73 83 4
99 123 1
29 125 2
88 110 1
117 147 1
123 4 1
112 117 2
118 120 3
136 6 3
4 43 1
4 93 4
85 62 3
59 14 2
16 101 3
18 51 4
15 82 4
27 87 2
2 135 4
79 111 3
112 10 3
66 30 3
112 60 4
95 81 3
81 61 2
139 6 4
97 88 2
57 18 2
117 84 4
83 1 3
75 15 1
3 126 4
100 3 1
88 123 2
107 36 3
28 138 1
3 97 1
105 83 3
57 98 1
32 79 2
89 125 4
118 113 1
24 91 1
83 40 4
88 94 4
16 53 4
138 114 1
52 24 3
96 122 2
9 144 1
81 43 3
98 59 3
0 60 1
60 10 4
43 96 4
47 20 3
41 4 4
103 129 4
59 144 2
70 44 4
120 148 3
2 106 4
25 38 4
92 100 1
20 82 1
46 44 3
50 134 1
144 46 2
132 88 3
107 62 4
146 16 1
56 91 1
55 112 1
100 93 3
17 71 2
125 108 1
76 96 3
46 78 1
70 81 4
147 137 4
43 85 2
49 106 3
103 65 3
23 129 4
9 76 3
69 98 3
56 144 4
42 1 1
68 64 3
149 15 3
9 128 1
139 137 2
65 53 1
131 139 3
123 141 4
129 26 3
127 101 2
82 0 1
41 82 1
89 24 3
39 5 1
77 128 2
49 135 3
6 133 3
89 143 4
54 4 1
145 75 2
65 116 2
142 141 2
16 13 4
120 17 3
132 89 2
32 75 3
91 104 2
32 89 1
114 132 1
148 69 1
50 147 1
81 117 1
104 52 3
18 16 2
103 146 4
116 82 1
110 116 1
82 140 1
120 100 1
144 16 4
96 45 1
120 68 2
124 128 3
31 54 2
102 132 3
3 65 2
2 113 3
149 4 3
115 13 1
110 121 3
41 87 3
54 61 1
107 132 3
111 43 1
83 115 3
109 98 2
100 10 2
86 43 3
58 6 1
51 15 2
124 111 3
47 60 1
57 144 1
136 96 4
59 96 2
141 93 1
22 81 1
108 113 4
72 80 2
90 23 3
51 144 3
43 99 1
72 3 3
122 142 4
143 26 4
9 118 4
113 128 2
10 11 4
73 13 2
45 126 1
54 109 4
35 122 2
21 96 1
117 63 2
101 67 1
63 67 4
63 48 3
70 52 2
145 149 1
86 1 4
47 102 3
25 33 4
73 124 4
79 25 1
104 119 4
62 122 1
46 118 2
24 131 2
60 80 3
3 51 3
13 49 3
22 118 2
38 83 4
58 90 3
26 85 4
63 62 3
135 68 4
126 110 1
80 112 3
104 47 4
47 100 4
133 73 3
24 29 2
65 76 3
118 134 3
15 136 3
42 51 2
149 62 4
107 19 2
75 112 1
25 127 4
64 144 3
5 27 3
4 90 1
101 103 2
145 31 3
113 74 3
45 63 4
72 2 1
31 132 4
117 102 3
137 144 2
80 97 1
123 127 1
55 57 4
33 129 2
120 94 1
107 23 4
147 139 2
13 66 3
12 74 2
113 18 4
118 137 4
122 102 3
121 67 4
101 35 4
31 44 2
125 33 4
75 31 4
16 94 1
90 139 3
115 145 4
102 128 4
138 24 1
71 43 4
102 147 3
115 66 4
70 93 1
89 77 4
80 54 2
121 115 3
146 126 3
43 101 3
32 112 1
135 36 4
84 142 1
29 48 3
128 24 1
6 2 3
137 57 1
141 70 3
139 113 3
109 15 2
49 129 1
143 93 2
12 13 1
40 90 3
79 5 3
52 64 1
6 52 4
86 101 4
33 29 2
83 124 1
4 14 3
93 117 4
6 38 4
147 138 2
131 74 3
42 58 4
116 115 4
115 137 2
82 113 2
80 11 2
35 15 2
93 120 1
53 28 4
114 19 3
49 102 2
105 134 3
62 19 3
66 90 4
18 2 3
60 134 4
145 0 2
71 96 4
90 111 2
118 43 3
11 62 3
118 135 1
127 100 3
89 91 1
55 116 3
66 8 2
13 122 2
145 24 1
71 99 1
83 55 4
108 137 2
118 97 4
18 91 1
88 133 3
16 120 2
132 30 3
0 22 4
107 60 2
11 52 2
72 106 1
8 135 4
99 141 2
52 35 2
28 59 4
25 96 1
147 113 4
81 94 2
110 103 1
114 6 1
15 103 3
73 19 4
8 55 2
147 36 3
102 26 2
36 126 3
1 124 1
63 103 2
96 3 3
99 125 3
79 75 2
104 143 2
31 10 3
145 42 4
132 52 4
114 48 3
40 118 2
88 35 3
132 109 3
37 122 3
72 92 4
9 93 2
114 120 1
37 90 2
87 90 1
132 41 2
42 44 4
116 35 3
120 141 3
53 139 2
11 17 4
117 139 1
67 92 2
19 39 2
20 39 2
42 67 4
54 37 2
120 25 4
82 132 2
112 135 2
84 118 4
78 4 3
10 32 3
103 3 3
10 85 2
106 63 1
24 122 3
135 70 3
37 20 4
105 48 3
19 99 1
75 92 3
69 11 3
85 80 1
73 7 4
123 60 1
88 69 3
72 36 2
129 21 3
87 56 1
4 134 1
94 30 3
145 15 2
113 38 1
29 78 4
123 89 4
45 79 1
66 9 2
113 77 1
74 37 1
92 25 3
90 104 2
118 81 3
142 85 1
117 80 4
66 106 3
72 90 4
105 49 4
24 100 2
63 118 4
119 46 3
75 62 4
16 8 3
134 84 3
60 66 3
27 49 4
48 91 3
130 61 2
92 89 2
4 121 4
134 79 2
86 55 3
53 146 4
30 60 1
85 146 3
88 41 2
3 93 1
149 58 4
85 149 1
100 88 3
25 139 2
37 9 1
126 46 4
39 117 3
13 62 3
61 43 3
95 122 1
147 10 1
91 37 4
45 145 3
58 86 3
47 80 2
5 112 1
78 24 3
37 100 2
58 99 4
90 148 1
137 129 2
100 42 1
80 119 1
42 79 2
79 77 2
114 127 4
82 141 3
24 4 3
13 64 4
123 6 4
29 51 2
94 148 1
30 97 4
129 8 2
102 31 2
4 46 2
14 113 4
135 90 4
149 11 4
133 119 3
33 37 1
26 41 4
68 35 3
20 80 3
79 43 2
122 32 2
34 25 3
109 106 2
137 45 4
77 37 1
13 145 2
43 10 1
37 38 4
1 141 2
145 79 3
83 121 3
17 21 1
45 108 3
37 21 4
93 14 1
100 20 2
14 126 3
127 143 4
148 20 3
125 40 4
123 70 3
97 17 3
119 2 4
141 145 4
98 20 1
46 11 1
16 43 2
49 89 2
82 135 2
82 108 3
38 107 4
23 36 3
10 47 2
97 68 4
138 64 1
110 37 3
5 94 2
112 1 1
98 149 4
69 31 1
84 25 4
92 23 1
90 128 4
65 134 1
11 25 1
18 32 4
29 28 2
59 148 1
56 136 4
94 97 3
44 81 1
50 33 3
63 46 2
45 99 3
74 97 1
53 94 3
7 53 3
109 140 1
148 118 1
88 64 1
137 136 1
42 34 2
5 12 2
93 76 2
45 93 4
83 84 4
115 26 4
40 27 3
131 149 2
142 144 3
40 19 1
38 33 2
93 15 3
129 40 1
116 103 3
96 16 4
2 1 3
120 55 4
141 110 1
120 88 1
114 41 1
129 63 3
123 21 1
54 20 3
106 56 1
12 102 4
1 81 3
86 94 3
6 141 3
50 73 1
38 112 1
95 55 1
92 38 1
92 30 2
19 79 3
64 22 4
145 22 1
20 118 1
15 26 4
19 27 4
125 58 3
42 33 4
36 28 1
146 98 2
142 24 2
81 67 4
64 29 1
4 53 3
22 59 1
134 33 3
37 2 2
20 81 1
51 34 4
82 142 3
27 29 2
76 39 2
13 148 1
124 94 3
49 45 1
100 123 2
7 79 1
117 116 1
64 124 1
92 54 4
144 61 4
80 12 3
93 13 4
81 86 4
64 115 4
80 33 1
123 137 3
142 107 2
27 133 4
28 109 2
128 37 2
131 49 2
31 113 4
23 54 2
112 14 2
54 48 1
93 130 1
135 121 4
109 57 1
142 51 2
38 119 2
85 14 2
145 83 1
110 72 2
110 146 1
58 59 4
51 134 2
137 7 4
124 144 1
96 60 3
20 11 2
82 43 1
102 67 3
101 28 1
28 71 1
122 2 3
147 125 1
15 105 3
125 32 4
13 8 4
116 45 1
128 140 3
142 32 2
54 45 3
136 140 2
70 53 2
23 86 3
48 81 3
60 136 2
91 32 3
66 146 3
79 63 1
69 143 3
101 73 4
48 65 2
136 79 1
53 100 1
44 110 1
2 68 2
39 144 3
8 82 1
40 21 1
53 59 3
51 82 2
64 20 2
68 91 4
73 85 2
80 107 1
79 148 2
20 114 2
88 134 4
92 134 3
22 122 2
76 10 1
93 50 2
7 123 4
25 35 1
63 8 4
59 97 1
36 148 4
72 48 1
3 41 1
70 60 1
52 73 1
64 75 1
12 92 4
144 52 4
4 139 2
103 119 1
94 36 1
80 71 1
110 53 1
136 114 4
110 144 4
2 97 4
51 119 3
139 68 4
147 34 1
72 5 2
69 5 4
61 95 2
38 35 4
55 59 3
77 134 1
148 96 2
37 43 1
104 44 4
35 30 2
35 105 4
32 68 2
129 4 1
77 95 2
31 123 1
144 104 1
96 54 2
17 16 4
117 4 1
128 78 2
107 59 4
140 117 3
27 126 1
103 131 1
62 131 2
90 103 4
99 64 3
97 49 2
50 6 3
146 114 1
7 59 2
55 81 4
131 142 4
7 28 4
126 134 3
52 23 3
135 80 3
20 145 1
104 141 2
96 113 3
48 143 4
12 39 1
101 2 3
12 109 4
16 75 2
141 29 2
124 82 2
89 124 4
139 34 1
4 69 3
15 100 3
127 110 1
111 135 3
103 77 1
37 56 4
57 71 4
134 137 2
142 52 2
32 100 4
90 30 1
91 83 1
82 117 2
91 19 3
91 29 2
67 72 2
109 130 2
147 95 4
66 93 2
63 10 1
130 47 1
1 76 1
139 125 2
99 18 3
10 111 1
136 16 2
107 109 3
58 124 1
45 83 3
33 147 2
48 59 4
149 97 1
136 142 3
105 46 2
48 44 2
2 149 1
149 91 2
105 13 3
74 104 3
123 125 2
118 93 2
44 73 4
131 23 3
48 61 1
17 33 1
111 60 2
96 22 3
65 124 4
114 8 2
35 130 3
59 102 3
115 84 4
4 76 2
4 36 1
132 143 3
13 141 4
67 117 1
81 31 3
79 53 1
109 8 1
129 77 4
3 71 3
144 3 3
80 35 2
106 85 3
11 120 1
147 47 2
113 11 1
32 62 4
89 134 3
64 21 2
146 14 4
24 67 1
143 9 2
114 140 1
31 108 4
70 69 4
32 61 2
136 50 1
15 17 2
76 59 3
49 143 4
29 40 2
24 25 4
104 75 3
63 30 1
134 69 2
95 135 1
108 142 4
141 115 2
19 124 2
21 131 3
52 95 1
137 122 2
48 5 2
111 108 3
138 41 2
49 103 2
2 55 2
111 85 2
128 110 2
11 71 2
108 116 3
30 121 2
95 132 4
76 41 4
67 147 3
38 1 2
11 129 4
116 41 2
54 21 2
134 26 4
90 119 4
11 12 4
45 86 2
93 127 4
55 79 4
68 51 2
62 55 2
60 7 3
48 60 4
143 94 2
72 120 3
30 127 4
64 94 2
45 92 2
97 20 3
139 84 4
107 71 1
102 33 2
96 103 3
122 147 1
109 92 3
28 88 1
9 95 2
4 104 3
108 85 1
124 13 2
68 99 2
111 3 1
133 24 2
135 106 3
77 119 4
138 52 1
3 128 4
81 8 2
59 8 1
26 22 3
60 32 2
86 21 2
72 25 1
14 81 4
124 59 3
57 96 2
79 51 2
26 10 1
117 0 3
37 22 2
12 116 3
12 51 4
128 66 4
108 70 4
81 64 2
41 106 1
66 31 2
19 115 2
106 26 3
98 144 2
53 130 4
49 125 3
110 49 2
28 77 1
43 104 2
108 10 2
0 28 4
9 59 1
82 98 4
49 80 4
9 116 1
136 134 4
13 136 3
95 40 3
112 143 2
82 23 2
62 24 2
104 71 3
115 146 2
143 119 1
54 1 1
130 19 3
41 69 1
35 11 4
110 28 1
71 19 4
1 36 2
18 141 4
51 130 2
80 132 2
97 40 3
17 76 4
106 30 4
96 72 1
134 67 1
62 99 3
96 139 1
7 30 1
50 141 1
130 32 1
97 95 4
86 110 2
78 34 1
51 101 1
60 35 1
131 119 1
2 84 3
146 4 4
25 129 2
29 76 1
31 76 1
83 29 1
70 106 3
20 135 4
75 52 4
52 120 2
144 24 4
10 13 3
70 7 2
88 61 4
41 54 2
7 72 3
52 1 2
27 80 4
40 93 2
113 23 1
2 121 1
8 54 3
129 119 3
65 141 4
29 79 3
128 112 3
23 77 3
4 16 1
147 144 2
37 23 4
144 47 2
14 90 3
32 139 1
35 81 3
46 138 2
7 126 4
101 12 2
28 108 2
60 135 4
84 96 4
57 86 2
42 146 2
148 26 1
3 68 4
71 142 3
91 22 1
9 40 3
19 38 4
130 136 4
26 63 3
117 74 2
103 52 4
93 81 3
35 123 2
27 104 3
139 146 3
76 63 4
102 94 4
91 116 4
9 85 2
71 145 4
83 46 2
49 63 4
59 115 3
117 64 2
125 56 1
53 51 1
43 6 2
3 143 2
111 105 4
80 87 1
18 145 4
132 131 4
118 58 2
30 144 1
36 45 2
12 130 2
103 68 2
20 86 2
31 20 3
100 60 1
108 148 4
38 34 1
29 12 3
132 66 1
70 128 1
25 26 4
45 107 2
100 133 1
120 127 1
49 130 2
0 12 1
121 33 4
37 17 4
32 46 3
101 57 2
113 28 4
0 9 1
143 125 3
124 30 4
99 36 4
142 119 3
40 10 2
131 39 4
78 56 1
98 45 1
144 6 2
27 140 2
135 34 4
6 60 2
83 144 4
13 134 1
141 60 2
144 53 3
86 82 3
79 104 1
94 23 3
10 12 1
24 108 3
106 35 4
129 112 1
59 113 3
4 67 4
109 2 3
121 100 1
132 141 3
61 0 2
140 79 4
116 52 1
126 116 4
74 33 3
22 56 4
68 61 4
63 52 4
11 50 2
85 107 4
82 88 4
39 41 2
50 119 2
56 124 3
97 129 3
21 87 3
70 14 1
24 23 4
148 114 1
66 108 4
38 8 2
41 27 4
35 33 2
39 53 3
139 66 2
55 93 1
94 119 1
54 14 4
101 50 3
5 33 4
103 12 3
95 126 1
19 116 4
44 111 1
6 70 3
98 120 4
82 147 3
36 16 1
133 45 1
48 70 2
33 95 1
87 16 1
68 50 1
31 120 2
74 17 1
64 143 1
143 109 2
149 64 3
43 78 3
124 9 4
146 33 2
36 86 3
64 91 4
137 14 2
33 60 3
108 59 4
55 121 3
63 37 1
96 143 3
97 42 2
116 14 1
135 57 3
58 2 3
72 20 4
21 80 2
95 0 3
62 50 3
3 56 2
65 40 2
47 115 4
17 39 4
66 141 2
144 131 1
14 33 4
35 97 1
132 20 2
26 135 4
15 85 1
32 21 3
17 53 3
130 96 2
130 133 2
115 134 4
84 17 3
66 3 1
110 42 2
133 131 3
123 13 4
136 139 1
110 70 2
129 117 2
30 83 1
95 114 3
1 61 4
128 125 1
70 118 4
148 61 1
98 71 3
106 89 1
50 126 1
0 112 3
16 148 4
65 81 2
23 50 3
141 133 1
51 62 1
43 95 1
28 129 1
73 114 3
120 125 2
20 48 1
98 63 4
13 45 4
130 43 2
52 147 3
75 83 3
53 111 4
112 115 1
23 146 1
67 91 3
5 31 1
105 20 2
86 83 1
130 84 4
41 32 4
55 21 4
117 83 1
136 52 2
81 19 3
34 76 2
118 11 1
108 80 1
128 88 3
44 125 3
129 1 4
2 143 2
9 142 2
126 43 4
26 96 3
33 59 4
65 62 2
50 58 1
22 127 3
90 27 4
17 61 2
127 64 4
53 75 3
14 20 1
134 145 2
15 101 2
126 132 2
35 119 4
50 91 2
98 62 2
110 140 1
72 140 3
104 10 4
3 135 4
114 37 2
146 20 1
123 103 1
108 48 2
8 132 2
140 87 3
38 7 4
114 24 4
125 107 2
139 44 1
7 17 2
133 106 2
93 114 3
104 48 1
56 54 3
47 71 3
145 9 4
81 59 2
48 119 1
80 140 2
109 97 2
46 74 1
34 70 1
86 109 1
10 118 2
115 15 3
2 120 2
88 0 2
71 13 2
14 29 2
59 138 2
31 103 2
127 54 1
32 132 2
13 78 2
41 24 3
47 46 3
95 45 4
33 78 1
80 14 1
95 35 3
89 54 4
114 96 4
15 133 4
66 133 1
75 20 3
110 0 2
24 79 1
23 6 2
26 1 4
112 17 3
5 52 1
100 55 3
109 67 3
46 31 4
0 38 3
24 49 2
136 123 2
61 22 3
109 71 1
100 85 2
137 26 2
91 90 2
34 33 2
136 69 2
32 15 4
117 59 3
6 49 4
95 20 3
147 5 4
45 134 1
98 76 1
36 125 2
68 82 4
100 80 4
104 103 1
124 85 1
109 19 4
131 5 3
68 46 3
79 143 3
88 91 2
26 70 1
142 38 4
55 147 3
106 100 4
15 104 2
29 110 4
61 52 2
77 59 1
133 120 4
48 141 3
62 101 1
29 46 1
75 86 2
142 86 1
141 134 4
68 95 4
82 31 1
99 55 1
18 24 1
35 135 1
21 91 1
46 19 2
17 143 3
146 135 1
85 40 1
45 97 3
57 74 2
121 129 4
86 115 4
23 126 3
61 82 1
55 51 2
110 19 3
134 107 3
32 106 3
71 12 3
65 51 3
113 127 4
113 6 1
4 68 2
10 132 1
7 48 3
97 63 3
90 18 3
87 112 3
114 46 3
41 46 2
97 143 3
28 76 3
7 55 4
128 36 1
63 127 2
92 120 4
68 70 4
102 71 4
64 36 2
136 70 3
21 77 3
62 102 2
63 148 4
109 120 3
124 53 1
119 1 4
57 72 3
56 149 4
71 141 4
43 138 2
1 30 3
92 49 4
86 18 1
8 24 4
34 41 1
35 3 3
72 18 4
29 71 4
5 98 4
133 57 4
3 115 3
74 27 4
108 2 2
18 62 3
3 142 1
56 140 2
60 87 2
139 2 1
69 87 1
82 38 2
137 128 1
115 113 3
137 27 3
135 13 4
93 51 3
59 84 1
116 75 3
140 127 4
107 76 1
8 6 1
19 95 3
114 83 4
45 74 1
75 114 4
138 137 1
20 78 2
105 69 4
41 86 2
127 124 1
47 78 4
135 89 4
61 91 1
60 101 3
74 68 1
0 143 1
1 72 4
51 91 4
84 100 2
89 61 4
82 16 4
130 124 3
51 24 4
47 21 4
87 115 1
99 111 4
55 104 2
26 99 4
125 70 3
114 117 1
99 148 2
111 29 3
75 122 2
57 41 1
23 79 4
38 13 1
5 102 2
7 12 1
33 136 1
113 110 2
99 38 1
3 110 1
106 33 3
129 83 1
47 36 4
8 134 1
92 140 4
88 53 2
10 77 2
41 74 4
23 7 4
146 39 3
123 14 1
149 90 4
149 46 2
72 6 3
109 127 3
87 71 4
129 138 2
127 15 1
109 18 2
129 59 2
146 19 1
48 80 3
92 10 4
54 125 2
77 75 2
145 97 3
131 94 1
99 131 1
119 49 3
55 71 1
44 143 4
15 84 2
40 56 1
32 12 4
14 92 1
87 76 1
62 148 4
74 61 4
55 13 4
101 21 4
121 146 1
55 42 1
64 145 4
100 148 2
48 95 1
11 101 3
119 43 4
116 48 3
124 109 1
87 114 4
108 42 2
92 129 3
46 22 2
94 77 4
96 92 2
20 32 2
109 65 4
141 35 3
86 141 1
10 18 4
132 18 2
137 84 2
90 98 1
34 30 1
97 78 2
124 20 1
101 96 3
54 58 2
144 105 2
118 131 4
47 63 4
12 4 1
43 18 3
8 147 2
110 106 2
24 139 1
118 27 1
113 106 2
130 41 4
34 32 1
143 76 4
25 54 2
44 54 1
0 43 4
121 148 2
113 48 3
60 27 1
60 40 1
49 3 4
18 133 1
98 94 4
120 82 3
110 97 1
33 85 4
118 119 4
124 78 3
68 16 4
95 111 4
5 51 2
39 42 3
94 42 4
16 122 4
78 75 1
110 112 1
96 18 4
42 9 4
115 101 1
108 11 1
2 81 4
97 82 3
107 18 4
27 55 4
11 23 4
48 12 2
88 117 3
54 143 3
147 86 1
44 142 3
16 137 2
22 148 1
55 39 1
65 54 4
7 36 3
26 141 2
90 64 4
113 8 1
76 19 4
21 135 3
84 124 1
33 13 2
110 60 4
116 13 2
127 146 1
95 62 1
83 120 4
146 57 1
117 41 2
111 143 1
62 66 4
101 0 1
86 47 4
142 99 4
139 64 2
135 100 3
13 89 1
121 84 4
96 126 1
25 113 1
105 95 4
44 134 2
3 107 1
120 58 3
7 116 2
38 47 2
65 8 1
77 60 3
58 66 2
124 100 1
57 69 4
1 108 2
75 55 4
106 50 4
25 16 1
9 138 2
23 70 1
143 29 3
0 132 2
94 101 2
131 36 3
53 34 1
31 47 3
141 129 1
97 96 3
9 53 4
10 124 2
62 123 2
25 48 1
24 101 2
32 103 2
24 30 3
67 108 4
14 96 4
135 29 4
52 123 1
118 17 2
124 61 1
118 75 4
135 37 4
42 36 1
101 8 1
80 50 3
4 83 1
65 30 4
60 83 1
79 132 3
85 105 3
126 34 3
4 28 4
57 83 1
34 136 1
99 97 4
92 83 2
69 111 3
107 120 1
113 73 2
111 32 4
137 33 2
83 99 3
15 110 4
17 4 3
69 27 1
133 29 4
72 8 3
140 138 4
105 10 2
70 45 4
124 134 3
127 3 2
137 22 3
22 45 4
130 135 2
53 91 2
47 126 4
56 29 4
104 100 2
126 81 4
88 18 4
95 49 4
91 140 2
147 49 3
136 124 1
83 66 1
70 65 3
144 96 4
45 10 3
27 81 4
114 77 3
20 112 4
57 145 3
126 94 1
64 56 4
72 9 2
104 41 1
53 90 4
59 85 1
70 49 4
36 84 1
100 65 4
87 117 4
64 148 4
20 73 2
114 94 1
71 131 3
94 76 2
23 138 2
30 41 2
12 147 4
120 112 1
113 55 4
3 44 1
141 12 3
131 16 2
65 24 1
91 79 1
136 10 1
60 72 4
139 63 4
25 104 3
100 64 2
61 79 3
78 85 4
108 77 2
102 103 3
62 61 2
140 12 3
58 24 2
18 30 2
146 141 1
146 137 3
109 145 4
145 68 1
107 1 3
121 60 2
136 133 2
68 118 1
82 144 3
16 35 1
104 36 3
108 79 4
109 23 2
19 44 1
38 96 1
58 147 3
23 32 1
89 136 1
15 63 4
43 65 4
69 20 4
41 143 3
55 69 2
30 10 4
88 2 1
85 79 4
103 141 1
102 113 2
146 129 3
38 61 4
97 55 2
147 28 3
103 106 4
76 22 2
89 59 2
84 27 2
117 68 3
142 138 2
98 73 3
65 39 4
24 37 4
1 79 2
65 90 1
118 101 1
64 126 1
41 56 1
52 146 3
115 20 4
30 49 3
93 135 1
43 136 3
68 92 4
82 27 4
82 76 4
102 101 1
149 55 1
135 104 2
50 63 1
74 136 2
46 48 2
61 71 3
69 42 1
77 40 3
80 129 2
75 138 1
139 109 3
16 21 4
101 126 3
79 83 3
55 132 1
14 49 3
92 60 1
52 110 4
75 121 4
24 73 1
68 88 1
95 4 1
136 7 4
80 40 1
87 142 4
41 75 3
105 53 1
53 145 3
139 116 4
105 25 3
32 64 4
26 108 1
6 145 4
60 120 4
78 135 4
55 3 1
67 32 2
93 132 1
117 30 3
43 135 2
53 77 4
23 66 4
0 21 4
52 10 3
60 61 4
143 144 3
47 120 4
110 4 4
19 51 4
117 46 3
36 11 4
122 23 1
136 81 4
105 50 2
141 10 1
24 140 3
58 96 2
85 134 1
25 81 4
66 6 4
0 122 3
118 116 1
36 123 3
72 30 3
36 39 3
103 43 3
56 76 4
107 119 4
41 126 2
48 112 2
129 55 3
23 26 1
13 84 4
40 102 3
53 21 2
140 103 3
129 38 1
25 122 2
38 148 3
47 51 2
132 91 1
57 131 1
136 88 1
127 92 2
30 43 3
91 59 2
112 137 3
145 52 2
75 99 3
94 95 3
84 79 1
38 137 4
90 106 2
60 147 2
50 21 1
78 99 4
11 56 2
147 75 4
85 109 4
148 77 1
114 0 1
30 143 2
4 37 1
123 93 4
130 106 3
14 58 3
100 116 4
75 4 4
27 92 3
99 82 1
7 148 2
16 73 2
141 122 3
70 59 2
10 143 3
94 144 2
43 47 2
117 23 4
136 22 2
124 117 3
7 14 1
110 132 2
96 67 4
22 50 1
13 3 2
68 125 4
106 27 3
148 56 2
96 118 4
138 2 1
22 19 1
59 146 1
52 66 2
35 64 3
135 79 3
144 109 1
58 35 1
127 42 3
56 77 1
105 67 3
84 7 1
51 86 3
138 149 3
94 2 4
44 108 3
44 112 4
40 11 4
34 57 2
92 110 4
34 14 2
103 47 4
137 126 1
10 131 4
23 2 2
57 37 3
44 1 4
21 8 2
136 63 1
105 80 3
25 23 4
13 119 2
40 0 2
23 143 2
60 13 4
22 129 4
132 43 4
55 18 2
57 25 4
33 148 1
145 11 1
35 102 4
106 12 4
25 28 2
67 59 2
2 79 1
17 122 3
136 91 2
132 39 2
36 46 2
65 129 4
26 98 1
114 89 3
123 126 3
47 112 4
29 94 3
37 85 3
113 83 2
119 132 1
7 91 4
137 125 3
95 2 4
125 4 2
122 85 4
39 22 2
75 111 4
87 143 3
147 64 2
55 24 4
53 92 4
143 110 3
134 83 4
144 12 1
126 71 3
14 140 4
80 38 2
7 39 1
74 126 4
92 125 4
47 75 4
100 43 4
67 89 2
147 104 3
87 111 1
146 86 2
84 60 2
54 117 4
124 32 3
63 53 3
10 130 3
120 0 4
79 65 1
81 52 2
1 24 4
15 89 1
59 82 2
123 10 3
132 42 4
32 99 2
75 74 1
121 7 1
12 98 3
88 84 3
57 75 3
23 34 2
72 61 4
60 11 1
114 137 1
53 115 3
87 68 4
66 17 4
81 28 1
100 68 2
27 67 4
122 59 1
44 127 2
42 118 1
2 146 4
119 126 4
69 102 3
95 134 2
114 119 1
146 1 4
99 76 4
60 132 4
80 7 4
68 79 3
15 114 4
3 105 2
6 78 3
72 76 2
82 52 1
105 138 2
148 21 3
116 99 4
115 27 2
15 24 2
21 146 3
143 126 3
13 17 1
15 3 2
98 54 3
39 123 2
98 39 1
143 90 3
50 42 1
65 50 3
66 27 2
5 23 1
60 78 1
47 55 2
71 118 4
93 57 1
87 116 3
3 29 1
39 119 4
131 120 3
38 42 2
31 23 4
149 23 4
88 51 3
96 30 1
133 137 2
95 87 4
63 133 1
62 140 4
105 97 1
136 108 3
76 121 1
54 112 2
104 30 3
47 68 1
144 22 4
73 87 1
40 57 1
146 45 1
15 6 4
44 6 1
53 30 3
47 121 3
17 129 4
59 73 3
112 4 1
35 43 2
110 111 2
7 125 3
106 21 2
41 129 2
12 78 1
68 30 3
37 105 1
122 7 3
79 147 1
129 71 1
84 107 2
127 108 3
56 90 3
36 112 2
142 23 4
40 122 4
46 93 4
137 56 4
107 30 3
134 62 2
21 100 2
106 132 1
35 100 2
105 34 4
1 126 4
14 46 1
74 110 2
26 78 3
37 149 3
109 122 2
138 53 2
141 43 1
104 39 4
88 24 1
133 90 3
128 30 4
48 13 4
34 40 3
119 120 2
46 102 2
127 77 1
138 124 1
45 140 2
126 18 3
83 11 2
22 47 2
41 79 1
128 126 4
37 125 1
27 62 1
63 41 2
57 127 1
31 38 2
125 28 1
22 23 3
24 116 4
77 111 3
75 56 2
60 71 4
102 93 2
43 27 1
80 96 4
111 149 3
44 36 1
77 122 1
64 106 3
132 123 4
69 129 3
131 147 4
133 121 2
93 19 3
96 124 1
64 123 1
14 53 4
105 57 1
132 4 2
50 142 3
119 27 2
107 113 3
85 93 2
52 96 1
112 116 4
127 73 2
94 134 3
119 69 2
17 130 3
66 40 2
92 87 2
62 81 1
108 8 4
86 92 1
140 26 1
106 52 4
112 62 2
73 21 1
103 117 4
69 115 4
9 29 1
135 22 1
111 116 3
148 71 4
35 136 4
139 134 4
90 108 2
17 88 4
102 2 2
52 71 1
104 117 1
104 122 4
121 34 3
144 80 4
118 35 3
75 8 4
116 11 3
32 133 1
12 138 1
127 116 1
2 39 3
72 56 3
27 103 3
138 127 4
45 19 3
121 21 1
26 130 4
115 33 3
25 75 2
23 87 4
111 109 3
60 115 4
4 48 4
13 108 1
144 41 2
66 100 3
147 148 2
65 44 2
132 100 2
32 92 1
85 28 2
99 110 4
66 103 4
72 148 4
58 34 1
88 89 1
28 117 4
63 42 3
5 20 1
5 106 4
124 107 4
66 15 1
144 127 1
115 55 3
82 104 2
128 23 2
113 123 2
37 96 2
149 82 4
2 65 2
131 121 2
3 70 4
86 54 3
110 139 3
27 89 2
139 111 4
110 83 4
5 10 2
49 68 1
10 84 3
109 141 4
61 143 4
35 83 2
84 58 1
12 139 2
145 105 2
102 144 4
112 11 2
10 149 4
145 48 3
19 66 4
0 70 3
53 101 1
82 19 1
78 77 2
27 20 2
49 85 2
79 26 2
147 18 1
12 96 3
63 109 3
27 51 4
84 52 4
148 50 2
42 143 2
96 65 1
72 125 4
139 39 3
100 7 2
69 73 2
102 38 3
137 23 4
48 111 2
12 90 4
122 124 2
137 70 2
42 60 1
89 74 1
109 11 3
29 108 3
87 104 3
107 47 1
33 123 3
83 93 4
88 23 4
70 40 4
72 54 2
136 64 1
56 10 1
57 45 2
138 1 2
116 113 3
25 22 2
79 62 1
20 18 2
19 36 1
30 149 1
18 115 3
137 24 4
4 64 1
45 147 3
3 90 2
34 97 1
144 85 1
52 125 3
103 48 2
105 24 1
83 108 3
80 102 2
125 48 2
16 113 3
94 57 2
58 44 1
83 2 4
25 69 3
115 56 3
66 14 3
111 28 3
54 138 4
129 60 3
91 8 2
8 117 1
146 64 1
82 22 2
149 17 1
59 47 2
21 142 1
92 29 2
99 91 2
31 2 3
125 18 3
131 65 3
139 82 1
113 64 3
137 116 2
122 145 4
25 110 3
115 79 4
128 62 3
61 51 4
89 16 3
34 138 3
114 80 2
81 143 2
54 7 2
27 88 2
76 118 3
69 58 1
91 1 4
127 7 4
123 129 3
64 62 2
103 113 2
125 12 2
73 78 4
35 28 2
129 93 4
68 136 2
116 2 3
21 102 4
146 3 4
111 92 4
127 81 1
81 135 2
113 68 2
5 0 4
92 118 2
136 55 1
44 52 4
82 110 2
111 102 4
78 117 2
1 28 3
88 44 3
134 68 4
131 84 4
137 46 3
1 34 2
11 97 1
30 70 3
34 124 2
56 16 3
7 2 3
85 126 4
77 63 2
139 76 1
42 24 3
55 30 2
117 25 2
80 148 1
95 104 1
72 69 3
139 123 4
63 82 2
60 57 4
51 43 3
72 100 1
88 30 4
6 36 3
15 90 1
56 98 4
44 64 1
73 132 2
52 48 4
148 85 1
10 70 3
122 76 2
38 2 3
74 102 1
112 6 3
3 129 4
59 4 2
76 54 4
3 36 3
81 116 1
142 48 4
65 132 2
74 18 3
93 142 4
56 95 1
127 99 2
113 141 2
132 116 2
55 146 2
55 54 1
9 78 3
81 105 4
31 1 4
14 8 2
99 135 1
11 102 1
106 127 2
112 122 1
137 63 3
77 16 1
23 100 1
90 114 2
80 98 1
31 147 3
128 13 3
147 2 4
91 26 3
2 76 3
3 130 1
52 108 1
40 140 2
44 14 3
15 19 4
1 97 4
108 119 1
70 149 4
91 13 2
31 41 1
144 26 2
80 69 4
83 142 2
114 142 4
88 74 1
148 89 1
122 63 4
19 136 3
137 68 2
69 123 1
131 61 1
140 78 4
62 110 2
67 118 4
2 60 4
138 33 2
58 45 2
24 119 1
13 30 3
41 71 4
98 68 2
47 106 1
4 137 3
73 41 2
6 93 2
60 12 2
45 18 3
80 126 4
42 3 4
20 55 2
142 80 1
95 54 1
50 131 1
108 132 3
12 36 3
120 69 1
77 87 2
16 84 1
75 130 2
69 10 1
59 149 1
113 132 2
69 99 3
92 65 4
62 5 1
108 126 4
71 56 3
59 109 3
104 93 1
9 114 1
140 146 2
93 60 1
95 42 4
97 128 3
130 111 3
29 23 3
105 75 1
99 20 4
15 148 1
57 5 4
100 8 4
115 2 3
102 6 4
77 25 2
19 149 2
108 46 4
17 40 3
51 92 4
109 136 1
46 106 4
66 22 2
66 7 1
93 26 2
78 89 1
89 60 1
4 26 2
32 96 1
131 91 3
52 25 2
10 146 4
147 128 2
133 28 2
11 21 1
108 94 3
25 116 1
42 83 4
0 144 3
111 144 3
65 113 3
133 17 1
10 46 2
109 49 3
123 79 2
105 125 2
100 11 4
145 29 1
34 12 3
141 58 1
146 93 1
145 37 3
110 63 3
102 23 2
30 37 3
79 110 2
17 127 1
121 46 2
47 56 3
119 30 2
103 55 2
125 112 1
121 120 1
12 18 3
36 76 1
2 51 2
0 121 1
15 131 3
110 50 4
43 53 4
15 8 2
146 147 4
63 81 1
114 82 3
118 24 1
113 130 3
46 99 2
94 56 4
74 67 4
78 86 4
113 94 3
21 61 1
130 28 2
106 137 1
69 60 1
31 18 1
64 57 2
81 114 3
49 91 4
39 24 2
11 121 2
82 17 4
61 49 2
74 56 4
134 46 4
48 135 2
146 0 3
138 99 2
129 95 2
22 120 4
56 43 2
60 125 1
105 55 3
141 51 1
75 19 3
62 29 4
133 144 4
49 71 4
92 116 3
59 121 1
22 58 3
123 75 3
90 73 2
5 7 1
75 100 3
100 99 3
147 30 4
0 36 3
135 145 4
98 131 2
78 121 4
64 40 1
93 140 3
77 51 3
25 142 4
86 64 2
127 130 3
81 142 2
126 79 2
47 149 2
11 70 4
25 14 2
27 147 1
133 23 3
128 119 2
134 119 4
141 8 4
102 14 4
77 47 2
75 139 4
56 126 3
2 63 1
9 35 4
78 113 2
13 46 2
68 133 3
132 118 1
116 20 4
44 41 4
80 133 3
110 81 3
33 126 4
31 7 4
7 1 1
51 110 3
11 146 3
76 45 4
118 14 4
42 136 1
21 89 3
88 66 3
43 22 2
27 91 3
0 31 1
42 57 1
38 18 2
93 109 4
127 69 2
99 98 3
39 148 1
96 61 4
134 122 4
142 116 3
110 129 3
116 50 1
82 69 4
46 35 4
75 44 2
69 100 1
144 123 3
81 99 1
50 111 3
82 5 2
6 130 4
69 18 1
5 34 1
67 23 4
39 87 1
133 77 1
146 35 3
56 131 4
95 57 3
96 78 1
20 58 1
129 76 4
133 79 3
82 91 4
8 64 1
138 0 2
12 59 3
64 125 4
39 147 3
5 58 1
32 140 1
2 103 2
39 15 1
115 51 2
90 62 3
31 133 1
60 145 3
44 63 4
32 97 2
12 70 2
7 74 1
13 130 3
35 114 3
49 8 2
74 66 1
13 7 4
97 124 2
33 128 3
114 79 2
19 31 3
64 89 4
145 1 2
97 56 4
51 112 1
37 118 3
121 6 1
21 140 4
142 57 1
120 90 1
42 135 3
42 16 1
137 13 4
97 142 1
35 53 3
119 89 2
77 48 1
115 7 3
94 35 3
31 137 3
12 54 2
52 60 2
134 36 3
88 40 3
117 94 2
61 136 1
74 65 1
0 77 4
23 45 3
130 38 3
1 125 4
6 22 3
90 55 1
111 133 4
19 113 3
44 29 4
108 84 2
33 68 1
129 79 3
104 67 3
126 106 1
25 10 1
120 142 1
141 37 3
129 100 4
69 68 2
74 148 3
18 85 1
140 88 4
89 107 4
68 19 1
87 103 4
75 24 1
136 144 1
120 116 2
70 116 2
13 146 3
115 136 4
109 78 1
124 135 4
110 93 1
15 49 2
21 23 4
103 6 3
135 128 1
50 146 2
43 39 2
64 49 1
130 114 2
134 97 1
137 44 4
98 19 4
51 146 4
117 15 4
24 61 4
132 101 2
12 33 2
94 146 1
120 84 3
98 61 4
23 106 2
109 147 4
54 79 3
132 2 4
92 13 4
5 149 1
126 28 3
78 67 4
28 90 1
1 33 4
106 88 2
25 58 2
145 49 4
8 80 2
127 40 2
117 85 4
116 101 2
32 76 4
51 148 2
47 90 2
115 10 2
24 149 4
44 83 1
2 24 2
40 45 1
72 133 4
10 134 4
31 68 2
52 133 2
120 73 3
121 104 3
119 23 4
108 20 1
10 1 1
136 14 2
135 119 4
102 28 4
63 100 2
37 50 2
30 125 2
57 130 2
121 117 2
8 122 2
42 98 3
115 140 4
110 16 3
104 120 2
46 136 1
128 43 4
142 6 1
35 1 4
132 129 2
128 42 4
43 17 3
145 67 3
12 86 4
25 19 1
8 62 1
125 122 4
56 128 1
35 96 3
26 2 4
51 56 4
21 83 4
124 63 2
78 36 3
142 68 1
67 43 3
101 114 1
147 115 2
123 98 1
69 45 4
118 91 2
123 15 1
72 78 4
105 117 2
74 119 4
149 100 1
8 26 4
74 30 1
68 76 3
97 7 4
88 87 3
67 135 1
122 9 2
133 11 2
112 18 4
40 36 1
111 67 2
28 49 1
41 2 3
0 65 4
13 90 3
20 133 1
116 122 3
115 111 3
125 57 3
60 64 4
30 81 1
87 29 3
94 24 2
58 38 4
79 13 4
19 34 3
64 141 1
139 118 1
85 29 2
49 94 3
109 134 2
12 84 1
22 110 3
34 88 4
3 45 3
69 133 2
57 118 4
120 149 2
139 99 2
70 20 4
0 91 3
39 137 4
95 5 2
11 91 4
40 30 3
146 117 1
138 73 3
29 41 3
110 125 4
47 17 3
1 92 4
38 84 3
31 48 4
66 86 3
112 24 3
145 138 3
144 55 4
87 8 1
9 81 2
139 129 4
96 89 3
78 82 1
18 118 2
22 147 2
74 137 3
116 119 2
59 94 3
10 9 2
144 36 2
145 54 1
119 68 3
68 13 3
54 140 2
6 127 4
35 42 3
26 64 1
82 9 1
94 19 3
137 64 2
62 22 4
21 42 2
43 140 4
149 60 4
114 7 3
103 137 4
103 126 2
131 113 2
17 125 1
45 143 3
30 110 2
38 87 4
94 9 1
21 143 1
60 37 3
139 17 3
35 21 3
110 48 1
51 85 4
77 120 1
83 100 4
110 84 1
18 108 2
108 146 3
36 14 3
6 54 4
135 74 4
35 89 1
8 104 2
120 13 1
83 139 3
16 135 1
34 137 2
7 6 3
10 107 3
44 68 1
7 92 3
62 17 2
112 40 1
78 74 2
33 139 1
132 142 4
9 14 1
57 140 4
91 10 3
51 90 4
46 6 4
0 4 3
148 32 2
35 71 3
76 113 4
31 149 3
49 37 4
143 56 4
143 40 2
29 65 1
63 21 3
66 53 4
66 98 3
124 35 4
80 1 4
109 79 1
72 82 3
114 105 2
124 25 1
15 54 3
29 10 3
58 61 4
108 62 3
28 105 3
73 6 2
31 9 4
4 57 4
136 41 3
137 89 1
24 50 1
56 58 4
75 110 4
136 71 2
70 132 1
84 49 2
123 122 4
100 38 1
149 127 2
65 106 1
102 115 4
125 27 1
47 35 3
145 43 3
119 97 4
70 109 2
104 149 4
49 87 3
25 90 2
76 90 4
96 137 2
5 1 4
42 10 3
126 107 3
105 102 3
117 108 1
25 49 1
30 77 2
37 15 2
40 41 2
17 95 3
103 19 4
1 93 1
130 139 4
35 0 2
7 50 4
59 51 4
140 107 4
130 48 3
119 125 3
40 67 3
66 138 3
107 149 1
147 59 1
131 73 1
6 1 2
11 115 4
52 89 1
116 34 1
70 47 4
1 110 2
52 85 1
47 67 4
68 127 3
4 20 1
75 48 2
43 66 1
120 34 4
74 82 3
132 98 4
103 99 1
95 22 1
91 46 4
100 96 2
88 146 4
125 136 3
39 94 2
36 15 2
129 5 3
119 101 4
28 70 4
5 54 3
117 134 4
142 42 1
51 58 1
18 148 4
69 96 4
131 97 3
104 33 3
17 60 4
76 142 2
135 87 4
96 9 4
98 143 1
134 3 1
95 115 4
67 148 2
32 8 2
78 15 4
70 35 1
9 83 4
134 18 4
35 142 2
89 147 2
109 40 2
146 70 3
44 25 1
131 75 2
137 48 2
11 28 2
109 81 1
61 67 1
53 8 2
127 10 4
67 39 4
27 108 1
142 89 4
19 43 2
127 37 4
77 136 2
93 37 3
102 85 1
44 8 1
103 25 3
41 9 3
79 64 4
142 47 3
23 62 2
121 128 4
118 65 2
97 75 3
134 57 2
17 9 1
20 104 4
6 65 3
59 139 3
7 93 4
113 99 3
18 42 1
106 13 2
6 64 4
34 102 1
40 121 2
126 89 4
97 44 2
28 63 4
4 71 4
147 0 3
69 93 1
121 80 1
140 52 2
100 6 4
27 26 3
103 94 1
131 86 3
95 29 2
75 133 1
106 73 2
143 128 1
96 147 1
10 137 2
137 95 4
105 143 4
91 145 1
42 59 1
5 138 2
115 124 2
111 37 2
61 116 4
119 140 1
77 67 4
142 41 2
42 122 2
42 114 2
129 29 2
147 78 1
119 26 4
130 149 4
41 20 1
67 11 1
30 105 4
6 107 1
13 54 1
22 80 1
45 48 2
76 5 4
57 23 1
31 100 1
66 69 4
9 55 3
13 99 4
105 112 2
9 109 1
142 65 4
66 33 4
90 134 4
76 38 4
67 82 3
124 14 4
94 130 3
69 144 4
71 0 2
76 86 3
72 93 4
67 48 1
12 88 3
7 143 3
18 93 2
33 92 1
118 62 1
57 48 3
63 108 4
4 97 4
120 115 4
28 22 4
6 61 2
81 89 3
76 24 3
38 46 1
86 17 2
26 58 3
18 101 4
77 130 3
147 80 4
43 46 3
67 112 1
146 105 1
14 97 3
133 53 1
44 22 1
35 127 2
148 45 2
76 44 2
108 0 2
81 21 2
116 15 3
91 42 1
59 111 1
66 95 1
56 36 4
18 40 2
63 9 4
108 124 3
49 112 3
8 131 1
33 77 3
10 2 2
121 123 2
141 15 1
37 101 2
33 63 3
10 62 1
149 146 3
45 128 1
63 54 4
44 34 4
52 7 1
124 71 2
17 14 2
65 127 4
65 71 3
148 105 4
64 69 3
111 54 2
142 103 3
113 67 3
94 92 2
17 51 2
97 111 2
104 115 4
103 20 1
72 45 3
57 21 3
20 8 1
110 90 3
1 82 2
147 120 2
146 124 3
65 104 2
83 47 2
68 22 2
92 113 2
125 85 1
15 34 3
109 110 1
102 53 4
68 144 4
144 118 3
114 17 3
90 118 2
55 12 1
129 143 4
90 38 2
12 67 3
19 14 4
85 147 2
26 80 2
91 70 3
31 114 2
145 36 2
139 47 2
81 18 1
86 3 2
115 52 4
131 17 1
121 144 2
72 12 2
6 149 4
104 128 1
88 16 3
77 62 3
70 79 3
103 26 3
40 52 4
31 6 3
106 142 1
108 61 4
105 88 4
72 95 3
133 34 1
115 50 1
5 144 4
106 84 2
79 93 3
36 77 2
41 108 2
104 94 1
66 2 2
27 53 3
48 85 4
145 16 3
93 84 3
5 46 3
91 76 3
82 129 2
88 50 2
111 94 3
40 61 1
15 126 4
114 64 3
122 91 3
117 143 4
104 85 1
57 78 2
50 98 4
27 72 3
117 45 2
89 127 2
95 74 3
121 10 3
84 26 3
111 16 2
18 56 4
139 26 2
126 38 4
140 83 3
43 72 2
126 127 1
126 130 3
70 57 1
11 53 4
118 117 3
30 54 1
104 138 4
1 144 1
72 22 1
123 67 3
42 6 4
125 145 4
91 135 4
114 23 4
131 130 3
65 37 3
96 134 4
21 59 4
50 97 1
27 75 1
61 118 1
59 30 3
87 122 1
40 146 1
96 66 3
119 82 4
145 44 4
19 20 3
121 101 3
24 6 4
36 18 3
1 98 2
43 149 2
33 97 1
27 3 4
3 123 3
52 65 4
109 80 2
23 35 2
115 41 2
39 112 1
83 14 4
129 16 4
81 87 4
104 2 1
106 144 2
3 18 4
82 128 2
9 101 2
100 134 4
119 78 1
99 136 3
53 123 3
32 146 4
143 102 2
94 123 4
98 21 2
143 47 2
34 128 3
13 112 2
82 118 3
119 20 2
90 22 4
21 22 3
139 97 4
136 18 1
140 111 1
24 31 3
83 89 4
10 54 3
74 44 1
41 118 4
34 48 4
128 58 1
9 125 3
102 70 4
31 52 2
111 138 1
81 71 4
29 22 4
65 26 3
105 149 4
7 8 2
46 1 1
66 148 4
118 129 4
27 149 4
20 38 4
32 135 4
31 16 2
122 97 3
106 120 2
49 59 4
33 127 2
61 19 1
26 72 2
1 45 2
5 128 1
69 110 3
13 140 3
120 145 4
78 122 2
18 14 1
9 134 2
76 77 4
91 115 4
6 5 3
94 52 2
144 88 4
41 93 2
76 141 3
39 0 4
88 62 1
143 107 2
18 94 3
51 33 3
143 84 3
25 71 3
27 42 2
63 113 1
126 93 4
61 145 4
149 99 2
128 7 2
141 140 2
0 137 2
63 138 3
145 89 3
55 125 3
80 92 1
22 48 1
67 80 1
13 103 4
10 19 2
88 112 2
57 80 3
63 32 2
78 148 1
76 58 1
38 127 4
106 16 2
147 38 4
100 126 4
130 44 1
138 21 2
149 101 3
14 73 1
146 65 3
22 92 2
14 32 4
146 74 1
103 14 1
116 68 3
18 29 1
106 81 3
39 90 3
64 55 2
11 1 2
7 62 2
66 4 4
87 86 1
49 107 1
66 45 4
17 56 1
3 145 2
73 149 3
127 117 2
120 91 3
2 125 4
100 110 2
145 146 3
43 44 1
128 105 4
66 57 2
89 105 4
117 86 2
62 38 3
135 75 4
113 0 4
67 65 1
78 64 2
95 59 4
32 58 2
115 98 3
114 71 1
33 94 1
128 22 2
23 93 1
60 127 3
131 140 3
78 143 3
47 12 2
24 16 3
114 131 3
39 23 3
29 84 2
13 34 1
99 57 2
144 132 2
79 39 1
135 116 4
90 126 4
67 129 3
135 132 3
74 42 1
124 6 4
71 77 1
106 86 3
126 142 3
125 104 3
5 143 4
21 39 1
37 99 4
35 139 4
3 67 4
128 149 2
82 25 3
74 72 4
4 116 1
148 127 2
119 70 3
78 90 2
60 21 3
97 81 4
103 112 1
70 127 1
140 70 2
122 127 3
74 145 4
118 106 2
134 138 1
116 98 1
108 14 1
55 15 3
63 51 4
42 120 1
0 66 2
36 110 3
59 35 1
85 42 2
149 106 4
74 105 3
71 128 1
136 138 2
132 37 2
12 104 3
6 126 3
120 86 2
89 104 3
149 116 1
58 10 3
106 10 3
77 105 1
39 9 4
78 42 2
42 123 1
41 50 3
138 72 3
94 50 2
140 3 1
132 76 1
42 99 4
115 130 1
137 124 4
20 42 2
78 65 3
54 104 1
73 11 3
86 35 1
105 96 3
55 141 4
3 8 1
114 2 2
134 114 2
50 140 1
111 11 2
124 129 1
88 142 4
115 23 4
111 46 1
113 1 1
65 46 2
101 64 4
13 111 1
105 98 2
133 84 2
17 115 3
147 70 3
93 64 4
58 142 2
114 133 1
77 116 3
50 107 4
75 71 2
97 60 2
44 131 3
114 39 4
28 27 4
4 55 2
15 79 1
51 44 1
146 43 2
32 104 2
55 22 4
13 52 1
72 41 2
3 119 4
98 88 2
116 90 3
102 17 4
70 89 2
127 24 3
89 12 4
10 148 1
142 64 1
12 14 1
147 87 2
140 90 3
70 27 3
148 102 3
45 100 3
20 52 3
89 50 4
144 67 1
6 85 2
131 41 1
148 83 1
91 108 1
58 91 3
89 95 4
17 103 1
47 7 2
94 27 2
85 77 4
90 32 1
108 21 3
55 122 2
78 30 4
51 57 2
19 127 1
4 111 2
84 65 1
136 62 2
137 120 4
107 98 4
104 108 3
2 3 3
39 18 4
59 69 2
30 108 2
133 1 4
34 118 1
96 132 3
115 72 4
53 76 3
106 51 2
75 13 2
94 79 2
71 138 2
138 6 1
52 62 4
51 41 2
120 51 4
129 87 1
90 70 2
100 111 1
134 76 4
85 138 3
71 101 2
66 70 3
17 144 1
98 16 3
38 81 1
94 11 4
105 70 3
76 131 4
82 138 1
46 37 4
121 114 4
31 146 1
88 125 2
131 52 1
54 105 2
110 147 4
69 53 4
108 56 3
88 108 3
83 3 1
28 99 2
41 91 3
57 92 1
109 20 2
140 46 1
31 99 2
79 50 1
7 43 1
129 44 3
87 51 3
53 0 4
102 83 2
54 136 3
47 141 1
91 105 1
46 69 2
102 92 2
56 133 2
40 71 2
118 142 1
78 123 1
39 59 1
44 79 2
69 106 3
39 4 1
81 84 2
90 21 2
86 105 1
59 32 2
119 47 1
49 113 2
3 112 3
14 6 3
59 74 3
95 32 1
24 93 1
13 50 3
76 112 4
121 13 1
84 90 1
90 59 2
61 126 4
136 129 1
62 58 3
24 86 3
127 0 3
135 40 1
132 120 2
95 46 4
0 41 4
98 93 1
46 30 3
120 8 1
69 22 1
28 73 4
108 133 3
16 57 3
83 25 4
13 39 4
44 96 2
27 12 3
100 28 1
54 11 3
102 58 4
114 30 1
69 16 1
118 33 4
140 148 1
34 86 3
65 10 1
124 33 2
125 6 4
87 37 2
17 87 3
36 83 4
63 27 3
86 121 2
17 27 3
60 8 2
38 3 4
33 120 3
111 88 1
148 12 4
122 74 4
93 61 3
68 143 4
99 74 3
47 41 4
61 13 1
90 54 1
141 59 2
144 15 2
68 73 3
132 99 2
74 116 1
44 49 2
133 95 1
11 122 2
42 30 4
107 58 4
69 91 4
114 139 2
141 42 1
135 125 4
33 143 2
12 127 2
118 103 3
57 67 4
59 62 2
16 40 4
26 89 4
119 54 1
20 53 1
1 137 4
76 106 3
17 123 3
55 37 2
127 136 3
88 32 4
112 108 1
38 110 4
126 131 1
73 48 4
13 15 2
69 130 3
23 47 4
58 134 1
1 50 1
134 78 2
138 26 4
36 49 4
9 47 4
79 87 1
41 22 4
66 34 4
103 86 4
46 17 4
147 133 4
89 109 4
51 69 3
19 64 3
57 79 4
135 126 2
0 49 3
25 78 3
11 37 2
45 82 1
81 39 1
106 125 1
132 92 1
88 115 2
82 100 3
37 67 4
92 106 2
125 19 3
64 119 3
10 34 4
127 5 1
11 84 3
40 86 3
21 2 4
6 137 1
50 38 1
122 3 1
15 47 4
6 81 4
81 16 2
84 145 1
149 139 2
7 57 3
55 131 4
46 28 2
5 53 1
7 142 1
104 69 3
5 64 1
52 87 4
16 79 2
59 119 1
60 146 1
96 109 3
102 9 4
132 19 1
140 139 2
8 84 4
66 51 3
113 138 4
99 2 2
140 30 3
22 12 2
141 149 2
42 126 2
100 98 3
77 90 2
27 36 1
1 22 2
58 114 1
117 9 4
40 68 1
60 114 3
71 110 3
102 121 3
148 76 4
25 40 3
23 140 3
97 0 4
65 56 4
88 137 2
0 100 2
122 45 3
149 83 3
114 49 1
89 75 4
78 11 4
65 80 4
130 18 3
81 49 4
76 57 3
5 86 4
141 30 3
29 68 2
67 71 2
74 49 4
62 36 4
113 117 1
149 66 2
33 117 3
148 48 3
134 38 2
109 125 2
103 39 1
53 56 2
149 114 2
105 118 2
132 17 3
65 126 1
92 143 4
119 145 3
113 9 2
37 53 2
91 5 3
122 80 4
40 114 4
32 55 3
51 9 4
27 145 3
83 143 4
89 122 1
103 134 1
142 40 1
30 21 1
132 71 1
118 146 3
28 135 3
134 63 3
96 51 2
16 20 3
76 47 1
111 112 4
120 15 4
48 90 4
1 67 2
53 24 1
107 131 2
61 122 3
55 23 1
107 2 4
109 62 4
50 10 4
72 39 4
4 115 1
87 149 1
61 83 2
37 10 3
144 28 2
5 60 4
101 129 4
10 116 4
101 36 2
105 122 1
63 55 1
62 28 1
129 9 2
112 58 2
123 0 2
127 41 4
83 7 3
45 25 1
53 45 3
51 75 4
89 8 1
146 112 3
94 142 1
71 64 3
134 112 1
2 85 4
145 86 4
3 63 3
81 82 3
21 56 4
3 76 1
34 56 4
71 7 4
29 93 4
90 141 2
132 57 4
27 100 1
79 21 4
113 20 4
59 128 4
63 94 2
92 26 1
11 61 1
116 39 4
149 12 2
35 125 2
15 77 1
101 91 4
19 63 3
101 10 3
69 34 1
11 72 1
90 57 4
103 121 4
56 102 3
77 31 2
66 20 1
74 13 3
29 82 4
81 66 3
31 126 4
20 71 2
33 108 3
68 129 4
129 130 1
17 3 1
105 6 3
46 87 2
38 5 2
135 92 4
79 58 2
19 32 4
28 92 2
13 86 3
147 24 3
81 69 2
120 144 2
135 147 1
118 109 3
6 86 2
35 121 3
116 66 3
56 2 3
105 61 2
39 62 4
40 15 4
137 43 2
130 46 2
102 78 4
45 123 1
82 71 1
148 24 3
59 38 4
101 6 3
75 5 4
61 76 2
47 66 4
98 65 3
100 140 1
41 28 1
94 70 1
13 63 1
114 16 2
39 99 2
88 99 3
8 138 2
60 128 4
33 100 1
86 149 4
149 78 3
103 7 2
38 39 1
60 49 3
47 88 4
108 16 1
70 124 4
102 30 1
43 38 2
19 100 4
20 1 1
54 29 1
95 103 3
53 118 4
62 56 1
106 39 3
140 108 3
25 125 1
78 84 4
8 51 4
128 16 2
86 114 3
137 42 4
68 15 4
28 115 2
110 119 4
124 112 3
43 40 2
143 145 1
112 92 2
6 45 3
89 40 4
48 17 2
7 124 2
35 5 2
10 95 1
90 75 3
29 121 2
117 5 1
96 31 2
44 141 3
51 131 2
103 147 2
16 27 3
34 20 2
56 12 2
77 106 1
79 37 2
68 80 3
18 128 1
11 74 3
74 111 1
26 73 1
101 19 4
53 3 2
138 58 2
103 9 2
32 138 3
54 70 2
46 34 3
111 68 3
65 42 2
106 102 2
28 72 3
14 27 3
120 46 3
119 9 2
99 94 3
136 23 3
141 127 4
96 39 2
17 121 4
3 43 4
140 10 4
26 28 2
106 61 4
105 79 2
35 74 3
111 65 1
91 36 4
86 42 1
44 12 4
90 34 2
142 18 3
74 147 4
53 107 3
53 120 2
71 92 1
122 131 2
56 129 2
55 50 4
16 63 4
24 71 2
69 146 1
93 92 4
81 88 4
32 81 3
132 147 4
28 61 3
76 100 2
90 96 2
50 17 1
49 33 3
82 127 1
115 125 4
133 112 2
108 50 2
43 74 2
71 94 4
78 71 2
128 67 1
71 39 2
65 95 3
28 143 4
73 71 4
102 39 1
145 58 4
144 37 1
145 8 1
92 52 4
22 87 2
119 75 4
125 79 1
82 40 1
105 141 3
25 60 2
14 143 4
132 62 1
53 132 2
28 86 3
103 120 2
82 89 3
36 75 3
28 131 2
6 29 1
44 149 4
115 127 2
37 3 2
109 58 4
93 145 4
123 73 2
78 66 3
110 108 2
57 53 2
9 91 1
139 30 3
142 79 4
52 76 4
60 36 4
43 90 2
95 102 1
51 111 3
67 146 2
0 148 2
67 0 1
146 111 1
34 96 3
107 144 4
133 51 3
143 131 1
112 132 2
50 59 3
69 77 2
117 92 1
97 58 4
12 124 1
117 1 4
11 148 3
118 23 2
63 92 4
19 24 1
59 57 4
4 101 1
68 85 4
34 91 3
23 63 3
37 31 1
107 42 2
121 93 3
85 99 4
7 146 4
120 136 1
66 134 4
24 48 3
57 117 1
145 12 2
139 72 3
42 14 2
15 134 2
148 47 4
104 78 3
141 28 2
3 34 1
76 83 4
49 78 4
5 103 1
12 24 4
3 133 3
60 86 3
48 138 4
53 98 2
132 139 1
111 147 1
108 97 3
98 113 3
82 107 4
126 149 3
147 130 2
4 22 2
41 35 2
119 56 1
66 76 2
102 145 2
67 132 2
5 148 3
30 52 4
54 2 4
94 46 3
66 113 1
86 133 2
20 106 2
16 119 2
19 37 1
63 69 2
26 29 4
50 57 1
138 89 3
121 143 4
48 109 4
80 110 1
16 71 1
140 22 2
65 83 3
33 145 4
13 139 4
38 29 2
102 149 2
33 111 1
148 117 2
6 21 2
121 44 2
74 93 4
24 5 1
118 29 3
87 50 1
116 109 2
29 127 4
137 32 3
143 55 4
0 104 3
34 2 4
81 5 3
89 53 1
68 18 1
2 29 2
22 131 2
47 42 3
112 81 1
18 104 3
117 40 2
33 142 4
67 99 2
61 31 4
56 83 4
112 12 2
93 67 2
55 43 4
146 56 1
70 115 4
80 136 3
91 40 1
72 94 3
136 147 4
6 148 3
126 122 3
100 62 1
53 85 1
32 47 4
88 79 3
115 40 1
139 108 1
46 112 2
50 45 1
63 88 2
21 105 3
121 18 2
35 39 2
25 53 3
97 83 3
121 49 2
58 31 2
124 42 1
41 89 4
91 28 1
122 14 3
16 93 1
82 136 3
3 46 1
88 26 3
50 123 1
104 5 1
33 81 1
141 143 4
45 16 2
100 39 1
13 20 3
40 111 4
116 102 1
110 5 4
92 42 1
42 138 2
18 28 2
6 26 3
65 13 1
12 135 1
14 13 4
97 31 2
89 149 3
124 99 4
29 52 2
132 11 1
35 37 2
106 29 2
24 141 1
118 1 2
113 109 2
93 80 3
128 100 1
111 58 4
12 137 3
34 125 3
83 18 2
16 66 1
143 32 3
137 97 2
54 0 4
119 73 4
104 84 2
135 138 1
34 55 2
58 60 4
104 77 3
58 52 2
129 70 2
0 128 4
134 104 1
59 52 1
78 114 3
3 121 3
1 142 4
116 134 2
20 40 1
98 147 3
133 104 4
41 148 1
146 138 1
90 115 1
0 139 1
44 53 3
141 7 3
139 55 1
97 71 4
127 129 1
109 6 1
45 125 3
26 87 1
65 41 2
56 13 2
14 74 2
149 125 1
106 0 3
115 36 3
82 58 1
138 110 3
40 99 4
25 131 2
124 54 3
8 142 4
84 128 4
122 86 3
98 103 2
55 44 2
34 94 2
129 106 1
92 124 3
98 114 3
70 131 1
28 89 4
43 121 1
127 34 1
97 57 2
148 144 4
26 123 4
61 69 1
90 101 2
149 49 1
73 79 2
143 25 2
125 131 3
2 46 1
18 66 4
81 0 1
146 9 2
107 68 2
52 97 1
120 101 4
138 50 3
123 146 4
125 148 2
101 47 3
93 77 2
134 127 3
131 115 1
106 115 3
96 23 3
71 50 4
122 50 4
65 147 4
76 130 1
122 81 1
3 113 1
73 121 4
55 26 4
19 69 3
8 118 2
80 52 3
32 29 3
13 43 3
137 90 4
137 72 4
127 91 1
81 91 2
60 23 4
118 69 2
3 30 3
96 87 2
32 93 2
58 133 1
46 131 2
61 5 1
75 141 1
27 124 3
114 76 4
2 19 4
45 9 4
71 33 2
120 66 1
33 39 1
50 82 4
18 25 2
130 103 1
40 3 3
137 35 1
61 117 4
53 12 1
35 73 2
85 83 1
53 36 4
57 139 1
10 122 4
95 71 4
9 26 2
83 116 4
111 22 3
92 145 1
115 42 3
128 63 3
107 96 3
4 109 2
12 41 1
25 3 4
18 48 3
95 100 2
50 51 1
29 15 2
52 118 4
119 5 4
4 141 2
27 130 1
74 106 4
65 77 4
61 64 1
17 30 2
28 23 2
34 141 3
56 19 3
37 59 2
76 145 4
85 11 2
10 6 1
142 110 4
53 15 1
30 120 1
44 118 3
90 17 1
69 103 1
123 61 4
98 122 3
32 51 1
148 9 2
102 136 4
34 45 4
65 120 1
32 121 4
16 39 1
124 22 2
96 95 2
117 58 3
101 78 1
100 46 2
31 127 2
128 85 4
143 122 4
49 82 4
117 73 3
89 7 3
42 121 4
44 5 2
37 108 4
109 128 4
11 32 2
103 138 3
106 91 1
12 40 3
5 135 2
75 136 3
111 36 2
128 73 2
5 43 4
44 9 2
116 95 1
63 89 1
27 139 2
20 85 1
119 45 1
109 83 2
63 140 4
52 56 1
110 56 3
38 78 3
26 47 3
59 5 4
149 28 2
41 111 1
130 134 4
124 133 1
44 59 4
49 123 4
17 31 3
22 27 4
47 8 1
79 149 2
53 99 4
130 108 3
140 130 3
14 100 1
132 136 1
132 35 4
30 146 3
32 149 1
26 62 3
28 119 1
33 73 4
144 129 1
45 105 2
137 17 2
75 54 3
73 9 4
53 72 2
107 5 4
146 62 2
57 6 1
72 52 4
36 69 4
100 70 1
101 104 3
67 126 4
141 98 1
49 67 1
112 70 2
87 66 4
142 31 3
88 46 3
81 79 4
148 142 1
35 36 2
59 65 1
120 29 2
148 92 1
120 35 2
147 37 1
50 2 3
128 103 2
14 144 3
68 114 2
77 74 2
144 116 1
126 129 4
121 38 4
127 43 2
34 18 1
136 145 3
46 49 3
22 16 2
39 50 1
113 44 2
133 5 3
7 75 1
120 3 4
8 19 1
61 121 1
125 127 1
4 91 3
146 83 4
91 31 3
70 37 3
95 63 2
8 143 4
112 106 2
137 78 3
6 30 2
36 124 1
92 91 2
123 108 4
71 31 2
21 94 4
21 28 1
70 80 4
80 61 2
143 34 2
70 9 1
18 143 4
49 90 4
21 133 3
95 121 1
71 48 2
55 1 3
100 101 2
104 111 4
108 73 3
144 11 3
130 40 2
103 16 2
50 0 1
18 53 1
72 121 3
90 1 3
11 141 3
24 117 1
88 114 2
69 139 3
103 44 3
72 29 1
80 146 2
73 105 4
75 23 4
34 123 3
71 143 2
72 51 4
48 102 1
34 87 1
30 57 1
57 108 1
71 10 3
110 67 3
97 76 2
86 56 4
19 142 4
81 148 3
83 31 3
137 50 4
116 38 4
116 58 3
57 138 2
70 98 1
110 17 1
144 50 4
23 123 1
145 139 4
133 96 2
88 6 2
141 136 3
86 91 1
14 94 3
106 34 2
12 77 3
110 120 2
145 103 2
34 26 4
11 79 3
84 72 1
142 61 3
73 140 4
142 105 1
109 56 2
78 127 4
25 100 2
111 55 4
7 76 2
77 149 3
142 5 4
11 64 2
103 73 1
52 88 4
61 12 2
36 73 2
81 121 2
36 143 1
0 10 2
77 140 2
4 147 2
8 12 2
65 60 3
19 128 3
72 71 1
17 99 4
111 73 2
98 124 1
37 29 4
30 142 2
87 67 3
19 85 3
20 126 1
131 63 3
69 32 2
98 3 1
46 85 4
2 9 2
141 38 3
10 117 3
141 97 4
60 24 3
3 60 1
11 86 1
95 80 2
90 0 2
107 48 2
97 69 3
145 116 3
78 17 1
101 3 4
147 21 4
4 143 1
103 18 4
103 40 3
93 36 3
68 11 4
13 4 2
62 145 3
121 62 4
88 80 3
9 25 3
7 82 4
89 20 2
52 4 3
119 7 1
2 112 1
57 82 4
110 133 3
70 42 1
42 31 4
145 100 1
56 142 4
69 75 4
99 65 1
6 74 2
95 37 1
4 38 2
100 146 2
16 83 2
11 19 3
2 129 2
113 69 4
141 135 2
129 51 3
47 134 1
102 32 3
66 111 1
35 112 4
37 113 2
69 39 3
103 28 2
118 112 1
124 47 2
141 81 1
105 131 4
82 64 2
75 60 4
26 12 4
39 40 1
92 123 4
72 0 3
12 134 1
66 104 2
58 7 2
71 34 2
109 90 4
120 105 1
3 21 1
125 24 3
47 123 2
64 103 3
65 135 2
41 7 1
101 88 4
34 83 1
143 65 3
13 21 4
54 102 2
12 94 1
102 19 4
83 87 1
103 57 3
120 12 1
17 26 2
81 113 1
73 96 3
26 44 3
34 119 1
81 13 1
2 148 4
28 6 3
144 43 3
136 113 3
69 24 2
51 137 3
88 39 2
73 80 3
40 104 2
47 81 1
53 1 4
26 69 3
125 81 4
4 80 2
78 88 2
140 67 4
147 66 4
134 129 2
77 45 4
19 111 4
23 111 2
122 46 2
112 100 3
56 8 1
6 35 1
14 147 1
26 3 3
135 10 4
26 101 1
123 32 1
110 89 3
14 48 4
52 19 2
52 37 1
12 46 3
98 6 4
70 13 3
102 24 3
14 148 1
39 56 1
124 28 4
141 88 1
4 114 3
87 119 3
133 26 2
123 22 1
15 107 4
94 118 3
111 120 1
147 7 4
51 123 3
34 145 3
106 104 2
5 78 1
92 48 4
54 103 2
111 21 3
67 34 4
22 130 3
144 84 1
80 113 3
27 86 2
84 34 4
52 128 2
93 75 4
48 117 3
128 29 3
70 76 2
74 23 4
102 107 1
30 82 2
78 35 4
81 54 2
22 114 1
59 56 3
8 83 3
147 124 1
36 87 2
50 5 3
91 16 3
4 131 1
46 72 1
9 87 1
14 101 1
95 50 3
138 87 1
140 0 3
92 147 1
7 4 1
109 126 2
103 93 1
93 22 4
44 13 4
38 114 1
106 14 1
142 27 2
97 72 3
147 88 1
105 137 1
110 45 4
3 58 2
6 37 4
17 10 4
44 123 3
120 6 3
72 16 3
104 131 1
129 125 1
0 56 2
49 83 2
55 76 4
75 95 4
132 104 3
91 146 4
62 6 3
48 47 2
13 32 1
57 116 4
122 20 4
130 67 2
58 92 1
44 60 1
14 132 3
45 113 4
67 18 4
20 17 2
99 145 4
8 48 4
51 108 4
23 0 1
14 62 2
118 39 4
8 133 2
1 15 4
23 42 1
140 124 2
141 41 1
95 44 4
141 147 4
42 125 1
103 8 3
148 87 1
116 89 4
107 93 3
86 69 4
115 85 3
33 61 2
2 49 2
21 117 1
75 30 3
145 66 2
102 64 3
20 6 2
46 110 4
104 126 3
68 38 2
14 128 1
147 119 2
145 104 1
93 137 2
130 70 3
93 101 1
43 63 1
131 109 4
132 63 1
29 66 4
60 81 4
19 88 3
47 57 2
61 127 2
140 60 1
94 74 4
140 135 2
22 103 4
16 116 4
38 10 3
101 117 3
104 59 1
4 122 4
111 98 3
38 22 3
83 50 4
122 73 4
20 144 4
143 75 2
37 18 2
77 7 3
67 7 2
101 76 1
93 148 4
133 127 2
45 65 3
44 20 1
87 4 2
43 125 3
97 138 2
26 112 3
114 102 1
87 3 4
62 93 2
63 73 1
124 76 1
96 20 2
92 78 1
111 123 1
12 37 2
93 47 4
113 79 3
105 136 4
61 109 2
133 123 2
48 30 4
49 93 2
65 89 2
40 149 4
144 10 3
108 109 2
107 7 3
110 12 4
59 132 2
8 144 2
69 101 1
31 50 3
12 95 4
35 20 4
65 102 3
50 64 1
69 21 3
35 91 4
97 27 1
65 55 3
68 25 1
14 50 2
50 9 1
43 62 3
119 10 4
2 144 1
25 47 3
63 107 4
98 112 3
95 26 1
5 115 4
21 78 1
80 94 2
4 21 4
122 33 3
78 27 4
32 120 2
10 51 2
70 107 1
10 53 4
141 62 3
24 72 4
107 27 2
118 56 4
25 66 1
29 115 2
135 77 4
127 59 1
94 32 1
102 41 3
99 5 4
33 109 4
48 84 2
52 41 2
13 11 2
98 84 4
33 47 4
52 90 1
8 58 2
96 81 1
63 121 1
144 76 3
126 52 2
148 4 3
137 109 4
25 138 3
93 96 2
31 62 1
21 20 3
41 80 1
123 12 1
136 146 1
141 5 4
2 40 2
144 139 2
141 91 1
99 105 3
103 23 1
67 38 4
17 0 4
7 133 2
84 69 4
83 13 2
61 2 3
19 7 3
86 73 2
21 29 3
1 149 1
79 141 3
23 59 3
119 62 2
57 147 3
133 4 3
13 26 4
123 115 1
112 142 2
78 144 1
118 110 3
6 56 3
85 86 1
144 145 4
144 134 3
110 130 2
64 118 2
9 77 4
38 64 4
89 3 1
76 133 4
28 57 4
149 94 2
81 149 3
29 70 4
36 141 1
22 83 3
44 27 2
126 120 4
121 52 4
106 37 3
15 108 1
19 87 4
53 19 4
45 61 2
111 121 2
120 139 1
138 65 1
40 124 1
79 3 1
5 29 4
118 6 3
36 113 3
48 93 2
52 53 1
0 135 2
105 71 3
38 86 3
111 129 2
52 33 3
24 98 1
33 9 3
110 96 2
20 25 1
25 102 1
14 5 4
139 11 2
21 93 3
92 18 3
53 112 3
86 65 2
124 15 1
54 129 2
26 46 3
93 59 3
12 23 4
123 106 2
49 104 3
72 126 1
48 9 1
134 102 3
149 147 1
117 136 1
1 75 1
15 119 2
65 114 3
36 82 2
7 10 2
50 44 2
33 45 4
15 80 1
79 96 2
40 98 2
90 95 3
130 60 4
45 15 1
67 98 1
89 99 3
16 85 1
74 91 1
54 141 2
14 23 4
30 29 3
49 138 1
123 59 3
56 31 4
31 105 3
61 78 3
50 77 3
146 133 4
104 38 2
121 79 3
48 32 3
73 15 1
36 108 1
19 148 4
57 27 4
66 36 4
112 148 4
15 121 3
122 18 3
63 104 2
79 95 2
60 117 2
40 134 1
104 45 2
140 102 4
109 60 2
124 126 3
1 39 2
15 59 1
145 14 3
56 112 1
24 103 4
35 51 4
16 147 1
101 56 3
42 75 1
68 110 1
79 89 2
37 129 4
100 71 2
108 54 2
131 95 2
140 47 4
92 90 3
26 11 3
105 11 2
71 113 4
149 50 4
105 41 1
119 98 2
136 116 1
96 15 1
62 53 2
61 35 3
132 38 1
13 114 1
94 6 3
16 15 1
123 91 2
84 9 4
119 106 1
21 72 1
83 81 3
118 98 1
64 15 1
13 85 1
74 103 3
56 145 4
15 139 2
97 51 3
47 125 1
40 5 4
121 27 3
106 82 3
101 74 2
34 29 1
46 84 4
147 44 2
141 80 4
11 82 1
141 2 1
38 95 4
5 25 2
72 129 2
107 72 4
61 84 1
47 11 2
137 79 2
71 70 3
84 91 2
70 39 4
90 142 4
112 7 2
129 24 2
66 79 3
142 143 2
49 12 3
41 96 3
36 133 3
121 64 1
140 2 4
64 110 4
114 70 1
118 149 3
79 103 4
7 32 1
73 100 2
130 88 1
119 0 3
66 119 1
33 54 2
107 46 2
90 99 2
43 75 2
40 133 4
103 82 4
95 1 2
122 135 2
8 124 3
40 144 3
129 6 3
124 141 2
127 67 4
128 4 2
138 88 3
124 18 4
5 70 1
30 130 4
32 28 1
11 143 1
125 84 4
69 43 2
30 136 4
18 46 4
19 49 4
47 4 4
80 64 1
69 122 3
14 77 1
86 61 2
21 48 3
46 57 4
81 75 3
31 57 4
144 119 1
38 139 3
132 5 1
63 58 2
109 94 3
123 134 2
37 39 2
113 27 4
77 82 1
82 53 4
77 107 3
42 133 3
64 48 4
123 11 4
136 3 2
66 118 1
149 123 1
135 56 2
92 130 3
114 27 1
4 81 2
130 58 3
144 125 4
145 96 1
48 98 2
92 64 3
38 45 1
121 94 3
1 139 4
89 144 1
99 126 3
72 87 2
29 80 2
86 14 1
6 17 2
72 102 4
83 19 4
47 133 4
128 17 3
8 74 4
89 72 1
15 95 3
3 88 2
143 31 2
105 12 2
91 60 2
100 125 1
24 43 1
39 130 2
86 97 1
53 143 4
113 42 3
98 29 4
61 14 1
131 12 4
58 73 1
42 105 4
94 136 4
88 43 1
129 148 2
25 126 3
103 41 2
139 42 1
29 8 2
2 5 2
41 92 2
16 115 2
21 49 2
51 114 2
138 108 2
140 65 2
119 60 4
131 40 4
13 35 1
47 128 3
115 78 2
19 86 4
70 87 3
2 110 1
133 107 4
32 109 2
66 117 1
54 47 2
111 126 4
87 32 1
18 140 3
43 49 3
115 75 1
0 80 2
79 0 3
64 104 3
47 50 4
53 22 3
17 85 1
79 59 2
106 57 2
10 98 1
26 146 1
39 46 1
6 40 2
125 5 4
7 88 4
73 39 2
31 131 2
9 92 3
133 60 1
72 77 1
65 117 2
49 58 2
1 0 2
34 140 1
58 21 1
48 129 4
49 18 2
57 63 2
62 2 1
73 126 1
48 120 3
96 99 2
101 23 1
27 116 4
126 35 2
38 74 2
75 70 4
90 88 2
137 82 3
74 85 4
70 72 1
51 113 3
5 17 1
102 60 4
110 55 3
43 117 1
7 69 1
129 75 3
77 143 4
34 74 1
49 66 2
74 2 1
108 120 4
81 53 1
130 123 2
38 72 3
121 139 3
34 60 2
136 27 4
130 137 3
97 54 1
84 67 4
31 33 1
138 37 3
120 124 2
90 60 3
9 61 4
92 15 4
143 103 2
132 78 3
21 5 2
39 149 3
6 99 2
100 105 3
105 18 4
30 22 2
28 79 4
139 135 3
98 108 2
65 149 1
90 7 2
133 113 1
57 22 4
17 79 2
68 106 3
136 87 4
2 52 2
80 56 2
127 14 1
66 48 1
42 130 3
61 134 2
142 72 4
12 75 4
20 129 3
49 76 1
113 47 4
63 4 2
1 29 1
147 123 3
105 47 4
137 94 3
137 80 4
140 36 1
127 98 1
98 148 1
66 101 2
67 133 4
71 15 1
66 65 4
85 47 1
129 122 3
33 53 1
147 121 4
3 52 1
76 147 4
83 135 2
100 40 3
74 96 1
79 80 4
66 99 2
81 34 4
33 96 3
56 88 1
36 54 2
29 57 3
139 80 1
95 125 1
101 82 3
104 68 2
143 140 2
76 43 2
22 86 2
131 42 2
139 148 2
130 29 2
3 99 4
116 47 4
92 126 4
78 126 1
135 109 4
37 139 2
72 23 2
129 62 3
2 11 4
50 76 4
101 123 4
149 13 2
44 40 4
147 13 3
86 10 3
44 132 3
86 79 3
39 44 2
138 123 1
7 0 2
142 95 4
78 18 4
57 2 1
76 11 2
48 50 3
77 4 2
42 82 2
19 141 1
33 82 1
126 147 3
71 2 1
31 34 1
114 74 1
133 61 1
143 16 3
102 84 2
65 68 1
133 98 4
129 109 1
21 65 1
24 136 4
74 62 3
109 99 1
84 57 4
93 54 1
67 103 4
137 131 2
133 71 3
9 52 2
33 133 2
120 39 4
63 149 2
116 36 2
141 31 3
100 81 1
77 102 2
39 27 3
93 65 3
126 49 2
53 47 3
53 60 3
3 125 3
74 100 2
70 103 4
56 46 4
97 115 3
65 7 4
39 28 4
19 59 4
125 90 3
57 112 4
92 46 2
69 131 2
5 22 1
66 107 4
73 104 3
128 74 4
18 98 1
85 0 2
123 87 3
50 36 3
133 99 3
9 1 1
109 35 1
24 130 3
135 53 1
59 92 4
123 58 2
113 148 4
82 90 3
120 78 2
79 101 1
70 17 1
78 131 4
105 90 3
80 51 1
40 94 2
140 121 1
43 84 2
136 47 1
51 23 4
52 17 2
83 77 1
37 7 4
44 98 2
71 83 3
89 103 1
53 74 4
81 17 4
73 77 1
48 136 4
2 96 4
131 106 2
120 128 2
126 58 2
113 97 2
138 107 4
126 51 1
23 83 2
16 52 4
41 37 4
68 21 2
44 21 1
121 108 2
79 8 1
137 149 2
100 107 4
15 97 3
14 89 2
35 133 4
7 46 3
54 57 2
27 111 2
145 80 1
56 55 2
122 70 1
45 5 1
115 92 3
19 5 3
54 137 2
43 52 3
43 80 3
130 68 3
88 76 3
132 111 2
27 6 3
85 50 4
127 96 2
61 104 3
90 6 1
116 22 1
126 19 4
131 138 3
135 69 1
37 97 4
45 55 2
1 63 2
22 104 3
76 119 4
1 105 3
106 94 1
83 74 3
82 6 4
44 136 2
125 11 2
138 61 4
138 96 3
28 136 2
34 37 1
61 59 2
109 51 2
40 7 2
13 40 1
132 46 4
81 134 3
119 22 3
77 144 2
47 97 3
123 105 4
94 10 3
4 15 3
68 14 3
58 15 1
23 46 2
52 109 1
25 27 2
115 22 4
68 1 1
110 122 4
6 119 3
122 68 1
35 93 2
90 100 1
110 8 2
45 44 1
49 47 2
91 97 4
125 124 4
11 126 1
69 138 1
29 107 1
123 114 3
112 21 3
34 16 1
13 24 2
28 24 2
94 62 4
74 19 3
0 92 2
6 13 1
21 74 1
25 17 4
63 141 4
78 111 2
70 58 3
54 123 3
45 59 3
98 126 2
45 127 3
80 31 2
71 44 1
84 53 2
105 17 2
69 50 1
133 81 3
56 81 2
120 27 4
64 128 4
62 89 2
27 47 4
83 131 1
148 136 3
21 128 2
80 83 2
91 93 1
78 8 3
94 31 2
37 68 4
0 48 3
110 95 3
38 28 4
21 109 1
80 30 4
17 55 1
96 106 1
126 4 2
1 128 2
108 68 2
59 88 1
135 62 2
42 28 3
24 121 4
89 111 2
143 35 1
13 98 4
105 7 3
122 58 1
110 77 3
38 91 3
146 95 4
142 29 4
24 46 4
8 25 1
142 130 3
113 57 1
68 78 4
10 33 1
132 149 1
9 107 3
108 144 4
72 88 2
79 14 1
60 74 2
22 24 2
29 75 4
99 56 1
49 99 4
32 80 3
128 6 4
39 142 3
96 50 3
105 19 3
114 36 1
31 135 3
85 64 1
48 83 1
22 84 1
106 1 4
136 11 2
139 86 4
30 0 1
107 94 4
38 131 2
61 110 4
0 59 1
6 122 3
100 119 3
40 119 4
34 92 1
131 81 1
87 107 3
78 76 2
30 45 2
16 132 1
141 144 3
34 64 4
1 27 4
103 111 3
22 51 3
127 46 4
31 90 1
46 40 4
0 115 2
50 54 4
89 113 1
6 63 1
68 57 3
0 55 1
71 137 2
128 51 3
61 18 4
115 122 4
106 55 2
84 82 3
91 102 3
127 18 2
68 23 4
73 2 2
63 120 4
22 133 1
101 84 4
111 91 3
3 6 1
111 114 1
9 58 3
51 121 3
0 6 4
128 130 4
114 110 4
145 121 1
131 0 1
79 112 2
25 136 4
16 90 2
52 93 2
113 56 3
138 122 1
46 139 3
111 9 1
32 117 4
48 106 3
143 13 2
47 1 4
39 109 1
77 91 3
129 57 1
48 68 3
104 34 2
116 133 2
137 65 2
35 79 3
47 37 4
133 38 1
47 127 4
140 11 3
13 36 1
64 33 3
25 101 3
137 142 4
114 63 2
13 110 1
67 29 2
125 46 3
3 74 1
23 89 2
38 98 4
149 148 1
75 128 1
53 148 4
96 94 1
17 134 4
99 143 3
67 54 2
83 20 3
25 91 3
45 85 4
25 31 1
118 5 3
130 25 4
115 48 3
90 67 2
94 133 1
48 94 1
131 141 3
16 149 4
121 136 2
103 11 1
42 104 3
114 147 2
141 22 1
1 8 2
125 133 2
10 22 4
138 45 4
103 78 2
116 93 1
49 128 2
17 2 2
105 139 4
120 99 1
77 20 4
138 133 4
85 54 4
3 92 1
12 79 3
84 87 1
82 21 2
74 22 3
98 74 2
122 19 1
16 74 4
39 95 2
100 41 2
64 122 3
82 148 1
51 73 2
105 2 3
51 81 2
9 38 1
16 95 4
0 78 1
81 11 3
131 89 1
37 16 4
125 116 4
122 113 4
145 63 2
132 103 4
129 36 4
121 56 3
96 146 3
48 126 3
131 27 1
123 131 2
146 36 1
40 53 4
126 17 1
102 1 4
22 105 3
1 121 2
142 53 3
23 116 1
16 12 2
109 146 4
94 90 4
17 32 4
42 89 3
109 119 1
49 101 3
101 106 3
11 4 1
143 147 3
134 108 2
120 36 4
40 137 2
66 84 1
132 7 1
78 87 4
61 46 1
32 0 3
54 60 2
138 16 3
58 4 3
44 77 4
76 42 2
93 39 2
134 48 3
101 125 2
129 73 1
140 89 4
31 28 3
58 11 1
91 62 3
117 29 1
13 69 4
80 131 1
15 10 4
102 139 2
3 85 2
87 89 1
71 135 4
98 89 3
129 34 1
144 63 2
27 110 3
127 9 3
130 50 1
128 87 3
23 76 3
80 111 1
44 85 1
140 16 4
36 132 1
46 53 3
106 122 4
24 26 4
8 93 2
106 36 1
8 112 3
99 147 4
119 61 3
44 35 1
104 11 3
44 120 3
131 128 2
139 138 4
115 32 4
89 97 1
97 101 1
121 149 4
43 89 1
22 71 3
75 103 2
25 85 3
6 131 4
61 135 2
36 57 1
121 48 2
122 1 1
92 61 2
9 60 1
56 27 2
127 84 1
9 88 2
149 75 1
36 2 1
39 48 4
42 87 4
122 118 4
79 74 4
100 56 2
82 54 2
109 13 4
127 74 2
108 118 3
60 18 3
93 30 2
62 76 3
98 135 3
138 67 4
67 64 1
109 42 3
89 34 1
9 34 1
42 103 2
33 0 4
24 134 2
23 49 4
56 9 2
33 11 1
49 136 1
0 126 2
81 74 1
58 113 4
71 42 3
69 9 1
27 77 4
141 73 2
86 124 3
76 115 3
99 11 4
108 95 4
13 77 3
36 138 3
104 81 2
149 45 2
102 68 4
147 68 4
36 59 2
46 50 3
126 87 3
106 78 1
104 99 1
131 19 4
41 38 3
98 136 2
125 102 2
143 37 4
96 98 3
52 100 1
126 32 2
52 12 4
10 36 2
59 40 1
4 79 4
8 39 2
116 5 1
135 44 4
21 84 4
90 74 4
38 149 3
66 54 1
57 11 2
128 50 1
90 45 3
4 138 4
0 129 4
10 125 1
62 80 4
104 21 1
129 14 1
98 64 3
54 22 4
62 126 1
111 131 1
37 121 3
143 149 4
59 103 3
103 29 4
14 38 3
19 119 2
10 120 4
134 148 2
86 0 1
18 15 1
112 123 4
74 9 4
29 58 1
80 134 3
116 128 1
144 97 2
134 131 4
115 103 4
57 91 2
61 63 3
76 48 3
113 101 3
49 127 3
5 30 3
1 25 2
52 139 4
0 58 4
93 73 1
125 132 3
89 47 3
101 107 2
8 37 2
76 75 3
96 56 2
21 52 4
94 44 1
136 128 3
106 25 2
107 8 3
31 139 1
31 136 4
104 13 1
79 119 1
132 69 1
147 118 2
134 16 4
123 104 1
26 67 4
133 0 1
68 86 2
132 29 3
30 71 1
121 107 3
106 143 2
20 125 3
7 34 2
42 4 2
63 75 4
129 64 1
70 15 2
74 118 1
111 142 3
116 8 3
107 135 2
64 45 4
18 87 1
110 18 4
62 92 2
18 47 3
53 87 2
148 58 2
135 113 2
46 9 1
144 93 3
58 55 4
109 74 3
13 87 3
74 70 2
95 67 3
93 44 3
75 58 2
17 45 4
97 92 2
149 67 4
36 20 1
70 82 4
82 102 1
106 138 3
149 26 1
4 82 4
3 61 3
31 144 2
110 11 2
77 101 1
55 117 2
82 55 4
84 119 3
33 16 3
136 36 2
3 75 4
1 70 4
84 45 2
138 31 4
31 63 1
49 17 2
33 21 2
97 10 4
139 133 2
108 75 4
38 69 3
84 71 2
61 56 2
50 52 1
145 127 2
85 110 3
123 97 1
99 1 2
96 149 2
85 82 4
57 32 3
18 23 3
55 145 1
127 119 3
123 18 2
51 70 1
30 76 1
58 146 4
63 111 2
95 86 1
112 97 3
99 30 4
123 66 4
51 13 4
135 46 4
72 86 2
55 91 1
42 29 2
135 50 3
22 112 3
108 93 2
72 17 3
58 30 2
54 19 1
25 149 3
90 19 1
138 125 2
44 105 4
82 95 3
144 90 4
123 120 1
116 130 1
32 71 1
133 143 4
60 118 1
125 86 2
141 111 3
124 55 3
23 19 4
39 108 3
8 10 2
36 149 3
122 51 4
130 101 4
56 45 1
55 11 4
92 43 4
4 33 2
57 33 1
35 75 2
39 30 4
76 95 1
138 10 4
120 143 2
31 125 4
35 129 3
40 58 4
25 86 4
99 107 4
39 140 4
106 121 4
74 144 3
61 47 2
31 39 3
129 13 4
1 51 3
123 82 4
88 104 4
103 45 2
2 134 1
99 33 2
24 115 3
108 143 3
82 2 1
82 32 3
37 44 2
96 119 2
122 107 3
101 17 2
61 87 2
134 82 3
70 126 4
60 143 3
14 135 3
11 66 1
83 53 4
20 88 2
91 95 1
95 141 4
59 86 1
87 74 1
29 17 2
130 72 4
77 70 1
101 131 4
119 136 3
26 126 1
69 141 1
79 38 3
143 63 1
126 75 2
11 137 2
1 116 4
27 98 1
118 100 2
79 69 1
118 95 1
19 80 2
149 134 2
146 61 1
18 26 4
113 61 4
53 96 2
128 142 3
108 78 4
49 72 1
7 87 3
134 1 4
1 109 1
93 56 2
9 13 2
73 5 1
85 130 1
104 62 1
10 4 2
126 44 1
2 136 2
24 36 1
57 128 1
98 60 2
119 115 4
58 81 2
107 40 1
115 54 4
14 35 1
42 112 3
33 144 4
72 127 2
136 84 3
54 107 3
120 113 4
60 22 3
93 86 1
45 68 4
21 46 2
78 142 1
92 136 1
76 37 1
83 64 3
135 41 2
106 141 2
73 91 3
116 143 1
46 145 2
49 20 4
0 102 2
88 15 4
103 122 4
85 137 3
119 102 2
99 121 4
116 148 3
121 134 2
19 72 2
132 148 1
39 121 4
14 134 4
127 16 1
16 10 1
111 2 1
9 86 4
121 124 3
33 67 1
101 32 3
148 25 4
135 72 4
65 91 3
76 0 4
12 117 4
12 66 4
132 27 4
18 17 2
110 91 1
97 18 2
44 144 2
142 17 1
89 37 1
104 28 1
84 55 3
37 146 2
104 51 4
37 48 3
141 3 4
19 48 1
60 137 2
40 14 1
58 103 4
106 31 3
143 24 3
58 108 4
117 17 1
75 37 2
65 148 4
67 88 2
145 39 1
83 32 3
13 125 4
107 116 2
82 24 3
18 5 2
112 50 4
28 37 2
34 27 3
37 131 4
26 127 3
64 24 3
5 71 4
110 123 3
63 85 1
117 95 4
127 32 1
116 105 2
37 103 2
86 2 4
73 75 1
53 50 3
147 20 1
59 135 4
140 75 3
135 102 4
121 91 1
7 139 3
110 101 4
17 136 3
130 141 4
24 59 2
23 44 3
136 106 2
76 89 1
84 23 1
127 131 4
86 30 2
3 78 1
20 68 2
15 14 4
78 52 4
86 132 2
68 115 3
148 46 2
1 14 1
50 27 1
105 108 2
29 35 4
135 64 3
21 75 2
42 40 1
54 128 3
129 128 1
73 110 3
69 107 4
97 120 2
93 33 4
103 71 4
125 23 4
17 77 4
124 119 1
131 87 4
37 140 1
75 49 2
81 111 3
142 59 4
66 75 1
31 124 3
84 35 1
4 142 2
24 113 1
76 27 2
67 62 2
75 94 3
1 65 1
51 139 2
116 44 2
109 43 1
0 11 4
121 20 4
117 36 4
83 70 1
25 41 2
16 97 3
3 19 1
109 69 3
95 21 3
132 64 4
72 65 1
68 124 1
95 127 3
9 11 3
148 75 2
21 120 2
32 4 1
66 28 4
17 111 2
71 26 4
26 61 1
0 141 3
63 74 2
14 41 1
13 59 4
13 142 2
133 97 3
39 101 4
89 31 2
52 39 2
121 26 4
123 74 4
99 24 3
16 125 2
105 8 2
130 104 1
4 60 3
140 74 3
35 2 4
105 130 3
55 126 2
86 15 1
128 28 1
130 59 2
2 27 3
82 13 2
23 112 2
49 77 1
119 18 2
34 24 1
65 125 4
116 49 2
59 100 2
8 148 1
115 128 2
59 118 1
84 68 4
22 79 3
96 123 2
25 43 1
145 2 3
117 31 2
76 74 4
116 96 3
17 59 1
98 31 3
41 58 1
28 106 3
80 37 2
50 143 4
128 76 3
81 23 1
29 105 4
54 84 2
67 30 4
64 37 4
47 69 2
140 68 2
7 111 3
27 18 4
79 138 2
101 61 4
73 142 4
65 38 2
93 147 2
26 145 1
90 138 1
145 7 3
104 7 4
27 135 3
145 118 3
89 48 4
46 67 4
57 1 2
14 119 3
81 140 2
17 58 2
124 74 4
52 148 3
134 0 1
146 143 2
110 134 2
55 89 4
3 62 3
8 35 2
108 69 2
141 114 2
96 117 4
105 51 2
109 30 1
79 67 3
57 89 3
145 94 3
12 57 2
32 26 3
45 32 3
15 9 3
144 18 3
148 107 1
60 29 1
58 127 2
25 109 3
149 136 4
145 90 2
110 107 4
130 98 3
10 39 4
38 60 1
112 99 1
93 115 3
134 125 1
119 85 3
98 142 2
34 122 4
105 147 1
61 103 4
16 30 1
28 121 3
30 4 2
94 116 2
83 33 3
46 0 1
149 76 2
25 51 3
133 105 2
15 72 3
9 105 2
74 86 4
15 5 3
54 62 4
78 146 3
145 65 1
9 75 3
135 54 4
109 87 4
19 12 4
34 63 2
15 98 3
90 26 4
76 104 2
46 79 3
33 130 3
111 76 2
86 39 4
77 46 2
90 124 3
55 94 4
94 85 4
145 50 3
127 4 2
24 70 1
133 50 4
112 37 2
70 143 2
118 128 3
134 37 4
118 28 2
128 31 3
19 129 2
118 125 3
97 6 2
86 29 2
83 95 4
136 37 3
121 14 4
60 126 3
58 137 1
93 5 3
113 26 2
102 97 4
98 14 1
137 53 1
147 32 2
107 108 1
73 56 3
71 46 3
138 132 1
106 145 1
121 98 1
140 29 3
36 79 4
62 117 3
134 28 1
105 121 3
89 80 2
126 59 2
66 140 3
35 54 4
28 34 3
67 119 3
149 7 1
112 41 4
126 133 4
116 124 3
7 45 3
62 116 4
77 81 4
70 121 4
117 144 1
83 98 2
109 27 1
54 101 3
42 90 3
91 109 3
86 137 4
77 124 4
53 122 2
46 133 4
90 112 2
73 25 2
4 98 1
33 105 1
121 118 4
102 130 2
134 25 3
81 68 3
57 39 2
47 24 3
139 65 2
108 35 3
128 40 1
88 119 2
135 144 2
14 87 3
142 115 2
57 85 4
78 44 2
114 66 1
76 109 3
35 66 3
1 18 1
75 109 3
146 41 1
36 17 3
110 124 2
31 65 4
46 64 4
63 12 2
135 23 3
99 59 1
73 82 2
94 87 3
113 10 3
111 1 4
68 60 2
11 44 1
91 125 4
120 79 1
97 46 4
74 149 2
119 32 3
111 61 4
114 25 3
75 142 2
109 22 1
55 72 2
99 119 1
39 11 4
91 124 1
6 134 4
122 67 3
51 48 4
113 4 1
22 149 2
88 121 3
11 87 4
60 56 3
118 143 1
134 133 3
30 129 2
23 38 1
75 65 4
30 148 3
41 61 1
31 15 3
145 133 4
81 129 3
125 21 2
90 93 1
18 7 4
3 82 2
114 69 1
75 26 2
51 100 3
110 9 4
14 64 1
49 39 3
27 35 3
83 138 1
8 88 4
98 52 4
133 89 3
137 21 3
16 126 2
39 136 4
51 125 2
5 101 4
64 96 3
145 129 1
149 51 1
94 127 4
46 70 4
100 130 2
8 106 2
61 44 1
5 8 4
42 72 4
33 91 1
62 142 1
89 56 3
22 14 4
35 18 2
146 104 1
26 110 3
14 52 1
15 11 3
8 36 3
76 15 3
112 28 4
115 143 2
66 59 3
8 18 2
145 95 2
33 149 1
105 92 2
44 90 4
15 128 3
128 2 4
14 28 2
127 128 4
26 19 3
12 28 1
140 76 2
26 82 2
68 63 2
146 29 3
65 23 4
45 39 4
18 120 4
38 24 3
69 112 1
41 139 4
94 128 2
103 133 3
46 75 1
114 84 4
91 78 4
67 94 4
148 97 1
40 37 1
55 134 1
102 44 1
58 110 1
146 25 4
86 140 1
94 17 3
108 47 1
89 117 4
59 83 1
48 40 4
65 144 2
59 134 1
31 22 1
42 61 4
134 39 3
12 111 4
66 61 2
63 93 4
135 30 3
77 54 2
117 145 3
25 70 3
21 124 2
82 125 4
67 100 4
55 142 1
58 129 2
112 64 2
80 28 3
108 49 2
120 41 2
64 54 4
66 94 3
20 22 1
36 137 2
73 47 3
130 62 2
66 97 2
143 52 4
38 97 4
86 63 4
47 44 3
109 45 2
100 113 4
105 32 3
26 74 2
69 117 1
18 102 1
107 41 4
1 87 4
96 47 1
141 67 3
61 77 4
22 146 3
14 26 4
54 32 2
50 66 1
31 122 2
50 125 1
65 115 2
22 63 1
3 32 2
25 87 2
2 13 1
2 78 1
82 44 4
79 127 2
128 11 1
45 112 1
34 62 4
122 88 4
145 140 2
114 100 3
75 33 3
69 0 2
76 13 2
15 7 2
66 131 1
114 107 3
39 47 4
59 54 4
117 99 2
121 127 1
133 48 4
73 112 2
24 21 4
146 5 3
5 126 1
109 17 2
108 96 3
8 97 1
108 71 2
87 15 1
3 148 3
129 91 4
25 76 4
79 33 4
116 59 2
56 104 1
37 120 1
55 148 1
142 49 2
36 118 3
39 105 4
48 78 1
65 14 3
64 134 2
146 12 1
129 94 2
96 86 3
121 132 3
49 132 2
37 5 4
37 126 2
130 138 3
136 5 3
112 141 4
6 104 3
38 88 2
16 55 2
35 99 2
88 10 3
131 116 4
106 95 3
70 2 1
21 62 4
79 56 1
78 141 1
99 25 1
45 120 1
105 124 2
95 41 3
96 104 3
142 127 3
115 118 4
120 62 2
107 34 2
93 58 4
135 47 1
140 15 4
107 104 2
47 79 4
142 129 1
49 40 3
86 113 4
146 38 2
49 111 4
107 118 1
59 110 2
141 108 4
11 142 1
15 50 1
95 6 4
22 139 2
15 27 1
64 72 2
74 139 4
46 62 2
39 34 3
104 105 3
143 39 1
37 86 1
86 49 3
55 138 4
137 121 1
10 93 3
14 141 1
81 146 4
3 14 1
93 25 4
34 52 1
143 95 2
126 13 1
85 1 2
21 141 3
88 13 1
138 91 1
145 101 1
112 119 1
10 57 4
128 86 4
83 17 4
65 47 2
31 67 4
46 60 2
40 4 2
45 43 2
61 36 1
105 4 4
97 100 3
31 129 4
107 20 2
9 16 2
106 22 4
16 2 2
12 45 4
66 130 2
123 57 1
140 85 4
22 101 4
113 87 1
8 33 4
3 109 3
115 81 4
95 84 3
15 52 2
21 149 1
54 26 4
92 85 4
68 34 3
112 77 3
125 87 2
143 137 1
135 88 1
61 115 4
95 7 1
55 135 3
6 115 2
13 47 4
78 23 2
134 31 4
26 38 2
4 56 2
81 101 3
119 17 2
64 63 1
85 90 1
78 1 1
26 56 3
128 145 3
66 126 3
84 135 4
128 32 1
85 133 1
137 101 1
148 40 4
38 101 3
60 113 3
57 19 4
140 98 3
92 141 1
110 41 2
38 73 3
9 54 3
70 64 2
11 43 1
31 70 1
13 29 1
144 35 2
55 108 4
133 74 1
108 19 3
138 27 3
106 38 3
20 79 1
109 88 2
130 146 3
27 99 3
49 57 3
70 63 4
64 111 3
42 41 2
67 66 1
21 51 4
7 49 3
40 113 3
51 124 4
40 132 3
81 108 3
142 125 1
37 82 1
124 95 2
140 33 1
91 2 4
79 9 2
99 4 4
107 44 2
63 83 1
45 118 1
109 31 2
110 31 3
9 135 1
93 38 2
48 79 2
45 78 1
111 24 2
20 92 3
113 112 4
144 146 2
113 22 4
137 87 4
40 120 1
56 15 2
72 98 3
44 0 2
33 20 3
135 33 1
94 3 1
111 82 3
12 25 1
20 43 4
122 57 4
69 145 3
46 98 4
107 130 1
141 107 1
69 2 2
83 104 4
117 50 4
134 106 1
140 55 2
85 66 2
20 56 4
12 143 1
85 97 2
113 7 1
75 68 1
54 122 4
115 43 2
86 88 1
72 50 3
87 59 3
55 127 4
129 105 3
52 54 3
5 32 1
91 134 2
135 18 3
117 22 2
99 86 3
131 48 4
81 50 3
102 63 2
75 113 1
114 50 1
73 97 1
15 46 2
52 91 4
35 62 3
123 40 3
124 39 3
25 137 4
56 82 1
133 87 4
93 112 2
141 77 4
81 103 4
9 126 1
112 144 4
6 77 2
108 22 1
122 128 4
134 99 4
47 91 3
88 75 4
135 123 2
43 9 1
12 73 1
51 74 1
118 88 2
95 8 1
98 75 2
34 73 1
8 23 3
18 137 1
11 18 4
10 27 4
86 31 3
83 24 2
32 24 4
107 21 3
96 5 3
106 62 4
37 109 3
53 32 1
131 30 4
140 133 2
18 76 4
149 133 2
84 33 1
9 147 4
85 139 1
110 78 4
124 104 2
114 61 2
52 111 1
11 49 2
147 134 4
134 140 2
138 126 2
39 60 3
68 105 3
36 65 4
119 33 3
12 42 3
52 105 1
0 142 1
92 69 3
58 105 3
51 36 1
34 17 2
9 115 2
131 18 2
111 93 1
44 128 1
26 7 2
35 22 4
3 114 2
107 139 3
71 115 4
137 52 2
6 111 1
36 32 3
69 54 3
147 112 3
77 92 3
57 136 2
143 73 3
70 120 3
90 80 1
48 38 4
92 55 2
95 78 3
0 57 1
6 25 3
12 129 3
128 83 1
63 96 3
5 49 1
114 55 4
91 117 3
101 52 1
70 41 2
38 111 4
124 145 3
99 0 1
33 58 2
108 7 3
25 135 3
99 144 2
55 77 1
122 44 4
94 141 2
148 73 2
85 5 2
58 71 4
69 8 1
145 123 2
123 65 2
10 48 3
138 101 3
5 88 3
31 11 3
101 122 1
119 29 3
139 71 2
21 9 2
94 105 2
126 76 1
26 125 4
26 117 4
5 108 3
109 5 3
27 101 2
82 28 2
128 106 3
143 43 3
23 40 4
46 104 1
25 118 4
138 44 3
78 50 4
1 127 4
130 122 4
149 53 4
42 46 3
111 62 3
119 37 4
27 71 3
115 133 1
83 123 1
16 86 2
62 9 3
114 92 3
16 76 1
0 94 1
114 97 1
97 67 1
69 90 4
32 141 1
86 53 3
102 27 2
39 80 4
120 28 4
140 9 2
131 68 2
78 83 2
133 37 2
7 118 3
86 62 3
143 38 2
102 131 2
124 106 3
33 27 2
65 73 4
101 148 4
21 71 3
67 50 1
43 28 4
68 28 3
141 33 3
144 38 3
52 114 1
30 26 4
134 75 2
106 3 3
57 65 1
58 132 2
88 42 1
124 46 2
117 98 1
127 76 2
41 113 4
104 58 1
45 35 3
50 90 4
82 18 2
141 68 3
31 107 1
115 144 4
117 42 4
45 14 3
51 95 2
31 3 4
128 96 2
138 128 2
3 33 3
76 81 3
130 145 2
89 51 3
15 42 1
123 109 2
105 27 1
62 137 1
139 61 2
87 58 4
137 5 3
41 64 1
80 103 2
1 114 2
36 67 3
87 105 4
134 29 1
51 67 3
26 16 3
116 123 3
89 4 3
73 46 2
135 1 2
71 111 1
20 87 1
146 116 4
116 0 4
45 115 3
36 30 4
123 72 4
142 135 4
42 0 2
70 113 3
84 80 2
128 134 2
46 54 2
21 15 1
5 134 2
141 96 2
124 113 4
1 58 3
149 34 1
126 29 3
79 117 1
118 133 2
38 66 3
100 86 2
149 93 3
34 111 3
110 39 3
127 28 3
102 127 4
6 140 4
81 78 4
61 112 2
46 25 3
37 104 3
24 120 1
2 14 1
127 132 1
134 42 3
41 81 1
51 84 1
138 109 4
62 71 3
73 84 1
73 99 1
85 89 1
130 79 2
25 94 3
137 113 3
114 91 4
63 90 1
63 35 2
132 140 3
20 141 4
97 146 4
122 43 3
49 48 2
41 10 3
117 77 3
44 119 2
123 107 4
53 129 1
142 104 1
22 125 4
33 24 3
19 29 2
85 39 1
62 115 1
6 53 1
116 106 2
109 73 1
100 131 4
17 104 4
49 38 3
6 83 2
51 140 4
50 120 3
84 111 3
88 102 1
40 116 4
38 140 2
95 92 1
38 85 3
12 83 4
93 94 2
71 140 3
97 104 4
73 4 1
51 11 4
55 35 3
16 0 2
16 61 3
13 127 2
130 121 3
137 49 3
91 107 4
75 144 3
0 124 3
35 138 4
1 32 1
106 80 3
124 132 3
101 133 1
22 49 2
76 6 2
38 32 4
34 142 1
108 87 4
107 25 1
43 34 2
141 148 3
14 43 4
20 51 4
101 41 1
91 20 4
39 141 4
146 28 2
82 62 4
87 127 2
18 13 1
126 57 2
113 30 1
44 106 4
131 54 4
12 31 4
44 66 4
10 55 2
135 94 3
149 42 4
65 33 3
101 7 2
45 47 1
135 11 2
88 149 2
138 117 1
118 73 4
92 66 1
107 0 1
63 147 3
5 84 3
105 109 3
133 39 1
37 58 4
84 148 4
133 10 3
75 17 4
127 21 2
145 73 4
56 138 2
24 110 2
82 131 2
148 109 2
47 114 3
33 76 2
77 147 2
129 42 4
8 68 2
0 74 1
131 34 4
86 111 2
32 40 3
138 141 2
22 73 1
12 50 3
99 47 3
13 94 2
144 86 2
136 76 2
44 4 4
97 140 3
2 123 2
24 45 4
43 91 3
2 92 1
118 138 1
114 124 4
92 36 4
31 4 4
119 91 4
5 122 3
95 25 2
12 43 1
111 136 4
0 105 3
111 42 1
12 126 2
18 100 3
5 28 1
65 119 2
111 107 3
44 24 1
63 101 3
126 141 1
98 97 1
143 20 1
2 42 4
74 24 2
86 148 1
132 97 4
104 35 3
92 16 2
101 13 4
25 121 1
129 45 4
138 47 1
146 72 1
24 17 1
43 42 2
29 55 3
109 102 2
43 97 1
46 27 2
82 112 2
127 107 1
139 112 2
41 66 3
55 61 3
2 48 2
11 92 3
20 101 2
61 50 2
83 137 2
103 21 1
13 118 3
103 114 4
32 39 1
38 108 2
27 112 2
139 119 4
71 76 2
62 57 3
89 0 3
103 100 2
70 61 2
50 86 1
16 28 4
122 119 1
132 122 2
65 18 2
98 17 3
94 41 1
128 68 4
0 149 4
81 138 1
19 138 3
21 67 1
142 54 3
119 137 2
121 77 2
128 89 4
52 127 2
47 132 3
43 36 2
133 132 1
50 100 1
98 139 1
77 123 2
106 93 3
55 33 2
121 5 2
17 80 1
88 55 1
27 11 4
112 43 4
127 23 4
52 86 3
9 57 4
114 33 1
64 51 1
56 69 2
5 97 4
128 38 1
31 21 4
121 41 4
85 116 2
90 127 4
118 21 4
100 117 3
57 119 4
105 63 4
105 36 2
5 9 1
20 76 1
1 123 1
103 33 4
8 43 3
142 109 3
42 148 3
98 25 2
81 40 4
80 46 2
3 102 2
135 114 1
13 22 4
54 51 2
11 34 2
4 145 3
119 21 2
53 103 3
112 140 3
35 49 1
5 120 1
33 19 4
111 125 1
69 49 1
112 85 3
51 28 1
50 70 3
66 137 4
34 22 2
1 40 2
54 53 3
132 105 1
123 8 1
104 140 3
51 71 3
130 16 2
60 14 4
28 58 3
95 138 1
68 72 1
25 62 2
70 67 1
148 126 2
137 141 1
137 81 3
42 22 2
144 45 2
110 35 1
61 102 2
75 87 2
142 43 4
7 144 4
8 126 3
76 85 3
12 128 1
93 119 2
100 91 2
93 89 4
49 117 2
7 78 4
112 83 3
51 99 2
55 80 3
118 111 1
14 117 2
111 83 3
54 106 1
32 35 2
132 6 1
92 8 3
120 117 3
57 14 1
82 109 1
45 102 3
43 29 4
8 31 2
66 136 3
145 17 4
76 26 2
26 60 3
32 2 1
1 84 3
11 63 2
133 19 2
32 31 3
65 133 2
145 35 1
72 122 1
74 84 3
130 54 1
51 39 3
15 62 1
33 69 2
93 125 3
111 25 1
139 103 3
77 22 2
132 84 4
88 22 3
49 118 2
142 46 3
118 38 3
111 31 3
9 28 2
25 115 4
44 7 1
41 85 2
49 1 2
130 1 1
45 8 1
139 87 4
87 35 2
114 113 4
41 19 1
11 14 1
33 90 3
88 148 4
107 128 1
84 70 3
45 51 4
97 26 3
65 136 3
124 4 3
107 51 1
133 102 2
3 137 3
48 146 2
40 35 4
97 79 1
85 65 3
76 21 2
146 107 1
9 36 1
98 101 2
1 69 3
72 73 3
72 34 3
14 10 4
85 24 3
64 59 4
95 13 4
39 138 3
117 27 3
78 118 4
64 1 4
39 3 1
101 30 1
7 20 2
63 142 4
88 139 4
72 136 2
110 135 4
101 147 1
23 13 3
37 14 4
145 111 4
52 122 4
74 58 2
40 110 1
78 28 4
122 148 4
16 100 3
126 40 4
43 21 4
16 51 2
68 42 4
115 77 1
15 122 4
103 127 2
34 61 2
133 70 4
89 141 2
46 16 3
101 87 2
108 131 3
77 1 1
81 130 4
56 107 1
144 128 1
100 61 4
17 141 3
147 129 4
14 133 4
124 43 2
18 139 3
72 114 3
77 18 4
139 49 4
108 102 4
138 77 4
107 106 4
80 63 4
43 15 3
62 147 4
140 144 2
108 65 2
36 41 4
91 142 1
1 4 4
109 36 2
57 120 2
80 125 1
20 45 2
83 62 4
91 39 2
65 110 1
56 116 4
100 89 3
8 46 1
21 92 4
80 24 3
130 21 3
58 68 3
75 125 1
21 139 4
92 6 3
104 31 1
55 78 2
116 86 3
70 88 1
99 15 4
45 136 2
43 68 3
3 22 1
17 69 4
83 103 4
125 53 4
66 89 4
116 104 1
33 6 3
46 113 4
62 138 4
87 12 3
105 66 4
146 87 2
108 122 4
28 50 1
25 15 3
13 133 2
19 77 3
117 70 1
108 128 1
30 118 3
131 93 1
97 41 3
115 73 1
81 90 1
4 72 4
39 113 4
72 141 1
105 65 4
11 90 4
90 113 1
3 138 1
109 104 3
12 121 3
83 67 4
99 92 1
23 95 1
73 64 2
4 18 1
138 102 1
14 31 2
56 120 1
16 23 1
51 116 2
18 138 3
112 86 3
97 116 2
107 105 1
84 0 1
71 38 2
121 66 1
128 92 4
57 43 3
102 118 1
38 30 4
34 80 4
85 91 4
62 47 3
19 16 3
129 89 2
81 73 3
27 8 3
54 133 3
101 143 2
79 52 4
45 132 1
147 91 4
26 114 1
45 135 2
8 102 4
15 111 4
86 135 1
109 34 4
131 20 3
54 43 2
61 7 1
106 15 2
7 98 4
33 89 1
112 25 2
136 4 3
68 7 4
92 31 2
116 73 1
23 61 2
55 28 1
60 139 4
6 116 3
120 38 1
104 148 3
26 40 4
25 63 2
94 4 1
149 57 4
32 6 4
88 48 4
50 40 2
77 57 1
3 139 4
127 56 4
140 42 1
129 149 2
74 25 4
78 125 4
114 57 3
139 106 4
130 14 3
46 52 1
145 87 2
11 114 3
92 19 2
73 49 3
72 149 4
115 132 4
148 106 3
28 83 4
146 24 3
7 22 3
93 95 3
10 61 3
140 35 4
47 58 2
8 96 2
2 90 3
34 82 4
129 90 4
38 136 2
43 2 1
58 13 3
27 129 3
70 78 3
118 47 3
80 104 3
56 85 4
59 143 4
30 122 3
11 107 2
13 96 3
3 80 3
65 12 2
52 134 3
60 79 3
23 69 3
145 126 2
30 27 1
42 25 2
74 120 1
17 44 2
9 136 2
136 85 1
4 103 2
96 115 4
6 79 3
140 122 4
136 12 2
71 127 3
62 87 4
143 72 2
149 41 1
123 63 3
48 96 4
132 85 2
59 18 1
22 2 4
64 43 1
68 67 3
100 34 2
16 7 4
85 129 2
77 100 3
3 124 2
129 120 4
14 99 3
56 134 2
79 30 2
96 68 1
26 124 4
62 143 4
52 51 1
71 89 4
67 5 4
75 117 1
140 59 3
120 85 4
144 13 4
100 17 3
124 16 1
58 46 2
93 138 2
64 18 2
138 40 1
102 124 2
1 60 4
96 88 3
1 13 2
117 18 2
54 147 3
9 27 3
15 146 1
128 98 2
21 70 2
109 114 4
39 66 4
93 124 1
27 54 3
67 15 4
1 62 3
36 90 3
14 91 4
56 42 4
60 142 4
148 130 2
77 2 1
24 0 4
54 42 4
16 5 4
101 141 4
11 29 2
73 88 1
112 72 2
123 16 2
140 125 1
119 8 3
79 82 2
124 75 2
121 92 1
116 78 3
69 52 2
74 130 1
79 146 4
85 141 4
118 86 3
126 139 4
54 144 2
124 50 4
79 27 3
29 112 4
116 3 3
47 74 1
73 54 4
110 102 4
148 119 2
80 116 3
127 8 2
113 53 4
59 41 3
89 86 1
124 37 3
112 16 3
140 28 2
15 137 4
24 81 2
54 16 4
118 55 2
62 144 1
3 11 2
62 12 3
98 86 1
28 139 4
30 23 3
86 44 4
111 14 4
37 61 3
32 129 3
85 113 1
47 98 4
58 101 3
46 89 4
23 120 4
43 107 1
71 54 3
11 106 2
20 137 1
113 95 2
15 57 4
45 46 2
120 64 1
44 124 2
3 50 2
109 117 3
132 25 2
81 12 1
112 52 2
33 116 3
133 2 2
147 17 2
143 66 3
120 54 1
26 57 3
0 93 2
55 6 3
70 134 1
139 124 4
98 87 3
139 62 3
48 53 1
49 31 3
31 95 3
70 97 1
69 140 4
0 19 2
78 62 2
28 56 1
117 13 2
71 93 2
91 126 2
149 18 4
74 143 4
125 14 4
146 106 2
146 54 2
59 78 1
120 146 2
7 11 1
38 103 3
81 80 1
35 17 4
46 66 2
107 95 3
130 82 4
72 147 2
47 16 1
98 137 1
39 127 2
7 56 4
59 31 4
105 119 3
74 54 2
73 62 3
6 106 2
114 32 1
41 49 3
80 77 4
48 139 1
47 28 3
125 126 1
34 101 4
73 37 2
129 140 3
51 78 4
65 5 4
0 51 3
128 61 3
122 94 4
133 49 2
38 123 1
32 134 1
145 110 1
54 100 4
70 36 2
102 52 4
131 96 2
41 45 2
60 82 1
133 41 3
69 62 1
20 9 4
13 80 3
85 87 3
56 147 2
11 45 3
94 7 2
109 72 1
84 31 3
68 24 1
92 101 3
3 1 3
108 40 1
20 15 3
108 100 1
7 106 1
41 13 4
102 86 2
141 102 2
104 102 1
136 29 1
50 92 3
125 61 3
6 16 3
118 51 2
135 63 2
64 77 4
66 32 3
107 145 2
15 81 4
5 100 3
131 146 3
130 80 4
67 139 2
72 10 3
143 86 2
44 92 1
4 25 4
86 136 2
106 43 1
134 72 1
92 70 1
110 149 4
8 136 2
130 132 4
17 38 3
49 10 2
145 30 4
122 93 2
146 46 1
77 32 2
132 12 2
68 148 4
40 54 4
91 15 2
49 122 2
37 45 4
68 101 2
84 77 2
147 42 3
88 60 3
50 99 1
75 10 3
80 99 1
139 95 2
84 85 3
56 25 3
44 148 4
140 142 4
36 71 3
27 7 4
90 83 4
14 107 3
77 99 1
106 9 3
145 131 2
99 9 2
96 83 1
14 67 1
115 149 4
30 50 2
92 144 2
135 131 3
112 149 1
125 66 3
60 138 2
53 108 1
120 61 4
116 54 4
48 6 1
45 42 4
124 5 2
94 22 3
71 37 4
86 104 4
81 29 1
123 28 2
84 149 3
16 139 4
70 96 2
124 41 1
132 75 4
77 34 2
100 109 4
9 80 4
43 94 1
149 135 2
128 72 4
34 132 1
1 148 1
113 121 1
43 102 4
122 41 3
57 143 4
110 137 3
110 131 3
0 34 2
143 19 4
69 29 1
122 144 3
132 22 3
63 130 1
27 58 1
137 77 2
48 58 4
21 122 1
81 124 4
144 103 1
145 10 2
112 84 2
37 81 4
43 131 2
75 28 1
123 117 4
81 132 4
74 5 1
33 7 2
18 21 1
124 29 4
117 133 3
116 17 4
39 68 3
35 56 2
84 122 1
138 119 1
130 23 3
15 118 3
95 85 1
139 91 3
23 43 4
39 64 2
118 48 2
48 144 3
136 104 4
24 57 1
80 58 2
30 138 4
102 75 2
50 60 2
72 104 1
137 59 1
136 100 1
54 139 4
139 70 4
16 109 1
134 23 1
64 116 3
24 11 3
85 55 3
14 105 4
30 98 4
85 118 1
116 26 1
8 34 1
19 145 4
115 126 3
26 59 4
45 60 4
137 91 2
31 73 2
124 52 2
87 124 4
140 101 3
55 87 3
133 92 1
98 106 1
112 68 1
120 138 1
107 16 4
74 142 4
57 81 4
35 12 1
89 139 4
11 127 1
21 85 2
67 28 2
8 98 1
139 20 1
55 38 3
30 64 4
97 36 4
8 128 3
14 69 2
58 65 2
55 46 3
56 123 3
111 18 4
146 18 1
26 33 3
115 14 1
132 9 2
98 36 1
112 71 4
21 41 4
140 17 4
116 43 1
134 27 3
24 7 1
47 122 1
97 62 2
96 19 2
20 24 1
11 147 1
88 92 1
123 85 4
63 72 4
55 48 4
80 115 3
81 145 1
5 114 1
144 19 2
64 108 1
20 111 1
31 40 4
129 18 3
83 0 2
91 98 3
141 119 1
87 43 2
140 25 2
133 128 1
48 15 4
83 122 4
97 107 1
10 67 2
106 18 1
32 30 1
23 71 2
4 62 3
10 74 4
120 87 3
147 26 2
0 103 1
35 117 3
4 84 2
102 51 2
97 136 4
122 56 1
1 17 3
57 61 1
21 99 2
65 35 3
135 148 4
130 95 1
58 143 2
25 64 1
149 20 3
84 109 3
64 0 2
28 84 1
121 31 3
15 113 1
115 12 1
101 75 2
86 71 4
25 55 1
42 52 3
54 78 2
39 82 3
55 5 1
118 136 4
117 20 3
137 107 3
45 21 3
2 12 4
99 84 4
31 140 3
83 133 1
107 147 4
7 135 4
78 69 3
60 106 4
66 82 4
62 68 2
71 144 3
138 68 2
31 55 2
140 113 1
44 56 1
32 16 3
29 59 3
59 125 2
131 77 3
114 129 2
86 107 1
11 95 2
33 40 1
29 36 3
67 115 1
104 57 1
9 100 3
93 68 4
51 83 1
28 95 3
45 2 4
117 97 1
73 70 3
129 107 1
101 134 1
88 113 3
22 40 4
122 29 3
19 50 1
95 119 4
82 12 1
34 144 2
78 112 3
71 53 2
28 137 1
112 145 3
38 52 2
67 86 1
38 53 1
31 29 1
26 37 4
31 116 3
147 145 3
142 96 3
126 83 3
61 29 2
50 74 4
68 53 1
4 106 4
59 72 1
123 27 3
97 126 4
131 2 1
42 8 1
90 46 3
54 3 2
112 102 3
132 117 3
48 1 2
85 61 4
10 35 2
53 147 1
101 124 1
47 19 2
110 54 4
29 102 2
5 63 4
36 119 2
94 110 3
32 70 3
131 59 2
37 117 4
89 18 1
140 19 2
93 134 3
141 87 2
22 85 2
47 111 4
123 5 3
131 14 4
86 7 1
149 119 4
31 35 4
136 40 1
25 7 2
12 64 1
149 71 3
6 108 2
142 70 2
65 88 2
0 52 4
65 11 3
20 28 3
73 40 1
98 77 2
126 84 4
119 12 1
60 63 2
14 120 4
147 1 1
72 81 3
21 7 2
114 128 1
117 142 3
14 109 2
26 5 1
88 85 1
34 112 1
12 15 4
136 101 2
109 53 4
43 123 2
121 9 4
111 134 1
136 126 2
96 11 4
78 98 4
101 33 4
126 54 3
80 2 4
13 67 2
87 24 2
122 26 3
3 47 2
146 89 1
114 54 4
19 67 1
142 124 1
123 48 1
146 113 2
129 131 4
19 65 1
8 76 3
101 55 2
41 33 2
123 102 4
30 31 3
28 107 1
53 73 4
64 84 3
8 85 4
127 104 2
143 15 1
60 67 2
16 78 3
1 94 2
116 53 2
134 49 1
71 88 4
107 12 4
77 125 2
43 31 3
12 21 4
60 62 4
85 135 2
65 32 4
98 125 2
63 14 3
92 47 3
95 73 2
148 34 1
21 10 1
96 17 4
91 148 1
90 89 4
122 38 1
25 13 2
96 111 3
10 64 3
138 84 3
92 37 3
1 73 1
32 98 2
93 42 4
47 84 2
45 114 2
52 18 2
108 76 3
29 148 4
8 28 4
75 14 2
116 37 1
122 27 2
60 15 4
75 106 4
30 133 2
65 16 3
54 83 3
126 105 2
47 87 3
118 50 2
75 84 3
64 17 1
32 84 4
111 26 1
68 5 4
40 51 3
98 33 3
116 129 3
3 118 3
100 29 1
23 108 3
79 102 1
16 133 1
7 81 2
119 72 4
90 9 4
55 130 4
89 121 3
4 100 4
88 4 2
138 7 4
59 1 4
32 27 4
30 84 1
89 84 2
81 3 2
50 139 4
6 19 1
125 146 1
102 42 3
49 4 4
115 148 2
99 140 4
135 127 3
148 35 1
22 75 4
33 87 4
99 101 3
73 107 1
35 34 1
7 134 3
36 81 4
4 27 1
112 31 1
135 4 3
123 148 1
3 48 1
124 23 1
27 38 2
94 65 1
134 120 3
41 68 4
73 135 4
113 104 3
114 59 4
60 124 3
91 144 1
48 149 2
17 107 2
29 149 4
99 95 2
69 44 2
98 28 1
90 147 3
53 93 4
75 0 1
19 4 3
82 121 4
67 22 4
99 10 3
94 69 3
21 88 2
73 136 3
145 23 3
131 53 4
129 47 4
95 14 3
127 36 3
100 144 2
144 95 1
144 149 3
135 129 3
99 118 4
53 95 3
64 130 1
67 45 2
133 93 4
100 137 2
5 36 3
36 103 4
127 139 2
100 30 3
145 59 4
1 131 4
124 2 1
85 121 2
80 76 3
59 71 3
98 129 4
5 11 3
111 113 1
49 62 2
143 88 1
5 130 1
116 76 1
6 89 2
119 121 4
42 26 2
68 132 1
3 131 2
122 66 3
8 52 2
124 62 4
35 76 2
120 89 2
102 81 4
34 117 1
24 95 3
88 14 1
21 114 2
25 59 3
116 69 1
42 13 2
38 77 1
4 35 4
123 25 1
142 146 1
82 94 3
68 26 4
63 91 2
72 118 1
25 2 1
127 75 4
77 66 1
40 63 1
80 42 4
84 94 1
123 95 2
0 2 4
97 22 4
126 118 2
51 117 2
45 73 3
92 104 1
143 51 4
96 46 2
58 88 3
26 53 4
118 31 1
15 38 1
57 87 3
43 114 1
149 92 3
55 102 3
57 148 1
136 131 3
104 70 3
68 36 3
147 97 4
8 140 4
25 88 1
19 112 3
83 52 1
17 146 1
67 73 2
43 110 2
4 23 3
19 60 1
20 110 3
137 140 1
74 36 4
30 62 2
93 136 3
21 26 3
8 50 1
51 138 2
139 92 3
132 54 2
144 114 4
29 137 4
145 82 2
15 129 2
108 25 3
100 2 2
87 28 4
145 114 1
86 70 4
12 114 2
49 54 3
23 144 1
86 126 4
128 117 1
87 54 4
114 118 1
67 58 1
40 145 1
57 102 1
129 39 1
11 22 3
61 53 2
80 44 3
83 69 3
67 136 3
19 13 3
72 132 2
89 5 2
35 115 3
78 145 1
3 7 3
148 27 4
144 25 3
139 94 4
73 60 2
108 4 4
24 107 4
36 139 1
66 102 1
35 72 2
105 59 3
117 90 1
83 132 4
14 16 1
38 89 4
14 71 3
24 77 4
2 127 1
135 6 3
112 127 3
120 67 4
130 15 2
134 21 2
45 4 4
103 105 2
31 51 2
107 65 4
47 40 3
107 67 4
123 119 3
137 111 1
61 25 1
110 76 1
69 12 4
32 85 3
17 57 2
101 29 4
138 116 3
101 59 1
6 91 4
114 104 4
66 112 2
68 9 1
29 123 3
63 84 4
73 125 3
123 46 1
69 124 4
33 88 2
26 36 1
57 38 1
112 65 1
98 23 4
138 29 4
72 32 3
95 120 4
138 13 4
18 22 2
16 141 3
62 42 1
91 66 1
36 25 3
133 43 4
130 8 4
37 107 2
28 94 4
144 73 2
49 56 4
66 127 4
75 11 2
46 82 4
52 49 4
39 111 3
54 17 4
59 136 1
143 100 2
132 87 3
24 3 3
14 104 3
64 58 4
77 118 4
49 98 3
113 84 3
138 115 4
10 128 4
38 138 2
62 45 1
45 94 3
133 59 1
111 127 3
149 3 3
85 98 2
19 97 4
60 76 2
145 5 2
116 114 4
137 99 4
9 7 1
138 80 1
105 16 1
77 11 2
55 52 2
127 48 3
110 21 3
43 32 1
43 83 3
15 94 1
102 126 1
94 8 3
142 37 4
31 13 4
20 90 4
43 50 2
42 119 4
70 145 4
22 65 3
40 105 4
67 69 3
28 74 4
40 69 1
139 8 1
26 39 2
44 114 3
110 23 3
125 130 4
107 33 2
34 79 2
27 143 4
85 114 3
89 10 4
55 66 4
123 143 4
17 28 2
141 53 1
141 49 4
87 40 1
5 105 4
118 141 1
132 21 3
82 47 4
115 82 3
21 34 3
48 41 4
145 25 1
145 21 1
80 6 2
25 80 4
88 11 3
50 32 4
136 20 4
20 120 1
100 122 3
71 147 1
84 6 4
149 35 1
99 61 1
95 70 3
127 27 3
18 114 4
87 5 3
34 93 2
95 34 1
64 9 3
85 131 1
112 130 4
3 84 2
96 42 2
40 24 2
63 115 1
84 123 2
146 82 1
146 132 2
50 121 3
60 43 2
96 91 2
116 30 4
106 42 3
108 74 4
9 12 3
70 148 4
25 37 2
125 8 1
89 17 3
39 97 3
135 19 1
57 124 3
57 73 1
3 28 3
62 37 1
34 50 2
84 103 4
108 17 3
143 136 3
105 60 2
75 82 1
45 26 4
83 88 2
103 108 4
70 4 4
26 131 4
116 121 2
44 84 4
70 38 2
10 78 1
135 108 1
56 30 4
99 108 1
2 130 1
68 59 1
98 104 3
1 89 1
102 13 4
54 18 4
134 35 4
140 96 4
59 60 1
29 116 4
78 22 1
121 97 4
119 92 1
88 49 3
12 68 4
76 40 4
122 60 1
19 134 3
2 28 3
62 84 3
119 4 2
26 83 4
123 118 4
9 133 4
16 38 1
148 110 4
130 65 3
95 88 1
120 1 4
61 8 3
2 33 2
97 87 2
77 58 1
115 117 4
69 28 3
129 99 1
125 74 3
106 87 4
62 125 1
115 99 2
18 44 3
86 134 1
87 65 2
53 128 1
44 57 1
2 98 4
15 65 1
54 113 1
148 143 4
102 7 4
119 58 1
57 3 2
134 132 4
99 16 1
32 113 4
127 53 3
90 8 3
108 149 2
109 29 1
11 8 1
29 99 3
87 31 3
67 76 4
47 5 2
147 23 4
76 135 4
9 24 2
17 19 1
22 17 1
111 5 4
41 23 1
23 1 4
48 27 4
55 133 2
73 66 2
87 44 4
72 83 2
113 105 3
104 29 3
93 12 1
65 128 4
129 50 3
138 17 2
104 24 2
75 85 3
9 137 3
47 117 4
121 69 4
77 86 2
32 107 1
146 90 2
136 58 2
139 5 4
45 81 1
30 19 3
31 85 1
132 26 1
19 58 1
55 96 3
73 137 3
99 130 1
22 15 4
0 8 1
11 119 2
117 137 1
132 28 4
7 109 1
20 10 1
15 30 2
125 117 3
51 127 4
149 124 2
149 14 2
142 121 4
54 34 3
92 73 1
137 30 3
48 82 4
29 0 4
34 115 1
78 14 4
70 16 2
114 28 1
120 9 3
138 70 2
125 113 3
20 74 4
121 126 3
100 102 4
66 71 1
118 83 1
46 143 3
74 29 3
1 56 3
50 84 1
53 49 1
75 61 4
96 102 3
32 52 1
49 96 3
31 101 4
147 3 1
37 83 3
4 51 3
127 88 3
72 47 4
42 5 3
145 142 1
1 12 2
55 14 3
103 50 2
76 105 2
20 61 4
137 102 1
80 128 3
101 72 1
121 53 3
68 126 4
1 21 1
123 142 1
130 91 3
79 78 2
113 5 3
102 20 2
5 3 1
9 139 4
119 130 3
20 134 2
54 94 4
147 6 3
95 3 3
113 43 3
1 74 2
24 27 2
87 99 1
71 18 4
87 100 4
34 99 2
23 104 3
79 118 1
9 67 4
20 142 2
105 93 3
16 121 1
67 2 1
89 115 4
59 46 1
71 120 1
11 16 1
11 59 4
137 19 3
148 31 2
135 58 1
115 110 2
77 52 1
28 142 4
80 124 4
95 18 4
62 44 1
149 54 4
17 148 4
14 39 2
107 22 2
107 83 3
76 138 1
90 97 1
110 66 1
30 73 4
1 140 1
126 53 1
105 72 4
122 90 3
19 106 4
130 86 2
18 73 1
41 60 3
58 83 4
58 121 3
128 20 4
144 21 1
68 10 2
107 88 3
127 86 3
83 119 2
107 57 4
36 34 1
73 10 3
98 35 4
17 12 1
72 108 3
131 72 1
130 97 3
45 52 2
93 139 3
98 79 2
0 96 2
100 13 2
20 93 2
70 43 4
115 139 1
9 123 4
79 72 4
39 125 2
143 91 2
22 134 4
53 67 1
15 135 1
24 84 3
132 51 3
77 3 2
9 131 2
136 53 1
0 118 3
104 129 4
75 107 1
92 79 2
9 8 3
96 24 3
62 105 4
20 0 1
85 127 4
10 114 1
34 146 1
67 55 4
106 114 4
100 78 1
58 115 2
109 77 4
97 25 1
0 27 4
94 61 2
83 41 4
139 122 1
37 102 2
121 23 2
144 138 3
37 148 1
60 99 4
20 65 4
103 35 1
115 44 2
32 136 3
140 20 2
67 125 3
66 5 3
118 104 2
53 117 3
81 92 3
60 148 1
134 146 2
85 67 1
76 51 4
12 118 4
146 128 2
129 43 1
23 56 2
72 91 1
143 138 3
41 8 1
106 111 4
132 137 1
19 9 3
119 71 1
149 113 2
64 109 4
49 79 3
140 106 1
2 64 4
108 32 2
10 142 2
75 40 4
0 111 3
96 125 3
104 1 2
113 12 3
123 80 2
28 10 1
133 82 3
67 16 2
31 60 1
126 112 3
85 60 4
26 50 1
49 9 1
13 53 4
34 98 2
83 39 2
15 132 1
140 41 3
88 37 2
58 98 1
75 34 2
132 128 2
64 76 4
48 23 4
48 43 1
89 11 1
27 85 2
142 67 2
89 2 2
129 46 1
73 55 3
146 77 2
98 145 3
136 107 2
138 22 3
77 88 4
125 0 3
32 144 3
105 84 2
94 38 4
56 114 3
62 41 2
104 137 3
102 90 3
139 40 1
58 139 2
96 27 4
87 64 4
87 118 4
106 67 3
26 66 4
71 1 2
42 48 2
32 44 4
63 146 4
96 40 3
93 17 1
4 2 1
147 142 1
76 120 2
29 53 3
28 148 3
81 10 3
124 148 3
94 78 2
90 24 1
108 60 3
48 36 4
147 40 4
103 92 2
37 27 2
132 77 3
46 147 1
136 110 4
9 149 4
2 87 4
47 64 2
130 34 1
92 5 4
121 57 4
113 126 3
102 10 3
32 33 4
37 84 1
129 66 2
101 128 2
49 42 4
56 32 1
7 117 1
112 136 4
91 103 2
69 35 3
135 66 2
51 46 2
95 64 2
94 26 1
75 45 3
37 51 1
95 109 1
100 141 3
10 3 3
50 20 2
149 61 4
53 41 4
140 4 4
65 121 4
50 16 3
87 10 3
43 59 2
73 32 3
140 116 2
88 45 2
1 96 2
68 90 3
101 1 1
67 6 3
137 41 2
86 33 2
100 36 1
0 68 3
49 100 2
29 89 4
73 23 2
36 22 4
43 77 1
77 96 1
25 89 1
127 118 3
29 50 2
34 59 2
28 97 1
27 23 4
22 99 3
146 6 1
148 128 3
74 107 2
4 6 4
70 111 4
20 60 3
68 83 3
87 110 3
30 28 1
115 8 1
12 20 3
73 27 4
77 42 4
87 91 4
9 23 3
89 30 1
56 5 1
75 6 1
57 110 1
86 119 1
18 50 1
71 6 4
130 31 1
20 2 3
78 32 3
141 84 1
138 121 3
95 148 4
34 6 3
73 139 2
44 16 3
130 0 4
125 97 2
45 31 3
58 23 1
12 85 1
69 128 4
56 111 3
11 42 3
66 124 2
61 90 1
98 22 3
140 48 1
129 108 2
15 142 4
56 50 3
99 41 3
139 56 3
0 45 1
121 87 2
58 106 4
52 28 1
26 52 4
118 16 3
44 30 1
9 3 4
73 94 4
87 63 1
69 3 4
87 0 1
45 130 3
69 149 3
44 146 2
53 114 3
56 132 2
96 7 2
40 72 1
15 28 3
119 81 2
64 27 4
124 143 3
16 142 2
6 68 2
141 128 2
109 26 3
111 30 4
117 119 3
17 113 1
82 92 4
103 109 1
75 59 2
111 101 3
16 58 1
46 81 2
44 2 3
25 128 3
4 8 3
79 124 3
130 83 2
113 143 2
84 116 1
22 8 2
49 148 2
119 146 3
6 41 4
92 122 1
52 74 1
119 63 2
79 99 3
117 111 2
38 11 2
43 148 1
48 101 2
86 90 1
49 146 2
68 149 1
124 45 3
128 46 2
135 120 3
82 83 1
32 9 2
103 149 3
94 47 1
13 97 3
38 105 1
106 45 2
74 138 3
72 99 3
29 45 4
52 22 1
131 45 4
9 141 3
17 106 4
4 130 3
142 102 1
0 37 3
10 110 4
75 72 1
80 78 4
44 99 3
140 118 2
25 141 3
61 107 4
110 7 1
27 128 2
125 76 3
141 117 4
144 101 1
119 41 1
131 124 1
4 65 3
11 98 2
113 29 2
101 105 1
127 83 3
13 131 1
50 75 1
63 125 2
111 35 4
40 62 4
52 119 4
127 137 3
92 146 3
142 101 4
10 96 3
35 7 1
138 15 2
128 35 3
10 90 1
126 39 2
126 2 3
115 74 2
0 63 4
107 117 1
18 70 3
37 130 3
76 103 3
21 113 3
117 130 4
22 70 3
136 26 4
14 84 1
47 52 1
106 79 1
22 33 2
20 123 2
121 141 3
83 94 2
20 30 1
91 17 3
104 19 3
70 85 3
25 147 3
0 13 2
86 26 1
10 109 4
15 102 4
122 149 2
48 87 3
116 60 2
27 45 1
140 147 2
135 143 4
123 76 2
117 44 2
22 126 1
128 26 4
31 53 1
65 61 3
138 92 4
39 25 3
117 11 3
126 77 3
86 84 3
62 103 2
26 31 3
79 144 2
128 111 1
71 122 3
39 77 2
119 55 2
33 44 2
55 53 1
34 49 1
91 30 4
8 146 4
75 67 4
120 19 1
113 142 3
37 78 2
30 95 4
126 117 2
79 90 1
20 84 2
89 39 1
21 38 3
93 87 3
49 26 1
34 134 4
106 147 4
92 84 1
19 84 2
139 29 4
109 66 4
1 66 1
56 57 4
