11063 150
0 111 7
0 45 4
45 84 1
84 140 3
0 112 6
45 143 3
45 100 6
111 99 6
143 78 3
140 22 2
112 58 4
140 60 2
45 72 5
58 37 2
78 113 5
37 28 1
22 118 2
100 129 2
140 26 3
99 71 8
26 76 2
113 139 9
99 134 5
26 88 7
84 127 2
112 114 7
129 13 8
45 6 8
118 101 2
118 104 1
58 18 6
139 2 6
99 132 7
58 131 3
134 23 6
71 38 8
38 12 5
58 136 1
0 125 6
140 146 3
22 65 3
101 107 5
84 90 6
134 21 5
76 42 8
45 41 7
78 69 8
134 126 6
139 110 8
71 33 3
100 122 7
131 30 9
101 52 8
42 128 2
26 46 5
58 94 4
6 92 4
37 89 8
132 29 9
132 93 5
71 32 3
37 105 3
32 17 1
129 68 8
60 130 2
30 116 4
78 48 2
89 15 7
15 20 4
139 103 7
114 4 2
126 147 1
127 54 5
29 73 8
101 121 4
143 59 4
6 66 6
2 135 2
113 62 7
28 91 7
122 40 6
136 119 7
125 8 9
37 43 8
20 47 4
84 1 2
17 145 4
91 31 4
92 11 6
65 98 3
84 81 5
119 25 4
92 109 3
43 53 1
47 55 1
93 61 8
116 57 7
22 83 3
1 56 5
140 86 1
121 123 9
28 87 6
135 64 9
64 35 2
4 106 4
83 80 5
106 9 8
100 149 6
15 39 9
121 108 3
18 148 4
148 50 7
42 24 9
31 70 2
89 82 9
17 96 6
4 124 1
65 36 2
126 27 9
38 141 6
38 117 3
24 97 4
24 85 3
146 102 2
98 16 8
106 67 8
43 137 5
139 44 4
94 7 3
84 63 9
33 19 9
24 10 8
149 14 3
27 120 4
61 142 1
102 115 5
65 5 1
89 3 6
111 79 8
56 74 8
70 75 5
63 138 6
58 95 4
92 144 7
111 77 7
5 51 7
113 34 8
48 49 7
0 133 4
130 50 3
27 21 4
77 81 4
103 130 2
73 43 3
25 101 3
53 143 3
99 115 2
80 95 1
23 49 3
23 2 2
118 128 1
25 90 4
99 39 1
147 28 4
90 127 1
129 79 1
140 6 2
128 124 4
6 71 4
52 7 2
33 140 1
122 86 3
137 9 1
9 149 1
141 91 3
120 110 4
149 102 2
102 64 4
104 148 3
4 60 2
77 59 3
51 21 2
47 46 4
65 126 2
97 40 2
34 111 4
47 83 2
63 0 1
90 70 4
85 23 3
111 50 2
69 129 4
132 119 1
130 41 3
70 114 4
149 111 3
112 82 1
94 102 2
11 7 3
3 34 2
115 36 1
141 41 1
141 78 2
23 36 1
78 116 4
16 71 2
1 60 3
17 53 2
14 4 1
148 95 1
7 86 4
131 52 4
71 77 3
146 73 3
43 144 1
70 62 4
101 2 1
26 98 3
70 93 2
70 44 4
51 56 3
27 8 2
39 108 3
141 120 2
14 90 1
86 11 3
143 120 4
149 138 1
98 4 2
62 14 1
82 110 3
145 70 2
140 13 1
27 83 2
102 113 1
98 122 4
32 13 3
13 71 1
82 65 2
41 62 3
134 147 2
77 57 2
111 15 1
110 92 4
0 149 1
117 33 2
40 89 1
62 125 2
147 110 2
26 129 1
85 82 4
84 34 3
30 20 1
18 86 4
141 13 2
102 0 3
85 98 3
84 47 2
110 56 3
85 83 3
64 57 3
27 102 3
53 96 1
61 87 4
141 146 4
132 134 3
92 128 2
94 123 2
146 74 1
39 20 4
0 107 1
69 131 3
149 91 3
79 147 3
42 29 1
78 57 3
36 81 3
90 43 4
84 123 4
72 18 3
54 82 1
90 15 2
149 107 1
125 117 4
43 70 4
117 12 2
2 16 3
26 10 1
3 35 1
18 36 1
87 53 2
16 87 4
146 32 2
99 5 2
115 83 2
15 132 4
132 120 4
31 135 2
0 124 1
2 91 2
84 77 2
48 84 1
14 113 4
13 85 2
36 136 3
147 29 2
115 71 3
104 138 4
81 16 1
1 69 2
128 98 2
15 77 2
96 32 1
49 140 4
146 133 2
101 33 1
95 15 4
136 19 1
58 148 4
58 134 2
53 123 2
122 69 2
78 147 1
40 125 1
42 58 4
41 56 3
145 135 4
29 53 2
80 69 2
32 125 2
61 53 1
56 55 3
22 102 4
0 20 4
122 81 3
98 144 3
125 67 4
79 145 2
56 22 1
114 123 4
17 78 1
58 89 3
118 19 3
12 138 2
125 139 4
78 73 1
18 128 4
67 83 3
26 41 1
66 140 4
78 123 1
6 1 1
137 120 1
66 149 4
92 104 2
83 101 1
66 42 4
98 76 1
74 57 4
100 79 3
79 13 1
10 77 1
77 94 3
58 30 1
71 61 1
139 72 3
89 65 1
0 71 1
6 123 3
83 53 3
30 136 4
106 60 2
22 84 2
69 111 2
93 22 2
140 104 1
38 46 2
24 76 3
130 6 1
1 78 3
96 115 1
5 139 1
139 26 1
134 129 1
140 82 2
41 82 2
32 51 1
9 37 1
119 100 3
110 98 4
72 133 2
133 23 4
85 65 1
82 72 2
127 35 1
75 32 4
87 30 4
1 26 4
66 26 1
109 94 2
106 55 3
29 112 1
123 134 3
127 78 4
11 55 4
129 35 2
125 78 3
84 141 2
71 82 2
23 119 2
126 10 2
13 42 4
87 9 4
116 129 3
19 90 4
130 18 4
103 25 2
133 60 4
79 128 3
135 127 2
67 110 4
18 37 3
137 143 2
32 103 3
145 47 3
120 96 2
147 95 2
75 61 2
70 5 4
80 52 1
65 147 4
42 130 1
145 87 4
54 73 1
5 101 3
69 55 2
56 121 2
148 46 1
137 149 2
133 80 3
104 119 4
119 85 4
117 37 3
108 131 4
138 5 1
41 36 1
69 133 2
92 55 4
106 101 1
125 22 3
0 62 2
46 16 1
36 133 3
72 110 3
142 53 1
45 85 1
49 24 3
51 119 2
119 56 2
99 41 4
106 107 3
107 20 1
122 52 4
38 125 4
14 85 2
96 49 4
37 101 3
120 72 3
97 34 1
78 83 3
81 144 3
146 125 4
61 89 2
35 103 3
43 134 2
115 72 4
79 47 3
130 38 3
88 48 4
58 8 2
8 134 3
5 98 2
132 137 3
85 149 2
32 42 1
72 42 2
127 88 2
42 118 1
67 100 2
125 28 4
105 11 3
76 43 2
109 71 2
1 148 2
40 60 3
1 96 3
146 91 3
57 37 3
82 117 3
60 32 1
108 21 1
18 16 3
94 84 2
71 75 4
130 133 1
59 60 3
71 131 1
89 115 1
74 127 4
51 75 3
47 98 3
79 27 4
71 118 3
116 133 4
22 75 1
75 21 1
7 133 4
132 51 4
89 143 4
41 96 4
142 114 1
7 112 4
36 91 1
33 132 2
13 38 2
132 106 3
40 49 3
71 43 4
8 116 4
133 89 3
108 110 2
116 62 1
35 94 3
82 147 3
15 74 4
85 136 4
118 90 1
104 67 2
50 107 2
128 84 4
118 80 4
104 99 4
41 9 2
25 28 2
107 59 3
56 82 2
40 149 2
27 63 1
49 10 2
146 16 2
66 131 1
149 48 1
94 90 4
53 65 2
63 149 4
13 60 3
146 58 1
69 143 1
18 124 3
133 100 3
44 22 4
98 113 4
24 90 3
76 84 4
78 6 3
6 60 4
119 78 2
64 81 2
21 6 3
59 144 2
132 101 1
105 40 3
47 26 2
40 117 2
88 118 3
109 105 2
102 70 1
13 116 3
102 71 3
19 139 1
139 49 1
44 136 3
90 78 3
49 4 3
26 6 1
82 16 3
45 89 2
6 62 1
54 6 1
17 0 2
81 95 3
48 83 2
83 137 1
11 46 3
13 80 3
132 149 4
120 59 1
92 93 4
127 144 3
60 93 2
93 87 4
99 97 4
23 104 1
23 101 3
146 24 3
52 56 4
24 83 2
123 59 2
135 36 3
38 17 3
144 139 4
61 26 2
9 110 3
6 7 3
30 37 3
57 142 4
40 85 2
85 113 4
62 139 2
139 117 4
96 59 2
15 45 3
71 74 3
12 113 3
14 6 3
142 82 2
2 122 2
45 110 3
7 140 3
97 143 1
50 70 2
89 138 1
114 103 2
139 4 4
108 83 2
63 144 3
48 115 3
102 121 3
36 66 4
41 8 3
104 63 3
37 87 4
77 38 2
2 125 1
12 4 1
123 61 1
126 23 3
117 134 1
102 1 4
16 90 3
76 3 2
54 57 4
133 14 3
14 135 3
82 93 4
131 64 4
115 135 1
114 73 4
54 8 3
8 45 2
90 33 4
85 33 2
137 49 2
30 32 2
11 122 3
108 135 4
49 114 2
114 35 3
76 37 1
50 112 1
73 2 1
131 1 4
102 11 1
89 148 4
120 106 4
97 5 2
149 73 4
53 118 2
13 19 1
93 56 2
139 25 2
27 10 3
74 30 1
141 92 4
113 74 4
16 79 2
12 41 3
51 17 3
7 111 2
112 89 1
147 143 1
119 92 3
116 111 2
20 68 2
33 70 3
8 135 2
54 48 3
110 40 2
72 34 2
44 26 1
140 144 3
111 91 1
97 113 2
41 136 1
32 124 4
140 1 2
9 10 2
59 6 1
44 128 4
139 1 3
94 130 3
131 19 3
87 63 2
102 46 2
50 62 1
3 0 3
85 129 4
117 2 2
102 139 2
72 90 1
19 54 2
59 7 2
130 98 3
14 26 4
15 102 2
5 120 1
114 116 4
83 45 3
31 32 3
25 52 2
22 17 3
40 36 2
48 123 1
53 23 2
130 118 1
2 106 1
21 137 1
145 107 1
144 24 3
110 127 3
127 57 2
58 92 2
83 65 1
98 70 1
19 21 1
79 70 3
70 29 2
93 16 3
74 67 3
93 74 3
18 34 3
102 42 2
29 1 3
65 1 4
13 8 3
122 91 3
93 40 1
13 0 3
65 124 3
24 87 3
116 140 4
118 45 4
22 30 1
93 148 1
54 108 2
46 29 2
147 64 4
98 138 4
79 134 3
135 40 4
128 70 2
127 134 1
60 66 4
140 24 3
89 92 4
74 120 2
120 119 4
41 85 3
52 10 3
88 84 2
91 3 2
109 126 4
87 22 1
41 48 2
104 115 1
144 10 4
49 89 1
78 84 4
110 29 3
57 48 1
12 23 3
104 139 1
121 23 3
72 22 4
40 141 3
53 75 2
95 13 2
92 81 4
81 21 2
18 112 2
36 1 3
18 56 1
126 122 4
31 116 1
19 26 4
121 135 2
143 111 1
46 149 1
41 27 2
87 66 1
35 10 1
117 47 1
30 50 4
26 117 2
25 3 1
63 143 2
73 86 2
43 21 1
129 95 4
59 24 2
87 17 3
61 79 4
31 77 3
107 44 4
110 2 1
86 24 4
73 53 4
57 111 1
12 8 2
139 37 4
62 78 2
45 129 4
111 98 4
97 121 4
97 135 4
88 89 1
40 17 3
20 22 3
17 61 2
64 43 4
93 59 2
25 79 4
51 83 1
108 29 3
67 54 4
41 7 4
87 111 2
39 19 1
16 141 4
99 4 2
107 118 3
111 6 2
84 98 3
35 117 2
77 18 3
42 105 4
113 63 1
34 2 3
79 95 3
2 89 2
33 17 1
35 16 1
20 38 2
32 140 1
116 48 2
94 145 2
116 97 4
48 144 3
36 131 2
38 1 3
28 9 3
8 88 1
80 128 3
121 122 4
48 67 1
149 34 1
6 104 4
102 20 3
53 101 4
53 90 2
72 136 4
67 92 3
68 54 1
102 109 3
118 40 4
88 130 3
12 89 1
89 145 4
28 55 3
21 0 4
112 142 3
108 22 2
52 103 3
101 56 2
86 85 3
71 108 3
78 70 2
74 138 1
64 128 2
64 82 4
0 105 4
27 5 3
84 96 1
131 145 1
92 131 4
53 62 2
88 94 2
54 45 4
39 18 1
92 108 4
28 93 2
143 117 3
52 14 1
49 42 1
52 38 1
38 103 4
85 5 2
141 49 2
52 115 1
55 139 3
43 17 4
137 5 4
2 45 3
51 7 2
77 141 4
72 14 4
88 110 4
0 75 3
81 28 2
137 105 4
87 108 4
41 14 4
111 54 3
142 41 2
52 71 2
35 8 3
82 66 3
32 5 3
48 45 1
66 133 1
131 56 3
66 4 4
139 95 3
147 2 4
101 134 4
116 101 3
116 21 3
60 16 4
15 76 4
73 94 3
129 78 4
99 58 2
136 47 1
70 57 2
92 99 4
18 137 1
143 6 4
3 112 1
110 61 4
13 144 3
132 76 4
108 99 2
149 1 2
3 38 4
19 95 1
134 143 4
10 143 2
107 12 3
138 109 2
16 100 1
19 12 1
16 7 1
42 141 4
28 38 2
19 93 3
36 61 1
149 43 2
131 133 4
96 127 1
103 81 4
123 129 2
126 7 1
39 128 2
98 50 4
8 51 3
92 139 4
33 52 3
91 23 4
99 35 3
11 118 1
21 52 1
52 13 3
34 67 3
143 108 3
20 145 3
85 76 4
13 29 4
61 92 3
57 33 1
32 21 4
17 66 1
66 52 1
78 7 2
95 69 1
57 0 3
94 141 3
137 122 2
62 51 2
61 121 1
43 118 4
120 130 3
82 29 3
81 111 2
3 111 3
55 44 2
58 111 1
120 34 4
80 21 2
14 146 2
89 35 1
0 142 4
77 5 4
6 81 2
147 137 2
13 28 1
0 15 1
145 138 1
147 104 3
111 18 4
36 43 4
147 18 4
29 133 3
137 107 4
80 14 1
53 68 2
134 66 3
48 20 4
13 111 1
48 56 4
96 126 4
31 106 1
106 97 4
148 117 4
68 109 4
37 100 1
58 96 1
121 9 1
130 72 2
76 63 2
76 148 3
97 74 3
126 54 3
87 116 1
109 28 2
67 130 4
141 61 3
86 19 3
24 80 1
73 117 1
97 13 2
131 9 4
107 128 1
66 125 2
112 79 3
130 66 4
119 73 4
73 91 2
108 94 2
5 1 3
95 98 2
139 54 1
50 115 1
125 124 4
35 49 1
67 85 1
107 29 4
27 0 3
1 33 1
78 121 2
76 81 2
83 29 1
128 116 4
8 31 3
38 92 3
128 139 4
83 4 2
32 3 1
87 68 1
71 39 3
146 4 1
106 147 1
45 33 1
109 80 1
70 39 2
7 105 2
53 78 4
124 144 2
3 115 2
24 45 3
127 76 2
16 32 4
78 91 2
64 112 2
145 53 2
10 63 1
75 123 1
51 70 1
31 147 2
104 86 3
134 104 2
33 88 1
21 115 4
66 74 2
94 54 1
64 53 2
55 42 4
55 113 3
118 147 2
17 99 4
69 118 3
124 110 2
86 131 2
18 135 3
140 12 2
27 31 2
129 126 2
101 13 2
129 46 2
35 61 2
121 119 4
117 52 2
33 59 2
58 91 2
149 84 2
27 129 2
127 116 4
17 116 2
39 121 4
20 51 4
70 134 2
35 109 4
100 128 1
10 118 4
67 103 1
90 32 4
11 96 3
146 86 3
133 38 4
112 14 3
71 54 4
116 147 3
116 52 1
56 23 4
144 78 1
46 111 1
81 90 3
99 72 3
81 40 3
128 60 2
83 39 3
105 143 3
53 50 3
67 144 1
26 100 3
141 26 2
35 54 2
19 5 3
94 139 1
87 54 2
96 134 1
14 77 1
88 46 4
9 85 1
72 26 3
120 21 1
15 12 2
58 78 4
35 121 2
25 59 2
43 84 4
141 106 1
8 129 3
121 32 1
4 74 3
0 106 1
109 17 1
34 93 2
77 74 3
143 99 2
15 114 1
42 28 4
139 45 2
85 20 1
11 25 3
120 104 2
73 42 4
29 20 4
34 32 4
35 78 1
29 6 1
127 41 3
103 61 4
10 54 3
57 105 3
122 103 4
49 50 4
18 76 2
85 130 4
34 117 2
46 45 1
76 60 2
17 68 3
24 135 3
98 108 3
113 119 2
72 37 3
84 79 3
125 31 1
49 36 4
77 72 3
117 9 4
137 34 2
93 143 3
108 147 4
97 138 1
41 54 4
28 139 2
94 147 1
143 103 3
121 136 1
28 78 3
95 146 1
132 141 1
66 107 2
52 42 3
52 128 4
27 7 1
54 31 4
47 80 3
8 80 3
116 94 2
94 105 1
10 125 3
118 58 3
38 149 1
99 6 2
29 63 1
57 39 3
101 137 4
89 77 2
4 5 2
58 101 1
42 77 3
56 16 3
117 86 3
19 141 3
104 87 3
57 18 1
16 70 3
135 107 1
108 46 1
40 11 3
136 48 4
82 57 2
129 49 4
6 116 4
25 123 2
49 107 3
148 36 2
115 16 1
63 119 1
96 72 2
38 54 1
144 108 4
26 91 4
13 70 4
101 113 1
7 28 1
79 71 2
42 64 1
121 104 1
19 61 4
149 25 1
127 44 2
100 84 2
22 85 4
129 33 3
125 149 3
138 105 4
14 148 4
66 70 4
49 134 4
18 24 2
32 94 3
82 31 1
129 54 3
58 117 3
24 96 1
3 33 3
121 27 1
96 135 1
32 137 1
90 130 4
34 110 2
106 35 2
53 6 3
146 111 1
37 112 4
35 28 2
31 12 1
124 99 1
31 33 2
91 130 3
146 80 3
83 88 1
81 143 1
75 141 1
113 115 1
67 78 4
81 137 4
43 54 4
39 56 1
34 26 2
87 48 2
62 35 1
125 39 4
148 56 2
116 72 4
73 15 4
15 79 1
66 10 2
46 133 2
121 124 4
119 141 4
23 0 2
91 56 3
44 92 2
87 122 3
77 37 3
3 121 1
63 24 2
88 91 2
109 60 2
79 28 3
13 68 2
48 2 4
46 48 2
67 46 2
13 45 2
93 108 4
3 6 4
55 97 4
2 98 4
61 80 1
27 145 3
80 122 4
95 130 3
80 23 4
58 0 3
114 127 4
100 94 1
99 81 2
110 84 1
25 22 4
27 37 2
94 76 4
10 64 3
61 69 4
105 29 4
46 134 4
33 23 2
115 60 2
40 142 2
34 9 2
142 105 1
23 29 1
20 54 2
63 39 2
3 107 4
123 133 3
91 35 1
9 123 4
50 105 4
50 82 1
93 43 1
43 86 4
90 30 3
82 99 4
129 15 4
70 88 2
18 67 2
7 147 2
21 118 1
66 9 3
107 127 2
146 66 4
38 50 1
128 143 1
69 46 1
10 37 2
79 6 3
97 130 2
4 136 3
131 84 3
42 47 2
2 65 2
131 68 3
93 126 3
50 18 2
13 41 3
96 148 2
87 126 3
12 126 1
30 41 1
9 136 1
135 53 4
111 142 3
130 23 4
141 29 1
71 8 4
12 146 4
16 48 1
103 133 2
30 62 1
135 100 3
64 71 2
12 54 2
85 138 2
130 46 2
21 127 1
43 15 1
136 50 4
51 118 4
34 19 2
107 19 1
44 110 3
28 14 2
61 99 3
64 1 3
16 25 1
14 70 2
62 94 1
100 60 3
70 36 2
12 9 2
67 128 1
67 44 3
57 92 4
66 68 2
26 33 1
81 72 3
108 61 2
59 43 2
68 61 4
61 94 2
60 7 3
19 1 2
57 145 4
33 42 4
31 146 3
28 39 4
27 22 3
39 116 4
88 66 3
113 44 2
105 104 1
144 87 1
100 66 4
119 64 3
62 77 3
63 74 2
126 131 4
36 102 2
130 145 4
100 138 3
125 29 3
119 14 1
102 28 2
108 113 3
76 105 1
79 88 3
101 102 4
89 41 2
13 110 4
135 45 4
85 6 2
110 143 3
68 100 3
43 120 1
55 121 4
88 41 2
37 47 3
120 105 3
92 72 3
116 67 3
75 91 4
58 103 1
106 7 2
140 78 4
0 32 2
17 19 4
115 75 2
44 77 2
109 21 1
0 127 3
29 134 2
68 24 3
65 25 1
98 46 2
90 67 4
26 75 4
50 74 1
55 118 1
50 45 3
119 76 4
32 89 4
96 99 3
27 52 1
138 119 2
128 77 3
118 110 3
123 52 2
139 75 1
117 116 2
19 106 4
89 67 1
71 145 3
88 14 1
106 111 4
143 17 4
17 115 4
104 20 3
20 123 2
40 134 2
102 62 1
38 6 2
131 112 2
140 134 4
44 60 4
122 64 3
146 0 2
120 68 2
99 8 2
13 94 3
39 3 3
64 66 4
109 130 2
1 62 4
125 109 4
138 78 2
118 38 1
50 51 4
129 2 3
46 7 1
76 13 3
40 10 2
108 5 3
101 90 2
90 89 3
4 115 2
85 70 4
132 103 3
140 77 4
45 130 1
13 93 3
59 4 3
105 53 2
61 50 4
14 97 4
97 54 4
24 104 4
30 59 3
148 17 1
24 108 2
89 75 3
8 69 3
47 101 2
50 108 2
69 4 1
78 50 2
35 119 3
104 127 1
69 22 1
65 130 3
80 148 4
64 108 4
131 17 2
57 56 4
121 54 3
16 131 4
110 149 3
97 7 4
2 64 2
121 107 3
101 46 3
79 76 4
119 45 2
71 34 2
66 110 1
88 39 2
62 97 4
142 98 2
113 82 1
39 97 3
129 10 4
73 17 3
30 17 2
77 121 4
123 45 3
35 68 1
60 103 4
80 50 4
64 60 2
1 75 2
19 101 1
8 7 2
36 116 3
134 67 1
118 84 1
30 54 1
30 11 2
102 34 4
26 99 3
64 139 3
46 19 4
119 53 2
70 99 4
11 82 2
32 2 1
136 38 1
42 111 1
42 26 1
101 123 2
68 142 2
93 66 4
123 36 4
73 81 1
70 135 2
2 133 3
54 124 3
17 118 2
91 105 1
5 82 2
5 130 2
60 120 3
89 85 2
117 55 1
106 32 3
120 86 2
30 39 4
3 146 1
126 16 3
10 109 2
29 113 1
4 89 4
147 8 4
116 141 1
149 18 4
15 94 2
139 51 2
48 105 4
114 79 4
65 122 4
94 89 2
73 111 1
17 144 1
10 97 1
103 142 2
142 60 3
49 113 4
15 2 1
55 63 4
12 32 3
75 42 1
106 29 1
74 26 2
92 45 3
13 104 1
66 71 1
76 126 3
15 86 2
113 61 2
59 91 4
68 23 4
86 14 1
22 28 4
113 28 1
22 66 3
124 24 1
72 41 3
141 54 4
87 64 4
67 57 2
103 49 3
144 102 3
96 70 2
40 38 4
20 26 2
23 63 1
136 31 1
90 108 4
1 61 4
115 82 1
123 37 1
9 5 3
72 29 1
134 3 1
13 63 3
133 109 2
26 105 2
50 93 2
119 67 4
84 135 2
20 114 2
126 68 1
102 47 3
143 116 1
66 138 1
70 54 2
6 113 4
28 73 4
132 59 3
108 111 4
39 67 1
96 121 1
119 3 1
113 31 2
2 59 3
36 45 3
45 87 1
129 141 4
102 106 1
78 33 1
104 15 1
84 139 1
40 106 1
138 30 2
106 47 2
94 40 4
79 124 3
3 77 1
9 40 3
36 117 2
45 58 1
82 132 4
105 36 1
58 53 1
119 52 2
146 106 3
5 54 2
26 56 3
20 62 3
56 15 4
25 145 1
39 51 2
85 81 1
137 56 4
126 15 3
110 68 1
134 36 4
143 96 3
131 43 3
141 85 2
38 76 1
127 47 4
78 80 4
133 59 4
11 149 3
90 69 4
114 110 2
130 96 3
48 112 3
1 54 4
3 97 2
16 135 4
116 16 2
140 113 4
95 11 2
38 26 2
65 42 4
131 148 4
87 85 1
17 52 1
89 24 2
7 93 2
82 126 2
127 37 4
65 104 2
129 51 2
18 54 2
2 79 4
49 19 4
49 94 3
41 114 3
55 122 3
13 26 2
25 87 1
66 34 3
10 85 3
114 7 3
72 84 4
106 70 2
62 48 1
87 137 1
11 10 4
60 82 1
8 94 3
120 33 3
113 59 4
37 83 1
125 115 2
107 31 2
64 111 4
38 94 4
140 62 3
43 80 1
38 143 2
105 102 2
119 32 2
19 147 3
40 59 4
142 31 1
113 80 3
83 33 2
6 83 4
88 136 3
11 32 2
10 117 4
123 143 4
133 54 3
24 103 3
11 90 3
116 28 3
46 141 3
53 98 3
10 12 1
60 124 2
79 26 2
45 134 2
134 144 3
22 4 4
73 106 4
24 118 3
105 86 4
73 51 4
33 32 1
109 52 2
148 124 4
61 98 3
99 89 1
26 70 3
12 26 2
58 121 4
82 124 4
68 71 4
56 75 3
14 8 3
115 84 4
79 107 4
78 22 1
25 38 1
57 24 2
25 92 2
51 116 2
139 38 1
74 80 1
92 8 2
128 55 4
63 78 3
132 118 1
13 89 4
136 18 1
54 65 2
69 16 4
14 23 2
6 112 3
114 107 3
86 126 4
14 82 1
132 9 4
56 43 1
117 118 4
10 136 3
125 37 2
146 5 2
107 125 4
71 80 2
0 132 2
28 99 4
33 147 2
96 27 3
106 62 4
0 78 2
144 9 4
28 29 2
136 22 2
134 68 1
28 43 1
29 75 4
22 23 2
110 36 3
126 58 2
129 19 4
5 103 4
79 24 4
141 121 1
48 93 3
128 81 1
9 22 2
9 47 2
79 62 1
130 24 1
21 2 1
5 61 3
100 65 4
29 39 4
116 126 3
98 103 3
65 30 2
121 72 3
115 68 4
56 33 3
144 146 4
116 66 2
111 28 1
108 4 3
93 30 1
149 69 4
132 136 4
29 100 4
149 109 2
68 10 2
142 145 4
110 103 3
38 42 1
23 38 2
10 115 3
91 134 3
17 28 4
61 85 1
18 121 4
92 111 2
141 45 2
46 146 1
139 39 1
75 2 2
3 129 1
130 81 4
82 44 4
126 123 3
68 148 2
45 14 2
8 0 2
13 142 2
97 137 4
67 81 1
32 44 3
142 115 4
30 60 4
89 123 3
10 38 2
109 77 3
36 83 3
123 120 4
3 99 1
105 121 1
112 109 4
148 71 4
67 52 3
37 26 2
65 6 2
113 50 3
59 42 3
70 72 1
108 18 4
43 91 3
78 60 4
64 126 2
45 42 3
77 143 2
146 138 3
5 47 2
137 46 1
141 58 3
17 98 2
114 3 1
131 114 4
132 36 2
56 59 3
89 96 2
99 107 2
76 101 1
32 99 2
93 0 2
112 141 1
104 21 1
135 126 2
33 15 4
137 129 3
33 51 1
74 78 2
81 12 1
13 149 1
140 39 1
40 31 3
7 120 3
61 25 4
65 11 4
83 129 1
90 97 4
101 11 2
23 148 2
148 123 2
19 130 4
22 40 1
132 97 1
105 66 2
61 0 4
11 104 4
131 23 4
93 3 4
114 121 2
113 79 1
31 29 3
45 71 2
114 91 4
64 142 4
47 63 2
138 13 2
130 135 2
1 53 1
146 18 1
141 101 2
59 141 2
1 10 4
46 8 2
111 102 1
1 16 2
114 64 3
135 4 4
70 25 2
97 25 1
14 87 1
111 101 4
14 11 1
30 28 2
54 137 4
50 55 1
120 94 2
58 50 4
43 3 1
149 104 4
100 73 4
31 0 3
80 119 4
79 54 3
103 50 4
72 15 3
69 67 3
31 120 2
42 51 1
62 131 1
148 6 2
61 76 1
137 8 4
0 94 1
31 101 2
56 85 4
113 48 2
106 75 2
34 12 1
123 136 4
67 136 4
140 71 2
108 23 1
48 63 2
130 123 2
17 101 2
95 56 1
8 87 3
33 100 2
35 2 1
63 50 1
119 137 2
108 1 4
120 113 2
9 74 2
65 56 3
48 28 1
96 146 3
146 94 4
75 137 1
113 133 2
93 124 3
76 124 2
131 76 1
10 110 1
110 3 3
19 16 2
5 117 3
5 17 3
38 74 2
21 138 2
60 127 4
105 77 1
46 93 3
115 146 1
67 55 2
38 7 3
34 135 3
115 92 2
21 126 1
143 92 1
35 52 3
62 22 2
116 112 2
45 111 1
4 107 3
25 88 1
129 127 2
15 51 3
48 97 2
137 86 2
13 148 3
51 29 4
135 92 3
101 112 2
93 137 2
58 120 3
3 60 1
48 61 1
1 142 3
148 29 3
146 21 1
128 123 2
9 120 2
17 97 3
147 14 4
93 102 2
13 114 4
41 78 4
35 22 1
5 111 1
116 148 2
35 124 2
74 91 4
142 44 2
134 59 1
20 53 2
23 34 2
128 94 4
133 83 3
56 120 4
27 13 2
49 149 1
21 114 1
135 90 4
112 15 1
36 93 1
17 49 2
81 110 2
137 61 2
129 118 3
82 49 3
108 12 3
127 69 1
112 42 2
140 100 2
140 118 1
2 55 3
31 114 1
79 82 1
4 41 3
98 133 4
139 20 2
103 145 4
101 120 3
129 101 4
87 97 4
54 143 2
17 91 3
91 15 4
23 86 1
67 145 4
102 7 4
121 10 1
47 73 1
11 19 2
118 50 4
8 130 2
113 84 3
118 76 1
32 109 1
91 83 1
125 30 4
100 101 2
70 86 3
145 98 1
135 26 4
38 70 2
110 16 4
127 9 4
54 136 1
32 77 2
14 99 1
21 99 1
40 139 1
127 1 2
130 84 1
81 118 3
6 84 1
49 66 1
100 111 3
90 148 3
89 27 4
14 9 4
87 41 1
73 82 4
30 132 2
10 140 2
0 114 3
38 88 2
96 15 3
46 55 3
14 46 1
105 41 4
37 16 2
16 52 2
78 3 1
146 39 2
123 28 2
127 55 4
144 91 2
73 69 1
27 108 3
147 103 3
99 16 3
26 114 2
24 111 1
66 19 4
96 136 3
7 99 2
21 69 1
86 98 1
143 139 1
65 84 3
45 5 3
112 137 2
57 8 1
98 59 2
61 54 3
80 129 3
70 58 2
64 30 2
64 86 4
57 146 4
62 96 4
52 58 1
146 55 2
14 111 2
17 149 1
60 85 3
78 59 1
104 46 1
64 123 2
41 52 4
31 53 3
124 71 1
24 38 2
46 113 4
24 110 1
47 135 1
99 95 4
18 129 3
92 54 3
63 71 1
61 56 4
111 128 4
34 129 1
32 107 3
135 65 4
97 117 1
146 120 4
10 72 1
60 98 4
134 100 3
19 117 2
73 141 4
97 83 1
62 56 1
147 133 2
20 106 3
137 146 3
57 86 1
140 37 1
131 54 2
101 0 4
50 135 2
129 64 4
24 31 1
70 49 3
133 26 3
22 115 2
35 107 3
59 9 1
69 138 1
145 19 1
85 35 1
38 120 4
125 36 1
85 91 3
35 57 3
5 148 4
57 134 2
41 121 1
49 110 4
101 103 2
136 135 4
88 116 4
83 9 3
54 15 2
6 44 1
45 60 1
5 11 2
103 92 3
122 48 3
61 104 3
0 70 2
124 11 3
48 142 1
96 97 1
120 47 2
37 39 4
44 101 1
47 7 4
143 102 1
108 40 4
92 83 4
24 131 4
124 96 3
63 4 3
78 47 4
113 15 2
85 66 2
142 147 2
93 57 1
11 148 1
105 85 1
127 85 1
49 7 2
100 22 3
147 16 1
149 22 4
59 45 1
129 81 1
45 43 3
113 95 3
81 82 3
113 136 3
8 121 4
71 116 3
74 110 2
97 58 4
14 57 3
59 21 1
44 15 3
69 33 2
124 52 4
65 40 3
106 103 3
81 114 2
89 16 1
4 42 1
7 104 2
42 14 3
108 13 1
81 66 1
30 43 1
51 11 3
88 18 4
69 14 4
35 23 2
115 38 2
105 131 4
54 118 1
94 10 4
137 69 1
4 142 2
120 11 4
112 127 2
72 44 4
60 61 2
121 147 1
149 121 3
108 106 3
21 117 3
116 102 4
86 96 3
31 144 1
92 18 3
77 0 3
144 53 4
55 82 2
108 128 2
21 100 4
0 137 1
63 123 1
141 114 4
119 101 4
116 9 4
128 1 1
127 71 4
89 55 2
63 77 1
147 139 2
12 49 3
75 12 3
76 83 1
149 72 4
73 133 3
86 132 4
68 59 4
109 97 3
147 76 3
24 53 1
10 114 4
11 39 1
55 74 2
73 110 2
54 149 2
64 34 4
63 59 2
140 139 4
91 0 3
39 114 2
16 108 1
105 5 1
30 51 2
31 122 3
17 27 1
89 63 3
63 21 3
63 56 2
97 57 3
149 117 1
4 76 3
72 104 2
10 33 3
11 13 3
20 146 1
24 77 1
133 9 3
13 30 3
5 13 2
58 33 1
52 75 2
131 142 2
128 49 2
100 39 2
149 29 3
28 40 3
78 4 4
49 41 1
56 135 2
38 5 4
30 126 1
91 94 4
60 57 4
146 114 4
96 74 1
95 24 4
34 100 1
28 132 4
44 20 1
78 146 2
34 60 4
108 133 2
148 2 3
82 10 3
115 74 4
145 147 4
140 142 2
123 65 4
131 111 1
58 1 1
134 138 2
23 6 4
134 105 3
3 131 1
129 11 2
71 24 3
148 42 4
64 18 3
51 82 2
126 143 3
56 87 2
13 84 3
55 148 4
89 79 4
9 4 4
67 98 1
67 51 1
88 28 4
109 30 4
145 7 1
132 4 3
93 110 3
127 141 4
28 53 2
33 136 1
30 61 4
76 129 4
57 107 1
3 118 2
103 70 3
69 86 3
14 118 1
92 2 1
60 114 2
9 24 4
123 15 3
122 139 2
29 68 2
29 26 3
89 47 4
111 135 1
99 62 1
95 42 4
84 74 3
29 66 4
6 87 4
56 109 3
9 138 1
128 61 4
120 61 3
81 34 1
69 48 4
48 33 1
60 68 4
0 67 2
63 18 1
4 34 1
92 90 4
22 16 3
84 80 2
5 50 2
132 145 1
82 63 2
30 16 2
145 36 1
42 100 3
75 14 1
41 17 3
71 149 3
62 2 2
57 139 1
107 89 4
147 1 4
49 84 1
142 124 4
146 88 3
125 121 2
17 9 4
82 48 2
23 100 4
55 76 3
135 1 3
51 68 1
3 82 1
84 124 4
25 9 2
140 88 3
52 31 2
43 95 2
70 89 1
66 67 4
67 68 1
124 141 1
89 95 2
122 35 3
0 60 1
67 127 2
136 142 1
69 119 2
144 112 2
1 100 4
20 28 3
75 122 4
67 133 2
27 124 1
106 63 3
99 100 4
37 144 3
24 54 2
69 75 1
96 78 1
83 94 4
82 2 3
101 60 2
67 96 1
134 139 4
97 18 3
34 125 3
25 15 1
41 123 1
119 66 4
37 78 1
49 14 4
70 108 3
53 70 2
59 80 4
74 42 3
57 101 3
123 68 2
46 117 2
21 142 3
15 61 1
43 25 4
127 73 2
145 40 4
19 29 4
112 53 3
114 134 2
70 34 2
27 69 3
38 65 1
34 50 4
118 18 3
16 10 2
57 130 3
76 25 2
68 79 2
45 49 4
120 121 1
14 44 2
36 76 2
27 16 4
5 24 4
35 82 4
97 52 2
147 69 1
62 42 3
116 89 3
81 104 2
116 49 2
128 97 2
149 108 3
102 8 2
69 102 3
4 80 1
142 99 2
130 106 3
95 32 3
17 60 2
26 90 4
123 22 2
65 94 2
127 83 4
82 38 2
45 117 4
137 36 1
49 33 2
96 12 1
50 90 3
4 137 2
6 114 3
142 9 2
135 38 3
87 21 3
120 50 1
80 64 1
36 12 1
31 23 2
116 40 3
122 71 3
73 67 2
71 113 2
11 107 4
131 85 1
103 4 2
127 56 1
68 147 3
98 139 4
63 46 1
12 92 1
82 24 1
65 52 4
101 98 2
92 112 2
141 70 1
7 70 4
69 18 3
5 44 1
30 112 3
32 69 1
50 131 1
134 142 2
6 101 2
136 57 1
63 72 4
74 2 2
80 134 1
7 121 1
139 105 1
146 35 1
92 34 3
32 8 2
64 118 4
20 94 3
117 72 1
55 105 3
117 17 3
69 103 3
56 139 4
92 5 3
78 122 2
88 35 2
108 57 4
63 30 4
124 149 4
66 13 1
77 64 1
24 139 2
138 50 3
129 102 4
128 41 4
130 111 2
112 118 1
6 56 1
9 77 4
95 47 3
104 59 3
82 8 2
19 137 2
79 91 2
79 130 4
8 111 2
49 147 2
110 48 4
12 44 4
106 90 1
90 146 2
32 91 2
136 16 3
39 32 4
29 96 1
40 114 1
94 31 2
68 7 4
39 145 2
143 79 4
104 37 4
47 69 4
40 95 4
124 29 3
97 56 3
1 2 4
116 135 4
31 1 1
88 6 2
49 31 4
94 1 1
45 133 2
102 147 3
114 137 4
10 43 3
33 99 1
52 91 1
34 37 4
113 53 1
35 0 3
117 96 2
83 61 3
126 13 2
81 123 4
15 63 1
94 101 2
93 113 3
12 142 1
131 28 4
10 122 1
4 64 2
27 143 4
72 48 3
7 110 2
63 108 4
134 92 2
39 124 1
28 64 3
9 147 3
48 5 1
72 59 2
42 119 3
30 100 1
37 128 4
71 85 4
124 26 4
4 43 4
61 143 3
89 114 1
119 33 1
135 133 1
25 40 1
71 135 1
129 73 2
11 59 3
3 72 2
132 58 1
52 62 2
135 60 4
91 92 1
40 129 4
149 47 1
9 39 2
72 65 2
76 134 3
126 11 4
14 73 3
2 18 2
107 26 1
71 31 2
81 134 4
94 21 2
133 99 3
9 68 1
121 129 4
42 8 4
129 1 3
58 36 4
10 106 2
134 64 4
71 146 3
111 63 1
20 7 2
78 104 1
65 131 1
32 55 2
16 130 1
125 61 3
140 25 1
47 82 3
127 79 4
109 62 1
143 32 4
58 68 2
131 61 3
55 90 1
50 124 3
51 37 3
118 12 1
78 87 4
127 19 1
111 129 4
123 115 1
35 12 1
106 61 2
39 96 2
28 33 3
5 79 3
50 27 2
75 35 3
35 36 4
75 80 3
25 77 4
54 140 3
23 71 2
99 87 2
65 57 4
50 10 2
7 23 1
148 48 4
82 28 1
22 55 2
41 95 1
66 61 1
59 67 2
93 134 4
75 4 2
87 26 1
99 122 4
11 75 3
94 134 4
90 21 3
63 6 1
6 126 1
50 99 2
50 145 1
87 50 4
5 104 1
32 82 3
53 49 2
25 86 2
49 138 4
50 133 2
91 8 3
26 5 1
5 123 3
144 138 4
62 63 1
7 12 1
39 35 1
103 36 1
115 19 3
60 19 3
25 39 3
115 132 4
19 41 1
119 102 1
85 146 4
134 13 4
129 106 3
93 80 2
80 100 4
104 14 1
8 108 3
9 75 4
88 102 2
14 2 3
7 65 3
140 63 4
97 141 1
40 104 4
141 143 4
118 16 4
32 26 3
36 51 1
42 18 3
106 93 3
95 0 3
133 132 1
22 139 4
146 17 3
97 93 4
79 14 1
80 97 3
47 57 4
82 27 4
109 141 3
24 11 4
29 84 1
130 125 2
125 82 3
12 98 2
12 58 4
114 108 4
69 96 4
17 14 2
124 68 3
113 94 2
123 125 2
73 132 4
31 63 4
99 84 1
6 72 1
131 106 2
65 34 1
97 42 4
16 64 2
46 17 1
110 37 4
97 41 4
101 28 3
54 89 3
27 105 2
62 127 4
29 102 2
148 57 2
26 68 1
131 139 1
119 142 2
126 84 1
79 31 4
60 96 3
61 91 2
1 8 4
89 62 4
119 0 2
119 59 4
42 10 2
65 4 3
35 32 4
91 6 1
29 144 3
17 93 1
118 123 3
30 130 4
116 23 1
19 52 1
93 95 2
74 44 4
107 90 1
83 117 3
103 93 3
147 70 2
129 98 3
74 107 4
1 132 1
132 50 1
133 19 2
0 51 2
11 1 2
21 110 2
12 127 2
99 55 3
91 7 4
37 99 4
61 100 4
131 4 4
55 125 1
114 94 4
116 68 2
49 47 3
53 127 2
107 81 4
72 8 4
112 46 4
0 129 1
105 119 3
17 134 2
107 53 2
0 10 1
78 68 1
128 101 3
64 109 3
82 116 4
4 39 3
91 117 1
84 121 1
124 122 3
51 2 1
117 94 3
111 97 4
19 38 4
90 141 4
116 123 3
56 37 1
83 96 1
111 10 4
143 88 4
2 102 1
98 87 3
87 83 2
130 137 2
9 29 1
50 102 1
107 133 1
135 148 3
128 105 3
17 4 1
67 93 1
103 3 2
54 52 4
80 87 4
15 128 2
46 35 4
49 97 4
110 6 4
143 47 2
54 103 3
0 50 2
103 72 3
134 61 3
146 110 4
74 29 2
130 86 2
35 31 2
52 46 1
63 49 1
57 104 2
104 73 2
73 1 2
129 6 4
96 65 2
40 39 4
115 94 3
121 62 3
60 113 2
137 52 3
43 51 2
102 76 1
3 98 3
67 95 1
49 112 2
34 142 2
16 84 1
123 90 1
93 49 3
19 132 2
94 64 3
133 127 4
112 40 4
111 30 4
26 137 4
5 0 1
23 124 1
139 0 2
111 61 4
0 59 2
69 120 2
14 83 4
35 131 1
58 48 2
69 52 4
121 46 2
64 12 4
82 4 3
111 59 1
35 25 2
11 85 2
96 92 1
67 4 4
128 20 4
30 46 2
54 25 2
17 15 1
70 77 3
51 95 4
4 53 2
87 110 4
97 63 4
55 134 4
35 37 1
47 10 3
46 10 4
48 51 3
63 57 2
6 51 4
11 15 4
91 139 1
8 97 1
85 54 2
55 141 1
113 20 3
53 35 1
99 60 2
59 70 3
66 5 2
54 59 4
6 137 3
39 8 1
75 128 4
142 141 4
84 54 2
112 129 3
46 1 4
88 93 1
122 134 3
25 31 4
104 109 4
104 8 3
74 99 2
149 20 3
81 121 4
136 112 3
30 49 2
35 87 4
135 89 1
77 133 1
1 87 1
146 63 2
74 20 1
78 26 4
40 61 1
11 134 4
142 77 1
9 140 1
78 64 4
63 26 3
0 65 3
77 146 1
37 61 1
58 93 1
122 47 3
57 19 4
122 143 3
77 43 3
30 84 2
140 109 2
70 71 1
39 112 2
74 98 3
136 111 3
6 68 1
75 6 4
79 44 3
106 11 3
124 133 3
51 122 4
23 107 1
128 12 1
30 97 3
20 67 3
3 80 1
122 61 1
71 93 4
30 4 4
118 13 4
57 9 4
98 120 2
86 144 4
120 39 3
72 46 4
104 114 2
28 80 4
92 4 2
114 143 4
19 110 1
30 94 3
146 79 3
115 44 4
125 21 1
143 94 4
55 87 3
66 3 1
98 69 4
18 134 2
105 106 1
57 2 3
120 35 4
84 44 3
144 110 3
55 111 2
30 48 2
119 71 2
124 109 4
4 129 2
116 50 3
74 49 3
110 136 4
53 126 3
2 60 3
127 148 2
51 49 4
77 35 1
113 130 4
42 37 2
15 144 3
137 141 2
45 82 2
63 145 3
15 34 3
69 71 4
139 126 4
60 77 1
54 13 2
114 23 4
72 138 4
42 83 1
110 109 1
33 0 1
49 109 2
49 1 3
58 139 2
132 10 1
149 56 1
77 79 3
54 116 4
123 82 2
40 68 2
130 10 1
78 81 1
95 134 4
15 23 2
136 94 4
19 77 2
60 10 1
68 5 2
82 95 1
42 107 4
142 130 4
114 45 1
20 56 3
42 137 3
34 1 4
28 60 4
121 48 2
75 127 2
134 20 3
107 130 1
100 75 3
14 76 1
41 55 4
5 126 2
118 72 3
35 144 3
75 105 3
22 2 2
43 39 4
18 140 1
114 87 4
26 7 2
56 27 2
82 148 2
112 104 2
38 69 3
62 5 4
109 101 2
131 75 1
36 140 4
140 65 2
135 55 1
62 93 1
97 35 3
10 53 3
94 14 4
108 123 3
142 94 3
55 86 2
86 56 3
64 58 3
79 118 2
54 123 4
119 143 4
139 32 3
71 106 1
126 130 1
130 148 2
142 19 4
44 25 1
24 37 1
16 128 3
106 118 3
63 3 4
17 6 1
107 102 1
43 83 2
83 11 3
140 91 2
129 75 2
39 12 2
98 18 3
99 140 2
77 61 4
8 143 2
105 60 3
90 5 4
74 82 2
140 117 4
14 117 1
69 53 4
99 65 2
49 77 4
74 79 3
79 69 3
135 57 4
66 99 4
32 58 2
125 114 2
23 62 2
83 25 3
55 24 1
2 12 1
139 127 1
69 145 2
79 119 1
24 115 4
35 38 3
81 68 2
51 71 2
142 122 3
30 149 3
116 29 4
92 43 1
33 47 1
140 57 1
0 90 2
100 144 4
15 40 1
21 107 3
91 131 4
102 31 2
118 95 1
21 82 2
44 80 1
67 94 4
99 68 4
18 51 4
146 123 1
69 89 1
3 145 1
75 85 4
93 75 4
88 125 3
126 26 4
125 133 3
53 92 1
78 133 1
19 47 1
24 101 1
137 116 4
146 89 4
10 127 4
37 119 1
25 141 4
42 92 2
111 84 4
62 130 4
50 128 2
40 41 3
86 103 1
29 119 1
148 38 1
98 81 2
81 11 1
15 22 1
18 144 3
113 107 2
65 118 2
125 44 1
24 33 4
149 143 1
135 43 1
140 50 3
105 90 3
139 79 3
120 147 3
10 120 1
3 31 4
64 76 2
51 23 3
50 114 3
110 115 3
89 46 4
65 17 3
112 27 3
45 74 4
105 115 3
29 137 1
1 118 4
68 130 4
7 18 3
54 107 3
135 11 1
40 8 4
31 97 1
89 118 1
73 5 1
74 137 2
57 137 2
148 109 4
14 29 1
51 126 1
67 15 3
38 147 2
122 28 2
80 124 3
101 135 4
80 55 3
117 59 4
53 133 1
50 19 3
84 15 2
29 36 2
137 67 1
75 55 3
16 43 3
126 111 2
72 134 4
117 98 2
73 48 3
92 39 1
124 61 3
141 113 3
146 10 4
103 99 1
22 131 4
91 120 4
46 110 2
1 45 3
9 56 2
15 88 4
24 43 3
0 83 2
149 123 1
123 11 4
23 78 4
54 102 2
147 91 4
15 41 1
106 38 1
22 130 2
0 98 1
86 129 2
90 80 1
83 123 1
7 1 4
108 148 3
61 115 1
32 73 3
29 101 3
65 43 1
138 53 2
11 100 1
143 29 2
125 50 3
102 57 2
39 69 2
56 123 2
118 26 4
92 75 4
6 55 3
3 20 4
127 140 1
42 1 2
56 60 4
6 120 2
17 102 2
69 126 3
37 45 3
26 120 1
120 78 3
19 23 3
100 53 4
35 40 3
62 24 4
63 53 4
30 139 2
102 72 1
19 109 1
69 92 4
131 78 4
122 141 2
13 61 1
65 97 1
94 60 2
121 15 4
149 106 4
67 62 4
21 8 1
75 19 1
18 68 1
91 103 2
71 91 1
106 82 2
133 12 3
48 15 2
40 72 1
31 37 1
132 2 1
2 81 3
40 76 3
37 40 2
26 106 3
26 4 2
47 128 4
11 31 1
13 107 1
64 44 4
64 48 1
24 120 1
67 30 1
11 97 2
109 5 3
66 109 4
49 119 1
3 123 3
9 118 3
117 23 3
65 80 2
45 61 4
45 63 4
87 106 2
103 100 4
141 28 3
39 64 2
135 52 4
76 115 3
131 144 1
124 70 2
94 96 1
88 4 1
66 51 2
148 111 3
84 125 4
12 76 4
5 110 2
73 33 4
61 23 1
112 87 2
83 12 3
115 57 3
121 145 3
84 21 4
117 51 1
106 121 3
6 77 2
74 51 4
97 70 2
26 2 3
11 8 3
4 46 1
11 54 2
148 21 3
101 15 3
96 80 3
30 142 3
17 83 3
39 47 3
81 87 1
118 61 1
34 136 4
136 59 4
53 38 4
8 127 2
127 61 1
21 10 1
34 48 4
88 5 1
101 145 2
49 108 1
6 22 2
90 145 2
44 7 1
4 96 4
46 65 3
141 35 4
35 45 2
14 0 2
131 140 2
113 68 3
107 138 2
98 8 4
34 27 3
68 132 1
100 27 1
79 49 4
54 81 3
144 47 2
98 134 1
66 45 1
70 118 2
131 63 4
35 81 2
97 149 4
90 36 3
91 48 3
119 95 4
22 3 3
95 142 3
88 61 1
29 146 3
38 91 4
109 73 2
41 80 2
119 83 1
108 89 2
77 95 1
103 42 2
114 54 2
51 92 1
89 21 1
114 101 4
136 70 4
130 101 1
102 89 2
32 114 1
126 97 1
50 25 3
131 96 2
25 29 1
58 75 1
7 81 4
28 45 2
115 139 1
132 55 3
41 125 3
97 38 3
89 81 3
41 11 1
10 102 4
20 58 2
71 101 3
8 76 4
101 78 1
149 67 4
7 56 2
125 85 4
76 140 3
57 26 2
8 131 1
50 100 1
100 12 1
33 106 2
44 106 1
37 84 2
40 16 3
31 73 3
77 65 2
54 90 1
99 15 2
123 104 1
43 78 4
124 34 4
40 26 1
26 80 1
51 10 4
107 112 2
80 77 1
149 146 1
149 87 3
39 78 3
66 1 1
65 64 2
73 75 2
13 1 3
54 83 3
115 106 3
80 101 3
27 134 1
66 43 2
134 1 2
12 6 2
118 100 4
135 106 3
14 108 1
24 69 2
51 64 4
34 31 1
5 16 1
20 119 2
46 74 4
70 126 1
18 87 1
7 30 1
92 16 4
106 127 1
39 147 4
54 16 3
28 137 4
28 10 1
18 28 1
142 128 1
28 1 4
23 28 2
62 81 2
55 138 3
62 76 1
108 120 2
119 108 4
1 104 1
98 66 2
66 40 2
55 40 2
9 141 3
40 144 3
87 140 3
145 32 2
79 149 3
11 145 2
27 68 2
111 86 3
55 140 2
51 147 4
87 148 2
36 78 3
31 57 2
63 135 4
90 45 3
83 141 3
68 44 3
84 55 2
118 127 4
127 40 1
111 48 2
52 94 2
25 45 4
92 100 3
50 143 2
137 115 3
87 52 1
71 67 1
67 129 1
147 66 1
11 63 4
143 30 4
56 14 1
146 41 2
134 89 3
114 133 1
94 78 2
126 24 4
115 134 4
98 63 3
72 126 1
101 75 4
125 148 1
78 97 4
49 67 1
126 117 1
55 149 1
7 17 3
13 124 3
3 48 3
129 88 2
108 25 1
109 12 1
33 64 3
147 23 3
81 10 4
7 85 2
24 0 3
83 81 4
115 141 4
61 96 4
55 64 2
16 139 1
88 36 4
45 91 2
65 45 2
60 102 3
4 68 2
52 102 3
1 12 1
107 78 2
70 18 1
26 9 3
39 65 1
97 127 4
127 121 3
46 91 1
18 80 3
4 61 2
108 112 4
70 149 3
19 80 1
80 51 3
124 116 2
61 133 1
55 52 3
22 120 4
128 110 3
114 102 3
69 101 2
135 95 4
95 17 1
68 92 1
34 80 4
69 13 3
86 145 3
62 8 1
141 136 4
8 73 1
136 126 3
58 44 3
147 34 1
25 147 3
48 102 3
146 101 4
119 146 4
34 14 2
124 67 3
143 140 2
74 60 2
55 62 1
97 12 3
131 94 2
97 26 4
112 97 1
100 125 4
108 82 3
65 88 1
140 67 2
133 93 3
53 57 2
83 109 1
62 110 1
73 34 4
54 23 1
88 13 2
83 149 1
6 47 2
50 20 4
121 128 2
37 136 3
109 129 3
129 130 3
52 61 4
8 77 3
138 15 2
39 130 3
105 24 1
17 39 3
10 74 2
86 128 4
61 55 1
94 68 4
65 109 2
61 78 2
58 34 1
100 59 3
145 118 3
91 113 4
73 76 2
137 2 1
100 107 2
52 32 1
107 84 1
24 99 2
48 143 4
84 11 2
42 35 4
27 74 1
69 59 2
141 8 2
64 85 2
124 6 4
30 45 3
129 7 2
40 7 2
63 95 2
40 107 3
126 71 3
37 97 3
63 118 3
42 80 4
71 128 1
110 111 1
85 110 1
89 0 1
31 140 4
93 39 2
69 49 3
36 75 2
41 38 1
68 101 2
125 69 3
132 70 1
70 120 3
120 19 4
79 11 4
137 89 4
129 131 2
67 32 3
82 135 1
0 82 2
76 71 4
33 141 2
47 131 1
100 72 4
128 83 4
114 129 1
140 102 4
121 95 2
34 35 2
104 9 3
18 93 3
38 85 2
5 131 3
99 125 4
3 67 3
110 47 4
145 8 1
65 137 1
34 17 2
81 86 3
142 74 2
24 138 1
14 22 1
116 47 2
36 39 1
59 97 3
130 121 4
90 122 2
37 82 1
82 12 2
111 62 4
114 122 3
47 103 3
81 59 1
102 104 2
123 14 4
74 85 3
62 40 3
24 50 2
88 82 2
131 79 3
102 16 1
55 70 1
114 75 3
103 31 2
146 36 4
149 148 2
93 111 4
104 2 1
124 106 2
149 128 2
68 72 3
115 18 1
71 94 4
8 122 1
16 57 4
71 139 4
13 91 2
133 48 2
66 54 3
144 106 4
134 5 1
17 88 4
72 143 4
58 63 3
92 142 1
58 4 3
18 143 2
18 3 3
81 32 2
19 92 2
40 124 4
113 121 2
44 111 1
25 20 1
118 60 3
86 90 2
148 15 4
15 14 3
113 26 4
33 109 3
109 106 4
47 67 4
87 2 1
10 93 4
83 120 4
88 87 3
149 112 4
117 18 2
29 32 1
132 14 3
71 22 2
68 45 4
105 45 2
32 54 3
106 80 3
10 62 1
40 0 2
23 96 1
98 22 4
74 47 2
145 122 3
120 40 1
131 99 3
4 38 1
30 75 3
102 124 1
45 115 3
116 81 3
117 56 3
127 99 3
48 19 2
15 119 1
42 82 2
2 29 1
48 92 4
48 75 2
134 62 4
105 9 2
21 93 4
22 53 3
15 24 1
6 5 2
122 43 4
118 6 2
55 95 3
23 81 2
16 104 1
1 55 3
96 118 1
96 76 4
14 51 1
123 139 4
33 84 3
113 146 3
24 122 2
29 60 4
14 16 3
140 108 4
23 141 4
132 116 3
75 112 4
86 66 1
105 47 2
102 87 3
113 9 1
9 21 2
4 35 1
129 96 2
59 114 2
20 19 1
48 104 3
77 115 4
117 112 2
41 0 4
80 85 4
146 47 2
124 20 1
6 46 2
107 14 1
130 105 2
146 52 2
66 28 4
121 116 2
93 37 1
71 142 1
101 39 3
65 125 4
23 32 1
147 0 2
2 27 3
149 2 4
56 32 1
78 11 2
120 3 3
53 134 3
97 115 4
51 124 4
127 59 3
137 77 4
134 108 3
102 35 1
81 69 2
24 88 3
6 132 3
29 129 1
26 146 4
79 73 1
4 20 2
99 118 2
100 123 2
92 56 1
33 146 1
76 144 4
110 18 3
1 32 3
93 47 1
38 124 1
66 101 1
56 40 2
41 63 3
19 98 1
19 78 4
54 91 1
46 57 1
105 10 4
125 138 3
89 130 4
87 73 3
94 44 4
23 149 4
104 25 4
48 24 2
95 120 3
148 83 3
3 2 2
43 103 3
110 91 3
2 121 2
13 44 4
60 139 3
85 126 3
43 136 4
9 48 3
47 29 3
115 130 3
126 140 4
29 44 4
106 134 4
5 69 2
122 123 3
68 128 4
100 82 3
32 6 3
48 86 4
71 141 3
141 52 4
77 7 1
9 61 4
113 23 1
124 112 4
108 32 3
127 137 2
112 4 4
51 114 1
139 59 3
144 149 1
63 54 2
62 54 1
110 123 4
78 93 2
89 36 1
13 23 2
0 36 3
26 81 1
77 106 3
88 135 3
115 147 3
96 132 4
94 97 1
2 93 1
67 65 4
22 51 4
55 49 3
131 104 4
149 77 1
56 100 1
30 66 2
75 78 2
20 49 1
2 124 4
34 90 2
145 83 2
4 36 4
106 128 4
123 23 2
22 96 1
59 39 1
90 66 4
72 61 1
86 39 4
2 72 2
83 23 1
97 148 4
23 73 3
77 135 4
144 133 2
108 31 1
35 136 1
21 26 3
6 8 4
21 38 3
36 8 4
141 135 4
73 0 1
46 118 4
144 101 4
61 147 1
97 134 2
74 75 4
13 102 2
95 60 2
117 4 1
58 25 2
91 64 4
64 54 4
68 19 1
48 50 3
104 34 3
83 111 3
111 125 2
146 92 4
0 130 2
82 122 1
125 74 1
69 116 1
104 143 3
58 119 2
119 140 3
11 142 1
32 149 4
89 120 4
36 86 2
84 53 1
75 17 4
125 47 3
124 108 4
149 33 4
88 114 1
34 16 4
85 36 2
90 88 2
105 116 2
100 14 1
135 15 1
82 67 4
126 103 4
107 67 1
76 39 3
36 92 2
67 53 2
36 95 1
66 73 2
28 19 4
122 97 1
76 2 3
52 72 4
130 2 4
38 64 1
145 117 3
83 49 3
5 30 4
103 71 2
80 82 1
148 31 3
43 119 3
147 125 1
144 70 2
30 83 3
51 136 1
136 131 3
115 8 1
56 114 2
101 95 4
4 72 4
88 55 2
130 48 3
32 113 1
75 90 4
92 49 1
58 3 3
32 122 2
92 27 1
52 138 1
130 76 2
140 141 4
42 93 2
78 128 2
53 36 4
118 20 4
43 109 1
136 129 4
1 109 3
13 57 1
27 135 3
8 67 4
117 144 2
22 26 1
26 149 1
111 127 3
84 20 2
20 103 4
144 50 3
103 13 2
64 90 4
29 62 3
53 5 3
68 95 3
8 96 2
134 86 4
109 120 2
106 74 4
21 72 2
78 32 1
56 113 2
65 136 3
71 18 1
30 14 1
14 3 4
113 38 1
32 88 3
101 8 2
88 40 4
105 68 2
1 86 3
96 128 1
17 62 1
48 52 4
12 120 2
48 145 1
126 49 1
89 38 3
30 40 2
12 72 4
12 114 2
72 142 1
133 126 1
149 81 3
87 15 2
0 53 4
133 143 4
84 50 1
4 144 3
130 12 1
74 14 4
57 89 4
61 149 2
88 74 3
129 21 3
111 78 2
78 86 2
72 53 2
122 146 1
25 69 2
55 0 4
96 122 3
39 55 2
43 145 1
136 64 2
22 119 1
30 0 2
113 135 4
62 92 1
97 61 1
13 56 2
34 42 3
93 6 2
74 149 1
145 146 2
128 0 4
61 81 4
134 4 4
44 28 4
23 84 4
85 78 2
53 54 1
2 9 1
52 1 1
36 63 3
144 75 2
64 27 4
73 92 1
10 75 3
42 135 4
31 2 1
37 33 3
61 21 2
35 58 3
100 132 1
69 3 4
34 146 2
31 10 4
20 121 2
123 105 2
109 51 2
94 126 2
77 129 1
91 108 3
30 9 2
58 81 3
129 107 1
55 59 2
33 137 1
75 97 2
75 107 4
146 70 3
110 105 4
16 106 1
84 129 3
40 46 2
31 46 1
7 128 2
143 20 1
55 12 1
15 130 3
119 30 2
84 12 1
98 88 3
22 127 4
115 101 4
148 51 1
31 62 3
140 23 4
96 20 3
20 36 4
133 47 3
20 142 3
56 88 2
28 27 3
106 76 2
103 56 2
114 98 4
50 139 2
100 88 4
60 111 1
106 8 4
4 149 2
94 6 4
119 86 2
142 117 2
109 146 2
145 111 3
52 36 3
78 105 4
51 46 1
65 143 2
52 108 1
14 61 2
145 137 4
129 22 2
28 128 1
128 33 3
143 106 4
85 49 2
93 98 2
85 94 3
45 103 3
127 15 2
142 88 4
43 124 2
71 4 3
61 31 2
14 98 3
11 139 2
52 39 3
20 147 1
140 114 3
18 13 4
133 33 4
149 141 3
53 103 3
3 84 3
25 18 2
124 143 2
99 36 4
102 78 3
142 81 2
111 103 2
123 16 3
12 20 2
58 110 2
66 127 3
51 25 4
30 47 4
139 65 3
8 84 3
118 144 3
29 115 4
23 65 4
10 65 1
23 132 2
138 86 3
127 115 4
133 91 3
35 147 4
82 59 1
134 6 2
16 120 3
77 88 2
10 25 4
50 6 1
92 59 2
125 118 4
0 56 1
51 24 1
64 22 4
93 129 1
24 3 2
95 83 1
22 99 2
49 133 1
67 91 1
48 124 4
107 70 2
147 62 2
83 136 2
62 44 1
26 58 3
110 138 4
136 14 2
93 52 3
76 87 3
58 84 2
9 126 3
107 30 3
115 20 3
28 12 2
137 51 3
75 64 2
115 26 3
75 119 3
105 127 3
11 34 4
3 19 1
19 119 1
24 12 1
49 71 2
105 1 3
144 93 4
134 2 4
89 33 3
48 37 3
119 90 1
37 148 1
20 126 2
98 105 1
34 62 1
57 109 2
22 111 4
29 76 4
86 34 1
61 136 3
119 81 4
126 4 1
103 118 1
114 144 4
141 64 2
95 104 3
138 111 4
20 131 3
108 67 3
137 10 4
4 110 1
93 44 2
56 94 1
22 19 1
123 85 4
116 53 1
33 74 1
63 34 3
134 90 3
53 59 2
123 8 1
70 21 4
121 140 2
5 96 3
24 94 3
3 46 4
89 76 1
58 127 1
11 103 4
146 117 3
100 20 4
92 9 3
102 125 1
23 52 4
42 116 3
70 69 4
51 85 3
59 76 4
135 132 3
36 55 2
61 33 2
147 67 2
109 25 1
94 5 1
57 88 2
56 68 4
73 70 3
121 38 4
97 139 4
129 43 1
5 7 2
91 18 3
120 100 3
100 137 1
5 116 2
13 127 3
100 47 4
83 57 4
85 104 4
98 51 1
51 91 4
32 48 3
144 105 2
96 125 3
141 93 4
78 142 3
30 91 1
42 61 2
70 27 3
142 25 4
87 136 2
45 94 1
9 54 4
4 15 3
131 27 2
53 131 3
142 109 1
56 143 4
97 124 4
68 80 2
69 135 1
12 86 2
28 106 1
18 33 3
115 51 2
66 141 4
13 24 3
44 17 3
90 99 3
77 41 3
1 136 4
144 65 3
128 53 3
94 2 2
51 123 2
66 69 4
15 46 1
97 0 2
15 107 2
39 89 4
9 36 3
47 94 1
60 47 2
14 138 3
66 144 4
28 58 1
44 87 4
149 37 2
133 15 1
143 46 3
8 119 1
20 27 1
113 47 1
138 6 1
17 37 2
132 54 1
11 45 1
116 145 2
29 12 4
130 110 4
123 35 4
144 115 2
34 95 1
84 117 1
14 1 1
113 88 2
85 145 2
136 144 2
46 96 4
60 144 3
71 138 1
44 138 4
127 31 4
106 46 1
33 16 4
65 28 3
49 0 1
35 11 1
130 58 3
28 76 2
121 90 4
13 58 4
63 133 2
96 0 2
40 3 1
98 118 3
62 69 4
119 99 1
29 65 4
2 100 1
65 149 1
118 62 2
25 113 3
53 80 4
144 123 1
1 23 2
70 52 3
24 32 4
10 36 4
136 81 4
108 101 4
86 77 1
62 61 1
41 143 1
70 92 4
87 62 3
93 123 1
128 93 4
63 102 3
72 97 2
106 15 4
142 15 4
125 137 1
48 25 1
118 44 1
7 118 4
23 146 1
46 66 1
147 81 1
110 122 3
12 43 2
102 37 3
18 96 3
54 60 3
18 138 1
44 18 1
141 56 1
147 22 2
147 113 1
50 44 1
110 113 2
67 24 3
74 43 3
90 139 1
133 87 3
4 127 3
90 22 3
89 97 3
89 23 3
38 84 2
13 117 1
149 147 2
28 0 4
76 35 4
58 102 1
59 79 2
143 7 3
103 112 3
138 132 2
38 14 4
85 107 4
122 21 4
128 115 1
145 91 2
135 28 2
85 108 3
129 61 2
56 54 2
73 39 2
21 42 2
141 62 2
51 1 1
125 24 1
79 123 4
0 6 3
67 2 1
115 56 2
140 133 4
39 118 4
117 90 4
7 125 1
22 110 1
93 1 1
32 41 4
106 91 4
89 11 2
47 108 1
75 103 3
5 20 2
131 2 1
17 76 2
138 35 1
122 129 2
142 46 4
97 47 3
88 96 1
103 97 4
95 144 3
45 137 3
5 14 1
92 145 3
100 83 2
126 79 2
136 45 4
110 57 2
39 13 4
97 67 1
146 124 4
76 128 1
60 70 3
87 20 1
20 63 1
62 100 4
112 62 2
79 8 1
143 115 3
30 148 1
135 142 1
124 73 4
79 106 1
14 31 2
94 66 1
17 85 1
55 18 4
44 19 2
71 100 3
22 7 3
5 115 1
28 47 3
101 35 1
7 92 3
132 130 2
67 141 2
147 112 4
12 131 4
109 15 3
103 129 1
89 139 4
33 104 1
91 34 4
24 46 4
50 88 1
34 24 1
143 52 2
109 89 3
69 76 3
137 148 4
70 100 1
3 88 3
145 54 1
22 135 2
138 0 4
27 44 4
149 64 3
2 78 4
24 64 1
130 54 1
113 69 1
38 105 1
99 69 4
65 108 4
148 47 4
121 146 3
107 41 3
129 48 3
18 83 3
12 63 2
80 125 2
136 7 4
46 136 4
128 26 3
8 34 3
125 3 2
116 130 2
86 10 3
115 42 3
126 83 1
79 64 4
109 75 3
17 121 1
116 103 2
128 58 3
24 129 1
103 131 4
52 88 3
145 99 4
99 23 2
95 25 2
133 17 3
149 145 1
127 38 2
63 107 4
112 44 3
93 127 1
99 126 3
62 114 4
75 15 2
140 111 4
64 104 3
81 101 1
124 136 4
39 33 3
2 115 4
71 57 3
41 34 2
143 44 1
10 99 1
42 17 3
78 31 3
92 113 2
61 18 2
62 123 2
88 99 2
29 109 3
116 107 2
33 131 3
4 73 1
30 34 3
128 120 2
53 34 1
120 29 1
118 85 1
74 76 3
69 91 4
14 110 2
109 9 3
42 139 4
7 58 4
122 20 2
65 62 2
74 140 2
77 113 1
92 29 1
92 64 2
65 66 1
44 59 3
2 46 4
28 112 4
46 28 2
90 125 2
32 57 1
41 148 3
5 135 1
113 148 2
18 0 2
16 88 4
5 78 1
34 0 2
20 65 1
145 123 3
139 36 1
51 130 3
83 135 2
48 125 3
70 9 1
4 109 3
13 143 2
145 109 1
33 20 3
2 56 2
130 87 1
91 100 1
53 82 1
115 49 3
141 102 1
121 34 3
46 126 4
143 95 1
75 118 3
82 25 1
119 44 3
135 73 4
76 6 2
52 144 2
48 81 4
99 9 3
116 34 2
2 83 3
70 47 4
117 136 1
77 100 3
118 0 2
17 89 2
29 86 3
10 2 1
37 106 4
57 118 2
75 84 3
98 11 4
42 86 2
135 3 4
32 66 2
52 5 3
5 83 2
56 116 2
57 133 3
118 138 3
73 102 1
138 64 1
47 36 4
61 117 1
50 22 4
97 146 4
1 39 2
14 68 4
131 149 3
47 112 3
137 55 4
138 62 2
146 108 1
122 56 4
58 71 3
26 125 4
120 138 2
142 37 4
47 88 3
97 81 3
0 29 1
58 69 3
50 75 3
98 15 3
11 128 2
79 9 1
120 122 2
21 123 4
73 131 1
112 98 3
101 67 2
110 145 1
107 36 1
141 100 4
86 123 4
74 41 2
52 95 2
7 107 3
14 140 3
114 76 1
98 94 4
34 22 4
0 87 3
63 43 2
81 138 2
41 20 4
28 146 3
116 144 2
68 11 4
70 82 2
97 92 3
21 58 3
63 90 4
64 23 2
105 21 2
96 36 2
133 145 1
100 117 1
56 53 1
33 134 3
134 42 2
114 36 1
39 75 2
143 107 1
133 148 4
53 86 3
117 133 2
71 50 3
17 86 2
26 53 1
26 0 2
22 76 2
144 82 1
143 5 3
22 81 3
5 3 2
3 96 2
43 143 1
103 37 2
102 53 2
102 130 4
131 59 2
147 50 4
143 121 2
66 24 2
142 123 3
93 35 4
125 93 3
62 60 2
72 95 4
136 52 4
85 69 1
81 14 4
60 125 2
24 16 1
137 126 3
37 62 2
81 132 1
9 20 3
87 51 3
99 75 3
7 132 1
46 131 2
46 0 2
121 88 2
97 21 3
21 121 3
121 111 2
59 124 2
32 104 1
34 52 2
106 43 3
82 145 4
122 148 3
92 124 1
13 50 4
149 113 3
128 30 1
60 141 4
65 69 2
141 82 3
73 72 2
33 36 2
43 7 3
49 34 2
55 31 2
129 38 4
147 36 3
101 110 2
62 149 1
138 39 4
39 10 1
131 146 1
72 75 4
108 95 4
49 37 1
53 141 4
8 59 1
102 112 1
72 129 1
73 61 1
68 111 2
111 25 2
70 119 4
9 93 3
42 41 4
67 22 2
110 95 4
107 61 3
44 2 2
62 85 3
28 26 3
26 85 3
123 1 3
13 90 1
148 147 1
21 47 3
89 60 3
80 141 3
14 142 1
6 43 2
80 6 3
107 83 4
147 27 1
51 134 4
14 128 1
101 27 4
100 126 3
108 60 3
49 29 1
126 105 1
22 143 4
104 128 1
4 125 1
14 129 4
130 100 2
46 87 3
83 15 3
131 132 3
62 4 3
119 40 3
44 46 2
69 134 4
64 45 1
11 26 3
95 53 3
29 35 4
60 104 4
14 36 3
12 132 1
53 85 1
39 62 2
107 25 2
130 36 3
52 126 2
47 65 4
146 9 2
137 73 3
125 11 2
10 59 2
21 30 1
73 21 2
140 45 3
56 69 4
98 97 2
14 58 4
34 145 1
111 56 4
29 8 1
140 3 3
136 15 1
36 38 4
24 134 4
115 87 3
10 100 2
105 56 1
124 7 4
4 24 1
122 74 2
137 1 1
130 34 2
146 60 2
23 10 2
24 92 3
42 87 4
66 79 3
113 132 2
9 114 1
143 146 2
122 62 4
138 40 4
2 143 2
21 24 4
32 128 2
73 118 2
118 119 2
122 132 1
44 65 1
70 83 3
19 96 1
6 2 4
136 89 2
96 21 3
3 109 3
28 54 1
131 48 2
41 84 4
12 125 1
35 65 1
66 95 4
7 0 4
140 69 3
27 51 1
11 94 3
9 27 3
124 132 1
137 27 4
49 104 4
113 99 1
26 17 4
144 121 1
13 15 3
83 113 1
50 7 2
22 94 2
22 12 2
61 86 4
27 6 3
8 81 2
88 64 1
1 9 2
66 33 3
21 66 3
144 83 4
120 63 4
130 7 3
0 126 4
108 11 2
44 97 4
87 135 1
108 35 2
134 15 3
69 15 1
14 102 2
109 84 4
117 110 2
16 3 4
61 82 2
145 41 2
145 74 3
2 80 2
106 95 3
144 54 4
129 132 3
89 87 4
53 12 1
89 72 1
123 66 2
102 38 1
112 26 1
61 22 3
61 67 1
91 97 3
123 47 3
9 86 4
32 147 2
97 28 3
91 137 3
98 23 4
70 61 1
36 64 4
128 73 4
12 79 4
23 138 2
18 46 4
134 85 4
43 38 3
122 59 4
126 81 2
130 136 4
7 79 1
13 21 1
104 41 3
42 70 1
140 75 1
47 139 1
121 40 4
20 37 3
79 18 1
54 106 3
85 101 4
57 96 2
45 31 4
136 21 3
101 30 3
45 146 2
71 12 1
14 7 4
126 114 3
117 69 2
1 125 3
95 31 1
105 15 3
124 17 4
113 116 1
141 107 3
122 89 4
49 9 3
63 114 3
85 48 2
18 85 4
32 62 4
129 41 4
135 128 3
86 115 2
145 104 1
47 121 1
103 21 4
73 38 1
47 87 2
46 84 1
86 16 2
124 119 1
62 126 2
92 88 1
148 35 3
74 126 2
148 85 1
127 30 1
62 3 3
135 99 3
123 60 4
130 4 1
133 64 3
81 127 4
134 73 1
110 134 4
147 127 4
2 7 1
134 7 2
87 36 3
61 49 2
96 106 3
46 49 3
96 138 4
134 12 2
148 75 1
144 58 1
108 103 4
103 127 2
67 131 2
58 24 1
27 133 2
46 103 2
126 42 4
39 123 4
133 76 3
143 112 3
143 109 4
78 16 4
140 138 1
42 120 3
138 20 1
96 45 4
79 125 1
28 98 2
3 71 3
142 90 1
125 52 2
140 89 2
107 76 2
74 121 4
92 80 1
41 35 4
5 25 3
56 146 1
98 49 1
74 6 1
46 95 1
60 92 2
93 65 1
108 130 2
125 35 4
99 38 3
39 110 3
124 83 4
73 44 3
102 43 3
133 106 1
17 18 4
44 120 2
131 38 1
54 47 3
48 80 3
79 10 1
3 132 1
60 31 3
39 60 3
64 59 2
75 145 4
98 44 3
41 75 4
75 132 1
22 122 3
117 89 3
13 115 1
42 7 3
65 129 4
22 103 1
3 136 1
73 113 2
16 109 1
103 16 3
135 7 4
53 136 4
42 108 1
100 142 3
136 107 1
145 13 1
108 20 4
77 101 3
131 88 4
61 114 1
47 11 1
126 45 2
87 82 1
92 22 3
43 96 2
9 64 2
73 58 4
106 39 3
117 74 1
32 117 4
131 117 4
42 69 3
14 126 1
98 123 1
141 44 1
114 44 2
86 75 1
66 57 2
101 51 4
77 107 3
76 23 1
37 85 3
68 143 2
16 21 2
94 18 3
12 145 4
21 86 1
126 88 2
64 61 1
65 92 4
26 59 2
142 6 4
93 107 4
46 123 1
82 121 4
66 12 3
55 9 1
4 57 4
103 84 4
77 13 2
67 6 2
46 62 1
100 35 1
35 63 4
5 93 2
66 139 3
102 12 1
91 86 3
132 108 1
56 66 2
41 144 4
42 88 1
40 100 2
28 133 2
145 95 4
58 90 1
115 30 3
36 26 4
52 50 4
39 31 3
66 92 2
69 82 4
18 100 4
93 139 4
83 13 2
89 14 4
8 48 4
70 15 4
146 62 2
80 39 1
144 99 4
1 41 3
77 93 3
117 70 4
20 35 3
33 86 4
114 128 1
126 77 2
142 129 2
49 86 3
100 9 3
5 100 3
136 0 4
124 16 2
16 6 3
28 72 1
93 8 4
63 115 3
23 60 2
22 73 1
148 119 3
6 100 3
88 43 4
30 31 1
14 141 4
54 36 1
11 3 4
120 99 2
97 82 3
10 133 4
142 23 3
149 52 1
77 2 4
62 148 2
116 92 3
67 26 2
32 127 4
22 95 4
76 82 3
145 49 1
93 4 3
48 27 4
3 81 2
66 135 3
132 121 2
103 80 1
23 102 3
48 4 4
127 39 4
36 71 2
143 57 1
24 23 1
100 147 2
110 137 3
49 120 3
19 31 1
62 145 1
99 94 1
56 10 3
85 92 2
31 9 3
138 93 2
14 37 2
4 55 2
5 46 2
146 19 2
13 4 2
10 90 2
9 135 4
98 83 3
28 115 2
56 96 2
7 54 3
138 77 2
132 45 2
25 85 3
49 15 2
49 135 4
74 124 3
51 84 3
133 149 3
21 113 4
105 33 1
33 144 4
148 115 3
107 80 4
68 83 4
126 106 1
74 40 4
39 149 3
6 40 1
134 19 3
20 76 3
78 38 1
128 141 4
98 96 2
128 103 1
21 49 4
37 13 1
72 113 4
82 98 3
146 2 4
90 1 4
17 64 1
52 133 3
1 121 2
21 68 1
71 92 1
139 52 1
134 47 3
15 60 1
73 105 2
68 77 4
124 127 4
111 11 3
93 38 2
41 6 4
10 103 2
80 12 3
128 19 4
18 89 3
32 134 2
88 132 4
59 17 1
95 100 3
40 54 2
45 9 1
136 114 4
38 0 1
122 16 4
68 145 4
69 124 1
21 4 4
134 107 1
59 115 1
20 93 1
135 139 1
107 65 4
79 90 3
80 72 2
117 1 4
67 25 1
2 141 3
57 80 3
44 133 1
86 0 4
44 66 1
79 43 3
147 17 3
36 50 3
70 138 2
71 88 3
102 117 3
32 18 2
128 22 3
68 73 4
140 51 2
37 74 3
11 18 4
18 95 3
71 110 2
5 35 4
45 107 4
33 44 1
137 53 2
126 120 3
7 64 4
87 134 1
19 105 4
70 110 1
140 145 1
130 144 4
86 121 3
49 13 2
147 72 4
114 52 1
123 72 1
64 68 1
28 83 1
49 125 2
74 133 1
99 48 3
132 65 2
47 119 2
117 0 2
0 108 2
17 24 1
91 125 2
109 127 2
107 55 2
81 44 3
49 62 3
114 115 3
112 81 3
76 80 3
23 26 2
114 86 2
57 76 1
29 122 3
144 109 4
127 95 4
103 136 3
138 34 3
82 20 3
84 19 4
120 82 2
126 40 1
120 66 1
112 54 1
80 123 4
31 17 3
29 78 1
69 6 4
15 131 1
70 104 1
71 25 1
126 127 1
130 14 1
132 62 3
57 91 2
143 91 1
24 70 2
15 64 4
135 39 2
58 67 1
84 148 3
12 88 3
102 66 4
57 119 1
40 111 2
11 143 2
89 119 4
28 49 3
88 139 2
137 104 2
74 72 2
76 97 2
120 114 4
126 67 2
3 126 1
128 6 4
109 114 3
27 125 2
92 26 2
76 19 1
94 69 1
135 119 1
41 126 4
69 139 3
47 66 2
133 141 3
130 11 1
67 45 2
133 62 4
98 62 3
52 84 3
13 109 3
109 23 1
57 103 3
124 89 2
139 34 4
62 72 3
103 8 4
5 21 3
18 6 2
136 63 2
68 38 1
145 37 1
83 55 1
31 21 2
40 63 1
140 112 2
54 117 1
117 15 4
128 9 4
25 137 3
21 131 1
78 12 4
75 130 4
114 14 1
85 2 3
35 1 3
133 101 3
23 105 1
121 76 2
34 107 1
107 5 2
105 113 3
61 12 2
89 64 4
119 116 4
13 12 2
20 101 3
136 99 3
113 70 3
115 124 4
137 41 2
81 102 3
40 99 1
51 94 3
112 94 3
66 16 2
21 1 4
15 30 2
71 55 3
29 43 2
31 141 1
119 55 3
23 40 1
95 20 4
132 44 2
34 98 4
129 20 4
141 110 2
66 23 4
117 39 1
6 139 3
127 20 4
64 132 4
48 134 3
25 78 4
106 12 4
65 76 4
107 105 4
41 108 1
11 43 2
133 25 2
75 135 3
92 13 4
109 14 4
36 17 1
101 4 4
55 142 4
4 25 1
148 106 4
66 89 2
93 140 4
86 89 4
131 90 4
90 120 2
131 57 4
137 17 2
93 81 2
56 19 4
56 80 3
50 91 1
109 100 2
85 42 1
27 85 2
148 132 3
60 26 3
21 145 3
94 138 1
7 138 3
21 139 4
14 101 3
131 100 3
70 3 2
31 36 4
29 136 3
106 122 3
30 147 1
27 15 3
81 27 2
104 36 3
110 63 1
3 92 2
30 57 4
128 13 2
78 20 3
64 95 1
139 85 4
114 37 2
16 80 4
70 116 3
97 32 3
64 69 2
88 117 1
58 55 3
138 102 4
14 103 4
2 88 3
134 82 2
76 95 3
106 30 1
132 79 3
52 63 3
77 47 1
147 144 3
73 136 1
3 68 2
110 90 2
121 87 2
54 42 3
107 6 4
59 121 2
31 123 3
99 46 4
133 139 1
32 86 2
109 85 3
24 121 3
32 85 1
126 124 2
91 99 3
91 49 1
104 89 4
21 144 2
52 26 1
1 22 1
128 27 3
114 90 1
129 50 2
52 28 2
20 83 4
62 95 2
100 115 1
134 10 4
41 91 2
101 82 3
134 50 3
113 58 4
90 17 1
57 106 2
133 128 2
12 124 4
1 91 1
89 26 1
32 53 1
131 98 2
128 2 3
13 82 3
81 117 4
3 37 1
12 73 4
121 134 1
108 26 1
128 54 4
113 89 1
25 116 4
67 142 4
23 46 3
21 3 4
25 120 3
106 72 2
102 75 4
146 100 1
142 2 2
36 57 1
132 85 4
43 32 4
33 148 4
7 144 4
45 26 1
55 60 2
121 133 4
66 103 2
40 101 3
87 113 4
143 73 2
22 57 4
22 0 3
30 8 1
118 120 2
96 75 1
60 75 1
117 104 1
16 127 2
49 27 4
14 122 3
78 82 1
53 146 3
128 35 4
27 99 4
149 92 4
74 8 1
100 108 4
6 98 2
88 124 1
34 85 4
58 59 4
64 25 2
54 34 1
132 127 3
139 33 4
148 19 3
105 145 3
95 133 1
95 132 2
27 113 2
143 55 2
35 6 3
7 108 1
71 17 3
38 114 1
11 6 1
59 90 3
42 98 4
45 70 3
21 64 4
33 80 3
39 87 2
3 113 1
24 128 4
121 70 4
0 25 4
126 59 1
137 136 2
17 125 1
61 7 2
85 137 4
143 49 1
124 64 2
59 57 3
126 142 2
11 136 1
62 105 1
14 131 1
122 105 3
128 48 4
90 128 4
119 106 3
74 144 3
68 139 4
11 66 1
97 88 3
125 110 3
26 145 1
50 119 4
7 13 3
57 58 2
39 119 4
8 117 1
63 109 1
31 15 1
134 52 2
117 93 3
16 91 2
108 79 2
66 80 3
118 25 2
69 100 4
140 101 4
54 0 2
138 95 3
51 9 2
60 41 1
103 124 3
5 23 4
19 71 1
58 74 1
125 89 3
80 110 3
116 149 1
32 142 3
127 123 2
128 29 4
29 103 1
11 137 4
116 125 1
57 5 2
57 73 3
142 75 4
75 110 1
0 68 1
67 13 2
144 68 1
75 83 3
115 136 2
137 70 1
135 109 2
5 112 4
4 51 2
96 87 1
58 6 3
140 38 2
92 114 3
145 119 4
119 46 2
32 46 2
42 91 1
135 19 2
90 49 3
118 137 4
25 115 4
138 103 2
2 71 2
53 7 3
39 132 2
12 129 1
134 109 1
139 12 3
133 56 4
25 8 3
58 43 2
91 77 2
82 83 2
47 58 3
58 107 4
118 87 2
20 60 2
27 14 2
79 140 4
126 25 1
8 85 1
24 41 2
35 135 1
133 134 3
104 28 4
113 81 4
87 43 3
4 81 4
52 68 1
20 42 2
138 42 2
85 90 2
123 27 2
60 8 4
16 65 2
90 144 3
96 68 2
72 43 2
115 11 4
8 114 3
31 88 4
79 41 4
99 30 2
69 141 3
141 99 3
46 144 2
31 115 1
11 131 4
129 74 4
3 143 2
51 57 1
58 39 3
143 148 4
40 131 4
95 50 2
112 65 3
60 24 1
142 33 1
145 14 1
128 23 2
62 57 1
21 147 1
47 130 4
59 71 2
129 99 2
127 5 2
26 16 1
47 118 2
62 84 1
115 126 4
71 60 1
50 32 2
71 129 4
30 3 2
3 42 4
20 125 4
110 126 4
52 142 3
24 117 2
137 30 4
145 72 2
16 11 1
123 107 3
55 96 2
68 136 4
100 102 3
93 64 1
142 138 3
108 75 1
31 67 4
112 61 2
36 106 4
36 46 4
0 66 3
9 32 1
93 72 2
79 135 2
135 131 4
96 90 3
146 87 4
48 38 1
78 76 2
101 1 1
104 113 1
47 85 1
145 124 2
106 92 1
31 111 4
22 141 3
64 148 3
2 37 3
38 123 2
83 93 3
73 99 3
66 50 2
120 134 1
104 26 3
117 68 2
38 137 3
112 60 1
148 102 3
31 51 2
141 86 4
109 72 2
79 81 3
83 77 1
57 124 2
33 14 1
144 126 2
92 136 1
66 38 3
23 67 3
145 55 4
11 12 3
127 80 3
80 49 3
119 144 3
111 119 3
23 55 1
109 82 2
44 121 1
112 125 3
89 56 4
78 15 4
75 66 3
108 145 1
143 71 2
50 67 2
30 35 3
90 41 2
94 118 3
43 94 4
125 19 3
88 134 3
118 23 1
74 81 4
82 107 3
115 70 3
41 31 2
26 122 2
48 44 3
76 67 1
7 113 2
114 84 2
50 37 4
4 52 1
59 128 2
88 58 3
117 64 4
32 136 4
142 96 4
125 94 3
48 7 4
39 38 1
80 135 4
123 119 2
14 143 1
3 105 3
134 124 3
125 129 2
99 116 4
112 10 4
1 68 4
104 39 4
2 68 1
28 24 1
1 20 4
45 125 3
114 118 1
9 11 4
73 49 1
16 149 4
118 141 4
81 141 1
30 140 1
20 88 1
39 105 3
57 112 4
118 136 1
21 54 4
77 120 3
97 20 1
41 134 2
41 147 1
141 111 4
37 23 2
10 70 4
27 141 4
141 4 4
94 87 2
93 69 3
27 140 2
44 49 3
61 41 3
133 55 2
129 94 2
7 101 2
101 55 4
139 27 4
93 25 4
22 109 1
48 17 1
38 16 3
0 4 2
76 50 4
54 74 4
1 89 2
55 14 1
134 71 4
132 52 3
37 88 2
70 64 1
120 111 4
133 97 4
70 127 3
55 100 1
120 37 4
9 94 2
106 84 1
41 110 4
51 104 1
95 8 3
14 144 2
1 71 4
120 52 2
148 114 2
12 56 3
4 118 1
147 53 2
69 54 4
133 35 1
63 88 3
94 46 3
57 43 4
133 13 3
38 83 3
126 57 2
130 9 4
1 145 2
91 80 3
55 77 1
50 72 1
100 17 4
18 84 3
117 121 4
121 85 1
81 38 2
127 11 4
72 101 2
146 54 2
91 9 3
34 118 2
100 97 3
148 126 2
138 10 2
9 102 1
106 25 1
108 74 2
113 5 3
71 97 1
63 68 4
74 103 4
89 93 4
140 92 2
56 5 1
65 79 1
19 104 1
57 15 2
149 5 2
63 17 2
134 146 1
77 92 2
143 19 3
47 59 4
145 141 2
129 57 2
37 52 2
45 144 1
22 80 1
34 119 1
72 125 1
23 27 1
58 19 1
122 6 1
55 104 4
143 23 3
16 73 2
45 27 1
51 99 2
8 5 2
117 41 3
0 81 4
23 45 1
87 74 1
52 53 1
16 85 3
126 2 1
53 124 1
22 47 4
6 28 4
109 108 3
5 142 4
47 12 4
24 133 1
98 72 4
112 13 3
108 76 3
79 86 3
79 36 3
143 70 2
43 107 2
37 115 4
39 24 1
81 37 4
119 110 1
130 146 4
139 82 4
124 101 1
28 63 2
6 4 2
85 1 4
36 94 4
30 92 1
148 138 2
148 74 2
22 59 1
114 95 1
144 96 3
83 103 2
47 142 4
47 147 2
65 119 3
144 71 1
2 13 4
35 139 3
88 69 2
35 80 4
28 75 1
102 82 3
137 111 1
44 140 2
92 98 4
98 68 1
47 38 1
59 110 1
52 145 3
143 82 2
67 111 1
86 38 2
64 14 2
31 58 1
40 87 2
134 131 3
33 92 2
142 50 1
131 18 2
102 103 3
130 149 1
52 43 3
93 26 1
12 110 1
149 95 3
4 140 4
54 93 4
106 69 2
147 109 1
56 21 4
69 20 4
83 69 4
145 29 1
29 54 4
114 66 4
18 99 4
117 6 1
92 15 4
51 142 1
141 103 4
40 130 3
24 65 1
89 52 2
36 72 2
37 130 4
81 50 1
121 69 2
123 124 4
111 115 3
107 69 4
127 119 1
27 91 3
126 35 4
51 28 2
30 144 1
78 51 3
110 50 4
102 137 4
30 53 1
10 92 2
30 2 3
28 108 4
42 94 4
92 121 1
123 99 3
147 40 3
139 101 3
98 30 4
81 63 1
39 84 3
46 33 4
55 3 1
11 110 2
13 10 1
144 72 2
128 87 3
124 10 2
108 141 1
22 113 3
13 120 3
127 36 3
71 40 4
79 102 3
6 119 1
138 101 3
128 45 2
138 83 4
79 30 3
112 105 4
50 47 3
58 29 2
17 113 1
75 45 3
144 55 2
57 40 2
37 75 2
58 108 2
71 56 3
20 72 4
132 32 2
19 43 2
17 120 2
47 64 1
41 81 4
128 56 2
20 57 4
9 58 4
16 105 3
24 93 2
97 123 4
76 104 4
47 129 4
149 127 4
27 33 4
33 102 2
91 123 1
56 58 4
133 11 1
122 85 4
23 125 1
96 112 1
45 16 3
31 76 4
108 53 4
12 74 2
92 32 4
94 39 1
39 72 2
37 131 3
107 62 1
28 5 3
28 77 3
4 79 4
93 85 2
16 31 1
5 86 2
50 23 1
79 78 4
75 16 3
75 23 4
98 149 2
99 47 4
131 138 2
125 145 1
37 129 2
141 51 1
52 107 4
25 21 3
129 147 1
41 101 1
121 148 4
93 12 2
144 3 3
18 109 2
136 66 1
55 30 3
72 32 3
8 75 3
143 113 4
43 14 2
87 107 1
109 98 2
93 63 4
49 88 2
0 135 4
90 48 1
23 88 2
34 25 4
123 43 4
27 35 4
81 29 4
103 41 2
132 35 2
47 138 4
94 26 3
43 114 1
140 16 2
13 59 4
0 43 1
132 74 1
17 8 2
100 93 2
113 111 4
2 109 1
119 74 4
43 82 1
111 37 3
19 6 1
5 15 3
19 97 4
67 143 3
12 65 3
137 140 2
147 111 4
137 96 4
31 138 1
134 137 4
115 65 2
106 48 1
133 142 4
84 5 2
72 16 3
112 43 4
111 52 2
69 57 2
127 82 3
77 112 4
98 33 3
24 148 4
71 121 3
35 59 2
59 149 4
58 140 1
111 33 1
103 15 4
132 112 2
116 24 2
34 39 3
68 84 2
104 116 4
41 70 4
12 94 3
63 134 3
4 47 1
12 14 1
46 109 1
12 115 3
42 12 1
97 108 2
15 145 1
28 96 4
70 67 4
14 21 2
35 17 1
25 131 3
73 3 3
19 126 2
66 18 2
68 127 3
54 58 3
34 83 3
98 73 1
35 9 4
74 0 1
149 99 1
39 2 4
65 103 1
16 96 2
33 115 3
127 77 4
56 25 4
102 41 4
128 113 1
113 41 4
39 42 4
137 50 3
50 96 4
26 132 4
147 37 1
138 112 2
131 120 1
13 48 2
52 45 3
109 81 4
106 94 1
13 132 1
69 28 1
61 105 1
62 119 1
87 49 4
24 78 1
111 43 4
127 98 2
10 32 2
122 140 3
68 50 1
111 53 1
62 74 1
135 46 4
81 43 3
48 55 3
3 95 3
86 110 2
7 45 2
131 118 4
112 8 1
68 140 3
43 110 2
110 8 3
19 2 3
85 100 2
83 105 4
112 41 2
127 2 1
129 36 2
8 10 1
14 19 1
25 62 4
95 111 3
59 23 3
53 125 1
54 46 3
6 33 1
124 72 1
82 58 4
91 70 4
101 3 4
60 18 3
43 141 1
52 49 3
99 1 1
126 104 3
130 104 1
85 142 1
136 23 4
147 136 3
120 102 2
28 103 3
98 13 3
21 119 1
131 93 4
110 79 4
5 2 4
140 53 3
83 121 2
123 67 4
25 94 3
2 25 2
31 75 1
57 125 3
20 34 3
59 102 4
17 21 4
61 135 2
142 65 2
138 136 2
118 8 2
53 94 1
0 103 1
14 120 1
33 29 3
40 52 2
41 22 1
27 97 3
27 1 1
34 88 2
90 9 2
53 117 4
93 33 3
102 68 2
103 125 4
115 140 4
13 51 1
89 51 2
59 32 1
128 147 2
81 139 2
113 124 3
113 33 2
109 7 2
97 110 1
64 113 2
78 65 4
105 34 3
112 16 4
83 58 4
117 130 2
143 85 3
149 51 4
129 91 2
117 30 4
48 39 4
40 136 3
137 135 2
114 139 3
33 143 1
23 97 3
97 51 3
37 92 1
101 26 3
115 109 3
78 114 3
133 70 1
77 132 1
7 100 1
61 47 1
43 128 2
49 95 3
24 25 1
19 63 1
10 80 2
63 130 1
120 84 1
27 86 3
84 86 4
107 104 4
93 101 1
74 131 1
93 146 1
75 13 2
107 33 1
79 122 4
84 61 1
133 85 1
100 136 4
37 113 4
144 125 3
59 99 2
2 20 2
127 34 1
39 136 2
48 26 4
50 65 3
68 25 2
130 33 4
22 46 1
21 28 1
48 12 4
135 10 4
140 105 3
63 61 4
125 106 1
46 114 3
68 119 4
33 127 2
0 11 2
134 34 1
67 115 2
102 126 2
39 137 4
145 77 1
78 21 2
24 91 2
138 26 1
55 78 3
30 86 4
84 9 2
58 2 1
58 61 1
5 91 4
112 34 3
77 108 1
31 109 2
3 15 1
10 139 4
45 79 3
124 111 2
121 31 2
75 147 3
103 34 3
122 92 4
133 104 3
95 128 4
91 116 2
74 114 3
68 32 4
47 18 3
48 141 4
125 108 2
16 51 2
61 29 4
67 36 1
149 28 3
137 66 3
38 27 1
93 94 4
105 17 3
47 8 1
57 45 4
55 53 2
132 63 1
143 25 2
100 63 3
26 136 3
15 141 4
2 36 3
53 99 1
11 38 2
131 122 3
84 28 1
124 130 3
27 54 1
27 40 1
89 142 4
120 64 4
85 144 1
132 31 4
14 65 2
1 82 1
139 118 3
106 116 2
148 134 3
33 123 4
10 44 3
116 63 3
76 113 4
115 149 4
7 98 3
41 83 2
103 62 4
100 54 2
41 69 1
137 88 4
148 99 1
144 132 1
13 137 2
94 92 3
112 24 3
60 148 4
101 96 4
9 95 3
143 100 1
86 51 4
98 52 3
88 27 3
96 48 3
41 73 2
22 70 1
108 15 3
96 91 2
31 56 1
33 25 4
113 65 3
16 50 1
56 130 4
116 10 4
128 8 2
73 25 4
111 88 1
95 14 4
75 94 2
53 42 3
37 53 3
111 89 2
112 11 1
78 9 3
27 72 1
71 120 3
35 79 1
79 103 2
83 118 2
142 144 3
112 90 4
75 98 3
52 83 2
9 63 3
40 96 2
71 42 1
2 66 3
31 26 2
83 134 4
115 53 3
80 70 1
53 11 4
119 24 1
88 81 4
124 75 3
25 30 1
128 89 2
53 60 4
138 59 3
23 87 4
115 81 4
27 58 4
45 95 4
148 10 3
142 3 1
15 1 3
44 21 3
47 16 1
60 36 4
41 21 1
91 14 4
94 137 4
118 78 4
87 147 3
87 127 2
17 130 3
127 52 4
138 51 3
60 122 1
72 30 4
91 109 3
26 62 4
77 147 2
84 60 1
104 4 2
142 54 4
14 63 2
83 19 4
135 120 2
18 41 2
25 41 3
1 72 2
35 118 1
51 55 1
9 3 3
127 86 1
31 104 2
78 40 3
88 11 4
126 141 3
75 67 1
106 56 1
16 142 3
129 16 4
73 116 4
50 21 4
108 118 4
73 144 2
63 124 2
145 61 2
127 7 2
87 75 1
113 118 2
94 122 3
26 127 1
50 86 2
18 65 1
32 70 2
100 86 3
38 134 4
7 139 3
52 90 2
128 10 2
44 16 1
19 40 4
45 116 2
120 80 4
10 7 3
138 130 2
74 68 4
137 31 1
78 100 2
98 54 3
32 25 3
36 68 4
33 138 4
93 45 2
119 5 2
85 50 4
62 13 1
6 106 4
91 39 1
40 43 2
55 103 3
48 120 1
52 18 4
136 140 3
93 136 1
147 63 3
111 144 3
30 108 3
117 128 2
16 117 2
124 129 1
100 3 2
27 119 4
8 4 3
25 53 3
133 20 4
73 120 1
68 57 3
129 60 1
147 46 2
7 4 2
7 57 1
29 88 3
116 85 3
34 82 2
118 126 2
136 13 4
27 109 2
14 121 2
37 67 1
133 96 3
119 91 1
81 19 3
1 141 4
142 84 3
133 137 2
119 147 1
10 123 3
98 45 4
4 97 2
146 135 4
63 92 2
6 141 2
135 78 1
52 85 2
99 13 2
82 131 1
31 66 2
38 37 2
68 85 3
9 6 2
99 76 1
11 117 1
41 51 3
38 63 4
140 5 2
126 17 2
43 1 2
145 60 3
52 6 4
144 69 4
107 88 2
109 69 2
42 11 2
143 26 4
136 24 2
112 78 3
102 97 3
137 117 3
39 143 4
142 62 1
91 72 4
69 19 3
147 55 2
112 122 1
145 24 3
54 88 4
120 149 3
12 143 1
20 90 4
73 83 3
145 97 4
21 74 1
42 99 4
1 98 3
59 66 3
52 92 2
117 66 2
66 27 3
144 0 2
75 54 2
80 130 3
87 19 4
24 149 3
46 82 1
19 65 1
33 75 4
29 123 2
73 125 1
125 127 2
87 143 2
85 147 2
1 48 3
138 46 4
108 80 2
76 46 1
12 40 2
68 39 3
119 93 3
39 50 2
22 11 4
130 26 2
43 31 2
46 21 2
63 117 3
80 143 3
58 38 2
90 73 1
107 46 1
44 61 1
67 1 4
127 17 1
57 123 1
136 55 3
77 78 3
19 108 1
34 6 1
18 81 3
78 124 4
94 86 3
87 139 2
95 65 1
41 149 4
15 139 3
147 10 3
44 53 2
127 100 2
124 118 4
49 136 2
147 107 4
105 100 2
77 16 4
13 81 1
6 39 4
72 94 2
117 114 3
52 22 3
11 114 1
56 70 2
43 2 4
88 133 1
57 3 2
82 130 3
127 128 1
67 122 4
145 106 4
122 66 3
72 56 4
36 69 1
145 134 4
62 128 1
22 148 3
112 63 3
141 88 1
15 28 2
69 87 4
138 121 4
69 142 4
58 133 2
95 10 3
14 54 4
98 29 1
144 64 4
93 147 3
45 120 4
13 40 1
76 116 3
6 64 2
142 104 3
89 25 3
36 120 4
12 87 4
20 89 1
22 88 4
50 83 1
140 106 2
146 15 4
35 104 3
22 117 1
131 77 3
34 141 1
146 136 1
76 0 1
15 100 1
16 17 2
72 66 4
73 95 3
38 79 4
90 91 4
102 142 2
105 43 1
83 112 1
1 50 4
100 52 4
87 32 3
34 36 4
32 79 4
49 132 3
74 135 4
144 25 1
48 35 3
56 142 4
68 93 2
126 138 4
55 34 2
147 86 1
123 30 4
142 70 2
79 137 1
124 95 1
72 76 1
79 85 1
85 111 2
31 5 2
99 54 3
34 148 2
20 109 1
85 12 4
12 37 2
77 118 2
132 146 3
145 10 2
130 52 3
107 47 3
17 108 4
149 44 2
97 1 3
126 47 4
62 47 1
44 124 1
82 129 2
102 118 4
114 42 4
97 73 2
137 14 4
106 58 2
16 68 1
68 43 1
96 85 2
26 54 2
50 121 4
65 110 3
118 52 1
26 119 1
77 119 3
112 123 1
60 67 4
132 143 4
103 23 1
42 132 1
3 94 3
114 48 4
108 122 1
29 130 3
107 1 1
60 126 1
137 22 3
116 64 1
27 116 1
94 95 1
87 59 3
114 135 3
25 57 2
29 50 4
135 125 1
112 32 2
43 41 2
146 83 2
69 30 1
78 88 3
90 27 2
63 83 1
56 24 4
97 144 2
98 89 3
22 42 1
146 72 1
84 66 2
79 148 3
45 19 4
13 123 3
131 81 1
81 71 4
13 34 2
104 43 1
57 34 1
61 102 1
132 109 3
87 65 3
79 92 2
65 59 2
78 110 2
37 32 1
32 116 4
132 104 2
112 73 1
81 1 2
45 3 1
149 76 2
81 146 4
112 113 4
33 125 3
28 11 4
59 16 2
32 100 2
79 3 4
28 32 2
146 139 4
72 105 4
64 101 4
82 146 3
44 103 4
51 19 4
3 47 1
26 109 2
54 125 1
67 35 3
20 130 4
62 83 1
34 69 2
105 96 2
38 67 3
40 84 3
91 19 3
99 146 1
74 118 1
40 32 1
44 9 3
88 123 4
101 50 3
33 122 4
49 54 4
33 55 4
137 106 2
48 23 1
125 128 3
98 126 2
50 35 4
104 27 1
14 115 3
67 113 1
66 118 1
72 60 1
98 141 2
23 4 1
7 67 4
34 87 1
49 148 2
28 85 3
70 140 4
102 4 4
103 30 4
103 1 1
39 90 1
75 68 1
143 21 4
98 37 3
81 46 4
125 140 3
131 116 2
69 74 1
125 126 2
126 31 4
145 88 2
38 146 4
111 65 2
129 5 4
64 83 4
44 105 4
87 92 1
145 76 2
36 24 4
83 122 1
37 126 4
75 65 3
105 93 1
3 27 4
87 7 4
66 20 1
116 100 2
50 79 2
24 61 3
92 46 2
25 130 1
19 85 1
96 81 4
9 101 2
30 104 1
109 139 4
28 129 3
34 47 2
20 92 4
52 60 3
122 125 2
125 104 1
21 7 3
71 29 1
25 102 4
133 105 1
120 4 2
25 146 2
68 34 3
36 98 1
97 33 3
64 130 1
33 121 1
124 98 4
60 107 2
141 117 1
19 111 4
58 143 4
113 122 4
148 78 4
149 122 3
76 146 2
88 9 3
38 104 2
21 40 1
27 36 3
117 44 1
112 25 1
66 55 4
53 51 2
105 89 4
28 90 1
110 77 3
86 47 2
145 58 2
11 33 1
55 85 3
113 54 1
37 107 1
132 142 4
52 113 4
87 132 1
92 125 3
9 148 2
24 20 3
128 122 3
13 36 3
77 12 3
82 128 1
97 45 2
95 91 1
41 92 3
65 128 3
115 122 1
30 121 1
68 70 4
108 72 4
49 146 3
60 91 4
66 108 4
95 4 4
105 124 4
78 42 2
95 38 1
136 28 2
103 120 4
124 77 4
66 111 4
71 84 3
122 39 3
72 57 3
50 28 1
26 24 4
59 95 3
87 125 1
123 96 4
139 74 4
84 95 1
95 75 3
87 72 4
44 54 3
34 43 2
98 79 3
120 85 4
117 92 3
12 148 4
64 145 3
45 121 4
65 86 4
22 37 1
30 120 2
38 142 1
41 140 4
113 125 1
62 12 1
69 0 4
19 94 1
107 111 1
105 13 1
144 22 4
105 51 3
127 42 1
3 1 1
100 112 2
40 51 2
76 30 3
110 102 4
69 77 1
23 16 1
138 41 2
142 73 3
34 59 1
119 134 3
87 84 2
28 100 4
83 90 3
17 112 2
0 116 3
39 21 2
136 42 1
70 11 3
91 10 1
81 60 1
139 8 2
10 141 1
113 129 4
8 132 2
113 24 1
15 93 4
122 116 1
69 130 1
59 118 3
88 103 1
16 111 1
48 43 1
114 100 1
138 99 3
38 116 3
63 33 1
147 80 3
69 45 1
104 82 2
6 73 2
2 96 3
71 20 2
63 60 4
2 69 4
78 46 4
99 86 1
12 18 3
15 81 2
45 124 3
52 147 1
2 84 2
124 15 4
29 37 2
38 2 2
12 136 3
68 121 2
64 3 4
86 44 3
6 10 1
71 133 4
32 141 2
6 97 2
24 19 2
34 45 3
60 86 4
38 62 4
56 42 3
133 5 2
60 131 4
113 127 1
8 68 2
111 20 1
81 94 2
143 74 3
74 86 1
122 135 3
32 102 3
107 119 4
63 103 1
120 41 3
105 92 2
58 135 2
50 123 1
104 56 1
127 91 2
112 91 1
146 37 1
26 35 3
134 128 4
25 136 2
100 44 1
47 90 4
51 106 4
115 119 1
7 62 3
130 31 2
98 104 1
116 12 2
97 104 3
47 41 2
129 115 4
73 50 1
138 3 4
20 75 1
45 44 2
74 48 4
86 45 4
91 148 4
32 105 2
6 144 4
29 131 2
44 76 2
77 1 3
35 60 1
18 78 3
85 102 3
135 48 4
17 107 1
146 40 3
115 58 2
122 104 3
88 76 3
24 14 3
135 30 4
73 140 3
114 33 3
3 130 1
71 89 1
132 21 4
113 30 2
90 37 3
42 6 1
60 58 4
92 102 2
12 25 1
43 126 4
149 3 4
96 110 2
126 113 3
126 95 3
15 21 3
64 5 4
145 136 2
33 95 3
138 108 2
61 57 1
47 45 4
36 77 4
82 119 2
109 50 1
4 122 1
115 69 4
128 63 2
10 113 2
56 46 4
116 55 3
34 46 1
104 58 3
58 86 1
21 71 4
58 10 4
18 113 4
40 82 4
0 92 3
28 118 2
67 41 4
55 110 2
137 68 4
117 29 3
43 46 1
60 134 2
32 36 1
133 110 2
83 79 3
78 134 3
37 133 3
60 21 3
89 78 3
131 44 4
62 58 1
139 78 4
57 99 3
134 39 2
134 22 4
56 81 1
75 63 3
13 14 2
26 103 2
147 45 1
99 34 4
143 130 4
60 50 3
21 22 3
49 25 1
38 33 1
4 138 4
8 86 4
85 135 3
44 41 2
31 117 1
129 143 4
108 78 3
66 148 1
66 129 4
25 17 1
87 100 2
14 84 3
116 3 4
42 147 2
32 63 2
79 136 4
20 70 3
97 9 2
122 23 2
65 49 3
132 53 2
141 21 3
36 21 4
92 148 3
30 18 3
104 12 4
90 126 2
86 125 1
33 108 3
20 91 2
137 3 1
57 138 1
148 53 1
38 110 2
106 5 1
122 84 3
139 106 4
40 48 4
60 11 3
80 114 4
113 40 4
49 78 2
77 46 2
52 106 4
98 41 4
41 65 1
65 101 1
1 79 3
120 2 1
26 71 2
118 134 1
84 73 4
149 140 3
55 38 4
38 100 2
35 116 3
133 34 4
51 128 4
35 111 2
1 30 1
62 135 4
123 55 3
120 115 4
104 103 3
103 95 1
13 100 4
37 73 4
9 112 4
13 3 2
38 132 4
107 120 4
12 27 4
148 128 2
52 57 3
16 125 1
118 146 4
21 128 4
74 134 3
137 99 1
142 83 3
90 102 1
88 68 2
18 40 2
112 19 2
0 134 4
132 140 3
47 23 2
136 95 2
9 134 4
83 60 2
45 149 4
138 75 4
111 41 1
92 137 3
94 110 4
120 51 2
147 146 4
119 133 1
109 76 3
117 120 1
122 109 3
68 47 1
126 66 2
115 46 1
9 115 1
88 119 4
36 122 3
94 74 3
41 33 4
50 14 1
7 29 2
135 117 4
92 127 3
144 26 2
1 37 3
30 78 4
31 149 2
52 86 4
59 94 1
132 102 3
39 85 2
129 148 2
59 1 4
141 3 1
122 18 2
125 71 1
39 79 1
114 93 2
84 35 1
149 129 1
59 84 1
31 42 3
28 134 1
114 16 2
117 80 1
9 81 3
137 44 1
145 115 1
135 129 1
37 6 4
122 144 3
121 126 2
95 57 3
137 80 2
53 91 3
123 18 4
52 24 2
59 19 3
123 113 2
73 52 2
114 68 3
14 124 3
112 88 3
45 76 4
117 28 3
46 127 3
70 130 4
8 65 4
50 26 1
39 23 4
78 106 3
88 106 3
148 139 4
131 102 1
93 130 2
30 77 2
111 132 3
23 44 2
71 44 1
76 117 1
37 60 3
33 68 1
12 69 3
18 48 4
22 146 2
5 147 3
112 67 2
35 47 4
100 113 2
29 93 3
21 95 1
102 67 4
66 15 2
105 63 3
148 52 4
36 138 3
71 107 3
31 128 3
30 26 3
139 13 1
96 109 2
143 51 2
76 135 4
58 124 4
105 30 4
49 56 1
101 74 3
132 46 2
132 18 3
31 64 1
141 72 1
88 73 3
142 36 3
89 106 3
28 138 1
82 105 1
134 44 2
44 52 1
132 126 2
64 96 2
13 106 3
131 95 3
69 29 1
121 11 4
88 115 2
145 22 2
67 16 1
29 135 3
84 101 4
131 10 3
59 14 4
101 136 4
24 109 2
148 69 1
118 135 4
56 79 4
121 109 1
28 74 4
51 12 4
29 11 3
17 12 2
106 23 4
24 1 3
147 124 2
114 77 1
117 25 1
36 3 2
17 82 3
112 86 2
44 90 3
73 121 1
103 77 2
127 23 1
91 128 2
39 126 3
104 90 4
122 147 3
75 113 2
11 93 1
31 47 2
46 71 1
96 7 4
44 31 2
108 36 4
8 56 4
53 120 1
9 71 1
27 122 2
147 13 4
43 69 4
96 47 1
44 0 3
142 49 3
116 37 1
37 137 4
19 55 2
148 140 4
74 53 2
35 113 3
83 84 3
79 63 3
139 100 2
10 19 3
105 114 2
25 127 4
123 70 1
58 122 2
96 26 2
1 4 1
31 59 1
80 46 1
149 78 4
59 49 4
113 117 3
71 28 2
28 34 1
45 101 1
33 81 3
97 85 4
40 90 2
91 104 2
115 23 4
23 110 3
78 117 2
147 12 1
102 6 1
57 141 3
119 87 4
46 37 4
40 47 1
7 122 2
48 14 2
82 68 1
122 54 3
97 43 3
15 8 2
23 112 2
90 2 3
59 108 4
31 13 3
21 101 3
6 108 3
136 86 3
104 79 1
68 108 4
114 34 4
29 55 2
1 88 2
130 122 2
50 146 2
101 127 2
125 6 3
7 95 4
99 29 3
88 101 3
46 140 1
89 10 3
141 30 3
120 23 1
144 36 3
133 102 2
23 139 4
125 5 4
94 57 1
104 101 2
41 23 4
125 42 3
146 48 2
116 84 4
51 81 1
105 117 1
143 127 1
146 6 1
76 54 4
12 122 2
142 148 2
63 42 4
102 74 2
113 13 2
63 139 2
116 96 4
1 110 3
83 44 3
113 144 2
143 90 1
137 90 2
132 37 1
116 115 1
105 149 4
103 119 4
97 119 2
133 94 2
142 45 3
89 34 4
4 2 2
105 8 4
83 102 3
18 35 1
68 86 4
28 120 2
23 11 1
30 95 1
24 84 2
148 145 3
22 121 4
7 142 3
42 121 2
90 4 4
9 108 1
106 142 1
30 10 3
141 12 3
112 52 2
11 69 4
134 31 2
110 27 1
139 119 3
50 89 4
48 139 4
7 123 1
128 3 2
86 143 3
5 12 4
59 130 2
112 121 4
137 82 4
121 5 4
140 19 3
115 27 2
64 41 3
35 44 2
110 42 2
65 102 2
55 112 2
72 71 3
22 8 4
40 128 3
88 0 1
63 125 4
77 40 4
5 132 3
43 133 4
57 144 4
93 90 1
98 90 2
81 65 1
56 134 4
88 45 2
66 35 3
123 26 4
16 42 1
23 94 1
19 62 4
46 68 2
46 9 3
69 112 1
140 130 4
34 131 2
90 12 3
64 110 3
0 115 4
43 50 1
72 78 1
37 0 1
37 25 4
135 32 1
19 103 2
112 93 2
5 102 1
106 86 3
67 28 2
109 37 4
32 74 2
53 88 1
25 99 3
146 11 4
53 9 3
82 96 2
62 71 2
17 110 2
101 97 1
114 97 1
18 43 2
56 38 4
139 67 3
121 66 4
116 15 4
139 83 1
36 56 3
73 138 4
123 132 1
117 124 2
79 96 1
76 9 1
69 97 3
29 139 2
76 68 4
97 2 3
59 18 3
103 40 4
36 143 2
62 16 4
72 51 4
96 140 2
62 9 2
88 72 4
129 23 2
22 86 2
97 53 4
98 20 4
105 28 4
0 79 1
66 14 4
96 93 1
124 49 4
66 37 3
28 110 1
48 60 2
144 61 1
89 141 4
5 128 4
38 145 2
117 106 4
101 92 2
9 98 4
119 13 3
130 77 2
41 2 3
110 30 2
117 77 4
85 57 4
57 149 4
94 103 3
138 82 1
43 26 3
70 6 4
48 42 4
53 71 3
127 102 4
121 93 3
107 126 1
48 98 1
17 119 1
39 141 3
109 61 3
114 132 1
145 93 3
107 94 3
42 23 4
111 139 2
79 17 2
111 70 2
134 135 2
124 91 4
24 147 3
81 106 1
105 132 4
94 27 1
2 63 2
73 63 1
99 80 3
139 130 1
18 19 2
111 96 1
4 3 4
21 20 2
27 138 3
10 76 3
138 76 1
22 104 3
105 67 4
119 28 1
11 138 2
71 96 4
124 31 4
44 40 2
133 138 2
111 9 3
98 57 1
149 134 3
128 4 1
40 34 4
138 19 3
126 61 1
107 2 3
119 149 3
37 79 3
133 129 3
95 28 1
36 73 3
141 37 2
54 120 3
40 50 3
29 21 1
95 96 4
20 116 4
54 50 3
110 99 1
57 6 2
139 96 4
76 125 3
22 68 4
147 26 3
85 72 3
98 10 1
120 15 3
86 82 1
26 110 1
81 17 3
87 67 2
121 19 1
121 94 2
101 43 3
52 20 1
79 121 1
35 140 3
43 138 3
132 92 1
139 99 1
114 30 3
97 36 3
76 92 2
91 93 3
97 16 3
101 126 2
117 75 2
34 128 1
9 13 3
25 19 2
105 2 3
149 75 3
55 93 2
48 70 1
79 40 4
76 143 2
39 22 1
91 11 2
77 23 1
86 142 3
5 136 1
102 30 2
135 138 2
136 84 3
78 99 3
134 75 2
34 5 4
136 91 3
55 17 4
24 142 4
21 62 2
60 5 1
115 85 2
25 148 4
104 96 2
16 9 2
125 9 1
64 73 4
2 145 4
119 96 4
86 80 2
122 77 2
29 90 1
137 62 3
65 120 2
17 94 4
143 40 4
142 35 4
86 109 2
127 136 4
65 117 1
36 84 2
34 126 1
119 16 1
94 33 3
94 41 2
101 49 4
127 142 3
86 6 2
127 89 3
25 129 1
131 49 1
57 117 1
34 101 4
37 143 4
31 85 1
148 81 4
93 99 3
36 113 3
7 66 1
142 139 4
11 132 3
50 4 3
129 128 2
107 38 2
57 122 2
35 74 3
27 130 1
76 41 4
62 64 2
76 66 2
8 33 2
38 22 3
30 70 2
42 2 4
20 23 4
107 92 3
143 34 4
98 43 1
22 116 4
113 4 2
57 87 1
13 72 3
139 31 3
20 117 3
9 52 4
86 20 4
49 6 4
100 48 4
18 29 2
101 79 2
120 144 3
41 71 3
117 50 3
73 139 4
40 123 2
143 136 1
59 145 2
138 84 2
107 108 1
25 80 4
3 49 1
146 61 3
147 101 3
128 146 1
120 32 3
15 37 1
32 4 4
13 22 3
30 129 1
96 6 3
33 82 4
90 56 2
133 16 3
15 50 1
101 99 2
36 11 3
5 42 2
95 105 4
96 13 3
15 58 4
88 85 1
145 80 3
58 149 2
144 16 1
91 62 4
98 27 3
61 39 1
75 47 1
7 73 2
75 3 2
17 13 4
81 49 1
103 82 1
18 26 2
118 82 2
54 104 2
116 134 2
114 67 4
40 132 2
76 142 2
58 65 2
132 48 1
140 124 3
95 37 3
91 76 4
143 0 1
140 20 1
61 130 2
105 125 1
16 107 3
133 75 4
87 70 2
56 67 4
94 119 4
18 62 2
40 83 3
109 39 1
50 149 4
114 18 1
124 55 2
80 29 1
32 7 1
111 12 2
99 121 4
112 148 1
87 138 2
105 146 4
8 44 2
121 118 4
98 55 4
20 105 1
75 46 2
114 82 3
29 138 2
52 2 3
0 131 1
114 22 2
138 116 3
27 136 1
16 95 4
40 33 1
146 69 1
52 140 2
74 1 4
39 26 4
20 13 3
33 4 1
48 59 2
32 83 2
102 45 2
9 80 4
92 14 4
50 2 3
148 146 2
67 9 2
6 136 4
25 60 2
8 149 1
73 60 4
113 114 2
43 13 1
111 122 1
3 124 3
145 139 1
132 117 3
34 51 4
11 109 3
59 5 1
21 79 2
28 94 1
147 60 4
113 90 4
90 62 1
96 149 4
116 79 3
52 47 4
106 34 1
97 129 2
108 38 2
118 2 2
56 129 3
114 83 2
16 94 2
104 29 4
107 64 2
63 148 4
40 58 1
135 140 1
113 0 1
105 59 3
103 48 2
107 9 2
89 29 4
109 53 4
116 19 4
78 66 4
2 112 1
88 62 3
33 103 1
75 121 1
83 104 2
7 83 2
32 45 2
107 139 2
95 85 4
40 45 4
56 44 4
33 65 4
6 89 1
12 112 3
80 54 1
59 125 3
101 63 2
26 3 3
140 81 1
122 50 1
101 91 1
132 72 1
16 145 2
8 2 4
69 31 4
43 61 3
51 79 1
132 27 3
133 68 1
31 86 2
95 122 3
54 105 2
41 59 2
101 70 3
59 146 4
7 19 2
91 142 1
74 109 4
88 128 2
20 144 2
97 29 2
37 71 3
118 115 3
138 56 3
81 133 2
59 103 2
119 125 2
31 143 4
14 93 1
4 105 1
133 3 3
90 8 1
130 119 3
0 85 1
135 144 1
85 59 3
95 125 4
18 38 1
4 28 4
36 82 2
31 65 2
84 108 3
76 33 1
43 23 4
112 145 3
9 38 4
140 43 2
11 20 1
116 83 3
127 45 1
17 138 4
123 109 4
134 14 4
109 0 4
142 63 3
49 105 3
107 22 1
43 75 1
18 126 1
86 37 1
11 4 4
47 51 1
36 15 2
79 99 4
42 50 3
3 56 3
33 43 4
21 77 4
119 4 3
39 133 1
16 63 1
34 79 4
22 29 2
86 124 2
80 20 2
44 129 3
60 9 2
51 131 2
80 81 2
92 74 4
45 80 2
22 49 3
75 111 2
86 3 3
146 8 2
101 22 1
113 51 1
12 119 2
54 77 3
31 119 4
145 113 1
14 25 1
86 59 4
147 57 4
117 111 3
35 83 2
108 48 1
15 71 2
122 68 1
30 52 1
105 79 4
139 61 3
83 59 1
136 106 2
121 29 1
122 118 3
5 75 3
123 32 2
20 31 4
131 87 1
62 11 4
72 86 2
63 7 3
116 98 4
91 40 4
82 15 4
55 94 2
28 127 3
23 72 2
68 104 1
120 142 4
105 88 3
4 70 4
1 143 3
128 126 4
44 24 2
83 130 3
50 3 2
77 134 3
50 33 3
113 137 2
142 116 1
1 133 3
13 122 2
25 124 3
85 106 1
122 101 4
72 55 3
14 32 3
123 49 2
4 86 1
65 114 1
80 1 1
87 5 2
146 127 1
119 36 4
146 13 1
133 86 3
76 16 2
79 72 3
131 109 4
44 96 1
31 105 2
64 146 2
61 116 2
62 80 2
21 92 4
36 5 2
77 90 3
31 129 4
109 93 1
122 25 2
7 141 2
105 148 1
115 117 4
66 97 1
19 114 1
38 101 4
62 108 3
86 116 4
81 124 3
36 7 1
67 72 4
149 139 1
145 42 4
147 6 4
113 39 3
64 26 4
12 50 3
75 79 3
126 145 1
63 96 1
37 7 2
142 80 3
108 105 4
19 73 1
51 103 3
92 50 2
82 133 2
141 68 2
59 116 2
138 65 4
33 112 2
145 6 1
55 27 2
0 123 1
34 94 4
31 92 4
125 81 2
78 103 3
73 26 2
10 71 1
95 90 3
120 0 1
1 120 3
74 23 1
141 79 3
125 43 2
101 12 3
33 30 3
73 147 1
35 134 4
6 31 2
22 32 1
20 73 1
142 58 3
145 96 4
46 122 4
72 35 2
84 57 4
52 78 3
123 106 2
56 108 4
32 98 3
28 56 4
1 47 3
140 72 2
15 118 3
77 116 1
105 22 1
90 124 2
1 92 4
131 101 2
148 20 4
126 36 3
104 88 1
56 29 4
117 42 1
18 120 1
115 41 2
97 142 3
10 108 2
83 56 3
60 12 4
24 22 1
60 143 1
78 145 2
138 127 3
54 78 3
80 104 2
81 55 2
58 114 3
62 129 1
117 79 3
97 147 4
70 46 4
142 125 4
68 91 1
27 75 2
88 138 3
138 2 3
42 81 1
86 149 1
74 7 2
140 64 1
15 16 2
34 61 4
10 87 2
126 73 1
6 48 2
57 121 3
15 59 1
111 123 1
58 79 3
94 148 2
10 41 4
100 96 3
72 31 4
119 128 4
20 132 2
100 89 3
142 113 1
7 71 2
144 128 2
141 5 2
97 22 3
28 2 1
120 139 1
118 36 2
2 11 2
80 132 4
93 31 1
116 46 2
127 50 4
133 8 1
6 131 1
97 79 3
49 121 1
28 114 2
64 137 1
8 9 1
21 111 2
142 10 3
75 104 4
53 93 1
137 131 3
98 146 3
87 71 1
22 48 2
136 109 4
137 109 2
96 77 4
145 120 3
59 50 2
44 95 2
73 56 1
42 140 1
42 60 3
29 17 1
53 19 1
129 120 4
65 15 3
98 148 1
76 120 2
34 115 1
56 132 1
99 49 2
108 45 3
91 135 3
31 74 2
91 121 1
65 48 2
107 142 3
142 118 1
11 72 1
129 108 3
88 10 2
46 124 1
44 102 4
42 104 3
18 10 2
131 72 4
6 103 1
146 65 3
75 76 4
89 19 4
110 0 1
82 39 4
116 120 4
9 124 1
24 127 2
27 87 3
12 99 2
47 92 1
145 143 1
31 87 1
38 112 4
20 99 2
115 35 1
14 67 1
98 58 2
81 100 1
89 149 1
102 122 2
77 53 2
20 6 3
31 90 4
46 128 2
136 75 3
24 81 4
39 115 1
44 109 3
2 116 1
110 100 3
53 33 3
2 54 2
86 135 3
48 95 3
51 133 4
142 87 4
113 1 1
9 23 1
104 144 3
138 137 4
121 4 1
41 93 4
134 113 4
35 73 4
106 18 1
101 36 3
85 140 4
47 0 3
111 49 1
1 76 3
129 92 3
124 42 1
104 110 2
56 112 2
148 40 3
39 14 3
78 44 1
132 83 1
147 90 2
77 67 4
2 103 2
99 11 3
38 96 3
5 95 1
63 70 1
38 144 1
103 137 2
21 37 3
130 78 4
40 53 1
103 76 3
28 8 2
42 25 1
81 30 2
12 0 1
42 142 4
67 88 2
140 0 4
88 120 1
5 114 2
136 120 4
107 103 3
128 17 3
84 70 3
68 49 4
17 80 4
92 40 2
72 83 4
108 127 3
68 30 4
87 11 1
54 72 4
71 5 2
126 112 2
9 119 3
89 42 2
77 11 4
65 133 1
114 47 4
66 91 4
49 127 4
57 21 4
101 73 1
104 141 4
39 142 4
145 33 3
147 131 2
52 104 2
103 148 1
57 29 2
141 134 1
144 77 1
21 88 1
9 33 2
65 13 1
115 98 3
113 109 1
137 24 3
61 140 4
39 7 4
90 109 4
127 130 4
12 57 4
29 4 1
5 74 4
132 71 2
117 129 4
39 66 2
19 27 4
124 30 1
142 28 1
138 54 1
65 37 2
41 37 1
98 38 2
137 98 1
83 71 2
25 96 4
51 76 4
81 75 2
49 64 4
23 79 4
126 91 4
110 31 2
86 88 3
117 67 2
27 18 4
19 144 4
84 64 1
68 65 1
125 64 2
13 16 4
51 127 3
89 31 2
135 102 3
125 13 4
17 139 1
99 117 2
80 15 3
59 52 2
35 143 1
43 47 2
95 78 3
56 34 2
95 86 1
46 86 4
24 73 3
28 16 4
30 19 2
49 144 3
21 34 2
135 124 4
52 79 4
138 37 2
16 121 3
99 112 2
85 29 1
83 16 4
63 86 4
44 3 2
123 71 3
52 81 3
33 13 2
86 87 3
46 139 1
145 5 2
27 106 1
56 4 3
4 54 1
9 96 3
56 17 1
26 25 1
74 111 1
84 134 1
116 80 4
85 103 4
43 35 2
70 94 3
62 144 4
101 62 1
64 63 4
27 114 1
13 25 3
144 80 2
80 126 2
35 95 4
37 5 3
80 102 3
92 84 2
56 76 1
26 55 4
67 19 1
76 93 1
43 142 4
86 67 4
0 72 3
32 118 3
53 8 1
70 81 4
16 134 4
72 111 4
18 116 2
63 1 1
84 42 3
68 37 3
101 16 1
74 11 2
91 33 4
42 27 4
17 77 4
22 31 1
123 137 2
86 93 2
69 35 4
71 95 4
136 74 2
46 41 2
68 89 3
92 35 4
48 107 2
7 119 3
8 55 3
38 32 4
20 43 1
32 101 1
88 19 2
97 50 2
27 118 4
110 54 4
111 118 4
91 107 1
46 59 2
74 100 1
59 140 3
53 46 4
100 121 3
122 63 1
58 11 4
103 140 2
55 16 1
73 40 2
63 37 2
125 18 2
128 85 4
20 141 1
74 18 1
25 110 2
14 116 2
36 128 1
107 39 3
117 127 3
121 80 2
134 103 1
147 74 2
121 110 3
31 28 4
5 18 1
64 143 1
26 69 4
25 66 4
68 42 1
137 128 4
149 88 4
139 112 3
124 94 3
52 105 1
106 66 2
82 62 2
41 122 4
23 95 1
73 13 3
7 88 2
95 27 1
100 41 1
21 85 1
110 76 2
116 65 1
66 132 4
94 149 3
58 138 2
73 18 1
1 57 4
144 137 4
8 16 4
79 48 2
140 94 4
33 7 2
118 5 1
93 149 2
71 104 4
42 129 3
123 42 2
130 43 2
148 73 1
131 141 4
31 7 2
49 117 2
64 0 1
53 15 2
116 93 2
107 68 2
72 7 1
64 121 2
141 76 3
92 95 1
68 112 4
22 63 3
68 106 2
140 40 2
89 132 2
100 8 3
22 138 3
63 129 1
12 135 4
37 121 3
115 15 3
55 21 4
19 149 4
35 33 3
94 82 3
149 10 4
65 74 3
5 33 1
113 42 1
53 2 1
139 136 4
18 49 3
107 72 4
91 102 4
122 88 4
57 113 4
131 110 3
1 119 4
139 53 3
131 55 1
89 30 2
99 77 1
90 87 3
31 18 3
24 123 4
45 18 3
124 62 2
36 124 1
40 20 3
82 6 4
147 83 1
39 95 3
96 73 2
64 74 4
17 69 1
110 35 3
121 89 2
75 77 3
79 57 4
132 128 2
147 114 4
41 139 3
68 41 3
11 50 1
79 33 4
12 95 3
112 1 3
84 32 1
58 100 4
107 86 4
45 109 4
82 52 1
6 90 4
66 77 1
12 3 4
11 37 2
77 33 3
127 72 3
144 2 1
70 12 3
92 86 3
108 102 1
44 1 3
79 80 3
130 53 3
75 49 3
79 67 4
82 7 4
93 32 1
90 74 2
22 54 3
121 142 3
53 110 3
32 76 2
133 84 1
141 125 4
70 139 4
104 94 2
45 21 1
140 80 3
59 29 4
105 81 1
136 77 4
145 35 2
148 65 4
144 89 3
3 23 4
88 80 3
131 115 1
105 99 3
17 67 1
115 121 4
74 104 3
142 146 1
129 32 2
123 34 1
90 51 3
58 129 2
53 41 3
144 12 3
144 28 3
143 4 3
8 144 4
148 3 4
133 112 4
67 43 2
96 37 4
127 27 3
84 7 4
101 61 2
32 111 3
9 50 2
108 136 4
111 104 3
63 44 2
56 84 1
25 132 1
36 30 2
134 112 1
28 62 2
36 109 3
2 0 3
105 65 2
68 55 4
135 41 2
3 7 4
107 97 2
146 42 3
108 2 4
66 41 4
44 34 3
28 59 3
89 9 4
93 115 4
147 48 4
126 78 1
31 145 1
125 134 1
102 86 3
17 106 2
135 23 1
72 137 3
96 113 2
30 29 1
53 3 1
85 84 4
16 58 4
73 45 4
44 122 4
123 74 1
135 72 4
45 122 3
143 142 1
98 77 1
55 109 3
80 94 4
15 42 4
21 35 2
105 12 4
7 80 2
140 11 2
143 135 1
13 47 3
109 38 3
94 37 1
90 42 4
19 100 4
80 67 1
71 14 2
96 42 2
133 32 3
98 25 4
146 129 2
66 112 1
115 55 1
2 61 4
17 11 2
118 37 1
32 20 4
8 113 2
4 116 3
120 67 3
26 49 4
21 149 1
105 136 4
12 45 4
59 62 2
17 57 1
73 122 2
104 108 4
70 129 3
69 123 2
100 31 3
46 145 3
80 37 2
72 24 2
73 77 1
91 37 2
10 20 4
16 39 1
27 76 2
34 76 4
31 38 1
118 148 2
34 140 4
122 72 3
147 99 4
68 28 2
107 117 3
82 23 3
27 62 3
101 105 2
97 15 2
67 148 4
124 5 1
48 11 3
16 36 1
66 48 3
77 76 3
86 41 1
103 113 4
125 136 3
86 139 2
90 116 4
12 52 4
131 107 2
28 148 1
87 29 4
58 23 3
78 136 3
78 132 4
35 98 1
26 131 2
137 78 2
20 136 2
144 107 2
37 64 2
1 122 2
27 4 2
66 83 1
109 47 1
105 141 1
120 46 2
84 67 4
4 16 2
73 145 3
23 17 2
106 110 3
72 58 4
53 79 1
90 100 1
45 55 2
22 33 1
120 75 3
111 29 3
62 68 2
69 10 1
20 64 4
15 38 2
148 45 4
32 27 4
44 89 3
76 122 2
147 84 3
68 15 1
99 85 2
54 3 3
54 33 3
8 148 4
69 40 3
60 14 4
99 31 2
83 21 4
62 73 2
149 6 1
59 12 1
125 131 3
80 40 4
148 72 1
116 108 4
113 2 1
140 56 3
115 66 1
137 16 1
36 59 4
106 99 4
132 91 1
43 146 4
61 59 3
129 89 3
30 12 1
32 61 3
121 0 4
13 121 3
74 22 1
108 55 3
11 21 2
47 140 3
18 75 3
63 126 3
20 137 4
138 90 3
9 69 4
31 80 3
10 96 3
73 85 1
122 93 2
65 51 3
76 86 4
54 119 4
29 3 3
11 64 3
138 124 4
34 132 1
110 15 2
58 87 2
47 124 3
148 77 3
82 30 4
17 58 2
112 115 3
112 45 2
1 40 1
57 44 3
107 109 3
11 76 4
103 64 1
66 63 1
72 69 2
17 20 1
22 77 3
136 122 4
148 16 4
110 148 4
136 71 4
44 75 1
58 66 2
38 126 1
108 115 2
74 3 1
16 138 4
110 112 2
53 122 4
11 61 4
0 148 3
124 100 3
35 7 1
55 43 2
49 16 2
112 21 3
39 45 2
106 22 1
94 135 2
89 73 1
90 140 2
128 74 2
16 41 3
138 91 4
72 119 3
36 149 3
98 80 4
8 136 3
37 36 2
148 59 4
103 146 3
91 115 3
3 41 3
107 10 2
96 107 3
59 51 3
1 18 3
132 94 1
63 5 1
138 79 2
18 14 2
131 45 1
90 149 2
0 19 4
82 75 1
117 60 3
105 87 2
23 57 2
96 35 3
51 52 3
127 65 2
2 99 2
46 85 1
49 122 3
43 49 4
107 51 3
51 111 4
60 49 2
23 111 4
18 15 3
15 6 3
39 103 3
100 49 1
74 61 1
53 45 4
101 48 3
121 139 2
134 65 3
35 51 3
69 60 4
101 42 2
95 6 2
27 59 3
109 95 2
148 107 2
44 145 2
37 8 3
114 145 3
87 38 2
8 83 2
75 34 1
115 7 2
51 63 1
140 28 1
17 135 4
123 131 1
44 123 2
126 119 4
58 85 1
95 137 4
139 137 4
24 74 2
19 15 3
93 73 4
17 141 2
13 87 3
135 81 3
126 8 1
102 96 2
80 60 3
25 134 2
53 27 1
77 139 2
70 37 2
40 109 1
8 52 4
61 10 2
146 67 2
25 84 3
57 42 1
34 74 2
45 138 2
0 52 1
86 118 3
91 84 2
79 133 1
9 72 2
91 63 4
7 90 1
56 78 3
17 3 1
24 27 3
121 65 1
9 18 2
110 33 4
47 72 4
138 1 2
57 128 2
121 60 1
77 29 3
125 14 1
22 91 1
8 20 1
39 44 4
2 17 4
7 24 3
23 145 1
139 14 3
9 143 1
117 103 1
105 80 3
148 32 3
143 131 2
130 134 2
98 21 3
95 61 3
125 58 3
55 57 4
131 124 3
51 38 3
128 109 2
139 18 4
125 97 4
122 42 3
67 40 4
86 101 1
53 13 1
65 21 1
144 27 1
2 95 2
66 124 4
139 76 3
43 113 3
26 8 4
37 124 3
60 97 1
44 51 2
51 58 3
67 5 4
0 48 1
8 89 2
55 25 3
90 68 4
8 19 4
112 70 1
42 44 2
125 15 1
4 45 3
94 79 3
28 124 3
38 119 4
97 84 2
104 146 4
27 26 1
16 20 3
52 29 1
141 63 4
145 81 3
68 97 1
58 105 1
134 37 2
28 92 1
3 106 4
47 104 4
107 140 1
0 84 2
69 37 1
88 51 4
108 96 4
10 119 1
6 109 2
51 60 3
80 139 1
148 101 1
148 27 2
78 8 1
27 71 3
115 43 1
6 13 1
131 97 4
25 75 3
143 75 4
100 76 3
74 73 1
110 142 1
107 122 1
119 11 3
46 79 1
29 10 1
111 112 3
47 71 2
82 92 1
122 17 1
148 144 1
56 99 4
75 59 3
76 49 1
24 30 2
59 101 4
139 9 1
113 86 4
16 61 2
97 136 3
6 127 1
9 82 4
109 87 4
43 121 3
71 73 2
104 93 3
42 79 4
83 26 1
27 117 2
92 78 3
59 37 2
38 8 1
131 31 3
76 58 2
59 73 2
53 47 4
121 51 4
120 125 3
88 144 2
57 132 1
89 59 1
34 33 4
14 127 1
118 149 4
111 4 2
132 107 2
39 0 4
125 46 1
102 77 3
112 76 3
42 143 3
79 144 3
40 98 3
37 4 3
8 124 1
40 133 4
144 23 3
119 48 2
137 58 4
112 31 2
3 8 4
104 62 1
8 107 3
117 62 1
9 73 2
77 125 3
21 124 2
12 68 4
125 75 4
123 138 4
18 145 1
34 38 2
145 51 3
43 132 3
37 44 1
22 142 3
84 69 1
114 111 1
129 55 3
115 133 2
138 129 2
7 34 1
130 49 1
46 90 1
25 125 4
124 1 3
126 32 3
7 117 3
47 56 1
80 58 4
61 51 3
4 44 3
146 116 4
84 119 1
67 132 4
70 105 2
56 102 1
62 75 3
65 63 1
32 15 3
17 140 4
59 109 3
85 4 1
108 126 3
44 47 1
95 97 2
65 27 4
34 78 4
70 148 1
143 15 1
89 7 1
0 122 1
89 22 4
144 11 1
97 105 2
147 130 2
20 77 1
135 20 3
42 30 2
25 7 2
66 104 2
93 135 1
70 109 3
10 5 4
128 66 2
89 131 4
130 128 4
144 129 3
3 85 1
69 128 3
27 30 4
146 75 3
52 129 4
23 30 2
2 136 4
120 87 1
77 87 4
72 25 3
81 108 4
48 10 2
115 80 3
89 28 3
108 117 2
11 141 4
20 18 2
35 71 2
128 145 4
57 27 2
38 29 4
113 19 1
24 143 1
108 137 2
138 128 1
105 6 2
122 3 1
56 107 4
5 55 2
136 98 3
115 62 4
17 92 1
64 32 1
72 5 1
53 21 2
19 42 3
77 27 3
137 121 3
106 42 3
91 25 4
111 38 4
15 29 3
115 138 4
6 135 3
41 133 2
39 54 4
133 22 4
129 9 3
38 90 2
39 148 1
40 42 3
38 59 4
59 3 1
138 32 4
24 6 1
86 2 1
147 138 1
64 40 2
46 60 4
78 98 3
59 112 3
27 84 4
12 91 3
129 105 3
91 21 3
77 51 3
25 1 1
25 63 2
29 114 4
116 33 3
49 2 3
107 73 2
23 25 4
40 2 4
41 39 2
114 119 3
45 145 1
77 97 3
48 77 3
17 103 3
118 116 1
37 122 2
25 74 3
125 132 4
99 45 4
36 28 3
44 91 4
126 33 1
83 99 2
75 38 4
27 47 2
103 121 1
115 32 3
136 148 3
71 114 1
76 5 2
132 84 2
100 51 3
7 9 1
127 122 2
97 118 1
141 148 3
53 129 1
40 137 3
6 61 1
138 25 1
62 36 1
35 149 1
146 112 2
0 80 3
1 146 1
71 65 4
147 89 4
143 138 1
88 44 3
6 115 2
29 41 3
51 108 2
145 4 3
74 105 3
61 132 4
92 138 3
98 121 3
112 72 2
18 82 1
55 13 3
51 96 1
91 81 3
116 95 1
29 64 2
86 71 4
87 60 2
30 96 1
70 40 3
102 136 4
3 139 3
10 4 1
81 53 1
131 13 1
5 80 1
94 111 3
22 112 4
52 96 2
102 40 4
59 129 3
96 54 3
10 83 3
2 114 3
127 29 3
5 40 3
90 23 3
61 46 4
60 90 2
111 71 3
68 125 4
149 80 1
91 55 2
80 111 4
46 97 2
133 18 3
87 79 4
47 111 3
109 117 4
149 135 4
135 33 4
42 149 2
86 35 2
110 32 4
35 130 4
51 3 3
68 135 2
10 84 1
39 102 3
44 30 1
70 35 2
101 117 4
46 58 2
83 3 3
3 127 1
84 144 1
69 7 3
40 115 3
100 0 4
123 135 1
135 147 1
90 129 1
133 31 2
84 105 1
40 4 4
69 104 4
3 61 1
95 87 4
147 141 3
68 103 1
127 94 3
116 75 1
97 64 4
51 26 3
76 90 1
103 96 2
137 71 2
43 60 2
136 60 4
23 92 2
30 56 2
127 120 1
84 145 4
44 11 2
60 132 2
116 58 1
101 125 3
104 124 2
11 71 2
122 38 4
62 43 4
143 28 4
112 71 4
24 106 3
44 36 3
45 29 1
141 144 4
44 38 2
41 131 4
126 48 3
54 37 3
55 102 3
81 25 3
99 98 2
103 18 2
106 65 4
19 99 3
128 25 4
22 5 1
48 31 4
102 18 3
3 10 1
18 8 3
123 17 2
143 101 4
87 103 1
58 147 4
44 85 1
117 95 1
73 108 2
8 23 3
79 60 3
53 149 4
40 75 4
87 101 1
86 54 1
95 88 1
79 29 2
38 72 1
137 142 1
41 116 4
62 120 4
80 63 4
130 112 2
1 130 4
47 25 3
56 64 4
147 71 3
15 140 3
89 80 3
60 88 3
43 108 2
34 122 4
114 106 4
112 20 4
18 107 3
46 64 1
95 70 3
109 88 4
92 130 3
132 147 4
60 110 2
116 43 2
38 61 4
30 118 4
118 105 3
52 74 2
124 85 2
130 32 1
81 20 2
90 136 2
38 128 1
136 62 3
52 3 4
85 117 3
8 50 3
18 101 3
124 22 3
34 108 2
141 130 1
5 49 4
53 76 3
47 91 2
87 124 2
112 51 4
116 7 2
78 45 1
17 136 1
142 66 3
112 80 4
45 22 2
74 89 4
112 106 4
105 103 1
54 109 1
100 145 2
106 138 2
120 97 1
99 130 1
71 105 4
17 72 4
138 122 1
24 107 3
99 102 1
94 144 1
110 89 3
14 53 1
129 39 2
53 18 1
8 43 4
11 67 3
91 29 1
121 28 3
80 30 3
34 109 4
114 55 2
60 65 3
137 35 4
114 149 2
68 118 1
108 139 3
137 48 2
110 51 4
49 8 2
140 97 1
34 96 3
111 82 1
81 120 3
130 28 3
20 120 1
77 104 4
4 147 3
50 17 1
43 127 3
46 100 4
142 27 4
84 31 1
147 56 4
92 133 3
24 141 1
141 65 1
117 3 2
63 99 1
82 90 4
15 85 4
38 57 4
56 124 4
53 104 4
123 19 2
87 141 4
120 8 4
52 11 4
71 130 1
138 68 4
141 96 2
133 120 3
100 148 2
117 87 4
44 144 2
121 53 3
50 64 1
4 100 4
138 117 4
126 75 1
7 137 3
112 85 3
66 53 3
45 106 2
53 114 3
57 50 1
29 67 1
126 29 4
144 32 4
102 123 4
15 122 4
73 46 4
131 39 3
44 69 2
45 81 1
23 93 1
70 17 2
11 56 3
48 29 3
146 30 3
19 64 3
83 143 2
65 26 4
26 86 2
26 134 4
58 41 2
105 111 4
55 20 3
96 66 1
141 95 1
2 111 4
82 26 1
98 143 4
27 25 1
109 116 3
117 147 4
33 12 2
45 62 3
135 110 4
138 67 2
44 116 1
39 144 3
106 59 3
53 39 4
123 95 3
134 136 3
77 82 4
18 104 1
29 5 1
89 103 3
16 132 4
113 138 4
119 109 3
70 65 4
42 0 2
9 19 2
73 55 4
7 146 3
48 68 4
149 7 4
52 121 4
37 19 1
18 4 4
110 107 3
69 132 3
131 7 3
90 103 2
30 38 3
121 25 3
138 38 1
17 1 1
106 1 1
78 71 2
30 73 2
47 132 2
91 82 4
104 136 4
35 14 3
32 49 1
62 86 1
140 29 2
84 4 1
114 85 3
103 144 2
64 8 3
121 26 3
136 149 4
94 63 1
111 90 3
113 11 3
14 20 3
46 50 3
64 105 3
140 128 4
145 56 4
19 72 1
7 148 3
27 103 1
19 36 2
79 55 2
141 0 4
51 45 2
100 57 4
36 100 1
93 120 3
66 145 4
124 41 2
50 69 2
53 89 3
102 3 2
28 3 1
138 48 4
80 138 4
136 116 4
29 34 4
134 54 1
143 125 2
149 101 2
70 1 1
63 137 2
104 106 3
76 136 2
71 98 2
59 142 2
124 114 4
15 62 1
39 81 1
115 107 3
130 44 3
75 7 3
5 89 1
137 59 3
138 61 3
8 63 1
1 144 1
56 125 4
25 105 3
33 124 1
132 139 2
80 27 3
77 39 2
4 133 2
131 32 4
25 36 2
25 100 1
21 133 1
112 84 4
119 60 3
43 100 3
102 134 1
103 123 4
141 138 3
64 67 4
27 73 3
59 88 1
39 27 3
33 2 4
124 139 1
41 118 1
92 126 3
58 123 4
8 24 1
68 146 2
2 119 4
43 27 4
18 23 1
136 80 1
19 122 2
130 55 4
46 83 2
108 3 4
69 108 1
71 90 4
135 103 1
74 70 2
44 99 1
23 70 3
17 84 2
58 77 2
106 53 4
106 14 1
137 47 1
117 122 2
36 42 1
71 117 2
5 58 4
15 147 1
47 76 4
2 70 4
78 10 4
70 19 3
70 125 1
65 73 1
42 46 3
147 43 3
84 104 4
30 85 1
118 92 2
26 102 1
11 147 4
126 50 4
128 102 2
35 105 3
15 149 2
12 46 4
40 24 3
55 54 1
67 109 3
132 22 2
93 51 1
144 51 2
132 110 3
115 95 2
110 52 1
36 22 4
123 141 2
148 61 2
98 140 2
115 1 3
142 29 2
49 102 2
124 137 1
86 148 3
13 74 2
16 12 3
48 94 2
72 114 1
19 32 1
122 5 4
43 44 4
120 148 2
17 132 4
131 127 3
46 13 4
31 96 2
142 149 1
84 137 2
132 98 4
84 102 3
118 49 3
10 73 1
143 66 4
74 39 4
98 91 1
60 27 3
35 90 3
87 129 3
48 89 1
19 74 2
52 15 2
138 60 3
129 119 3
20 79 2
118 67 1
76 137 2
110 116 4
127 64 1
78 115 2
144 145 3
94 50 2
16 143 1
50 56 3
22 126 2
20 61 2
141 18 4
111 76 2
70 76 3
101 142 1
109 118 4
83 86 3
0 9 1
41 119 4
51 54 2
16 53 2
27 78 4
24 47 1
12 103 1
84 93 3
87 91 3
25 6 3
128 136 4
135 98 4
89 43 1
65 61 1
37 108 1
47 15 2
33 87 2
29 27 3
52 99 4
115 73 3
51 146 3
49 38 1
107 146 1
147 44 2
13 35 2
56 98 2
123 147 1
79 115 2
9 122 2
111 39 4
60 22 3
47 141 3
19 82 1
16 74 4
62 66 3
1 114 1
100 98 4
43 99 4
57 75 3
59 74 3
109 42 1
55 10 1
123 2 2
77 85 3
143 118 3
126 56 4
142 93 2
47 17 1
40 29 4
56 45 1
121 131 4
27 146 3
90 65 3
76 52 2
82 22 3
36 111 4
86 40 3
84 26 4
88 75 4
77 26 4
65 9 1
58 109 2
29 24 1
49 58 2
118 31 3
67 33 2
36 74 3
99 64 4
133 118 1
27 11 3
10 67 3
73 103 2
121 12 2
14 40 1
48 109 2
135 59 4
17 45 4
56 118 4
86 13 1
24 98 4
15 7 1
147 98 3
55 7 4
142 18 1
45 104 4
29 94 3
131 80 2
44 146 4
123 140 3
67 12 1
126 146 4
102 98 1
110 129 2
66 113 3
32 47 3
24 75 2
17 129 1
49 106 4
127 18 4
102 19 1
120 57 1
137 23 1
31 4 2
43 85 1
118 91 1
118 33 2
15 9 2
83 89 4
33 62 2
141 50 3
112 119 4
9 145 3
72 64 1
105 14 1
43 139 1
81 31 1
46 105 3
96 147 2
88 30 2
141 74 3
13 64 2
67 99 2
34 144 2
4 148 1
8 109 4
80 38 2
36 6 1
89 84 1
126 44 1
48 76 1
29 16 1
104 0 1
143 62 1
30 134 1
41 5 1
70 8 1
68 31 4
72 49 3
25 46 3
45 20 2
41 57 3
116 74 4
36 112 3
27 61 3
20 46 1
64 115 4
142 17 3
27 111 4
44 104 4
0 1 2
15 10 2
26 116 4
148 26 1
106 41 2
118 29 3
142 8 4
41 132 1
65 32 1
126 28 1
140 147 3
24 100 1
135 25 1
47 2 2
15 55 1
147 105 4
149 27 1
26 15 3
110 140 3
28 86 3
51 69 3
43 22 1
50 106 3
52 77 3
101 89 2
132 24 4
119 18 2
79 109 4
111 26 2
47 48 1
145 129 2
37 135 4
88 147 3
39 5 4
1 126 2
73 130 3
35 56 2
38 60 4
135 21 1
5 144 2
67 42 3
114 96 4
0 145 2
81 57 2
48 21 4
6 133 4
7 76 1
4 87 1
10 34 2
111 1 1
48 36 3
119 131 1
45 77 2
49 39 1
15 35 4
131 130 4
149 82 2
48 53 1
2 24 4
128 131 3
122 70 2
138 8 1
79 142 2
74 112 1
51 102 4
28 57 3
69 63 2
86 97 2
61 8 4
57 90 3
25 114 3
49 11 4
104 100 3
5 81 4
28 145 1
21 102 3
94 4 2
21 76 4
31 50 2
48 117 4
42 9 2
120 140 1
123 77 2
127 145 1
19 124 4
107 124 4
135 67 3
139 141 2
10 14 3
131 70 2
91 89 4
26 95 3
120 112 1
123 73 1
28 107 1
141 36 4
11 73 1
123 117 4
122 133 1
92 123 1
69 23 3
82 136 2
29 95 3
138 114 4
18 90 1
65 3 1
78 14 3
54 101 2
114 130 4
131 113 3
10 101 1
77 34 4
42 131 2
98 107 4
98 125 3
69 105 1
102 24 2
114 17 4
114 57 4
4 91 2
11 80 4
82 84 3
85 63 3
92 120 1
136 69 1
90 115 4
106 100 3
19 4 4
54 17 2
51 135 3
14 96 3
77 50 2
33 72 2
129 139 4
83 1 4
44 148 2
74 95 4
148 88 1
128 112 2
8 66 2
120 79 3
17 10 3
22 10 4
30 6 2
127 48 3
110 69 4
4 123 4
48 118 4
142 108 4
83 131 1
78 109 1
28 41 1
138 139 3
38 45 1
103 115 4
65 55 3
116 139 1
140 95 2
12 149 1
135 104 3
65 91 2
106 21 1
125 83 4
21 33 3
98 106 1
80 32 4
96 33 3
17 104 2
24 35 4
50 41 1
133 111 2
68 69 2
74 83 1
60 33 2
12 21 4
116 1 1
18 21 1
55 35 3
123 76 2
47 81 3
64 106 4
103 149 1
57 11 2
147 54 2
80 73 2
61 119 2
130 13 4
132 90 2
54 115 3
10 45 4
145 30 1
48 140 4
22 79 1
43 117 4
118 93 1
95 102 1
133 42 4
140 129 3
119 122 4
105 18 4
11 116 3
30 122 1
99 128 3
70 28 2
103 7 1
121 63 4
78 13 2
104 129 3
142 26 1
61 90 2
121 67 2
9 103 3
