11063 150
0 59 4
59 4 1
59 129 6
4 39 6
129 16 3
0 42 8
129 22 1
22 15 8
39 28 8
59 111 7
28 43 2
15 73 3
15 51 8
22 33 9
4 20 5
0 95 4
33 27 8
39 30 3
33 92 8
33 84 9
84 36 7
27 82 7
0 37 1
20 13 8
43 116 2
15 107 4
28 119 9
82 127 5
92 70 7
127 147 9
84 53 1
111 74 6
111 46 3
0 52 5
147 54 7
59 35 3
82 145 5
0 9 1
51 121 3
30 77 7
28 94 7
127 124 3
107 108 1
74 57 3
111 106 8
92 65 4
53 17 5
28 50 4
42 26 3
46 5 1
30 29 4
82 24 3
13 56 5
94 71 9
24 144 1
74 110 5
56 103 3
129 109 5
116 140 3
106 135 5
77 76 6
28 97 1
15 75 5
5 66 4
56 131 8
46 102 7
145 68 4
110 21 6
15 87 6
35 120 7
4 98 7
15 34 7
120 18 2
53 132 7
33 67 6
97 122 6
71 23 5
147 45 5
15 90 4
76 96 5
5 62 2
62 48 1
111 81 7
45 61 9
92 69 1
13 32 3
20 139 3
131 93 1
145 126 1
54 38 3
84 11 5
39 137 8
57 89 9
51 3 3
76 136 1
124 10 8
124 55 6
37 99 8
145 143 3
87 83 2
67 64 4
57 1 9
90 47 6
29 141 9
77 100 2
54 25 2
39 7 5
30 118 8
109 130 7
13 72 4
124 105 2
16 79 3
37 41 6
42 8 5
64 146 1
129 101 2
77 80 8
1 40 6
5 91 7
30 14 8
4 142 4
95 63 2
41 86 4
37 125 6
136 104 4
83 123 4
51 113 8
137 2 3
141 19 9
77 128 5
63 58 8
121 138 6
75 115 3
81 6 2
43 148 8
120 12 6
126 134 9
97 133 7
92 117 3
65 31 7
81 114 6
107 60 6
80 44 5
118 78 1
137 112 2
34 49 9
93 85 9
140 149 4
124 88 6
114 32 3
24 46 3
27 8 2
118 147 3
54 66 3
124 61 4
8 135 2
7 43 1
44 62 4
35 114 3
115 76 3
35 118 1
86 93 3
98 78 3
132 54 2
106 54 2
13 40 1
140 77 2
4 149 4
117 12 3
4 90 2
99 124 1
126 137 3
129 6 4
47 143 2
32 105 3
11 119 2
35 77 3
50 37 3
28 137 1
148 55 1
17 137 1
49 44 2
31 46 2
88 37 2
110 111 3
113 88 2
87 3 2
137 53 2
30 57 3
131 127 4
122 114 4
119 132 3
89 50 2
74 128 4
99 56 2
19 134 2
64 79 1
49 144 3
20 37 2
31 137 3
116 118 2
10 49 2
44 96 2
96 61 4
22 125 4
95 145 4
130 92 3
48 117 1
120 138 1
58 149 1
80 15 1
57 40 3
139 11 4
146 51 4
38 123 2
10 101 2
147 50 1
122 68 1
109 69 2
93 73 3
62 64 3
126 40 4
137 82 4
122 125 4
117 23 4
46 50 2
50 79 1
53 121 3
70 120 4
129 83 4
63 6 2
92 137 2
20 51 1
65 59 4
11 120 1
120 63 4
86 88 4
72 117 3
13 82 2
149 14 2
28 134 4
102 54 2
113 117 4
104 125 3
139 91 3
0 147 4
13 97 2
88 59 3
50 88 1
101 143 1
99 86 4
108 64 3
56 145 3
28 25 4
99 29 1
21 76 3
110 118 3
103 28 4
22 93 3
9 12 3
7 139 4
100 50 3
35 106 3
134 116 1
130 23 1
21 83 1
78 97 3
89 88 4
76 129 3
95 71 2
77 63 1
38 112 1
87 75 3
23 63 4
68 102 2
38 66 3
140 102 1
55 12 4
89 108 3
86 59 2
2 25 4
73 111 3
137 1 3
105 99 4
15 138 3
47 145 4
149 25 1
102 65 1
23 54 2
60 133 4
89 92 3
110 120 4
15 0 3
106 21 4
87 51 4
144 138 1
53 33 2
140 85 4
19 1 4
1 92 1
73 14 1
55 18 3
81 120 4
134 35 2
90 135 2
62 53 2
6 85 2
104 45 4
18 118 2
79 107 3
142 86 1
101 77 1
117 102 3
95 35 4
67 4 3
84 88 2
57 136 1
62 49 2
103 72 2
5 117 1
116 104 1
42 94 2
35 73 3
66 62 1
131 60 2
112 91 2
99 119 4
118 148 4
121 61 2
123 52 4
40 144 4
117 32 1
28 138 1
30 71 2
114 8 1
91 134 1
36 91 2
46 148 4
59 122 3
94 95 4
141 98 1
48 34 2
43 19 3
72 6 3
85 53 2
141 20 1
27 115 1
45 26 3
123 12 1
64 13 1
32 70 4
113 22 2
77 136 4
135 59 2
53 120 1
31 2 3
120 19 1
103 102 4
108 46 2
55 64 2
117 115 1
25 86 2
22 46 4
18 64 2
119 86 4
125 99 2
109 28 4
127 134 3
148 39 4
61 134 1
146 68 1
19 127 2
53 86 2
2 149 3
57 5 1
67 78 3
10 19 3
95 9 1
89 121 3
69 24 3
143 22 3
132 117 3
56 6 3
139 99 1
36 22 3
64 123 4
40 60 4
87 27 1
113 111 3
45 85 4
25 39 3
1 78 1
146 10 4
26 17 4
115 136 3
57 22 2
2 4 1
22 28 3
57 65 2
57 36 4
4 112 4
26 102 4
68 54 3
79 122 4
7 15 2
31 58 3
88 145 1
2 92 3
67 83 2
83 131 4
116 15 4
111 57 1
32 78 1
29 25 1
83 106 4
89 75 3
26 86 1
58 138 3
45 146 3
139 76 1
102 21 1
105 37 4
71 89 4
1 130 4
149 132 4
3 124 4
37 26 4
56 74 3
4 50 3
122 105 2
27 37 2
1 104 1
140 35 3
144 48 2
87 42 2
52 56 3
4 13 2
69 80 4
60 139 2
19 122 1
109 142 3
83 34 1
65 123 2
9 77 4
75 114 4
124 25 3
38 143 1
122 4 2
125 57 4
39 129 4
20 6 1
52 32 3
89 28 3
26 97 1
56 144 1
71 110 2
34 95 1
66 37 1
130 115 4
113 121 3
16 55 1
39 2 2
2 50 4
36 4 2
48 64 1
105 75 3
111 95 1
9 125 2
130 94 2
75 26 2
25 32 1
134 124 2
71 77 4
144 113 4
36 90 4
43 138 3
70 24 1
7 28 3
144 34 3
42 3 2
145 31 1
82 136 4
137 42 2
45 116 3
63 123 2
99 112 1
128 73 2
0 62 2
93 39 4
71 140 4
74 95 4
143 144 3
55 123 4
39 149 4
140 113 4
134 37 3
68 64 2
63 121 2
135 60 1
26 124 4
138 126 4
81 77 3
19 92 4
78 126 3
65 0 2
73 99 2
9 74 3
88 77 2
26 91 3
129 14 2
32 22 4
94 80 3
70 40 4
120 146 2
108 39 2
26 126 3
32 134 2
72 125 2
65 149 2
27 144 4
136 8 1
79 58 2
106 68 3
138 8 1
88 106 1
143 72 4
91 131 2
41 132 2
30 56 4
68 39 2
48 119 1
81 63 4
23 57 3
16 131 2
140 134 3
81 8 1
38 83 2
144 134 3
20 148 1
91 30 2
126 5 3
135 103 1
9 59 3
137 59 2
29 3 2
95 103 4
91 43 1
64 81 1
91 147 4
84 57 3
5 109 1
96 115 1
59 146 4
79 139 4
22 141 3
42 144 4
54 16 1
19 91 3
6 114 4
0 16 4
8 17 4
69 56 2
62 45 3
85 41 1
93 16 2
62 126 3
93 28 3
124 69 2
27 102 4
111 32 4
51 95 3
43 48 1
127 140 1
112 42 3
103 142 3
136 35 4
55 91 4
117 56 4
131 2 4
83 90 3
41 4 1
5 33 1
49 29 2
149 43 1
13 134 3
22 124 3
57 78 4
142 20 1
101 51 1
28 24 2
140 104 1
122 28 3
37 42 3
44 137 1
39 12 4
30 36 1
113 73 2
96 18 2
121 81 4
90 52 2
110 135 3
10 90 2
88 42 4
84 2 3
21 101 4
66 129 4
24 59 1
59 13 3
104 57 1
133 36 1
10 23 2
43 21 1
63 44 3
85 47 4
96 136 1
105 1 3
41 107 2
26 112 4
39 51 4
7 63 4
41 118 4
72 57 4
98 36 2
117 119 3
50 75 3
11 111 1
6 87 2
20 136 3
15 45 2
23 137 4
129 7 1
54 83 2
83 146 3
84 63 2
38 64 4
87 40 3
6 4 1
60 136 1
23 77 4
12 79 1
62 78 1
46 44 1
109 128 3
58 84 1
77 98 2
30 18 4
3 33 4
11 50 2
134 122 3
135 131 2
50 123 1
56 126 2
143 14 1
21 128 4
9 66 3
2 46 2
37 3 2
76 4 2
123 81 2
149 86 1
32 128 2
115 59 4
99 81 3
148 109 3
123 87 2
0 88 1
71 48 1
93 134 3
126 39 1
119 133 1
74 38 1
100 4 4
53 108 3
49 114 3
38 102 4
93 95 3
127 8 4
57 54 3
40 48 4
119 105 1
40 117 4
139 66 4
144 112 4
120 77 2
132 104 4
40 133 1
128 47 1
142 43 1
116 102 1
140 138 3
79 8 4
95 131 3
19 83 1
75 103 1
33 113 4
143 3 1
82 31 2
40 6 4
132 142 3
106 138 3
100 0 1
142 5 4
9 20 4
42 141 4
31 99 2
95 134 4
56 93 3
145 7 2
8 61 3
15 86 2
134 56 2
25 41 3
25 35 2
117 94 4
127 96 4
42 19 2
6 127 2
41 22 1
52 51 4
2 49 3
110 28 1
48 50 3
20 106 4
88 34 2
23 74 2
17 78 1
114 63 3
4 129 1
21 13 1
147 17 4
1 121 1
71 20 1
61 14 2
110 96 2
104 133 4
82 119 2
38 59 4
16 17 1
142 111 3
0 125 1
125 148 2
83 47 1
142 28 2
149 104 2
25 104 4
46 120 4
26 11 1
110 69 4
1 41 2
99 39 2
101 64 1
135 56 1
7 135 4
36 46 1
37 113 4
119 69 2
103 107 2
78 149 3
30 144 4
72 119 3
131 110 4
76 81 4
143 13 4
128 24 3
51 144 4
80 57 3
107 36 4
69 38 3
126 22 1
59 27 2
49 83 4
135 123 4
141 109 4
144 38 3
33 21 2
110 18 3
108 23 3
17 104 2
17 130 4
23 148 4
138 136 2
107 123 3
37 63 4
65 69 2
23 20 4
10 144 3
41 140 1
41 78 2
109 18 3
74 107 1
75 79 1
24 12 3
146 103 4
68 110 1
87 50 4
149 55 1
6 52 2
51 118 1
116 144 4
37 123 4
102 81 2
88 62 3
97 38 1
73 69 2
145 23 2
25 103 2
85 21 1
2 70 3
61 123 3
62 114 1
15 143 2
60 105 2
30 87 3
77 72 4
133 120 4
51 48 1
42 104 4
34 23 1
27 42 1
96 141 3
68 89 1
121 120 3
56 29 3
90 140 2
120 102 1
1 125 4
144 23 4
144 120 3
128 78 4
59 75 3
63 17 2
36 10 2
129 106 4
2 19 4
62 128 3
58 78 3
27 123 4
142 18 4
137 4 4
132 97 1
5 36 1
0 54 2
43 44 1
135 16 3
81 112 2
141 108 1
5 60 1
79 86 4
1 83 2
103 125 4
116 79 1
85 141 1
97 8 1
126 113 2
27 16 4
28 107 1
119 12 3
140 0 1
25 120 4
132 131 2
29 60 2
0 1 3
90 49 1
77 25 1
61 33 4
87 66 2
101 73 2
130 5 1
36 39 3
75 78 1
118 128 1
121 18 3
112 29 2
29 48 1
56 28 4
72 115 1
29 96 2
94 136 1
102 121 3
48 42 1
38 133 1
107 69 2
134 94 1
90 122 1
113 11 4
38 130 4
21 133 2
50 85 3
138 47 3
55 36 3
27 11 1
25 130 1
1 119 3
106 5 2
20 132 3
80 145 1
26 12 2
132 57 3
66 49 2
6 94 4
116 88 3
38 51 1
1 73 1
36 144 2
87 58 4
100 38 2
0 68 1
43 84 1
67 31 4
109 117 1
54 31 3
149 106 4
32 148 1
113 6 2
61 3 3
97 148 1
30 72 4
115 120 2
72 136 1
112 17 3
64 40 4
133 141 3
87 92 2
28 49 3
79 118 4
24 136 1
2 138 1
44 48 2
109 96 3
41 6 4
38 118 2
35 147 4
25 61 2
98 100 2
11 117 3
77 46 1
91 138 3
91 67 3
38 19 2
124 123 1
22 108 3
122 145 3
131 61 3
79 49 2
58 61 1
142 70 1
43 10 4
48 31 2
149 30 2
105 36 3
134 55 3
133 30 3
141 84 4
107 117 2
112 82 2
129 143 4
98 127 2
149 109 1
120 141 4
132 140 2
58 21 4
110 126 1
96 36 4
81 73 3
124 41 1
126 0 3
39 76 2
127 60 2
67 84 1
146 100 1
86 117 3
115 48 2
44 147 4
81 94 3
141 99 3
33 34 2
20 47 2
128 60 1
54 119 1
40 17 3
60 80 1
13 120 2
2 76 3
91 0 4
19 109 3
124 53 1
146 115 3
1 96 4
104 63 3
93 23 3
84 97 3
100 32 2
15 136 1
3 104 3
72 82 4
146 108 1
15 30 3
136 52 2
100 26 4
146 2 1
46 90 2
24 9 4
72 69 2
68 119 3
122 57 2
41 70 2
27 38 3
48 116 1
82 11 4
69 63 2
73 46 1
95 143 4
112 67 4
30 19 4
36 128 1
110 44 3
67 137 4
25 71 1
116 108 2
58 26 2
11 116 4
9 62 3
66 96 4
43 114 2
94 122 4
68 13 1
31 29 4
29 102 1
109 116 3
5 81 1
40 147 4
103 46 1
144 99 2
123 14 3
105 128 3
80 98 3
82 45 2
39 107 3
92 112 1
55 52 4
70 115 3
130 29 4
114 65 4
138 74 3
56 87 1
142 27 1
63 55 1
121 115 2
46 27 1
88 75 2
14 130 2
127 12 1
5 95 2
9 118 3
38 39 2
87 71 4
44 14 1
62 135 4
51 40 3
59 121 1
43 128 4
37 102 3
122 141 4
52 141 2
144 141 1
63 124 1
72 37 1
44 133 4
142 56 2
20 48 2
130 45 3
29 131 2
58 135 3
52 145 4
35 9 3
114 146 1
48 78 1
97 94 3
79 11 4
108 61 1
129 117 2
17 101 2
113 89 4
78 93 2
122 83 2
112 128 3
48 92 2
92 40 2
114 53 4
132 137 2
140 98 2
141 67 4
147 134 1
15 106 1
65 1 4
106 100 4
78 49 3
46 133 2
124 98 4
102 124 4
86 133 3
37 127 1
87 113 4
126 12 4
7 49 2
59 82 4
74 134 4
75 22 3
11 107 3
43 5 4
70 47 2
52 60 1
83 130 4
81 0 3
27 120 1
116 30 4
76 62 2
139 9 3
66 111 2
32 8 1
89 7 3
25 128 1
134 1 2
125 98 2
105 40 2
110 143 4
140 91 4
43 147 4
104 4 4
2 16 1
23 114 3
93 125 3
95 142 1
4 87 4
69 12 4
98 53 2
78 114 4
103 139 1
8 6 4
79 149 3
94 31 1
18 83 3
67 116 3
122 86 2
140 67 2
91 141 3
62 112 1
85 119 1
22 100 2
35 11 2
33 54 1
34 91 1
14 46 4
73 37 1
84 111 2
53 29 1
116 0 4
19 125 1
51 10 3
68 24 3
16 100 2
64 112 2
46 55 1
49 106 1
15 121 3
43 101 3
55 103 1
53 44 2
84 40 1
36 126 1
117 21 3
17 37 4
13 29 3
114 45 1
120 101 4
132 82 1
78 55 1
34 8 2
107 71 2
7 21 3
26 39 3
43 126 1
61 2 1
31 127 3
135 116 3
17 142 1
26 116 1
57 61 2
119 33 1
141 107 2
83 126 3
146 119 4
10 11 1
50 24 4
44 35 2
11 141 2
59 96 3
131 50 3
55 57 1
85 78 1
123 8 3
85 133 4
56 59 2
86 118 3
131 14 2
96 9 2
14 81 4
32 24 1
110 145 4
86 147 3
54 3 1
96 85 1
141 73 2
114 1 1
148 36 1
137 74 1
139 0 4
8 82 3
16 81 3
61 146 1
51 141 3
31 26 4
19 33 3
103 99 3
26 87 3
80 89 4
86 108 3
105 54 4
124 48 1
129 113 1
51 58 3
4 118 3
108 132 3
130 144 2
142 33 1
15 50 2
98 13 4
42 92 1
53 30 2
144 104 1
66 90 3
101 30 3
30 76 1
95 39 4
113 2 4
82 97 4
13 60 4
56 112 2
24 72 2
73 23 3
68 19 4
94 73 2
10 3 2
141 21 3
111 144 2
51 70 3
79 25 3
10 135 3
72 118 1
9 86 3
64 39 2
109 38 3
65 111 3
96 21 4
48 137 1
42 68 4
104 73 1
21 6 1
114 11 2
132 30 1
62 115 2
7 149 3
117 82 2
57 75 1
18 148 1
65 26 3
145 91 2
140 79 3
43 68 2
19 31 2
2 88 1
88 31 1
81 117 4
9 99 3
64 139 4
98 117 4
18 100 3
143 23 3
106 6 2
149 146 4
147 79 4
131 36 4
30 112 2
42 39 2
126 140 4
140 106 1
45 47 3
0 12 2
12 28 4
130 133 3
122 108 1
77 87 1
16 25 4
18 27 3
62 56 1
144 71 2
2 36 2
38 125 3
10 17 1
81 47 3
85 124 1
107 51 2
43 145 2
67 37 3
25 109 4
143 31 2
41 121 1
66 36 4
4 70 4
102 119 2
36 18 2
83 71 1
78 144 4
22 149 4
109 122 1
117 37 1
133 101 3
75 85 3
110 81 2
45 96 2
35 60 2
145 15 4
27 23 4
99 95 3
22 120 2
148 54 3
64 110 4
55 130 2
92 28 4
122 31 3
131 22 3
7 86 2
60 86 4
10 141 2
131 33 1
10 65 3
114 28 1
48 63 2
109 103 3
63 66 3
112 18 4
146 136 3
137 16 3
66 6 4
139 145 2
137 108 1
125 146 3
87 95 1
30 86 2
132 21 2
141 102 4
19 29 2
125 90 1
141 142 1
132 141 4
82 114 1
21 62 4
47 125 4
66 118 1
64 14 1
36 134 3
55 131 3
118 58 4
53 61 4
108 55 2
93 90 4
138 67 2
122 142 2
60 17 3
54 144 2
58 128 3
16 61 4
36 3 4
129 146 3
46 145 4
32 60 1
13 69 4
45 19 4
27 148 3
70 98 4
116 61 3
92 53 4
54 84 1
136 106 3
60 23 2
26 9 4
47 116 1
110 124 3
112 93 4
2 101 1
33 74 1
106 104 2
144 50 3
35 126 4
116 94 2
88 18 3
67 43 4
21 87 2
41 105 3
52 5 1
52 17 2
39 114 2
122 100 4
38 65 1
54 90 2
107 122 4
56 66 4
41 48 4
92 35 1
89 74 2
16 40 3
146 53 2
61 114 2
130 77 3
65 67 4
70 17 4
18 93 2
31 141 2
28 46 4
130 39 4
131 38 4
14 134 4
80 111 4
93 109 3
42 145 4
96 116 4
117 133 2
23 12 4
127 126 2
147 48 1
63 0 1
123 115 4
98 18 1
135 48 4
2 23 3
87 112 4
113 44 1
54 109 3
116 97 2
122 130 4
32 99 1
5 63 2
122 36 1
114 132 4
11 73 4
3 58 3
6 71 3
94 145 2
71 88 3
101 137 2
37 94 4
133 33 1
23 128 4
123 79 3
147 130 4
117 52 3
87 80 3
147 70 4
29 126 2
61 55 1
34 123 4
83 32 1
29 4 4
148 128 2
35 47 3
73 18 3
77 41 4
65 61 2
121 146 4
43 127 4
18 9 3
43 129 2
59 66 3
19 115 3
51 0 4
141 61 4
16 119 2
48 126 4
14 72 2
99 46 3
3 23 2
14 15 2
1 32 2
34 75 4
130 49 1
116 69 1
73 68 1
5 124 3
100 74 4
19 112 4
106 107 4
34 38 4
137 140 3
64 76 2
24 140 3
118 10 3
132 90 1
99 57 3
85 97 4
124 100 4
102 17 3
3 112 3
87 118 2
44 98 1
12 99 3
66 79 4
117 73 3
12 116 1
45 9 4
87 142 3
92 138 4
109 52 4
43 124 2
43 86 3
78 147 3
79 40 3
147 13 2
70 93 3
128 123 3
7 137 3
19 86 3
84 81 1
14 136 4
142 51 2
17 62 1
145 71 2
51 122 2
88 32 1
60 54 2
92 56 4
74 125 4
63 79 3
87 53 2
55 34 2
45 133 3
144 85 4
64 143 4
85 107 1
95 44 4
74 6 3
113 23 1
119 52 2
145 20 3
128 97 4
97 114 4
56 68 3
65 63 2
75 86 3
32 65 2
99 13 3
122 6 3
60 94 2
101 53 1
125 77 1
136 111 2
63 52 3
148 113 2
106 132 2
117 10 4
71 141 1
0 10 3
145 112 3
96 74 4
74 10 3
7 142 2
88 143 2
6 50 2
45 32 3
0 104 4
88 121 3
40 121 1
50 114 4
81 140 3
84 142 3
25 121 1
6 17 2
58 112 4
53 19 4
46 140 1
2 59 3
53 102 3
24 75 4
61 136 2
84 70 1
138 66 4
18 42 2
25 106 4
54 28 3
62 75 2
70 146 2
140 120 3
147 3 1
3 93 1
69 53 4
70 57 4
17 18 3
132 29 1
35 5 4
44 59 4
142 145 3
94 3 1
102 129 3
50 104 3
134 0 1
143 94 2
126 135 4
54 118 4
47 146 2
32 9 1
129 85 4
44 92 3
112 97 4
36 68 3
28 115 1
123 56 3
10 143 1
16 133 1
133 110 2
64 63 3
61 17 4
84 65 1
93 25 2
128 138 3
27 90 4
111 58 2
107 95 3
37 23 1
31 21 4
109 47 4
39 57 4
62 57 2
61 80 2
115 14 4
128 14 2
101 99 3
70 49 1
125 68 3
131 96 3
36 106 1
144 109 1
41 3 4
134 43 4
25 49 2
32 93 4
147 57 1
11 100 4
120 10 3
87 91 4
79 23 1
67 149 1
82 91 1
130 10 4
95 1 2
88 6 2
45 57 2
120 8 3
92 38 3
86 130 1
4 148 4
131 138 1
30 145 1
121 97 4
68 10 4
4 64 4
135 41 1
61 95 3
14 100 2
67 120 4
139 26 2
123 32 1
32 136 4
79 35 4
15 23 4
81 125 2
109 32 2
140 131 3
116 131 1
50 42 1
53 7 2
26 60 3
90 30 4
116 136 3
135 57 3
77 126 3
77 43 2
134 67 3
55 80 2
20 42 3
145 136 3
98 19 4
83 68 2
97 60 2
16 132 3
22 35 3
66 135 1
123 92 4
103 88 1
7 12 4
94 75 4
130 124 4
84 146 3
71 32 4
40 59 2
126 44 2
21 81 4
68 45 4
75 148 2
54 140 1
103 40 2
84 23 2
9 7 2
127 110 2
57 43 1
71 50 4
43 30 4
89 18 4
136 113 2
42 10 2
68 112 2
8 92 2
31 34 3
148 8 4
141 24 3
10 111 1
44 17 2
146 118 2
131 144 1
99 149 1
12 124 1
99 111 2
60 49 4
32 11 1
143 53 2
89 38 3
126 21 2
59 42 2
51 23 1
84 122 2
102 134 3
39 92 1
65 135 4
108 79 4
61 112 2
97 87 3
101 35 2
22 72 3
46 66 4
58 143 3
49 68 4
55 147 3
76 52 4
45 140 4
126 130 1
84 92 2
113 143 1
30 67 2
9 73 4
31 6 1
132 40 1
3 79 3
133 49 3
110 125 3
89 97 4
133 8 3
92 146 1
101 140 4
68 113 1
148 53 4
32 132 3
73 34 2
12 147 2
14 80 2
41 92 1
1 135 2
29 91 2
1 118 4
112 72 3
128 33 2
3 133 4
145 49 3
73 41 1
143 148 3
146 27 1
49 38 1
142 140 1
17 134 3
88 23 1
80 109 1
138 11 1
139 72 3
12 37 4
114 108 2
27 78 1
13 128 4
72 105 4
37 38 3
143 103 2
56 2 4
72 130 1
54 133 4
69 98 1
49 52 2
66 64 2
87 79 1
71 11 2
5 71 4
112 98 2
13 3 3
98 63 1
82 56 3
22 94 2
78 111 3
12 134 2
58 137 3
121 117 4
111 28 1
58 129 1
81 97 1
83 29 3
40 30 2
33 18 2
136 18 3
30 8 1
95 92 4
9 52 1
95 31 2
97 58 2
131 67 3
115 58 4
40 125 3
121 12 3
3 97 1
77 118 1
65 107 2
34 120 3
39 127 4
137 33 4
38 20 4
26 35 4
54 72 2
76 45 2
33 62 3
24 3 2
121 109 1
46 13 1
107 134 4
95 37 4
101 74 4
110 115 2
15 124 1
100 130 1
35 99 1
147 37 3
78 127 2
95 38 1
43 49 2
24 16 3
110 112 4
149 27 3
133 47 3
6 7 2
0 47 1
126 76 4
76 0 4
75 130 4
118 100 1
114 118 3
58 117 3
0 60 2
122 64 3
9 127 1
18 119 1
4 109 4
58 136 3
89 20 3
37 138 4
140 43 3
11 108 2
103 34 3
111 68 2
66 142 3
94 132 1
10 70 2
114 92 1
63 47 3
121 98 4
63 35 1
58 49 2
4 106 3
21 80 3
47 60 3
104 62 1
11 72 1
54 55 3
61 13 3
84 135 1
111 133 3
114 44 4
83 33 2
10 40 2
27 51 4
112 41 1
7 67 3
134 86 4
86 29 1
37 1 2
139 37 4
76 101 4
39 70 2
40 35 1
11 118 1
47 114 2
16 30 4
17 29 3
85 24 2
109 21 4
40 88 3
73 28 4
95 50 1
10 128 4
111 4 4
129 135 2
56 121 4
120 45 4
124 95 4
57 25 4
125 63 1
41 75 3
67 87 1
5 122 4
142 83 2
36 37 1
86 31 1
59 87 4
149 138 4
25 8 3
52 105 3
0 13 4
37 46 4
127 71 4
65 137 3
100 89 1
60 58 1
93 36 2
41 120 4
63 115 3
29 62 1
127 107 2
105 78 3
123 148 1
71 118 1
43 3 1
124 96 1
81 119 2
33 7 3
106 118 4
107 1 2
85 101 2
147 132 1
119 50 2
108 109 2
72 134 1
84 94 4
96 93 1
136 56 4
142 10 4
75 14 4
18 54 2
96 3 2
61 97 3
41 13 4
1 84 1
66 74 1
6 126 1
11 125 4
83 119 1
0 53 4
57 102 4
97 137 4
140 96 1
10 139 1
83 124 2
96 108 4
143 82 2
147 90 1
35 45 3
13 48 3
148 38 4
75 13 4
56 143 4
140 123 4
117 103 3
121 13 2
105 127 1
108 83 2
54 73 4
63 108 4
71 149 2
37 83 3
14 144 2
18 10 4
141 14 1
25 81 3
13 73 2
142 64 3
54 24 3
112 126 2
84 98 4
38 147 3
7 107 1
65 62 1
85 123 3
6 107 2
86 14 3
146 50 1
61 47 2
22 49 2
99 121 1
80 27 2
88 78 3
70 28 4
59 104 4
58 43 1
138 34 3
13 108 2
37 87 4
67 20 4
128 99 3
5 86 4
11 110 4
88 146 4
71 54 4
139 113 1
69 35 3
7 126 3
59 22 1
101 28 4
6 116 4
69 106 3
87 120 3
104 72 2
131 133 4
83 72 1
35 75 2
110 38 1
53 88 4
129 29 2
57 7 2
143 93 3
85 42 3
70 133 2
98 14 3
126 92 3
35 33 3
81 137 4
15 120 2
39 10 4
14 76 4
69 43 2
12 74 3
58 82 1
1 59 1
73 118 3
63 4 4
111 109 2
135 50 4
29 136 4
126 20 4
21 134 1
60 1 1
57 77 4
95 30 3
30 134 4
77 99 2
106 126 4
89 103 3
9 65 2
80 110 4
138 9 2
107 76 1
82 2 2
39 5 4
5 113 4
69 22 4
81 55 1
123 35 4
51 86 3
102 126 3
106 142 2
117 147 4
43 108 2
18 129 2
91 117 4
57 26 3
22 88 1
80 135 4
129 67 4
95 23 2
55 75 2
59 29 3
36 85 4
117 51 3
3 55 4
30 31 1
71 44 1
84 31 4
117 95 2
25 47 3
13 131 4
135 86 2
79 129 1
32 113 2
79 44 2
91 52 2
142 16 1
21 130 1
139 61 1
5 18 3
10 99 3
96 81 3
17 141 4
52 88 3
89 122 3
115 39 4
136 85 2
9 13 1
5 90 1
134 141 2
122 40 3
100 116 1
12 19 2
47 53 4
141 68 4
37 89 2
67 3 3
80 5 1
19 96 1
147 140 4
12 100 2
62 18 2
9 121 4
69 131 4
74 112 3
111 54 3
86 73 1
8 132 2
41 125 2
129 88 3
124 70 2
48 56 4
78 102 2
31 11 4
15 112 4
9 104 1
38 42 3
125 111 3
43 143 4
67 90 1
106 59 1
26 136 3
85 70 2
120 112 3
99 129 3
23 139 4
71 97 3
89 148 3
44 136 1
119 114 4
10 94 3
107 89 2
101 11 4
102 70 1
127 16 3
14 82 4
21 105 3
20 109 4
47 68 2
42 105 4
113 137 2
147 146 3
0 64 1
106 70 1
119 44 2
144 76 1
107 58 1
20 124 1
142 99 4
92 13 2
139 1 2
122 29 4
78 135 4
108 101 1
136 28 3
111 131 2
124 125 4
4 3 2
78 124 2
105 43 3
47 14 3
107 63 3
103 90 2
110 55 4
39 77 2
129 110 2
50 117 4
13 127 1
133 146 1
45 75 1
37 116 1
69 88 4
119 58 3
121 22 3
119 66 4
74 123 4
34 0 2
1 23 4
82 0 2
56 137 2
86 68 3
15 44 1
19 50 1
146 58 3
86 76 3
89 125 3
6 121 2
106 8 4
80 92 2
102 115 1
120 93 2
18 92 2
60 118 2
78 125 3
114 9 2
20 61 4
65 51 4
111 31 3
62 130 2
97 141 4
117 44 1
11 109 1
65 78 4
9 4 2
71 132 2
132 27 2
42 73 2
99 8 2
145 117 4
33 144 1
3 32 3
115 77 4
110 62 3
148 116 4
75 92 4
117 75 2
21 22 2
133 144 2
26 20 2
96 47 3
105 100 3
128 111 3
66 29 4
108 72 4
140 5 2
58 36 1
145 54 3
142 59 4
103 52 2
53 45 1
70 56 2
27 118 4
50 64 4
44 13 1
131 105 3
69 104 3
131 78 1
13 91 3
130 63 4
117 18 4
67 22 2
83 86 1
23 50 4
27 48 1
121 54 2
43 63 2
50 134 3
108 19 4
7 52 2
31 79 4
101 98 2
56 96 3
88 58 4
14 62 3
117 76 2
50 65 1
65 104 2
143 37 3
49 46 1
26 18 1
83 53 3
130 57 3
73 102 1
81 34 3
36 87 2
5 143 3
91 122 4
21 53 1
131 117 3
37 59 1
104 34 3
96 37 3
141 123 2
15 113 2
117 6 4
4 133 1
47 132 2
27 44 3
18 102 3
86 125 4
70 89 3
62 96 2
52 1 4
114 126 2
41 119 4
48 148 1
133 140 3
80 149 2
32 41 2
83 144 3
95 82 3
98 138 4
44 149 3
52 106 4
78 34 1
50 44 1
73 109 1
10 59 4
68 133 4
23 96 1
69 57 2
84 39 1
8 57 1
19 16 1
51 91 3
30 47 3
126 82 1
36 110 4
143 112 4
116 46 2
4 97 2
112 25 4
84 72 2
69 1 3
139 56 1
1 141 2
2 100 1
93 61 1
91 136 1
9 90 3
135 0 2
127 52 3
132 19 2
1 62 4
9 5 1
98 43 2
141 16 2
63 86 2
39 128 3
21 51 1
123 2 3
40 104 2
131 12 1
91 9 2
81 71 1
12 61 3
127 24 2
18 24 4
91 4 2
14 3 1
73 143 2
100 94 2
148 83 4
124 131 2
143 60 2
132 67 2
34 63 1
6 23 4
41 9 2
9 57 3
133 108 4
11 74 3
139 57 3
34 32 3
64 137 1
133 48 4
114 129 3
122 56 2
6 14 3
68 147 3
21 145 2
59 33 1
146 33 4
41 90 2
90 34 1
103 50 1
102 104 4
147 59 4
20 103 1
86 101 2
82 134 2
45 142 1
131 81 1
78 134 1
108 85 1
125 80 3
22 63 2
84 30 1
146 112 4
39 117 3
67 63 4
3 2 4
108 0 4
76 132 3
132 125 2
93 115 1
42 84 2
60 41 2
127 119 4
94 129 3
87 126 1
65 56 2
22 134 1
134 115 1
122 111 3
148 140 1
5 144 2
24 149 2
72 49 1
2 29 4
40 31 1
80 113 4
10 91 1
146 31 1
68 127 1
29 33 2
103 13 3
80 46 4
14 139 2
100 97 2
68 78 3
65 74 1
80 51 2
57 16 3
85 67 3
145 5 2
105 31 3
134 64 1
83 64 1
23 102 2
97 41 4
78 2 2
124 17 4
40 100 3
18 79 3
66 27 3
111 30 2
110 75 1
103 44 2
72 138 1
19 128 1
115 5 2
20 125 3
102 111 3
105 74 4
76 5 4
53 31 2
145 4 3
69 102 4
73 88 3
73 17 1
50 136 3
97 9 1
85 121 3
116 57 2
73 26 4
85 44 4
147 36 1
6 134 1
128 127 1
3 148 2
53 66 3
72 33 1
8 98 4
48 134 4
33 108 4
59 11 4
53 65 4
77 137 1
47 65 3
105 45 2
94 85 4
37 74 2
44 112 2
92 17 3
52 89 4
94 26 4
143 115 2
81 35 2
84 102 4
50 7 1
90 20 4
82 100 3
11 16 3
127 84 1
114 125 4
57 41 4
62 7 2
54 146 2
25 52 2
133 148 2
75 61 3
90 131 4
19 137 3
100 10 3
10 149 3
51 147 3
27 136 2
5 148 2
43 64 3
67 110 1
143 90 3
125 50 3
10 97 4
40 94 4
121 49 2
141 77 1
113 135 1
117 3 1
86 81 2
104 74 4
114 90 1
15 72 4
17 144 4
86 148 2
84 66 4
7 76 4
91 137 2
79 37 3
118 62 1
80 101 4
146 85 1
73 127 3
47 49 4
34 116 4
74 72 4
71 142 2
24 37 3
112 101 4
4 66 1
137 133 3
86 131 3
14 79 1
21 92 2
14 67 3
13 24 2
53 58 4
41 126 3
67 21 4
57 17 4
145 138 2
114 20 4
34 85 1
65 66 2
143 67 2
128 113 1
51 77 2
4 78 4
6 47 2
56 128 1
130 84 4
32 39 4
77 148 1
101 124 2
72 21 3
107 30 4
121 64 3
139 112 3
79 29 3
80 64 2
72 73 3
88 91 3
135 102 3
120 125 4
148 120 1
109 17 1
56 111 4
34 66 3
126 105 1
27 76 2
35 29 4
91 59 1
6 140 4
5 134 2
18 52 2
104 61 3
8 83 1
53 145 2
76 99 2
104 118 3
118 115 1
105 90 2
81 12 1
64 82 1
42 86 2
26 81 4
76 24 4
110 56 4
83 60 2
129 72 1
135 25 1
100 60 2
119 126 4
81 13 2
24 64 1
36 80 4
120 5 2
129 0 2
122 88 4
2 128 1
61 0 4
30 70 1
0 86 1
29 47 2
12 84 4
127 26 2
121 76 2
49 0 3
57 21 3
128 59 4
1 72 3
137 55 2
122 110 1
29 8 2
35 31 1
22 142 3
40 113 4
2 135 3
82 101 2
38 127 1
120 107 1
108 120 1
107 92 2
88 12 4
114 137 3
6 37 1
7 122 2
97 57 1
43 109 2
123 108 3
36 75 3
96 122 4
10 123 4
63 1 4
87 70 2
127 89 4
127 18 3
146 7 4
33 117 3
91 33 4
149 84 4
10 108 2
25 132 1
47 26 3
80 52 1
20 120 3
131 148 2
35 102 1
90 1 1
116 120 1
77 89 4
144 140 4
64 21 4
65 143 4
12 59 4
81 80 4
103 5 4
57 14 1
26 41 1
93 48 1
67 73 1
49 15 3
131 84 2
3 126 1
42 131 1
3 59 1
15 8 1
71 12 2
142 12 1
71 31 4
23 18 3
50 10 1
48 95 1
113 18 4
47 130 2
22 48 2
108 136 2
145 129 1
2 116 2
145 6 1
123 29 4
58 68 1
33 46 3
92 27 2
15 63 3
7 131 4
61 115 3
56 118 3
97 113 4
60 145 4
7 103 3
42 23 4
87 111 1
70 11 3
88 5 3
94 64 2
125 52 3
73 62 2
99 70 2
142 85 1
51 106 1
140 110 4
138 75 3
105 80 4
104 55 1
135 70 2
4 57 1
10 25 3
99 5 3
44 26 1
15 91 1
113 1 2
57 126 1
7 29 3
125 7 1
11 0 2
62 71 3
19 147 3
47 57 1
29 103 2
64 106 1
19 82 3
82 44 3
8 139 3
53 49 4
22 144 2
107 56 1
88 136 2
102 13 3
67 41 3
67 115 4
73 148 4
68 2 2
32 127 4
91 7 3
112 123 1
41 16 3
34 16 1
7 27 4
53 129 1
7 1 1
101 117 3
23 46 1
32 142 2
48 59 2
18 28 4
49 142 2
124 40 2
32 68 1
91 108 1
79 59 2
40 29 4
82 139 3
37 132 1
117 108 1
149 50 2
76 125 2
108 93 2
140 108 2
108 60 1
51 69 1
18 21 4
132 99 4
20 122 1
19 121 3
1 4 4
12 66 1
134 70 2
117 99 3
140 124 4
122 48 1
111 149 4
53 37 4
122 63 2
73 24 1
67 24 2
102 118 1
77 66 1
49 57 2
87 1 1
49 143 2
35 62 1
104 43 3
57 63 3
118 92 1
85 4 2
50 145 4
9 101 2
140 97 1
51 82 4
84 137 2
17 51 4
122 9 1
92 104 4
120 43 3
37 110 4
13 50 2
10 110 4
85 89 3
133 11 4
146 62 4
46 81 4
78 45 4
147 122 2
108 24 2
58 92 4
35 52 2
147 138 2
1 9 2
36 48 1
83 4 1
128 68 4
83 75 3
131 100 3
33 78 4
88 24 4
113 107 1
0 3 1
4 71 3
146 127 3
12 85 1
78 138 2
52 15 4
118 96 1
56 33 1
35 68 1
14 83 4
103 131 3
109 29 4
50 106 4
104 111 3
144 86 3
33 105 2
24 138 1
16 35 1
114 71 2
94 13 4
10 52 1
49 101 1
144 129 3
117 55 2
100 80 4
146 32 2
141 70 1
30 65 4
2 103 3
110 52 2
87 144 1
141 50 1
12 34 1
3 138 3
8 18 1
115 50 2
16 123 1
121 100 1
34 58 3
86 62 4
135 124 4
38 111 4
32 43 3
11 103 4
114 98 1
119 110 4
110 51 4
149 89 4
43 20 1
78 47 1
60 43 4
11 77 4
119 88 1
97 54 2
76 145 2
78 90 4
134 123 1
144 75 1
15 102 4
25 94 1
129 65 4
133 55 2
22 62 2
32 149 3
144 46 4
147 41 3
104 56 3
102 130 2
75 72 1
77 44 1
85 73 2
117 71 4
30 120 4
98 16 3
149 38 3
43 83 2
75 136 4
47 126 2
65 131 3
125 112 3
101 79 2
138 113 3
101 139 4
104 94 1
37 120 3
142 130 1
94 127 4
39 101 2
46 100 1
145 137 1
125 127 4
124 2 1
2 10 4
11 51 1
54 74 2
109 107 1
68 92 2
40 52 1
20 105 1
75 27 3
20 127 3
83 125 2
52 4 1
17 120 4
18 139 2
57 53 1
54 143 1
62 58 3
90 148 1
10 6 1
145 2 1
90 133 1
70 139 1
134 135 4
122 2 3
130 65 1
121 105 3
23 112 4
118 85 3
8 60 2
114 16 4
6 54 1
49 126 1
133 18 2
105 143 4
0 105 2
13 37 4
70 122 3
79 10 3
146 128 3
109 86 4
35 109 4
102 92 4
52 98 1
64 20 2
73 95 1
83 62 4
141 147 1
113 106 2
127 77 3
137 98 2
0 112 2
40 66 2
108 32 3
57 120 1
107 73 4
94 89 4
139 59 2
66 85 4
37 137 4
66 133 4
135 33 2
128 34 2
91 144 2
45 134 3
59 41 4
76 44 3
99 109 1
109 55 1
52 135 1
128 102 4
103 98 2
5 65 4
43 90 2
80 90 3
97 138 3
97 135 4
21 94 2
66 60 2
92 54 2
20 15 3
147 116 2
85 33 4
140 16 3
28 13 4
122 121 4
47 91 4
117 26 4
54 51 4
134 29 2
60 140 3
10 31 4
4 14 4
147 135 4
48 24 1
138 117 2
114 93 3
119 77 2
146 96 3
109 97 3
14 117 2
118 144 1
70 73 2
111 42 4
108 62 4
17 68 2
44 140 3
22 90 2
23 21 4
70 42 1
27 72 1
22 55 1
117 63 3
30 22 2
50 96 3
55 96 1
96 39 3
25 144 3
19 27 4
100 112 3
111 48 2
125 43 4
107 44 4
130 118 3
6 53 2
111 52 2
41 131 1
125 5 4
142 135 1
69 82 4
129 21 1
76 70 3
9 23 2
35 115 3
20 91 3
91 3 2
103 31 2
98 28 2
47 120 1
66 26 1
135 114 4
25 73 4
135 45 4
13 2 3
13 51 4
63 70 1
107 146 2
35 13 3
41 93 4
122 95 2
149 56 1
32 84 4
9 92 2
122 138 3
58 124 2
80 24 4
80 103 4
97 15 1
38 45 2
95 123 4
40 78 1
29 12 2
64 96 1
148 101 3
89 21 2
33 97 3
130 110 4
47 43 4
142 126 2
113 102 3
56 102 2
126 123 3
91 110 1
39 134 4
104 24 4
43 82 1
94 29 3
6 92 1
118 34 4
98 129 1
55 21 3
84 143 3
16 60 3
139 3 2
134 34 3
104 146 3
77 5 4
147 53 1
90 62 4
27 13 3
121 55 1
124 87 2
84 85 1
28 88 4
21 146 2
121 17 2
19 133 1
41 64 3
126 74 4
138 105 4
70 20 3
89 10 1
90 91 2
118 141 1
136 73 2
111 20 2
17 38 4
12 64 3
104 31 4
146 26 1
38 117 3
9 11 1
38 50 1
93 30 3
51 19 3
144 123 4
18 34 3
96 65 4
94 118 3
12 103 1
6 77 3
0 113 2
106 10 2
104 58 2
33 124 2
92 61 1
1 33 1
26 98 2
41 18 1
111 36 2
114 99 1
69 101 3
19 7 1
98 133 2
132 17 3
134 38 2
145 69 4
14 49 3
149 136 1
73 92 3
70 62 3
109 68 2
133 31 1
19 63 3
29 42 1
39 69 2
60 123 1
64 100 3
89 115 2
77 139 3
69 7 1
36 145 4
57 32 2
117 46 1
102 71 4
20 39 4
36 13 4
78 99 2
96 49 1
34 114 3
9 120 3
124 27 4
112 75 2
55 31 1
136 23 4
84 29 1
1 39 2
116 50 1
141 27 4
119 141 1
30 23 1
48 94 3
36 99 2
134 73 4
54 29 4
56 8 1
15 48 4
40 75 4
117 139 4
113 79 4
67 1 1
116 90 2
16 71 2
32 35 2
44 100 2
115 133 3
126 124 2
149 148 3
116 35 1
17 65 2
70 130 1
37 91 1
3 35 4
80 53 4
42 117 2
56 9 4
86 28 2
23 25 2
80 136 2
101 90 1
37 21 4
60 149 2
80 67 4
111 16 4
48 141 2
147 52 4
49 134 3
56 61 4
105 148 3
51 127 4
11 2 1
28 14 3
51 49 4
70 15 4
7 14 3
147 6 4
84 48 2
85 120 4
93 80 3
80 132 3
126 54 2
130 74 2
76 60 2
33 86 1
140 115 3
1 75 1
13 47 2
110 97 4
16 50 4
64 49 1
79 41 4
25 58 1
82 109 1
104 100 1
90 11 2
61 143 1
116 99 1
1 12 4
49 17 4
66 123 3
46 131 4
67 104 4
125 25 3
135 146 3
79 15 4
54 20 4
86 64 2
106 71 3
98 87 1
55 10 2
14 99 3
110 103 3
45 56 4
62 94 4
121 123 3
140 118 3
46 69 2
43 15 2
95 57 4
17 66 3
39 82 1
32 23 1
79 61 3
46 118 1
126 42 2
140 129 2
19 46 2
77 142 2
60 117 3
116 38 1
54 26 1
113 42 2
122 12 3
97 18 2
130 44 1
148 95 3
139 114 1
91 16 3
43 100 1
99 120 3
131 47 2
24 52 2
68 75 3
119 94 4
76 141 3
84 52 1
139 44 4
36 61 4
11 39 2
100 132 3
88 111 2
148 10 4
103 42 2
133 107 3
33 82 4
59 117 4
42 75 3
31 41 3
92 90 4
94 4 1
46 72 2
144 132 4
125 3 1
8 134 1
46 17 3
87 136 3
65 109 3
92 71 1
82 140 2
26 92 2
90 61 2
139 16 4
64 144 2
12 80 3
108 98 1
18 16 1
59 54 2
1 140 2
8 35 3
105 12 1
148 11 4
138 25 1
76 143 1
19 105 3
1 88 1
135 109 3
97 49 1
15 140 1
115 51 4
25 96 1
28 84 3
100 73 2
49 138 2
73 138 3
107 115 2
71 15 1
33 10 4
56 0 1
16 78 3
147 47 3
21 24 1
148 138 2
120 114 4
101 106 4
125 95 2
45 132 4
149 5 4
109 95 2
82 5 2
84 140 2
105 58 2
53 24 4
93 72 1
92 110 4
11 130 3
127 112 4
148 12 1
66 115 1
31 68 1
142 149 1
125 26 2
60 95 1
32 139 2
49 94 1
27 143 2
14 96 1
104 75 4
89 82 2
106 94 1
29 11 4
118 19 1
30 54 2
135 85 1
103 133 4
107 112 3
79 105 3
8 33 1
113 94 3
146 16 2
137 110 2
31 51 3
32 26 1
135 122 4
96 120 3
60 141 3
78 18 3
2 80 3
11 145 3
1 61 2
82 57 4
139 110 4
117 19 1
103 96 3
108 100 4
17 33 1
106 61 1
48 9 1
94 79 4
134 4 2
73 65 1
119 3 4
88 148 4
123 97 3
138 50 1
84 56 3
118 88 2
137 89 4
136 143 4
3 74 2
40 149 2
39 122 1
17 126 1
50 55 4
84 14 2
70 128 3
135 118 1
6 15 4
43 144 4
131 104 1
92 132 2
72 65 3
20 99 1
95 127 3
78 92 4
54 86 2
14 68 4
14 19 3
29 0 1
62 3 4
60 39 1
16 56 2
22 23 4
122 37 2
65 85 4
87 28 1
133 147 2
144 65 3
58 4 3
78 5 4
48 0 1
123 117 4
64 115 3
118 112 4
116 71 2
126 53 4
18 124 2
110 109 4
39 86 4
38 63 2
65 142 4
105 62 1
145 34 2
148 137 4
53 96 3
63 39 4
133 126 4
29 135 1
16 65 4
124 49 3
84 20 1
85 131 3
1 108 1
91 120 1
103 127 2
2 41 1
111 103 3
64 2 3
101 114 2
41 44 1
53 75 3
118 28 1
33 36 1
140 40 1
45 112 1
139 106 2
100 147 3
0 90 2
75 84 4
127 15 2
144 84 1
88 13 3
66 102 1
5 138 1
75 107 3
149 64 4
103 18 3
17 106 2
40 148 4
132 128 4
89 132 2
6 144 1
126 28 1
13 126 2
18 37 4
133 39 1
65 54 3
125 39 2
106 66 3
98 73 2
111 141 3
25 99 4
28 34 4
104 88 3
132 56 2
146 22 4
8 128 3
79 95 2
144 70 4
120 95 2
83 63 2
102 144 3
76 6 2
56 23 2
17 42 3
27 88 3
48 72 1
47 54 2
11 41 4
27 105 2
84 95 4
64 119 2
119 148 4
81 148 2
99 28 4
3 72 2
80 18 2
44 38 1
86 21 1
3 69 3
77 40 2
28 40 3
34 26 3
131 119 1
22 79 2
91 79 4
34 115 4
148 107 1
62 120 2
120 50 2
104 80 3
86 128 3
63 147 3
140 117 4
110 22 1
19 26 2
5 79 2
97 76 3
139 40 2
48 128 1
148 111 1
79 71 3
58 125 1
119 125 3
125 21 3
47 110 4
121 26 1
52 22 4
83 97 2
71 128 2
115 46 3
7 16 2
60 98 3
86 115 4
97 20 3
85 5 1
74 88 4
30 129 4
24 63 4
113 91 2
107 26 1
57 108 2
112 89 4
61 130 2
30 6 3
90 134 2
133 29 4
115 11 3
133 32 2
92 101 1
123 101 3
5 89 2
7 70 1
104 87 2
58 85 4
86 95 2
20 1 2
34 74 4
1 44 2
52 134 4
22 104 3
86 67 2
110 20 1
129 137 2
113 77 2
98 25 1
59 89 2
142 105 1
121 34 3
65 132 3
99 4 4
104 124 4
71 109 2
111 117 3
89 60 3
64 53 3
107 43 2
141 40 1
115 20 2
128 27 2
74 90 2
112 71 3
39 89 1
15 54 4
93 45 4
136 30 1
116 93 1
14 1 2
23 29 3
89 19 1
36 89 1
118 81 1
134 136 4
132 26 3
127 28 1
56 24 1
119 24 2
48 25 1
18 134 2
120 136 3
25 1 3
25 50 1
54 50 1
56 109 3
21 99 1
113 96 4
22 123 3
11 28 2
51 64 2
88 107 4
145 67 3
61 26 1
11 128 4
66 112 4
28 77 1
32 18 1
78 76 1
123 53 2
74 113 4
56 46 2
113 61 2
144 39 1
40 74 3
98 104 1
17 58 2
109 3 2
148 142 1
109 42 2
126 66 1
10 60 1
140 87 1
92 66 1
11 104 2
97 149 4
133 102 4
102 132 1
1 68 3
149 143 3
89 136 3
144 80 4
2 17 2
144 11 1
68 7 2
119 97 3
18 115 3
148 72 3
99 148 4
4 138 3
47 84 3
123 136 1
34 122 2
17 138 1
86 92 1
138 57 1
97 80 2
123 145 4
135 136 2
145 72 4
43 93 2
72 25 1
21 124 3
98 62 4
121 92 3
76 93 3
141 53 1
104 110 2
28 42 1
76 84 2
36 21 1
47 69 1
69 97 2
125 138 1
104 141 2
19 131 1
106 133 1
99 47 3
4 5 2
72 67 1
146 71 2
54 107 4
45 4 4
92 29 2
82 46 2
10 80 4
39 102 2
93 144 1
135 92 1
31 70 1
14 34 4
45 39 2
101 72 2
141 44 3
44 3 4
107 27 1
36 146 3
122 60 1
42 35 2
138 82 4
37 10 1
123 6 3
88 108 3
16 42 1
130 143 4
76 87 2
140 3 1
141 145 1
97 95 2
116 103 4
23 119 3
90 76 1
132 79 2
2 110 4
131 102 1
78 50 2
52 37 4
119 139 3
67 76 1
10 88 3
82 3 2
21 69 1
81 31 2
12 135 4
132 111 2
111 79 1
77 103 4
7 78 3
113 54 3
93 5 3
5 146 3
31 50 1
18 143 4
92 141 1
136 133 2
86 18 1
70 97 4
12 75 3
12 25 3
12 21 4
102 91 2
93 55 3
4 128 1
105 116 2
139 74 4
95 25 4
59 80 1
32 126 1
128 135 3
38 60 3
91 65 2
22 132 2
89 93 1
105 3 2
81 17 1
43 71 1
142 57 2
9 137 4
90 149 3
110 13 1
108 87 2
47 119 1
72 45 1
1 120 3
81 85 4
59 81 4
43 133 2
143 11 4
106 53 2
58 98 1
143 125 2
26 67 4
79 138 1
105 110 1
1 144 1
35 64 1
121 11 2
139 28 1
25 43 1
100 125 4
20 11 3
144 90 1
24 29 3
74 22 1
137 72 2
37 100 1
63 30 2
147 107 4
141 8 1
84 44 4
124 60 3
90 19 4
10 4 4
147 34 1
123 42 4
19 106 2
86 44 1
36 141 1
75 93 2
136 139 1
82 78 4
63 129 1
11 97 2
135 39 4
92 14 3
64 1 1
104 2 2
16 15 1
146 124 1
118 113 4
94 78 4
57 29 2
107 137 4
94 74 4
7 100 3
31 59 2
4 0 2
9 82 2
80 16 2
60 64 4
90 69 1
9 47 1
46 98 3
122 106 3
79 24 2
95 80 2
16 63 2
74 16 2
106 65 3
42 128 2
11 49 1
42 15 2
94 101 3
75 97 3
104 33 4
58 127 2
131 15 3
56 127 2
134 79 4
21 139 3
127 87 4
98 82 1
63 112 3
15 109 1
96 72 4
31 117 3
89 131 1
70 110 3
34 21 4
25 69 4
69 33 1
104 85 3
37 62 3
35 71 3
97 143 1
85 27 3
22 64 3
92 103 3
135 79 1
55 28 1
60 2 1
42 40 3
11 13 2
95 49 2
111 0 2
145 64 1
9 8 4
32 96 2
56 89 1
46 113 4
51 72 3
102 100 4
76 35 1
55 69 1
79 143 1
63 102 2
88 11 3
71 51 3
72 42 2
117 7 1
28 53 4
149 141 4
9 78 3
122 81 3
108 139 4
95 55 4
6 130 3
89 33 4
105 145 1
45 18 2
119 35 3
50 26 1
68 50 4
137 124 1
111 97 3
67 88 4
71 134 2
125 8 4
12 149 3
99 131 4
74 84 3
9 100 3
48 91 1
22 66 4
59 149 4
73 57 3
58 19 4
40 50 1
110 144 3
10 64 3
82 142 1
88 144 3
43 132 3
89 23 1
26 118 2
6 98 2
46 1 1
4 131 2
48 110 1
31 106 1
44 40 4
105 56 1
106 56 3
13 101 2
118 133 4
142 123 1
147 115 2
69 50 2
27 36 2
39 98 3
5 44 4
79 146 2
48 46 3
35 10 1
80 140 3
81 98 3
6 36 4
90 99 3
52 131 2
142 96 4
143 86 3
109 79 4
39 87 4
18 67 2
82 42 4
52 128 3
53 48 2
58 116 3
74 82 4
105 114 3
63 8 3
62 129 1
29 106 2
18 95 2
41 113 3
49 21 4
27 114 1
5 58 2
132 11 1
143 21 4
140 21 4
30 79 4
118 74 4
57 103 2
66 44 3
16 108 1
28 9 1
39 52 3
58 41 2
54 110 2
72 127 3
89 114 4
72 59 3
18 39 2
56 27 4
118 32 2
70 13 3
137 43 4
75 77 3
50 32 4
57 106 2
121 71 4
4 7 1
91 22 4
146 39 4
142 68 1
4 43 2
90 129 4
13 148 4
31 115 4
95 29 1
79 88 4
126 111 2
57 98 2
58 102 4
134 84 1
42 65 1
18 149 4
126 147 1
124 79 4
98 17 3
17 108 1
51 99 2
6 124 2
51 73 3
77 133 1
35 121 3
127 102 1
84 125 1
110 45 4
44 99 2
60 101 3
135 119 3
98 85 1
29 55 1
51 149 4
114 60 2
25 116 4
101 142 4
135 55 4
120 74 2
117 41 3
98 24 2
117 148 4
104 21 3
84 117 1
103 30 3
120 94 3
122 3 1
42 79 1
140 30 1
120 109 4
10 27 3
103 132 3
143 20 4
96 114 2
80 88 2
43 112 2
140 19 2
6 28 3
136 92 2
101 102 1
93 51 1
0 55 1
97 34 2
37 142 1
74 97 3
6 83 4
62 84 1
129 132 4
110 86 3
86 57 2
110 146 1
34 13 2
40 131 1
108 20 3
59 45 1
105 29 1
76 138 2
9 109 4
28 75 1
70 0 4
111 93 4
124 90 4
32 85 2
144 146 4
112 124 3
140 88 4
129 23 1
117 137 2
9 42 4
139 88 1
139 58 4
12 92 3
69 71 3
54 42 2
11 52 2
56 71 3
113 16 1
16 66 3
105 109 4
25 64 4
130 108 4
38 40 1
148 110 2
71 122 2
12 146 2
92 120 4
116 81 3
132 3 3
79 125 3
42 52 1
22 16 1
16 130 1
146 142 2
141 55 1
19 80 4
19 54 1
19 0 4
62 125 1
15 1 4
134 128 2
95 3 3
43 123 2
26 108 2
128 26 2
147 112 2
99 89 2
40 3 2
143 71 4
25 119 2
103 144 4
77 7 4
54 112 3
24 43 3
60 28 3
43 99 2
61 122 4
123 91 3
126 63 3
25 97 1
50 98 4
44 105 4
105 66 3
136 125 4
18 145 3
119 22 2
92 116 4
81 147 4
128 41 3
134 108 4
88 33 4
137 103 3
80 137 1
33 96 2
55 74 1
91 49 3
13 80 1
144 125 2
88 102 1
141 64 4
60 3 2
69 70 1
103 147 4
42 30 4
24 145 4
123 132 3
141 25 2
143 80 1
94 140 3
104 126 3
141 5 2
66 11 4
64 56 4
56 35 3
91 142 3
100 63 1
27 100 4
77 53 3
72 20 4
107 12 1
147 114 4
46 128 2
65 121 4
73 19 3
135 93 2
129 107 3
128 93 1
17 118 2
70 104 1
93 27 1
18 13 3
84 145 2
25 83 3
47 136 2
61 7 2
79 120 4
83 94 1
107 5 4
103 145 1
91 95 2
81 61 2
13 74 2
6 2 3
54 4 3
6 99 4
106 80 2
37 86 1
106 117 3
62 40 4
15 28 3
76 98 1
59 100 4
127 4 4
136 140 2
94 63 1
52 120 2
0 25 1
11 55 2
89 76 3
114 67 2
4 49 1
43 52 3
39 62 1
1 54 3
80 85 2
51 98 2
89 120 4
97 105 3
35 144 3
98 1 4
97 14 2
102 44 3
21 8 4
78 6 1
95 136 1
69 34 2
107 121 1
0 79 2
69 146 4
112 60 2
103 140 3
140 61 3
3 128 2
130 8 2
27 24 2
2 99 3
37 48 1
34 47 2
19 142 1
149 118 4
43 96 4
52 12 1
132 101 1
108 84 4
123 31 2
113 69 2
45 148 3
130 82 2
121 144 1
121 5 2
107 143 3
51 1 3
59 126 3
31 110 4
120 123 4
132 78 4
123 33 2
0 124 1
12 111 1
138 52 4
19 22 3
47 74 1
71 131 3
98 92 1
59 46 1
127 54 2
6 79 1
49 118 2
62 109 3
90 112 2
27 74 3
80 38 4
41 104 4
88 81 4
38 103 1
121 66 1
29 114 2
68 4 4
80 121 1
40 20 1
110 114 1
4 126 2
104 114 2
149 37 2
23 33 1
62 124 2
128 54 3
85 111 2
147 39 2
92 22 1
100 47 4
106 13 4
97 101 2
126 131 1
17 54 2
131 109 1
75 56 3
2 55 4
115 6 1
119 79 1
38 73 3
65 117 4
43 17 1
31 149 4
81 103 2
31 126 3
89 8 3
126 11 1
48 65 3
77 93 3
106 145 4
81 106 3
107 18 1
35 97 2
35 53 4
121 79 3
123 100 1
117 97 4
116 16 1
113 3 4
101 116 4
81 49 2
9 76 3
129 26 1
8 69 4
88 48 1
52 23 2
98 38 3
33 38 1
8 7 2
111 112 2
53 15 3
52 112 2
86 8 3
147 11 2
20 131 4
69 15 2
60 59 3
41 98 2
53 34 1
142 94 2
40 118 1
2 93 3
102 80 3
79 97 1
30 3 2
68 120 3
123 71 2
97 40 4
143 28 2
127 14 3
111 43 2
32 28 3
100 134 4
92 82 1
42 96 1
29 115 2
25 19 2
66 30 4
70 113 3
137 95 2
61 142 3
4 105 3
24 31 2
118 8 1
103 149 1
41 100 1
114 18 3
14 122 4
126 73 3
80 118 3
86 66 2
113 98 3
61 83 3
129 49 1
45 13 4
147 26 3
107 32 3
132 95 3
99 34 1
106 46 3
46 20 3
59 130 4
71 85 1
14 132 3
120 90 2
13 5 2
76 116 2
43 76 4
64 88 3
65 139 4
110 1 4
108 80 1
126 68 4
50 129 3
145 63 4
72 124 2
82 122 4
110 9 3
62 121 1
79 1 3
44 74 3
116 40 4
70 107 3
107 114 1
26 74 4
15 129 2
49 56 1
59 120 3
101 45 2
25 67 1
143 127 2
20 0 4
90 86 3
86 12 1
25 145 2
99 140 1
24 8 2
44 37 1
62 117 4
118 61 1
55 116 1
96 52 2
125 131 2
125 106 2
47 108 4
92 37 2
143 147 3
94 72 4
99 135 1
61 127 3
112 1 3
33 116 4
141 135 3
46 114 3
78 61 2
100 23 3
33 64 4
48 109 1
74 30 3
85 26 4
41 24 2
80 48 1
41 53 2
64 132 1
61 149 4
144 94 3
58 103 3
30 100 2
21 5 4
13 22 3
129 11 1
4 48 2
69 77 2
58 9 1
51 41 2
70 82 1
148 139 3
41 145 3
33 101 1
6 111 3
64 42 4
80 31 4
125 115 4
147 49 1
140 52 3
8 31 2
38 36 4
132 7 2
72 9 4
115 113 1
45 138 2
44 120 4
27 58 3
77 45 1
1 89 3
66 13 2
40 71 4
74 46 4
79 78 3
96 107 3
50 126 1
83 99 2
88 117 1
70 60 1
47 137 3
145 16 4
110 39 4
125 121 3
64 29 1
103 94 1
46 139 4
18 108 4
44 51 2
129 115 3
108 27 2
138 51 4
127 136 3
1 129 3
26 111 1
64 27 3
41 81 4
22 140 4
138 33 4
146 101 1
52 65 3
84 109 4
80 71 3
118 75 3
77 2 1
25 115 3
148 94 2
139 93 4
30 96 3
16 149 4
102 67 2
20 57 1
2 115 4
114 83 2
69 75 2
107 138 3
138 109 4
44 21 1
143 17 1
43 88 4
100 129 4
24 39 1
148 92 2
99 137 3
8 49 2
18 40 4
115 119 2
86 107 3
83 56 1
44 108 3
48 38 2
39 139 3
115 52 1
63 41 2
37 82 2
148 60 1
149 49 2
73 146 1
93 127 2
28 141 4
67 148 1
100 107 2
96 99 4
31 102 1
126 34 2
9 22 4
99 100 2
127 57 1
118 22 4
133 122 1
54 56 1
1 49 3
80 82 2
92 10 1
124 113 3
68 65 1
93 118 1
138 68 1
85 125 2
100 115 3
48 132 4
96 121 3
76 82 4
147 137 2
22 138 1
134 54 4
78 64 2
85 128 1
66 18 1
83 65 2
77 14 3
48 57 4
7 30 4
70 121 3
116 24 4
13 116 2
130 101 1
108 5 1
126 72 2
58 72 2
92 72 4
119 9 3
50 14 4
1 148 2
130 7 3
34 11 1
119 118 4
57 140 2
67 142 4
4 140 1
105 83 2
50 58 3
51 22 4
142 69 2
135 47 4
106 60 3
20 138 1
9 69 1
55 90 4
114 115 3
50 47 3
110 101 3
92 131 4
18 99 3
83 77 1
141 125 4
149 92 2
46 123 4
35 104 2
46 34 1
147 80 1
116 18 2
142 116 2
103 105 3
70 101 1
84 87 4
115 109 2
16 125 3
89 134 2
15 144 3
121 135 2
43 135 4
126 95 2
113 103 1
98 135 3
77 124 3
105 132 3
99 136 2
87 137 3
48 75 2
115 54 3
128 75 4
61 5 1
33 76 2
37 140 1
97 0 4
121 10 2
24 22 3
103 104 3
30 113 3
58 123 2
48 19 2
53 105 3
60 96 3
121 37 1
28 135 4
67 144 1
12 95 4
15 83 4
128 82 3
67 19 2
70 81 2
137 141 3
67 16 2
19 59 4
140 143 1
14 58 1
106 63 4
31 1 4
3 89 3
107 46 1
109 102 4
44 67 1
5 17 1
9 43 2
14 16 3
119 8 3
47 123 3
54 136 4
40 91 4
21 66 4
20 8 1
84 133 2
100 58 1
65 110 3
35 84 3
50 39 2
112 53 1
62 138 1
149 82 4
40 134 4
42 41 1
102 147 3
116 66 3
132 81 2
96 90 1
10 38 1
120 82 2
74 59 2
51 42 2
115 139 1
19 52 3
136 4 3
15 37 1
137 116 1
72 76 1
58 96 2
26 114 4
58 37 3
21 42 4
80 86 1
70 68 4
1 136 4
62 59 1
58 13 2
33 47 1
64 125 2
149 113 1
81 11 3
127 35 2
31 20 3
110 0 3
93 147 1
99 42 4
62 28 1
34 107 3
23 125 1
122 118 1
7 64 4
94 9 2
91 53 4
98 136 2
139 25 1
12 140 3
33 60 3
18 29 3
66 113 3
52 133 4
96 132 2
87 11 3
18 122 4
33 106 2
9 93 4
6 142 1
124 139 3
124 59 1
132 42 1
129 81 4
142 48 1
108 131 2
29 88 2
32 12 2
120 131 4
70 8 4
146 38 4
23 134 2
54 96 4
34 119 4
106 7 3
13 90 1
61 22 1
0 30 2
25 123 4
21 115 4
133 64 3
15 147 2
91 60 2
83 111 2
46 9 2
31 36 4
51 116 2
5 96 1
138 31 2
91 42 1
109 67 3
86 4 1
45 115 2
142 93 1
76 29 2
147 30 2
120 24 2
23 61 4
16 73 1
95 104 1
26 71 3
36 19 3
105 46 4
31 136 3
49 24 2
22 97 2
99 126 2
55 127 1
111 3 2
11 40 1
111 134 2
106 99 2
121 52 1
92 47 1
50 122 2
69 114 2
127 109 4
35 125 3
32 46 1
6 57 1
91 41 2
17 67 1
138 104 2
28 19 3
46 141 4
68 79 3
27 0 1
6 16 2
46 26 3
140 28 4
68 134 2
18 48 1
136 34 2
23 120 1
90 28 3
143 34 3
46 136 3
14 147 4
90 48 2
111 147 2
12 133 4
65 86 1
24 142 4
42 115 2
147 31 4
24 87 4
62 19 2
71 42 1
38 106 1
149 114 4
80 32 3
87 74 3
104 108 4
22 77 4
16 121 4
46 75 3
52 45 2
144 92 4
144 37 2
18 105 3
50 20 2
42 60 2
25 20 2
5 100 3
144 58 2
50 63 1
129 89 1
98 64 1
94 33 1
82 55 1
18 46 1
27 60 2
83 30 4
135 20 1
32 77 4
115 137 3
41 68 4
4 73 2
120 21 3
111 100 1
57 134 3
14 145 2
47 101 2
54 79 4
52 31 3
70 127 3
115 94 1
109 26 3
122 93 3
49 141 2
16 64 3
38 71 3
44 146 1
33 90 3
58 6 2
114 19 3
5 10 3
74 140 4
70 123 4
73 30 3
125 10 3
23 8 3
32 97 2
127 149 3
146 40 1
32 16 4
82 71 1
114 14 4
90 126 4
102 143 1
51 25 2
74 53 1
6 12 3
19 6 2
5 137 4
69 29 2
47 142 4
118 24 1
104 96 3
62 26 4
37 49 1
89 67 1
66 35 3
44 54 2
62 47 4
82 116 3
22 83 2
82 148 2
19 144 3
28 124 3
77 1 3
44 61 3
77 3 1
94 54 1
142 110 2
5 131 2
107 136 1
1 74 1
34 139 1
8 147 4
132 28 1
20 87 4
78 133 1
108 12 4
94 65 4
112 11 3
142 23 3
27 21 1
80 138 4
129 96 3
20 73 3
11 131 3
123 15 2
86 123 2
136 122 2
34 52 3
149 120 4
139 4 3
62 142 2
109 72 1
140 89 3
103 86 2
127 142 4
56 130 1
56 100 3
3 5 1
126 97 3
109 36 3
91 119 2
50 137 1
56 57 3
127 141 4
33 40 3
48 112 1
74 18 1
86 20 3
38 81 2
136 66 3
130 138 3
79 104 2
147 24 2
102 36 1
141 128 2
61 88 3
58 56 4
99 15 1
4 27 2
119 45 4
23 24 4
48 89 1
5 139 1
142 139 4
135 54 4
59 71 2
74 127 3
20 52 4
5 16 1
47 19 4
38 7 2
29 27 2
28 78 1
149 123 4
82 32 2
130 121 1
53 116 3
113 112 4
33 9 4
81 58 4
104 112 1
94 36 3
57 76 1
12 65 4
32 63 2
67 42 2
53 5 4
128 37 3
66 20 4
12 42 1
50 90 3
19 74 3
142 74 4
115 92 2
72 68 2
77 4 4
14 63 1
129 82 2
42 61 2
77 26 4
147 125 4
104 51 2
38 141 2
51 129 4
129 138 4
63 128 2
148 35 4
23 78 4
50 127 3
95 138 4
145 116 4
56 47 2
139 122 2
140 64 4
58 130 1
68 77 2
2 5 2
148 62 3
123 73 1
67 122 3
81 141 2
134 92 4
48 149 1
19 99 3
125 36 2
70 88 4
50 130 3
77 59 1
126 19 4
6 64 3
124 42 3
68 9 3
139 2 2
85 7 4
76 91 3
41 61 4
114 2 1
80 7 3
105 30 4
147 62 3
7 109 3
10 137 2
142 136 2
20 34 4
145 127 3
81 57 4
3 142 1
20 116 1
135 24 1
140 65 2
21 114 4
144 137 1
51 4 4
74 41 2
112 39 1
53 82 4
142 79 1
74 42 1
120 97 1
31 119 2
100 54 1
134 142 4
15 33 2
55 122 2
7 11 3
8 11 4
46 8 2
125 18 1
53 39 4
123 94 2
130 98 3
11 95 1
132 15 2
9 107 3
14 118 2
43 94 1
37 106 3
132 0 3
95 66 4
116 42 3
98 2 2
138 87 3
76 137 1
5 56 4
54 36 3
77 131 3
37 61 2
25 143 2
137 0 4
133 59 3
48 105 3
36 140 1
125 44 2
83 88 3
111 120 3
125 48 4
118 45 4
41 23 4
80 112 4
146 145 2
86 116 3
90 45 1
101 83 2
144 124 2
91 61 4
98 0 3
119 128 1
63 13 1
22 5 2
3 56 1
44 106 3
140 51 2
25 68 1
49 92 3
84 25 1
108 77 1
55 51 1
99 115 4
122 27 3
73 103 1
133 87 3
131 35 3
21 70 2
149 147 1
119 84 4
135 104 3
130 139 3
113 90 1
113 62 1
44 135 3
69 16 1
72 113 3
99 67 3
111 8 1
115 85 4
24 113 2
16 117 2
144 73 4
104 147 3
49 69 4
69 14 2
66 93 2
7 25 2
31 64 1
65 136 3
30 32 3
60 57 4
13 122 4
6 128 3
70 137 2
73 140 4
16 143 1
15 13 2
60 111 3
62 101 1
10 69 3
104 71 1
28 8 3
35 112 2
93 126 1
93 94 2
149 108 2
77 91 1
59 85 2
6 0 4
97 108 1
81 138 1
51 137 3
90 56 4
111 69 3
111 18 1
123 89 2
67 101 3
79 20 4
40 8 3
53 94 3
105 81 4
8 64 4
59 119 1
107 21 1
30 25 4
106 26 2
40 76 2
106 89 2
20 134 4
49 117 4
30 4 4
124 71 2
132 9 4
129 13 1
14 119 3
57 67 2
97 67 1
86 47 1
57 105 1
49 140 4
68 71 2
29 65 3
27 53 4
89 96 2
33 37 2
103 71 3
133 132 1
7 17 3
102 9 4
141 83 3
42 110 1
128 104 3
21 75 2
46 143 2
65 95 2
110 113 1
8 52 4
53 110 2
33 6 1
111 98 1
101 71 3
71 53 4
114 145 2
41 28 2
24 105 3
51 145 1
26 113 2
134 106 2
112 133 3
23 91 3
39 0 4
25 24 1
50 101 1
12 115 3
29 58 1
41 55 4
60 92 4
53 36 1
45 106 2
39 121 1
67 66 3
116 80 4
75 19 3
110 87 1
51 89 2
90 136 4
100 69 2
149 116 2
55 1 2
128 96 2
108 15 4
86 1 1
6 80 3
114 33 2
88 55 1
148 7 1
36 0 4
24 109 4
89 61 1
149 110 3
75 49 3
11 89 3
48 47 2
21 3 1
0 146 3
43 33 3
13 137 4
132 127 4
115 9 3
22 116 4
7 84 2
44 42 2
34 68 1
89 35 2
39 120 4
71 45 3
102 51 2
43 118 3
99 102 1
7 73 4
33 121 2
16 33 3
96 100 4
142 73 4
132 5 2
17 139 2
56 91 3
24 65 1
47 113 3
126 125 2
137 62 1
147 119 4
35 137 3
118 136 2
95 83 3
33 51 3
121 83 2
14 55 1
2 148 3
80 75 1
76 36 3
109 0 2
45 37 4
99 123 4
74 69 3
5 64 2
28 76 3
37 126 2
113 109 3
18 19 1
135 30 3
138 19 4
103 16 1
102 85 4
14 146 2
72 35 3
71 37 3
136 70 2
85 43 3
71 86 2
70 90 3
35 87 3
23 38 3
67 46 4
0 117 3
73 78 1
19 71 4
126 141 2
102 12 3
74 77 4
78 15 1
124 84 2
97 50 4
98 96 2
109 60 1
20 113 1
98 88 1
3 47 3
73 149 2
41 143 1
126 129 3
99 71 3
37 19 4
110 99 2
14 53 1
138 100 3
2 94 4
31 76 4
84 6 4
60 78 3
88 90 4
1 22 1
40 34 2
127 79 1
1 26 2
66 98 2
116 9 1
47 32 3
1 143 1
26 104 4
2 28 1
131 107 3
13 62 1
27 133 2
47 71 1
48 102 1
116 138 1
37 141 4
56 19 4
121 42 1
108 40 1
21 131 2
58 93 1
133 145 2
97 21 3
144 31 2
4 132 2
129 91 1
14 5 4
74 119 4
111 33 2
101 103 3
146 9 1
64 28 1
94 47 1
63 25 4
98 15 1
14 36 3
37 40 1
114 86 2
111 116 1
10 46 3
35 91 4
97 144 3
46 16 2
138 85 1
112 138 3
11 47 3
24 139 3
77 49 2
51 135 3
119 65 4
2 129 1
47 21 4
137 30 2
118 121 2
19 149 3
6 139 3
138 48 3
96 102 2
3 16 3
55 138 1
107 78 2
77 60 4
138 101 3
78 44 4
62 141 1
121 86 2
89 143 4
81 39 1
57 15 4
118 44 3
139 94 4
105 115 2
94 39 1
78 74 3
91 127 4
9 17 3
128 121 4
87 132 1
119 144 1
0 103 3
83 112 4
5 29 4
128 65 3
77 109 4
117 122 1
84 38 4
12 104 4
47 139 2
98 54 2
91 116 3
78 100 3
149 117 4
46 110 4
83 12 1
66 25 3
64 89 3
55 89 2
10 145 1
144 66 1
14 38 4
26 79 1
133 65 3
143 0 1
25 33 1
19 17 2
40 110 3
63 141 2
11 127 3
86 46 3
99 87 4
71 46 4
52 124 4
72 128 4
117 124 3
101 7 3
93 104 3
137 41 2
42 146 3
65 58 2
52 28 2
67 53 3
71 8 1
8 124 3
69 76 2
32 74 4
73 108 1
14 93 4
71 29 1
75 109 3
112 34 4
31 37 3
12 5 2
89 135 3
83 109 1
1 123 1
143 139 4
63 131 1
101 118 1
76 80 4
45 51 3
89 40 2
143 120 2
62 30 1
8 101 4
3 145 4
2 147 2
65 138 3
73 31 3
76 105 1
112 36 2
119 21 2
147 124 2
29 45 3
79 19 1
21 71 1
92 16 3
3 114 4
59 107 3
60 84 2
28 130 1
75 37 1
89 86 2
114 102 2
105 118 2
123 119 1
135 6 4
131 129 1
132 83 4
114 133 4
42 143 2
69 121 4
103 78 3
127 129 4
87 45 3
36 29 1
143 126 1
67 106 2
139 51 4
86 3 4
52 72 2
34 98 3
125 56 3
142 58 3
122 132 1
36 50 2
71 0 1
81 139 2
64 135 2
63 103 3
2 9 2
24 57 1
35 100 4
134 117 2
30 9 3
64 99 1
117 43 2
138 135 3
91 72 4
21 35 1
73 39 3
70 16 1
75 43 4
6 48 4
15 119 4
100 87 1
109 63 2
3 49 2
136 100 1
42 63 3
67 127 1
127 81 1
119 80 4
20 83 1
64 23 1
84 129 4
32 119 2
94 141 4
78 71 3
7 24 2
142 138 4
108 111 3
36 41 1
111 94 4
20 56 1
66 109 2
142 119 2
130 19 1
149 93 3
79 102 4
22 147 1
138 94 2
85 1 1
87 0 2
113 45 4
43 11 3
103 41 3
6 82 4
54 7 2
78 101 2
45 99 1
35 90 4
34 124 1
39 67 3
77 129 4
26 43 1
118 120 2
60 25 3
87 139 2
73 80 4
124 122 4
93 145 4
111 71 4
117 87 3
79 136 1
13 112 2
138 18 4
31 89 3
148 59 3
7 59 2
44 138 4
122 54 4
0 80 4
38 76 3
97 17 1
65 97 4
33 4 3
145 73 1
141 2 3
91 2 2
96 4 1
10 114 2
74 116 3
84 105 2
86 45 3
20 3 3
114 103 2
15 125 4
20 121 3
89 146 1
113 127 2
80 63 2
119 61 3
78 146 2
122 62 2
110 35 2
10 109 2
94 82 3
43 61 3
19 61 1
4 80 4
114 140 4
13 115 4
126 100 2
102 64 3
104 60 2
116 146 3
61 109 3
47 44 1
108 54 1
60 14 2
58 74 4
119 43 4
25 136 1
148 84 3
62 63 4
149 124 1
127 5 2
123 23 3
78 70 3
87 2 1
65 87 4
83 113 3
16 23 2
72 12 2
19 111 3
128 40 2
131 39 3
34 51 2
91 66 2
22 101 3
77 123 3
22 56 4
17 80 2
128 103 2
69 117 2
69 2 4
118 124 3
33 100 2
30 125 3
1 132 2
48 60 3
131 62 4
83 81 4
84 90 2
91 107 4
121 116 1
68 137 4
44 11 2
140 29 4
138 71 2
4 135 4
13 104 1
10 95 3
51 100 1
9 29 2
24 10 4
41 141 1
73 71 1
76 13 1
110 7 1
90 110 4
55 106 3
112 131 2
17 119 3
129 32 4
59 99 1
8 43 2
29 15 3
91 111 4
31 69 2
22 112 2
34 82 4
83 79 4
145 128 1
35 105 3
16 128 2
146 29 2
148 114 4
99 146 4
101 75 4
58 91 1
17 12 4
100 148 1
54 41 3
43 103 1
121 57 2
30 130 2
18 140 3
99 74 4
98 95 4
68 108 3
1 13 1
135 112 1
40 72 1
32 59 4
14 125 4
95 20 3
21 28 3
29 16 2
93 44 4
3 48 1
20 112 3
36 8 3
36 82 3
139 83 4
67 56 4
80 30 1
108 8 4
115 116 4
48 2 4
125 6 2
24 122 1
49 89 2
63 78 2
79 90 3
46 40 4
43 22 3
49 9 1
16 112 3
78 140 4
49 108 3
82 102 1
116 52 2
65 19 4
19 49 4
32 101 2
101 58 3
71 61 2
16 68 3
43 39 4
90 40 3
59 118 4
2 120 1
105 64 4
142 39 2
134 27 2
56 141 4
82 107 2
79 141 2
30 138 1
57 100 3
16 36 1
40 41 3
26 110 2
8 140 2
3 130 1
45 139 2
80 8 2
114 40 4
20 33 4
67 100 2
28 26 3
33 48 1
73 66 4
43 95 4
136 67 2
30 88 2
38 78 1
71 147 1
90 111 4
75 126 3
97 29 4
66 57 3
17 71 4
7 36 3
31 140 4
75 54 4
122 35 4
119 4 1
109 50 3
58 30 1
28 5 1
93 79 2
104 84 2
6 61 1
67 105 1
58 54 4
28 4 1
112 106 4
133 13 2
18 85 1
111 17 4
50 53 4
133 24 1
133 89 1
19 116 1
106 96 1
89 95 1
92 24 3
145 144 3
103 23 4
73 125 1
72 99 1
148 41 1
90 14 2
89 144 2
20 104 1
88 56 1
131 136 3
17 20 4
28 144 1
7 136 4
53 135 4
60 45 4
23 110 1
136 19 1
18 137 3
34 86 4
132 36 2
34 113 2
28 31 1
134 146 4
28 23 2
34 109 4
13 89 3
117 36 2
135 88 4
26 0 3
67 13 1
36 59 2
146 1 4
0 148 4
129 34 2
130 120 2
4 18 1
110 8 4
127 49 1
64 116 2
54 93 1
51 74 2
15 104 3
59 141 4
88 115 1
4 110 3
27 6 1
145 61 4
24 101 2
127 106 3
139 120 4
122 43 2
33 147 1
33 39 4
53 73 1
103 35 1
38 145 3
138 108 1
4 60 3
44 122 1
93 113 1
72 66 3
48 136 2
76 124 1
64 71 1
110 123 3
135 101 3
86 16 2
37 43 1
115 79 2
7 105 3
40 99 1
110 85 4
18 6 1
97 5 4
100 15 4
78 11 1
11 142 1
142 133 2
108 48 1
7 116 2
68 96 1
54 34 1
33 148 4
75 67 4
22 102 4
92 127 1
46 63 3
123 139 2
140 139 4
46 6 3
24 95 4
129 128 3
42 122 4
109 118 4
67 8 3
139 75 3
83 118 3
125 53 3
132 18 1
140 2 2
142 29 4
13 53 2
49 88 3
129 17 2
29 93 3
75 20 3
88 94 2
42 139 2
90 108 1
0 92 1
143 24 2
5 8 4
80 78 2
117 25 1
96 125 3
108 35 3
94 87 1
67 107 4
33 79 3
123 116 4
136 86 4
40 106 2
40 24 2
81 23 1
98 123 4
146 41 1
130 9 4
142 60 2
31 98 3
17 145 4
7 60 4
147 16 1
101 27 3
13 138 4
108 7 3
2 102 2
102 50 1
92 67 1
92 63 4
73 110 3
37 77 1
50 60 1
15 66 3
91 11 3
82 41 2
106 130 2
100 3 4
95 62 2
21 148 4
56 41 3
21 10 4
19 129 4
53 26 4
5 133 4
119 10 3
134 125 2
13 136 3
17 31 3
28 29 1
120 83 3
149 21 2
55 145 3
112 79 4
35 17 3
70 112 2
28 113 2
20 35 2
56 148 4
66 19 2
63 74 3
57 2 4
86 85 4
35 143 3
9 103 2
126 71 3
105 71 3
102 98 1
43 106 3
86 105 4
41 72 2
123 143 2
125 2 1
85 82 3
18 0 3
114 22 4
54 89 3
49 41 3
73 105 2
135 69 2
2 20 3
61 40 4
27 77 2
42 76 4
3 71 3
15 67 3
70 86 1
20 129 3
97 115 3
106 86 2
72 133 4
105 55 2
4 89 3
65 22 3
10 28 1
92 106 3
26 120 3
77 146 2
9 135 4
149 133 2
40 115 1
77 54 1
49 55 3
90 141 2
25 114 3
137 45 2
141 75 3
53 18 4
59 52 2
97 37 3
149 57 2
32 37 3
129 111 3
102 34 2
32 124 3
105 26 2
148 66 2
23 132 2
39 138 3
77 0 4
53 11 3
125 140 4
54 120 1
13 107 1
116 75 1
24 124 1
27 97 3
130 48 3
22 133 1
131 44 1
115 69 3
90 8 2
1 53 3
47 72 4
119 143 2
145 132 3
70 143 4
69 66 3
81 32 1
21 90 1
82 30 4
48 120 1
79 131 2
100 110 1
64 131 3
92 133 2
115 4 3
91 105 3
23 65 4
111 72 4
143 124 3
54 39 4
54 139 1
118 99 1
127 85 4
136 55 1
44 28 4
24 60 3
63 2 2
79 60 2
10 29 2
26 83 2
149 41 4
75 131 1
3 108 4
147 25 2
32 38 3
1 93 1
142 13 4
0 96 3
69 120 1
79 106 1
75 129 3
26 89 2
94 27 4
8 149 2
6 39 2
88 130 3
111 89 4
137 63 4
0 123 3
3 27 2
35 113 3
69 32 4
10 126 2
21 61 3
53 134 3
149 6 3
122 17 3
31 75 2
54 14 3
124 7 2
44 83 3
8 84 2
106 87 1
133 116 4
81 72 3
111 62 2
68 60 4
139 109 3
113 85 4
28 35 1
23 49 3
147 66 1
74 129 1
32 103 1
91 126 3
29 101 2
92 79 3
97 134 1
106 42 4
52 87 1
38 99 3
133 7 3
76 10 1
121 36 2
11 48 4
39 49 3
34 1 1
66 32 1
97 104 3
94 14 3
93 141 2
131 72 1
96 92 3
118 29 4
91 149 3
0 23 3
64 19 1
75 18 4
41 27 3
59 97 1
20 85 4
25 36 3
51 119 3
117 125 2
133 76 4
27 131 3
99 134 2
58 0 1
50 118 1
60 20 4
111 14 2
44 4 1
26 55 4
140 121 1
132 124 1
64 136 3
101 56 2
135 19 3
46 97 3
75 90 1
24 90 4
85 109 1
25 102 1
22 105 3
56 60 3
88 110 4
50 92 4
39 140 3
106 11 3
139 116 4
132 143 1
76 47 3
84 80 1
136 128 4
52 77 2
35 27 2
73 50 3
24 30 1
84 69 3
61 28 4
148 16 2
12 138 1
42 58 1
105 69 4
90 102 1
36 137 1
28 68 3
140 17 1
9 71 3
47 10 2
129 148 1
145 29 1
21 91 1
146 52 4
92 125 2
107 140 4
144 60 4
135 139 4
87 128 1
40 14 2
34 84 2
70 72 4
22 70 4
71 133 4
17 79 4
56 50 4
92 25 1
12 11 3
59 21 3
74 49 2
42 120 2
7 51 4
36 70 4
135 96 1
62 91 2
17 116 2
99 88 2
3 7 3
13 87 2
37 115 2
11 94 4
23 47 4
70 29 2
0 133 3
67 45 2
123 49 3
137 11 2
24 84 4
15 9 2
73 60 3
36 52 1
83 7 1
118 42 4
91 39 2
100 52 3
92 91 1
59 57 3
65 77 2
95 47 3
119 62 1
141 30 4
98 65 1
77 144 1
36 142 4
108 124 1
138 90 1
136 9 3
77 132 4
21 121 4
75 47 2
12 49 2
15 77 1
85 114 3
135 107 3
43 46 3
101 88 2
119 75 2
136 141 1
76 140 4
102 89 1
124 44 3
43 139 1
97 48 1
73 29 4
147 129 1
99 7 1
58 39 2
15 122 1
85 64 1
4 56 3
128 55 2
15 65 2
114 136 1
117 79 3
74 121 1
21 142 3
148 26 2
133 121 2
3 90 4
48 146 4
92 105 2
129 48 4
28 112 1
88 45 2
23 82 3
128 51 1
70 108 1
149 85 2
29 46 3
39 105 3
100 6 4
73 115 4
44 81 4
48 99 3
48 67 4
139 132 3
76 34 3
105 65 4
114 131 3
72 71 2
81 108 3
63 133 4
130 141 1
92 108 3
76 74 3
134 103 2
60 65 4
115 111 1
101 131 2
23 14 1
78 121 1
33 139 2
22 78 2
34 62 3
117 144 2
45 44 4
54 13 4
115 104 1
89 42 1
148 104 1
142 88 4
7 127 3
15 92 2
89 58 2
67 111 2
54 70 1
59 94 2
127 64 2
130 43 2
7 35 2
49 98 1
44 36 2
3 99 1
148 70 1
35 18 2
126 18 4
35 6 1
102 107 2
81 52 1
17 99 4
115 132 4
37 148 1
40 82 3
5 55 4
100 133 3
37 109 4
54 22 4
117 127 3
146 143 2
132 91 1
23 44 4
52 149 4
7 123 2
39 37 1
118 33 1
146 138 1
53 119 2
5 38 1
17 86 2
27 39 4
147 142 4
108 121 4
1 27 3
136 39 1
145 89 3
126 9 1
1 35 1
106 143 1
66 48 3
87 16 2
62 10 1
36 9 3
73 114 4
41 110 2
119 108 3
92 93 3
43 115 4
62 77 1
130 85 4
18 14 3
30 98 1
106 121 4
15 26 2
105 61 4
62 4 2
126 94 3
75 96 4
88 97 2
82 50 4
67 147 4
68 63 2
35 58 1
46 104 3
27 54 1
41 116 2
128 98 1
26 22 1
118 13 2
85 69 3
101 25 4
104 119 1
38 85 4
14 112 4
133 105 2
113 78 2
118 97 3
97 146 2
80 128 1
78 141 2
27 121 2
25 78 1
11 80 2
110 76 1
65 28 1
35 24 3
93 34 2
9 79 2
22 139 2
116 130 4
127 120 3
125 61 1
66 120 4
108 56 3
29 50 2
44 91 3
12 57 4
47 39 4
62 93 4
108 142 2
83 78 3
144 95 4
17 93 2
92 31 1
53 25 4
32 58 2
126 128 2
37 54 1
141 57 3
85 99 1
15 74 4
105 147 2
146 74 2
62 139 4
126 116 3
110 3 3
62 67 2
149 144 3
136 103 2
89 14 4
36 24 3
79 65 1
61 32 4
92 99 4
91 63 3
135 71 4
92 46 3
95 53 3
28 102 2
136 49 3
100 31 2
119 40 1
39 111 1
120 72 4
98 45 1
127 97 1
47 7 1
0 136 4
27 116 3
71 96 4
90 17 1
23 26 3
104 137 4
22 0 2
70 132 3
111 127 4
99 94 1
5 1 2
34 127 4
12 70 3
103 106 4
4 47 2
18 38 1
128 30 1
117 47 4
70 140 3
35 74 3
35 70 1
12 33 3
38 124 2
13 83 3
106 90 2
99 50 2
121 132 4
2 121 3
32 131 1
69 103 1
79 81 3
30 119 1
73 61 4
113 52 2
5 73 3
135 17 3
137 38 3
39 40 3
94 114 3
137 52 2
53 142 3
43 29 3
115 148 4
76 54 1
22 14 1
131 30 4
76 49 4
135 108 1
65 113 1
109 53 1
118 117 1
115 8 2
67 126 2
120 51 4
40 143 4
127 83 1
84 13 3
54 104 1
61 133 1
15 19 3
36 139 3
67 108 2
87 60 3
54 46 3
132 98 2
57 18 3
107 139 3
85 49 3
94 41 1
11 63 1
56 17 1
24 86 4
53 115 2
91 118 3
119 13 3
34 2 2
16 58 3
73 122 3
25 18 1
81 100 1
75 133 4
34 79 1
79 82 4
52 99 4
124 37 2
31 90 1
42 101 3
32 91 3
59 131 2
61 129 2
72 147 2
116 21 2
69 41 3
55 99 3
85 19 2
7 143 4
8 3 2
11 76 1
56 76 2
42 119 3
148 141 4
10 67 3
30 78 2
83 147 2
97 102 2
117 142 2
46 83 3
146 93 4
60 72 4
93 133 1
118 125 2
62 42 1
131 143 4
147 136 3
7 87 1
38 138 1
15 46 3
105 149 3
61 67 3
81 93 1
1 97 3
19 93 2
20 94 3
26 135 4
137 93 1
44 75 2
75 0 1
63 51 4
94 70 2
135 32 3
61 147 2
120 106 2
135 130 1
106 3 4
129 97 4
52 67 1
98 27 1
149 134 1
98 145 4
14 106 2
73 135 3
72 98 2
10 61 1
17 74 4
14 2 4
24 66 1
145 78 1
86 141 3
47 36 1
77 21 3
8 145 4
69 59 4
26 96 3
4 84 2
14 135 4
86 111 1
72 2 2
54 131 4
104 16 2
28 95 4
72 18 1
84 114 3
148 74 2
102 52 2
135 105 4
101 141 3
69 45 3
136 74 4
16 51 4
94 30 1
55 27 1
16 126 1
45 48 4
19 119 2
80 68 1
26 6 2
131 8 3
117 67 2
28 106 4
85 122 3
50 143 3
38 108 4
55 97 1
73 32 2
96 80 3
15 117 4
55 4 2
22 39 1
59 114 2
55 79 4
49 73 2
24 81 4
30 114 2
44 111 3
97 19 1
93 12 2
128 76 4
45 141 4
8 144 2
103 3 1
44 52 3
80 123 2
51 29 1
52 46 2
55 7 2
105 102 4
5 59 2
101 147 3
37 136 2
14 26 4
24 117 3
27 5 4
70 66 2
83 3 4
4 11 1
143 66 2
56 115 4
55 19 1
65 4 1
100 20 4
11 92 4
92 62 1
106 18 1
23 105 4
128 130 1
62 74 3
101 127 2
7 141 2
26 122 1
121 75 1
112 102 4
52 71 4
18 84 3
49 148 4
24 0 4
77 92 1
89 119 3
93 97 2
45 55 3
41 95 4
111 45 1
30 92 2
19 69 2
53 79 2
94 137 3
121 142 1
137 22 1
47 129 2
11 136 1
107 110 3
101 111 1
49 6 3
4 82 4
124 120 4
72 121 4
27 40 3
97 44 4
120 113 4
94 98 3
133 51 2
67 58 3
50 128 4
45 136 3
28 147 2
33 28 2
99 22 1
24 58 2
87 90 3
9 21 4
86 2 1
105 11 1
16 59 3
85 60 1
139 121 4
40 135 4
62 89 4
82 1 3
11 62 2
33 125 2
122 104 1
20 14 2
15 17 4
140 59 3
145 131 3
15 118 3
122 1 3
10 45 2
132 38 1
61 15 3
54 114 1
105 94 3
104 91 3
34 131 2
121 148 4
94 50 4
147 21 2
84 100 2
102 76 4
20 147 3
125 45 4
8 66 1
48 35 4
115 103 4
34 5 4
45 127 2
19 104 3
30 110 1
48 1 4
111 21 4
143 99 4
7 32 3
143 48 3
25 5 3
91 57 2
121 141 4
126 70 2
14 31 3
21 88 4
53 20 1
147 123 4
45 124 3
18 87 3
63 140 4
114 51 3
57 146 2
118 52 3
148 127 1
2 74 1
33 73 2
1 116 1
140 93 4
93 106 4
120 7 1
134 88 1
79 4 2
102 40 4
116 83 3
26 49 4
138 96 3
8 74 1
95 69 2
68 123 3
7 5 1
37 11 3
85 30 3
46 135 2
120 76 2
113 131 3
114 52 2
54 40 1
46 95 1
48 81 4
137 125 4
45 83 3
106 95 3
116 36 4
0 131 2
45 121 4
113 25 2
22 87 1
112 94 1
10 56 1
67 74 2
13 125 4
79 144 1
57 107 2
0 107 2
54 69 1
98 118 3
112 73 4
10 98 4
137 135 3
129 56 3
40 145 1
21 100 4
134 69 4
22 8 1
82 146 4
42 14 1
47 82 3
3 25 2
68 66 3
73 83 1
107 22 1
146 109 3
91 75 2
12 89 4
33 143 4
107 98 4
106 98 1
9 89 3
86 113 3
149 36 1
14 0 4
134 2 1
33 107 1
53 144 2
88 87 4
35 133 1
143 78 3
76 95 1
38 75 3
141 47 4
101 96 3
15 88 1
125 113 3
54 141 2
35 88 4
97 142 3
91 83 4
12 114 2
12 40 1
124 103 4
60 46 4
30 126 4
28 82 3
10 30 1
5 112 2
51 112 1
138 124 4
78 66 4
100 135 3
30 61 4
22 95 3
79 128 1
130 18 4
82 84 3
96 111 2
96 67 3
116 122 4
45 97 2
79 38 2
13 85 3
40 63 2
115 7 2
58 133 1
63 20 1
36 42 4
13 93 1
77 34 3
130 22 4
37 2 1
6 90 2
85 90 3
62 143 3
1 28 2
62 133 1
45 145 4
87 145 3
141 58 1
95 129 2
68 91 2
113 29 3
77 13 2
115 142 4
130 2 4
94 91 1
9 143 3
95 96 3
124 1 4
24 129 1
94 51 2
126 85 3
42 31 3
110 136 2
85 3 3
44 109 3
32 5 1
85 51 2
60 71 4
60 88 3
112 76 4
125 97 1
89 22 3
136 101 3
114 109 2
43 89 1
82 29 2
72 43 4
76 26 4
103 84 3
50 18 2
131 87 2
130 113 1
121 68 4
44 57 4
114 0 4
146 148 4
77 82 1
60 21 2
28 96 3
143 96 4
136 6 2
53 38 4
32 141 4
66 50 3
21 52 2
81 3 3
37 4 1
118 68 4
19 13 2
72 50 3
99 58 2
41 52 1
145 22 2
43 50 1
121 110 1
94 55 1
9 142 1
104 90 3
87 9 4
88 131 4
78 24 1
6 146 4
91 54 2
8 95 1
37 29 4
74 86 4
139 144 4
60 15 4
126 84 1
36 108 3
2 24 2
141 82 3
107 119 2
24 38 1
117 22 4
77 138 4
27 17 4
108 94 3
139 100 1
115 36 3
24 97 2
56 80 3
135 132 3
122 32 3
80 40 3
76 46 2
100 91 1
11 22 4
142 80 1
130 132 1
61 52 2
42 25 2
74 106 2
126 132 2
94 92 1
130 64 3
108 118 2
130 127 3
45 54 3
83 50 2
16 95 3
135 63 1
113 9 3
102 11 3
55 8 2
97 43 1
96 7 4
111 146 1
10 16 3
49 135 2
32 44 4
141 114 2
121 119 1
30 109 2
86 56 1
10 44 1
135 95 3
51 50 4
39 116 2
143 8 1
13 113 2
43 78 3
35 57 1
107 104 1
131 48 1
34 142 3
109 112 3
3 115 2
29 98 1
88 114 4
57 68 2
45 73 1
51 134 4
7 119 2
149 66 4
55 115 3
63 111 2
33 63 2
135 133 2
56 73 1
44 60 4
111 15 1
2 75 2
44 69 2
106 41 4
88 93 3
108 4 2
116 59 3
69 48 4
6 11 1
4 107 4
3 102 1
45 50 3
45 23 1
142 52 3
109 22 2
54 64 3
52 73 2
129 54 2
68 5 1
34 87 3
0 122 1
79 45 3
104 76 4
41 45 1
110 147 1
15 114 2
42 1 4
71 33 1
38 135 2
86 112 3
85 103 1
110 83 2
64 95 1
102 33 3
12 112 4
59 143 1
149 76 2
139 111 4
7 71 3
120 56 3
148 132 4
7 138 4
139 97 1
130 4 2
125 87 1
76 146 3
105 112 2
72 87 1
56 85 1
27 137 2
83 27 2
141 100 1
6 103 4
3 129 3
78 122 3
59 125 1
31 125 3
79 137 1
149 130 2
132 72 1
68 117 2
111 76 2
87 96 4
95 147 2
91 133 4
107 25 2
125 55 1
53 43 2
134 44 2
29 41 3
35 14 1
13 14 3
37 9 4
76 17 1
41 144 2
68 81 1
75 111 4
81 89 2
5 98 2
57 88 3
103 33 4
126 27 4
37 133 2
126 108 1
2 32 4
32 53 1
73 63 2
149 17 3
101 109 3
82 10 2
45 63 3
50 70 3
38 94 4
127 42 2
21 138 2
34 27 2
46 68 2
44 6 1
17 105 1
79 126 1
98 21 3
30 37 3
46 51 1
104 105 1
108 110 3
34 39 2
91 135 4
26 134 4
79 32 2
82 96 2
21 46 4
141 3 3
38 3 4
83 17 3
31 108 1
90 121 1
39 79 3
115 30 2
40 0 3
116 117 4
29 148 1
66 137 2
61 38 2
121 38 4
55 42 2
52 82 3
82 106 2
95 128 3
88 17 4
53 89 4
20 68 3
21 73 2
44 88 3
106 119 2
33 65 4
61 59 4
24 106 2
94 76 3
35 146 2
38 70 2
65 124 3
14 45 3
78 86 3
31 96 2
61 11 4
24 103 4
140 14 2
71 41 4
87 46 2
2 62 1
52 14 2
8 129 3
143 6 1
14 121 3
30 122 1
93 52 2
66 58 3
62 27 4
93 136 4
148 87 4
103 10 4
146 18 4
15 2 1
102 75 4
131 121 3
108 74 1
111 2 2
138 63 3
126 69 3
14 142 1
141 13 1
58 86 4
85 77 1
30 59 3
117 20 3
21 112 1
67 130 2
55 56 2
56 21 1
75 23 4
14 126 3
23 11 1
142 129 3
24 148 4
105 59 3
4 25 4
114 77 3
116 8 4
130 51 2
48 82 1
126 88 4
8 105 4
71 113 4
53 138 4
47 89 3
87 25 4
5 24 4
109 134 2
23 58 2
141 88 2
58 70 1
80 45 2
118 129 1
99 66 4
139 15 2
127 17 4
132 86 4
140 20 4
21 17 2
2 43 4
31 114 2
35 132 2
72 17 4
24 107 2
9 70 4
55 66 4
113 108 1
28 67 4
124 35 2
134 77 1
46 7 2
118 131 1
37 101 1
28 37 1
90 37 3
28 91 3
95 7 3
64 109 4
63 28 2
99 63 2
121 24 2
8 13 4
30 117 4
46 138 4
119 100 1
38 90 2
107 3 1
115 22 2
43 1 3
13 146 2
36 62 1
115 91 1
84 59 2
120 58 2
113 8 1
140 135 3
4 38 4
54 12 4
31 49 2
100 93 4
131 51 3
72 44 1
9 19 1
129 134 4
2 107 2
30 33 2
16 49 3
30 123 3
27 99 2
81 2 3
136 78 1
145 62 1
24 62 3
119 87 1
33 24 3
98 74 3
75 137 4
129 130 4
23 4 1
58 121 4
12 60 2
3 28 1
128 57 1
89 91 2
143 122 1
65 64 3
49 109 2
47 97 2
11 149 4
15 103 1
102 32 4
99 53 1
112 95 4
71 93 4
93 35 4
43 141 1
145 109 2
40 53 4
109 40 3
110 5 1
60 119 3
103 141 2
4 15 4
17 59 2
37 65 2
119 90 4
112 57 4
115 16 1
82 135 4
25 34 4
3 131 3
143 108 3
119 95 2
19 70 2
136 130 3
23 104 3
131 23 1
130 26 2
47 16 2
10 131 4
27 125 2
46 58 4
66 45 1
102 94 2
73 130 4
35 65 3
98 99 1
12 63 2
33 68 2
137 32 4
15 81 3
133 79 4
11 83 1
28 59 2
110 78 4
10 115 3
63 101 4
103 47 3
65 36 4
89 104 1
89 105 4
88 38 2
134 148 1
94 52 3
143 83 2
112 32 4
47 148 4
2 136 3
22 122 3
80 117 3
143 30 4
69 108 4
138 133 4
18 59 1
71 98 3
72 122 4
35 96 1
113 14 3
22 136 4
82 68 4
138 0 3
72 36 3
85 48 2
12 53 2
83 85 1
8 91 1
100 85 1
77 84 2
121 47 1
4 101 2
75 98 1
91 143 2
104 28 2
130 107 3
100 61 2
104 143 1
130 41 4
109 119 1
69 94 3
79 67 2
12 130 1
29 89 4
20 59 1
46 149 4
71 63 2
42 97 2
113 123 4
64 74 3
138 16 3
37 7 1
83 137 4
149 3 1
27 69 2
98 7 1
19 24 4
85 17 3
45 94 1
98 110 3
13 31 1
13 55 3
41 14 4
37 135 1
65 7 4
97 12 2
28 66 4
100 109 3
90 128 4
67 123 4
54 117 1
31 62 4
103 27 2
115 65 3
36 100 3
116 143 4
125 107 1
76 41 2
82 144 3
35 82 4
106 124 4
12 15 4
12 13 4
65 45 2
141 65 4
58 45 4
105 106 3
143 44 2
133 17 4
143 133 2
119 113 1
48 140 4
117 130 3
81 42 4
9 83 2
26 10 2
100 39 4
86 137 4
88 112 4
69 143 1
100 90 4
136 38 4
42 138 2
81 134 2
124 57 2
71 39 1
43 62 1
70 65 4
125 123 1
68 38 2
56 42 3
78 116 3
135 22 2
32 106 1
34 56 1
74 117 4
67 98 4
14 70 4
42 95 1
126 15 1
101 19 1
102 125 2
90 63 1
73 12 3
147 85 3
80 148 1
57 117 3
135 36 4
46 57 1
94 8 1
0 33 3
125 116 2
8 96 3
96 70 4
1 71 1
12 48 2
126 86 3
79 62 1
124 97 2
66 140 3
140 38 4
118 16 4
31 57 1
45 2 2
109 23 1
71 84 2
30 148 3
107 124 4
149 9 1
46 25 2
130 119 1
115 74 4
139 102 2
60 146 3
105 136 3
117 13 1
74 135 4
123 41 4
5 101 4
66 101 3
123 75 4
50 52 3
95 32 3
101 149 2
1 45 1
45 21 3
140 53 1
96 119 3
129 122 2
75 6 2
130 32 3
40 45 3
95 33 3
63 26 2
55 98 2
62 103 4
144 13 1
127 65 2
147 113 1
52 75 4
88 72 4
120 40 3
64 45 1
144 115 4
53 52 2
97 90 3
71 27 2
81 136 4
107 49 4
102 43 1
76 142 2
1 115 2
16 9 3
1 131 3
87 116 2
16 102 4
8 53 2
36 79 4
99 62 4
112 6 3
105 16 4
61 48 2
143 57 3
134 62 2
19 3 2
0 69 1
86 6 1
25 100 4
58 147 1
96 144 4
141 139 1
83 24 4
45 3 2
72 16 2
32 90 4
9 60 4
93 26 1
137 15 3
29 6 2
105 15 2
130 87 2
52 108 3
129 9 3
94 32 3
55 119 4
15 149 4
105 9 2
9 88 2
124 80 1
135 72 4
132 31 3
12 44 1
62 15 1
90 60 4
125 130 4
142 112 2
110 14 1
109 91 4
1 103 1
81 1 4
39 65 4
109 106 2
39 85 1
23 99 3
35 78 3
11 124 4
117 17 2
0 141 1
94 109 1
124 89 2
31 124 1
148 112 4
58 33 3
61 101 1
46 127 4
4 93 4
127 33 4
112 31 4
135 68 2
111 135 3
50 30 1
129 139 4
102 145 1
40 25 1
44 18 3
147 56 2
128 64 3
110 77 4
44 8 4
96 16 1
2 33 2
27 110 1
18 56 1
62 41 4
121 126 3
19 11 1
63 10 1
5 75 1
52 27 3
49 115 3
59 68 4
130 104 1
70 117 2
117 29 1
70 118 1
47 55 1
20 10 3
147 10 4
6 133 4
23 69 3
97 23 3
132 58 1
93 59 1
124 141 4
88 76 2
43 81 1
36 138 2
94 16 3
8 102 2
140 100 3
106 16 4
4 21 4
87 93 1
128 110 1
129 112 4
42 78 3
76 20 3
109 104 2
110 60 2
3 73 2
80 115 2
28 149 4
130 140 2
77 73 1
1 101 3
100 42 4
85 54 3
56 36 2
36 23 3
47 144 3
59 134 1
56 12 4
100 13 4
55 100 1
0 145 4
75 29 4
29 111 4
28 148 3
79 76 2
123 5 4
7 97 4
75 125 3
128 133 4
135 15 4
2 96 3
22 27 2
97 52 4
121 111 1
25 15 3
65 122 2
146 130 1
34 59 1
41 38 2
104 117 1
97 96 1
62 127 4
26 51 2
51 18 2
107 80 1
134 138 2
89 78 4
120 117 4
135 34 4
117 61 3
129 44 3
91 46 1
60 11 4
36 20 2
132 109 3
68 116 3
25 38 1
83 28 2
119 93 2
37 107 3
47 37 3
37 34 3
36 113 2
16 12 1
121 112 2
104 7 1
149 23 1
67 54 3
48 14 1
11 1 3
95 108 1
41 109 3
40 67 3
35 83 3
91 96 3
58 113 2
94 86 2
58 69 2
95 116 1
73 82 2
94 146 2
146 72 2
87 69 3
105 25 1
64 126 2
39 48 3
32 55 4
137 46 2
46 109 3
102 42 1
92 113 1
71 115 2
47 17 2
35 98 2
4 53 1
69 86 3
28 30 4
103 70 2
59 14 1
1 102 1
117 78 1
132 116 3
104 83 1
41 127 1
64 32 4
114 91 3
115 24 2
36 101 4
45 12 2
70 116 1
48 104 4
118 126 3
84 50 1
61 66 4
63 75 3
81 146 4
65 21 3
17 0 3
148 78 4
129 36 3
133 81 1
106 22 3
114 48 2
149 139 3
107 29 3
127 123 3
56 53 1
94 68 2
92 5 2
146 102 2
25 37 3
12 10 4
52 122 4
46 4 2
25 13 3
7 140 2
17 14 4
69 136 1
47 28 2
14 108 2
87 38 3
122 126 1
77 24 4
103 68 4
98 37 3
112 40 2
10 138 2
104 142 3
53 78 1
16 85 4
56 37 3
15 5 2
112 141 1
28 58 2
11 123 1
89 25 4
7 22 1
4 88 1
64 103 3
36 63 4
50 17 4
49 100 4
47 111 2
148 57 1
32 42 1
33 120 1
76 18 1
125 51 4
5 118 1
2 7 2
74 24 2
119 78 1
144 136 4
141 74 3
105 82 1
112 50 3
79 99 1
34 108 2
113 12 2
73 74 1
22 71 4
127 36 1
36 81 1
103 53 4
75 10 3
61 103 4
130 148 2
66 2 2
59 43 2
19 72 4
41 12 3
23 135 3
18 58 1
5 50 3
17 25 2
64 9 1
88 85 3
53 131 2
102 148 3
146 139 1
13 132 3
59 6 1
65 43 1
64 57 1
147 7 1
34 45 1
136 41 4
142 42 2
121 134 4
38 1 3
33 11 3
91 146 2
55 87 1
81 60 2
80 50 1
39 124 1
2 112 2
82 65 1
65 88 3
72 56 1
144 21 1
140 69 4
17 39 4
67 125 2
87 89 3
136 148 1
143 4 1
131 58 4
84 3 1
127 76 3
144 72 4
133 109 1
84 139 3
52 58 2
49 82 2
11 54 3
6 95 1
107 17 4
23 5 3
104 52 2
31 120 3
7 18 1
63 136 4
31 66 4
17 82 2
130 97 1
62 80 1
117 45 3
32 54 2
60 6 4
87 105 2
106 114 4
64 61 1
69 99 3
38 126 2
130 137 4
7 48 2
74 25 2
84 83 4
87 8 3
11 134 4
77 78 3
49 59 2
60 120 1
85 134 1
23 48 4
16 75 1
132 50 1
30 139 4
43 36 4
19 113 2
121 84 4
99 127 2
143 98 3
9 112 3
144 45 1
123 78 4
81 126 3
86 91 3
101 20 4
128 84 4
33 81 2
1 128 1
80 42 4
133 42 3
42 11 2
14 103 4
52 48 4
127 90 2
80 120 2
105 141 1
122 103 2
120 29 4
121 7 4
2 21 1
68 11 1
97 2 4
106 34 3
40 96 3
5 119 3
53 76 1
39 143 1
34 71 1
129 69 1
66 125 1
73 58 2
63 127 2
120 104 1
108 129 3
52 143 3
123 146 1
134 145 4
130 20 3
83 115 3
43 16 4
26 101 2
13 52 2
132 118 4
14 29 2
67 27 4
79 13 2
145 118 3
22 76 1
4 95 1
76 16 1
92 57 1
32 10 2
5 0 3
132 74 2
19 100 2
146 141 2
34 70 1
136 129 2
68 131 2
13 65 1
51 97 2
33 57 2
37 8 3
21 14 1
34 111 3
62 82 4
133 53 1
77 10 1
131 98 4
59 50 4
36 34 1
63 144 4
43 136 2
14 12 3
145 37 1
79 21 3
31 33 3
100 88 4
139 68 1
4 61 2
53 10 4
60 30 4
12 87 1
107 45 2
66 108 3
99 0 2
51 43 3
59 127 1
67 139 4
34 101 1
21 135 4
54 49 1
19 94 1
34 105 3
60 75 2
128 5 3
4 120 3
86 138 1
120 75 4
31 128 4
86 146 3
22 10 3
62 116 2
144 100 3
2 22 1
123 96 1
15 40 2
92 32 4
102 83 1
130 40 1
134 133 3
104 38 2
37 76 3
79 98 1
143 51 4
95 70 2
131 82 2
23 126 2
135 117 3
24 91 3
113 133 3
43 87 4
53 3 2
73 120 4
148 98 3
38 62 4
10 86 1
57 123 2
27 119 2
68 62 2
121 87 3
53 113 2
146 131 1
65 101 1
75 11 4
20 93 3
107 145 1
125 54 4
24 6 3
130 60 4
57 85 3
19 44 2
29 144 4
35 41 4
137 149 3
148 76 3
85 35 1
93 49 1
69 144 3
61 24 1
141 66 2
76 63 3
137 119 2
149 20 4
48 55 3
11 98 1
54 10 3
13 23 3
111 5 4
138 32 1
75 76 1
104 78 2
138 114 1
76 25 3
88 8 4
123 20 1
99 82 3
77 104 2
108 125 4
18 63 4
119 134 2
42 46 1
117 53 4
94 61 4
142 131 1
139 38 3
22 40 2
24 55 1
145 108 3
94 46 1
126 2 3
54 35 4
46 101 3
77 12 3
54 80 1
135 42 3
49 128 2
78 13 1
74 4 3
147 131 4
128 131 3
134 110 3
93 60 3
81 92 4
108 78 3
0 144 2
102 47 3
49 71 1
97 30 4
128 92 1
89 73 3
73 76 4
107 48 2
4 34 2
9 141 4
41 84 4
120 0 2
0 32 2
96 133 4
111 61 2
27 86 4
42 13 1
48 68 2
87 129 2
61 51 2
148 145 1
96 15 2
109 14 2
20 21 2
80 134 2
57 38 3
46 38 1
86 97 1
78 139 3
60 62 4
44 39 2
26 21 4
64 37 3
117 110 2
13 6 1
40 23 1
110 132 1
115 44 2
75 106 4
64 75 3
113 122 2
19 88 4
88 20 2
62 81 4
34 92 4
31 87 3
38 12 2
77 116 1
135 77 1
33 26 1
72 8 4
94 5 1
83 52 3
0 73 2
118 139 1
129 121 4
120 100 2
56 140 3
77 106 1
71 28 4
116 112 3
20 27 4
143 19 2
91 6 3
27 73 1
10 73 4
76 103 3
99 65 2
147 75 4
59 23 3
140 109 3
141 34 3
111 114 4
147 18 2
107 14 3
118 0 3
12 136 4
30 13 1
3 135 1
71 2 1
0 43 1
36 71 2
3 46 2
118 107 2
64 118 3
93 110 2
5 6 1
140 50 1
137 60 1
32 121 3
7 44 1
26 72 2
130 114 4
78 14 2
26 29 4
65 89 1
119 56 1
27 81 2
69 81 1
7 40 2
47 2 3
0 21 2
118 89 4
94 7 3
1 3 2
65 11 2
58 77 4
83 136 2
40 65 2
132 107 4
55 35 1
10 81 1
145 130 4
128 15 4
59 101 1
60 115 3
41 80 2
5 84 2
84 0 3
14 91 3
94 1 3
79 96 1
63 88 1
109 147 4
88 149 1
14 102 4
41 139 3
21 29 2
11 57 4
117 83 2
63 27 1
48 74 2
78 142 4
72 31 1
55 76 2
82 104 2
60 116 3
88 46 4
122 33 3
127 69 3
82 26 3
61 137 4
36 17 2
61 99 4
113 76 4
148 68 2
6 22 1
88 92 3
32 116 4
39 55 4
89 16 1
84 22 2
97 106 1
55 62 1
27 106 2
124 86 3
124 133 2
43 41 3
3 70 4
142 0 1
92 124 1
31 18 1
42 4 3
120 14 4
125 60 2
66 47 4
121 101 2
102 122 3
50 8 3
134 7 4
38 119 1
61 39 3
98 116 1
113 60 4
17 28 2
70 37 3
13 26 1
94 133 4
86 22 2
98 61 4
5 135 1
135 87 3
142 120 2
81 51 3
13 57 1
104 36 3
114 64 4
30 48 2
139 53 3
25 27 2
147 46 4
14 138 3
113 55 1
65 6 4
94 107 2
95 27 4
93 65 4
102 62 4
28 108 4
27 30 1
15 141 4
92 36 1
45 129 1
148 34 2
83 138 4
62 12 3
107 90 3
9 67 1
32 36 4
86 104 2
6 42 3
52 57 1
127 25 3
21 48 1
67 119 1
16 28 3
44 116 4
81 54 1
67 69 4
33 13 4
29 78 3
70 149 1
7 128 4
32 125 1
139 138 2
145 48 4
32 56 4
26 90 1
116 4 4
110 6 2
90 137 3
99 84 4
149 115 3
44 58 4
45 49 1
101 44 2
98 42 2
75 99 4
25 146 3
119 70 1
63 143 2
102 41 1
4 117 4
25 21 2
70 45 2
112 47 4
112 85 4
47 18 1
128 91 1
107 40 1
59 15 1
46 64 4
39 23 4
9 147 2
142 55 4
112 37 2
18 43 4
66 103 1
87 115 1
136 59 1
25 90 4
102 5 2
60 67 2
136 62 1
123 137 1
11 69 1
53 59 2
134 87 3
78 52 2
133 50 3
22 103 3
24 42 4
145 81 1
109 143 1
115 81 4
74 114 4
7 113 4
117 85 1
82 61 1
15 35 3
59 108 4
99 60 4
131 80 1
84 55 4
78 56 4
65 148 4
66 124 4
139 89 1
6 3 4
31 83 1
128 144 3
51 136 4
129 60 1
30 102 2
66 7 3
129 12 3
53 104 2
128 88 4
108 99 1
84 68 2
92 7 4
28 0 4
24 125 2
83 140 1
130 96 3
11 122 4
38 16 2
112 24 1
96 134 3
99 107 1
41 138 1
5 116 3
89 34 2
17 89 2
72 107 4
82 118 4
146 46 1
32 20 3
129 133 3
23 87 1
21 11 2
128 140 3
52 101 3
2 79 2
131 24 4
126 107 2
90 118 2
8 112 3
55 102 3
95 149 4
84 116 4
123 102 4
84 115 2
108 82 4
79 43 2
82 103 1
66 71 3
81 18 4
19 5 2
61 31 4
93 67 4
20 78 2
140 55 2
136 33 2
90 64 4
19 41 1
97 6 3
73 84 4
110 32 2
87 85 1
7 45 2
19 139 2
130 78 4
35 135 3
132 49 1
116 49 4
84 10 3
102 7 2
23 7 2
123 9 4
85 137 1
65 44 1
24 51 1
88 51 3
97 16 1
74 80 4
132 60 4
134 46 2
4 19 3
49 18 4
81 67 1
43 27 4
146 49 4
76 106 3
71 137 4
139 127 4
117 93 3
107 64 1
87 101 4
0 72 3
145 77 4
39 19 1
90 117 4
33 132 2
97 98 2
42 43 3
38 28 1
147 88 1
10 48 2
27 138 1
122 115 3
0 101 4
68 100 4
14 51 1
26 68 1
19 102 3
104 5 4
116 127 2
34 42 2
99 133 4
85 22 4
40 127 1
96 34 3
36 119 2
122 66 3
54 2 3
60 34 3
16 134 4
56 26 3
55 23 4
15 10 2
35 38 3
135 76 2
50 41 2
105 13 4
60 37 1
76 23 1
98 149 1
19 123 4
145 86 3
20 19 1
23 138 4
34 140 3
34 3 1
122 45 1
1 29 3
63 148 3
28 80 1
69 133 1
76 61 4
138 141 3
126 8 1
87 122 1
38 31 1
58 38 3
26 144 3
6 93 1
98 105 4
101 134 1
36 11 4
123 131 2
88 16 3
10 140 1
76 83 1
68 149 1
18 123 1
37 84 1
50 33 3
146 75 4
30 17 4
34 117 4
60 134 1
100 8 1
67 146 4
148 108 3
23 146 3
124 114 4
90 58 4
5 26 4
84 26 2
10 122 1
45 149 1
133 14 2
38 29 2
114 72 2
75 113 2
119 37 3
132 84 4
75 25 3
89 90 3
2 90 3
113 57 3
145 35 1
114 87 3
114 56 4
60 69 4
65 147 4
89 15 1
80 34 3
110 89 1
72 149 4
63 56 1
69 118 1
92 139 1
19 60 3
37 131 4
7 79 1
16 52 2
146 55 3
98 40 1
58 40 1
22 42 1
54 21 1
55 71 1
89 138 2
15 3 1
93 124 4
17 69 4
86 129 4
124 121 4
23 141 2
113 146 2
20 82 2
56 97 4
38 47 1
57 58 2
143 68 4
42 57 1
16 1 2
30 75 2
115 23 4
47 64 2
35 2 1
28 123 3
66 41 4
3 57 4
88 96 3
107 31 1
65 134 4
65 8 3
47 118 1
56 133 4
94 34 1
119 116 3
0 115 1
70 53 1
45 81 3
65 112 1
51 47 1
72 5 2
114 100 1
66 3 4
140 58 3
70 77 3
116 65 1
33 41 3
49 63 2
79 47 4
25 148 3
52 92 3
89 83 3
88 66 4
82 18 3
107 19 4
21 32 1
68 74 3
55 40 1
6 131 3
59 112 4
13 140 4
0 45 4
38 129 2
121 114 2
17 23 4
92 122 4
26 4 1
31 44 2
84 64 4
72 86 4
54 95 1
131 97 4
128 45 4
104 44 4
70 71 2
31 27 4
87 146 2
49 27 4
70 26 2
66 145 3
113 145 1
44 56 2
74 102 1
128 35 3
112 140 1
114 36 4
126 149 1
149 77 2
81 104 4
47 105 1
42 7 4
67 11 1
132 12 2
85 10 2
128 20 4
78 39 2
8 58 2
61 27 2
49 120 4
139 98 2
76 71 3
144 18 2
56 95 3
132 120 3
13 124 1
125 12 4
40 43 3
137 6 1
129 46 1
148 69 4
28 105 3
147 60 1
60 18 1
0 149 1
119 76 1
106 1 3
46 121 3
72 80 2
115 141 2
111 77 1
89 72 3
24 34 4
101 144 1
121 60 2
108 147 2
77 90 1
16 8 2
41 87 2
69 68 4
56 51 1
31 47 4
118 63 3
37 57 3
11 15 3
134 98 3
8 59 4
90 145 2
45 109 3
3 92 1
63 139 4
3 118 4
33 42 4
21 68 4
142 40 2
84 86 3
142 35 3
137 20 3
85 40 3
134 105 4
137 57 3
30 41 3
47 107 2
17 11 1
70 18 1
26 140 2
19 40 1
82 38 3
9 140 2
67 38 1
85 145 4
140 68 4
8 45 1
84 91 1
91 101 2
113 105 4
72 141 4
137 120 4
92 109 1
61 128 3
87 141 4
55 86 1
19 34 1
39 66 4
58 148 2
149 54 1
149 87 3
135 145 2
125 34 4
4 114 1
139 80 3
108 65 1
130 24 4
134 113 1
103 60 1
133 57 3
121 82 2
17 95 2
130 91 3
54 8 4
6 138 2
75 145 3
137 12 2
34 35 2
22 31 1
141 129 2
59 113 3
141 33 1
30 11 2
76 50 1
59 70 1
110 82 2
129 33 1
31 74 4
146 37 1
29 143 1
83 58 4
95 102 3
23 80 4
74 43 3
91 31 3
58 10 3
125 109 2
149 121 1
35 130 4
139 69 4
45 123 4
51 62 2
130 79 4
50 93 3
29 119 1
115 128 3
128 125 3
107 16 2
5 54 2
106 85 4
97 73 3
3 123 1
148 124 1
68 44 3
128 67 4
126 136 2
78 59 1
129 105 4
72 110 1
69 141 3
73 133 1
23 83 4
113 82 2
61 70 3
109 59 4
81 56 4
36 60 1
30 35 4
117 136 3
137 26 3
100 86 2
108 128 4
44 2 1
84 49 4
30 64 1
55 114 4
103 138 4
25 91 1
80 79 3
77 79 3
1 111 3
58 95 1
36 69 1
38 55 3
6 1 1
67 118 4
134 118 4
33 109 2
112 149 3
38 11 2
68 104 2
139 95 2
104 18 2
76 108 3
77 112 1
65 55 1
136 10 2
75 66 2
65 3 4
137 88 3
32 31 1
142 113 2
104 10 2
94 24 2
143 2 2
124 81 2
127 144 1
101 40 1
36 123 1
98 109 2
5 47 4
53 46 2
35 67 2
63 60 1
102 49 2
19 103 2
136 21 1
89 98 2
121 137 4
118 53 4
86 77 3
54 82 4
85 0 3
5 147 3
8 38 4
65 146 3
1 17 4
106 131 3
46 84 3
102 93 3
131 26 1
50 86 3
15 32 4
26 145 3
55 20 2
44 132 2
146 3 3
148 147 4
46 78 3
83 82 2
55 70 2
146 117 4
7 56 1
58 2 2
142 114 2
98 3 3
50 113 4
22 18 4
51 75 4
48 77 3
145 140 4
96 117 3
82 86 1
80 25 4
72 29 3
96 69 1
116 73 2
7 10 4
116 129 3
5 48 3
44 9 2
64 147 3
84 110 1
122 38 3
84 79 3
95 105 3
43 34 3
56 94 2
20 65 3
87 19 4
107 62 3
91 103 4
29 87 4
93 0 1
93 10 1
44 0 1
113 31 4
111 49 1
94 90 3
44 94 2
45 5 1
124 51 2
124 47 2
6 43 2
137 106 1
92 142 3
39 8 3
46 142 3
145 19 3
70 129 3
37 129 4
67 2 1
22 73 1
121 3 2
63 85 2
25 131 3
90 53 4
133 26 1
100 76 3
51 111 3
129 28 4
99 33 3
144 62 3
3 137 2
79 74 4
61 49 3
54 142 4
52 144 3
106 47 4
7 118 4
123 122 2
55 143 3
107 83 2
12 143 1
66 82 1
127 3 2
78 120 3
127 0 4
70 131 3
113 100 1
132 62 4
41 88 3
128 83 3
80 127 4
123 72 4
100 66 3
3 116 1
122 25 2
52 79 1
128 137 4
53 130 4
31 3 3
26 138 3
132 51 1
73 129 3
143 85 4
95 13 3
19 84 1
51 5 3
6 108 2
75 73 4
125 145 4
85 2 2
4 147 3
92 147 1
69 64 4
37 111 1
48 70 1
83 135 4
68 6 3
61 84 4
142 107 2
69 52 4
127 23 1
106 2 2
135 115 3
56 98 3
122 98 3
66 33 2
29 61 3
113 49 4
128 17 2
131 122 3
4 35 2
4 75 4
22 68 2
10 8 1
144 81 1
8 78 3
14 95 4
1 30 1
116 110 4
57 90 1
2 42 4
91 99 1
12 35 3
81 143 2
55 6 1
131 139 2
73 44 1
139 105 3
112 69 2
94 124 3
98 119 3
6 148 1
11 24 1
98 86 3
82 125 1
127 88 3
23 133 2
3 136 3
123 54 4
77 33 3
31 43 1
29 32 2
19 32 1
55 118 2
39 59 4
132 85 2
128 12 1
68 114 2
122 101 3
141 110 2
103 36 4
119 124 1
105 137 2
117 64 2
133 125 2
39 56 2
2 108 4
99 24 4
27 140 1
79 28 3
41 17 1
135 67 2
59 83 1
44 144 3
90 42 4
111 55 2
9 6 2
27 109 1
140 122 2
125 69 3
13 10 2
50 148 4
19 148 4
17 4 2
144 57 4
30 46 4
63 31 1
71 91 4
1 8 4
97 39 4
13 123 1
141 39 1
109 1 2
55 53 3
72 64 1
114 144 3
137 127 1
132 59 1
111 138 3
111 22 3
0 67 3
132 61 3
58 126 1
12 31 3
147 76 1
123 48 3
48 32 1
44 24 3
44 90 1
31 139 4
60 31 4
36 45 4
106 146 2
21 93 4
52 132 3
115 106 1
81 128 2
31 135 3
129 71 1
55 9 2
100 92 1
104 127 2
52 47 2
20 102 4
42 49 3
134 58 4
17 113 2
115 78 3
145 27 4
7 81 1
83 80 2
67 113 2
17 94 2
12 4 3
55 68 4
46 0 4
29 116 2
114 57 3
50 77 4
32 76 1
94 18 2
120 32 1
96 148 4
5 30 1
111 145 1
8 146 2
112 96 3
54 124 2
38 30 1
8 76 3
80 33 1
28 36 4
49 110 2
1 149 1
132 39 4
73 79 3
17 100 3
131 43 2
27 68 2
80 22 3
10 57 3
95 85 4
12 68 2
139 85 2
103 37 2
43 66 4
78 137 2
143 138 3
144 106 4
143 135 2
91 125 3
48 73 1
111 25 2
28 27 1
79 72 4
92 129 1
57 50 3
41 20 2
33 112 2
38 77 1
104 14 1
96 13 4
74 39 3
44 29 1
77 64 3
20 81 3
20 28 3
144 20 1
145 70 3
55 144 4
103 74 4
13 43 1
16 26 4
145 115 4
77 96 2
93 91 2
40 5 1
85 37 4
32 33 1
81 107 2
76 51 4
22 25 3
26 36 1
22 47 2
78 12 3
51 83 1
34 10 2
63 93 1
87 61 2
103 108 4
100 28 4
0 31 1
100 72 2
63 87 1
105 120 3
31 5 4
133 67 1
50 124 2
48 49 4
74 122 4
35 39 4
65 75 4
109 124 3
15 142 3
69 83 1
8 137 4
83 103 1
0 57 3
74 81 4
145 59 1
91 38 1
68 40 3
122 75 1
83 149 4
14 124 1
53 149 1
110 16 3
70 138 1
134 31 2
29 80 3
4 81 1
61 46 1
107 35 2
107 116 2
127 1 4
130 111 3
128 66 3
29 85 2
101 107 2
68 98 3
70 1 2
87 14 4
46 70 3
126 55 4
21 19 2
27 79 4
61 77 1
25 110 4
120 86 1
13 135 2
39 41 3
86 139 1
61 9 2
59 73 2
75 17 4
107 20 3
3 17 3
78 21 2
35 36 1
97 91 2
83 0 2
144 2 2
24 114 4
89 109 1
38 9 3
96 11 2
48 139 1
68 144 3
100 71 2
66 131 2
149 107 1
119 149 1
64 120 2
101 3 4
63 54 3
80 3 4
17 13 1
104 29 2
77 16 4
94 12 1
55 58 3
50 139 3
111 53 1
17 45 2
70 75 3
76 131 3
125 135 4
68 105 4
26 59 4
29 138 2
137 40 3
96 46 1
68 51 2
37 68 3
13 86 3
46 89 3
145 83 2
81 53 2
105 140 1
128 94 1
82 7 1
89 0 1
24 110 4
119 136 3
71 13 3
39 106 3
74 145 2
95 113 2
21 40 2
116 23 2
96 27 2
148 71 2
77 105 2
41 46 4
56 146 4
137 143 1
119 20 1
103 118 3
57 19 3
126 101 1
81 28 4
149 29 4
14 88 3
130 123 3
18 131 3
64 124 2
67 29 2
15 18 3
122 148 3
138 127 2
55 83 3
73 132 4
60 74 3
27 91 3
24 20 3
25 55 3
106 128 2
62 61 1
85 9 3
135 127 1
134 137 3
11 85 1
83 134 4
116 28 1
127 47 1
26 142 3
99 16 2
15 94 3
17 22 2
132 24 1
25 44 3
72 142 3
123 21 1
147 84 1
0 2 1
69 28 4
138 110 4
67 12 3
114 113 3
67 34 4
118 127 3
146 17 4
3 26 4
106 58 4
135 11 1
93 107 3
49 139 1
43 121 4
97 64 3
51 148 2
106 48 4
13 39 4
64 138 2
15 101 3
58 48 4
102 4 1
74 5 2
60 82 2
125 17 2
53 122 3
36 1 4
46 35 4
61 68 4
58 64 4
115 112 3
125 46 3
92 119 3
27 127 4
16 48 1
149 128 1
120 135 1
50 110 2
142 90 3
145 121 2
43 45 2
76 3 3
125 139 4
111 92 3
8 4 4
116 63 4
126 46 3
139 12 1
36 64 1
143 75 3
22 37 4
81 82 3
26 95 1
95 114 1
15 148 2
138 119 3
3 9 4
84 93 1
102 45 1
70 109 4
126 148 3
32 72 3
136 40 1
49 87 3
107 111 1
27 130 2
133 82 4
85 72 3
55 72 4
50 34 1
129 119 4
30 99 3
68 18 4
50 121 4
131 94 1
34 100 3
39 14 3
95 21 4
55 67 2
101 128 1
96 126 4
86 61 1
114 66 1
37 81 4
103 45 4
28 74 2
66 14 1
70 43 4
73 90 4
3 134 2
126 1 3
125 71 4
30 26 1
12 8 4
32 27 1
118 6 3
110 63 4
103 100 1
115 131 1
59 95 2
112 46 2
137 96 2
35 111 4
50 49 2
145 79 4
149 122 2
10 116 3
18 90 3
2 8 3
110 12 1
85 92 1
0 102 4
45 24 1
27 26 2
90 68 1
10 134 2
141 140 4
55 59 1
138 61 4
93 83 3
124 46 4
64 70 3
39 31 4
35 0 4
28 117 4
118 137 3
14 11 3
108 9 3
78 36 3
86 23 2
39 113 2
64 17 4
16 44 2
113 104 4
17 114 2
55 17 2
4 72 2
56 77 4
49 122 1
26 7 4
63 119 3
144 126 4
14 8 1
126 45 2
116 14 1
148 42 4
127 21 3
74 92 2
114 70 4
27 65 4
78 96 3
108 144 1
8 109 1
100 45 1
0 8 3
45 27 3
68 115 2
136 112 1
146 122 3
80 49 4
120 16 2
145 92 3
35 86 4
35 37 3
8 107 4
116 113 1
46 62 4
91 80 2
20 18 2
7 112 4
134 41 1
41 108 1
104 134 1
123 93 1
109 12 3
30 124 4
79 70 3
10 87 3
89 128 2
80 39 4
46 130 2
48 54 3
149 125 4
61 54 1
61 110 2
31 142 2
118 138 4
124 75 4
141 18 2
73 96 3
90 123 3
77 20 1
59 47 2
17 136 3
63 53 3
54 99 1
26 38 4
134 130 3
26 88 2
59 110 1
145 9 4
72 39 3
28 121 3
24 17 2
97 145 2
137 29 1
88 125 4
112 122 3
31 97 4
44 145 3
88 95 2
107 52 2
114 5 2
74 131 4
78 129 4
137 25 2
87 82 4
14 148 4
20 5 2
89 116 2
138 54 1
96 105 4
64 11 1
89 141 1
125 42 2
55 73 1
2 89 4
120 126 4
129 104 2
68 67 1
82 16 2
1 117 1
129 93 3
85 14 2
144 122 4
120 145 4
99 93 1
143 32 4
128 107 3
44 128 2
132 66 2
142 63 3
72 140 3
37 5 4
18 135 2
16 90 4
84 78 4
60 55 4
43 110 3
146 11 2
35 61 4
57 131 2
1 147 2
25 70 2
48 101 4
2 65 2
133 88 4
9 34 1
63 96 3
13 109 1
132 2 3
82 111 3
89 63 3
137 100 4
140 62 3
128 147 1
77 42 1
51 35 2
29 52 3
130 105 1
143 92 4
8 104 3
127 53 4
121 95 2
24 102 2
1 50 3
115 127 1
133 80 1
8 73 4
33 126 1
146 43 2
138 56 3
119 103 1
111 40 4
104 27 1
120 36 4
129 125 2
23 98 4
79 46 2
147 145 4
145 119 4
106 110 3
101 12 3
105 108 3
12 36 1
25 56 2
109 57 2
22 82 4
146 4 3
136 132 3
108 127 4
129 25 4
50 21 2
9 111 2
126 146 4
85 55 1
50 61 2
2 83 2
115 138 2
38 115 1
147 73 1
84 89 2
15 95 1
100 142 3
139 134 1
135 94 3
53 2 3
95 67 4
49 103 3
94 121 4
119 39 1
36 136 1
91 12 3
76 92 2
64 104 4
147 99 2
6 132 4
60 102 2
133 9 3
99 68 3
62 106 4
128 53 1
88 47 4
43 14 4
34 149 4
111 140 4
69 30 1
81 22 3
133 34 4
51 36 4
84 21 3
54 52 3
72 78 3
23 67 1
66 83 4
35 138 1
106 116 3
91 148 3
133 95 1
103 123 3
93 38 1
106 148 2
48 113 2
101 6 2
72 62 3
69 6 1
14 56 2
109 31 2
19 146 3
48 100 2
21 30 3
124 9 4
45 46 2
19 8 4
42 53 3
115 95 2
32 49 3
12 3 4
82 67 3
13 145 1
28 125 3
118 142 2
57 83 1
77 18 1
75 142 1
128 143 3
75 9 1
110 95 1
81 101 1
10 133 4
27 135 4
39 123 1
84 17 3
123 17 3
6 25 4
18 128 1
118 65 4
135 61 3
12 20 1
136 109 4
124 16 1
103 17 1
80 114 3
23 85 3
87 54 3
55 43 4
15 31 4
12 51 2
107 84 3
47 149 1
57 51 3
131 73 1
48 98 3
21 38 1
2 30 3
123 114 3
51 109 3
39 109 3
98 12 3
63 82 1
45 22 2
10 102 4
0 128 1
79 48 3
100 79 1
129 68 2
93 40 4
71 58 3
39 16 3
14 71 2
103 112 4
80 37 1
139 126 3
35 23 3
22 148 4
6 102 1
14 65 3
16 21 3
132 113 4
9 10 3
127 48 3
68 107 1
145 100 2
109 16 3
77 36 1
27 9 3
19 124 4
26 80 1
98 33 1
88 68 1
115 90 4
29 20 3
55 101 1
111 41 3
139 52 4
87 73 4
35 129 1
43 35 4
149 96 2
26 40 3
12 2 1
27 89 4
96 94 3
100 117 4
69 123 1
147 27 2
27 2 2
48 28 2
96 57 1
32 51 1
148 93 3
142 50 4
7 75 4
139 13 1
93 47 3
89 24 1
62 16 4
55 33 2
21 113 2
87 86 4
93 42 2
59 103 3
124 142 4
77 31 3
26 141 3
42 107 4
45 16 1
27 129 2
129 10 3
85 28 2
109 2 2
99 122 4
87 48 1
120 88 1
127 44 4
12 30 3
75 100 4
39 90 4
87 107 3
21 108 4
93 74 1
30 55 2
52 3 1
103 51 1
11 3 2
35 19 3
145 39 4
140 75 1
144 32 1
42 149 1
145 32 2
62 123 3
1 76 2
75 39 1
57 93 3
97 77 4
121 136 2
122 46 2
86 52 1
54 137 4
133 41 4
43 54 4
53 100 1
66 134 1
14 74 2
125 142 1
53 9 3
26 52 3
45 31 4
62 50 2
142 143 4
59 144 3
114 41 2
68 53 3
76 118 3
93 33 2
14 9 1
111 70 1
140 32 4
73 91 1
11 140 3
92 43 2
74 36 1
97 136 2
95 36 3
114 79 4
134 131 4
124 36 3
107 105 3
134 114 1
125 49 4
40 73 3
68 136 1
61 126 3
25 26 3
132 63 2
25 31 4
55 77 4
12 76 2
112 132 2
74 149 2
102 137 4
145 57 3
0 78 4
78 95 4
33 14 1
124 136 4
148 135 4
77 8 3
110 58 4
123 129 1
37 108 2
123 82 2
129 40 2
134 120 3
78 19 2
36 40 2
51 53 1
149 129 3
18 61 1
52 64 2
2 118 1
51 66 1
96 24 3
115 33 3
128 9 1
124 29 1
44 148 1
139 71 2
106 72 4
68 3 2
34 61 2
9 51 1
79 148 4
101 38 2
124 115 2
38 86 4
95 118 3
46 132 2
118 21 4
92 140 2
74 45 1
127 30 1
59 51 3
109 88 4
75 74 2
1 80 2
67 49 4
38 113 4
126 89 1
106 73 3
58 11 1
147 23 1
88 132 1
47 40 2
114 127 3
87 147 3
133 139 1
55 120 4
47 1 4
118 23 2
4 92 3
105 101 3
52 148 1
130 36 2
66 10 2
49 35 2
95 40 4
31 56 4
64 92 3
44 20 3
15 68 2
144 12 3
5 70 1
90 82 2
36 86 4
113 101 1
49 119 4
39 46 3
40 81 3
107 97 2
144 16 4
4 31 3
132 146 1
51 126 4
129 80 1
50 67 2
123 88 3
130 33 2
43 113 2
26 103 2
117 114 2
15 146 3
15 56 2
64 113 3
12 90 2
62 87 3
128 38 2
3 18 3
37 14 3
121 44 1
83 48 4
144 107 4
100 29 4
70 74 4
119 71 2
89 41 3
94 110 3
130 34 2
37 114 3
14 105 1
28 128 2
22 29 4
147 97 3
34 64 4
88 25 4
74 52 1
98 147 1
45 20 3
108 29 1
75 108 2
57 129 3
105 38 1
31 129 4
76 134 1
134 15 2
107 55 3
59 25 3
126 25 4
52 70 2
50 3 2
41 21 1
60 53 2
52 2 1
123 109 4
123 118 3
64 87 3
84 113 3
82 25 3
79 51 4
30 106 2
63 149 1
35 141 3
44 142 1
76 85 1
97 53 1
41 65 3
130 112 2
54 116 3
24 26 1
30 108 3
26 64 2
142 2 4
20 146 2
68 87 1
91 78 1
25 85 4
118 48 4
79 110 2
6 96 2
72 97 1
99 104 2
140 146 3
34 132 4
127 75 3
51 8 1
11 25 2
67 103 2
102 59 3
101 84 3
89 66 4
44 123 1
85 8 4
111 64 2
145 149 2
123 59 4
32 86 1
32 6 4
98 144 2
99 130 3
34 57 3
115 15 2
78 54 2
3 144 2
94 23 2
50 74 3
70 80 1
37 51 1
9 148 1
147 106 1
136 42 3
69 128 2
40 138 4
25 62 3
129 42 3
20 74 1
40 32 2
145 33 3
55 92 2
83 39 1
146 24 2
49 40 2
65 25 4
41 7 4
29 147 3
106 9 3
47 15 1
104 37 4
114 116 2
78 51 4
65 46 1
74 21 3
106 91 3
81 9 2
109 81 4
96 83 4
49 131 4
5 67 4
65 90 3
18 12 3
126 115 4
70 27 2
65 103 1
54 53 4
23 70 4
2 95 3
16 122 2
6 104 1
39 29 4
24 134 3
51 6 2
141 143 4
124 4 1
20 16 4
62 20 4
31 9 3
45 25 1
33 75 2
9 40 3
75 95 1
25 108 3
143 26 2
61 144 1
115 41 3
67 70 1
7 20 2
62 100 4
41 122 4
132 55 4
96 38 2
39 3 2
103 8 2
74 7 1
138 69 1
42 108 2
80 35 3
72 38 2
23 68 2
106 78 4
78 26 2
97 68 3
76 59 4
31 78 2
20 58 1
27 12 3
8 68 3
32 98 2
38 6 3
52 68 2
62 54 2
44 70 3
90 59 1
10 96 4
31 7 3
75 8 2
9 134 4
123 26 1
112 84 4
103 93 3
145 104 2
49 33 3
144 74 2
15 133 1
103 54 3
105 63 3
43 38 1
42 47 1
58 108 2
125 101 4
71 57 1
88 82 2
128 116 2
102 108 4
22 58 2
80 130 1
120 61 1
143 117 2
1 100 2
57 119 2
61 102 3
32 87 3
130 31 2
48 8 3
127 122 2
125 4 4
36 83 3
90 146 2
120 119 1
91 98 3
146 30 3
109 126 3
138 88 1
123 138 3
112 117 4
149 62 2
91 70 2
73 6 4
144 148 2
82 75 1
68 29 2
115 82 2
112 78 1
69 130 3
48 96 3
62 69 3
75 58 2
95 77 3
144 7 3
76 109 1
60 51 3
117 105 1
74 147 1
9 131 3
31 16 4
130 42 1
111 27 1
22 20 4
24 93 3
147 69 4
38 56 2
130 95 4
110 34 2
146 105 4
84 106 2
58 76 4
77 121 1
134 47 1
11 45 4
1 24 3
101 16 3
142 81 2
50 27 1
0 74 2
90 71 3
93 31 2
41 0 1
89 130 3
1 58 1
66 80 2
81 91 2
6 105 4
61 60 2
7 114 1
134 25 2
36 67 3
21 15 1
120 128 3
56 40 1
92 23 3
142 102 2
12 141 3
79 103 1
41 99 2
47 80 1
94 149 1
122 120 3
119 122 4
23 31 4
29 125 2
103 4 2
122 8 3
140 95 3
105 144 2
71 136 3
147 121 2
112 108 1
79 69 2
63 61 2
91 121 3
129 120 1
116 85 1
123 40 1
92 59 3
91 45 3
75 135 1
65 49 3
145 124 1
49 13 3
95 19 1
101 14 2
1 66 4
71 75 2
144 147 4
125 94 1
111 118 2
146 66 3
27 14 3
71 108 1
93 53 3
15 84 4
143 121 3
8 26 3
1 91 3
33 140 2
18 11 4
94 77 1
51 30 2
120 28 4
100 127 2
74 83 1
120 6 4
99 49 1
5 129 1
137 136 1
41 142 3
128 100 4
82 15 1
58 12 4
114 42 3
16 53 3
131 149 1
66 130 4
68 30 3
29 74 1
89 79 4
124 68 3
109 74 3
145 12 4
110 15 4
139 73 3
23 121 1
20 49 3
137 109 4
92 51 4
47 27 2
62 52 4
134 42 3
19 77 4
91 124 1
113 81 2
69 20 2
104 32 3
97 62 2
5 41 1
51 108 3
85 15 2
51 105 3
22 4 1
103 130 3
34 7 3
8 41 1
138 84 1
14 24 1
106 102 2
123 51 4
107 50 2
136 16 2
110 19 2
73 119 2
138 60 4
45 84 3
117 77 4
121 67 2
29 90 4
43 56 2
76 122 3
56 79 1
105 123 4
62 32 4
51 90 1
9 39 3
138 93 3
69 93 2
112 114 2
127 86 2
100 24 3
97 36 2
38 114 1
137 139 2
34 41 2
13 16 4
96 145 2
78 81 3
15 38 4
49 112 1
122 23 1
80 146 2
115 17 2
2 73 1
1 56 1
81 66 1
123 133 1
139 29 1
121 104 1
142 128 1
65 81 3
81 75 3
9 54 4
59 67 3
27 117 1
48 121 1
34 22 1
119 0 2
37 130 4
20 92 4
83 10 2
80 58 4
125 105 2
76 48 3
90 81 4
81 29 1
115 47 2
99 11 4
53 72 2
147 96 2
50 12 1
106 12 2
48 17 3
92 83 1
121 29 4
2 38 3
44 87 4
22 3 4
98 142 3
45 143 4
47 104 2
6 34 1
117 141 4
15 24 1
149 13 2
104 66 2
98 59 4
113 63 2
3 120 1
81 149 3
127 2 3
63 21 3
26 69 2
67 6 2
45 131 1
22 96 4
135 81 1
134 63 1
147 94 1
23 62 1
77 17 1
129 55 2
49 104 1
6 89 1
105 5 3
137 138 2
100 65 1
94 67 4
0 94 2
66 107 3
33 110 3
73 137 3
76 114 1
10 105 3
119 26 1
10 71 1
101 23 4
72 90 4
34 65 2
139 96 4
123 4 4
117 8 2
88 3 2
146 28 1
89 117 4
7 72 3
25 118 1
48 103 2
0 7 1
0 106 3
103 87 3
36 15 4
120 38 4
81 19 3
15 58 3
27 112 1
16 37 4
17 110 2
38 0 1
1 18 2
111 7 3
130 81 3
147 32 4
123 104 2
68 101 4
121 93 3
102 86 3
124 56 2
68 93 4
76 15 3
89 142 3
63 9 3
145 99 3
87 33 4
117 128 4
15 39 2
84 16 4
133 83 3
140 119 2
98 9 3
22 53 2
53 23 3
97 99 3
114 58 4
72 28 2
35 117 4
38 13 2
93 37 4
66 0 1
6 119 3
69 61 1
73 124 1
40 4 3
130 93 4
58 122 3
64 73 3
136 5 2
124 23 4
111 137 2
99 80 1
65 76 3
77 47 1
8 121 2
57 87 1
111 24 1
7 90 2
12 96 3
99 138 2
35 139 4
11 46 1
44 34 3
81 87 3
113 99 4
71 18 3
14 10 4
39 103 1
23 19 2
90 98 4
94 66 2
32 4 1
34 30 3
55 112 2
132 134 4
53 107 1
56 113 3
106 141 1
50 108 1
70 100 1
117 126 3
52 30 1
80 65 2
110 66 1
20 30 3
128 22 4
113 4 4
58 7 2
66 117 4
72 102 3
77 29 2
70 105 3
24 123 4
61 107 4
99 26 3
109 6 4
149 100 3
30 44 4
57 118 3
17 148 1
47 122 2
91 85 2
92 45 3
33 149 1
48 26 3
111 23 3
16 4 2
47 41 1
142 1 2
145 65 4
131 137 4
144 4 4
50 81 2
93 105 1
83 16 1
80 122 2
83 40 3
73 47 1
119 46 4
29 110 1
42 66 2
21 82 4
57 94 2
93 7 1
85 52 2
115 101 3
122 77 4
12 118 1
0 130 3
1 145 2
80 20 4
88 39 2
33 44 3
67 47 1
131 141 1
122 128 1
85 61 3
96 20 4
127 121 1
36 88 4
144 9 3
132 75 3
80 43 3
105 111 1
72 63 1
132 10 4
138 1 2
68 95 2
126 24 3
29 127 3
93 8 2
17 87 1
137 34 3
6 62 4
97 66 2
29 63 4
83 98 3
112 119 4
46 93 1
73 36 4
45 108 4
129 64 4
116 31 2
118 37 2
41 15 4
140 25 1
38 142 2
98 146 3
23 90 2
40 2 2
127 133 4
135 149 4
69 149 1
50 111 3
104 101 4
98 115 4
18 2 2
59 58 2
102 77 1
124 67 2
90 109 3
141 116 4
133 1 3
18 69 1
17 91 2
41 101 2
101 18 1
68 85 2
95 45 1
98 120 3
149 102 1
5 49 4
121 30 2
133 2 2
101 93 3
71 65 3
124 116 4
3 63 4
95 101 2
89 101 3
85 46 1
103 126 3
147 89 2
146 95 3
2 1 1
47 58 2
41 10 2
38 107 2
80 141 4
129 124 3
40 86 4
31 121 3
72 95 1
78 10 4
96 51 2
87 102 4
101 54 3
68 132 3
93 82 1
130 90 2
49 137 1
57 27 2
35 50 3
144 142 1
143 111 3
3 75 4
13 7 1
32 17 4
70 6 3
111 119 3
92 97 1
102 110 1
39 21 4
136 53 3
10 1 4
78 109 1
31 85 4
85 74 3
37 55 1
12 47 4
22 127 3
105 49 1
45 42 3
2 119 4
115 57 2
82 12 1
84 51 2
79 85 1
121 103 2
146 137 4
114 128 4
105 85 2
63 59 3
43 73 4
3 64 1
33 52 3
93 15 3
89 45 1
124 82 3
4 24 3
136 84 4
70 125 2
131 17 3
71 130 4
140 86 4
26 149 2
4 121 3
11 86 1
105 88 2
8 142 4
70 33 4
58 94 2
48 86 4
52 126 1
96 86 3
34 72 3
30 81 4
113 27 2
76 123 3
93 64 3
120 103 2
134 75 1
55 44 3
17 96 3
126 98 3
24 71 4
33 45 2
129 103 1
47 140 4
128 124 3
95 141 4
5 83 3
60 22 3
112 10 4
52 66 2
67 51 4
65 125 1
43 12 3
134 112 3
12 46 2
134 143 2
137 69 4
25 14 3
15 64 1
126 60 1
97 103 3
22 12 1
74 91 1
143 87 1
71 120 2
38 52 2
9 80 1
24 137 3
148 103 1
15 55 2
13 130 4
95 52 4
57 101 1
89 69 4
66 23 1
101 100 3
64 91 2
88 7 2
101 31 3
50 91 2
100 143 3
147 42 4
115 26 3
9 25 1
69 5 4
128 29 3
131 130 2
78 87 2
146 63 2
28 145 4
142 137 4
69 37 2
113 141 2
47 46 3
58 145 2
47 24 1
84 9 4
85 62 1
70 83 2
2 26 1
104 30 2
72 61 2
50 105 1
87 47 3
109 87 3
139 104 4
107 77 1
0 50 3
20 98 3
103 21 3
29 34 1
30 49 2
30 142 1
95 100 4
5 11 3
96 41 3
95 90 4
124 111 4
13 114 2
134 33 1
62 8 3
37 78 1
13 111 2
139 27 2
143 77 3
133 25 2
83 100 3
136 102 1
69 122 2
80 126 2
97 63 2
69 78 2
137 122 3
27 15 4
23 140 1
44 89 3
39 104 3
128 139 3
69 91 2
43 23 2
67 77 2
49 86 3
32 89 4
52 130 2
83 42 3
123 84 1
83 41 4
129 52 3
139 55 2
23 107 1
130 15 1
101 145 3
148 64 3
147 77 1
9 117 3
