4975 200
0 20 6
1 195 9
2 56 4
3 72 4
4 142 7
5 0 3
6 195 5
7 33 4
8 74 8
9 127 9
10 14 2
11 70 6
12 154 3
13 123 8
14 166 1
15 170 1
16 22 7
17 51 8
18 194 8
19 89 9
20 81 3
21 130 5
22 42 7
23 29 5
24 15 1
25 162 3
26 154 3
27 84 9
28 114 5
29 49 3
30 56 4
31 76 9
32 178 7
33 169 8
34 9 3
35 31 7
36 9 6
37 141 3
38 5 1
39 6 2
40 111 2
41 115 7
42 110 7
43 20 3
44 153 4
45 154 5
46 125 9
47 134 5
48 2 6
49 27 2
50 137 1
51 109 8
52 132 2
53 102 1
54 130 4
55 48 5
56 125 2
57 12 6
58 139 9
59 69 6
60 167 8
61 182 1
62 26 8
63 155 9
64 96 2
65 152 2
66 147 2
67 193 3
68 168 8
69 56 7
70 110 5
71 123 8
72 152 8
73 81 6
74 80 9
75 50 7
76 8 5
77 22 3
78 128 2
79 92 3
80 51 4
81 54 5
82 5 4
83 137 9
84 133 2
85 24 7
86 10 1
87 71 5
88 102 8
89 97 6
90 71 4
91 1 1
92 199 2
93 65 4
94 70 6
95 129 2
96 184 1
97 96 5
98 144 4
99 56 9
100 185 9
101 100 5
102 43 8
103 52 5
104 33 1
105 142 2
106 180 8
107 49 3
108 91 1
109 197 7
110 150 4
111 32 2
112 138 1
113 13 2
114 152 4
115 113 6
116 70 2
117 148 1
118 188 4
119 91 7
120 176 2
121 83 4
122 195 7
123 118 4
124 104 1
125 192 2
126 178 5
127 163 5
128 95 7
129 7 6
130 133 8
131 123 2
132 23 4
133 179 5
134 108 4
135 47 4
136 153 8
137 25 4
138 187 8
139 10 5
140 15 1
141 79 1
142 156 1
143 175 7
144 192 5
145 164 4
146 15 9
147 17 3
148 197 1
149 101 3
150 42 8
151 124 5
152 75 3
153 169 5
154 178 1
155 52 4
156 34 9
157 4 2
158 8 6
159 185 1
160 21 4
161 184 6
162 58 4
163 31 3
164 44 5
165 28 1
166 182 6
167 73 8
168 114 3
169 152 5
170 190 8
171 108 4
172 69 8
173 132 2
174 104 6
175 38 2
176 174 8
177 24 6
178 19 6
179 108 5
180 15 7
181 23 9
182 120 5
183 0 5
184 41 7
185 116 3
186 32 3
187 159 8
188 158 1
189 144 7
190 87 8
191 6 6
192 110 4
193 117 1
194 18 4
195 11 5
196 129 7
197 8 2
198 184 3
199 35 4
39 48 1
180 40 1
78 115 4
11 30 3
168 66 4
89 49 1
184 95 2
144 148 4
51 167 3
95 21 3
91 92 4
28 91 2
48 14 3
48 78 3
185 5 3
158 108 2
125 148 3
104 119 2
19 149 3
73 170 4
84 57 4
140 75 3
135 13 3
143 140 3
63 55 3
156 96 2
37 99 1
177 138 2
95 10 1
150 184 4
134 111 1
136 44 4
163 114 1
6 72 2
171 46 1
194 42 2
61 110 1
163 35 2
38 172 2
195 127 3
45 7 3
115 144 1
126 3 1
130 144 4
98 45 4
45 93 4
62 134 2
20 132 2
147 111 4
116 17 1
48 183 1
180 137 3
134 69 2
42 41 4
141 12 3
104 61 2
93 170 3
198 171 3
155 89 4
148 187 4
52 46 3
121 167 1
25 106 1
73 37 2
68 53 3
65 82 3
78 165 3
93 113 1
100 99 3
173 107 4
173 22 4
88 62 2
22 199 2
183 11 3
53 160 4
193 49 2
152 9 1
128 92 2
87 3 3
88 113 1
0 108 1
5 90 2
62 183 3
18 24 2
152 141 4
181 35 1
151 90 1
178 10 4
90 16 2
134 25 1
5 66 3
28 145 1
87 159 2
141 48 4
49 25 4
5 186 1
16 159 2
59 85 2
91 193 1
194 91 3
63 111 4
20 195 3
130 114 2
28 106 4
59 127 3
50 67 2
101 176 1
187 44 2
64 73 4
186 154 1
46 169 1
190 151 1
189 159 4
184 127 3
152 33 3
188 179 1
118 51 3
67 52 2
154 134 4
163 18 3
84 127 1
69 29 1
143 148 3
84 12 3
165 143 4
151 195 2
53 10 3
183 98 4
100 15 4
158 26 2
37 72 4
80 133 4
170 22 4
189 193 4
137 61 1
189 91 1
83 130 3
46 8 2
105 33 2
10 77 4
67 18 4
119 92 3
32 14 3
41 52 1
178 118 4
75 125 4
159 20 2
73 119 3
2 59 4
105 124 3
139 15 3
42 86 2
2 66 1
46 44 4
181 185 2
19 123 1
186 30 2
20 130 1
171 148 1
171 56 4
15 129 3
96 188 1
60 15 3
132 50 3
116 87 2
162 31 1
183 174 2
8 161 2
177 145 1
38 115 3
39 166 1
11 107 3
36 118 4
77 95 4
105 98 3
57 24 1
31 68 2
70 67 3
69 163 1
158 107 2
134 177 2
4 14 4
52 72 1
37 143 2
144 97 2
119 30 4
166 18 4
18 104 3
105 45 3
41 199 3
141 102 2
8 189 4
57 159 4
125 141 4
30 160 2
122 6 3
76 159 1
95 104 2
25 54 3
47 57 2
7 166 3
88 166 2
175 76 3
132 3 2
28 140 1
96 149 3
66 138 3
155 168 3
44 34 3
176 173 2
7 180 4
139 150 2
153 11 4
195 155 4
8 15 3
74 5 3
175 69 3
152 96 3
193 111 2
190 186 1
31 36 3
179 105 3
58 188 4
114 72 1
126 69 2
105 74 4
120 113 1
102 27 2
190 78 2
179 13 3
15 131 3
89 193 3
16 34 1
87 169 3
21 61 1
113 4 1
85 36 4
120 80 3
121 165 4
99 70 3
100 20 3
161 102 2
199 16 4
61 184 2
49 96 2
170 94 4
181 119 1
156 38 3
127 44 3
196 192 1
13 79 1
14 24 2
93 145 3
112 7 1
150 132 2
42 198 4
146 185 3
42 188 2
50 104 3
157 33 1
102 129 1
155 117 4
121 59 2
108 67 1
28 35 2
73 135 1
19 167 1
24 95 3
51 59 1
41 40 3
103 183 3
4 49 3
29 107 1
161 136 4
21 22 3
147 151 3
25 3 2
23 49 2
98 180 3
138 32 3
46 159 2
63 104 4
39 183 3
66 169 2
193 22 1
80 20 1
24 39 2
37 126 3
150 92 4
25 91 3
6 192 4
126 94 2
70 136 3
26 14 3
127 82 1
169 157 3
42 75 4
193 177 4
13 126 4
0 131 3
24 168 3
93 71 1
164 159 1
181 18 1
19 96 3
144 136 4
82 68 1
148 24 2
45 80 4
89 64 3
48 90 1
15 183 3
110 5 3
137 77 4
123 172 2
10 194 3
83 96 2
40 33 4
183 2 3
7 130 3
68 57 4
104 136 4
15 159 2
47 150 4
147 71 1
137 16 1
191 18 1
21 9 2
89 136 3
64 143 3
155 180 3
137 31 2
169 21 2
41 71 2
38 152 3
114 165 1
99 124 1
123 177 1
136 180 3
145 52 1
115 75 1
45 139 1
107 91 3
53 11 4
142 167 1
69 2 4
166 30 2
113 170 1
64 8 3
164 57 2
39 36 4
66 89 1
125 88 2
90 85 2
67 42 2
171 153 1
39 180 4
23 77 1
6 186 4
135 117 4
130 185 1
82 67 3
193 158 4
94 112 4
84 73 3
131 39 4
5 152 2
135 18 2
128 196 3
106 188 1
62 71 2
49 166 3
184 137 2
21 84 2
28 168 3
137 182 4
24 152 1
68 60 2
106 66 3
112 68 4
172 164 3
82 81 4
111 80 2
77 118 2
28 184 2
74 12 2
146 45 2
68 85 1
5 84 2
86 4 1
199 179 4
73 75 4
11 32 2
164 33 3
172 50 4
157 71 3
0 117 3
88 195 4
75 188 3
0 184 3
148 113 1
53 4 3
154 91 1
150 136 1
52 141 2
86 157 4
7 175 3
113 198 4
185 168 2
104 15 4
2 120 1
181 69 1
165 113 4
53 181 2
122 136 3
90 31 1
149 26 2
40 184 2
162 124 2
90 119 3
40 1 3
149 128 4
94 185 2
29 191 4
132 191 1
16 17 1
173 112 2
139 148 4
5 190 1
32 133 3
185 161 4
91 161 4
35 149 2
98 51 2
8 116 1
180 140 1
82 182 4
27 72 3
24 77 2
18 103 3
152 44 4
184 94 4
152 159 1
63 84 3
193 153 2
158 90 3
51 166 1
101 9 1
61 91 3
57 125 3
140 50 3
141 139 2
43 184 4
138 46 2
72 61 4
120 35 2
193 144 2
101 115 2
136 67 4
196 50 3
36 130 4
95 60 4
96 35 3
9 38 4
104 29 1
147 93 3
34 187 3
138 77 3
9 119 1
85 137 1
135 172 2
66 103 2
128 26 4
118 191 3
185 64 4
188 147 3
18 42 1
99 130 4
8 50 4
188 63 3
115 146 3
95 119 4
93 183 3
130 162 2
190 132 1
198 199 2
39 97 2
3 60 3
194 40 4
169 133 4
38 119 1
133 52 3
24 122 2
81 194 4
67 138 1
99 86 2
158 127 3
53 46 2
109 144 1
32 4 1
123 100 4
71 113 1
46 91 1
92 171 1
112 65 1
75 39 3
49 124 3
5 18 1
66 88 1
118 15 1
192 178 3
160 14 2
158 10 4
56 164 4
133 44 1
149 60 2
62 56 2
149 89 4
49 176 1
58 157 3
51 21 1
45 35 4
158 78 4
120 108 4
11 73 1
22 93 2
196 23 2
28 116 1
193 66 2
74 170 4
34 64 1
77 197 3
198 117 3
152 166 3
76 69 3
67 191 2
178 121 4
77 69 2
124 189 4
179 15 1
137 163 4
142 23 2
53 99 1
92 130 1
17 124 2
62 83 3
37 29 3
101 166 2
16 87 3
187 119 2
164 77 1
56 175 3
167 28 3
16 191 2
23 45 2
191 88 2
137 198 2
37 176 2
36 181 4
70 50 4
17 118 3
62 29 3
179 10 2
191 138 4
45 166 4
177 48 4
194 95 4
23 153 1
120 85 3
113 5 2
128 49 3
22 172 2
183 160 3
93 48 4
168 33 1
74 168 3
62 160 2
89 87 4
18 106 4
18 99 1
78 116 4
180 185 4
125 198 3
86 184 4
67 13 3
111 71 2
181 27 1
160 19 3
187 180 3
89 164 4
163 24 4
143 135 1
40 30 1
137 185 3
140 170 4
94 30 3
185 93 3
75 95 4
170 188 3
145 63 1
183 44 3
129 155 2
117 71 2
160 163 1
50 169 1
189 183 4
120 32 1
175 60 3
145 122 4
147 113 3
73 70 2
37 27 3
70 137 3
77 60 2
113 157 1
77 178 2
67 54 4
71 180 2
198 109 1
96 109 3
128 180 1
125 172 1
56 121 4
2 64 4
193 32 1
3 101 2
22 106 1
19 130 2
18 131 2
24 113 2
115 122 2
79 102 3
27 100 1
149 115 2
134 61 3
75 7 1
4 155 4
50 44 1
121 39 2
146 60 2
7 127 1
32 197 4
36 10 4
59 133 4
74 32 3
44 138 3
156 98 4
69 16 3
155 45 2
38 105 3
49 77 1
173 8 3
170 161 4
131 33 4
7 88 2
150 2 1
58 170 2
175 36 3
167 192 2
44 18 4
127 191 2
149 132 2
15 191 1
160 66 1
194 34 4
67 139 4
29 149 2
153 116 4
150 173 2
115 18 1
73 2 3
161 162 4
165 155 1
34 61 2
78 62 1
20 122 1
119 178 1
197 95 4
171 167 3
84 60 2
102 127 2
38 108 4
174 29 2
89 125 3
96 61 1
189 57 3
183 41 3
43 90 3
29 159 3
8 3 1
19 147 3
193 195 3
188 133 2
179 84 4
196 18 4
11 180 1
102 193 2
100 5 2
158 37 3
117 112 2
175 163 2
131 100 1
190 131 4
184 17 3
140 39 1
172 9 3
99 194 2
123 9 2
86 95 1
39 80 4
54 106 2
25 85 3
85 86 4
107 63 2
113 181 4
122 82 4
5 143 2
50 18 2
122 191 1
150 131 2
143 199 3
48 43 1
159 12 1
163 50 4
167 14 3
92 18 3
23 149 4
64 156 3
77 58 2
197 79 1
21 49 4
43 51 3
11 189 3
152 106 4
28 9 2
174 77 4
104 13 3
180 131 4
166 141 1
192 0 3
40 64 4
158 187 1
7 158 1
113 178 1
134 43 4
160 7 3
105 110 1
145 126 4
132 87 2
107 98 3
33 12 4
143 117 1
78 46 4
57 188 4
11 63 1
3 59 4
109 116 4
187 48 2
146 165 3
101 140 4
139 140 2
27 77 2
189 187 1
195 33 2
40 20 2
46 68 4
113 66 3
31 169 1
189 154 2
160 114 1
63 29 4
158 156 4
136 63 1
111 29 4
176 25 2
142 162 1
94 53 1
44 188 1
73 125 3
189 122 4
96 162 4
196 112 2
57 166 2
135 169 1
139 160 1
36 178 3
101 183 3
46 172 2
197 164 3
87 185 4
196 157 3
54 97 3
9 111 4
146 102 2
188 142 2
194 199 3
99 123 2
48 155 2
176 163 3
170 98 3
74 190 2
161 96 1
55 10 3
79 50 2
14 194 4
14 57 1
175 74 2
148 72 4
23 75 3
1 25 2
40 178 4
69 116 2
53 112 2
44 59 2
9 153 4
22 151 2
59 81 4
144 129 4
95 56 1
49 192 1
52 48 1
64 130 1
70 114 1
180 121 4
36 57 3
53 172 1
11 133 4
36 69 2
123 110 3
85 134 3
166 111 3
41 34 3
180 90 3
36 62 4
49 42 4
100 157 3
66 13 1
192 25 4
13 147 2
67 151 2
156 100 4
52 153 4
32 78 4
178 163 2
72 107 2
76 19 3
78 118 3
158 27 2
62 170 2
9 85 4
133 164 3
3 16 4
25 103 1
17 109 3
35 144 1
123 154 2
2 155 2
187 26 1
138 173 1
85 61 4
99 126 2
151 159 4
97 7 2
103 164 3
53 35 1
10 9 1
82 27 2
176 117 2
169 137 2
120 131 3
50 78 1
91 30 4
22 20 1
50 155 1
72 115 3
102 184 4
169 84 3
23 24 4
189 137 4
197 106 3
80 193 2
100 38 2
42 100 4
22 70 3
122 140 1
78 152 3
17 113 1
169 73 4
113 159 4
54 118 2
82 100 4
59 102 3
55 33 4
194 139 2
74 29 3
142 44 3
165 149 4
165 68 2
169 77 4
139 169 1
143 101 2
115 79 4
69 31 2
145 124 3
69 74 4
103 85 3
69 192 1
1 179 3
14 34 4
164 62 3
123 140 3
27 168 4
53 117 3
32 145 2
165 181 3
98 176 4
100 194 2
66 163 1
85 160 1
190 106 1
103 29 2
180 46 2
106 95 4
69 140 4
36 94 4
49 37 3
156 66 2
181 115 2
179 116 2
191 64 2
19 115 2
59 9 1
59 86 3
8 195 1
191 25 2
44 189 4
116 82 1
34 33 2
125 9 4
177 114 3
9 94 1
128 30 3
114 157 2
123 116 2
176 100 3
191 113 1
61 126 4
187 82 4
20 113 1
196 4 1
19 75 3
173 109 1
188 141 4
50 190 4
65 133 1
166 116 1
169 8 4
18 150 3
55 84 4
48 121 4
138 115 2
175 100 4
143 24 1
169 3 1
172 160 1
102 46 3
97 46 3
79 62 4
27 0 1
140 77 2
138 19 3
2 141 3
166 34 3
56 127 3
144 55 1
133 90 3
137 14 2
134 77 4
67 80 4
152 125 2
94 72 3
61 95 2
90 91 2
140 120 1
77 152 1
94 22 4
139 182 3
48 103 4
56 34 3
134 34 2
50 10 1
150 23 3
113 18 1
153 60 3
144 182 1
8 102 1
171 164 3
153 42 2
56 4 4
164 104 2
61 41 4
66 195 4
144 122 3
187 153 1
36 38 1
149 183 3
101 65 4
89 112 2
24 88 2
21 28 4
58 76 4
158 170 4
37 181 3
7 170 4
167 46 3
107 14 3
163 45 4
60 73 4
6 137 3
126 45 2
165 163 4
180 115 1
186 106 3
7 4 4
106 74 1
58 172 2
66 161 2
17 144 1
148 115 2
157 154 1
161 88 4
18 41 1
97 68 1
36 146 2
176 108 1
173 167 3
126 155 3
27 142 4
114 46 2
37 50 2
144 188 1
118 55 3
179 2 4
5 134 3
97 47 4
111 18 4
187 113 4
36 7 4
128 85 1
198 140 1
53 176 3
129 152 2
54 190 2
94 77 2
160 93 2
135 123 1
104 189 3
196 111 2
52 165 4
28 41 1
199 185 1
68 107 3
21 50 3
77 160 1
30 122 2
104 186 4
108 159 4
99 12 2
111 54 4
151 29 4
168 101 3
62 135 1
8 125 3
135 112 4
15 175 3
6 136 1
42 70 1
70 183 2
14 71 4
108 127 2
85 30 2
65 94 1
107 82 4
49 123 1
122 198 3
8 183 2
124 193 4
121 114 2
35 75 2
5 194 2
131 42 4
44 107 3
156 179 4
34 21 3
18 134 1
117 44 1
123 114 3
105 88 3
8 175 1
44 29 1
35 131 2
32 90 2
72 167 1
34 72 4
153 184 4
28 8 3
69 48 3
40 97 2
81 147 4
186 87 4
79 178 3
31 173 4
46 29 2
128 150 4
173 183 3
53 83 4
190 166 4
137 165 2
67 61 1
72 75 3
152 144 1
43 71 4
23 162 4
188 152 3
25 148 4
177 35 1
49 48 1
72 11 3
48 132 3
54 33 2
29 115 3
190 40 3
64 133 3
123 56 3
15 189 4
92 15 1
13 122 4
112 104 3
97 145 3
29 171 1
165 158 2
12 103 2
54 150 3
74 151 3
41 194 2
7 179 2
58 86 1
96 85 4
121 62 3
149 80 2
37 77 2
27 42 3
67 43 4
47 17 2
138 113 3
193 54 1
38 28 1
20 131 2
194 38 3
7 188 2
108 73 1
145 29 3
153 140 3
126 81 2
99 3 1
25 105 2
25 120 1
9 159 3
131 62 4
97 143 2
163 144 3
85 88 3
149 62 4
59 173 1
157 137 2
73 172 2
83 19 3
125 161 2
21 150 2
124 160 4
138 130 4
81 159 3
23 54 3
35 127 3
119 52 4
180 56 1
134 90 4
77 28 1
176 97 3
51 124 3
38 2 2
83 170 3
94 178 4
178 65 3
71 5 1
13 108 2
29 160 4
59 105 4
22 169 2
62 20 4
142 2 1
13 62 1
85 140 1
77 86 3
148 190 3
135 30 3
45 125 4
127 45 2
42 135 3
113 183 2
164 1 1
35 176 4
179 77 2
185 49 4
18 76 4
104 171 1
99 14 1
47 3 1
21 137 4
97 69 2
178 171 1
63 37 2
189 108 1
169 138 2
87 172 3
131 193 1
19 181 4
196 170 1
109 28 4
12 194 2
23 140 3
133 39 2
66 166 2
44 37 2
185 121 3
113 140 2
153 78 3
162 76 3
128 15 4
107 16 2
156 32 2
48 59 4
116 122 4
94 147 1
15 105 1
33 79 2
66 181 2
29 45 1
21 112 4
126 182 1
74 112 4
76 40 1
160 191 3
0 188 4
161 105 4
60 100 2
113 76 2
23 194 2
186 44 2
91 184 2
38 29 1
5 133 1
34 71 1
99 197 4
143 68 1
196 104 3
185 2 2
3 120 3
88 158 1
173 134 2
7 78 2
77 110 2
169 70 1
140 121 1
104 134 2
169 182 4
50 81 3
114 67 2
181 126 3
77 147 1
27 56 2
48 94 4
191 168 3
5 150 1
27 123 4
158 89 2
44 38 1
100 104 3
109 188 4
185 142 2
22 69 2
73 116 2
123 98 2
70 141 4
61 69 2
75 116 1
139 191 2
172 119 1
115 121 2
30 79 3
49 199 2
7 121 1
105 197 4
164 189 2
133 137 2
110 33 4
102 113 2
165 81 3
187 146 1
197 58 3
166 131 4
87 9 4
195 72 1
13 118 3
184 74 3
46 174 1
58 52 4
193 163 2
60 116 4
177 167 4
45 101 4
66 21 4
131 185 2
193 35 4
126 79 3
81 142 3
31 21 1
72 110 4
15 72 1
188 80 3
120 178 4
157 135 3
44 8 2
170 38 4
38 120 4
23 73 4
107 170 4
126 158 1
134 109 2
124 58 2
93 106 3
39 64 1
8 7 3
73 186 1
183 40 1
75 94 3
55 130 1
178 74 1
172 179 4
113 126 1
139 68 1
158 35 1
43 164 1
189 146 4
138 21 3
111 47 2
34 90 1
109 34 1
130 96 1
116 88 3
172 7 3
95 93 3
125 44 2
119 54 3
88 84 1
113 195 3
168 129 4
28 84 4
33 199 2
37 75 1
137 4 4
48 29 2
176 191 2
169 177 3
53 193 3
165 107 2
88 72 1
51 57 3
179 177 1
121 100 4
60 194 3
107 20 4
191 74 4
116 193 3
120 22 4
2 95 3
42 11 1
49 102 4
78 164 4
177 57 2
163 29 3
98 137 3
128 143 2
147 79 4
2 113 4
171 51 3
10 15 3
164 176 1
130 4 4
162 197 1
68 5 1
189 94 2
80 163 2
132 99 1
172 180 1
118 110 1
123 190 3
150 9 3
90 104 3
176 148 2
74 10 1
182 171 2
168 39 1
85 179 1
39 54 2
96 105 4
4 27 4
102 181 4
191 123 3
118 186 4
86 117 4
96 75 4
71 106 4
182 170 4
197 119 1
59 21 4
44 169 3
67 75 2
128 6 1
102 114 4
75 56 2
30 156 4
151 69 3
172 43 1
114 180 3
135 151 3
23 157 4
26 176 1
164 98 3
67 165 1
118 142 1
67 0 2
149 129 1
198 39 4
139 65 3
4 141 3
160 164 3
164 52 1
5 138 4
95 39 4
186 65 3
74 181 4
48 147 3
115 99 1
116 162 4
100 120 1
103 167 4
187 169 3
104 97 1
69 197 4
125 49 4
144 139 1
89 34 2
188 178 1
171 132 2
161 11 2
48 89 3
3 88 4
115 185 2
16 144 3
30 178 4
165 5 4
145 57 3
63 195 3
199 26 1
120 64 4
151 168 1
143 197 4
181 17 1
149 175 1
21 121 3
151 197 4
12 48 1
31 126 2
44 199 2
106 97 4
165 148 3
197 139 4
193 114 1
84 126 4
173 66 2
154 127 2
171 43 4
86 103 2
107 13 1
103 153 3
195 130 1
6 77 3
157 67 1
18 45 4
67 97 3
173 75 2
183 46 4
85 20 4
121 55 2
19 91 4
125 189 2
61 163 3
95 96 1
8 29 1
163 55 2
139 90 4
26 22 1
187 121 3
34 69 4
41 82 2
16 23 1
70 1 2
22 119 2
11 104 4
30 71 2
78 23 1
0 196 3
75 119 4
32 26 2
98 197 4
106 68 4
81 175 1
115 81 4
75 74 4
141 103 4
22 104 1
76 158 3
78 102 4
185 119 2
150 149 2
134 174 1
56 49 2
143 48 3
92 190 2
7 59 4
41 70 1
109 81 3
162 135 4
192 198 1
126 134 4
125 199 2
171 31 2
112 165 3
199 131 3
126 187 2
114 198 2
174 180 3
59 73 2
6 159 3
24 130 3
57 129 4
10 7 4
148 8 2
185 190 3
152 11 4
106 171 3
90 39 2
58 16 2
31 120 2
162 91 4
12 25 4
51 47 3
33 194 3
69 106 1
16 109 1
105 43 1
138 91 1
196 77 4
38 18 4
180 177 1
34 150 2
102 151 2
120 151 4
28 61 3
79 164 1
89 71 4
84 56 4
146 89 2
39 70 1
46 33 2
16 118 2
55 139 1
56 60 4
98 161 4
76 10 3
21 107 2
101 182 1
199 72 2
124 198 1
181 196 1
161 35 3
8 128 3
130 155 2
99 150 3
64 125 2
152 134 2
117 153 1
44 82 2
13 59 4
28 88 2
49 162 2
146 11 3
190 157 4
25 177 1
84 142 3
35 186 3
38 198 3
36 183 2
88 41 1
89 194 2
81 37 4
65 38 4
180 97 3
147 50 3
42 193 1
159 184 3
121 191 4
92 98 4
102 104 4
93 124 1
112 34 1
197 131 3
198 27 1
68 45 4
150 64 3
178 44 2
68 17 3
60 174 4
10 26 4
28 53 4
80 150 1
86 5 3
52 186 3
120 99 3
92 167 3
83 134 2
64 100 4
91 158 3
2 43 3
61 121 2
31 12 4
172 16 2
155 101 1
77 159 2
17 131 1
107 65 4
31 25 1
4 176 3
55 190 2
156 63 4
44 32 3
123 176 3
5 29 3
4 144 3
148 180 3
192 24 4
155 97 2
18 81 4
101 136 3
41 160 1
135 144 2
92 76 3
22 123 2
102 162 1
182 44 3
71 110 4
102 83 1
189 18 1
44 147 4
70 190 3
4 152 3
82 93 3
63 110 4
157 25 3
3 144 2
91 21 3
0 160 4
73 114 2
37 68 2
123 141 4
192 72 1
92 58 2
167 67 3
195 158 2
9 61 4
59 60 1
52 108 2
12 92 3
165 34 1
162 132 2
105 144 3
8 70 4
38 7 1
144 25 2
123 117 2
4 74 3
99 163 1
60 142 2
13 195 2
137 176 2
187 174 1
75 65 4
199 183 2
124 140 3
154 39 2
13 91 4
99 35 2
136 170 4
66 34 4
52 89 2
13 88 3
144 87 1
36 83 3
186 161 4
76 39 4
161 5 2
101 153 1
45 27 3
61 58 2
175 5 3
56 39 1
107 32 4
161 151 4
135 23 4
195 94 4
154 54 4
111 0 3
199 119 1
98 77 3
50 117 2
195 60 1
91 94 2
118 25 1
135 77 4
159 125 1
102 0 4
23 185 1
79 85 3
173 123 2
110 140 3
136 48 1
95 84 3
44 71 3
109 165 3
84 6 3
175 157 4
33 130 3
182 1 2
23 110 3
77 33 4
72 68 3
124 42 1
129 194 3
188 174 1
35 22 1
12 61 3
91 0 4
183 150 4
170 4 3
63 56 2
180 190 4
7 176 2
60 105 1
129 167 1
120 14 1
187 24 4
73 165 4
47 163 2
7 35 3
51 128 1
15 176 4
190 99 1
1 192 2
177 158 2
76 43 2
159 103 3
56 74 4
2 110 2
17 103 2
103 63 1
84 177 2
61 181 4
27 83 1
123 153 4
35 30 2
29 122 4
5 101 1
35 65 2
182 87 1
136 159 3
129 75 2
196 9 4
109 189 3
182 95 4
184 100 2
40 119 2
152 158 4
83 41 2
182 175 3
140 185 4
166 65 1
115 42 4
147 165 3
174 22 2
86 100 2
174 70 2
7 117 3
41 10 3
12 158 4
193 118 4
103 177 2
70 64 1
57 114 1
119 144 3
66 182 1
193 52 1
3 30 1
49 46 4
105 47 3
196 171 2
134 76 1
68 28 2
140 187 3
66 111 3
64 98 4
92 3 1
72 0 3
105 108 4
16 152 4
53 179 2
173 55 2
160 20 3
107 73 2
20 111 1
168 46 4
112 151 3
15 55 2
52 140 2
36 180 2
173 34 4
133 1 4
45 168 4
24 94 1
127 114 3
10 123 1
169 108 2
72 101 1
112 81 3
70 93 4
6 97 2
103 49 2
8 142 3
175 33 2
54 194 3
78 69 3
94 5 2
42 59 4
15 185 4
39 146 2
6 91 4
160 48 3
85 72 2
62 48 4
32 188 2
164 26 3
64 177 2
135 16 1
147 159 2
106 170 3
82 52 2
35 87 1
42 103 2
78 65 3
12 153 1
7 133 2
60 57 4
54 6 3
81 19 1
62 196 4
163 119 2
82 106 3
86 12 2
91 18 3
105 58 4
58 163 2
184 89 1
100 75 3
124 154 3
0 173 2
19 196 3
106 123 2
112 48 1
177 147 2
199 85 4
54 31 2
127 161 3
166 53 3
160 106 4
178 47 3
164 149 3
197 75 1
32 161 3
73 136 1
178 5 3
16 28 1
171 87 3
46 106 1
102 14 1
120 198 3
126 27 1
147 7 2
186 115 3
14 151 2
190 120 3
188 31 4
95 50 2
101 59 4
119 112 4
78 111 3
184 157 4
60 46 3
190 102 3
159 92 1
61 2 4
48 169 2
86 37 4
22 65 4
91 191 4
167 172 4
70 177 2
1 87 4
148 81 2
159 149 1
111 36 4
37 170 1
141 124 3
185 158 2
114 65 2
92 40 1
94 79 4
22 8 2
185 113 3
40 50 4
144 177 3
161 192 1
21 99 3
56 81 1
87 67 3
46 184 1
126 177 2
189 12 1
167 195 1
63 191 3
53 188 3
127 118 1
49 101 2
93 101 4
68 79 3
178 184 2
10 144 3
18 96 4
57 19 2
37 157 4
185 135 4
188 36 2
50 166 2
45 12 1
26 90 3
3 156 1
38 81 2
199 17 3
92 22 2
22 29 2
126 14 4
146 79 2
68 56 3
187 154 3
94 190 3
5 58 4
107 9 2
130 12 4
92 24 1
152 49 1
44 3 3
123 40 4
74 177 4
92 23 1
124 183 1
198 60 2
181 148 3
69 4 1
176 112 1
124 50 3
164 150 4
130 131 2
110 4 1
97 174 3
56 192 1
63 83 3
84 106 1
109 42 3
61 70 1
146 100 4
21 90 1
86 125 2
162 99 1
118 93 1
165 111 4
23 67 1
4 54 2
69 133 3
86 137 2
114 5 1
194 150 2
152 6 3
164 105 1
168 143 4
71 144 1
25 94 3
48 196 4
69 63 3
148 46 3
178 45 2
94 154 1
42 85 1
21 141 1
147 59 1
94 187 1
96 191 3
1 123 3
127 160 1
70 118 1
33 45 3
5 154 1
51 76 4
196 156 4
174 58 2
130 88 4
1 43 1
172 169 4
0 11 4
8 119 2
47 49 3
33 84 3
45 176 4
135 12 4
160 155 1
72 133 2
5 160 2
185 81 4
6 161 1
84 195 1
139 89 2
91 64 1
27 177 1
31 194 3
63 95 1
177 137 3
198 183 2
19 126 2
81 149 1
132 169 3
24 11 4
95 6 4
87 57 3
102 110 3
7 60 1
174 182 4
0 145 3
29 193 1
54 52 1
36 174 1
182 49 3
154 73 4
193 83 1
183 152 3
97 107 3
138 171 1
124 59 3
168 100 3
105 11 3
138 59 3
155 170 4
98 167 4
5 184 2
19 99 4
94 122 2
5 89 1
34 140 2
17 34 3
157 29 3
179 33 3
169 98 1
27 166 2
190 79 3
179 198 3
35 97 1
104 78 4
157 21 4
119 7 3
182 13 4
147 109 4
195 188 1
175 82 3
68 3 1
8 106 3
180 42 2
62 165 3
12 22 1
124 23 2
91 123 1
97 168 1
120 161 2
22 75 4
98 37 1
155 133 3
82 174 1
86 46 1
89 114 4
198 112 4
153 189 1
127 159 1
118 117 3
123 31 4
149 108 4
8 13 2
165 59 3
145 53 4
162 128 4
198 90 1
116 52 2
20 99 3
74 141 4
142 94 4
178 59 1
190 28 4
11 47 4
39 89 4
111 178 2
94 176 1
53 122 4
153 82 4
96 99 1
153 7 3
163 185 3
76 185 3
149 47 1
87 59 4
13 81 1
164 72 3
52 128 1
96 137 4
73 88 4
136 123 1
90 52 1
106 168 1
7 70 3
46 196 1
178 73 4
47 38 4
137 149 2
2 65 2
87 30 3
76 129 1
17 198 2
81 4 2
20 199 3
40 69 2
16 121 1
25 39 4
58 189 2
104 139 4
180 134 4
190 39 3
47 174 1
22 164 1
161 152 1
75 162 4
66 63 4
116 49 3
190 124 1
29 59 2
21 44 1
39 134 4
117 144 1
181 64 1
3 75 3
78 127 4
35 185 2
195 54 3
135 189 4
47 75 2
26 148 2
191 142 3
27 13 4
72 28 3
46 69 1
28 101 3
128 192 2
71 10 3
65 46 2
116 145 4
35 13 4
72 98 4
126 64 2
45 61 4
140 14 2
62 93 2
107 140 4
150 96 3
196 158 2
57 118 3
0 33 2
18 77 3
136 94 3
0 187 1
72 69 3
4 128 4
184 67 3
62 1 1
6 112 4
16 48 4
82 198 2
151 143 3
165 156 2
10 151 2
133 170 4
131 173 2
40 108 3
43 160 3
91 136 4
91 115 2
94 179 4
166 64 4
83 142 2
63 21 4
177 31 4
125 150 1
8 49 1
103 27 1
4 175 3
146 0 1
12 59 1
193 20 4
187 144 1
82 84 1
162 29 4
139 163 1
186 155 2
155 40 4
116 141 3
163 192 4
134 195 3
129 13 3
121 19 3
56 198 2
65 32 3
14 112 1
47 56 2
163 88 4
91 65 3
171 84 3
133 83 4
44 191 2
132 0 3
44 173 1
180 138 1
41 12 4
20 3 4
196 144 2
181 117 4
57 3 2
186 184 2
162 106 4
47 116 1
38 99 2
181 136 2
74 51 1
76 137 1
118 167 3
19 110 2
58 21 2
123 133 2
168 38 3
76 188 4
146 121 1
186 132 1
152 130 4
46 45 1
92 8 2
55 178 2
38 147 2
165 153 2
28 154 3
56 132 1
149 64 1
156 118 4
191 2 2
58 93 4
176 59 2
168 122 3
55 126 2
12 7 2
111 142 1
169 123 1
35 171 1
45 76 2
98 59 1
135 92 4
72 67 2
94 63 4
71 175 2
96 100 2
112 130 4
59 26 4
82 28 4
155 183 2
43 98 4
163 26 2
30 127 3
91 103 3
198 99 1
23 51 2
135 58 2
47 124 4
48 149 2
102 62 1
67 159 4
97 178 1
172 93 2
127 58 2
142 95 2
83 177 3
195 42 3
191 126 2
198 55 1
130 47 2
189 188 4
109 161 4
130 80 3
157 119 3
112 78 1
160 113 1
89 85 1
184 189 4
157 102 2
0 98 1
196 16 2
126 137 2
39 102 3
114 53 1
44 84 1
4 48 2
165 189 2
55 148 1
187 42 2
44 100 2
87 187 1
37 94 3
193 147 1
2 104 4
92 33 1
172 66 1
177 46 1
54 162 1
118 119 2
96 199 4
107 18 1
99 129 2
148 198 2
4 65 2
129 85 1
133 28 1
199 196 4
123 4 4
174 37 4
113 108 3
97 51 3
122 44 4
92 182 3
116 72 2
95 164 1
69 184 1
192 102 4
5 30 1
114 31 3
37 30 2
137 65 1
52 15 2
2 51 4
36 184 4
88 194 2
48 120 2
117 178 3
117 78 2
131 107 1
129 121 2
191 146 2
28 172 4
101 78 3
152 154 2
34 29 3
59 36 1
86 69 3
45 65 3
147 103 3
129 141 3
182 127 1
189 107 3
61 109 4
39 20 3
70 147 3
147 96 3
158 169 4
196 56 2
64 6 4
176 30 1
183 27 1
102 156 1
116 30 4
77 57 3
26 186 3
17 24 4
96 15 1
35 153 3
180 37 1
52 16 3
79 148 1
110 32 1
150 188 4
38 62 4
11 187 2
83 21 3
64 4 4
198 94 3
140 24 1
46 117 3
156 75 3
67 196 1
25 145 1
73 82 3
114 175 4
161 114 2
129 147 4
98 138 4
50 149 4
137 88 1
60 98 2
136 57 4
80 171 1
46 116 1
165 26 3
19 189 3
34 106 3
84 161 3
53 113 2
92 99 2
121 57 1
176 130 2
166 83 3
148 107 3
24 175 4
63 118 1
137 91 1
176 86 1
19 95 1
188 52 1
149 40 2
85 100 1
73 198 3
131 167 4
129 93 3
133 25 3
195 160 4
103 121 2
102 96 4
51 46 1
100 12 4
66 101 4
155 88 2
80 65 3
120 30 2
177 34 4
44 23 3
62 22 4
179 98 3
114 138 2
151 85 2
71 129 2
95 188 1
132 65 2
166 99 3
26 196 2
15 2 3
172 99 4
169 15 1
32 108 1
145 146 4
17 179 2
174 109 3
121 42 3
183 43 1
34 146 1
106 198 1
134 9 3
194 120 4
186 178 4
158 110 3
52 135 3
75 148 4
179 96 3
168 124 4
67 19 4
165 198 4
37 33 3
125 33 1
191 165 1
197 142 3
145 185 1
191 199 4
89 74 3
63 60 2
36 20 2
7 154 4
3 42 2
185 47 3
159 146 2
14 67 1
172 59 1
192 105 3
146 25 2
143 28 3
106 115 2
88 180 1
5 1 2
33 160 3
3 135 4
7 22 4
9 154 3
19 36 4
44 197 2
39 106 1
142 78 2
37 182 3
136 129 1
123 73 3
43 21 3
62 9 4
162 125 1
87 178 1
160 97 3
76 101 4
18 114 4
162 192 4
183 106 4
86 199 3
80 34 2
85 102 1
20 133 1
174 20 3
48 88 2
168 174 2
78 68 4
32 114 2
67 78 3
36 168 1
25 55 2
40 84 1
114 25 3
175 122 1
72 24 4
74 36 3
167 0 1
184 135 3
38 24 3
32 27 2
160 188 4
194 50 3
167 22 3
51 75 1
25 28 4
199 2 3
176 40 2
54 21 1
174 165 2
68 6 1
185 38 1
84 140 3
193 143 3
156 81 4
160 102 1
48 168 2
137 193 1
142 77 3
175 101 4
134 15 3
89 169 3
107 169 1
134 16 2
26 146 4
12 147 2
140 41 3
168 64 2
147 131 2
146 169 2
197 199 1
21 71 2
53 132 3
58 82 4
58 10 3
139 109 2
86 101 3
87 61 4
56 162 1
160 125 2
179 68 3
116 125 2
88 122 1
49 155 3
91 4 3
102 145 1
177 71 3
72 1 1
189 13 3
67 143 2
121 78 4
95 46 4
130 115 1
153 156 2
50 94 2
143 79 1
11 134 1
198 93 4
99 161 4
173 15 3
186 96 2
18 110 2
83 143 1
24 155 2
58 137 1
118 11 3
155 194 3
113 92 2
170 131 2
52 0 3
104 98 4
163 112 1
65 127 2
79 149 3
31 52 4
182 186 3
168 21 4
71 9 3
63 25 3
129 30 4
145 132 2
170 198 3
37 160 3
175 58 1
46 124 3
170 143 4
80 40 4
31 147 2
181 139 4
160 109 1
160 47 1
191 179 4
85 49 1
196 66 4
81 162 1
109 67 4
46 74 2
14 128 3
107 159 4
30 147 4
13 45 4
131 118 2
151 193 2
44 89 2
19 92 1
144 161 1
178 114 1
0 128 2
50 136 3
114 150 3
126 75 4
84 53 1
41 96 4
3 31 3
167 141 1
197 180 1
66 35 3
81 30 4
186 38 1
159 47 2
8 27 1
97 190 1
150 74 1
175 77 1
131 163 3
82 11 3
161 65 3
7 184 4
190 109 2
156 67 3
154 10 4
156 11 2
110 106 2
112 72 1
148 84 4
154 70 2
96 21 4
66 49 2
157 192 4
73 51 1
4 33 4
73 192 2
165 130 3
103 196 4
63 61 1
48 191 2
173 155 1
190 67 1
86 78 3
158 121 2
196 119 2
84 130 2
10 195 3
68 163 2
59 25 1
46 22 4
27 110 1
66 70 4
45 67 4
195 123 4
135 176 1
112 142 2
177 191 4
97 102 1
66 189 2
181 105 2
6 19 2
45 71 2
120 167 2
122 192 3
91 57 4
125 101 2
34 128 3
151 11 4
11 198 1
109 99 2
109 54 1
163 173 4
3 55 2
166 55 1
126 56 3
123 165 4
52 24 2
144 162 2
80 96 4
168 85 3
124 95 2
29 75 4
174 94 3
149 86 4
89 47 4
88 148 2
155 143 3
163 106 4
90 163 1
195 92 1
148 16 1
62 179 1
30 143 1
19 71 3
47 172 3
160 170 4
85 146 2
47 128 4
158 160 3
95 43 1
140 189 3
170 67 1
58 192 1
20 161 4
183 136 1
22 118 2
12 125 4
70 127 1
116 136 1
94 163 3
149 143 1
186 137 3
11 110 3
121 28 2
183 168 2
20 31 2
106 135 2
119 96 3
199 45 3
89 50 1
45 150 2
61 60 2
139 94 4
170 128 2
122 35 3
13 158 2
133 115 4
63 176 2
177 194 4
175 186 4
27 115 3
6 80 4
128 145 2
150 169 1
43 65 1
15 36 2
84 85 2
16 29 3
10 34 4
8 176 1
163 148 2
121 25 2
9 176 1
135 156 1
37 131 1
49 110 4
32 112 4
30 74 3
184 164 4
81 133 3
62 118 3
131 56 3
78 53 4
71 3 3
95 103 1
26 177 2
133 156 3
179 11 3
116 57 4
47 132 4
39 195 2
28 62 2
131 61 1
113 83 2
108 54 4
92 109 3
145 110 2
146 86 3
95 170 4
78 58 1
194 153 1
23 70 1
11 114 4
161 163 4
56 106 1
160 112 2
153 141 2
38 155 1
24 83 3
61 29 2
41 20 4
153 155 2
12 146 2
61 118 1
196 137 2
116 191 1
115 124 3
13 187 3
175 183 3
179 103 2
111 5 3
165 63 1
148 68 4
41 188 2
116 27 3
19 54 1
53 42 4
126 132 4
141 121 4
130 106 2
125 176 2
194 36 4
180 14 1
126 80 1
76 35 4
24 186 2
158 80 2
54 177 3
84 141 4
136 96 4
1 177 4
132 155 4
24 169 3
12 118 4
9 89 4
36 92 1
33 80 2
49 18 3
70 189 1
107 193 3
136 126 1
59 110 1
141 161 1
10 92 4
141 142 2
188 26 4
25 80 1
90 58 3
189 169 2
109 4 3
141 26 2
41 165 4
161 57 1
38 40 4
127 27 3
157 156 2
62 87 3
41 9 1
9 142 4
100 155 1
196 184 1
43 191 2
48 92 1
27 95 2
182 58 4
155 137 2
138 10 3
190 84 3
10 17 3
156 31 3
2 12 4
158 164 1
6 83 1
94 196 1
187 80 3
189 32 3
3 112 1
132 115 4
176 199 2
40 59 1
126 7 4
106 80 1
100 162 4
19 29 2
110 66 1
172 32 3
99 136 4
155 119 2
57 183 4
63 115 4
126 125 3
122 10 1
150 191 2
173 95 3
160 120 4
59 89 2
74 113 4
46 87 1
93 134 4
177 182 4
66 23 4
97 199 2
27 129 2
72 79 3
66 171 1
197 54 4
115 47 4
113 134 2
13 48 1
175 151 2
79 192 1
170 168 2
79 12 2
96 139 3
158 48 2
139 180 2
179 22 2
169 166 1
51 29 3
109 176 1
120 34 4
148 137 4
195 110 3
140 150 4
143 55 3
142 113 3
129 157 1
156 122 2
44 106 4
83 94 1
31 186 1
172 193 3
166 189 4
16 106 1
52 85 4
192 169 3
75 170 3
20 143 2
106 187 3
5 48 1
139 49 2
196 198 3
56 165 3
75 46 4
179 150 3
74 188 1
189 143 3
54 113 4
140 57 1
170 26 2
73 104 1
7 96 4
90 97 4
72 163 4
23 1 2
0 198 3
69 68 1
32 57 4
105 44 3
1 10 4
138 163 2
174 65 1
119 37 4
144 102 4
165 3 2
20 116 1
133 9 4
157 22 4
56 91 2
54 80 2
67 62 1
126 21 2
12 81 1
11 103 4
106 136 4
149 58 1
149 83 2
188 111 1
138 151 2
70 80 3
146 83 1
121 50 4
16 120 1
114 173 3
63 196 2
109 124 2
23 95 3
64 129 2
63 167 1
176 43 1
75 124 4
152 179 3
93 142 1
69 50 1
192 100 4
120 84 1
166 117 1
107 10 2
181 59 4
58 72 4
127 109 3
93 47 3
5 169 3
48 87 2
30 51 2
53 54 4
1 183 4
63 169 3
67 32 4
106 57 3
1 111 1
54 5 1
145 69 3
131 161 3
136 75 1
107 168 3
66 95 3
85 47 1
195 27 4
176 196 2
159 122 2
95 71 1
182 89 4
25 68 3
183 130 4
126 184 2
17 93 2
38 97 1
8 123 3
145 193 4
65 188 4
128 62 3
83 117 1
142 32 2
114 79 4
57 92 2
175 144 2
84 46 2
148 188 3
42 32 1
87 28 1
52 151 4
78 25 3
113 64 4
107 194 3
153 192 1
106 173 1
67 198 2
188 5 3
186 119 3
28 98 4
78 188 3
195 26 2
74 145 2
186 172 3
4 117 4
71 105 1
130 50 2
19 166 1
17 2 3
51 120 3
193 13 3
140 168 1
77 104 2
116 164 1
78 169 2
25 97 2
114 98 1
159 126 4
190 113 2
177 76 4
19 65 3
157 176 2
99 157 4
167 178 2
80 175 3
64 193 2
34 198 4
48 145 3
104 12 4
163 95 1
149 44 3
3 127 1
195 4 4
167 96 2
158 28 4
2 83 4
33 70 2
144 39 3
109 119 1
102 2 2
168 166 4
145 64 4
112 12 1
26 67 2
143 182 4
54 137 4
27 164 4
130 199 1
167 94 3
50 39 3
46 11 1
127 79 3
79 66 2
194 171 2
79 124 1
24 90 4
60 164 2
128 35 2
92 84 2
122 8 3
44 88 3
85 141 4
90 42 4
37 11 3
34 119 1
136 140 1
29 86 3
137 115 1
70 69 1
68 135 2
84 22 2
7 94 1
15 90 3
40 13 3
54 48 3
100 77 4
196 194 3
85 45 2
16 111 3
176 80 4
56 158 2
49 82 3
96 17 2
82 9 3
47 29 4
78 138 3
143 60 1
129 106 3
198 2 3
18 157 2
180 8 2
152 85 3
149 98 1
186 25 4
135 94 4
42 106 1
104 178 1
47 157 4
107 61 2
123 51 1
12 171 2
124 85 2
72 21 2
76 99 1
74 149 2
41 147 1
66 92 2
69 194 3
81 173 2
57 148 2
135 43 1
30 165 2
60 81 1
182 22 2
71 88 2
122 33 2
88 154 4
20 73 2
184 142 2
107 56 4
4 163 3
180 141 3
138 90 3
193 60 3
80 63 1
115 40 2
5 106 3
8 48 2
161 21 2
34 192 3
186 125 2
196 3 1
119 180 3
153 176 1
146 63 4
60 26 4
31 72 4
123 156 2
40 181 3
31 48 4
75 85 1
167 91 3
110 26 4
86 49 1
10 126 4
141 44 4
25 16 4
179 153 3
189 93 2
156 92 3
82 101 4
158 133 2
138 125 2
196 161 3
144 104 1
1 49 4
95 88 1
167 139 1
80 153 1
117 61 1
111 86 2
74 134 2
19 162 2
86 66 3
28 33 4
178 155 2
177 190 2
6 168 1
199 70 4
60 127 3
48 28 3
59 128 2
123 50 4
72 25 1
183 118 1
45 75 4
92 174 2
14 87 3
138 14 3
28 157 1
143 65 4
70 126 4
151 157 2
170 44 4
115 147 4
182 110 4
113 103 1
150 104 1
86 118 4
40 27 4
47 59 4
186 167 2
163 76 1
181 143 3
23 64 3
0 152 2
140 128 3
138 80 1
135 5 2
157 108 4
158 135 2
124 164 1
83 49 4
100 130 3
110 16 3
179 70 1
41 98 3
19 197 2
93 116 3
21 26 4
82 54 3
101 37 4
126 86 4
102 133 4
153 0 2
161 147 2
196 87 3
172 146 2
41 187 1
164 15 4
54 57 1
189 65 2
53 20 4
25 40 2
16 181 3
95 91 4
138 166 1
146 98 4
156 149 4
184 116 4
152 48 1
25 35 1
10 23 2
99 67 3
59 108 1
61 172 2
97 63 3
113 94 1
43 127 2
141 54 3
81 196 4
12 102 4
27 114 1
182 156 4
19 20 2
139 146 2
98 87 1
30 146 1
186 123 4
153 48 1
54 104 4
140 141 4
179 27 3
113 131 3
106 118 3
29 114 2
139 86 2
112 58 4
162 27 2
44 41 1
101 121 2
110 143 1
36 82 4
150 156 4
128 90 4
177 199 4
146 73 2
159 137 2
46 23 2
168 193 4
46 92 1
149 53 1
30 152 3
120 41 1
15 40 1
19 33 2
139 112 1
178 78 2
97 77 2
29 76 4
71 11 1
95 47 1
22 154 3
61 86 1
73 152 1
89 113 1
92 27 4
11 3 1
156 171 3
62 33 2
188 29 3
170 104 2
64 92 3
138 186 4
66 164 4
76 124 3
187 6 2
12 18 3
179 92 2
114 188 2
112 184 1
156 28 1
72 89 3
108 104 4
36 17 2
16 119 4
142 182 3
157 167 2
55 172 2
120 97 2
170 126 2
55 100 2
168 43 1
116 142 3
21 101 2
136 134 2
113 62 1
170 145 1
27 86 1
124 159 4
163 179 1
2 28 4
182 40 4
21 46 2
119 5 2
115 118 1
39 32 3
133 55 2
4 164 1
164 47 2
143 122 3
165 167 3
104 113 4
199 34 4
14 159 1
16 97 2
190 62 3
136 138 3
33 52 3
65 41 3
45 124 1
181 20 4
132 165 2
134 167 2
55 4 2
169 67 2
37 21 4
104 122 3
145 142 1
109 186 2
81 169 4
125 144 2
112 26 4
96 13 2
52 70 1
137 1 2
22 129 4
144 133 2
130 123 2
163 5 1
165 65 4
70 104 1
73 16 2
182 12 3
123 41 1
151 27 1
178 46 4
110 125 3
47 143 4
188 79 1
112 181 1
93 121 2
196 147 4
32 60 1
26 162 3
159 134 1
4 0 3
6 21 4
14 82 4
138 170 1
115 156 4
86 120 3
39 10 1
13 15 4
23 105 3
167 196 3
4 106 4
193 129 4
194 193 1
53 82 4
74 100 2
182 107 3
18 26 4
35 81 2
150 55 3
68 36 1
33 155 4
115 160 3
26 79 1
175 129 2
108 138 1
27 133 2
147 83 2
166 173 4
61 25 4
142 3 1
198 102 3
187 90 4
39 4 3
101 130 1
179 142 2
89 102 1
106 11 3
12 96 1
71 60 4
51 121 1
177 30 4
135 46 2
13 98 4
58 143 2
25 140 3
18 153 3
27 146 1
131 129 1
83 89 2
45 111 1
15 47 2
67 68 4
88 86 2
127 136 4
154 117 4
1 28 1
113 60 1
185 13 2
88 164 2
154 97 1
111 39 4
3 14 4
41 161 4
134 184 3
167 83 2
159 78 2
15 138 2
32 23 1
55 28 3
36 143 3
59 143 4
16 72 4
87 0 3
51 172 1
85 183 4
69 148 3
106 48 3
38 63 1
25 190 2
17 4 2
122 48 4
173 61 1
124 44 4
14 55 4
129 11 1
59 135 2
47 43 2
52 185 1
123 81 1
38 145 2
4 79 4
120 36 3
139 192 2
138 31 3
146 143 3
115 189 3
136 95 4
65 70 3
199 153 3
13 68 1
4 46 4
2 129 3
172 137 2
106 108 2
197 122 3
198 157 1
136 135 2
6 3 1
28 146 3
44 126 2
4 67 3
183 105 2
143 125 3
120 89 3
123 192 4
177 58 2
179 120 4
167 193 4
154 43 4
119 97 1
177 108 3
131 22 2
52 143 3
139 127 3
116 32 1
95 181 3
7 161 3
22 125 4
153 109 4
94 124 4
83 190 3
112 129 4
44 181 4
65 14 1
41 48 4
25 195 1
46 43 4
146 108 2
182 41 3
57 146 1
91 163 1
20 189 3
119 121 3
160 137 2
173 94 3
158 83 4
120 112 3
181 172 2
168 182 4
17 33 2
96 77 3
174 18 3
122 56 3
63 68 1
87 189 4
151 99 3
35 195 2
77 171 1
32 195 1
31 66 1
163 121 1
74 160 1
164 155 2
178 194 2
128 96 4
194 156 3
90 9 3
84 48 3
192 14 3
130 121 3
180 17 1
34 137 4
170 76 2
155 179 1
141 132 2
135 69 3
169 161 2
51 127 3
93 8 2
192 93 3
120 115 4
99 116 1
122 70 1
25 166 1
59 156 3
25 87 4
150 93 1
28 34 4
178 131 2
182 94 1
52 43 4
171 131 4
116 95 1
51 61 1
13 141 3
37 80 2
189 30 4
145 17 4
3 158 4
194 187 3
36 49 4
86 16 3
53 119 2
54 117 4
14 94 3
185 85 1
107 23 1
147 141 1
130 105 1
100 108 4
129 153 3
153 91 3
64 155 3
128 108 4
133 107 3
112 31 3
134 80 2
164 37 2
173 170 2
18 136 4
186 166 1
80 82 2
192 120 4
24 10 2
59 55 1
5 97 2
184 72 4
40 70 2
19 60 3
5 167 4
14 92 4
45 153 4
113 117 1
169 110 3
75 181 1
148 60 3
179 26 2
41 74 1
24 60 4
33 193 4
29 182 4
64 173 2
34 85 4
65 120 2
122 160 1
184 85 4
172 71 1
3 108 3
184 183 4
152 2 2
126 146 4
28 171 1
67 116 2
27 64 3
18 3 2
128 87 2
132 101 4
73 177 1
128 48 2
138 147 2
117 156 4
130 151 3
125 21 3
179 132 3
66 127 4
167 101 1
148 102 3
115 98 3
146 81 3
144 114 3
149 124 1
135 198 4
125 121 1
120 137 2
124 43 1
25 164 3
187 65 2
118 144 1
63 33 1
28 136 4
124 134 2
85 3 4
3 125 1
152 91 3
148 184 2
113 7 2
143 129 3
177 21 2
37 23 1
73 55 3
50 148 3
114 195 4
192 10 4
166 120 4
154 197 4
94 71 1
72 45 4
145 88 2
68 190 1
123 143 2
141 78 2
98 94 2
167 199 2
169 25 4
153 26 3
191 0 4
58 66 1
116 33 1
34 36 2
108 58 2
194 159 4
117 133 1
149 161 2
187 102 2
35 110 2
120 73 3
5 40 4
154 90 3
196 135 1
81 136 3
4 35 1
61 33 1
22 135 3
115 111 3
94 16 4
37 32 3
6 162 1
191 95 2
34 18 2
185 147 4
178 181 1
154 177 4
20 5 1
0 62 4
156 120 2
181 146 1
57 192 3
163 116 3
80 29 3
73 25 2
185 152 2
127 123 4
86 169 1
30 195 1
114 108 3
14 101 4
16 116 4
105 189 2
142 183 4
130 179 2
118 181 1
16 77 4
43 170 1
172 145 1
169 79 1
39 163 2
186 95 4
48 129 2
105 62 1
185 16 2
69 24 1
146 61 4
127 29 4
99 111 1
22 188 4
7 187 4
146 97 1
166 187 4
129 32 3
101 122 3
95 49 3
171 165 1
108 141 1
26 185 1
28 163 3
64 188 3
193 169 4
184 73 1
58 118 2
167 12 3
188 151 4
40 34 2
82 34 4
2 148 2
57 134 2
104 197 2
155 135 2
133 104 3
126 28 3
35 175 1
167 109 2
86 94 1
54 169 2
54 126 2
53 131 1
127 91 1
197 155 2
136 139 2
128 40 1
48 33 1
2 108 2
149 138 2
49 78 1
11 178 4
122 84 3
36 91 2
0 30 1
92 78 4
155 154 4
109 93 2
16 127 4
20 191 2
177 19 3
52 107 1
193 16 2
56 173 4
42 172 3
47 181 1
55 113 1
146 196 4
70 29 3
149 88 2
85 106 3
160 192 4
82 66 1
104 161 4
103 0 2
186 92 4
73 124 1
121 102 2
149 77 2
30 105 2
23 170 1
197 45 2
176 91 2
5 11 2
47 171 2
68 7 2
109 21 3
123 147 2
10 155 4
33 78 3
190 163 3
86 173 4
25 18 1
96 154 2
145 47 2
5 80 3
14 198 4
116 152 3
54 175 1
194 195 4
84 105 2
87 176 2
108 47 2
71 38 4
162 37 2
192 187 4
26 41 2
183 72 2
109 192 3
25 45 1
195 43 2
153 183 2
147 24 1
43 82 1
38 174 4
39 104 4
159 109 3
109 63 3
87 26 1
188 166 4
68 186 3
169 99 4
21 194 3
22 145 1
35 84 2
50 86 2
198 41 3
168 60 4
6 135 1
176 140 2
163 43 3
187 171 2
148 150 4
185 106 3
68 115 1
5 26 1
137 106 4
68 125 2
76 107 3
32 97 4
21 42 2
67 174 4
9 113 2
154 92 3
19 93 4
141 93 1
115 46 3
148 14 3
172 155 3
9 120 1
83 151 2
137 71 2
101 4 1
193 87 4
97 91 3
18 48 3
96 135 4
103 68 2
85 77 2
29 67 3
98 187 3
27 97 4
3 168 3
104 45 4
120 169 3
65 151 2
109 172 2
115 73 1
195 71 2
139 138 2
12 40 3
37 100 2
59 151 2
177 77 3
195 91 3
83 23 1
67 40 4
124 6 3
38 113 4
146 50 2
40 131 3
131 77 2
117 8 2
190 77 1
111 172 1
196 88 3
90 177 2
197 193 1
139 199 2
86 152 4
88 97 2
118 37 3
147 53 2
131 46 2
10 181 2
57 53 4
145 101 4
47 90 1
83 60 3
140 108 3
66 143 4
18 1 1
62 123 4
148 112 1
194 82 1
138 53 1
135 121 3
181 174 3
3 66 4
101 19 2
150 50 3
52 161 3
71 178 1
4 66 2
42 23 3
2 196 3
112 36 3
145 84 1
29 166 1
113 144 4
104 183 3
148 59 2
78 156 2
133 21 3
161 38 3
150 26 4
103 189 1
128 41 1
59 32 1
62 30 4
13 192 4
108 60 2
115 143 2
168 72 3
88 141 2
74 91 1
146 23 1
29 108 4
38 189 4
63 171 1
192 23 4
46 35 3
102 197 4
57 170 2
159 97 1
31 73 1
130 78 1
63 51 1
100 92 2
157 3 1
0 193 4
82 38 4
153 143 3
69 188 2
22 183 4
87 21 4
69 55 2
19 173 3
102 117 1
21 117 2
187 46 4
66 150 4
89 51 2
94 11 2
114 132 4
127 147 2
101 109 3
194 152 2
122 62 2
86 102 1
50 199 1
47 54 3
19 68 2
27 41 2
11 170 3
124 38 1
104 92 1
117 55 1
168 103 4
161 128 3
70 24 4
189 170 1
62 70 2
122 14 4
145 42 3
179 175 1
46 71 4
66 107 3
198 4 2
50 162 1
45 56 2
51 176 2
35 85 3
70 172 4
163 168 1
182 188 2
118 79 2
136 148 3
125 157 2
179 67 4
183 77 2
81 21 1
80 56 1
178 168 2
190 73 2
160 123 2
38 95 3
193 86 1
196 143 3
184 120 4
113 0 3
104 149 4
86 52 2
138 54 2
159 85 3
91 83 4
163 48 2
28 79 1
143 179 1
56 120 3
171 142 4
60 72 4
154 163 4
125 99 3
122 25 1
143 107 4
96 71 4
70 15 3
69 183 4
165 8 4
162 172 4
78 71 2
81 189 4
67 53 3
4 94 1
111 124 3
116 124 2
135 110 2
54 77 1
123 121 4
22 99 3
44 129 4
39 93 4
6 94 1
60 120 3
126 176 4
115 104 1
4 186 3
103 152 1
91 178 3
138 84 3
55 197 1
28 89 1
134 169 1
156 145 2
129 191 4
178 24 3
62 34 2
89 154 1
129 166 4
31 119 3
97 122 3
11 76 2
179 184 2
193 45 4
6 73 2
17 119 4
84 39 3
148 95 2
67 92 1
57 70 2
107 126 3
18 149 1
11 192 4
116 43 3
59 182 3
38 59 2
79 93 4
178 25 2
62 55 1
122 5 1
2 171 1
54 172 1
157 149 4
123 163 2
69 105 2
45 184 3
149 197 4
15 4 3
110 12 2
88 91 3
156 71 3
196 93 1
93 161 4
75 71 2
111 187 4
178 86 3
71 189 3
108 94 1
18 73 1
53 56 3
80 66 2
1 34 4
148 20 1
9 105 1
15 158 3
0 189 1
50 55 2
73 157 1
136 114 2
142 154 4
177 40 1
36 170 4
25 141 1
17 1 3
97 141 2
103 36 2
158 62 2
153 67 4
111 107 2
103 35 4
70 178 3
132 89 4
78 124 3
26 97 3
82 112 2
64 135 2
172 86 3
173 93 3
65 136 1
142 7 2
50 77 2
131 91 4
151 182 4
143 84 2
160 9 3
144 85 4
178 38 3
126 72 4
185 32 2
157 191 3
115 11 4
82 62 1
95 133 3
108 10 1
17 28 2
147 194 1
110 104 4
36 147 3
123 86 1
66 90 4
95 4 3
93 182 1
47 35 2
83 118 2
21 153 3
77 173 4
185 41 4
149 20 4
172 41 2
3 52 2
58 54 1
185 89 2
3 130 4
62 112 1
152 70 1
39 158 1
59 167 2
52 129 4
79 110 1
177 65 1
39 199 3
3 17 3
52 38 2
111 85 2
125 108 4
96 92 3
16 136 1
161 174 3
167 32 2
176 10 1
78 155 2
176 165 1
74 195 3
145 65 4
16 70 1
179 81 3
192 182 3
51 139 4
55 46 1
39 156 1
128 177 4
106 2 1
61 143 4
22 190 3
76 82 2
32 36 4
142 80 4
147 54 4
169 74 3
99 27 1
3 73 3
110 103 3
180 102 1
22 23 4
84 115 2
124 37 4
174 66 3
192 44 4
35 179 1
48 111 4
2 160 3
45 38 1
178 23 1
133 87 2
196 190 2
142 41 3
184 34 2
10 78 4
20 127 3
80 121 4
175 103 2
24 58 2
154 56 2
7 195 4
140 193 2
105 70 1
165 183 2
196 117 4
34 136 2
43 42 3
114 155 3
55 189 2
157 16 4
123 167 4
170 142 4
26 48 3
87 150 3
161 83 2
106 15 3
104 117 3
144 70 2
84 102 3
68 89 4
21 171 3
65 61 1
157 31 3
129 55 3
166 154 2
4 13 3
58 100 1
111 179 1
57 2 3
102 6 2
177 51 1
43 36 3
26 29 2
33 170 4
198 129 1
162 61 4
107 164 1
195 178 2
47 6 3
77 105 4
38 176 3
94 45 4
176 188 1
12 162 4
170 16 3
32 84 4
56 65 1
105 37 2
140 2 3
44 14 3
49 138 1
49 70 3
30 167 2
178 128 3
66 149 4
29 9 4
80 164 2
19 14 2
100 148 3
135 154 4
33 75 1
171 180 2
114 62 2
7 39 4
6 129 3
168 32 2
191 148 2
127 166 1
139 20 3
83 86 2
96 2 1
164 136 1
12 70 4
77 11 3
11 29 1
173 4 4
159 36 2
117 149 2
15 137 1
112 55 4
87 177 1
183 60 2
84 38 4
195 170 4
89 20 2
124 21 4
7 52 3
6 71 4
6 41 4
43 112 2
70 143 3
59 116 2
30 1 3
63 23 1
98 65 2
109 80 1
58 153 4
113 73 4
172 113 2
139 122 3
136 102 3
126 12 1
3 167 1
20 97 2
132 28 3
136 190 3
199 10 2
148 6 2
27 16 2
52 101 1
190 11 2
12 108 3
63 132 3
113 59 3
197 191 2
162 78 2
26 47 4
30 58 2
69 195 3
132 97 4
97 196 2
180 152 1
119 35 4
36 167 4
115 125 3
154 81 2
24 5 2
50 189 4
9 171 3
194 71 4
88 19 4
26 0 2
195 161 4
159 199 1
75 168 4
7 194 4
35 190 3
91 45 4
34 68 3
161 70 2
14 153 1
191 145 2
147 52 4
152 51 2
90 142 2
53 1 3
189 123 3
116 77 2
42 175 3
163 86 4
21 197 4
167 69 1
114 159 2
63 45 2
198 57 4
165 127 1
161 28 1
136 10 3
127 8 1
86 73 3
79 113 1
54 165 1
108 7 2
3 133 4
178 105 3
108 74 4
160 131 3
134 188 2
159 58 4
37 84 1
18 60 3
18 9 4
88 8 3
198 159 3
166 40 1
7 92 1
164 73 3
17 60 2
156 155 4
55 19 3
144 141 1
152 173 4
108 61 3
125 165 3
197 88 1
111 91 4
8 167 1
55 36 4
85 156 3
1 170 3
31 154 2
10 19 3
4 76 2
108 154 3
75 118 3
27 113 3
187 96 4
43 143 4
24 100 2
127 198 2
100 110 1
53 76 3
62 97 1
184 172 3
119 33 1
7 131 4
175 132 1
63 142 1
178 123 2
152 105 1
193 8 2
97 108 1
49 6 1
35 125 1
76 184 3
165 71 2
0 45 4
191 32 1
61 55 1
14 177 2
78 105 2
6 30 1
128 193 3
46 158 2
194 39 3
150 170 2
90 168 1
23 93 4
189 116 4
178 29 1
159 168 4
120 135 1
143 56 1
179 171 1
31 129 1
69 159 4
100 67 1
30 57 2
174 93 3
34 98 1
171 90 3
127 95 3
119 57 4
160 184 2
117 151 3
139 13 3
70 164 3
157 82 4
119 188 2
40 154 3
195 157 2
28 22 3
71 151 2
95 102 1
34 180 3
191 73 4
61 167 1
54 135 3
29 192 2
176 178 3
78 161 4
128 83 4
120 118 3
95 172 2
12 140 3
148 36 4
43 110 1
44 110 1
81 151 1
26 101 2
95 17 3
40 126 4
158 61 4
173 196 4
71 183 4
146 29 4
104 187 2
51 180 1
7 46 4
133 74 3
106 122 1
140 98 4
88 186 2
71 161 3
50 119 3
89 99 4
120 171 4
79 145 3
39 66 1
33 86 3
19 116 3
141 176 4
189 42 3
101 138 1
197 46 2
111 136 1
20 37 3
166 174 3
134 131 2
132 85 2
111 21 1
36 137 4
105 173 2
63 90 1
99 83 4
149 125 3
22 103 1
47 152 3
92 188 1
60 125 3
168 78 2
18 88 2
3 163 2
37 194 3
114 69 4
73 85 2
115 57 2
126 42 1
72 127 4
145 78 2
74 26 1
14 152 2
107 85 2
53 146 2
15 69 1
122 135 3
67 39 1
30 43 1
142 31 3
186 79 1
132 180 2
86 158 4
50 191 4
32 160 2
138 150 4
37 139 2
18 56 4
3 164 1
99 189 1
54 179 1
138 154 4
148 22 1
86 115 1
45 183 3
161 27 3
68 20 2
20 184 1
104 14 1
116 81 3
73 163 2
141 29 3
88 135 2
143 41 3
8 85 1
151 104 2
188 123 2
114 10 1
77 5 3
162 115 3
141 35 4
157 10 3
128 3 2
108 57 1
157 95 1
186 169 2
48 50 4
102 23 2
145 19 2
1 138 4
52 61 2
196 185 3
109 95 2
23 57 1
116 132 1
123 79 2
150 178 3
21 104 3
40 179 4
166 81 3
17 175 4
59 5 1
182 84 3
158 87 3
22 30 3
26 11 4
180 3 2
74 101 2
173 137 1
115 35 3
156 79 4
173 172 3
18 32 2
47 104 2
18 10 3
78 163 1
103 166 3
187 115 2
54 115 4
156 137 4
27 112 3
190 182 3
90 70 4
102 164 2
40 112 1
147 10 2
