4975 200
0 184 5
1 158 9
2 137 2
3 15 8
4 192 3
5 61 9
6 76 7
7 76 2
8 93 4
9 56 4
10 74 3
11 115 1
12 76 6
13 23 4
14 160 6
15 124 7
16 154 7
17 128 3
18 45 2
19 136 1
20 138 1
21 186 7
22 3 5
23 192 9
24 9 3
25 123 3
26 185 9
27 92 4
28 47 5
29 128 6
30 90 5
31 84 2
32 165 4
33 51 5
34 150 7
35 122 1
36 160 6
37 9 7
38 192 6
39 17 6
40 129 2
41 38 7
42 58 3
43 22 5
44 138 6
45 179 5
46 147 5
47 20 4
48 57 8
49 131 9
50 20 7
51 5 4
52 5 4
53 116 6
54 173 5
55 189 3
56 48 1
57 45 1
58 53 5
59 155 9
60 1 9
61 124 1
62 142 2
63 163 9
64 13 3
65 84 7
66 145 4
67 3 1
68 189 7
69 32 9
70 159 7
71 185 1
72 52 3
73 181 3
74 183 4
75 175 1
76 82 3
77 153 6
78 97 3
79 121 8
80 171 7
81 115 9
82 4 7
83 125 3
84 44 1
85 8 3
86 115 7
87 65 8
88 80 1
89 51 7
90 87 7
91 4 4
92 62 6
93 105 2
94 152 7
95 34 8
96 192 7
97 88 7
98 183 7
99 78 4
100 21 4
101 188 5
102 96 8
103 47 3
104 13 9
105 7 1
106 134 2
107 198 7
108 133 7
109 26 7
110 93 3
111 116 9
112 176 2
113 197 8
114 26 5
115 155 5
116 127 3
117 104 3
118 83 4
119 199 8
120 13 8
121 197 6
122 195 9
123 20 3
124 116 5
125 158 6
126 176 6
127 195 2
128 55 1
129 119 2
130 154 6
131 17 9
132 13 1
133 15 6
134 58 4
135 165 3
136 35 7
137 93 3
138 35 1
139 193 7
140 104 4
141 136 1
142 21 4
143 137 1
144 35 6
145 49 7
146 195 7
147 152 7
148 162 2
149 40 2
150 30 8
151 136 5
152 181 3
153 171 5
154 147 5
155 90 2
156 105 5
157 7 7
158 186 1
159 2 2
160 2 2
161 34 3
162 187 4
163 78 6
164 11 5
165 52 6
166 29 6
167 129 6
168 35 9
169 14 7
170 98 2
171 148 6
172 5 1
173 151 2
174 138 2
175 53 3
176 36 6
177 124 8
178 93 4
179 80 6
180 173 8
181 157 8
182 161 2
183 42 7
184 128 3
185 51 4
186 185 5
187 92 9
188 144 9
189 20 4
190 19 7
191 135 1
192 5 5
193 48 2
194 71 9
195 118 3
196 104 2
197 137 9
198 88 2
199 82 6
95 155 4
25 114 2
114 107 2
24 10 1
113 130 3
44 167 4
59 56 2
10 108 1
142 64 3
148 93 1
21 51 2
91 187 3
52 7 1
123 86 1
28 54 1
10 157 1
181 35 4
0 22 3
138 18 3
125 176 2
146 149 1
199 22 1
21 143 1
108 175 1
111 33 3
112 131 2
98 55 2
149 29 1
124 145 1
71 138 2
90 187 1
117 8 3
107 100 1
96 87 1
109 179 1
135 59 2
139 55 3
16 99 1
34 64 1
40 143 3
76 73 2
170 3 1
59 70 1
133 74 2
115 107 4
5 187 3
169 19 1
38 153 2
158 25 2
54 18 1
147 99 4
95 87 3
14 79 4
124 143 4
22 77 2
11 39 2
124 161 3
134 112 3
6 199 4
44 58 4
135 147 1
82 54 1
95 130 4
153 113 3
135 12 2
5 122 2
150 99 3
108 187 1
189 125 3
27 70 4
140 88 3
187 151 1
74 139 1
31 42 3
105 92 1
108 107 3
197 50 1
91 176 1
99 190 3
75 145 1
133 27 4
114 195 1
64 156 4
143 148 1
152 105 1
59 77 3
97 37 1
49 181 1
192 80 4
170 114 1
137 23 1
61 7 2
141 87 2
196 18 3
110 105 3
154 14 4
44 61 2
1 135 3
176 92 1
26 88 2
154 193 3
2 196 4
15 125 4
29 147 3
87 132 1
199 88 1
23 133 1
153 149 4
38 98 1
47 138 4
42 76 4
72 57 3
181 87 1
194 163 1
81 144 2
58 51 3
188 167 2
93 184 4
174 130 1
18 51 3
108 188 4
108 174 4
160 147 3
9 116 2
0 61 2
129 65 1
94 167 4
89 117 1
164 56 2
17 33 3
11 23 2
177 66 2
30 184 1
184 160 2
113 19 1
53 199 4
158 110 2
159 97 4
167 55 3
188 161 2
140 144 2
29 146 1
71 51 1
131 177 1
4 14 1
50 99 3
99 35 3
105 64 4
132 184 1
142 69 4
29 76 4
118 154 1
81 167 1
159 87 3
128 26 4
26 150 1
36 80 2
102 166 3
101 160 3
162 154 1
40 28 3
99 96 4
104 49 2
140 54 1
173 109 3
29 88 4
49 95 4
175 168 3
187 167 3
149 168 2
101 159 3
178 174 4
179 62 4
62 20 4
73 60 4
80 54 2
0 88 1
12 199 3
85 183 2
91 180 1
36 139 4
40 15 3
168 116 3
140 179 4
52 83 2
64 40 2
122 26 1
10 66 4
168 184 2
97 146 4
138 96 4
74 182 3
15 153 4
96 47 4
80 95 3
122 64 4
59 57 4
112 141 4
111 89 1
106 103 4
25 165 2
129 157 3
157 33 1
25 59 1
151 13 4
59 145 1
86 17 3
160 20 2
36 61 4
81 13 3
21 145 1
128 92 3
62 136 1
114 3 2
64 145 4
17 76 4
111 43 1
43 158 1
158 143 2
198 108 1
135 195 2
70 147 3
14 156 4
188 19 2
53 29 4
32 114 1
114 99 2
2 90 1
123 33 1
63 147 4
35 155 3
180 50 2
151 113 4
160 15 1
178 5 1
189 66 2
66 171 3
172 3 2
93 102 1
93 150 2
105 181 2
94 116 1
47 39 1
184 10 4
184 126 4
4 199 1
173 21 4
57 91 1
9 186 3
4 79 2
66 154 2
14 72 2
195 154 4
126 94 1
85 69 4
81 88 4
9 127 4
114 87 1
138 51 1
116 46 2
54 188 1
9 45 3
82 156 2
123 147 1
177 119 1
58 33 4
155 36 4
89 25 2
181 37 1
27 48 2
172 195 2
186 36 2
140 160 1
104 121 3
180 118 1
74 47 1
88 175 4
61 75 2
74 131 1
81 11 4
115 164 2
162 98 4
52 12 1
23 125 2
47 4 1
68 132 1
12 149 2
37 68 3
68 49 3
145 50 4
78 115 3
197 156 3
41 81 1
147 45 1
42 125 4
135 48 2
27 46 4
182 51 4
24 138 4
61 198 1
67 73 1
178 179 2
109 185 1
50 159 3
98 61 4
152 164 4
95 88 1
154 80 2
199 73 3
198 11 3
35 59 4
137 110 3
182 76 3
157 144 3
194 139 2
145 51 4
33 90 2
40 125 2
56 131 4
130 149 1
137 10 4
81 1 4
106 5 1
86 111 1
97 180 3
6 94 1
118 111 4
123 157 3
152 101 3
44 95 4
38 103 4
143 1 3
129 69 1
38 135 1
148 164 3
58 117 2
88 136 3
91 19 3
5 142 3
142 117 3
117 136 1
50 23 3
148 60 1
1 19 2
102 35 1
18 177 4
70 111 4
148 97 4
85 97 2
0 86 1
157 24 4
25 170 4
54 25 3
113 103 2
30 119 4
48 47 4
134 31 3
132 2 2
140 161 2
119 115 3
41 163 3
80 136 3
66 196 2
54 179 2
152 173 1
39 122 2
27 100 4
95 13 4
102 95 4
11 93 4
167 89 3
177 154 1
153 135 4
48 124 2
188 98 2
64 139 3
100 54 4
132 54 2
145 65 3
80 101 1
69 163 1
168 80 3
66 111 1
85 59 2
15 122 4
93 27 2
97 69 4
15 42 3
193 141 1
120 89 3
114 176 3
38 166 2
105 91 3
182 167 3
119 77 1
8 164 1
84 74 3
64 5 2
107 195 2
90 181 2
39 167 2
152 82 1
67 5 1
135 6 1
22 21 3
108 33 1
29 137 1
157 63 3
41 94 2
5 22 1
97 35 3
178 148 3
22 23 3
139 51 2
91 38 3
182 5 1
89 172 2
137 186 2
197 166 1
157 193 4
50 116 2
128 152 3
130 35 3
51 26 1
99 97 2
153 7 1
82 135 4
9 141 1
20 154 3
122 187 2
57 2 4
135 15 3
137 132 4
92 155 1
70 135 3
197 34 2
174 47 3
155 183 3
180 196 1
66 61 3
6 11 2
171 119 3
159 71 1
191 130 4
114 115 2
44 184 4
102 138 2
173 77 1
79 129 4
78 56 3
169 106 2
121 20 1
68 181 1
195 193 3
4 130 3
96 38 2
20 196 1
116 179 4
146 92 2
56 87 1
150 151 4
167 18 1
108 137 3
38 183 3
109 70 1
92 119 3
126 141 2
119 40 3
29 171 1
140 186 3
158 174 2
177 117 4
166 61 4
175 84 2
110 159 2
87 133 3
117 108 1
164 103 2
63 93 4
115 121 4
19 59 4
56 191 4
35 158 4
68 109 3
121 199 4
57 173 4
68 151 4
161 130 2
67 86 2
155 139 3
180 172 1
90 191 2
18 127 3
106 75 2
66 88 4
158 141 2
76 95 3
185 135 2
195 94 1
185 179 2
12 198 4
163 172 2
127 22 2
56 175 2
56 153 3
192 171 2
44 136 3
85 160 3
179 73 3
91 87 1
192 148 3
20 192 3
14 74 1
162 44 2
21 158 3
37 112 2
176 124 3
110 28 3
99 0 2
194 52 4
15 161 1
167 96 3
34 120 3
194 25 4
71 84 3
144 42 2
32 182 1
179 129 4
114 5 2
115 118 2
119 181 4
96 175 4
82 83 4
194 65 2
14 171 1
78 197 1
179 132 1
146 21 1
139 4 3
16 31 3
177 82 2
100 164 2
24 82 2
185 181 3
176 54 1
61 139 2
72 179 3
67 31 3
5 83 3
160 82 4
113 2 1
166 170 3
177 123 3
113 39 1
196 112 2
125 45 4
53 34 4
107 160 2
106 11 1
95 150 4
31 55 3
76 149 3
188 193 2
165 148 4
142 101 4
105 198 4
20 53 2
44 54 2
110 74 3
157 54 3
30 46 3
192 103 3
184 125 4
14 188 3
128 160 1
199 11 3
128 188 4
176 147 1
93 56 2
64 76 1
40 108 3
190 7 3
192 40 1
89 142 1
147 119 1
169 120 3
179 196 3
123 24 3
15 17 3
49 174 4
166 59 1
96 39 4
71 174 1
101 48 2
143 7 3
119 25 2
153 85 1
111 126 4
111 24 2
137 22 1
196 141 4
62 144 2
116 90 1
162 1 1
185 130 2
14 120 3
43 62 4
139 82 2
178 43 1
9 168 4
13 78 2
108 15 4
106 85 2
141 7 2
17 21 3
162 81 1
165 46 1
40 43 2
91 25 2
99 146 4
122 37 3
9 51 3
10 179 4
122 174 1
84 38 3
68 57 1
143 170 1
113 79 3
17 134 3
97 59 2
69 171 3
122 160 4
74 151 1
66 125 3
142 53 3
91 27 1
145 140 3
12 48 4
11 58 3
23 119 3
26 168 1
42 72 2
186 59 2
106 153 3
178 17 4
156 177 2
60 142 2
56 75 4
2 69 4
94 0 2
123 143 4
159 85 2
129 113 4
57 62 1
67 22 4
160 73 3
61 130 2
129 102 2
172 167 4
12 192 1
181 70 3
13 147 3
39 187 2
169 162 1
73 85 4
167 114 2
20 177 4
143 103 4
107 84 1
70 36 1
53 161 2
129 47 3
93 41 3
111 32 3
141 176 4
114 150 1
138 32 3
161 76 3
126 150 2
177 41 2
58 9 3
72 109 2
158 131 2
68 64 4
168 67 4
15 101 4
34 23 3
107 37 4
123 191 4
137 123 1
12 23 1
183 73 3
156 131 1
35 182 4
73 83 4
147 78 2
18 106 1
29 33 4
23 109 2
189 45 2
158 67 1
112 32 1
106 88 2
186 12 3
107 158 2
162 163 3
74 104 1
158 178 4
64 171 1
22 53 3
184 139 1
67 54 4
170 67 1
175 127 1
41 49 3
59 127 3
178 76 1
89 160 2
36 99 3
120 149 3
53 118 1
173 184 4
129 108 3
1 167 1
131 139 3
18 190 4
80 143 4
95 77 2
85 80 4
157 45 3
109 183 2
52 132 2
98 163 2
107 80 2
133 157 1
148 142 3
197 40 2
166 130 2
106 178 2
100 185 2
64 81 4
39 53 1
19 44 4
1 31 4
105 149 3
91 44 3
67 57 1
33 23 4
136 37 4
41 44 4
137 145 2
52 198 4
163 177 1
58 0 2
107 10 1
57 28 4
189 44 1
120 19 4
174 162 4
162 179 4
45 108 1
115 32 3
6 31 3
0 172 3
30 136 4
164 45 4
37 173 3
22 196 4
186 70 1
158 10 3
18 194 2
63 136 3
37 115 1
16 192 3
173 64 4
166 184 3
23 138 3
65 45 4
145 31 2
15 104 3
55 166 2
123 66 1
148 22 1
187 56 2
91 155 1
13 52 3
143 59 2
161 89 1
46 38 1
38 2 2
82 75 1
187 196 3
129 12 1
166 89 4
195 142 2
128 0 3
67 104 4
144 183 3
169 85 4
45 83 1
34 92 2
52 59 4
111 109 2
151 102 2
110 173 4
102 141 1
33 4 1
92 152 2
65 185 4
176 165 1
144 126 1
8 169 2
98 73 4
161 134 3
171 111 3
123 176 1
100 14 1
199 77 3
87 185 4
28 86 4
58 29 4
139 60 2
108 47 4
3 6 2
168 19 1
66 5 2
175 105 2
6 101 3
99 157 1
77 191 3
89 87 4
44 85 1
144 156 2
74 102 4
156 178 2
64 183 4
101 190 3
189 93 4
148 3 4
91 157 4
100 49 2
135 22 4
10 196 3
89 4 1
69 101 4
104 195 4
149 132 3
62 171 4
15 127 2
177 171 4
153 195 3
178 34 3
169 2 4
85 118 2
193 44 4
183 53 2
131 86 2
96 6 1
153 137 4
184 145 4
82 196 4
13 166 1
123 61 2
15 167 4
153 32 1
66 46 2
167 159 4
30 149 2
87 82 3
124 190 1
29 110 3
72 148 1
160 23 2
90 151 1
77 20 1
20 86 3
121 155 3
195 119 3
154 117 3
54 164 4
184 161 2
183 192 4
80 43 4
31 103 2
161 132 4
99 198 4
3 184 3
137 31 2
198 103 2
103 165 4
90 64 2
90 99 1
127 50 4
148 31 4
165 180 1
24 177 3
52 164 1
25 115 3
95 180 3
179 37 2
130 62 2
77 167 2
178 68 3
23 52 4
85 33 4
122 178 1
105 184 3
104 102 2
147 76 2
72 147 1
174 196 2
84 73 2
57 100 3
149 112 3
41 84 1
180 81 3
143 109 3
98 100 3
108 98 1
172 30 2
151 152 3
181 15 2
6 116 1
107 96 1
91 117 2
149 70 2
33 99 2
178 161 2
143 66 3
174 169 3
35 10 1
161 155 4
85 79 1
93 12 3
186 26 4
187 88 2
19 181 3
108 121 3
121 86 2
40 47 4
171 11 1
72 192 3
4 127 1
70 178 2
94 154 1
161 102 2
137 128 1
186 31 1
121 13 4
101 25 2
168 10 1
73 146 4
147 65 2
98 36 2
144 147 3
35 72 3
91 124 3
181 85 1
140 114 1
70 189 1
128 192 4
88 186 3
160 26 4
123 102 2
69 94 2
62 124 4
160 135 2
58 41 1
45 135 3
189 119 2
113 122 4
15 96 4
98 11 1
119 63 2
199 96 2
98 47 3
168 183 1
125 111 2
117 90 2
40 95 3
86 51 3
151 171 4
53 152 4
52 170 4
62 129 4
153 183 1
23 26 2
36 60 2
181 13 2
155 157 4
187 74 3
146 40 2
134 34 4
84 94 3
194 89 2
26 64 1
135 23 2
178 71 2
196 132 3
84 106 1
52 147 4
154 10 3
169 102 2
133 127 4
127 173 3
121 191 2
163 145 4
36 192 3
66 163 3
98 45 3
83 78 2
59 159 2
173 75 1
114 169 4
181 1 4
176 74 3
61 111 4
55 30 4
149 188 4
15 38 4
38 9 4
120 39 3
194 79 4
152 108 3
113 100 4
184 130 3
46 124 4
41 179 3
5 165 1
144 60 4
146 87 4
182 116 2
151 26 1
113 121 4
170 144 3
40 3 1
82 194 3
130 189 3
32 109 3
161 63 3
34 108 3
35 195 3
56 162 2
131 24 4
197 67 4
102 130 1
159 164 1
62 6 1
199 162 4
64 53 1
93 106 3
81 153 1
12 8 1
92 140 3
195 66 4
18 11 4
181 30 4
1 185 3
73 121 3
22 193 1
174 146 3
157 176 3
30 64 1
18 109 4
2 176 2
4 85 3
171 40 1
86 142 4
53 72 4
176 14 1
71 86 3
82 124 4
188 59 4
187 9 4
116 149 4
53 70 4
115 56 1
61 148 1
87 64 1
19 128 3
197 127 1
118 132 3
151 142 1
59 136 3
144 146 3
59 138 3
171 163 1
9 166 4
160 59 3
77 57 3
195 180 2
133 51 3
126 90 3
163 118 3
111 129 1
108 95 4
190 76 1
21 110 4
188 11 2
174 150 4
57 160 4
143 89 4
139 7 1
103 0 3
125 68 3
156 93 2
7 110 1
101 185 3
186 65 1
4 28 4
184 195 4
184 38 4
195 45 4
197 65 4
189 69 3
184 142 3
109 187 3
23 94 2
63 152 2
109 188 1
20 0 1
71 133 2
3 178 4
120 72 3
103 68 4
92 65 2
149 194 1
171 3 1
98 133 4
187 59 1
29 177 4
35 16 2
136 118 4
148 90 3
95 167 4
25 118 1
64 186 4
167 13 1
118 183 1
11 186 2
170 198 2
65 17 2
88 3 1
139 118 1
109 52 2
140 119 4
27 175 2
70 29 3
39 51 3
78 59 3
18 134 4
118 128 1
177 56 3
153 121 2
190 54 2
106 72 1
11 53 1
15 156 4
145 113 4
87 29 3
101 154 4
108 36 1
45 87 2
37 32 4
132 95 4
170 81 4
32 5 2
9 89 2
92 26 4
52 197 4
124 66 4
95 123 3
42 94 3
190 23 3
115 44 2
197 3 3
48 72 4
31 74 2
73 176 4
12 78 2
146 6 4
171 102 4
142 57 2
57 108 4
95 199 4
86 72 3
15 116 2
100 143 4
89 196 4
176 22 4
6 176 3
174 15 3
0 185 2
13 60 3
82 154 2
181 74 1
173 18 3
198 9 4
161 164 1
185 54 1
194 44 4
38 57 3
41 26 3
28 122 1
33 38 3
131 45 3
123 173 4
0 190 2
113 162 2
152 35 2
198 60 2
100 111 4
157 41 3
185 114 2
153 95 4
94 192 3
20 153 2
36 158 2
112 20 1
99 117 2
105 80 2
118 72 2
100 53 1
59 141 4
25 64 1
32 139 4
105 19 2
148 188 2
83 23 4
44 22 4
196 42 1
112 33 3
107 19 1
40 162 1
17 48 3
35 28 3
167 184 4
64 38 1
57 49 4
50 41 3
44 197 1
96 28 1
165 101 3
3 193 3
193 121 4
75 162 1
24 144 3
64 113 1
93 125 2
67 129 3
149 145 4
165 33 4
168 54 1
33 170 3
22 144 3
175 30 3
118 171 3
13 179 3
5 134 1
175 35 2
186 23 3
34 116 4
157 70 1
107 109 3
147 113 1
9 84 1
134 12 3
24 161 4
125 96 1
118 198 3
28 117 4
55 180 3
10 119 3
80 73 1
195 63 4
178 66 3
100 166 4
69 137 2
137 151 2
15 9 3
156 86 1
94 169 4
160 161 3
8 174 2
13 134 3
95 184 4
23 149 3
130 156 1
18 152 1
164 153 3
112 166 1
21 25 3
191 62 4
85 51 1
13 93 1
4 164 2
36 92 3
64 169 4
176 49 1
63 186 3
142 152 3
136 45 4
69 15 1
185 80 4
80 21 3
30 125 4
74 145 3
197 24 1
101 173 1
75 89 2
117 160 4
48 112 1
22 110 4
121 31 1
111 152 1
185 84 1
60 146 3
59 38 1
37 177 3
57 14 3
58 34 2
22 7 1
136 145 4
141 129 3
13 63 4
52 29 2
89 164 1
193 142 3
143 169 3
178 74 2
43 64 1
126 142 3
5 151 1
178 52 1
111 128 3
191 183 2
183 34 1
172 78 3
59 125 4
88 164 3
54 111 3
57 54 3
4 117 4
10 191 3
6 133 3
84 3 2
62 196 1
41 121 4
192 176 1
189 77 3
47 95 1
187 115 4
168 47 4
125 34 1
133 33 4
27 139 3
17 105 1
123 29 4
28 55 4
37 33 2
99 165 1
93 83 2
15 18 3
64 181 2
57 40 4
53 113 2
124 153 4
23 15 4
162 70 4
172 127 3
99 161 2
194 37 1
103 177 3
157 186 4
117 23 2
127 128 4
44 155 1
33 31 4
108 2 4
142 85 4
146 180 4
52 67 1
23 124 1
21 53 3
49 51 4
185 8 3
101 47 2
123 16 2
85 10 4
114 24 3
174 165 1
82 95 4
32 103 4
100 194 1
100 122 1
13 19 1
189 145 4
117 78 4
97 129 1
124 165 4
181 108 2
108 56 3
32 128 2
159 199 2
91 46 4
32 48 4
118 43 2
155 131 3
117 156 4
87 178 4
126 101 1
41 61 1
198 78 2
131 193 1
101 180 4
165 77 1
197 93 4
36 10 4
180 131 2
171 7 3
152 81 2
32 26 3
22 129 1
154 52 2
157 115 2
35 110 4
22 12 2
43 54 1
87 55 2
35 83 2
62 139 1
24 103 1
86 75 2
93 4 2
149 187 2
44 179 4
158 129 3
94 87 3
126 163 2
100 152 2
73 170 3
130 30 1
84 162 2
156 92 4
192 26 1
134 141 3
170 93 1
62 187 1
59 176 4
180 109 4
24 162 3
106 73 3
101 100 4
101 4 2
86 110 1
21 42 1
39 138 1
90 25 1
25 122 1
0 80 2
157 154 4
122 2 2
2 93 4
45 103 4
194 107 3
79 193 3
94 80 2
161 169 2
85 34 2
101 86 2
117 96 1
96 76 2
32 43 1
169 192 4
105 172 2
74 35 2
142 59 2
115 116 4
148 146 1
169 135 1
100 78 1
38 116 4
115 188 2
37 84 4
147 169 2
43 108 3
109 190 4
93 129 1
2 164 4
48 194 1
88 155 1
40 159 4
63 70 2
60 12 2
29 103 3
20 16 3
62 122 2
81 102 2
102 36 3
107 162 2
116 89 2
91 28 4
116 61 1
157 190 3
37 142 2
82 133 1
17 87 4
135 85 2
67 114 4
4 123 2
40 154 3
139 42 2
53 18 3
132 119 1
117 169 4
52 3 4
70 47 3
110 40 2
14 32 3
119 104 4
124 71 2
1 173 4
20 105 4
61 84 2
194 182 2
137 173 4
115 59 3
42 34 1
52 10 4
17 73 3
91 55 2
62 3 4
195 50 2
139 132 1
133 83 1
24 70 2
107 39 1
12 70 2
2 145 1
88 42 3
19 106 4
108 158 4
158 118 1
137 83 2
148 45 2
142 197 3
149 126 3
37 145 2
131 14 3
34 194 3
88 59 4
115 41 1
75 49 3
119 93 1
173 81 2
112 132 3
186 10 3
151 143 2
103 17 1
186 5 1
9 158 2
86 182 1
1 134 3
147 145 1
58 162 4
89 192 4
133 111 1
146 58 2
32 49 3
152 65 4
53 36 4
27 20 2
176 143 1
78 103 4
97 196 1
93 65 3
165 82 2
160 149 1
188 63 2
145 14 1
190 42 2
29 153 4
22 125 2
148 21 2
25 104 4
54 175 4
8 152 3
94 63 4
36 31 4
98 182 2
108 14 1
113 34 4
113 168 4
66 167 1
19 115 2
5 43 3
80 195 1
127 137 1
23 4 3
71 115 3
104 82 3
17 37 3
127 132 4
73 192 4
199 193 4
94 103 1
47 162 3
149 164 1
171 42 1
119 191 3
46 39 2
11 112 3
0 149 3
13 112 4
195 85 4
36 94 1
51 41 4
195 69 3
165 40 4
185 52 2
2 163 1
131 20 2
182 64 4
193 7 1
6 110 4
61 58 2
116 97 3
195 159 2
53 151 1
75 171 2
86 43 1
35 6 1
95 178 1
125 3 3
60 184 1
90 144 2
142 179 2
199 101 2
197 168 3
128 116 1
198 75 1
59 45 4
98 4 2
79 181 1
19 55 1
113 28 1
40 114 1
195 59 3
56 98 3
146 45 2
179 49 2
128 177 2
52 184 3
125 144 4
151 119 3
63 193 3
69 81 2
59 140 2
180 188 2
161 110 4
34 187 1
189 58 4
108 135 4
97 118 2
85 36 2
89 60 4
173 99 2
91 153 4
57 133 2
78 196 2
18 111 3
3 140 1
174 66 4
138 168 4
71 16 4
189 21 4
21 162 4
100 167 3
71 58 3
183 178 3
19 155 2
50 72 2
101 119 3
44 103 3
11 73 2
79 140 3
64 94 3
97 87 4
148 136 2
95 37 3
171 35 1
182 48 4
198 156 4
122 111 4
196 34 4
24 42 4
153 75 2
56 38 1
72 73 2
27 54 4
51 178 4
151 7 3
137 114 1
92 47 4
153 197 1
136 187 2
27 177 2
52 61 3
64 187 2
21 39 2
164 147 4
188 9 2
134 95 2
192 87 2
180 33 3
63 154 4
148 124 4
75 29 3
115 91 4
21 57 4
57 170 1
79 0 2
76 79 3
83 179 2
75 67 2
182 131 2
158 31 1
75 194 2
181 88 3
18 74 1
31 142 3
148 131 4
96 80 1
36 76 2
166 95 2
135 198 4
189 175 1
66 47 2
169 90 2
193 72 2
149 47 3
124 186 1
154 139 1
36 1 4
134 52 2
119 34 2
185 129 1
63 96 1
33 126 4
198 176 2
109 61 2
137 185 1
79 73 3
110 164 1
40 166 1
165 61 2
173 35 4
191 50 1
69 25 3
105 28 1
107 90 3
188 119 3
9 161 3
81 141 3
38 138 4
197 92 2
123 56 3
40 109 1
53 13 4
119 173 1
153 119 4
131 5 3
86 186 2
126 69 1
182 19 3
155 62 4
4 39 2
192 77 2
136 68 2
143 120 3
158 46 1
117 83 3
198 143 2
103 72 1
3 5 1
152 83 3
158 50 2
28 19 1
46 192 2
154 39 1
117 165 1
64 35 3
133 179 3
185 184 1
199 1 3
0 145 3
37 135 4
79 163 1
113 22 3
79 141 2
37 34 4
133 151 4
96 113 1
72 17 4
5 126 2
33 144 1
146 135 4
198 19 3
191 26 1
62 7 2
120 97 3
168 145 3
16 72 3
135 56 2
84 59 1
60 47 3
124 110 2
73 153 1
19 109 3
170 126 1
54 2 1
130 101 1
166 65 3
48 46 4
55 62 1
193 14 1
14 35 1
57 81 3
110 169 4
64 170 1
57 84 3
54 128 3
50 29 3
0 192 1
179 40 4
158 164 2
139 116 2
94 28 3
74 77 2
53 81 4
121 25 1
58 88 4
190 2 2
38 163 4
134 25 2
124 11 4
79 94 1
131 44 2
21 30 3
199 191 1
93 66 3
23 79 1
56 1 4
68 55 4
7 50 1
167 143 3
97 33 1
147 66 4
92 174 1
56 194 2
109 71 1
183 86 1
53 164 2
31 90 4
85 68 3
127 6 3
19 11 1
172 9 4
77 36 3
28 128 3
129 101 3
188 198 4
34 35 3
14 167 4
133 13 4
98 189 2
107 103 2
9 114 3
27 114 3
30 49 4
67 176 4
156 125 1
100 186 1
30 173 2
90 92 2
186 125 1
157 152 1
78 67 1
2 111 3
30 8 1
173 189 1
63 48 4
136 25 2
167 42 4
123 195 2
14 28 2
45 128 3
114 153 2
89 17 1
179 137 3
168 163 3
75 44 3
88 41 2
41 156 4
72 12 3
55 36 4
43 36 4
179 21 2
37 74 3
158 38 1
184 165 3
61 80 2
138 121 2
120 129 1
97 30 4
44 68 3
151 33 4
97 166 3
111 64 2
155 194 1
124 164 3
132 55 3
142 73 1
30 132 1
74 34 4
73 25 2
193 160 1
30 4 3
103 193 1
49 107 2
25 30 4
60 26 3
7 133 2
103 154 3
148 98 1
102 154 2
86 164 3
15 182 1
40 176 1
16 164 1
111 25 3
98 84 1
126 107 4
15 162 4
111 134 2
115 163 3
95 97 2
53 73 3
1 106 3
0 82 3
107 8 3
185 85 3
99 19 3
70 158 3
31 187 1
123 144 3
144 141 3
112 162 1
171 128 4
51 76 4
11 148 2
102 116 3
14 47 4
46 84 1
167 56 2
121 134 4
115 75 1
48 54 2
83 0 1
71 5 3
117 47 2
94 165 4
192 45 1
64 141 1
84 104 3
176 133 3
167 41 1
117 93 1
113 46 3
10 143 1
50 103 2
4 19 1
180 145 2
105 26 2
44 116 3
177 165 2
44 40 4
177 72 4
105 161 4
10 18 1
45 106 4
108 173 2
59 11 4
173 114 3
172 54 2
62 173 2
34 89 3
147 21 4
130 114 3
50 106 3
137 44 1
68 194 1
50 70 4
50 63 3
89 46 2
46 67 4
148 147 2
177 148 3
17 159 2
94 56 3
165 153 3
83 57 4
168 115 1
109 137 2
170 168 2
121 59 4
164 18 4
4 134 3
77 131 4
6 45 2
146 78 2
35 37 2
109 10 1
65 177 3
79 197 3
50 136 3
164 128 4
123 68 4
42 161 2
192 47 4
135 196 2
52 171 4
4 12 4
157 87 1
90 110 3
141 124 3
115 57 1
17 16 4
86 63 2
117 149 3
120 7 2
128 115 1
82 198 4
89 0 4
192 120 2
64 180 4
84 161 4
50 174 1
38 82 4
151 77 3
158 144 1
87 18 1
55 33 4
118 127 4
40 167 3
125 136 3
62 91 2
149 36 3
4 99 2
84 85 4
22 69 3
15 81 1
0 19 3
179 70 2
148 59 1
128 187 2
142 131 4
191 182 2
166 114 1
170 30 2
100 197 1
128 181 2
29 156 3
11 191 2
95 35 2
108 54 2
20 45 2
65 165 3
37 147 3
194 102 3
109 35 4
158 48 2
180 77 3
28 42 2
80 83 1
15 196 4
140 159 2
93 165 2
93 177 2
73 45 2
83 88 1
135 20 1
4 109 3
48 183 3
196 133 4
7 172 2
143 43 1
4 27 2
88 72 4
52 177 4
155 172 4
98 185 3
143 115 4
186 156 4
138 90 3
78 27 3
180 70 3
15 140 4
162 122 2
9 71 1
48 178 2
70 142 2
112 38 2
159 0 4
77 6 2
108 186 3
181 126 4
60 80 3
181 22 2
24 195 2
176 167 1
153 117 4
68 62 4
36 106 1
184 121 1
102 69 1
183 23 4
64 86 3
49 91 2
174 20 3
159 160 3
184 7 1
89 98 3
193 171 3
108 155 3
150 164 1
186 80 2
128 39 2
7 94 4
85 76 4
153 31 3
70 192 2
38 4 2
177 6 3
3 96 3
132 133 1
6 157 2
108 156 1
165 191 1
71 21 2
171 159 2
130 175 1
190 27 4
78 168 2
97 5 3
89 162 3
13 107 4
30 0 1
120 71 3
83 27 4
90 192 1
15 71 4
44 157 3
127 88 1
25 110 2
92 45 4
40 73 4
78 170 3
105 120 4
115 113 4
102 140 1
68 145 2
102 167 3
29 151 4
96 163 4
155 187 1
19 5 3
97 26 2
84 11 1
45 171 2
82 146 2
69 135 1
52 25 1
44 94 1
42 157 3
34 45 1
51 102 4
143 28 4
108 153 2
154 13 3
121 143 1
141 1 1
92 52 1
137 71 1
63 25 1
137 111 1
134 160 3
82 162 1
151 8 1
85 123 2
190 180 3
2 86 4
156 172 4
35 58 1
189 132 1
106 122 4
74 185 1
141 3 4
58 26 4
20 76 2
56 36 1
119 32 2
109 146 4
24 143 1
126 89 3
139 87 3
132 33 4
125 163 2
30 39 4
192 79 2
190 62 4
184 134 2
193 191 1
137 49 3
172 90 3
29 154 3
169 23 1
122 119 3
133 163 3
180 43 4
13 89 4
138 40 1
171 77 2
139 143 3
8 47 2
119 114 4
170 102 2
149 119 4
0 36 1
2 197 3
135 39 4
179 176 3
119 82 3
2 37 4
64 75 1
42 189 1
74 97 2
102 23 4
88 192 4
167 99 1
88 82 2
30 140 1
133 19 3
123 152 2
47 145 3
67 146 3
96 148 3
43 171 1
86 188 4
189 164 1
12 146 3
32 145 4
53 41 2
57 139 4
75 119 3
198 17 4
91 108 3
142 120 1
8 146 2
130 144 3
0 180 3
123 132 1
76 146 2
43 31 2
107 168 3
164 83 2
106 67 1
62 0 2
190 81 3
73 43 4
22 107 4
127 44 2
154 179 3
11 150 2
170 84 4
123 18 4
59 131 2
48 113 1
132 71 1
157 120 4
128 24 4
0 134 3
181 120 2
82 187 4
63 194 1
146 194 3
179 96 1
162 51 1
74 71 1
77 27 2
111 147 3
171 195 2
75 157 3
96 25 4
87 44 2
23 99 1
171 25 2
0 189 1
198 134 4
101 95 4
115 96 4
181 34 3
6 33 2
27 120 2
107 33 3
169 179 2
194 54 2
89 169 1
57 151 3
17 195 1
59 31 2
114 128 1
39 151 2
41 130 2
138 134 2
7 85 2
39 125 2
96 114 1
180 142 4
152 33 4
165 173 2
16 28 4
89 197 1
139 183 4
142 143 3
54 139 1
192 143 4
124 28 4
21 127 3
89 187 1
16 89 2
121 151 1
6 66 1
137 102 2
183 43 1
54 46 4
86 106 3
107 150 3
35 196 2
105 96 4
99 178 1
150 119 4
4 58 4
38 108 1
157 48 1
115 175 2
109 186 4
134 63 3
147 49 2
111 94 4
61 48 1
6 152 3
22 25 2
9 112 3
189 10 1
129 87 3
44 176 4
88 193 3
85 95 2
99 134 3
39 142 3
19 110 1
113 33 4
110 172 4
72 161 2
187 35 3
124 74 1
96 198 1
180 124 2
69 108 3
194 125 2
21 60 2
77 122 4
18 68 4
60 19 1
36 150 1
8 157 3
157 11 4
61 137 4
109 64 2
86 119 4
36 175 4
186 179 2
192 160 1
131 108 4
18 89 2
44 62 2
17 145 4
13 70 1
64 51 2
18 98 4
50 91 4
154 107 3
190 34 3
169 9 4
161 191 4
138 17 4
174 35 3
93 43 1
40 6 4
61 24 1
146 150 4
141 43 4
161 187 4
23 128 4
19 111 4
66 86 4
31 28 2
94 142 3
22 9 1
129 198 4
83 192 2
12 164 4
180 87 4
181 199 2
78 102 3
176 35 2
173 163 1
17 77 2
150 138 2
143 145 4
109 156 4
75 1 4
24 151 3
161 117 3
192 113 2
195 23 4
141 175 4
198 199 3
29 124 1
96 159 2
5 123 4
64 24 2
130 73 3
133 95 3
133 173 1
118 173 2
163 0 1
52 138 1
114 102 1
24 54 3
144 161 2
136 28 2
21 138 3
44 153 2
17 127 4
72 62 3
90 41 4
171 87 1
133 18 1
36 112 2
149 53 3
48 64 1
123 35 4
197 125 4
122 167 4
184 1 1
95 191 2
136 177 3
67 195 2
39 66 4
148 179 4
39 18 4
101 141 4
120 188 1
87 14 1
194 35 1
192 1 2
129 77 3
38 72 4
40 186 4
157 182 3
78 126 2
25 60 4
197 159 4
13 197 1
137 141 1
157 101 4
2 51 3
144 195 1
48 21 4
8 140 2
8 28 3
20 96 1
191 78 2
129 85 3
190 80 2
93 161 4
140 143 4
21 152 2
35 85 2
42 64 3
35 149 3
133 50 2
4 196 4
108 148 4
33 187 2
13 62 4
47 118 1
8 154 2
66 106 2
21 168 4
25 168 1
135 172 1
23 136 3
22 97 1
60 30 4
31 131 1
187 140 1
115 108 2
103 152 2
39 106 4
104 75 2
137 113 4
20 198 2
38 31 2
142 66 1
35 146 4
165 115 2
44 159 2
18 46 2
181 183 2
162 114 2
32 18 4
188 93 1
107 12 4
198 140 4
105 55 3
119 116 4
87 165 4
193 134 3
100 75 2
188 123 3
143 189 1
45 91 4
22 45 3
90 156 2
8 50 4
77 157 2
102 24 2
57 33 2
194 126 2
45 113 1
39 186 3
106 102 1
142 189 4
168 169 2
197 105 4
76 35 1
40 45 1
111 185 1
16 102 2
199 62 4
185 10 4
168 159 3
47 176 3
112 73 2
42 84 4
178 127 3
151 22 2
55 81 4
18 144 4
138 75 3
93 153 4
179 75 4
166 123 3
41 91 3
37 141 3
45 85 3
198 168 3
29 79 2
30 94 2
4 129 3
65 2 3
98 17 2
113 47 2
77 52 2
102 25 2
115 120 4
124 80 3
19 156 1
39 100 3
168 100 2
180 28 4
92 137 2
81 177 4
198 136 4
8 150 3
186 165 3
32 174 4
30 38 3
84 23 2
162 6 1
46 34 4
134 174 3
22 198 4
184 63 2
42 91 3
88 168 1
93 196 2
107 111 4
145 3 3
182 23 4
172 26 1
77 154 1
61 167 2
156 36 3
9 164 4
146 177 4
127 67 2
128 2 4
32 140 4
174 56 4
48 159 2
67 154 3
145 85 2
126 191 3
191 18 3
180 122 3
187 15 3
75 17 2
82 46 1
63 98 1
82 99 1
100 7 3
164 118 2
116 10 3
25 49 4
196 134 4
99 144 2
68 176 2
7 168 2
136 52 2
164 188 3
98 147 2
98 48 2
57 125 3
130 109 4
136 113 2
55 160 3
171 121 3
169 190 4
193 96 2
99 125 4
125 26 2
46 193 1
103 13 4
130 94 4
82 171 3
173 140 3
103 6 1
75 176 4
40 133 3
70 148 4
43 179 1
41 7 4
41 199 4
49 48 3
61 67 2
20 21 3
22 153 2
1 129 1
150 65 1
156 4 2
192 150 2
2 112 2
44 180 3
140 16 2
165 24 3
18 149 1
132 12 3
14 30 3
82 21 2
57 118 2
102 196 3
181 163 2
120 47 2
71 165 1
47 93 2
163 138 3
109 135 2
6 26 3
8 4 3
26 137 3
117 65 4
84 14 3
154 81 3
93 51 3
47 125 2
82 173 2
83 108 2
74 146 1
115 178 4
21 181 4
95 46 1
3 128 1
77 39 2
159 47 3
183 90 4
130 38 4
57 1 2
173 50 2
49 94 4
38 18 2
91 159 3
143 105 3
93 18 1
10 59 4
26 171 1
22 118 3
92 72 4
78 11 2
51 125 3
141 105 4
106 167 1
43 191 3
84 151 2
100 187 3
181 155 2
75 85 3
198 126 3
153 166 4
164 187 4
46 59 3
196 136 2
4 43 4
109 129 4
162 79 3
125 24 3
194 53 4
63 73 1
151 38 3
187 133 1
90 52 2
150 132 3
121 168 1
156 107 2
42 150 4
161 90 1
106 177 3
82 101 1
60 37 3
25 34 1
167 28 3
183 179 2
126 114 3
140 117 1
141 89 4
15 95 3
69 106 4
26 157 3
39 26 2
80 175 1
10 70 3
155 106 4
187 141 2
144 160 1
47 185 4
85 6 4
65 39 1
120 122 4
76 138 3
51 0 3
13 150 2
193 66 1
118 129 2
147 106 3
89 81 2
125 100 4
187 65 4
94 48 4
138 167 4
134 128 1
113 114 2
53 132 3
35 9 2
187 97 4
186 43 3
149 84 2
74 3 4
71 150 3
155 63 3
56 102 3
120 50 1
47 165 2
82 42 3
154 119 2
51 176 2
148 66 1
4 80 3
83 44 4
140 182 4
102 7 1
55 38 1
102 117 2
70 99 1
135 96 3
168 193 3
179 175 2
194 32 1
94 22 2
29 127 1
56 142 4
130 108 1
25 19 2
164 174 3
80 155 3
81 194 2
168 196 3
161 58 1
145 131 4
167 11 4
73 168 4
130 33 3
152 192 4
13 110 2
155 53 2
87 172 1
61 189 4
100 82 3
80 135 2
63 92 2
40 142 4
97 15 3
197 19 1
132 121 3
150 82 1
34 162 2
96 144 2
49 15 1
195 182 3
79 101 3
51 199 2
113 7 1
9 137 3
191 144 3
150 73 2
26 40 4
54 93 4
89 125 4
17 92 1
151 18 3
68 69 3
55 88 1
182 57 3
121 74 4
32 152 4
12 36 1
50 84 2
134 38 1
61 97 4
138 33 2
11 113 3
43 6 4
50 162 1
105 24 4
120 59 1
38 76 1
138 100 4
55 53 1
134 195 4
163 72 4
20 65 3
39 27 4
119 103 1
65 182 3
195 42 4
174 106 2
197 11 2
150 3 3
160 164 2
69 152 1
157 19 1
19 199 2
54 95 3
30 178 4
182 16 4
198 24 1
144 199 1
146 152 1
64 27 4
189 155 4
189 107 2
108 77 2
69 100 3
198 161 4
69 82 3
164 170 2
145 6 4
51 128 1
157 9 3
171 94 2
146 108 2
79 70 1
1 42 1
71 192 3
48 6 2
155 42 3
45 138 3
70 152 4
53 15 2
170 179 2
195 88 4
130 104 4
66 40 2
60 77 3
133 80 1
90 38 4
138 7 1
70 77 3
185 70 1
50 104 3
66 9 3
35 13 1
93 163 2
20 80 4
52 46 4
108 79 2
185 69 3
46 171 2
116 101 1
189 156 4
177 42 3
86 65 1
160 146 3
26 145 1
11 46 4
111 17 3
152 28 2
24 69 4
106 37 4
188 39 1
100 149 3
164 199 1
19 108 3
93 74 4
43 112 1
23 14 4
164 120 3
97 94 3
117 146 2
97 46 4
74 61 3
72 85 2
145 176 1
62 183 1
199 117 3
98 92 4
168 118 3
132 186 4
8 142 2
194 191 2
107 186 3
110 73 4
82 78 2
158 4 1
49 139 3
52 181 3
27 147 3
19 87 4
115 15 3
42 193 4
79 154 4
61 106 1
101 70 4
3 41 2
185 172 2
180 75 3
66 42 1
84 53 2
58 3 3
28 171 4
43 115 2
187 69 4
99 31 4
17 120 3
50 45 2
178 110 2
154 198 2
50 94 1
24 164 1
4 87 3
21 97 2
116 59 3
44 52 4
36 100 4
75 136 1
190 183 4
182 102 3
48 118 1
48 78 3
84 95 1
88 158 1
128 67 1
137 67 4
66 60 3
6 9 1
6 17 1
198 41 4
3 23 2
12 92 2
189 115 1
75 51 3
100 66 4
148 113 3
92 125 3
113 12 2
79 6 2
138 55 1
194 129 2
148 78 3
54 153 4
127 114 1
160 194 1
90 3 3
130 65 4
182 53 1
12 2 1
130 40 1
179 100 1
195 34 1
117 81 2
196 103 1
190 115 1
108 21 3
84 148 4
136 152 4
2 26 4
167 104 2
121 39 3
97 144 3
40 60 3
180 21 4
62 24 4
12 187 4
59 172 4
182 175 1
167 116 1
175 91 2
109 155 1
3 13 1
171 49 3
192 175 3
23 188 3
73 159 4
199 106 2
114 92 4
183 147 1
136 129 2
196 54 3
134 123 3
11 105 1
135 14 3
21 47 4
186 92 1
161 86 1
67 93 1
198 145 1
14 13 4
183 28 4
127 40 2
166 122 1
173 16 4
50 185 2
66 17 2
23 56 2
90 13 2
32 195 2
67 27 2
150 18 2
186 61 1
132 1 3
104 85 4
73 195 3
25 81 3
163 20 4
80 5 3
174 141 1
25 66 1
30 155 4
121 141 4
163 1 2
164 168 1
51 177 1
195 131 1
72 99 2
8 158 2
142 118 4
26 19 1
58 99 4
169 151 4
14 142 1
164 35 4
93 89 3
192 44 2
64 172 3
157 78 4
181 190 1
168 13 1
93 198 2
191 151 2
140 116 4
198 133 2
49 59 3
67 142 2
161 129 4
152 10 1
171 76 4
49 129 1
57 128 3
137 176 2
91 135 1
30 80 1
166 178 1
99 24 4
67 94 1
168 161 2
121 24 4
185 113 2
86 36 3
40 91 2
176 187 3
79 13 2
113 82 1
108 176 3
91 75 2
108 90 4
196 17 4
46 56 1
63 111 1
181 99 1
107 152 4
53 89 2
182 79 1
152 155 1
159 33 4
101 37 3
133 21 4
16 42 3
35 19 4
112 174 2
1 74 3
67 18 3
65 77 1
33 26 2
68 130 2
55 32 1
43 82 4
160 96 2
173 190 1
8 19 2
18 70 1
122 130 2
141 17 4
78 136 4
16 37 4
77 41 4
55 37 4
110 48 1
125 102 3
49 150 4
172 67 1
69 130 3
54 127 4
46 176 4
63 82 1
162 13 1
170 99 4
21 45 1
72 64 1
102 29 4
135 40 1
44 119 4
192 111 1
23 29 2
169 3 3
174 58 4
112 100 3
198 74 4
105 114 3
197 66 3
96 185 1
18 88 4
161 154 1
106 182 3
116 147 3
9 21 4
11 16 3
1 12 4
7 2 1
17 50 1
179 192 4
7 149 1
134 124 4
100 97 4
165 58 4
13 38 4
177 31 4
170 167 2
31 154 1
76 44 1
184 34 4
23 62 1
2 15 1
119 98 1
73 197 4
199 103 3
183 7 3
3 110 2
113 169 2
181 48 3
136 144 1
147 120 4
32 73 4
92 158 4
41 154 4
143 68 4
11 47 4
38 145 3
72 77 1
126 116 2
66 89 4
84 169 2
140 43 4
107 54 1
106 112 2
114 129 4
115 193 4
122 198 1
164 94 3
41 124 4
175 120 1
183 198 2
129 135 1
1 89 2
130 98 1
173 155 3
186 113 4
61 9 3
143 155 2
128 197 3
65 29 1
20 159 4
97 134 3
43 49 1
82 19 1
98 122 2
180 108 2
49 10 4
189 6 4
15 14 3
185 176 1
134 40 2
71 149 2
0 144 3
144 142 2
175 102 4
101 65 3
11 116 2
169 182 4
98 155 2
124 166 4
60 84 3
2 56 1
139 6 4
74 2 3
147 194 1
25 84 1
129 143 1
137 88 4
76 98 4
109 117 2
95 61 4
14 3 3
192 168 1
71 3 3
184 140 2
104 106 4
114 111 3
48 139 1
12 44 4
105 59 3
0 162 2
39 195 3
2 120 2
138 147 3
164 151 1
69 76 3
98 83 2
180 194 1
127 14 1
153 33 1
169 30 4
8 112 3
11 153 1
24 50 1
158 134 3
36 134 3
61 145 4
124 120 1
179 139 1
58 145 3
175 39 4
53 45 1
183 70 2
39 56 1
177 98 2
174 1 2
44 11 3
28 32 3
72 167 4
72 182 3
11 172 1
4 105 1
22 95 1
148 175 4
68 35 1
90 7 3
57 31 2
41 97 2
101 156 1
186 67 3
179 114 4
186 168 2
189 25 3
86 102 1
7 111 2
54 70 3
141 147 2
189 62 3
120 161 2
1 70 4
40 118 4
122 186 3
111 38 1
101 12 3
62 37 2
152 165 1
46 130 1
89 189 2
18 65 4
138 98 3
4 148 3
46 5 4
188 102 4
152 141 2
169 100 4
172 94 1
22 35 1
96 103 3
80 82 1
63 160 2
197 148 1
75 72 3
52 145 1
49 169 1
10 118 2
146 47 4
113 71 3
40 81 1
106 193 1
8 61 1
91 168 1
11 96 4
126 192 4
152 60 1
155 134 4
177 115 4
164 60 4
163 32 3
146 140 3
199 8 1
174 131 1
178 39 2
127 123 4
188 145 1
88 56 2
172 28 1
185 121 4
45 68 4
18 122 4
180 89 4
93 185 4
150 169 2
149 60 4
112 169 4
196 70 4
3 66 3
77 1 1
84 45 1
11 134 1
5 191 3
122 105 2
53 144 2
120 98 2
116 65 3
86 29 4
42 197 2
90 44 3
187 195 1
127 179 1
145 79 4
17 24 2
58 20 4
114 151 2
155 45 4
59 66 1
187 55 1
12 63 4
174 77 1
157 158 4
132 104 4
64 165 2
180 58 3
89 168 2
103 60 3
157 132 3
198 84 2
188 43 2
75 19 4
16 197 1
192 43 3
65 156 4
124 63 2
63 140 1
104 173 2
160 32 3
77 152 1
90 29 1
179 120 1
10 114 3
28 43 1
146 112 2
142 52 4
70 182 2
1 51 1
181 121 4
156 185 4
54 106 3
7 34 1
131 85 3
170 88 2
8 51 4
23 146 1
85 58 1
99 54 3
191 178 4
39 129 1
134 27 4
78 143 4
35 78 1
121 146 3
41 110 1
53 63 1
30 35 2
10 136 1
2 55 1
17 34 4
122 10 3
90 0 1
68 104 2
163 34 4
14 55 3
37 87 1
121 8 2
95 94 3
3 155 4
141 30 4
197 85 3
58 7 2
81 61 4
106 48 4
74 51 1
122 84 4
38 39 4
92 149 4
4 72 4
196 190 1
117 33 2
147 91 3
158 149 4
182 192 1
15 82 2
59 2 2
167 43 1
116 30 3
56 61 1
96 16 4
191 99 4
12 173 3
56 178 1
112 76 1
70 184 1
196 199 1
133 34 2
100 20 3
110 156 4
189 2 2
99 131 1
144 112 1
156 137 3
76 21 2
11 120 3
1 115 1
188 17 3
70 153 4
116 174 3
141 76 2
38 77 1
193 51 2
134 190 2
157 148 3
70 195 2
83 46 1
38 68 3
177 12 1
49 81 2
37 184 3
5 24 4
70 65 4
179 59 4
57 0 4
28 25 1
199 68 2
104 5 2
131 117 2
56 180 3
57 29 4
27 21 1
12 97 4
2 151 3
175 180 2
28 36 1
11 91 1
158 126 4
53 181 4
31 172 4
56 163 1
26 198 1
154 68 2
29 13 2
62 157 2
97 65 2
25 27 1
198 94 1
148 42 3
42 110 3
176 76 4
152 118 3
124 5 1
57 111 2
102 191 4
31 18 3
94 89 2
11 25 1
196 75 3
76 129 2
175 136 3
95 117 2
33 13 1
72 194 1
167 37 3
176 9 2
193 169 2
3 159 1
36 5 3
3 91 2
123 46 2
198 192 3
29 130 4
118 175 4
69 148 1
189 181 4
47 77 3
57 186 4
37 73 3
34 121 1
114 141 3
69 194 1
119 85 3
23 37 2
166 145 4
111 175 1
59 123 2
116 64 2
81 16 1
181 144 2
64 149 4
85 17 3
101 13 3
111 39 1
24 159 1
94 177 3
132 76 1
184 83 3
184 21 2
80 163 3
195 52 4
73 27 2
37 193 2
137 116 4
0 167 4
40 155 3
82 72 2
129 57 2
87 176 1
155 54 2
171 9 1
110 100 4
6 131 4
13 148 2
60 111 1
143 130 3
132 94 3
8 155 1
120 159 1
70 100 1
183 176 1
148 101 4
115 16 1
106 158 4
153 96 3
181 59 4
129 96 3
101 192 2
131 22 4
102 9 3
175 0 2
61 178 4
174 10 3
135 116 3
92 41 3
188 199 1
164 43 3
71 7 3
155 31 4
96 9 1
131 50 4
28 30 2
180 93 4
1 55 2
186 171 3
29 133 1
189 169 3
60 39 1
127 184 2
134 74 1
109 9 4
116 86 3
139 1 4
47 89 1
192 174 3
20 137 3
176 56 3
58 188 1
49 125 1
155 78 1
193 19 2
199 70 4
65 106 2
56 19 4
76 59 2
47 59 3
7 104 1
69 150 2
198 179 2
112 138 4
193 30 4
174 14 2
68 81 2
4 118 4
34 30 2
168 152 4
102 73 3
81 7 2
198 13 4
190 25 2
18 185 2
125 87 2
48 15 4
172 179 3
115 97 4
178 35 3
152 96 2
95 64 2
139 17 4
141 131 1
18 132 3
85 70 1
102 66 4
164 23 3
198 57 1
27 42 4
35 11 2
136 39 3
162 100 4
194 47 2
171 112 1
57 55 3
21 134 4
34 80 2
68 153 4
112 140 1
15 143 4
187 198 3
80 33 4
30 131 1
68 16 3
86 96 3
19 72 1
41 54 3
195 177 2
90 59 3
0 32 1
73 143 3
22 18 2
109 148 3
138 180 2
59 106 3
76 186 2
66 184 1
20 8 1
184 187 3
46 40 3
161 38 2
85 188 3
194 192 1
199 24 1
185 94 1
145 60 1
15 0 1
136 164 2
171 12 3
67 60 4
47 172 2
0 64 1
35 114 2
170 83 2
77 175 4
17 150 3
83 167 2
153 126 2
20 6 2
16 127 2
150 182 2
82 44 1
142 72 1
147 108 1
124 98 1
77 79 3
16 1 2
112 42 3
4 86 4
55 137 3
111 16 1
91 74 4
140 137 2
134 178 4
90 186 3
107 2 3
183 55 2
37 130 4
106 68 4
38 127 4
38 179 1
169 129 4
90 125 3
89 95 1
37 75 1
156 129 4
128 47 4
62 69 2
69 9 3
134 163 2
176 151 4
166 10 4
141 113 3
107 104 1
76 11 4
171 97 1
105 52 4
151 21 1
187 112 3
150 104 4
51 171 4
166 88 3
87 51 3
184 31 1
166 54 4
170 125 4
109 168 1
178 154 2
71 69 1
21 113 4
82 108 2
58 166 3
14 195 4
133 138 1
49 63 1
183 163 2
20 162 3
152 135 4
92 180 3
40 101 2
86 87 1
64 193 4
196 115 3
0 46 2
170 11 4
4 125 1
75 192 2
182 198 2
40 83 4
82 62 4
119 53 2
50 74 3
77 13 1
57 190 1
9 78 3
113 117 3
22 150 3
123 71 1
175 46 1
96 155 3
105 106 4
7 17 2
54 23 4
110 192 1
166 150 1
33 110 3
40 117 1
129 123 1
46 102 1
81 124 1
22 164 3
123 167 3
190 44 3
1 11 3
29 10 3
105 126 1
144 64 3
5 103 2
130 75 2
29 186 3
19 62 1
13 43 1
41 178 4
43 130 4
131 69 2
192 69 3
183 137 2
11 42 2
69 170 2
32 17 3
186 78 3
14 197 2
78 14 4
133 70 3
189 28 3
23 147 4
60 136 4
165 160 4
52 42 1
48 53 3
7 72 3
39 80 4
73 0 1
116 136 2
185 107 4
111 46 4
190 14 4
133 148 2
163 184 3
19 148 2
114 0 3
162 116 4
17 170 3
106 43 2
46 17 1
154 57 4
53 193 3
135 144 2
4 36 4
26 53 1
132 93 4
23 60 1
14 162 4
79 10 3
7 36 1
30 142 2
137 180 4
175 73 2
70 95 4
192 32 4
197 189 1
48 83 3
65 108 2
5 82 1
155 159 3
112 52 2
171 38 4
178 126 4
60 108 2
176 50 2
30 106 1
70 84 1
163 127 4
92 11 4
183 15 4
16 160 4
8 83 1
164 193 2
114 97 2
57 51 2
3 73 4
66 13 1
146 131 3
61 62 3
57 41 1
95 110 2
36 74 4
190 6 3
4 175 3
169 132 1
158 19 1
37 41 2
41 194 4
167 5 2
45 30 1
137 46 3
3 80 2
58 24 2
182 60 2
65 105 3
112 118 4
167 57 2
195 113 4
30 113 2
85 179 1
23 41 2
21 175 3
38 123 3
71 102 4
166 144 2
6 83 3
123 189 3
124 90 2
165 79 3
150 87 4
161 150 2
197 57 3
38 24 3
134 49 2
173 124 1
101 27 2
64 127 4
182 82 3
86 112 3
170 59 1
188 129 4
40 16 2
33 147 3
198 193 4
38 99 3
93 5 4
26 166 1
179 143 1
41 176 4
94 118 3
24 120 1
182 61 2
60 180 1
162 172 4
159 190 2
124 175 4
59 108 1
73 161 4
175 158 2
141 123 3
137 103 3
40 65 1
165 8 3
172 197 2
82 18 1
99 39 1
161 13 1
66 181 4
69 3 2
60 11 2
115 169 2
13 58 2
81 18 4
3 131 4
197 173 1
14 144 3
165 158 1
169 88 3
11 166 1
134 46 2
6 138 4
155 73 3
43 102 1
69 52 3
38 35 1
82 48 2
23 53 3
25 156 3
72 63 4
80 38 2
186 52 4
181 166 3
97 184 4
85 182 4
129 172 3
194 78 2
114 51 2
147 117 4
148 68 4
3 132 2
166 126 3
131 101 3
73 26 2
83 111 2
75 181 3
29 174 1
95 91 1
70 40 3
190 110 3
199 173 2
42 162 3
67 150 2
139 68 2
83 39 3
71 181 2
174 183 1
191 34 4
154 144 3
197 181 1
2 91 3
182 171 1
118 177 3
12 65 3
83 187 2
151 153 4
3 190 2
67 166 1
140 84 3
12 104 2
90 102 1
31 51 1
143 0 4
126 56 4
152 149 1
125 28 4
197 155 4
119 33 3
79 133 3
179 117 3
169 17 2
82 70 2
98 33 3
191 73 4
150 142 3
95 21 4
127 141 2
174 79 2
26 78 1
46 103 1
172 186 3
149 183 4
18 80 1
70 56 2
77 93 2
172 17 3
157 13 3
115 76 3
5 148 4
57 193 3
12 51 1
162 48 3
169 59 2
192 138 4
155 185 1
45 130 1
172 29 2
80 142 2
157 0 3
47 24 4
162 38 4
132 198 1
99 108 1
131 161 2
76 195 4
6 184 2
74 189 2
62 5 2
162 138 4
97 172 3
145 164 2
172 60 3
38 36 1
194 66 4
187 131 4
131 97 4
140 64 1
115 48 2
183 24 1
100 24 2
188 181 1
2 158 4
1 152 2
51 79 2
86 57 1
89 183 2
165 151 4
0 55 1
82 37 2
22 71 3
184 79 3
72 68 1
9 97 3
99 104 3
32 7 3
24 21 1
175 8 4
77 62 4
172 168 1
102 5 3
122 31 2
29 119 1
87 131 1
179 28 4
117 168 4
129 153 2
54 74 2
30 115 4
99 55 2
135 44 1
39 91 2
126 187 1
105 139 2
42 92 1
134 37 1
38 114 1
5 10 1
27 195 1
151 118 1
27 198 4
179 199 3
160 58 1
104 163 1
49 90 1
25 36 1
167 86 2
166 128 2
57 157 3
153 157 4
134 126 3
2 83 3
113 176 3
30 59 2
126 113 3
48 51 3
179 119 1
139 40 4
37 1 3
99 88 4
87 0 4
144 127 2
52 152 3
16 129 4
166 163 2
47 187 3
94 91 2
134 28 1
186 84 2
81 12 1
40 151 4
196 123 1
158 168 2
56 152 1
85 90 2
166 51 4
187 37 4
179 74 2
16 191 2
109 81 1
32 46 2
33 94 1
115 154 1
64 135 3
54 98 4
12 30 4
160 66 4
109 177 4
76 196 1
111 74 4
161 51 3
176 158 1
69 59 1
125 177 1
17 42 3
89 28 2
60 109 4
187 171 3
38 66 4
163 76 4
140 139 1
155 70 2
25 86 2
92 179 3
175 197 2
9 162 4
22 101 2
40 174 4
91 126 1
134 120 3
47 141 1
169 81 3
141 165 3
124 32 3
147 198 1
48 175 1
129 38 2
30 134 3
71 118 1
123 100 1
62 161 1
129 41 4
42 18 2
108 3 3
103 125 1
138 136 2
25 40 4
177 48 3
194 173 1
45 197 1
130 164 3
137 17 1
150 189 2
116 28 2
47 88 3
105 54 4
196 28 1
158 185 1
197 5 1
117 178 2
111 42 1
148 139 4
149 50 3
116 121 1
105 49 4
4 24 2
148 80 1
69 29 3
122 168 1
24 135 1
99 120 1
19 173 3
11 141 2
190 12 3
163 159 4
156 88 3
138 183 4
94 53 4
53 178 1
185 174 2
62 53 2
130 67 3
71 82 4
72 113 2
47 161 4
130 96 3
171 160 1
47 157 1
149 131 4
151 149 3
161 91 4
164 69 4
181 86 2
82 121 1
37 94 3
196 84 4
37 144 2
18 104 4
158 90 3
26 123 1
147 165 2
178 16 4
125 193 1
112 53 2
80 114 1
195 36 1
32 196 4
73 114 1
23 107 4
63 180 1
162 31 3
7 164 1
65 54 2
79 138 1
116 175 4
180 128 1
167 132 4
155 114 3
165 139 4
70 120 3
75 118 3
160 123 1
153 123 4
50 115 2
129 15 2
54 73 1
53 7 4
178 36 2
179 144 4
125 151 4
37 51 4
75 48 1
11 89 2
140 171 3
20 35 4
147 128 1
39 71 2
126 148 4
99 74 1
167 125 3
109 50 2
52 156 2
130 110 1
135 7 2
155 34 3
138 13 2
82 111 3
71 31 3
87 66 3
36 44 1
0 2 3
161 142 3
169 184 1
32 155 3
55 56 4
2 81 3
172 88 3
153 142 2
13 141 1
196 125 3
194 16 1
136 13 4
27 136 1
20 81 2
75 109 3
121 186 3
29 176 2
121 85 2
175 6 4
169 186 3
115 64 3
84 0 1
19 139 3
149 88 4
1 144 4
57 179 4
126 28 2
33 183 3
34 143 3
113 187 4
194 109 1
4 32 4
145 130 1
10 32 4
106 53 2
117 17 4
92 68 1
175 31 3
103 172 3
165 35 4
185 19 3
7 79 1
156 119 1
117 38 1
24 72 1
182 160 3
44 48 1
51 32 1
69 122 4
157 135 1
139 13 3
107 21 4
175 169 1
157 34 4
76 174 3
181 54 1
166 158 3
192 166 1
94 143 1
1 73 4
194 7 2
113 85 3
181 198 2
172 68 4
110 107 1
36 157 2
195 164 3
28 108 1
89 130 1
79 32 3
5 113 2
40 49 1
182 188 2
145 84 4
45 95 4
102 145 4
102 158 1
100 79 4
40 41 4
188 60 3
74 167 1
97 156 4
164 144 4
109 178 2
85 144 1
80 55 1
155 5 3
30 10 4
16 26 2
4 34 1
155 130 1
24 185 3
133 181 3
163 176 4
96 64 1
0 70 2
94 196 4
21 140 3
67 134 3
85 86 1
135 60 1
131 130 2
175 42 1
176 193 2
111 163 2
185 127 4
97 185 3
148 193 2
99 37 2
174 182 3
160 150 1
3 162 4
194 137 3
170 192 3
5 98 1
110 11 4
34 96 3
90 180 2
61 33 4
61 112 4
37 92 3
114 178 1
117 79 2
30 122 2
142 2 1
19 184 4
24 0 3
12 86 2
54 187 1
90 63 4
187 96 3
61 197 2
181 45 1
87 3 1
168 48 1
62 113 2
114 142 3
169 79 4
165 182 1
136 134 3
70 193 3
172 104 1
134 92 1
68 12 2
174 27 4
82 179 1
156 7 3
101 23 4
122 153 1
70 106 3
145 23 1
142 172 2
75 92 4
19 192 2
57 23 3
52 21 1
85 137 3
51 173 1
71 116 3
69 98 3
101 178 4
114 138 2
171 149 1
50 48 2
122 12 4
55 85 4
104 187 1
173 25 3
91 78 4
100 160 4
7 3 3
88 75 3
182 18 1
111 101 2
48 33 4
2 177 3
113 73 4
28 146 1
116 24 3
161 107 1
35 104 4
2 3 4
174 5 1
170 91 1
101 41 1
70 145 2
179 42 3
6 153 1
0 155 1
51 55 1
165 0 4
118 61 3
183 199 1
164 85 1
36 171 3
165 111 1
10 69 1
88 35 4
199 150 3
6 132 3
56 86 1
187 53 1
31 47 3
48 58 1
30 2 4
162 88 3
170 139 3
63 164 3
128 110 2
88 102 2
66 164 4
197 151 3
136 49 2
189 116 3
144 172 4
21 190 3
163 191 1
82 86 4
96 140 4
123 97 3
47 80 1
183 0 1
75 6 1
16 174 1
196 108 1
136 181 4
50 52 2
32 180 1
113 1 1
100 195 1
20 71 4
87 117 1
71 160 2
108 136 4
11 33 2
24 108 4
51 25 1
58 131 4
59 33 3
156 96 2
67 20 1
96 183 3
119 165 4
66 50 3
54 103 4
73 99 1
82 184 2
36 138 4
57 70 3
14 147 2
15 163 3
69 33 4
183 121 3
52 150 1
16 172 3
104 139 4
40 187 1
41 141 2
91 99 2
64 120 1
11 121 1
30 23 2
197 39 2
177 34 1
22 130 3
121 64 1
130 25 3
89 71 3
95 109 3
11 51 1
59 53 4
2 194 4
13 153 3
59 3 2
64 16 3
196 193 3
122 123 3
7 145 2
183 11 1
139 119 4
142 162 2
33 114 4
157 93 4
197 4 2
39 85 2
68 32 1
1 96 2
105 0 2
10 20 3
9 143 3
179 34 4
86 176 2
161 145 3
16 150 2
140 106 4
42 51 2
181 10 1
58 17 4
112 151 4
143 55 1
134 42 4
44 4 2
172 101 1
134 72 3
22 61 1
63 185 2
42 129 2
80 122 4
119 67 3
193 78 1
31 2 3
190 118 1
27 36 2
50 114 3
121 3 3
32 197 2
23 88 2
149 69 1
65 167 4
7 195 1
19 61 1
12 124 1
183 156 1
50 182 4
102 30 4
32 193 3
87 49 3
118 92 1
97 102 4
90 79 1
124 115 2
180 114 1
178 149 2
165 70 3
104 91 2
31 37 3
182 137 3
89 102 4
164 62 3
122 88 2
178 46 3
145 30 3
30 1 1
177 79 2
107 101 2
136 150 2
7 5 2
190 29 1
163 12 3
118 157 1
85 83 4
80 126 1
104 159 1
10 187 1
144 11 2
88 112 1
76 133 1
32 96 1
10 71 2
53 103 2
191 186 1
166 30 1
86 84 2
149 172 2
169 97 4
10 178 3
49 47 1
0 97 2
175 155 3
157 191 1
29 101 3
95 198 2
28 175 3
18 57 1
123 179 1
12 19 4
152 140 1
73 36 2
128 50 2
97 76 3
146 71 1
11 101 4
181 140 3
69 31 1
115 40 4
155 174 2
180 110 2
138 105 3
95 149 4
63 182 2
173 120 2
76 156 4
121 72 2
186 103 2
46 148 1
43 35 1
177 158 1
164 156 4
86 27 2
153 69 4
184 13 4
153 37 3
79 27 2
158 154 3
80 118 4
196 55 3
65 0 1
149 129 4
8 21 4
149 78 3
43 154 3
78 85 1
166 146 1
150 54 2
103 181 2
93 112 2
49 153 1
183 71 3
165 56 3
154 140 4
161 115 4
182 10 3
28 135 4
181 29 4
16 105 2
183 94 3
93 187 1
196 119 4
