4975 200
0 22 2
1 59 2
2 149 8
3 199 4
4 149 6
5 78 7
6 171 1
7 128 7
8 134 2
9 85 1
10 132 4
11 66 8
12 198 7
13 11 7
14 123 2
15 42 3
16 103 2
17 118 7
18 22 9
19 6 5
20 114 4
21 165 7
22 56 5
23 49 9
24 65 6
25 125 7
26 112 8
27 135 5
28 55 9
29 81 6
30 2 9
31 156 7
32 123 7
33 115 4
34 165 7
35 43 6
36 164 4
37 16 8
38 103 2
39 160 4
40 129 5
41 183 6
42 108 8
43 175 7
44 97 7
45 104 7
46 123 5
47 169 4
48 81 1
49 197 4
50 124 6
51 30 7
52 198 4
53 36 8
54 47 3
55 83 9
56 196 7
57 177 2
58 102 5
59 14 8
60 46 9
61 178 3
62 57 9
63 190 4
64 191 6
65 86 9
66 18 1
67 66 5
68 26 3
69 57 6
70 132 5
71 101 7
72 13 8
73 108 3
74 172 4
75 195 6
76 174 1
77 117 1
78 20 8
79 75 3
80 65 3
81 112 9
82 147 3
83 97 3
84 185 5
85 120 5
86 195 9
87 55 6
88 96 8
89 36 8
90 7 4
91 128 4
92 27 2
93 71 9
94 88 2
95 24 9
96 101 3
97 55 7
98 20 6
99 118 9
100 35 1
101 166 9
102 112 5
103 128 8
104 94 7
105 72 9
106 10 5
107 179 7
108 68 8
109 84 4
110 26 5
111 30 9
112 126 9
113 141 5
114 15 7
115 25 1
116 154 4
117 96 7
118 64 1
119 105 5
120 182 4
121 151 3
122 68 6
123 114 9
124 32 9
125 192 8
126 83 8
127 161 1
128 66 5
129 89 6
130 155 7
131 134 2
132 6 1
133 93 5
134 11 7
135 60 2
136 41 7
137 136 6
138 67 8
139 191 5
140 48 2
141 183 5
142 189 8
143 197 9
144 121 8
145 71 2
146 43 6
147 91 5
148 34 7
149 177 4
150 9 9
151 60 8
152 175 1
153 104 7
154 106 3
155 53 8
156 168 1
157 37 6
158 78 7
159 188 6
160 62 4
161 112 8
162 158 2
163 164 1
164 70 7
165 71 9
166 119 5
167 136 2
168 170 1
169 0 7
170 174 3
171 13 3
172 184 7
173 49 5
174 16 6
175 83 4
176 194 9
177 7 9
178 135 4
179 137 7
180 22 3
181 113 6
182 109 7
183 130 4
184 51 2
185 189 6
186 144 1
187 164 8
188 32 4
189 188 6
190 114 4
191 132 8
192 159 6
193 120 1
194 2 4
195 175 6
196 30 2
197 138 7
198 92 7
199 141 7
30 70 2
11 35 3
69 56 1
124 86 3
127 146 1
51 178 2
150 83 4
8 31 4
25 185 4
25 98 3
136 193 1
141 80 1
41 132 1
47 192 4
170 34 3
177 175 1
92 22 3
196 115 3
172 149 1
44 192 2
30 55 4
119 163 2
138 142 2
24 166 1
90 19 2
160 67 2
123 192 4
124 72 3
179 51 1
129 19 2
154 38 4
98 186 1
154 19 4
186 119 1
86 50 2
180 54 3
85 174 4
46 139 2
53 190 2
39 4 1
176 142 3
41 113 4
178 36 1
6 198 4
149 43 1
182 80 1
54 2 3
58 190 4
135 95 1
113 64 2
197 76 4
7 31 3
43 30 1
65 134 4
7 71 4
143 187 3
170 26 1
42 114 2
30 72 3
192 65 4
190 126 3
162 151 1
95 68 3
102 103 3
112 19 1
63 56 1
6 100 1
68 197 1
8 175 4
135 84 1
69 92 4
173 28 4
7 109 3
177 17 1
197 106 3
173 162 2
192 25 1
167 42 3
181 77 1
26 111 2
114 78 1
103 123 3
61 63 3
156 49 1
110 32 4
184 69 2
126 177 3
79 120 2
9 167 4
27 181 3
166 134 3
99 158 2
47 36 4
39 46 1
112 60 3
145 24 1
198 112 3
47 18 2
18 195 4
154 153 1
178 199 3
117 111 2
93 15 1
55 174 4
129 18 1
196 10 1
55 43 4
174 70 2
115 38 4
140 194 2
36 122 3
2 184 1
24 62 4
116 198 3
75 84 1
147 162 1
139 116 4
80 77 4
99 93 1
75 53 4
101 110 3
172 46 2
23 26 1
171 142 4
91 174 3
49 174 2
157 133 4
104 165 2
158 44 4
50 191 4
182 177 2
22 60 4
184 13 2
137 122 4
30 130 3
196 179 1
179 124 2
190 5 1
161 94 3
106 54 1
159 112 3
198 126 4
161 55 4
101 195 4
106 34 2
116 76 2
154 0 4
72 21 1
11 4 2
186 170 3
47 67 3
138 183 2
180 49 2
84 64 3
194 16 2
55 19 3
93 177 4
53 111 3
111 102 2
58 9 4
65 32 3
58 153 4
147 41 3
139 28 1
85 190 2
40 33 3
173 191 2
1 0 3
162 177 2
117 62 4
124 129 1
69 167 1
142 151 2
67 153 2
167 192 4
94 75 1
169 101 1
178 114 1
176 131 2
8 99 4
184 130 4
155 116 3
107 126 1
102 92 2
17 119 1
186 155 4
36 15 1
127 159 3
105 80 3
60 120 4
36 59 1
64 143 1
32 64 2
154 105 2
127 148 2
106 81 1
100 65 1
6 14 4
140 25 3
19 149 4
137 17 2
167 184 2
179 195 4
96 156 4
90 54 4
123 23 4
97 64 2
186 162 1
167 145 4
187 30 3
92 37 1
134 115 4
94 27 4
23 34 4
92 196 1
109 181 3
147 113 3
40 9 4
122 24 4
110 35 1
52 46 1
170 175 1
38 71 2
70 131 3
19 21 2
27 10 3
80 73 3
134 97 2
164 100 2
91 151 3
54 18 2
46 70 3
24 99 3
170 180 2
25 168 4
137 176 1
0 92 3
111 152 2
190 1 4
38 82 3
126 155 2
102 62 2
22 7 4
141 129 4
43 195 1
122 196 3
76 143 1
193 142 4
35 141 4
29 108 2
106 139 3
188 168 3
52 162 2
160 44 4
193 43 1
104 57 3
1 13 1
32 10 4
177 73 2
57 91 2
171 178 2
51 76 4
91 163 4
0 33 3
21 135 2
114 152 3
115 130 2
128 191 4
125 34 4
133 33 4
1 143 1
18 93 1
114 28 1
165 7 4
125 55 2
181 93 4
64 68 4
173 17 3
96 33 4
113 115 3
121 102 4
130 2 3
186 102 4
153 23 2
77 124 1
162 195 3
81 117 2
108 41 4
152 99 1
33 103 3
121 192 4
43 186 1
28 9 4
19 155 3
142 85 1
198 134 3
146 180 1
22 186 1
92 185 4
8 159 2
23 173 2
98 190 4
143 21 4
63 15 1
140 137 2
72 143 1
22 158 2
59 155 2
157 5 3
70 172 4
33 97 4
181 108 3
128 100 2
189 194 2
156 167 3
192 64 2
101 41 1
88 165 1
48 101 4
165 77 2
197 3 1
0 197 2
195 11 1
64 171 1
192 145 1
152 192 1
163 104 1
179 154 1
156 87 3
122 139 2
47 178 2
89 156 1
91 50 1
33 17 2
150 199 2
95 130 1
67 19 1
198 28 2
166 38 4
149 187 4
168 35 4
53 181 3
101 25 4
109 198 4
121 169 1
77 191 4
48 132 1
192 164 4
180 92 3
100 39 2
102 178 1
75 141 1
162 55 1
183 85 2
141 162 2
176 167 2
136 106 3
107 182 2
61 22 3
119 77 1
90 25 1
194 28 2
86 153 2
94 126 2
14 45 2
81 68 4
82 132 4
192 134 3
118 110 1
61 39 2
51 84 2
74 115 3
77 30 2
130 178 3
13 112 4
118 132 2
189 152 3
89 55 1
199 34 1
174 196 4
106 70 4
174 188 1
134 190 4
62 6 1
159 29 1
75 68 1
122 84 3
47 98 3
110 179 3
86 140 2
100 78 3
0 138 4
140 157 3
69 37 2
104 96 4
103 125 4
164 162 2
43 191 3
152 138 2
4 108 2
163 138 3
47 175 2
101 99 1
67 81 2
81 149 3
138 91 2
32 92 1
142 2 1
43 41 2
186 96 3
123 124 4
7 153 1
67 114 2
63 106 4
1 186 2
184 114 3
153 25 1
107 99 1
186 151 2
46 128 3
116 110 1
118 170 3
179 53 3
155 29 4
62 178 4
121 41 2
133 57 4
56 43 1
75 64 2
129 148 2
77 133 3
126 185 2
112 61 3
85 59 1
27 148 2
55 163 2
158 149 2
13 48 1
98 187 4
78 94 3
40 100 1
83 11 3
18 114 4
115 104 4
131 17 1
42 119 1
115 11 3
36 117 2
181 66 2
86 142 3
115 34 3
152 17 2
60 182 3
91 20 4
158 16 1
26 66 3
11 152 2
27 71 4
124 29 4
0 84 1
70 26 3
159 143 1
70 87 2
83 62 4
5 6 2
194 197 4
68 99 4
92 142 3
37 145 3
78 67 1
135 136 4
17 156 3
42 92 1
143 18 2
72 133 2
29 40 3
185 115 2
75 49 4
115 5 1
76 42 2
103 112 3
59 129 4
20 107 3
49 127 1
45 163 3
150 0 2
5 1 1
125 142 1
58 75 2
114 164 4
117 151 4
60 45 3
18 112 2
64 77 4
11 12 4
30 101 2
13 188 1
30 45 2
102 98 2
22 125 4
104 20 2
8 152 3
197 70 1
136 67 1
142 132 4
134 177 1
70 134 3
4 138 4
47 174 3
115 163 2
65 95 4
31 170 2
124 58 2
108 9 4
139 162 2
115 45 3
190 66 4
160 14 2
66 19 4
42 125 1
58 20 3
195 181 3
157 127 2
121 44 3
183 71 1
11 96 1
137 97 4
55 85 4
165 199 2
160 133 1
39 92 2
189 61 1
130 82 3
195 85 1
153 19 1
140 14 4
103 153 2
88 38 2
106 94 2
138 143 4
166 92 1
35 17 2
5 92 1
73 140 1
126 29 1
43 185 2
111 11 3
83 181 4
61 53 4
29 6 4
61 58 3
42 77 4
147 135 3
159 11 3
180 16 3
22 119 4
39 176 2
166 35 3
9 54 2
95 178 1
98 119 1
171 51 1
78 90 2
83 82 3
28 186 2
103 93 3
57 134 1
66 59 4
123 126 4
79 181 2
94 128 1
52 184 2
0 129 3
62 108 3
145 102 4
166 130 1
161 124 4
188 150 3
168 96 2
44 69 4
110 192 4
185 34 2
129 49 3
89 199 3
92 93 4
97 197 4
78 24 4
133 3 2
153 151 2
191 30 3
195 184 2
197 33 1
5 85 2
54 116 3
139 170 3
32 85 1
176 100 4
59 134 2
27 63 3
82 104 1
48 75 4
183 160 1
21 81 2
114 11 3
129 10 2
13 99 4
194 144 2
183 83 2
163 143 4
175 122 1
22 124 1
164 11 3
173 147 3
70 51 4
104 58 3
137 114 1
101 78 3
50 155 2
148 188 4
21 39 4
175 191 2
94 168 2
163 188 2
192 87 4
196 186 4
23 33 3
194 164 2
13 30 4
29 170 4
197 21 4
191 52 4
56 1 2
79 0 4
79 192 2
149 186 2
42 50 1
158 124 2
193 71 3
37 166 1
166 30 4
158 190 2
180 80 2
153 82 1
31 142 3
88 44 1
116 108 3
54 119 2
50 2 1
89 106 2
78 54 4
29 129 1
116 173 1
29 92 4
161 197 1
93 134 2
85 168 3
135 54 1
67 89 3
80 84 4
178 157 4
104 65 4
190 41 1
35 34 4
137 193 4
42 23 4
25 88 4
177 48 2
109 37 3
134 17 3
46 130 1
46 105 1
184 66 1
175 95 1
72 24 4
26 24 2
20 18 3
173 145 1
78 56 3
104 22 2
22 130 1
52 109 1
18 26 1
136 180 1
0 12 2
168 112 2
148 43 2
180 122 3
177 11 1
49 32 4
70 65 2
19 180 2
174 58 3
63 64 3
43 79 4
101 135 4
120 146 3
79 142 1
5 194 2
115 0 3
176 128 4
75 151 2
116 166 2
169 68 1
91 186 1
197 192 1
47 41 4
90 127 2
47 44 3
85 31 3
102 61 2
12 172 1
151 95 4
3 103 3
195 141 2
176 79 3
90 71 4
189 3 2
185 80 3
164 24 4
80 198 4
129 115 1
141 188 1
46 82 2
58 70 3
107 105 1
124 91 2
115 100 1
199 28 1
145 36 3
123 105 1
79 119 1
188 117 1
3 76 1
110 131 4
45 119 4
45 11 4
14 100 1
169 5 4
15 59 3
125 75 3
135 19 4
28 178 1
32 23 3
21 3 4
110 27 3
110 69 2
16 149 3
69 65 2
171 20 1
142 115 4
110 111 2
197 1 1
109 55 3
110 10 1
160 139 1
151 191 1
138 157 3
55 62 1
102 2 1
85 187 2
1 147 2
176 185 3
151 120 2
132 188 1
89 77 2
70 41 2
46 160 2
74 14 3
11 121 2
30 58 1
190 2 4
162 153 4
134 25 3
152 44 3
42 131 1
59 54 3
57 80 4
185 166 3
83 137 1
10 35 4
29 27 4
147 98 4
42 13 3
101 16 4
193 40 2
114 169 3
8 126 3
105 48 4
173 185 3
124 144 4
139 189 1
123 134 1
183 175 1
138 131 2
149 68 3
1 188 1
173 36 4
180 123 2
8 88 1
122 89 3
69 30 1
39 97 2
197 139 2
150 68 1
56 194 1
162 18 2
86 3 4
61 31 2
85 68 2
127 6 3
64 35 3
181 157 4
183 77 4
188 101 4
113 163 2
129 101 4
99 180 1
48 120 3
113 18 3
173 98 4
114 106 3
84 126 1
149 107 3
145 70 4
195 186 4
32 160 1
128 114 4
89 17 1
194 99 4
24 155 2
104 184 2
41 156 4
130 111 4
111 64 4
194 90 2
134 1 2
36 3 2
83 61 2
192 80 3
121 145 1
97 120 1
58 8 1
191 57 2
176 199 1
153 52 2
133 28 1
141 165 4
67 118 3
134 87 1
137 178 1
162 131 3
148 21 2
105 47 4
28 56 1
9 7 2
128 119 4
65 125 3
25 165 2
187 5 1
158 13 4
3 40 4
110 2 4
195 74 3
20 152 4
153 22 1
38 9 1
61 44 3
117 170 1
16 40 2
115 51 1
40 176 1
143 142 3
129 102 3
53 98 4
111 138 3
81 3 2
0 174 4
37 87 1
143 169 3
59 73 4
160 2 4
26 189 1
31 34 1
13 189 4
30 151 2
187 66 3
37 93 2
162 184 2
41 74 3
40 135 3
57 94 3
51 89 3
82 107 3
103 185 2
135 20 4
91 165 3
163 76 2
159 35 3
70 18 2
76 70 1
11 148 4
6 199 1
146 14 2
0 114 4
0 39 2
148 121 4
87 167 2
84 81 4
138 86 2
165 114 4
45 180 1
141 45 3
27 109 2
103 14 1
193 41 1
130 67 3
104 158 2
140 50 2
43 116 3
116 64 2
69 39 3
132 73 2
81 4 1
180 145 2
52 146 3
44 116 3
112 177 1
185 177 2
132 28 2
31 22 4
175 44 3
66 9 1
54 34 2
165 92 2
70 155 1
55 34 1
147 21 3
162 179 1
161 182 2
113 110 3
152 160 4
187 131 1
42 88 2
96 164 2
83 57 4
168 64 1
3 92 3
179 4 3
109 77 1
53 180 1
29 94 1
4 48 3
89 193 2
167 112 1
84 87 1
9 175 3
78 55 1
114 186 1
114 92 1
76 17 1
155 36 3
170 79 3
174 87 2
18 154 1
31 153 3
37 30 2
192 153 4
196 68 3
168 4 2
110 141 3
115 57 2
135 90 2
152 86 2
88 166 3
144 120 3
128 115 3
82 198 1
16 24 3
156 120 2
161 40 3
113 7 1
27 89 1
2 171 1
93 152 2
29 148 2
111 125 1
48 63 1
88 155 2
194 77 2
161 84 2
172 141 1
151 33 1
84 4 2
15 81 1
149 199 4
197 174 3
15 147 3
48 107 2
86 150 4
152 121 1
111 96 3
150 39 2
152 64 1
167 132 3
120 62 3
142 4 3
149 134 2
148 97 2
128 15 3
29 24 3
0 54 4
59 126 2
128 187 2
27 41 1
116 27 2
166 114 4
198 73 1
67 30 1
79 141 3
14 167 1
177 66 4
67 109 2
142 58 2
195 151 2
61 192 2
166 152 2
188 74 1
161 75 2
24 39 2
83 88 2
138 116 4
177 148 4
180 42 2
83 59 3
117 189 1
184 12 3
188 11 1
138 20 1
128 53 4
140 56 1
112 148 1
167 99 4
139 133 3
43 138 4
67 196 3
32 143 4
120 78 1
139 85 1
140 21 1
114 48 1
27 120 2
70 95 1
58 159 1
83 54 1
26 160 3
197 95 2
29 23 3
128 109 4
176 189 3
198 47 2
93 22 4
182 29 2
61 146 3
91 28 2
133 96 3
132 102 4
122 60 4
104 48 2
141 107 1
134 16 1
70 37 2
186 93 3
117 138 1
147 110 3
194 13 2
8 136 1
148 36 3
71 129 3
131 195 4
115 67 4
74 189 3
13 128 1
71 154 4
89 60 3
99 121 2
159 19 3
64 47 4
85 164 3
108 22 4
172 67 3
136 47 2
68 118 3
168 86 3
31 89 2
100 54 4
48 46 4
67 145 4
4 188 1
183 12 2
48 32 1
28 102 2
157 76 1
85 88 3
18 51 1
169 185 3
186 140 3
59 20 4
106 111 2
129 108 3
178 1 4
164 0 4
115 16 4
88 149 2
154 115 2
183 88 2
90 52 3
159 109 4
57 16 4
154 25 3
56 152 1
154 44 1
140 195 3
88 135 2
152 94 4
162 88 1
166 67 4
32 172 4
117 22 4
72 165 3
12 29 2
156 67 4
72 94 2
83 171 1
77 146 1
110 144 1
75 166 4
193 83 2
165 55 1
85 63 1
79 168 4
14 40 3
21 156 4
12 181 2
132 81 3
36 72 2
181 46 4
121 49 3
131 120 3
55 42 1
55 152 2
112 20 4
56 191 1
110 94 4
197 18 4
191 159 3
155 165 3
9 172 2
15 48 1
28 183 4
73 106 2
66 116 4
134 143 2
92 59 3
41 199 2
119 4 1
105 161 1
41 78 2
117 103 2
183 174 2
4 114 4
137 92 4
125 149 4
79 83 2
184 100 1
108 184 1
30 11 1
43 40 1
2 103 1
180 147 1
76 164 3
171 196 2
182 27 3
184 174 2
97 111 2
27 66 4
177 16 4
125 36 1
72 82 2
21 107 4
47 59 1
59 37 2
80 86 3
163 97 3
153 122 4
79 1 3
44 62 4
58 194 2
134 67 4
174 195 1
24 140 1
49 109 3
6 176 2
106 152 3
102 93 2
52 94 2
192 103 4
11 99 2
176 14 2
146 197 3
65 64 4
160 125 4
51 186 4
113 10 3
175 26 3
129 5 3
0 198 3
153 81 3
32 155 4
21 190 2
176 34 1
185 7 2
51 95 1
184 98 3
164 179 4
68 151 3
123 136 1
85 69 3
78 199 3
126 176 2
161 43 2
123 163 2
191 103 2
93 122 4
15 17 2
44 96 2
48 62 3
133 189 3
122 120 4
135 125 4
167 157 2
109 110 1
53 162 2
146 70 1
148 98 3
100 179 4
7 92 4
180 149 3
176 168 3
61 144 4
53 114 2
55 191 2
137 87 2
180 112 4
164 180 4
166 128 3
129 7 4
183 113 1
110 194 2
90 172 4
127 28 4
38 199 1
156 183 2
111 37 3
156 105 2
1 133 2
152 58 2
87 164 2
198 18 2
24 199 4
189 110 3
56 141 4
192 172 1
122 100 2
115 32 2
35 124 2
103 75 3
72 57 4
154 189 1
199 40 4
145 23 3
130 192 1
30 27 3
21 26 3
102 114 4
194 18 2
58 15 3
121 84 4
74 85 1
13 178 4
0 182 2
55 66 2
47 75 4
54 7 1
108 65 2
140 55 4
37 54 3
80 88 3
71 138 3
93 187 2
96 39 2
1 75 4
101 40 1
42 130 3
196 52 4
146 83 4
7 18 3
45 49 2
176 161 1
6 93 3
183 30 3
187 109 1
25 59 1
135 179 3
174 89 2
3 67 1
86 163 2
133 150 3
188 106 4
106 119 2
83 192 1
92 171 4
162 22 1
180 104 3
66 1 1
119 187 3
119 137 2
120 152 3
121 63 3
87 26 4
67 1 2
123 54 2
94 21 4
53 67 3
61 4 2
176 136 1
180 50 3
99 185 2
62 110 2
73 141 3
25 190 3
49 68 2
167 166 4
191 121 4
63 69 2
47 193 2
128 179 3
74 119 4
70 185 3
135 196 1
147 112 1
179 146 1
86 116 2
145 10 2
18 11 3
172 64 2
64 80 2
77 65 3
52 1 2
161 69 2
85 34 3
163 99 1
120 109 3
142 41 2
58 131 1
63 124 4
156 107 2
187 156 1
153 121 3
34 139 2
27 176 4
118 196 4
107 190 3
111 103 4
182 72 3
123 20 2
14 29 4
24 170 1
21 44 1
8 26 4
81 155 3
39 98 3
171 84 1
179 127 4
177 145 1
55 143 4
73 154 3
118 7 4
99 102 4
86 13 3
105 12 3
21 64 3
143 81 3
28 22 4
186 86 4
80 29 3
156 85 2
175 5 1
164 67 1
25 47 3
81 107 2
155 101 3
180 107 3
144 166 2
88 154 2
162 48 4
47 85 4
195 23 2
95 1 1
148 89 3
122 133 2
167 89 1
0 193 1
188 89 4
24 139 2
93 104 2
29 116 2
60 82 3
160 45 1
159 162 4
23 149 3
133 154 3
17 64 4
1 195 2
37 196 2
163 103 4
6 116 3
40 56 1
97 127 3
56 89 3
27 172 4
95 118 2
15 120 4
97 30 4
21 91 4
26 95 1
192 23 3
29 7 3
112 104 3
56 13 4
124 106 4
195 142 4
142 39 1
177 199 3
114 85 2
152 47 1
119 7 3
130 45 4
159 80 1
107 97 1
132 150 2
93 26 1
176 65 1
138 37 4
37 4 3
1 49 2
170 48 3
19 119 2
27 189 2
167 101 1
52 38 4
34 1 2
131 136 3
74 72 3
197 171 3
29 84 4
140 169 3
93 176 1
199 128 1
34 136 2
147 164 4
158 64 4
91 11 2
25 21 2
94 91 1
58 132 3
190 191 1
122 144 1
76 172 3
146 147 3
171 101 2
137 3 3
36 138 3
148 50 1
63 79 1
130 59 2
40 37 1
192 53 4
183 168 4
117 114 3
162 136 2
124 47 2
35 14 4
93 196 4
93 182 1
47 119 4
193 189 4
53 178 1
16 111 4
109 9 2
135 46 4
119 196 2
149 194 4
80 131 4
156 11 3
7 48 4
130 187 2
129 119 1
99 58 2
70 13 2
47 53 2
143 12 2
186 12 4
35 67 4
114 135 4
90 50 2
140 61 4
15 135 1
52 62 3
38 12 1
159 186 3
49 179 1
33 160 2
143 105 2
41 88 1
183 78 4
140 23 1
58 42 1
26 171 4
84 162 1
72 190 1
160 110 2
139 101 1
116 109 4
169 30 3
168 47 2
81 179 4
71 155 4
187 88 2
4 125 1
118 19 1
78 33 4
178 167 3
117 52 3
41 151 1
120 76 1
196 7 4
178 181 4
21 137 3
181 123 4
146 39 3
102 48 3
81 195 3
62 35 4
76 141 3
117 137 2
19 199 1
157 131 2
3 152 1
78 84 3
35 22 3
17 199 4
74 4 4
151 74 1
64 131 1
98 161 4
106 120 3
179 123 4
58 22 4
31 39 4
93 167 1
112 70 4
113 135 3
134 111 3
71 14 2
146 182 3
127 126 3
101 74 1
46 47 3
174 23 1
111 149 3
171 7 2
99 97 3
10 38 1
87 60 3
54 152 1
142 178 1
55 105 3
61 24 1
38 6 3
39 180 3
92 99 4
122 5 3
87 197 4
161 81 4
58 182 2
129 95 1
6 172 1
41 160 1
19 44 4
53 120 3
109 35 3
103 127 4
10 122 2
148 93 4
84 182 1
176 133 2
58 115 3
135 190 2
10 137 3
24 194 3
198 145 2
30 162 3
96 34 3
89 8 1
60 106 3
125 195 1
194 105 2
154 144 3
39 164 1
184 164 1
144 83 3
131 21 2
104 70 2
76 150 1
100 21 1
144 145 2
21 105 2
196 99 3
147 101 1
65 3 2
160 158 1
187 70 1
25 137 1
174 33 4
62 34 2
34 48 1
62 182 3
22 140 3
106 9 2
143 121 1
193 62 2
42 84 3
159 170 4
196 116 2
190 65 3
82 100 2
12 195 3
136 112 2
139 62 1
50 52 1
45 55 3
36 92 2
161 165 4
186 134 1
0 77 2
186 29 4
22 144 4
53 121 4
110 164 2
7 183 2
102 68 4
51 33 1
112 36 2
119 142 2
17 167 4
117 100 3
14 66 1
53 113 4
31 37 1
66 193 4
72 147 4
138 87 2
164 178 1
143 170 3
193 126 2
11 198 3
90 75 2
28 47 3
74 191 1
188 69 2
78 85 1
139 153 3
186 64 2
181 92 1
129 123 4
178 79 2
168 20 2
157 115 1
97 151 1
13 147 1
199 104 4
8 161 2
173 83 3
67 57 2
57 95 1
156 118 3
16 68 3
132 39 4
166 137 4
96 77 4
41 11 3
150 50 1
18 121 1
5 65 1
79 30 3
126 121 2
192 30 1
153 27 4
104 11 2
164 40 2
178 100 3
190 178 2
104 132 4
45 0 1
155 33 3
124 116 4
159 32 1
71 39 2
85 166 1
145 111 1
120 110 2
106 80 2
70 186 3
53 137 2
180 162 1
138 180 3
107 132 4
172 78 4
132 135 2
167 41 1
53 57 3
22 157 3
163 171 3
129 66 3
162 66 2
132 60 2
132 138 1
27 186 1
11 48 1
128 160 4
191 35 2
192 109 1
118 12 1
152 26 1
2 23 2
106 13 2
59 170 3
187 115 2
196 47 1
180 197 1
172 51 4
165 182 2
85 172 1
10 121 3
80 34 1
135 87 1
127 26 3
168 28 1
77 131 1
13 78 3
39 197 2
57 82 3
107 44 2
50 43 1
82 45 2
83 134 3
105 26 3
83 124 3
8 95 1
27 101 2
51 148 2
191 13 2
93 12 3
142 157 1
21 62 1
50 73 3
4 116 4
54 50 1
89 175 3
185 138 3
145 29 3
113 161 3
189 80 3
195 171 1
198 53 4
89 101 2
160 49 3
113 63 4
165 183 3
41 68 3
170 76 3
18 79 3
121 146 4
117 73 2
126 117 2
0 105 3
71 153 1
150 58 1
39 117 2
133 68 2
140 10 3
4 8 1
198 58 1
119 9 1
152 97 4
176 141 1
4 79 4
160 162 2
12 94 3
102 146 4
70 17 3
12 4 3
170 172 1
99 170 3
144 85 2
162 76 2
108 102 4
77 92 1
16 49 1
147 132 3
68 84 4
19 168 4
58 183 1
111 76 3
116 142 1
0 41 1
25 180 1
170 0 4
195 144 1
105 121 4
131 24 2
8 78 3
31 154 4
167 81 2
136 12 4
19 15 2
50 77 4
98 182 3
43 73 1
126 144 4
126 89 3
33 66 1
35 178 1
86 180 1
63 0 1
95 196 1
1 69 2
196 60 4
108 45 3
156 44 3
54 42 2
39 37 4
2 135 1
81 96 4
114 19 1
84 104 3
59 80 2
34 120 1
166 6 2
196 153 2
15 176 3
146 144 2
29 74 2
35 26 3
110 132 2
158 107 3
183 0 2
21 52 4
198 4 3
195 34 3
37 168 4
198 141 1
175 151 4
58 27 1
93 33 4
155 175 3
192 175 2
31 33 1
3 171 1
0 88 1
183 63 3
25 194 4
64 182 3
165 20 3
9 82 1
120 104 2
76 138 3
74 192 4
31 53 2
56 136 1
22 65 1
12 6 4
10 22 1
19 164 3
176 37 2
53 21 4
84 125 2
175 147 3
115 149 2
1 193 1
72 129 2
73 11 4
147 30 3
3 147 3
61 47 3
170 164 1
18 139 1
141 8 2
106 137 2
139 59 3
139 103 3
137 163 1
174 102 2
59 135 3
35 183 1
58 177 2
14 50 4
54 69 3
163 125 1
136 178 4
135 191 2
54 15 3
52 36 1
182 21 3
64 36 1
192 156 3
6 21 4
133 11 3
144 44 1
108 104 4
58 166 4
81 188 2
97 145 4
189 64 2
26 54 1
144 165 2
74 90 2
114 74 1
124 165 3
45 149 1
14 125 3
6 1 1
78 112 2
166 133 3
95 59 2
193 115 4
158 85 3
25 118 3
93 58 1
174 31 3
198 181 3
80 49 3
52 86 2
60 6 1
37 134 4
104 86 2
156 52 4
119 99 1
108 138 2
29 136 2
71 148 3
71 70 2
67 14 1
146 156 1
101 128 2
67 173 1
60 179 1
65 93 4
3 78 3
52 26 1
9 33 4
11 137 3
95 195 3
129 112 4
192 168 1
20 154 4
90 116 4
116 195 2
98 109 1
132 49 4
193 107 2
193 131 4
152 42 2
120 87 2
72 67 2
56 122 1
198 131 3
82 84 2
72 45 2
123 76 3
132 89 3
165 13 4
102 147 4
38 169 2
13 25 2
195 77 3
196 109 3
142 22 4
157 54 2
12 189 2
108 152 3
29 88 1
157 97 1
70 88 3
34 175 3
169 78 4
24 40 1
139 196 2
174 2 4
52 157 3
126 68 4
169 16 4
94 58 4
20 4 1
171 34 3
78 135 1
71 76 2
186 82 4
105 165 2
169 25 2
23 107 1
67 39 2
167 95 3
71 184 1
107 168 1
27 105 4
116 13 1
54 4 4
187 197 4
112 71 3
169 111 3
99 140 3
174 161 1
101 198 2
131 124 3
75 39 1
68 154 4
190 24 3
60 118 1
65 147 4
115 169 2
33 75 1
197 19 2
129 140 1
69 159 3
175 40 4
152 12 3
152 133 2
186 109 3
90 188 3
76 121 3
197 51 3
34 75 4
13 54 3
159 177 4
109 173 1
60 80 4
71 20 1
89 53 2
189 77 4
83 122 1
92 164 4
112 50 1
70 61 4
191 94 3
109 118 3
100 199 1
91 39 2
92 103 3
62 126 2
118 22 3
183 94 1
7 28 3
117 169 4
126 159 4
113 143 3
162 143 3
28 20 4
185 159 4
139 37 1
173 113 1
2 106 2
195 67 1
80 181 3
126 93 1
117 45 1
198 37 1
175 58 4
41 71 1
185 90 4
102 40 4
56 123 3
167 135 2
50 195 4
186 107 1
119 21 2
105 45 3
153 40 4
98 28 3
165 81 2
68 129 4
138 126 1
49 154 4
141 65 1
53 124 3
98 198 2
111 196 4
38 78 2
128 14 2
49 89 3
77 41 1
194 175 4
69 131 4
9 23 1
18 131 1
27 45 2
179 23 2
14 86 4
134 189 2
144 43 2
82 122 1
26 172 2
67 16 2
147 93 3
173 92 4
171 8 4
160 1 3
132 26 2
119 60 2
120 183 4
137 162 4
151 59 3
112 181 2
179 138 1
75 111 2
134 26 2
88 173 2
158 118 3
45 59 2
133 62 4
126 148 1
195 147 4
45 88 4
47 140 1
85 57 4
82 182 4
122 140 4
192 21 1
193 139 1
151 111 2
188 179 4
128 144 4
122 97 2
95 144 2
69 153 2
40 34 4
56 102 1
102 179 1
191 42 3
72 159 3
33 55 3
163 59 4
8 46 3
34 124 2
74 171 1
76 33 3
12 121 1
164 33 4
194 30 1
81 1 2
146 55 1
192 146 2
164 135 2
144 90 2
46 187 4
66 153 1
147 43 1
120 172 1
69 33 2
186 77 2
105 158 2
183 8 3
17 159 3
199 113 4
73 31 2
106 95 1
27 60 2
122 61 2
30 104 1
38 153 1
11 129 1
157 158 3
104 162 2
13 47 2
4 46 1
168 91 2
81 51 1
58 35 3
154 183 4
175 188 4
195 27 4
161 22 1
93 40 3
15 26 3
91 3 4
55 18 3
54 28 1
192 22 2
142 144 1
146 113 1
36 51 2
84 86 3
132 23 3
170 10 3
81 22 2
63 96 2
197 71 3
56 116 3
15 55 3
75 62 3
121 45 3
1 118 2
149 127 1
16 145 3
152 87 3
14 120 1
187 107 3
195 72 4
0 85 3
76 181 4
74 120 1
58 139 1
192 143 2
186 74 3
25 177 3
76 1 4
110 176 4
10 103 3
71 60 1
43 129 3
198 24 1
48 73 4
4 111 4
69 72 3
96 139 1
59 119 2
153 100 3
24 176 2
23 22 2
71 61 2
156 93 2
45 197 2
149 121 4
52 175 3
36 62 3
76 62 2
85 119 4
44 134 4
48 76 1
135 66 4
195 139 2
70 147 3
50 146 4
31 192 1
14 64 4
165 197 2
135 186 1
186 154 4
158 176 2
31 180 4
176 130 4
62 122 3
57 142 3
7 164 4
82 3 3
178 186 4
79 34 1
146 96 1
115 181 2
199 81 3
66 189 4
169 152 2
173 115 3
57 181 2
138 175 3
48 198 1
54 155 2
186 17 3
52 31 4
24 13 2
167 160 4
39 28 4
19 188 2
86 20 4
191 65 2
153 91 2
151 183 1
141 118 2
86 59 4
184 63 1
127 195 1
98 45 4
82 20 4
63 53 3
74 46 4
126 7 2
62 167 1
113 94 2
114 2 3
187 59 4
24 69 3
18 108 1
63 87 1
11 20 2
175 93 2
44 99 1
81 23 2
141 67 4
63 176 4
82 18 3
78 149 3
26 106 1
165 125 1
149 87 3
120 57 3
20 19 4
43 137 3
25 81 2
173 40 1
143 66 1
178 86 1
98 70 3
160 100 4
116 185 2
17 126 2
165 190 1
79 100 1
130 174 1
182 155 4
179 1 1
153 127 1
180 55 4
46 158 1
198 142 1
102 87 2
173 5 1
25 78 4
69 124 1
150 53 4
79 106 3
6 78 1
132 98 3
52 47 2
196 127 4
43 6 4
170 17 4
6 195 2
62 33 4
160 193 2
6 107 4
4 134 1
158 37 2
16 73 2
97 185 4
181 194 3
82 143 3
57 50 3
58 169 4
80 62 1
187 40 2
157 45 3
49 193 4
85 64 2
190 168 3
49 59 2
41 114 4
100 38 2
86 28 1
33 141 3
95 92 1
54 185 4
169 51 2
66 86 4
191 101 1
122 147 3
121 70 3
163 78 3
149 84 2
136 93 2
163 92 2
59 63 1
148 3 3
31 198 1
195 92 2
154 194 3
104 59 2
85 194 4
92 23 3
45 136 1
70 52 3
173 126 3
107 189 1
180 152 3
48 188 2
173 117 2
53 34 4
21 85 1
56 193 2
157 33 4
97 7 3
114 132 4
188 25 4
91 193 1
4 87 3
136 65 1
21 75 2
165 97 1
107 11 4
10 23 2
37 11 1
130 163 2
152 61 3
29 188 2
131 115 2
130 138 1
52 66 3
33 192 2
161 90 1
146 142 1
106 91 3
133 44 4
41 17 4
52 154 3
16 41 4
177 79 2
133 155 1
47 80 1
186 68 3
130 37 3
130 33 3
126 153 3
74 150 4
142 51 2
185 56 1
106 130 2
118 116 2
138 97 2
108 199 4
198 102 2
198 100 4
34 187 1
152 65 1
143 99 4
6 46 1
28 40 3
188 80 1
0 127 3
83 81 1
2 72 4
173 45 2
188 20 3
46 72 3
22 49 3
138 50 1
46 107 2
165 119 1
163 121 2
197 85 3
79 159 2
185 100 2
75 119 2
114 73 3
127 39 4
131 196 2
127 45 3
183 118 2
148 195 2
172 109 2
9 193 4
194 118 3
41 25 2
88 145 4
196 104 2
9 97 2
74 38 2
57 99 2
47 11 3
115 10 4
65 40 3
76 101 2
49 141 2
119 131 1
137 72 3
47 187 4
142 15 1
39 85 4
71 106 4
187 105 1
148 76 2
122 94 2
140 32 2
49 2 3
30 145 3
43 53 1
163 13 4
115 117 4
100 183 3
186 175 4
194 17 3
35 80 2
95 136 2
173 74 4
23 61 3
12 9 1
96 109 1
86 110 2
43 166 1
48 1 4
104 50 3
74 54 3
114 37 3
103 182 1
43 71 3
6 145 2
28 4 2
142 5 2
198 83 1
168 88 2
21 80 4
4 21 3
117 21 1
15 113 1
50 47 3
4 41 4
23 102 3
105 135 3
165 117 3
12 140 1
61 149 2
80 67 1
19 86 2
14 104 2
74 143 4
149 54 1
146 0 4
51 35 3
91 105 2
149 59 3
90 5 1
53 97 4
80 133 1
81 182 3
94 129 2
194 82 1
168 83 4
188 47 2
58 146 4
16 12 4
167 146 2
126 195 2
39 195 4
18 56 2
13 141 2
54 3 4
17 140 4
24 112 4
64 180 2
55 13 2
121 176 3
52 55 3
69 45 4
7 148 2
189 93 3
149 22 4
127 4 2
114 97 4
63 80 4
91 97 3
51 77 1
189 42 1
121 28 3
64 129 1
11 70 2
181 119 1
21 144 4
154 41 2
89 165 4
50 76 4
4 71 3
132 92 1
74 147 3
7 176 4
34 100 3
49 33 4
113 112 3
90 148 1
160 149 2
19 54 4
188 73 2
192 178 4
68 66 3
24 75 2
198 157 1
93 184 2
50 184 2
87 20 4
131 40 2
40 150 3
148 134 1
45 155 2
66 64 4
172 135 4
28 145 1
193 163 3
137 150 3
17 93 2
3 93 1
50 40 2
86 12 4
77 158 2
5 171 3
35 137 2
90 173 3
121 54 3
73 128 2
29 105 4
8 38 3
105 115 2
185 161 1
95 198 1
131 57 2
99 182 3
37 121 4
73 96 4
31 189 1
189 180 3
77 23 1
123 17 3
160 186 2
122 85 3
82 98 2
34 132 1
138 9 1
64 70 1
65 85 3
82 116 3
136 146 4
5 117 3
57 106 2
179 98 3
43 177 3
171 96 4
59 11 4
22 33 1
61 176 3
53 27 2
3 68 2
88 36 4
48 193 3
83 33 4
83 56 2
159 182 4
114 39 2
20 85 1
94 160 3
20 5 3
104 88 3
41 134 2
181 61 2
60 42 2
37 185 2
161 86 3
182 49 2
18 183 3
49 123 4
184 57 4
119 173 2
172 107 1
176 51 4
168 123 1
96 13 2
32 63 1
131 169 4
67 131 3
27 67 4
133 71 3
108 131 4
13 162 4
48 149 4
102 195 3
109 102 3
130 137 2
153 146 3
101 93 1
182 14 3
184 132 1
86 55 4
129 151 3
50 192 1
187 198 4
189 84 1
163 151 4
116 21 1
48 111 3
19 32 3
25 158 2
153 84 1
146 189 1
52 134 1
72 168 2
109 164 4
171 50 1
0 140 2
150 148 4
68 9 3
154 138 1
24 123 1
147 177 3
23 141 4
123 196 2
189 58 4
43 141 4
18 28 2
55 60 2
179 199 2
6 183 1
152 81 2
89 32 3
148 13 3
153 79 2
1 166 1
121 134 3
52 167 3
199 79 3
54 133 4
12 89 4
56 182 4
199 114 1
69 66 1
7 180 4
158 139 2
17 142 3
142 25 2
113 195 4
16 89 2
111 25 2
77 121 4
38 179 4
168 45 2
88 30 4
155 109 1
149 155 2
151 82 4
48 190 4
141 94 2
145 79 2
178 154 2
191 38 2
182 117 4
140 91 3
88 108 2
160 97 3
59 161 2
185 174 3
70 89 1
32 5 1
176 166 3
69 76 4
135 47 4
128 156 4
155 142 4
115 68 2
41 89 4
65 198 4
127 192 1
10 36 2
163 48 1
147 42 1
135 81 2
122 182 1
62 128 2
101 35 3
28 49 4
48 199 4
51 193 4
161 93 4
11 144 4
0 131 4
34 90 4
109 68 1
114 121 4
191 83 4
125 147 2
77 148 3
155 49 1
3 62 4
191 177 2
76 139 4
197 69 3
193 17 4
133 187 2
113 97 3
109 137 4
167 7 4
27 37 4
28 103 4
24 19 2
67 56 4
78 132 4
52 16 1
109 151 1
3 13 4
116 33 4
135 174 1
126 12 4
117 28 3
28 27 2
26 71 1
15 137 2
115 90 1
72 27 1
9 69 4
116 48 4
196 78 4
157 0 4
57 1 2
99 159 3
154 169 4
167 154 4
98 50 4
65 88 1
59 138 2
118 79 3
27 6 1
71 63 2
36 151 2
2 8 3
125 138 3
69 41 2
76 114 1
37 140 2
76 145 4
171 140 1
146 1 3
165 171 2
107 136 1
55 101 1
50 149 2
72 160 3
18 123 4
4 76 4
144 5 1
168 32 3
15 123 2
96 17 3
5 96 4
31 155 4
84 123 2
115 37 2
48 93 1
134 199 4
19 50 3
162 146 2
168 133 1
1 54 3
7 144 3
63 136 2
120 124 2
159 124 1
63 164 4
25 71 2
63 155 2
173 135 1
110 68 3
43 77 3
2 122 4
154 150 4
96 147 1
15 111 3
91 129 3
33 7 3
121 156 3
64 112 3
13 64 3
154 119 1
130 193 4
78 136 3
140 66 3
146 95 1
153 183 2
17 192 1
159 20 3
11 32 4
126 67 2
18 64 4
33 87 4
153 173 2
34 110 2
107 72 2
192 187 3
178 189 1
40 57 3
164 186 4
106 166 4
129 187 1
87 77 1
52 67 4
15 74 2
97 162 1
37 116 3
172 137 2
193 169 1
25 130 3
100 29 3
144 68 1
100 159 3
52 114 2
58 149 1
173 167 3
86 48 4
60 90 2
19 131 3
90 112 4
46 129 1
104 18 3
49 188 3
95 80 3
97 0 4
54 169 4
192 94 4
27 42 3
90 93 3
95 41 1
180 33 1
28 120 2
196 81 4
115 158 4
116 36 2
13 102 3
6 134 3
112 175 1
73 38 3
23 180 2
191 170 2
4 73 1
53 182 2
125 76 4
116 189 1
174 54 1
135 82 4
41 37 4
23 113 4
55 120 4
144 158 2
81 171 2
169 73 1
42 117 2
187 146 2
1 31 4
178 44 2
99 151 4
127 2 3
151 138 2
133 83 1
197 156 2
10 73 1
198 16 3
154 140 1
105 129 1
171 166 4
36 74 2
39 196 2
142 27 2
60 102 3
144 38 3
32 136 1
158 33 4
113 121 2
111 21 3
107 117 3
47 43 3
28 162 1
167 45 4
80 147 4
38 98 2
118 33 2
106 126 4
196 170 1
171 14 2
41 58 3
181 35 1
31 183 3
158 81 4
113 106 1
152 40 3
15 30 3
123 144 4
139 29 4
2 132 4
87 133 3
15 106 4
101 53 1
160 168 4
181 160 3
194 60 1
152 96 1
144 29 1
9 183 4
57 153 2
121 131 1
27 177 4
196 172 3
17 11 1
18 148 3
109 65 1
114 183 1
66 188 2
166 77 4
73 89 3
124 10 4
15 103 2
23 166 1
151 177 1
132 75 2
194 131 2
87 80 3
153 29 3
69 192 4
58 173 4
97 22 2
184 133 3
68 179 3
56 117 4
87 185 1
16 39 3
114 95 2
60 11 1
64 89 3
191 123 2
16 18 2
49 94 1
169 93 3
38 122 2
78 133 2
126 135 2
138 160 3
2 121 2
15 118 3
123 189 4
88 98 2
136 117 4
183 92 4
125 77 1
136 159 4
12 75 1
99 35 4
172 182 4
12 70 2
15 154 3
147 190 3
98 142 3
135 43 2
114 88 3
151 96 2
7 169 3
55 81 2
89 48 2
152 159 3
23 150 1
125 110 4
32 197 1
196 167 4
55 142 3
113 142 1
12 171 1
196 184 1
199 131 1
99 61 3
128 157 4
163 71 3
98 189 2
166 112 2
109 184 1
107 111 4
78 152 1
66 34 4
40 155 4
131 2 2
81 87 3
89 93 1
119 32 2
5 118 3
171 37 2
66 183 3
72 92 3
190 198 2
6 16 3
37 98 2
83 128 1
29 113 4
29 199 1
76 129 2
9 111 4
66 28 4
0 113 2
40 139 2
27 16 1
87 86 4
187 76 2
51 161 4
81 172 2
160 190 4
101 87 3
98 170 1
73 26 3
62 125 3
52 135 1
195 192 1
114 163 4
142 10 4
194 8 1
159 117 3
133 175 3
43 101 3
125 30 2
74 170 3
140 147 1
107 128 2
45 145 1
51 174 2
45 92 3
170 169 3
147 85 1
84 127 1
70 113 1
73 124 4
169 70 2
2 118 4
95 73 1
37 42 3
57 37 2
22 25 1
192 86 1
54 166 2
38 151 1
129 186 1
69 196 2
173 95 1
191 127 4
53 41 2
51 127 1
199 13 2
103 184 2
45 118 4
29 194 4
183 53 1
82 33 4
152 113 2
159 130 2
81 118 1
132 154 3
15 187 4
38 107 4
68 33 4
154 83 4
91 16 3
150 151 1
94 103 4
9 43 3
61 137 3
67 43 2
171 155 3
80 33 4
16 106 2
192 70 1
152 148 2
142 21 1
166 127 3
68 11 3
55 63 1
186 124 3
151 85 3
159 114 3
149 130 4
67 24 4
151 11 2
169 6 1
31 119 3
189 85 4
125 66 1
64 19 4
168 23 1
168 185 4
120 9 1
117 38 3
37 52 2
139 23 2
5 188 3
57 54 1
117 140 2
10 90 1
155 42 1
94 64 4
160 81 1
32 42 1
135 86 2
46 146 3
35 129 2
12 187 1
65 49 2
113 25 1
45 187 4
165 87 3
128 164 4
197 112 2
92 97 1
153 70 1
129 28 2
8 22 2
93 25 4
60 4 3
152 107 4
197 166 1
92 44 3
182 57 3
155 129 2
141 170 4
153 83 4
125 13 3
84 23 4
19 89 1
19 134 3
169 95 4
79 68 4
143 80 4
32 59 2
96 45 3
27 103 3
101 6 3
116 119 3
67 135 3
78 175 1
125 7 3
182 189 2
15 49 3
18 141 4
148 109 3
10 69 3
1 158 4
174 173 1
148 56 2
185 106 3
179 19 1
22 135 4
175 134 4
24 59 3
196 169 4
51 66 4
104 145 3
106 65 3
161 95 2
122 49 2
31 178 4
19 52 3
123 146 3
162 157 2
183 37 4
178 172 1
46 138 3
76 186 1
129 78 1
46 19 1
181 192 1
83 190 2
37 45 3
79 173 2
150 94 4
13 67 1
144 116 3
49 190 4
19 14 2
99 113 3
85 185 3
174 34 1
190 144 1
124 126 3
79 20 3
110 119 1
181 84 1
65 112 2
41 32 1
14 145 1
132 176 4
11 119 1
86 83 4
99 153 4
137 76 1
69 100 3
86 82 3
39 22 4
175 158 3
150 165 4
65 194 1
2 80 1
20 103 2
79 38 1
27 44 4
61 1 3
95 61 4
178 133 1
62 100 3
197 99 1
187 1 3
172 110 3
158 137 2
35 195 2
133 151 2
82 113 2
15 61 1
146 11 3
13 136 2
6 138 1
2 78 3
149 71 1
96 48 4
116 172 4
24 74 2
89 186 4
70 73 2
19 104 4
177 56 3
163 29 3
108 77 2
184 46 2
6 25 3
50 109 4
79 50 2
67 55 4
83 158 2
61 138 3
164 151 1
29 171 2
124 145 3
54 12 1
125 44 4
141 78 4
88 116 2
140 146 2
137 141 3
119 143 1
166 174 1
33 105 4
199 173 1
17 49 4
44 43 2
19 157 3
115 124 4
126 183 4
42 190 2
163 167 4
150 198 1
156 6 4
82 112 2
191 61 2
162 103 2
8 147 4
52 28 3
105 24 3
134 108 2
191 7 3
76 134 4
31 51 3
55 160 4
182 73 1
177 34 1
117 184 3
184 119 1
107 133 3
156 83 4
74 177 2
87 143 4
187 92 3
196 14 3
153 168 4
98 59 4
73 56 4
135 69 1
176 127 2
69 89 4
69 48 4
12 151 4
194 183 3
157 172 2
50 103 1
101 64 1
20 26 2
179 156 1
197 157 3
76 44 1
62 65 1
1 86 4
164 84 2
90 15 1
169 59 2
80 156 3
191 46 4
61 161 3
185 197 1
6 177 2
142 73 2
199 77 4
90 166 2
22 191 2
57 162 3
198 113 4
3 154 4
179 76 2
92 162 1
38 14 2
92 110 2
138 93 2
60 158 4
48 138 4
44 191 4
97 48 3
113 140 1
38 80 2
130 55 3
43 18 1
152 110 4
162 114 2
150 120 1
25 120 2
71 1 1
22 132 1
151 190 3
79 24 4
187 72 4
140 98 4
40 55 3
117 105 3
138 15 2
90 137 3
22 9 1
104 54 3
161 111 3
24 187 1
46 102 1
103 31 3
5 104 4
196 181 3
48 179 4
153 155 2
152 199 2
153 165 4
111 167 4
99 80 2
91 74 2
97 188 1
47 15 2
105 139 4
110 149 3
6 75 1
162 39 2
144 114 2
145 15 3
81 116 1
108 39 4
155 160 1
17 171 4
59 113 3
114 36 1
148 193 4
55 11 4
69 101 2
30 106 3
164 68 4
103 81 1
190 175 2
92 159 3
57 33 4
21 121 2
148 52 1
1 165 4
99 88 3
144 127 2
182 23 3
156 152 4
179 80 3
6 86 3
162 169 4
157 153 1
161 19 2
19 84 2
22 110 4
183 52 2
132 145 2
152 182 4
55 157 2
107 17 2
51 110 3
155 138 3
57 41 1
0 190 3
198 171 3
83 70 2
60 121 2
167 2 2
141 143 4
96 161 3
46 178 4
14 7 1
154 180 3
192 160 2
190 90 3
69 90 3
170 158 2
9 132 4
54 128 1
147 63 3
49 95 3
125 177 4
160 30 2
37 3 1
52 123 1
0 188 1
109 129 3
141 128 1
151 81 2
65 53 4
86 126 3
149 156 3
80 148 4
13 15 4
31 167 2
126 87 1
148 119 3
148 66 4
128 17 1
198 14 2
49 19 2
170 110 4
103 73 1
38 49 1
128 81 2
35 126 1
146 44 1
127 134 1
24 147 1
184 106 1
197 183 4
156 43 2
57 141 3
3 182 1
145 35 4
147 14 1
4 112 1
27 25 2
92 118 4
43 45 3
8 52 1
148 196 3
164 182 3
142 100 3
173 134 4
7 137 4
167 67 4
189 174 4
188 113 1
109 158 3
123 120 3
147 6 2
72 90 1
24 154 3
49 62 2
197 61 3
49 147 4
57 195 1
39 157 3
124 196 4
22 122 3
103 70 2
56 68 3
174 152 1
7 151 4
156 88 1
98 22 3
28 184 4
27 139 2
90 158 4
38 64 1
177 68 2
82 12 2
56 161 4
30 179 1
82 27 3
182 195 4
47 157 3
96 100 1
6 11 2
124 45 2
0 2 2
184 191 4
46 59 4
150 107 2
13 53 4
160 102 2
68 140 3
122 30 4
139 43 2
34 157 4
134 90 2
2 96 2
163 159 3
117 85 1
36 160 4
107 125 3
196 20 2
8 0 3
151 159 2
143 94 3
68 131 3
11 88 3
20 151 2
139 80 3
117 16 2
195 40 1
149 62 3
7 133 2
48 74 4
154 197 3
190 6 2
60 9 3
105 173 1
135 18 3
43 132 3
26 173 2
85 10 1
34 38 1
84 26 2
61 46 4
72 39 3
140 77 2
189 147 3
139 178 3
158 76 1
38 95 2
10 87 2
156 40 2
173 171 1
198 74 4
45 42 3
120 186 1
15 70 3
39 171 1
154 99 3
125 144 4
5 37 1
98 21 4
156 130 1
8 5 2
194 93 2
169 191 2
15 37 1
58 82 2
5 64 1
21 59 4
107 173 2
104 36 3
59 51 1
77 7 2
121 75 4
69 13 2
104 91 2
60 134 3
17 20 3
122 150 3
142 156 2
151 25 1
17 198 3
184 27 3
29 184 3
142 77 2
97 198 2
4 122 2
117 15 2
66 121 3
14 109 2
44 31 1
54 195 2
1 24 1
37 104 1
19 139 2
74 126 3
54 5 3
129 158 4
32 35 2
47 87 2
109 92 1
3 7 1
194 109 2
20 125 4
80 75 2
51 65 3
50 89 3
44 142 4
172 197 3
165 147 1
182 69 3
101 156 2
4 6 4
114 161 1
157 10 2
124 139 2
186 198 2
18 124 3
40 5 3
131 132 4
165 62 4
59 26 4
115 182 4
4 163 2
47 120 4
193 121 3
34 17 4
46 171 1
12 44 2
105 111 3
82 172 4
130 13 2
172 187 4
149 167 2
146 143 2
49 11 1
53 95 4
0 17 4
126 6 1
170 42 3
121 65 4
196 134 1
194 188 3
74 167 3
34 129 1
14 191 2
117 186 2
101 117 3
71 143 1
72 79 4
89 163 3
123 186 4
159 158 2
4 169 2
135 34 4
98 141 2
158 168 1
125 71 3
146 194 2
145 68 4
176 178 2
87 97 4
176 116 3
88 140 2
170 39 4
62 37 2
131 71 4
30 119 4
122 71 2
52 140 3
15 194 2
37 160 4
155 0 1
154 109 3
136 140 1
88 139 2
87 155 1
98 36 3
4 172 2
50 156 4
165 129 4
167 125 4
112 135 2
50 37 1
89 96 1
10 57 2
113 197 4
154 196 3
180 3 2
189 172 3
78 159 3
113 89 4
180 119 3
82 71 2
135 198 4
5 111 1
63 34 2
29 128 2
48 121 2
3 168 3
86 76 2
159 0 1
103 169 1
187 39 3
161 91 1
172 99 1
39 68 3
133 196 1
27 112 1
188 21 1
109 71 1
83 120 3
147 158 4
4 98 2
129 116 3
132 95 3
179 169 3
83 34 1
131 133 2
35 71 1
125 47 2
188 135 3
20 44 4
178 19 2
136 187 2
173 96 1
98 134 3
149 80 1
83 138 4
193 6 1
171 149 1
109 5 2
105 101 2
73 47 1
179 12 1
111 70 1
138 191 1
129 134 2
78 115 3
110 44 3
106 132 4
190 55 3
101 88 2
127 177 1
139 79 4
61 131 1
77 151 3
128 50 4
63 77 1
164 86 3
192 154 4
160 197 3
27 136 3
6 196 2
155 78 3
88 21 1
190 28 2
52 152 2
89 146 1
38 164 4
64 179 1
168 194 1
0 148 4
79 109 3
89 11 1
48 184 2
172 131 3
80 101 1
43 136 1
80 197 4
168 128 1
179 15 4
50 167 1
151 193 3
160 60 3
44 90 4
23 157 4
66 48 4
86 184 1
56 179 2
131 46 2
163 149 2
177 65 1
46 31 3
123 21 1
174 105 2
164 132 3
162 107 3
140 74 3
16 15 3
112 11 4
57 119 4
198 166 3
151 48 1
123 34 4
44 79 1
64 76 1
145 125 1
160 24 3
68 65 4
40 86 3
23 12 3
77 24 2
170 101 3
90 6 1
94 188 1
137 181 3
56 197 3
134 152 2
105 82 4
46 57 2
173 70 2
190 129 3
4 109 3
47 114 4
43 181 2
109 56 1
111 87 1
140 106 3
179 165 4
163 42 2
72 121 1
26 46 1
185 14 1
154 9 2
8 148 4
172 188 4
187 121 3
22 21 4
61 169 1
177 104 1
61 153 1
17 165 4
72 128 2
66 22 2
21 32 4
193 78 2
198 139 4
161 53 1
27 36 3
174 179 2
3 144 4
150 176 1
137 85 1
170 147 2
136 61 2
65 28 1
56 90 3
28 61 3
124 101 2
28 180 4
179 75 1
107 169 3
50 182 3
73 58 3
136 1 4
49 79 1
1 138 1
135 74 3
90 79 1
49 107 1
88 134 4
75 160 3
72 61 3
170 155 1
178 149 1
114 25 2
69 14 3
165 111 4
138 112 3
176 4 4
100 155 4
76 94 4
144 49 1
72 102 1
133 147 3
70 60 2
139 83 1
119 72 3
188 34 1
21 136 2
167 65 1
24 7 3
183 84 2
181 78 4
73 148 3
170 109 1
96 59 2
108 145 4
10 91 3
163 199 3
6 99 2
120 59 1
133 127 1
61 180 1
199 8 4
10 136 3
109 81 2
61 154 4
186 32 2
84 130 1
179 39 4
191 82 2
148 4 4
86 134 3
155 152 1
68 100 2
191 81 1
9 30 2
55 92 2
108 61 3
44 59 1
164 31 3
38 75 3
171 183 3
122 70 3
41 109 1
67 125 2
126 97 4
97 76 4
146 10 1
131 49 4
69 31 4
31 5 1
118 151 4
58 10 3
1 110 1
85 41 2
169 89 2
144 63 3
128 146 2
6 8 2
95 125 3
161 154 4
198 170 2
116 188 2
124 79 4
77 155 3
69 179 3
185 71 2
126 30 1
60 192 3
121 62 4
147 22 2
106 178 1
122 63 4
69 149 2
196 106 4
154 89 4
41 96 2
130 99 4
96 138 2
27 108 2
150 106 1
65 92 3
150 105 1
91 62 2
182 10 3
61 116 2
178 155 2
103 95 2
24 89 3
158 66 2
156 7 4
165 154 1
99 108 2
147 159 2
39 135 2
45 40 2
8 170 4
195 49 3
188 129 4
18 36 3
102 199 2
129 96 3
13 190 2
99 54 4
103 134 1
139 174 2
50 175 2
114 62 3
127 71 1
48 38 4
178 54 2
18 65 3
43 32 4
199 72 2
91 45 3
165 76 1
165 54 2
83 68 4
149 191 2
4 140 4
128 16 4
79 117 3
152 104 4
75 191 3
51 158 1
88 37 1
178 185 2
4 160 1
0 106 1
102 41 4
84 115 3
153 180 2
148 65 4
120 158 4
91 132 1
150 170 2
122 20 1
15 116 1
143 50 1
78 9 2
144 93 4
118 198 1
176 70 1
182 191 2
169 32 4
91 114 1
115 54 1
82 31 2
8 191 4
92 147 4
169 26 1
96 85 4
154 10 3
148 96 1
14 135 2
58 114 3
9 73 2
125 11 2
15 77 1
138 150 4
95 122 4
12 83 2
161 168 3
47 17 2
152 135 3
150 140 3
115 119 1
85 165 4
172 63 3
120 199 1
162 140 4
101 68 4
123 193 4
83 58 4
178 12 3
74 125 2
58 192 3
104 98 4
56 130 2
144 131 1
20 97 2
16 34 4
53 176 3
123 33 1
166 165 3
158 10 3
168 191 1
143 168 2
160 176 4
64 135 3
110 67 4
97 70 3
56 37 3
135 10 2
49 76 4
105 186 3
193 44 4
195 161 3
26 79 2
102 89 3
130 4 3
19 136 2
40 23 3
68 21 1
198 3 3
5 133 2
146 148 2
63 60 2
122 65 2
185 171 3
199 96 4
181 189 3
148 72 4
161 67 4
67 6 2
163 83 1
189 48 1
9 125 4
123 118 3
42 121 2
59 154 4
190 153 3
4 50 2
182 102 1
4 110 3
63 81 1
102 53 3
17 161 2
107 53 4
28 67 2
198 147 4
50 13 4
75 118 2
7 99 1
12 182 4
1 161 1
194 46 1
11 36 1
60 92 3
9 137 3
52 151 1
122 96 1
174 187 2
164 127 1
75 40 2
160 93 2
53 72 1
168 152 4
90 140 4
30 170 3
116 191 3
137 65 2
14 102 4
187 83 3
72 146 4
129 97 4
168 56 3
175 140 2
67 70 1
185 48 1
3 159 4
198 127 4
58 91 4
44 46 1
182 167 4
72 108 2
174 8 3
161 180 4
181 67 4
122 88 3
94 26 1
198 67 2
141 27 3
52 93 4
56 93 2
14 183 1
174 61 4
8 49 2
126 111 4
159 98 2
111 115 2
62 64 3
85 110 2
156 129 1
150 116 2
46 41 4
15 85 1
76 106 4
125 157 3
132 65 1
6 125 3
164 28 2
71 24 2
100 114 3
80 12 3
140 161 4
190 50 3
195 155 4
106 195 4
132 27 1
106 1 1
99 81 3
0 34 4
164 134 1
194 36 3
196 48 3
164 199 4
146 36 2
74 8 4
87 95 3
70 118 1
88 72 4
82 48 2
80 154 3
68 188 2
81 129 2
111 91 1
119 120 3
111 31 3
191 51 2
170 160 1
144 47 3
39 183 1
180 192 1
88 24 4
51 116 4
28 76 4
181 94 2
31 63 2
194 198 3
161 79 2
122 118 4
130 175 1
164 10 2
180 77 2
135 195 3
118 159 2
149 103 1
156 198 3
7 2 4
169 97 4
193 13 1
18 2 4
67 71 1
120 22 4
1 173 3
93 151 2
4 156 1
57 24 4
163 69 3
35 156 4
196 85 4
136 72 3
122 74 3
55 84 4
13 197 2
10 51 3
94 165 4
137 69 3
1 3 1
190 16 2
5 137 3
64 92 4
44 58 1
122 195 1
148 190 3
83 103 4
57 51 3
147 37 2
116 34 4
33 137 2
70 44 3
114 81 4
42 95 2
183 112 3
33 10 1
196 55 4
73 131 4
53 112 4
118 127 2
106 112 4
32 29 3
15 1 1
168 130 4
78 4 1
14 57 2
131 90 3
173 142 1
41 66 4
138 199 2
35 66 4
5 126 4
55 124 2
113 114 2
154 84 2
62 147 2
115 63 3
100 59 1
169 52 2
91 44 2
61 188 4
108 135 4
175 149 4
123 125 1
154 143 3
25 147 3
70 154 3
151 73 3
146 94 4
159 95 3
38 187 1
129 194 1
46 58 4
52 6 4
23 156 4
41 63 3
60 93 1
21 145 3
113 187 3
36 101 2
197 30 3
19 165 4
4 128 1
149 53 3
9 90 4
115 190 2
65 50 3
169 135 2
21 54 1
60 147 4
198 39 2
39 64 2
45 165 3
183 142 4
83 125 1
100 181 3
94 127 2
145 52 1
120 133 2
40 4 4
60 56 2
8 143 3
127 75 2
198 64 1
47 122 1
173 72 1
101 1 1
81 113 1
193 3 4
192 133 2
112 47 1
118 179 1
193 58 1
171 48 2
13 126 4
126 115 3
93 5 4
163 109 2
21 122 4
54 127 4
143 177 3
68 178 4
46 197 4
172 143 3
172 5 2
163 181 1
146 176 1
0 58 4
162 58 1
150 30 4
96 25 3
122 50 4
150 179 2
28 90 4
32 88 3
30 92 1
124 9 4
151 123 1
166 53 2
100 140 4
100 97 2
114 105 4
83 162 1
135 72 2
36 21 2
178 32 3
149 24 1
88 169 2
183 111 3
183 157 1
146 53 4
162 188 2
15 25 4
136 116 3
116 163 2
38 13 4
35 96 3
3 119 1
60 139 2
95 170 1
133 198 4
60 169 2
126 181 4
69 49 1
175 6 3
21 23 3
48 155 1
109 60 3
53 151 1
88 14 1
115 79 2
7 46 3
65 43 3
49 170 3
75 138 1
140 177 3
89 39 3
12 139 3
164 190 1
122 115 1
2 175 2
181 183 1
6 170 2
128 80 2
12 108 2
87 45 4
0 36 1
155 106 1
112 41 4
196 13 1
57 27 4
170 148 2
86 167 4
67 132 3
128 93 4
138 173 4
40 70 3
124 7 3
34 93 1
3 107 1
81 144 1
110 37 3
127 111 4
103 18 1
47 48 4
152 24 2
174 90 3
61 85 4
11 108 1
171 31 2
139 89 1
188 196 1
69 164 2
16 44 1
126 158 3
187 80 3
169 116 4
103 52 2
130 0 2
7 106 1
3 42 4
5 147 1
52 120 2
71 81 4
127 27 3
141 139 2
103 17 1
99 164 4
35 175 4
173 146 1
141 111 3
69 53 4
96 7 2
179 59 4
53 177 1
195 53 4
195 82 2
145 22 2
51 53 1
178 131 1
92 94 2
11 199 2
191 48 4
151 98 3
43 34 4
133 18 1
38 196 2
2 37 2
198 196 2
199 59 1
27 174 4
127 91 2
87 22 2
107 113 1
160 92 3
58 88 2
20 55 1
46 91 3
107 28 4
20 102 3
59 10 4
106 108 1
62 95 4
111 42 3
4 157 4
14 136 4
54 179 2
59 167 2
185 89 2
41 8 2
116 93 4
150 51 4
20 2 4
160 130 1
91 1 2
80 30 4
99 191 3
56 160 4
43 85 2
16 160 1
184 178 4
159 122 1
183 62 3
17 62 2
118 34 2
35 111 1
98 121 1
77 39 2
180 59 4
190 116 1
8 105 3
104 143 3
162 44 1
150 167 3
146 104 1
13 150 4
75 100 4
132 83 2
181 3 1
25 143 4
151 140 3
164 138 1
129 171 3
7 178 4
92 15 4
48 103 4
107 144 2
128 172 2
62 8 3
79 196 1
176 80 1
195 149 2
22 121 2
187 41 1
170 187 4
177 124 4
70 63 1
119 28 3
19 75 1
159 133 3
20 37 2
66 54 3
115 109 4
92 28 3
151 108 3
153 63 4
5 62 3
21 189 4
152 2 1
32 190 2
2 21 3
173 18 2
38 84 3
78 176 4
94 45 4
13 192 3
20 190 3
149 128 3
59 38 2
165 101 3
112 156 1
193 26 1
53 110 4
126 24 4
123 108 2
97 2 1
100 173 4
23 104 4
137 22 2
46 12 3
123 170 3
92 47 2
118 89 2
192 59 4
161 47 2
31 106 3
64 156 2
47 20 4
13 83 1
107 164 1
13 12 4
114 32 3
148 107 2
43 194 3
84 60 1
38 40 2
62 39 1
192 34 3
34 138 3
165 93 1
193 77 3
19 187 2
195 8 2
113 153 1
147 168 1
52 25 3
75 7 3
123 113 4
118 148 3
61 173 1
78 22 2
38 167 1
4 35 3
73 28 3
128 165 4
140 35 3
90 51 1
105 4 2
133 186 3
38 186 4
63 143 2
104 127 1
196 58 3
25 138 2
100 43 1
39 51 3
3 46 2
115 172 3
163 3 1
173 160 2
187 175 4
55 141 2
7 81 1
181 121 3
131 147 3
113 98 4
94 50 1
3 169 3
59 22 1
24 180 3
88 69 1
192 194 4
126 134 4
135 144 1
113 176 2
184 113 4
165 110 2
79 66 4
124 51 2
187 151 3
39 10 1
140 9 1
68 37 4
20 142 4
160 146 1
189 168 1
48 2 1
103 63 3
63 67 2
61 81 4
35 42 3
161 184 1
161 65 2
96 46 2
194 124 1
42 19 1
35 2 1
109 70 2
81 154 2
10 75 1
153 138 2
152 63 3
123 70 4
165 83 3
94 136 2
166 68 2
99 190 2
69 160 4
119 39 1
186 61 4
96 49 1
155 3 1
110 143 3
106 28 2
152 68 3
64 59 4
52 39 2
175 85 4
193 141 1
199 20 1
62 109 4
80 85 2
73 181 2
144 62 1
