9950 200
0 30 6
30 36 4
0 120 9
36 189 9
30 9 8
189 16 2
36 121 1
120 154 7
121 59 9
189 38 6
36 87 3
38 82 5
120 116 3
116 81 4
59 25 5
25 115 5
121 106 8
106 13 1
16 18 8
81 111 1
38 89 3
106 15 6
59 122 6
154 68 1
89 97 6
189 170 6
16 194 9
9 172 3
115 43 1
30 47 5
30 148 1
81 71 5
120 66 3
68 125 5
122 101 4
68 44 4
116 94 4
25 159 1
38 10 3
59 118 3
87 164 5
10 181 6
116 104 2
36 128 8
101 178 6
71 98 6
30 28 3
189 169 9
178 31 9
154 11 9
106 108 4
98 64 2
148 155 5
104 192 5
28 92 3
64 171 3
172 160 9
59 150 3
25 117 2
36 183 6
164 7 1
111 61 2
44 6 8
189 100 3
94 34 6
194 197 6
15 195 4
89 156 5
11 67 4
61 144 9
116 158 2
64 85 4
120 186 2
195 136 7
67 39 7
100 109 2
11 84 7
197 132 8
84 105 2
189 151 4
61 33 4
189 167 8
13 140 2
61 90 1
151 69 6
183 46 3
115 5 4
64 56 2
151 57 7
16 110 6
122 134 7
151 184 8
155 51 8
46 73 9
121 190 4
18 55 3
46 188 6
84 17 9
158 62 2
69 130 4
17 138 9
18 112 7
64 41 4
104 135 9
160 198 8
94 193 4
16 145 8
193 72 4
169 162 4
192 49 6
150 199 2
64 91 9
66 182 6
84 37 5
145 54 7
159 165 5
156 139 5
193 78 5
178 177 4
170 152 9
51 77 2
188 149 2
10 127 9
67 65 9
155 74 1
51 187 2
187 23 3
155 107 4
177 52 3
89 45 9
64 102 7
190 174 3
199 27 8
54 137 5
52 179 2
171 79 3
155 20 8
177 26 2
20 12 3
162 3 7
31 93 9
15 147 8
73 4 2
49 173 9
0 35 1
151 76 6
159 95 9
159 146 5
181 103 7
74 196 9
189 50 1
71 163 1
135 88 9
158 166 4
134 32 7
93 53 7
111 123 2
49 142 9
192 180 4
144 153 8
15 99 3
84 42 6
89 86 9
140 58 9
138 168 5
64 119 7
104 141 5
102 80 6
82 40 5
88 29 1
163 161 3
35 21 7
117 124 6
128 143 3
9 75 7
119 63 8
148 175 3
181 24 2
62 48 8
172 126 2
189 83 9
106 60 2
106 70 2
57 129 5
87 157 1
157 131 5
178 14 6
26 22 1
146 133 1
198 185 8
68 96 1
56 114 6
17 8 2
165 113 9
30 19 1
115 2 7
148 191 1
13 1 3
89 176 7
137 22 4
190 185 3
199 157 4
118 41 3
108 46 3
38 64 1
22 38 2
104 82 3
182 44 4
191 147 2
153 99 2
93 65 2
170 188 1
169 156 3
61 45 4
178 73 1
141 155 4
19 161 4
115 8 3
184 54 4
167 192 2
160 35 4
99 106 4
188 6 4
78 13 1
199 147 2
89 180 4
163 38 3
195 50 4
135 158 3
161 115 4
80 31 3
61 35 1
144 102 3
116 165 3
163 158 1
121 75 3
39 161 1
26 45 4
154 135 3
103 66 4
119 152 2
193 124 4
119 153 1
61 188 3
34 182 1
68 52 2
43 154 2
14 29 2
159 152 4
5 182 4
106 105 2
142 110 3
85 175 3
123 99 3
169 174 1
160 3 4
190 68 2
44 127 3
163 107 2
196 21 3
161 54 2
106 26 2
184 188 4
128 126 4
78 175 2
53 190 3
145 178 3
187 175 3
63 32 3
144 33 4
143 170 1
31 78 4
189 54 2
113 186 4
37 66 1
66 97 3
85 20 4
49 149 1
192 25 1
171 140 3
49 7 4
193 186 3
160 13 1
163 194 3
155 59 2
149 62 1
124 128 4
199 139 1
141 32 4
141 178 1
143 145 1
103 154 4
108 44 4
60 171 2
22 125 1
1 124 1
88 75 3
97 6 1
7 86 4
156 198 1
107 50 1
194 149 1
80 156 4
34 28 2
98 149 1
73 172 4
27 37 1
89 115 4
14 43 4
154 130 3
71 28 3
132 189 4
44 75 2
108 39 3
117 125 3
24 169 2
99 145 4
37 50 3
30 190 1
150 94 1
186 159 1
186 144 3
86 182 3
166 107 2
98 82 3
105 102 3
133 139 2
57 167 1
34 79 3
60 61 1
3 131 3
117 192 3
199 75 4
116 85 4
2 189 2
86 0 4
163 140 3
140 162 2
38 32 4
65 94 2
59 176 4
6 3 2
162 168 1
196 97 1
161 82 4
42 145 4
173 180 2
7 112 2
144 154 2
199 8 3
169 163 4
111 118 2
95 91 1
71 38 4
192 72 2
144 148 4
169 38 2
46 133 3
160 118 2
182 83 1
102 154 2
135 131 1
168 0 1
125 11 2
4 48 2
78 133 4
107 7 2
12 119 3
13 125 2
96 53 3
5 80 3
88 27 4
160 68 1
15 58 2
181 150 4
14 90 1
57 79 1
107 35 1
198 150 3
23 41 3
2 22 4
167 34 4
59 179 4
57 176 3
20 121 2
142 141 1
93 24 3
104 117 2
157 155 1
159 149 3
7 151 3
148 32 4
33 139 3
6 192 2
110 193 4
130 94 4
65 144 2
123 137 1
174 178 3
172 67 3
110 177 2
181 169 1
180 135 4
4 91 3
60 158 2
30 145 3
155 87 4
157 135 2
101 20 3
167 46 3
97 75 4
59 57 3
142 100 4
69 57 2
80 150 4
30 114 1
75 31 1
125 182 4
105 74 4
87 9 3
195 38 4
99 107 2
156 109 3
174 56 1
23 66 4
51 151 3
53 86 3
126 67 3
4 81 4
1 136 2
171 29 1
26 109 2
107 49 3
116 142 2
107 23 4
199 66 1
165 3 3
109 81 3
20 18 4
103 79 1
161 174 1
159 150 3
61 127 1
150 21 3
88 65 2
10 109 1
189 1 1
94 173 3
8 105 1
40 111 1
74 28 3
32 62 4
48 123 2
112 96 1
145 118 3
149 122 3
131 64 3
79 135 3
141 7 1
139 158 3
179 138 2
127 169 3
112 196 4
76 192 2
123 141 1
194 75 3
144 196 3
180 30 3
139 115 2
21 133 2
89 154 2
186 102 4
169 69 3
164 142 2
94 52 2
68 27 4
100 90 2
139 113 3
16 96 1
32 49 2
187 45 3
118 139 3
151 154 3
94 72 2
61 80 4
12 88 1
147 7 3
114 50 2
147 52 1
114 101 3
198 88 2
17 96 2
105 28 1
118 76 2
13 186 1
75 176 3
182 111 4
199 12 1
36 198 4
117 5 2
38 42 4
20 130 2
52 166 2
28 158 1
77 140 3
136 33 2
104 51 3
195 6 2
176 119 4
94 81 4
97 19 4
124 76 2
42 159 3
57 125 1
123 162 2
185 108 3
144 46 2
150 146 3
135 169 2
121 42 1
97 61 1
42 61 2
196 8 2
75 14 4
196 155 2
2 159 3
150 187 3
123 154 1
195 160 4
76 180 4
104 195 3
100 56 3
115 1 2
44 153 3
162 109 3
191 17 3
128 174 4
95 92 1
17 18 2
114 8 3
175 168 3
2 162 2
123 74 4
135 110 4
38 12 3
3 152 2
41 90 2
158 183 3
197 189 2
1 143 2
22 61 4
16 73 2
83 195 4
167 154 4
190 64 1
123 165 3
65 119 2
168 169 3
89 90 3
191 70 4
99 148 3
52 175 4
31 28 3
147 100 3
164 134 4
125 96 3
180 28 2
74 125 3
137 88 4
179 94 4
59 62 1
117 189 1
93 124 4
189 183 1
176 139 3
136 147 3
21 194 1
117 0 2
193 103 1
5 62 2
60 154 2
89 123 3
22 113 3
134 171 2
117 115 1
164 53 3
138 117 4
26 193 4
56 4 3
87 18 3
77 45 3
144 130 4
145 113 1
164 33 1
151 6 1
70 26 1
180 187 4
52 61 1
173 56 1
188 53 4
132 114 2
15 85 3
167 13 4
165 170 4
88 179 1
167 105 4
88 41 2
102 141 4
190 49 2
79 158 4
110 91 2
138 191 2
49 5 4
117 50 3
149 5 4
159 153 3
188 166 1
168 150 2
199 103 3
78 172 1
160 132 3
137 109 2
122 31 4
176 183 4
11 120 4
136 72 4
47 9 4
170 92 2
60 147 4
33 174 3
131 149 3
73 78 1
69 1 2
130 40 3
2 26 1
28 45 1
19 86 4
152 8 3
57 92 1
28 157 3
184 77 1
101 56 3
168 115 4
141 144 1
141 113 4
94 61 1
47 125 1
24 155 1
115 162 2
84 47 2
105 112 2
18 132 4
182 112 4
5 112 1
162 157 2
75 21 1
177 107 1
191 39 4
59 75 3
56 136 2
179 165 1
126 70 4
187 123 3
77 143 4
149 128 2
89 39 1
31 135 4
163 182 1
37 196 1
22 23 3
27 185 4
132 195 4
184 12 3
83 44 3
105 12 2
167 141 4
11 186 2
81 166 4
4 181 2
133 73 2
23 134 2
66 175 4
78 15 2
28 81 4
147 80 3
101 17 3
58 77 1
170 1 2
75 89 4
116 28 1
146 55 4
199 59 4
96 154 1
170 30 3
38 77 1
143 113 3
53 63 2
90 160 4
124 18 3
190 169 3
104 124 2
97 177 1
148 97 3
17 43 1
185 56 3
175 87 4
190 138 3
43 195 3
184 27 1
151 124 1
88 87 4
57 185 4
160 69 4
61 51 4
75 103 4
172 122 4
54 133 4
18 122 2
98 197 3
26 97 1
154 27 3
195 54 2
189 105 1
56 27 2
134 14 3
98 139 2
77 65 2
52 178 4
77 59 1
114 55 2
153 7 4
89 61 2
47 123 1
130 103 2
173 64 3
30 173 3
63 35 4
131 198 2
178 22 2
149 146 2
130 71 1
83 65 4
185 136 4
54 45 1
176 30 2
46 171 3
192 136 1
141 24 1
147 39 2
18 123 4
117 176 2
104 196 2
163 143 3
21 142 4
64 120 2
53 181 2
161 1 4
147 153 1
98 128 4
193 132 3
48 66 1
71 114 3
144 105 4
107 0 3
53 141 4
19 164 2
147 127 4
28 53 1
70 8 4
2 126 3
140 33 3
113 177 3
133 137 1
182 59 2
84 35 4
15 21 2
67 199 2
190 116 1
107 165 3
43 10 1
80 127 1
49 36 2
161 149 4
145 154 2
40 126 2
190 136 1
44 195 2
153 5 3
186 168 1
32 180 4
131 177 2
142 102 2
61 125 1
163 7 4
40 15 2
83 1 3
193 21 1
196 95 3
66 47 3
74 5 3
182 107 2
14 62 2
190 33 4
62 147 2
81 96 1
197 24 1
81 87 3
31 25 2
177 116 4
129 51 2
101 37 1
80 82 2
195 152 3
142 35 4
64 14 4
139 121 3
105 168 2
72 104 4
123 127 4
184 42 1
4 44 2
132 92 3
63 85 4
103 97 3
143 68 1
89 197 4
135 57 1
95 0 2
57 56 4
19 166 4
33 94 4
142 139 1
30 177 2
39 137 2
118 14 4
134 191 4
78 28 1
130 114 1
78 192 1
52 100 3
167 93 3
114 10 1
180 122 4
115 164 3
172 44 2
196 190 4
45 145 3
191 119 2
63 40 2
148 115 4
44 177 1
61 34 4
68 84 4
160 78 2
111 184 2
63 1 3
190 78 4
100 146 3
151 10 4
151 78 1
163 57 4
174 4 2
4 60 1
23 149 3
149 123 1
122 95 4
151 70 1
63 38 3
116 192 1
142 109 4
110 27 1
6 18 2
23 61 3
146 67 3
125 59 1
181 190 1
51 58 2
50 175 1
22 58 1
61 16 2
38 16 4
38 173 1
139 132 3
78 12 4
70 147 4
132 47 1
93 22 3
131 189 3
5 9 3
138 121 1
92 84 2
192 125 4
22 167 4
160 169 1
44 64 1
115 36 1
108 64 2
166 8 1
109 2 4
62 190 4
83 171 1
56 77 1
154 137 3
104 49 3
191 174 2
142 76 2
14 141 2
101 196 1
180 169 4
11 198 1
165 20 4
86 55 2
169 11 4
71 17 3
153 81 4
131 109 4
184 191 2
125 6 1
38 174 2
9 121 3
164 169 3
107 140 3
162 156 3
94 141 2
167 191 2
179 63 2
162 76 1
30 23 3
114 1 4
35 86 4
31 168 1
145 193 4
104 76 3
125 12 3
150 153 4
189 75 4
39 2 1
47 141 2
166 90 3
83 179 2
121 1 3
57 148 2
131 59 1
92 8 2
46 182 4
98 138 4
175 138 4
127 87 4
188 168 2
85 42 1
74 14 2
24 57 2
154 180 3
15 68 1
104 151 3
191 146 2
158 89 4
144 183 4
112 30 2
58 137 4
135 93 3
125 107 4
33 171 4
112 143 4
198 162 2
68 195 4
175 75 1
51 174 4
74 153 1
144 108 2
138 67 2
146 108 3
82 107 3
62 166 2
100 194 2
59 89 2
32 81 4
129 121 1
76 129 1
131 61 4
81 108 1
135 109 3
72 95 1
122 179 2
185 188 2
196 63 1
177 101 3
164 156 1
44 154 2
134 8 2
23 101 3
130 8 2
138 163 3
176 102 4
101 96 3
88 90 2
79 184 2
76 185 4
72 120 4
148 125 3
21 169 2
140 91 3
52 42 1
52 108 2
23 90 4
170 71 2
161 13 4
51 160 4
73 149 2
151 30 1
15 114 4
133 148 2
130 198 2
64 153 1
95 111 2
151 86 2
171 133 1
94 47 3
169 126 2
104 181 3
37 174 3
23 147 1
16 149 1
7 46 1
50 178 4
171 119 4
24 36 2
108 65 1
40 118 3
22 168 1
37 0 4
32 110 2
58 89 3
183 58 1
154 191 2
58 175 3
52 157 3
189 32 1
161 22 3
170 160 4
100 160 2
23 78 3
174 184 4
113 9 4
49 150 3
162 149 1
33 162 3
153 92 3
59 94 4
28 164 1
29 137 4
156 86 2
100 192 4
190 159 4
10 65 1
3 122 1
185 14 4
5 73 4
33 177 1
122 111 1
168 127 3
198 154 1
25 62 3
23 154 3
87 162 2
101 6 2
13 99 4
126 140 2
154 134 4
150 42 3
4 179 3
42 57 3
94 152 1
85 111 1
81 156 1
164 120 4
91 160 4
116 198 2
71 199 1
102 76 3
50 20 4
146 139 1
55 134 3
60 38 4
165 144 3
121 11 1
142 190 1
101 179 2
110 53 3
149 90 1
95 175 1
5 170 4
9 105 2
181 127 2
184 94 2
59 50 2
72 137 3
42 56 4
124 46 2
65 158 4
195 105 1
103 49 2
193 28 3
104 166 3
167 75 1
0 169 4
36 78 2
8 140 3
159 125 1
175 156 2
109 11 3
9 93 1
43 160 1
65 149 1
148 33 3
110 106 4
152 81 3
142 183 2
162 0 1
85 128 1
78 3 1
41 110 3
110 14 4
57 114 2
26 77 1
198 85 1
48 20 1
173 130 1
191 60 3
53 84 1
111 17 1
75 179 4
158 40 4
113 173 1
141 31 3
148 34 1
194 17 4
130 161 1
117 107 4
179 70 3
61 82 3
173 139 4
102 54 1
0 104 3
172 40 3
57 72 1
29 159 3
71 137 3
89 50 3
121 176 2
107 33 3
103 87 3
163 60 2
147 117 4
47 28 2
37 185 3
83 45 1
131 115 4
165 124 1
92 198 2
181 80 4
121 79 1
105 137 2
68 75 2
102 147 3
67 6 4
125 146 4
12 64 3
171 19 4
42 89 2
26 117 4
39 158 2
157 172 1
106 44 3
95 123 3
6 51 1
185 79 1
151 105 1
88 42 1
32 120 2
7 177 1
31 116 1
102 189 4
159 22 1
42 173 2
115 189 1
165 149 4
138 86 1
193 7 1
172 105 4
111 140 1
78 141 1
161 194 3
70 119 3
10 171 1
5 18 2
191 77 2
133 183 2
149 3 4
165 194 3
155 12 2
18 161 1
8 125 1
127 37 4
124 16 3
66 3 1
14 35 2
92 88 1
38 172 1
187 70 2
7 62 1
116 71 4
59 72 1
194 10 2
190 47 4
99 7 1
97 55 4
17 3 3
79 10 1
93 34 3
182 157 2
194 8 3
107 32 3
62 142 1
168 126 1
162 189 2
153 17 1
90 93 3
85 100 4
105 32 4
168 193 1
190 59 2
109 79 2
184 157 3
199 49 1
30 15 4
23 110 3
44 130 2
83 57 2
65 100 3
125 140 2
77 7 4
45 59 1
7 137 2
67 166 2
168 167 1
126 153 3
172 153 4
115 45 4
175 34 2
13 130 2
180 81 2
192 150 1
179 107 1
102 95 3
104 177 2
22 151 4
0 13 4
40 147 2
113 84 2
13 94 3
157 185 2
10 84 3
45 4 4
91 84 4
192 120 2
185 83 1
191 168 3
181 58 1
148 38 2
169 96 1
92 75 1
15 42 4
97 113 4
6 130 3
76 74 3
70 180 1
65 49 3
0 101 4
50 53 4
190 21 3
33 170 1
99 111 3
138 158 2
110 160 4
76 46 1
11 170 3
59 115 4
99 131 2
44 160 2
190 4 3
70 173 3
31 131 3
28 35 4
112 56 2
42 168 4
136 180 3
88 46 1
84 3 3
62 12 2
25 168 1
0 155 2
170 180 3
95 39 4
36 67 3
164 171 2
144 111 1
192 33 1
102 188 4
161 186 3
52 75 4
121 34 3
148 173 1
89 191 3
85 48 2
35 24 4
33 163 1
166 186 2
110 115 3
103 156 1
82 102 4
124 154 3
197 135 3
43 175 3
71 118 2
69 143 3
27 137 1
35 64 4
104 144 2
148 100 1
59 161 3
82 28 2
111 67 2
95 152 2
180 25 3
191 157 3
116 121 3
125 77 4
4 170 3
146 118 2
97 127 3
183 41 4
12 15 2
77 73 1
13 25 2
176 106 2
84 187 1
172 58 3
197 154 2
68 118 4
185 31 3
98 101 3
2 133 1
1 84 2
112 15 2
189 45 3
181 115 3
109 117 4
168 97 2
26 161 3
142 53 3
89 104 1
29 62 2
173 96 3
57 110 2
156 50 1
104 61 2
77 91 2
47 147 1
1 76 3
52 78 2
31 67 3
45 151 3
195 170 2
33 17 4
197 20 3
76 21 4
79 85 2
78 162 1
198 71 1
26 95 4
65 34 3
197 160 3
53 123 3
194 54 1
26 196 4
195 86 2
172 142 4
88 169 2
45 52 1
78 125 4
122 10 2
62 133 4
44 19 4
80 108 1
103 54 3
137 197 4
169 44 3
27 163 1
29 19 4
144 40 3
124 116 2
127 165 4
74 30 4
191 3 1
103 50 1
52 160 4
106 49 1
84 22 2
109 136 2
167 99 1
60 67 2
91 127 4
132 73 3
26 56 4
55 110 2
68 162 4
155 170 4
139 37 1
197 173 3
44 157 4
61 25 1
90 60 2
173 86 2
96 44 2
46 95 2
79 64 3
96 131 4
63 44 1
195 82 3
29 151 1
145 152 3
63 51 3
119 97 4
122 28 1
70 114 2
119 14 4
143 168 2
96 13 4
15 128 4
109 57 2
184 177 3
131 54 1
57 118 1
47 199 2
191 96 2
131 35 2
1 187 4
128 199 2
9 4 3
24 168 3
147 175 4
197 199 3
18 115 2
180 79 1
38 49 3
184 139 1
110 40 3
111 83 1
52 123 1
104 19 2
138 52 4
96 72 2
185 109 4
167 51 3
85 40 4
155 146 4
90 3 1
3 153 2
119 23 3
67 3 1
136 69 2
137 146 2
98 147 1
191 41 2
0 184 2
105 60 3
112 41 3
166 74 4
109 6 3
79 166 1
53 159 1
182 68 4
62 156 2
174 96 3
77 162 1
153 31 1
180 41 2
179 7 2
194 178 2
117 9 2
72 188 2
85 0 4
65 173 2
10 71 4
86 123 2
115 158 1
25 26 4
5 4 1
65 17 2
41 139 2
37 73 1
137 153 4
6 175 2
129 44 1
132 71 1
42 7 4
186 91 4
78 22 4
28 140 1
108 41 1
25 144 2
119 117 4
48 188 4
51 70 3
111 117 1
90 173 4
50 185 3
79 45 1
38 79 3
138 25 3
132 45 3
41 174 2
187 90 2
2 56 4
0 136 4
143 43 1
127 101 3
140 152 1
147 91 2
186 70 3
175 73 2
151 85 1
161 32 1
122 13 1
66 58 3
154 6 2
61 128 2
141 131 3
77 31 3
168 56 4
111 64 1
113 82 4
9 0 4
85 164 3
3 168 3
177 29 3
33 21 3
150 184 1
117 122 4
72 177 2
180 23 4
190 105 1
64 65 1
128 115 1
71 176 1
90 190 4
2 161 4
53 69 3
155 18 3
24 23 1
99 84 3
55 16 4
90 143 3
141 54 1
40 89 1
126 107 2
144 193 2
149 19 4
186 15 2
145 14 4
32 13 1
114 99 1
172 29 3
124 43 2
19 74 1
166 73 1
85 133 1
83 192 4
158 30 2
190 197 1
79 193 3
13 144 1
130 23 4
76 54 3
34 82 4
179 140 1
104 165 2
20 17 2
171 146 3
147 106 1
52 118 1
51 15 2
58 173 4
182 19 2
189 119 1
105 44 3
170 55 4
17 58 3
132 83 3
180 96 1
111 20 2
16 99 4
114 68 2
91 146 1
31 65 4
36 108 4
48 141 1
1 44 1
67 160 4
70 177 3
179 55 4
195 92 1
9 181 4
96 138 1
82 64 4
97 112 1
153 127 2
79 2 2
60 33 1
183 113 3
184 123 4
19 56 4
128 96 1
56 120 1
61 102 3
174 124 2
178 118 1
93 132 1
71 87 3
116 130 3
177 190 2
197 127 4
108 76 1
193 62 2
5 6 4
142 193 3
62 35 2
5 176 4
23 133 1
109 86 3
129 155 1
91 135 4
154 150 4
178 104 3
168 183 4
13 50 1
147 122 4
44 135 4
43 118 2
1 110 4
80 145 4
17 106 1
111 155 4
130 150 2
72 156 2
39 123 2
17 27 2
18 35 2
17 55 3
39 163 1
161 126 1
74 49 3
21 43 3
67 178 1
141 185 2
47 42 1
160 4 2
165 30 2
116 100 4
107 100 3
170 167 2
174 90 1
146 126 2
4 10 4
34 54 1
15 173 1
55 120 3
8 1 2
71 103 4
78 104 3
9 1 2
15 55 2
115 102 3
130 37 2
51 27 2
153 145 2
38 137 3
8 107 3
66 113 3
102 162 4
41 135 2
134 129 4
87 107 1
146 95 4
127 39 2
172 127 1
30 118 2
147 131 2
74 18 3
3 194 2
193 175 1
51 171 4
175 7 3
82 32 2
102 109 4
176 173 3
146 151 3
67 57 4
41 65 4
167 129 1
149 11 1
99 160 3
166 96 4
31 79 1
139 15 3
143 101 2
173 125 2
154 118 3
12 178 2
143 141 2
6 181 4
14 39 1
15 81 1
198 101 3
181 122 1
40 39 4
125 40 1
186 121 3
104 6 1
34 193 1
58 68 2
104 134 4
157 169 3
118 171 1
56 13 4
199 82 2
156 88 3
67 75 3
166 40 3
48 86 2
45 167 4
41 16 1
77 185 4
84 63 4
165 11 1
43 180 3
106 51 1
130 184 1
192 97 2
90 8 4
107 91 3
184 129 2
6 4 1
110 130 2
134 138 1
160 164 3
81 83 1
197 52 4
51 94 1
41 116 1
69 10 4
97 80 1
109 78 4
185 166 2
130 102 2
4 92 1
84 9 4
33 8 2
109 181 1
87 147 1
128 63 1
71 100 4
49 58 2
185 129 2
26 90 3
87 83 4
166 116 4
164 145 4
186 52 3
58 178 1
72 190 2
79 125 3
116 50 2
152 1 3
68 174 1
175 49 4
114 175 1
89 71 1
45 124 3
88 37 1
198 105 2
136 5 2
84 179 4
50 194 4
57 104 3
56 97 2
109 198 2
9 134 4
198 196 3
125 32 4
160 158 1
114 80 2
23 25 2
30 45 4
71 172 1
141 194 3
163 95 2
161 181 1
175 151 2
171 23 2
155 176 3
3 101 2
78 6 1
40 198 1
51 158 4
92 190 2
146 13 3
33 58 4
52 156 1
33 130 4
69 155 1
70 121 2
183 54 4
114 155 4
50 3 3
41 159 4
57 97 3
1 169 4
106 96 4
68 10 1
62 44 4
180 0 1
11 64 1
179 72 1
28 130 3
189 199 1
38 159 4
196 51 2
36 23 1
188 78 2
98 87 1
123 168 2
112 48 1
79 21 4
13 86 3
118 170 2
150 190 2
35 176 1
167 114 3
35 51 1
85 185 1
31 149 2
22 171 1
174 77 1
26 59 2
107 156 1
172 2 1
50 71 3
98 102 1
112 147 2
108 18 1
87 41 1
83 158 1
93 89 1
198 89 2
92 145 2
100 84 4
162 125 1
195 8 1
155 125 3
16 118 3
84 61 3
122 129 2
162 197 4
54 173 1
193 43 2
164 174 1
28 159 2
169 172 3
113 55 3
142 128 1
105 55 2
121 60 3
64 114 4
136 168 1
148 194 1
12 99 4
106 53 3
128 20 4
103 6 3
10 87 2
78 1 2
108 12 3
157 166 2
16 173 4
183 174 1
22 172 1
52 46 1
141 21 1
98 92 1
111 68 2
189 52 1
7 24 3
192 198 3
153 49 1
90 119 2
49 100 4
70 67 1
39 139 1
0 69 4
22 32 2
172 139 3
118 181 2
145 90 1
121 37 4
114 131 1
39 110 4
160 57 2
32 39 2
117 55 2
77 101 4
41 45 4
124 115 4
47 67 4
189 185 4
39 46 2
11 133 2
110 68 1
20 161 3
171 149 4
139 166 1
24 84 3
93 28 3
53 171 2
181 174 2
182 2 3
56 196 1
175 107 3
38 197 3
106 40 2
10 191 3
12 195 4
183 79 4
139 187 3
102 94 2
156 6 2
38 93 3
33 67 4
15 153 3
166 193 1
102 0 2
160 166 4
47 59 1
82 130 4
2 186 3
47 8 4
156 40 2
137 172 3
48 138 3
50 146 4
184 134 1
180 148 4
180 83 1
157 85 1
198 133 3
186 130 4
177 48 4
110 131 2
188 71 1
166 48 3
153 151 2
52 30 3
78 111 2
164 30 3
22 150 3
140 10 4
62 111 4
47 39 3
13 150 4
72 78 1
61 64 2
66 183 2
87 158 2
1 22 3
50 22 3
12 139 1
5 41 4
44 134 3
49 160 4
66 187 1
52 196 2
34 126 3
82 76 2
57 51 2
52 8 4
83 90 1
83 13 2
124 100 2
135 7 3
175 64 3
118 135 4
25 38 3
76 66 3
3 53 4
102 123 1
41 32 2
15 1 4
112 38 3
29 61 1
158 140 1
133 121 4
147 4 3
116 157 3
111 161 2
94 146 3
127 51 4
143 29 3
42 75 1
113 38 3
134 40 2
129 85 1
65 104 4
96 10 3
128 82 4
4 28 4
54 143 3
16 163 3
11 142 4
143 108 4
151 131 4
122 97 4
197 171 1
63 163 3
29 180 1
156 64 2
196 72 1
9 177 3
130 4 4
126 87 1
192 35 4
117 13 3
81 54 2
97 128 4
68 41 1
45 81 4
168 27 1
42 108 4
197 53 2
138 27 3
21 2 2
65 5 4
168 109 4
137 159 4
36 113 4
189 37 1
89 65 2
31 37 3
157 12 3
162 80 4
59 159 4
97 162 1
158 168 3
151 180 3
113 80 3
186 119 1
94 96 4
37 150 1
50 143 3
107 102 3
81 82 1
198 44 2
47 169 4
38 55 1
132 69 4
136 27 4
126 111 2
54 12 2
80 99 3
140 106 4
155 26 2
72 105 4
163 19 4
109 15 1
98 192 2
42 83 2
90 78 2
109 87 3
35 170 4
194 19 4
152 24 2
14 177 2
117 191 4
111 63 1
192 109 1
8 5 3
159 158 3
97 51 1
167 177 4
180 123 3
77 180 3
31 137 4
81 73 1
154 46 4
49 37 4
187 198 2
74 78 2
1 23 2
10 101 2
131 34 4
41 143 1
99 73 4
177 1 1
94 171 4
68 183 1
107 86 1
133 112 1
183 185 4
53 157 3
100 135 3
126 176 2
0 193 4
44 144 3
150 185 2
41 189 2
111 96 4
7 180 4
160 36 3
4 182 2
17 25 4
130 73 4
115 37 2
58 72 2
75 136 4
98 50 1
175 134 3
59 172 1
92 15 2
31 100 3
119 159 3
73 72 1
169 67 2
30 178 4
96 8 2
33 24 4
132 156 2
65 82 1
33 182 4
122 45 1
71 124 1
163 32 3
95 38 4
77 172 1
104 129 1
61 176 2
43 90 3
42 131 2
156 182 1
153 84 1
95 127 1
191 79 1
102 85 1
68 69 4
57 124 1
173 11 1
191 140 4
133 129 4
78 145 3
86 8 2
137 28 2
18 148 2
110 90 3
117 177 3
83 167 3
62 55 1
95 107 4
64 146 2
64 73 2
152 57 1
101 35 1
190 97 3
82 78 3
38 11 2
44 77 3
115 63 1
198 1 1
12 116 1
176 8 1
172 85 2
3 155 2
26 113 2
138 128 3
24 120 1
86 39 4
196 183 3
0 49 2
134 186 1
149 14 4
169 133 4
156 145 2
151 194 1
90 193 3
64 50 2
137 24 3
2 72 3
14 5 4
164 111 1
164 6 1
105 92 4
20 189 2
151 96 3
162 181 1
135 189 4
1 199 2
47 173 4
135 58 2
195 53 3
178 171 1
155 199 1
197 133 4
124 50 1
52 58 2
54 22 2
121 123 1
133 3 1
134 47 4
59 82 3
181 47 3
49 156 3
11 110 4
110 179 3
27 55 1
79 173 2
8 42 1
96 9 1
62 43 2
184 35 2
177 103 1
82 3 1
121 82 3
165 0 4
75 181 4
33 96 4
16 78 3
1 21 2
162 71 2
188 145 3
76 24 1
5 57 2
24 53 2
16 83 1
139 50 2
113 126 2
2 24 4
76 135 3
24 77 3
75 129 1
34 99 4
146 6 2
31 151 1
116 27 4
48 184 4
91 169 1
191 33 1
114 93 4
128 66 2
96 80 2
22 128 2
170 23 1
184 107 4
148 7 3
110 2 1
139 60 1
103 36 1
199 37 2
81 53 4
14 192 1
26 132 3
136 63 3
0 43 1
72 195 3
192 13 1
142 45 4
160 113 3
145 57 3
13 109 1
95 81 4
81 78 2
66 172 2
143 119 4
181 178 2
142 124 4
99 141 1
136 60 1
149 8 2
186 77 3
75 60 2
147 69 1
108 130 1
7 27 4
59 126 2
10 15 3
63 167 4
10 1 1
51 41 2
8 22 2
68 189 1
145 196 1
65 154 2
192 154 1
25 162 2
173 24 2
66 185 2
38 85 1
44 155 3
135 38 3
194 29 1
120 178 1
58 148 2
181 11 1
61 133 2
134 187 2
47 168 4
68 151 3
151 135 4
2 6 4
146 99 4
139 104 2
165 51 3
190 125 1
45 100 4
93 107 1
27 177 2
9 193 3
39 114 3
70 69 3
159 52 1
80 105 1
161 27 3
57 150 3
91 188 2
154 49 3
35 164 4
13 19 3
45 13 2
14 168 4
48 193 3
126 97 3
37 194 1
132 17 3
102 124 3
87 102 3
17 187 2
119 118 3
152 4 3
43 182 4
68 139 3
67 20 2
127 156 2
55 173 3
5 179 2
151 133 1
29 66 4
89 95 1
7 144 4
139 34 3
140 131 3
166 51 4
100 44 2
100 98 3
8 188 1
123 56 4
36 140 4
53 15 1
9 146 4
189 99 3
89 172 3
158 162 2
160 8 1
162 4 3
158 45 4
109 190 4
12 75 1
168 71 4
117 68 1
166 151 4
179 69 3
102 1 4
187 195 3
66 121 3
198 73 1
191 182 3
196 58 2
15 103 1
198 63 2
113 81 3
166 97 1
45 108 2
46 142 1
9 34 2
20 66 4
83 85 2
49 69 4
2 87 1
54 182 2
175 152 1
103 68 1
176 144 3
2 116 2
117 121 2
95 12 1
76 53 4
107 152 1
24 10 1
54 39 2
90 7 1
71 174 1
174 57 3
117 33 1
74 175 2
76 75 1
114 9 3
124 61 1
41 123 3
179 136 3
133 152 3
62 0 1
192 39 3
60 22 1
116 184 3
125 128 2
114 46 3
15 196 3
107 73 4
0 94 1
105 38 4
10 160 2
187 181 2
8 116 4
89 148 3
124 80 1
173 51 1
80 135 2
62 88 2
38 147 4
7 13 1
11 34 3
79 66 4
122 60 4
152 97 2
48 59 4
33 112 2
116 172 3
73 103 4
88 125 4
9 186 4
193 150 3
166 170 3
42 182 4
110 116 3
67 25 3
192 107 2
160 27 1
99 94 3
157 2 1
193 146 4
126 10 3
54 177 3
84 38 3
114 32 2
93 184 1
90 144 1
168 108 1
88 56 4
179 148 2
62 103 3
120 46 3
44 29 1
185 142 2
71 193 1
25 3 3
122 38 4
20 9 4
63 169 1
175 25 2
125 89 4
26 42 3
173 112 3
77 17 2
76 174 2
70 39 4
56 162 1
129 157 4
49 55 4
111 101 2
11 14 2
169 48 2
148 20 1
69 123 2
54 174 3
126 20 3
55 20 1
79 146 3
190 63 1
81 27 1
176 51 3
87 45 1
114 117 4
11 91 2
21 138 1
122 26 3
171 93 4
120 30 4
135 21 4
118 194 3
180 10 2
1 158 2
9 135 1
123 145 2
178 103 3
47 179 4
193 129 4
148 109 4
62 129 3
108 51 4
38 18 4
23 175 3
77 12 3
179 155 3
47 163 2
94 107 3
199 68 3
131 185 2
163 29 4
80 141 2
17 172 1
115 147 3
106 148 1
10 133 4
47 162 3
145 104 3
33 116 4
129 180 3
163 85 1
129 37 1
170 80 1
0 64 3
125 16 3
117 137 1
111 185 1
140 130 1
18 43 1
15 59 1
133 175 1
175 120 4
84 95 3
86 65 2
163 110 1
135 173 3
68 153 1
18 70 2
59 20 4
49 109 3
177 122 1
96 114 2
32 28 1
27 46 2
22 85 3
63 39 2
89 66 2
104 21 1
112 31 3
65 137 3
42 175 3
118 1 4
38 108 1
1 99 3
68 50 1
40 25 1
198 157 3
117 195 3
68 179 2
86 101 3
133 163 4
0 67 3
196 157 1
24 102 3
85 98 4
194 131 2
168 174 3
187 24 1
186 17 3
82 91 4
102 7 1
4 103 2
5 3 2
88 160 4
141 98 2
94 67 4
92 36 4
17 83 1
52 74 4
56 159 2
194 168 2
9 112 3
108 61 4
171 61 3
155 189 3
155 80 3
106 123 4
109 110 3
162 24 1
33 9 4
7 194 1
22 135 4
99 31 3
84 149 3
82 47 1
165 63 1
70 120 1
199 7 4
171 88 2
52 110 3
13 39 1
22 44 2
137 162 2
45 119 2
25 120 1
33 41 2
83 33 1
172 119 2
16 117 3
179 48 2
79 159 3
129 98 2
45 178 2
94 139 3
129 175 3
85 159 4
182 146 4
82 180 4
164 177 2
124 20 1
25 147 4
74 60 2
98 10 4
70 110 2
5 27 4
26 144 2
97 85 3
147 83 2
175 170 4
181 70 2
63 67 4
49 48 4
56 66 3
162 166 3
143 30 4
100 145 3
144 103 2
155 25 4
90 155 3
164 0 2
127 6 3
53 49 2
23 31 4
30 191 3
79 111 4
163 20 4
31 155 2
68 144 3
8 57 3
174 120 1
111 5 2
78 121 2
99 176 4
191 125 2
28 102 4
38 51 4
56 188 2
25 22 3
69 170 4
45 17 3
77 79 2
75 158 3
190 77 1
174 173 2
167 148 4
145 157 2
3 109 1
121 87 1
124 86 2
115 125 1
175 173 3
16 51 4
8 124 4
122 104 2
78 10 1
77 129 4
12 19 3
42 29 2
164 56 3
176 31 1
46 138 2
89 96 1
67 187 1
28 103 2
179 123 2
149 42 2
119 60 4
12 137 4
149 63 2
125 10 1
72 85 3
49 180 4
178 127 3
194 31 2
179 114 3
154 183 3
103 21 1
199 69 1
75 50 4
54 159 4
136 8 4
51 13 3
138 193 2
81 24 1
73 137 3
166 43 3
157 168 2
30 124 4
122 40 1
149 139 2
187 42 3
195 62 2
93 45 4
74 25 2
145 195 1
93 119 1
160 187 2
127 62 3
126 15 3
139 141 2
82 173 4
162 138 4
21 28 2
149 85 1
25 89 3
2 23 2
124 166 3
159 175 3
186 39 3
107 6 4
27 125 3
18 170 3
152 114 2
190 42 1
3 55 2
189 136 2
121 81 3
137 79 4
192 79 2
183 30 1
115 26 1
37 166 3
144 179 1
30 154 3
44 132 2
12 133 2
27 158 1
60 180 2
163 187 1
189 187 1
186 114 4
171 91 4
25 194 4
187 167 4
131 1 1
187 78 4
150 5 3
157 142 3
90 1 4
126 41 1
40 57 4
28 169 2
99 97 3
56 58 4
12 189 1
105 160 3
193 14 3
166 69 3
136 121 1
108 89 1
86 155 4
102 103 1
33 154 1
199 174 1
192 18 4
169 149 3
133 141 3
29 106 2
197 9 4
8 43 2
118 199 4
4 172 3
127 148 1
14 47 1
175 51 4
175 38 4
31 110 2
152 76 1
51 76 2
36 2 1
65 91 4
131 97 1
41 11 4
164 88 2
99 126 3
174 97 2
59 35 4
198 91 1
68 13 3
64 174 3
99 197 3
168 85 1
188 169 1
144 81 3
165 152 2
132 157 4
123 88 3
61 67 4
144 114 3
126 21 4
17 124 3
142 34 2
52 66 3
14 184 4
20 81 4
165 167 1
94 144 1
74 4 3
39 79 2
141 186 1
30 166 1
119 1 2
74 29 2
34 41 2
1 145 1
101 110 4
4 149 2
18 52 1
20 132 1
151 15 3
5 126 1
179 130 4
164 108 2
28 11 4
62 19 4
106 157 2
177 47 3
79 142 4
198 193 1
181 123 1
134 182 1
37 136 2
29 101 1
31 152 3
66 4 3
183 72 1
176 142 2
78 48 3
157 19 4
145 192 2
125 134 1
115 80 3
147 101 1
112 121 3
84 196 4
174 156 2
143 194 4
108 149 2
128 3 1
110 92 2
89 44 2
94 20 4
126 187 1
146 5 4
122 152 1
95 34 1
99 62 1
43 46 4
187 176 2
19 198 1
179 66 1
100 156 3
93 48 2
82 154 4
29 153 1
174 29 1
102 69 3
138 177 2
80 39 4
82 85 3
34 138 1
90 72 3
3 136 1
72 64 1
181 95 3
199 198 3
159 122 4
5 40 4
103 191 3
170 82 4
139 99 1
135 142 3
111 180 3
187 22 3
89 164 4
80 172 3
194 68 1
133 181 3
167 190 2
180 104 4
142 48 2
140 143 3
116 54 1
20 27 3
191 50 4
95 96 1
92 126 2
89 126 3
158 29 1
187 114 3
53 178 1
171 78 4
193 12 4
96 136 3
182 129 4
123 44 1
70 82 2
74 149 2
42 114 1
188 189 1
83 123 3
96 194 2
6 47 3
99 38 2
193 36 2
166 32 1
30 96 1
146 96 2
172 184 1
137 68 3
93 169 2
14 100 1
83 190 3
113 35 3
135 181 1
119 116 3
173 53 4
136 114 3
72 75 3
94 35 4
197 59 1
170 94 3
154 126 1
11 16 3
166 123 3
55 60 4
6 129 1
67 44 2
113 149 2
175 111 3
67 137 4
80 43 1
129 151 2
178 11 2
30 102 4
81 104 4
86 170 4
2 145 1
181 193 1
89 139 2
143 107 2
44 21 2
124 48 1
71 33 3
162 103 1
84 87 3
23 47 3
113 116 1
127 171 1
122 90 4
49 97 4
40 154 1
83 26 1
163 124 4
24 186 3
143 27 2
74 79 4
188 77 3
40 183 1
183 61 1
3 147 2
79 61 1
94 3 4
111 195 4
126 64 3
24 14 4
49 185 2
123 167 1
132 96 3
194 136 2
42 12 4
171 176 2
179 109 2
190 182 4
66 35 1
67 15 2
39 187 4
26 69 2
166 140 4
67 129 4
168 145 2
70 75 2
67 195 3
97 124 2
119 33 1
8 127 3
188 167 3
119 146 1
114 158 3
104 147 4
175 132 1
195 154 3
19 0 2
37 2 3
82 16 4
156 54 3
126 138 3
188 118 1
64 149 4
116 93 4
118 149 1
79 98 3
184 156 4
45 97 2
92 167 3
148 86 1
94 110 2
157 13 1
197 47 2
30 198 2
11 74 2
186 96 4
56 73 1
126 195 1
27 92 4
181 138 1
174 151 1
50 15 1
145 127 3
183 2 1
14 183 1
58 91 1
98 84 2
35 140 1
160 5 2
81 105 2
97 163 2
83 68 2
49 144 1
164 132 2
31 193 1
47 160 3
148 88 3
173 188 4
164 182 4
56 45 1
80 177 3
12 194 4
32 9 2
83 105 2
95 167 1
171 141 2
128 164 2
82 75 4
110 45 2
26 50 2
25 163 3
55 162 4
168 103 2
35 93 1
169 159 2
198 103 1
90 33 2
132 68 4
13 177 3
62 126 3
125 169 1
3 0 1
116 95 1
108 142 1
66 34 1
150 143 1
155 177 3
124 60 4
82 30 2
24 117 1
98 5 4
49 187 3
153 188 2
107 110 4
26 55 3
147 111 4
120 74 1
84 114 2
12 23 1
176 46 4
110 10 3
143 152 2
117 84 2
23 45 3
83 191 1
23 152 1
118 114 4
86 68 1
92 138 2
166 54 4
22 20 4
134 101 1
59 7 4
122 84 2
126 32 2
140 192 3
166 159 2
144 169 1
134 16 3
135 121 1
24 113 4
198 27 1
27 59 4
55 88 4
184 11 2
179 141 1
4 53 2
97 68 1
64 167 2
86 20 3
87 139 3
141 197 2
8 79 3
123 87 2
102 29 2
24 157 2
150 136 2
194 94 3
177 22 1
83 107 3
104 114 2
178 132 4
184 81 3
183 123 3
155 138 1
8 154 3
198 62 1
84 88 1
55 197 4
22 190 3
82 187 1
184 162 4
158 64 1
16 29 2
135 43 1
85 115 3
192 174 3
175 153 2
22 199 3
197 100 4
153 185 3
167 86 4
15 93 4
127 89 2
150 132 4
168 34 4
58 79 1
142 74 2
93 100 4
82 188 4
112 4 4
167 110 1
9 57 1
21 83 1
107 13 1
59 49 2
189 160 2
71 149 4
88 73 4
73 190 3
175 41 2
173 115 2
129 130 1
21 145 3
146 92 1
14 85 3
102 151 1
197 138 3
100 129 1
110 84 2
118 128 1
99 154 2
95 88 2
61 117 2
27 175 2
175 2 3
172 33 2
165 118 2
137 152 2
30 88 3
40 167 4
76 72 3
108 66 4
146 37 4
164 97 4
141 114 3
199 17 4
138 129 1
66 32 1
22 179 2
25 35 1
171 75 1
175 106 1
10 85 1
182 98 1
96 51 3
24 59 1
20 65 3
73 124 4
58 43 3
120 76 2
35 99 2
141 88 3
111 174 2
10 73 3
93 137 3
75 101 3
168 118 1
3 74 2
77 148 2
132 46 2
57 82 2
16 28 2
170 13 2
82 156 4
108 148 3
15 19 1
120 163 4
144 167 4
137 18 4
160 62 2
122 75 2
34 134 4
20 42 3
87 165 3
22 121 2
163 26 1
144 5 1
143 110 2
187 137 4
166 83 2
179 12 4
107 11 4
131 132 1
174 144 3
65 115 2
155 182 4
113 161 2
198 128 4
0 163 2
186 131 4
39 105 4
7 195 4
86 93 2
141 27 1
115 52 4
106 55 4
189 145 2
2 30 4
124 107 4
131 82 2
46 83 2
69 154 2
103 3 4
5 20 4
91 165 3
41 13 2
174 61 4
44 113 1
183 157 1
5 123 1
121 113 3
198 55 3
75 53 1
40 182 3
176 115 4
116 49 2
199 109 2
14 77 4
194 139 1
115 54 4
40 36 3
173 3 4
176 24 3
128 84 2
132 34 1
40 138 1
37 26 4
184 80 1
148 149 3
8 118 1
138 159 4
115 67 1
176 122 4
40 100 2
62 137 3
35 121 2
44 98 3
36 100 2
104 17 1
4 32 1
44 70 3
40 34 1
151 40 4
44 148 4
20 164 1
94 88 4
152 11 3
124 129 2
116 132 1
25 125 3
178 112 2
158 103 1
90 98 2
146 90 1
117 65 2
196 156 4
162 139 2
163 94 2
167 54 2
43 73 2
13 196 2
79 155 1
125 24 3
1 2 2
90 71 2
27 40 4
192 3 1
2 48 1
178 32 1
14 120 4
50 79 3
149 82 2
60 58 4
90 139 2
129 90 1
195 33 4
18 100 4
168 81 1
8 10 4
13 92 2
89 101 2
120 18 2
144 39 1
132 81 2
80 3 2
93 60 3
74 58 4
56 71 1
158 198 3
154 109 2
45 53 1
155 181 1
161 24 3
23 77 1
24 85 4
163 150 4
81 9 1
134 28 1
57 134 2
168 11 3
90 58 3
76 18 4
53 10 3
192 121 4
29 187 2
118 12 3
38 192 3
87 199 3
22 148 3
123 16 2
103 104 1
102 152 1
88 17 4
169 104 3
37 41 1
91 125 1
43 34 3
197 4 3
23 165 3
183 25 2
168 137 1
22 166 1
81 158 2
88 124 2
127 167 4
125 133 4
137 95 3
185 171 3
9 160 2
102 108 4
69 181 3
51 103 1
195 11 4
3 156 3
83 127 3
127 195 1
68 90 1
150 24 3
188 110 4
116 143 1
31 68 2
63 29 2
191 19 4
44 93 3
5 161 4
78 117 4
51 190 2
87 14 3
197 91 4
175 46 3
11 52 4
34 58 4
64 109 3
74 134 1
92 161 1
4 196 1
114 14 3
128 25 1
28 55 4
13 114 4
90 108 2
151 182 2
65 4 2
159 105 4
124 37 3
163 177 4
69 165 3
69 44 2
106 139 2
169 102 2
144 22 2
16 182 4
35 29 1
46 130 4
97 175 1
150 111 4
94 92 3
171 98 3
175 35 4
65 45 3
76 105 3
181 23 4
55 90 4
39 36 3
81 8 3
76 147 1
155 75 3
186 10 4
101 144 2
122 27 3
64 29 3
48 104 2
122 167 3
21 3 1
35 47 3
149 96 3
71 192 2
198 189 1
174 138 4
152 59 4
117 142 1
134 131 3
154 15 2
90 163 2
104 123 3
1 62 3
32 96 3
145 173 4
8 133 2
150 67 3
82 45 3
51 90 1
126 173 3
180 165 3
167 100 3
170 114 3
111 9 1
164 63 2
181 57 2
19 151 1
73 168 3
176 83 3
95 85 3
135 191 4
158 68 4
135 112 3
54 171 2
12 174 2
146 129 1
178 109 2
16 186 1
117 64 2
166 178 1
153 18 2
89 5 4
34 140 3
68 51 2
104 29 4
182 114 3
38 47 1
36 141 3
110 18 4
163 117 2
2 29 3
192 110 1
118 96 3
180 59 4
85 8 2
63 139 2
68 104 1
5 94 1
107 51 1
40 20 2
83 91 4
91 79 2
194 13 1
34 10 2
190 99 2
95 117 3
58 112 2
134 133 2
163 197 2
82 159 3
190 50 2
19 126 4
144 23 2
49 113 3
112 140 2
163 191 3
21 151 1
195 39 1
171 68 3
111 165 2
116 61 1
149 120 4
0 160 4
197 175 2
179 199 1
96 57 2
76 163 1
22 133 3
162 94 1
81 103 2
162 58 1
135 190 2
41 29 3
58 10 1
118 69 4
9 50 3
6 55 1
149 54 4
37 137 4
33 134 4
121 67 3
66 189 1
35 3 2
106 18 3
131 22 1
172 43 3
92 191 4
13 12 4
20 198 4
102 125 3
81 126 3
17 66 3
126 164 1
72 55 2
187 83 1
6 1 1
107 108 2
163 99 1
194 14 4
54 75 1
121 52 3
94 168 3
80 89 1
0 27 4
11 80 1
123 131 3
188 19 2
4 22 1
195 155 4
135 172 2
104 16 4
179 15 4
139 78 4
10 111 1
197 31 1
99 134 2
48 33 1
8 138 4
165 163 3
106 27 4
107 171 2
183 186 1
178 188 1
195 0 2
122 88 1
145 9 1
196 115 3
117 157 4
0 16 3
154 35 2
70 101 3
153 125 3
73 22 4
157 150 2
144 75 4
189 51 3
47 143 4
149 13 2
59 44 1
123 156 2
177 61 4
20 114 3
39 118 3
75 114 4
176 81 2
193 187 2
115 119 4
85 124 3
58 131 4
161 144 1
174 75 1
126 54 2
159 196 3
171 74 4
26 140 4
160 71 3
137 35 3
184 179 4
114 12 2
77 109 4
143 190 4
191 150 2
190 175 1
91 121 3
111 87 2
80 128 4
55 188 1
67 74 3
35 2 1
186 1 3
166 113 3
94 10 3
184 58 1
53 39 4
7 182 1
26 153 2
54 90 2
63 193 1
191 69 1
57 23 4
6 58 1
31 89 3
94 56 4
32 130 3
137 170 3
26 17 2
152 54 4
20 168 1
90 29 1
150 109 4
3 10 4
157 152 4
35 38 3
85 86 1
8 183 2
140 29 1
192 115 2
11 71 3
60 198 3
40 21 1
48 63 1
57 95 2
14 104 4
150 30 4
172 65 2
131 18 4
12 96 2
194 79 1
79 147 1
114 119 2
144 30 1
97 88 1
178 40 2
128 161 4
44 74 2
196 30 2
173 37 1
190 17 2
106 116 3
159 135 1
88 0 3
22 29 2
107 120 1
166 179 1
10 36 2
184 133 4
76 60 1
151 157 1
164 26 3
46 10 3
60 36 3
97 115 2
160 80 4
143 165 4
121 88 2
32 164 3
175 71 3
156 170 1
71 44 1
83 103 3
33 135 3
101 142 1
167 41 3
8 98 3
20 134 4
179 26 2
86 131 1
20 166 2
10 26 2
177 12 4
107 78 2
17 51 3
147 45 1
32 102 3
12 112 2
143 13 2
195 75 3
71 21 2
13 60 1
4 17 4
195 108 1
144 150 2
84 147 2
73 145 1
51 32 1
31 186 1
41 113 3
77 142 4
22 39 4
69 88 3
42 172 2
104 63 4
131 127 1
185 70 4
76 160 2
57 46 3
112 131 4
180 134 1
105 143 3
110 133 1
188 152 4
143 177 2
83 64 4
84 108 4
179 82 2
134 39 2
110 159 4
51 42 3
90 87 4
164 51 1
150 39 1
140 151 2
183 52 4
115 71 3
176 148 1
148 14 4
31 26 2
65 16 1
35 123 2
105 120 1
53 91 3
193 104 4
159 77 3
199 74 4
79 26 1
198 139 1
101 176 4
36 61 4
23 17 1
16 116 3
90 150 4
103 182 4
6 143 2
58 44 1
111 43 4
33 185 2
42 71 4
76 195 2
70 137 2
10 134 4
62 161 4
20 87 3
71 184 1
54 2 3
199 180 4
67 24 2
64 71 4
176 145 4
156 157 2
153 199 3
95 140 4
123 197 3
159 76 4
87 115 2
192 64 1
24 52 4
74 53 2
113 174 1
123 163 3
139 112 3
174 114 3
4 148 1
198 38 3
5 75 1
193 165 1
36 111 4
9 12 1
118 112 2
95 20 2
1 55 4
130 132 4
123 191 3
161 195 2
19 150 4
9 174 4
60 32 3
18 12 1
162 92 4
16 102 1
82 171 1
148 193 2
44 136 3
86 174 2
178 46 2
37 123 1
105 49 2
158 180 1
88 72 3
96 92 2
69 157 3
103 129 3
135 133 1
119 71 4
195 116 1
103 30 3
120 75 4
166 194 2
44 46 3
149 193 2
57 149 2
141 28 1
80 68 3
111 151 1
97 47 3
156 105 1
66 62 3
152 132 2
60 114 1
167 179 4
107 146 1
146 105 3
197 23 2
149 17 2
6 124 3
96 183 3
146 192 2
141 158 2
16 136 2
180 143 2
116 86 1
148 136 2
74 140 1
73 20 4
18 82 1
132 66 2
75 58 4
3 71 1
129 158 2
193 147 3
189 13 3
62 185 3
133 147 1
62 80 2
191 61 2
113 13 3
30 43 3
195 56 4
136 6 3
68 30 2
161 49 2
20 162 2
142 47 3
141 57 2
55 183 3
91 102 2
103 40 1
15 117 1
121 137 4
64 4 3
2 148 3
124 195 3
110 119 3
42 185 4
138 54 1
12 101 3
79 71 3
92 185 4
185 52 4
195 120 1
41 152 2
123 153 4
105 196 1
144 91 1
47 10 4
105 99 1
166 5 2
170 153 2
174 126 4
112 189 2
16 88 3
101 132 4
192 53 2
149 79 4
185 197 4
60 192 1
177 189 1
66 195 3
38 72 4
132 16 3
55 138 3
148 56 2
196 116 3
181 20 4
157 110 2
1 80 4
181 48 2
134 61 3
154 129 3
60 184 3
169 6 4
78 32 3
5 198 2
56 176 4
125 124 4
194 119 4
101 191 3
61 113 1
175 44 4
105 119 4
19 128 3
186 0 4
13 29 2
138 10 4
179 151 2
162 17 4
114 88 2
38 185 1
87 19 3
58 134 4
109 82 3
38 124 4
69 78 4
109 84 4
37 148 3
180 103 2
172 94 4
27 128 2
181 146 2
173 40 1
54 106 3
8 135 1
143 26 3
1 150 1
195 26 3
47 81 2
72 191 1
28 96 3
133 116 3
2 127 1
68 109 1
159 111 2
195 18 3
174 3 1
54 21 2
9 191 1
69 38 3
129 49 2
103 192 2
107 197 3
109 170 1
161 105 1
116 30 4
9 28 3
73 58 4
141 11 2
80 161 2
142 61 3
159 48 1
48 143 1
182 87 1
37 4 1
132 78 2
10 176 1
17 102 1
56 154 3
27 66 1
40 199 1
34 105 2
150 148 1
180 138 2
142 118 3
106 181 3
199 196 1
109 73 4
92 29 2
176 114 1
42 44 1
127 105 3
159 160 4
145 58 4
93 12 3
2 92 1
92 86 2
29 181 1
4 193 2
179 19 1
50 137 1
154 24 4
88 83 2
124 184 2
198 173 3
112 117 2
28 162 3
14 115 1
65 185 3
169 105 3
122 194 2
11 87 3
59 104 3
35 128 4
181 137 1
130 90 4
141 91 2
19 61 4
152 184 1
82 41 1
94 38 4
110 75 4
115 144 3
179 43 1
51 172 2
140 84 1
24 195 1
56 156 3
145 66 3
145 89 1
120 153 2
38 28 3
48 71 4
167 131 3
84 170 3
186 43 2
8 177 2
169 58 4
47 20 1
14 166 4
18 61 3
4 151 2
132 168 3
86 115 2
162 191 3
140 11 2
176 38 4
76 39 3
100 176 4
45 112 4
66 162 2
7 119 4
142 168 2
53 116 3
72 114 2
146 164 4
163 176 3
50 148 1
78 93 2
101 53 2
1 194 4
156 140 4
153 136 1
22 79 2
165 21 4
189 122 2
192 52 1
103 88 4
89 46 3
166 42 1
5 194 4
183 107 1
108 120 3
179 111 4
83 135 4
151 159 3
163 22 3
122 174 4
26 194 2
140 127 3
167 12 1
57 63 3
68 71 1
109 107 3
181 46 2
47 25 2
98 59 4
78 92 1
110 97 1
55 100 3
164 152 4
173 13 2
57 190 4
151 23 1
82 31 4
128 10 3
139 30 3
11 138 2
90 121 3
6 10 3
136 4 1
104 54 4
58 40 4
139 71 3
178 27 4
152 90 3
132 180 4
116 29 1
70 199 2
72 15 3
51 194 2
189 14 2
18 96 2
79 11 1
88 146 4
185 10 1
51 145 4
157 61 3
135 70 2
149 78 1
8 67 3
18 188 2
130 190 2
124 91 4
154 114 2
69 158 2
62 18 2
118 3 4
162 114 4
84 145 2
119 84 2
69 22 1
98 119 1
20 184 3
0 63 4
142 154 2
80 111 3
126 166 3
132 134 4
38 39 2
64 7 4
57 194 3
162 171 1
161 84 2
24 159 4
86 99 1
57 184 1
56 7 2
7 190 3
148 75 1
148 169 3
34 19 2
54 142 2
138 51 1
58 151 4
120 89 1
195 185 2
96 195 4
178 92 2
53 193 2
23 76 4
110 20 3
19 89 4
84 33 3
73 55 3
66 73 3
186 175 1
81 46 4
94 87 3
71 97 4
99 52 4
140 113 3
9 162 4
31 134 4
136 52 3
101 59 1
144 87 4
37 108 1
110 34 3
38 52 2
107 176 4
10 112 3
189 175 4
31 88 4
59 66 3
12 79 3
118 127 1
14 165 1
100 128 2
43 119 1
74 96 2
9 29 2
167 18 2
116 162 1
34 151 2
14 89 4
180 144 4
130 97 3
54 187 2
106 109 2
144 158 3
191 141 2
25 197 4
188 30 3
107 89 2
27 67 3
39 26 1
142 25 4
79 116 1
49 174 1
71 120 2
26 134 2
183 195 1
74 21 3
81 42 2
154 7 3
71 5 4
147 162 2
79 19 4
156 93 4
34 60 2
198 170 4
113 30 4
180 98 3
43 184 2
46 13 1
111 103 3
72 54 1
58 195 4
38 48 1
142 22 1
144 166 2
22 63 3
13 131 2
191 159 3
26 99 3
192 105 1
126 119 4
153 61 3
193 33 1
29 161 3
75 46 4
89 73 4
111 69 3
133 104 3
138 186 2
146 33 3
168 148 3
193 184 4
30 189 4
136 196 4
134 174 1
128 8 3
68 36 2
99 186 4
87 163 1
35 55 4
155 22 1
143 25 3
120 162 4
28 190 2
198 171 3
169 57 3
55 160 1
72 51 2
97 33 3
103 7 2
195 101 2
44 37 4
15 129 1
42 110 1
158 125 1
31 199 1
180 26 2
37 155 2
0 121 3
16 190 1
63 8 1
169 20 1
137 110 3
62 117 3
146 71 2
22 16 2
84 127 3
150 182 4
39 131 1
142 64 1
87 128 3
116 11 2
24 172 2
103 60 2
148 184 2
46 106 1
149 133 3
77 198 3
136 178 4
186 152 2
22 116 1
101 138 4
2 137 4
85 51 2
158 12 3
57 139 3
138 76 3
82 127 1
51 122 4
111 154 2
99 150 4
182 26 3
25 21 1
19 131 2
10 95 3
165 56 2
153 179 4
189 108 4
161 124 1
124 120 3
44 82 3
167 19 1
53 147 4
197 147 4
184 159 3
89 10 1
108 112 4
136 17 3
147 29 1
157 0 2
178 95 3
163 189 2
105 64 3
107 130 1
122 96 4
34 141 3
154 57 3
178 111 1
166 118 1
11 89 2
8 139 1
116 52 3
189 176 4
27 3 2
139 48 4
145 41 2
193 121 4
75 182 4
90 105 1
5 173 2
69 13 1
159 92 2
25 7 1
114 0 4
186 21 1
86 87 3
80 74 4
183 112 2
139 1 1
41 49 2
78 194 3
67 80 4
105 166 3
39 19 2
14 26 4
169 89 4
30 53 3
44 171 2
62 194 3
98 163 2
155 81 1
156 165 4
7 184 2
199 86 3
107 174 4
175 80 4
130 124 2
114 102 1
33 198 3
153 184 2
149 61 2
16 146 2
179 32 4
170 157 4
195 165 3
80 140 3
25 104 1
167 28 4
92 93 1
133 81 1
98 76 4
135 162 1
27 44 1
116 134 2
189 85 3
98 18 1
23 162 3
71 133 2
52 140 2
92 5 1
73 185 3
162 136 4
106 21 3
188 130 1
106 111 4
36 182 2
109 33 3
79 92 2
75 65 1
166 68 1
160 129 4
183 13 3
18 77 1
105 178 1
131 83 2
27 36 2
178 17 1
106 68 4
67 38 2
10 150 2
7 60 2
172 57 2
151 73 3
115 156 2
92 101 4
194 130 4
72 106 4
182 175 3
48 58 2
179 61 3
141 95 2
131 105 2
175 154 4
158 184 3
102 12 1
79 105 2
192 94 2
50 60 3
25 174 1
16 3 3
5 15 1
128 152 2
143 57 4
10 16 2
86 3 2
66 151 2
20 4 2
137 64 4
31 20 2
167 14 3
46 115 4
138 165 1
123 150 3
158 35 4
162 105 2
194 41 1
100 172 4
176 159 1
25 130 1
61 76 4
14 175 4
192 68 1
191 190 4
4 180 4
148 87 4
105 96 3
0 32 2
82 9 3
131 161 1
164 183 2
56 69 3
94 166 1
40 81 4
38 21 1
84 134 2
42 28 3
173 72 3
125 174 1
150 117 2
15 52 2
105 115 2
117 86 2
89 116 1
88 145 1
131 68 1
162 6 1
107 104 4
44 56 1
164 114 4
29 129 4
47 151 4
31 120 4
110 24 2
59 181 1
145 37 3
159 145 1
169 62 3
16 91 2
55 21 3
60 37 4
151 126 4
80 120 2
35 144 2
16 150 1
141 136 3
61 170 3
109 59 2
60 120 3
182 104 3
68 29 1
57 18 1
74 181 3
114 17 4
42 165 3
170 103 4
14 101 3
42 34 2
80 77 4
174 112 4
91 96 4
76 89 2
138 136 3
35 171 1
119 101 3
160 124 2
184 39 2
193 180 3
79 153 1
132 19 4
183 47 2
72 113 1
34 78 2
162 15 3
84 154 4
14 127 3
76 94 4
183 6 4
158 124 1
65 102 1
174 105 4
134 149 1
127 143 3
195 49 3
67 143 2
87 134 1
70 171 3
117 180 4
174 175 4
117 82 2
63 182 2
49 132 3
50 88 3
106 69 1
102 35 2
15 35 2
103 186 4
55 40 4
139 111 2
192 112 4
128 79 4
64 152 3
175 20 1
160 31 1
164 11 2
4 80 3
133 178 3
12 154 1
56 152 2
50 44 3
169 186 3
138 18 4
121 114 3
129 21 4
14 21 1
128 89 3
141 122 3
39 107 3
7 4 3
99 192 1
57 32 4
81 135 1
77 126 3
166 9 3
129 20 2
101 183 2
127 162 3
172 10 4
57 61 3
17 70 1
71 186 2
94 195 1
183 177 4
120 188 1
178 146 1
36 55 4
169 18 3
176 180 2
21 46 1
85 50 1
102 100 3
87 172 1
54 46 4
34 108 2
45 58 2
13 4 4
150 174 1
14 31 4
128 154 3
164 81 2
146 166 1
147 166 3
160 161 2
128 102 4
46 18 4
99 181 4
115 182 3
105 136 2
148 185 1
1 154 2
84 81 1
25 93 4
197 182 3
11 69 4
121 115 2
179 146 1
57 29 1
170 161 2
130 192 3
103 93 3
87 62 1
85 37 2
28 163 3
49 148 3
157 3 1
92 38 3
89 33 1
147 54 1
48 150 1
109 20 1
90 35 4
169 81 2
89 187 4
1 149 2
2 106 4
150 110 2
127 49 1
151 110 4
165 4 1
38 87 1
10 102 1
193 75 1
170 151 2
121 62 3
43 42 3
142 153 1
159 27 4
30 57 2
94 89 3
117 23 1
86 191 3
141 196 3
38 111 4
126 3 4
130 93 3
120 176 2
17 188 1
128 60 2
17 125 1
25 186 4
189 144 2
88 49 4
37 34 4
66 7 4
168 166 4
121 5 2
108 170 2
2 185 3
179 34 3
185 6 2
88 119 3
124 198 3
35 67 1
85 25 1
140 149 2
16 101 3
196 174 1
67 13 2
24 44 4
29 107 2
110 120 2
47 167 2
5 139 4
153 11 3
160 45 1
137 61 2
108 163 1
130 164 3
138 105 2
104 183 2
44 189 1
157 79 3
120 47 4
176 47 4
32 34 3
54 74 4
71 129 1
113 108 3
180 162 1
88 136 2
31 180 2
43 148 1
29 70 3
198 13 4
94 29 1
34 144 1
6 72 2
6 82 4
179 18 2
42 132 3
97 79 3
53 145 4
9 195 2
173 132 1
184 67 4
181 128 4
49 45 2
73 59 1
152 174 1
35 148 4
152 142 4
175 142 1
190 56 4
181 173 1
31 92 3
33 91 2
21 18 3
91 9 2
96 29 2
91 103 2
126 149 1
38 1 1
190 24 2
152 183 4
60 197 1
96 40 3
134 151 3
132 108 1
185 32 3
159 106 3
165 126 4
105 93 3
90 169 2
171 150 1
30 128 2
47 43 4
0 45 3
27 153 1
94 117 4
32 121 1
188 81 4
25 12 2
134 177 4
111 133 1
126 122 3
135 111 1
34 136 1
125 93 2
59 142 1
156 19 4
31 124 2
116 19 4
38 178 3
38 76 2
167 72 3
36 161 4
198 95 1
36 157 2
116 5 3
21 99 1
88 131 4
140 173 2
89 155 2
31 10 3
65 136 1
152 150 3
42 74 1
126 68 1
99 8 2
76 178 3
146 86 2
88 128 3
86 46 1
100 73 2
86 129 1
32 127 4
114 127 4
107 72 2
199 80 2
59 178 1
83 29 2
69 140 1
114 184 2
94 24 2
134 4 3
17 176 3
28 73 1
156 51 4
48 107 4
89 21 1
77 175 3
13 42 2
190 154 2
117 31 4
32 136 2
94 44 4
88 81 1
77 15 4
170 9 2
98 167 3
12 50 4
83 51 2
189 73 4
120 113 2
19 88 4
139 154 2
117 190 2
163 149 1
190 140 4
27 43 3
24 167 3
53 29 4
173 168 3
194 86 3
65 60 4
98 94 4
105 149 3
172 108 4
89 143 3
1 86 1
4 159 4
55 196 1
171 56 1
86 97 4
20 61 4
111 153 3
164 78 2
23 84 2
68 181 4
119 165 1
61 139 4
7 185 2
109 158 4
172 32 3
12 191 4
64 135 3
125 129 4
115 199 2
23 146 4
181 166 1
3 104 4
15 45 2
113 172 1
48 95 4
126 17 1
18 75 4
119 10 2
113 94 4
155 48 2
15 26 4
114 112 1
185 175 1
88 10 1
50 180 2
17 62 2
3 121 4
130 121 2
139 107 4
111 152 3
38 141 3
81 21 4
102 15 1
182 139 3
39 113 3
13 145 3
161 56 2
182 38 1
112 3 3
43 114 3
164 66 2
174 194 1
81 142 3
163 59 4
112 50 3
0 79 4
176 21 2
101 129 2
186 81 1
24 17 2
3 188 4
190 82 3
169 46 1
199 18 4
177 105 4
143 157 1
72 79 4
47 13 4
92 50 3
78 63 4
84 75 2
185 140 3
98 179 2
132 140 1
161 167 4
78 77 1
41 27 4
134 90 1
150 35 3
118 23 2
69 108 2
197 181 3
32 87 4
142 150 1
100 115 4
20 182 4
175 176 1
191 62 3
21 78 4
72 17 1
166 57 4
98 123 4
176 72 1
197 1 2
53 18 2
158 84 3
130 31 1
194 46 1
80 91 1
4 36 2
141 117 4
102 8 1
180 171 1
145 98 3
100 105 4
181 93 1
82 92 2
6 186 4
187 6 1
188 139 3
83 27 3
48 195 1
77 166 3
8 65 1
194 110 2
158 70 3
148 29 4
4 68 4
170 48 1
131 164 2
3 182 3
87 33 1
4 75 3
119 29 2
40 119 3
156 149 1
186 82 1
159 13 1
125 33 4
125 186 4
80 146 2
152 158 4
30 75 2
148 141 3
46 2 1
1 68 1
120 93 4
42 2 3
165 84 4
123 8 4
146 195 3
84 70 1
155 70 3
110 15 4
175 183 4
42 112 3
129 191 2
42 116 3
121 120 1
185 199 4
161 117 2
158 37 3
20 57 2
33 110 3
147 121 1
181 121 1
156 188 3
92 22 1
119 0 1
175 195 1
156 45 2
189 65 4
156 173 2
179 97 3
90 95 1
58 132 3
177 83 4
119 182 1
130 135 3
91 149 1
121 24 3
109 1 4
186 153 1
65 35 3
13 82 3
138 75 2
1 7 3
5 26 1
128 6 1
1 144 1
105 58 3
170 8 1
94 23 1
165 189 2
194 56 2
34 172 4
193 179 2
149 103 2
106 197 4
93 122 1
34 6 4
131 46 3
12 143 4
49 139 4
112 98 1
74 65 2
20 116 1
151 144 3
7 116 3
133 66 2
132 7 3
100 91 1
151 103 2
196 32 1
193 115 3
63 103 3
179 104 3
52 150 3
25 189 4
14 9 4
96 176 4
30 171 4
164 4 3
184 181 1
26 145 3
23 124 1
110 144 2
158 178 4
73 2 1
184 2 2
119 154 3
164 95 2
66 21 4
63 189 4
42 192 2
26 86 3
51 179 1
129 23 3
119 100 1
98 132 3
19 123 2
34 199 2
61 126 2
29 51 2
124 12 4
186 14 2
17 121 3
177 34 2
13 133 3
18 44 1
1 87 1
61 74 1
52 169 4
176 84 4
9 77 1
100 141 3
189 5 2
108 50 4
117 197 1
161 102 4
141 52 1
67 141 3
177 170 4
81 44 3
98 1 2
176 49 4
144 140 1
12 71 1
136 76 2
87 141 4
172 20 1
27 157 2
42 0 1
161 41 2
70 64 4
126 4 3
104 15 3
5 34 4
123 146 4
16 106 3
194 32 1
42 100 3
62 181 1
191 76 3
28 133 2
118 89 4
64 81 2
115 160 3
50 123 2
24 108 2
11 5 2
150 17 4
183 110 3
60 117 3
67 100 3
79 9 2
91 52 2
136 113 4
79 148 4
160 37 4
133 199 2
164 55 2
8 164 1
93 158 1
187 190 1
137 101 3
187 8 4
79 130 3
121 195 4
170 133 1
11 151 2
165 101 1
34 68 2
7 9 3
192 141 3
179 129 3
172 46 1
177 21 4
177 6 3
25 127 1
16 141 2
80 30 2
11 13 1
70 59 2
23 198 3
126 137 2
68 138 4
21 94 3
12 142 2
49 166 2
78 87 1
1 41 3
7 130 4
93 19 1
160 182 2
54 27 3
25 11 3
55 182 3
197 126 1
199 113 3
179 143 1
118 190 3
37 157 4
170 95 1
114 199 3
151 43 4
161 57 2
70 6 1
162 41 2
133 9 1
38 167 2
64 168 3
170 97 3
192 2 1
77 176 2
189 92 2
158 190 3
133 5 3
52 17 2
66 10 3
25 129 1
52 54 3
77 164 3
148 51 1
135 10 2
150 97 1
55 149 2
8 0 3
88 157 4
75 56 4
175 54 3
79 115 1
18 117 1
160 120 2
185 75 1
195 52 2
108 63 1
63 145 4
56 38 3
160 66 2
61 122 1
14 51 3
180 131 1
48 105 3
63 140 1
193 5 3
148 59 1
168 156 3
45 33 3
119 168 2
22 36 2
58 4 3
91 40 2
27 102 4
107 60 2
146 131 4
21 68 3
68 74 2
84 104 4
108 70 3
111 121 2
173 151 1
129 72 2
143 17 2
6 145 3
168 12 2
130 60 2
53 48 1
29 136 4
160 39 4
187 98 4
134 110 1
198 180 2
147 187 1
80 66 3
20 118 4
194 69 4
8 83 4
181 61 4
182 28 4
123 76 4
177 149 2
163 184 3
24 170 2
158 187 2
83 6 4
153 43 1
7 111 1
73 14 4
104 8 2
179 9 3
143 164 3
128 59 1
109 55 4
53 80 3
189 124 4
114 5 2
107 62 3
45 164 3
41 155 4
38 139 3
43 156 1
108 158 2
28 3 1
165 68 1
29 89 1
21 179 2
29 95 1
35 153 3
107 133 1
173 165 2
24 13 1
196 24 4
149 99 2
72 82 3
25 50 1
144 69 4
115 61 2
62 89 1
194 22 1
99 185 4
105 145 1
141 119 3
184 69 2
28 43 4
46 33 4
55 168 1
109 35 3
116 194 3
170 42 2
164 42 3
178 193 3
7 18 2
45 29 2
91 12 4
107 12 2
59 54 1
178 68 3
124 157 3
187 79 4
182 180 1
185 181 2
75 188 3
100 28 4
167 102 4
181 66 2
198 90 3
80 34 1
70 77 2
104 80 4
113 12 2
170 146 4
19 43 1
78 113 1
14 49 3
88 20 4
128 34 1
171 99 4
163 148 4
68 20 1
165 112 2
176 150 3
130 86 3
143 175 3
21 188 2
28 64 1
77 5 3
134 62 4
125 29 4
4 15 3
43 194 4
72 130 1
151 54 3
115 84 2
1 39 4
56 82 2
19 146 1
184 197 4
17 46 2
125 7 1
40 45 4
111 167 2
48 182 3
13 195 2
108 105 2
49 82 1
167 137 4
119 173 1
60 77 2
78 98 4
83 67 2
43 133 1
10 108 4
123 65 3
48 21 2
181 116 3
108 15 4
51 147 3
136 50 4
153 148 3
84 136 4
98 107 2
119 135 4
56 28 1
21 140 2
163 52 1
103 25 3
3 117 2
125 110 1
189 103 1
98 199 1
130 2 2
136 165 2
105 153 3
168 146 2
20 60 3
108 188 3
24 50 1
178 164 1
99 183 3
134 94 3
47 19 2
105 14 2
106 62 1
113 90 4
178 72 4
143 86 1
172 147 1
143 84 1
71 69 2
162 177 2
152 115 4
199 126 1
2 146 3
56 183 2
129 177 3
113 33 1
39 111 2
51 4 2
7 106 2
125 103 3
63 152 3
97 140 3
23 125 1
178 51 2
115 76 1
175 30 2
184 115 1
131 71 3
19 183 2
53 135 2
59 0 4
72 157 2
93 52 4
117 19 1
120 142 1
199 178 4
92 163 1
62 188 2
175 110 4
75 74 2
197 82 2
62 73 4
66 39 2
92 49 3
71 58 2
45 51 3
149 192 2
123 81 4
91 173 4
20 62 2
177 17 3
37 143 4
142 180 4
61 21 4
199 124 3
105 15 2
96 157 3
83 98 1
15 11 3
143 33 4
76 114 3
106 97 2
162 60 3
88 172 2
159 156 3
76 117 3
193 15 3
163 54 4
38 161 2
24 149 1
150 104 4
74 169 4
35 124 1
12 76 1
19 120 2
32 108 3
23 42 3
127 149 3
185 112 2
4 12 1
182 78 2
120 41 1
131 4 4
153 196 1
91 123 1
118 106 4
108 180 2
99 41 3
68 128 2
24 122 1
55 31 2
165 2 4
99 135 3
74 145 1
157 54 2
75 85 1
53 46 2
52 148 1
21 161 3
70 172 1
32 138 1
48 131 3
24 158 1
106 193 1
176 164 1
118 56 4
6 161 2
122 83 3
175 166 4
52 106 1
184 122 4
193 156 2
171 20 2
42 90 4
112 6 1
116 108 1
116 98 2
121 151 2
74 40 3
160 184 1
83 148 2
191 122 4
81 99 1
63 127 2
135 89 1
58 67 4
100 164 1
137 175 3
14 54 3
76 28 1
97 187 3
170 34 2
47 5 2
127 177 3
66 165 2
198 78 1
47 119 2
78 9 2
109 8 4
129 64 3
52 114 2
66 106 4
39 71 4
163 160 2
97 77 1
28 98 4
104 167 3
107 164 3
24 144 4
55 64 1
68 187 3
165 90 3
39 116 2
174 147 3
45 150 4
47 77 4
111 187 4
151 27 2
135 4 4
199 15 1
120 140 1
23 137 4
170 60 3
9 35 1
183 0 4
99 144 1
122 163 1
6 116 1
15 33 4
39 152 3
139 170 2
65 196 3
9 27 2
100 104 1
158 134 2
11 86 2
63 69 3
114 31 2
99 92 2
192 190 1
152 126 3
45 123 4
143 132 4
43 181 1
158 171 4
184 6 2
103 92 3
28 144 4
9 143 4
91 67 1
190 106 4
164 153 2
3 88 2
47 111 4
7 85 2
168 199 4
198 53 4
22 188 2
103 133 1
113 89 4
53 138 3
24 127 4
29 117 2
120 168 3
25 69 1
117 44 1
130 76 4
106 161 1
147 145 1
116 125 1
68 37 4
1 122 3
139 54 3
7 50 4
161 125 4
34 135 4
44 20 4
170 164 2
185 160 1
68 18 2
61 49 2
138 9 4
77 111 2
181 148 4
56 132 2
184 104 1
198 118 2
47 63 2
172 144 4
185 172 1
73 35 1
196 123 1
105 132 4
30 18 1
74 197 1
37 3 4
156 31 1
28 25 4
49 140 4
30 125 3
138 36 3
39 93 2
33 30 1
89 140 1
125 168 4
92 97 2
99 138 3
63 191 2
67 177 3
0 135 1
12 181 1
125 156 2
192 59 1
115 141 3
50 30 4
165 134 3
152 181 1
160 63 1
183 33 1
33 13 1
96 167 4
81 177 4
28 41 3
39 72 3
32 157 1
141 79 2
16 109 3
168 102 2
161 183 4
108 58 2
1 120 1
53 92 3
58 179 2
92 199 1
177 133 3
113 69 4
36 98 3
58 95 2
191 136 2
188 98 1
129 26 2
169 8 3
126 71 2
45 38 2
58 191 3
64 188 3
94 161 4
37 58 2
107 63 4
165 103 1
18 129 2
94 188 2
197 168 1
118 174 4
66 93 1
189 142 2
124 2 3
183 109 1
133 154 1
166 125 3
11 131 1
83 169 4
16 1 1
71 94 4
101 118 2
164 148 4
145 52 2
41 56 2
196 2 2
89 8 3
192 5 2
85 109 1
12 123 2
70 123 2
73 101 3
133 167 1
193 40 1
194 6 2
56 5 4
16 52 4
39 121 3
187 100 2
117 166 1
122 106 1
131 121 4
171 52 1
75 142 2
93 5 3
60 35 2
21 128 1
192 73 4
119 46 3
79 177 1
61 199 2
154 148 1
61 68 3
185 177 4
120 2 1
129 17 1
155 45 2
22 154 1
67 194 2
139 164 2
47 149 1
182 118 4
172 158 2
87 137 4
61 154 3
69 167 2
12 44 4
93 13 4
112 129 1
111 56 2
46 40 4
72 69 4
154 199 1
193 194 3
88 61 3
56 30 2
13 44 1
140 198 4
174 132 3
139 174 4
141 127 2
1 195 2
26 71 4
125 58 1
98 51 3
142 125 4
52 180 3
155 128 4
191 16 3
155 137 1
0 22 3
87 60 2
40 93 4
127 109 4
107 148 1
149 160 1
23 135 2
180 105 4
34 81 4
80 93 4
35 179 1
89 117 4
51 121 3
29 190 3
119 26 3
91 113 4
123 173 4
131 188 3
95 168 3
175 188 3
103 173 4
177 88 2
153 178 2
189 55 1
121 145 2
184 3 2
42 188 4
79 4 2
116 117 2
169 43 3
2 188 3
99 46 4
53 174 1
53 139 4
198 147 2
50 21 2
192 88 2
54 66 4
133 155 1
97 3 3
94 42 2
187 194 1
79 120 2
148 189 1
101 164 1
74 114 3
89 69 4
73 135 2
44 86 2
157 82 2
123 63 4
19 114 4
1 14 4
146 120 2
26 48 3
175 56 1
181 83 1
3 24 4
161 184 2
62 98 4
7 134 3
35 119 4
17 173 1
11 35 3
162 155 2
144 9 4
99 103 2
99 40 2
169 145 2
171 95 3
170 191 2
74 83 2
133 173 2
17 166 4
91 3 4
27 98 3
93 157 4
51 161 2
49 131 2
88 190 2
153 98 2
22 89 4
172 83 2
54 89 2
180 109 1
139 136 3
141 134 4
8 95 4
8 61 2
164 46 3
39 196 1
185 192 3
14 116 4
31 64 1
133 47 4
188 37 4
51 132 2
73 60 4
52 126 2
62 8 1
7 145 1
184 195 3
66 60 3
197 95 2
148 27 1
34 147 4
174 130 2
199 152 4
89 20 4
199 145 4
146 84 3
22 193 3
174 117 1
28 54 1
37 120 2
95 52 2
73 47 4
132 75 3
123 2 4
13 187 1
158 73 2
24 79 2
92 175 4
124 155 2
74 147 1
142 156 4
53 73 4
151 93 3
55 199 2
129 123 3
130 85 3
112 170 3
151 56 1
79 169 3
153 103 4
61 118 3
135 2 4
86 5 1
141 116 4
158 58 1
180 78 1
171 183 3
131 90 2
6 180 1
100 20 3
94 106 2
120 157 4
153 1 1
41 78 1
50 80 2
127 134 1
10 187 4
81 43 2
60 144 3
198 87 1
68 140 3
189 18 4
41 42 4
28 50 1
15 133 2
52 72 2
149 20 4
149 100 2
93 191 4
67 117 1
144 92 2
60 0 3
148 128 4
96 43 4
105 194 1
125 113 3
159 0 1
182 58 2
137 3 2
186 27 2
93 29 4
191 46 3
56 189 3
46 161 4
161 187 4
139 167 3
119 6 3
41 50 2
171 103 4
139 19 1
43 127 1
137 115 4
129 187 1
86 30 1
186 148 3
147 41 2
182 35 1
2 102 1
183 166 4
185 186 3
53 37 1
71 15 4
49 54 3
178 183 3
138 31 4
122 192 3
66 30 2
176 60 3
70 56 2
75 35 4
16 114 2
114 45 3
139 186 4
147 156 4
151 101 1
56 96 1
93 115 3
46 134 1
150 3 1
139 190 1
38 50 4
59 132 4
141 175 3
142 93 3
161 157 1
7 187 3
181 92 2
149 51 3
105 52 4
172 174 3
162 193 4
58 101 3
54 165 4
19 108 4
176 146 3
23 67 4
33 14 4
183 172 4
27 100 4
98 186 2
21 199 3
194 115 1
56 11 1
101 181 3
182 73 1
175 169 1
58 93 4
91 25 1
138 81 1
25 198 4
91 28 1
11 0 4
166 47 1
166 28 4
130 10 4
144 157 3
15 14 1
107 88 2
45 171 2
77 61 2
139 81 1
153 48 2
82 1 4
28 129 1
141 129 2
35 36 4
21 178 2
152 191 4
37 6 2
57 130 3
126 28 2
99 56 2
110 189 3
39 115 1
89 166 2
99 168 4
124 170 2
7 162 1
116 83 4
137 21 1
68 113 2
139 130 4
85 28 1
136 93 1
131 196 3
121 103 4
154 177 3
69 120 2
135 128 2
118 147 1
17 91 2
178 60 2
59 5 2
149 95 2
65 161 4
15 142 2
98 91 3
192 19 2
123 60 4
173 102 3
120 43 3
183 62 2
32 135 2
110 169 3
168 153 2
198 83 4
27 91 1
100 72 3
101 117 1
149 83 1
154 187 4
173 157 1
198 125 2
17 130 4
72 80 4
20 131 2
25 146 4
194 162 2
98 120 2
102 37 3
58 13 3
109 169 3
48 29 2
1 74 2
13 119 4
125 62 4
131 67 1
198 35 1
189 172 4
148 36 2
32 59 1
51 44 4
66 112 2
112 115 1
132 129 4
124 105 3
161 156 2
102 88 2
71 104 2
69 121 3
180 15 4
54 120 2
126 134 3
152 21 3
97 9 3
160 77 1
81 159 3
129 110 4
17 156 4
76 127 1
65 15 2
83 23 3
138 112 4
22 37 1
15 121 4
184 92 1
77 57 2
1 3 4
111 6 4
186 74 2
115 6 3
173 67 1
6 16 1
126 26 1
15 156 3
34 13 1
119 134 3
14 182 2
101 47 1
167 85 4
52 191 1
167 26 4
124 7 4
161 153 4
6 172 1
136 98 2
161 191 4
46 195 1
5 1 2
152 144 3
106 104 4
66 177 4
122 73 4
187 155 3
112 110 2
171 69 3
97 39 3
151 65 4
126 16 4
60 134 1
12 159 2
107 44 1
144 54 2
136 59 4
98 14 2
117 135 2
40 159 2
157 64 1
128 42 2
72 45 2
142 28 2
116 87 1
69 62 1
111 92 1
26 44 3
148 3 3
76 34 1
55 48 4
98 158 2
73 150 2
137 157 3
157 133 3
1 40 1
16 23 4
74 113 4
27 2 4
81 101 2
135 161 2
103 115 1
48 47 2
102 22 4
79 150 1
5 28 3
16 20 3
91 78 1
171 187 4
32 24 4
52 127 2
4 124 1
162 51 2
31 48 1
138 149 4
37 133 1
173 81 2
81 114 2
71 82 2
128 70 4
27 149 3
197 42 4
49 143 3
88 197 4
78 37 2
159 60 3
138 83 3
191 90 2
36 120 3
44 164 4
76 56 4
22 198 2
49 75 1
28 70 3
1 193 2
115 195 3
191 183 4
181 157 4
25 126 3
195 99 3
10 32 2
66 81 4
3 96 2
121 12 1
147 28 4
53 103 3
195 198 1
28 194 2
91 61 4
155 77 4
120 147 3
129 156 2
116 137 4
182 168 3
165 46 3
2 93 4
26 32 1
187 183 3
162 160 3
162 54 3
112 54 2
100 196 3
7 158 4
184 21 1
65 92 4
19 3 4
131 108 2
137 91 2
121 41 4
79 86 3
187 95 2
69 84 4
28 104 1
35 96 2
95 37 3
114 124 4
182 110 2
29 17 2
34 97 4
62 91 4
40 136 2
69 9 2
161 14 3
126 35 1
17 196 1
92 90 3
138 139 4
90 182 2
20 98 2
161 137 3
27 103 1
158 120 2
44 186 2
87 35 2
187 46 1
180 150 3
85 103 3
55 177 1
115 190 2
167 155 1
26 142 1
116 182 4
118 140 1
125 4 4
0 28 1
131 8 2
25 173 3
119 19 2
62 28 4
9 199 4
180 87 4
71 196 1
74 9 4
42 87 1
85 43 3
158 174 2
134 139 2
33 75 2
73 90 1
70 140 1
171 101 4
123 119 2
116 1 4
40 30 1
127 7 3
120 141 2
190 153 3
138 66 2
43 36 1
105 185 1
3 167 2
5 66 3
163 151 4
92 55 1
89 137 4
160 97 1
21 12 3
119 131 3
47 185 4
153 193 3
120 198 2
0 5 2
134 103 4
157 187 3
186 8 1
167 23 1
100 152 4
43 32 4
54 127 4
190 165 1
172 107 3
189 181 3
103 76 3
54 62 4
134 6 3
15 158 4
8 34 1
30 17 3
94 68 4
27 31 4
47 164 4
63 148 1
31 164 2
77 131 1
37 161 4
158 195 1
2 103 3
21 65 3
114 73 1
160 79 2
44 178 2
23 145 2
58 97 1
175 94 2
103 124 1
8 88 2
65 95 3
61 58 2
94 136 1
119 106 3
32 118 4
142 29 4
6 46 4
76 166 4
118 45 1
76 134 3
120 193 1
179 74 4
144 194 1
22 197 4
31 87 3
95 145 4
144 56 1
58 197 2
128 195 3
117 155 3
186 196 1
173 21 4
17 181 3
177 179 1
39 21 1
117 127 4
152 99 4
69 145 4
147 81 4
24 64 1
31 147 4
47 89 2
64 100 4
84 167 2
82 193 4
168 117 1
126 130 3
8 12 2
128 91 2
91 49 3
36 0 2
27 80 3
53 77 2
196 41 3
102 60 4
87 100 3
92 18 4
88 76 1
1 129 4
57 68 4
135 3 4
168 190 1
8 151 4
87 44 2
25 112 1
59 69 2
140 87 3
187 52 4
157 1 1
55 158 2
50 70 1
5 135 2
106 170 2
74 57 4
190 164 4
141 18 1
97 125 2
181 65 3
142 23 3
36 144 2
192 61 3
25 33 1
199 84 3
121 197 2
38 104 3
88 170 1
59 174 2
45 141 4
129 50 1
85 179 2
32 191 4
100 185 4
83 113 1
120 6 4
163 119 4
74 73 4
186 115 4
66 38 2
7 115 1
103 195 2
133 166 2
90 27 1
48 126 2
141 92 4
64 95 2
66 119 1
195 102 3
30 192 2
3 87 1
61 38 4
25 154 3
65 84 1
88 181 1
197 71 3
49 11 3
128 26 2
149 176 3
64 93 1
171 157 2
4 35 3
138 160 2
174 65 3
76 116 3
92 70 3
91 92 4
85 146 3
107 112 4
130 51 2
77 163 2
50 181 1
39 167 4
159 155 4
155 134 4
138 60 3
91 193 4
136 103 4
79 95 1
131 56 2
136 110 4
75 126 2
48 42 4
82 12 4
73 106 4
165 100 2
10 100 2
51 197 4
180 100 1
184 140 4
178 83 2
37 132 1
86 172 2
1 155 4
152 44 3
51 28 4
36 57 2
148 137 4
196 124 4
54 170 3
48 175 4
138 187 3
85 135 3
54 0 3
115 118 3
128 159 1
30 32 4
42 17 1
105 113 3
104 146 4
35 156 1
32 106 1
34 123 4
69 137 3
18 80 1
162 64 1
16 130 1
82 126 1
65 165 1
49 84 3
156 194 4
131 111 3
32 16 1
10 179 2
75 77 4
57 158 4
179 169 1
186 92 1
80 133 2
16 58 2
65 37 2
174 62 4
175 167 1
169 108 2
110 26 2
80 180 3
155 4 1
188 11 3
194 147 2
32 64 4
94 111 3
131 41 4
98 73 2
132 148 4
44 190 3
134 168 3
121 143 1
158 38 2
145 142 3
110 185 2
71 80 4
51 131 3
41 19 4
77 117 1
102 146 4
198 183 4
120 49 4
84 2 3
46 32 4
183 98 2
107 25 2
160 29 3
199 50 4
17 56 3
26 73 4
80 79 3
109 53 1
39 34 2
96 104 3
186 84 3
29 0 2
125 135 4
113 47 3
24 47 3
84 94 4
67 128 2
184 142 3
11 31 2
160 176 4
158 52 4
9 55 1
91 8 4
122 53 1
147 77 1
196 168 2
94 9 3
114 79 2
131 155 3
164 2 1
190 27 4
180 184 4
156 185 3
97 156 3
127 16 4
67 68 2
191 68 1
114 147 2
171 165 3
130 100 3
37 192 2
175 112 3
51 91 2
15 47 1
133 36 2
147 154 2
101 87 1
5 132 4
22 118 1
113 15 3
92 6 3
33 118 1
85 155 3
172 130 1
147 44 4
117 52 4
22 9 3
73 118 4
109 28 3
89 134 2
197 8 4
166 110 1
72 181 1
78 7 1
45 182 3
199 72 2
109 130 2
137 182 2
3 12 2
75 109 2
121 38 4
168 159 3
164 172 4
109 108 1
158 4 3
31 175 2
178 42 4
49 141 3
133 174 4
17 89 2
41 133 3
37 93 1
24 51 3
167 58 1
154 108 1
48 79 1
161 16 2
33 42 3
146 156 3
77 49 4
23 19 4
98 181 3
169 197 1
84 168 4
92 135 3
19 57 4
89 193 3
177 78 3
178 90 1
143 158 2
4 18 4
130 176 3
167 196 2
196 195 1
31 3 4
131 170 3
63 142 2
110 66 1
128 28 4
136 130 3
4 198 1
32 31 3
109 118 4
177 142 1
166 72 4
86 67 1
79 161 3
106 95 4
85 26 1
104 26 4
21 13 1
9 23 1
148 40 1
112 141 2
47 191 2
81 143 4
95 162 2
58 31 3
138 110 1
114 78 3
89 132 3
199 183 4
178 149 3
175 127 1
107 67 2
5 172 4
153 138 4
176 198 3
71 43 2
119 158 3
2 66 2
143 178 4
33 166 4
4 71 1
0 73 3
188 172 4
187 148 3
129 127 1
75 134 4
54 160 3
16 180 4
196 22 1
91 76 2
90 140 2
104 176 3
132 90 4
42 199 1
128 12 3
153 167 4
50 182 1
0 196 1
112 142 1
98 169 4
94 112 1
61 145 2
51 65 2
91 99 4
167 97 4
196 103 4
151 192 3
160 65 3
189 107 4
10 165 4
44 65 3
85 160 4
64 187 2
190 163 2
32 151 2
17 98 3
44 159 2
8 64 1
108 173 4
110 199 2
28 80 1
130 143 1
161 58 2
22 6 4
192 50 3
167 49 4
39 42 4
53 26 2
196 25 2
5 64 3
46 9 3
42 139 1
41 100 3
168 43 3
168 13 1
68 19 2
6 96 1
45 24 2
159 182 3
120 28 4
82 176 1
192 23 1
47 117 2
154 38 1
31 59 1
110 100 3
19 145 2
57 197 3
0 26 2
116 97 3
159 198 4
48 88 2
54 178 2
149 121 4
143 45 1
73 125 3
13 102 4
196 152 2
73 69 2
163 173 4
86 75 1
142 27 4
14 122 4
42 31 4
171 188 1
82 158 4
161 140 4
2 89 3
60 168 4
30 155 4
70 178 2
67 158 2
78 0 3
51 112 2
140 154 1
121 179 1
36 199 1
196 75 3
113 88 3
56 115 4
133 16 3
82 125 3
168 58 3
69 12 3
78 184 1
91 57 4
137 40 2
129 186 4
0 187 2
83 61 1
17 11 3
62 108 1
35 42 1
84 164 1
93 166 4
41 48 4
135 129 2
106 57 2
90 153 2
150 92 1
67 26 3
123 118 1
41 89 4
17 103 3
4 171 1
169 16 2
68 47 2
66 69 1
123 33 3
75 79 2
157 14 3
43 137 1
173 0 4
179 105 1
120 65 2
107 30 4
146 69 3
69 112 4
25 132 4
124 137 3
175 61 4
109 184 2
33 85 2
162 164 2
42 146 2
38 156 1
28 155 1
0 83 3
33 1 1
18 173 1
47 36 3
105 46 2
41 182 2
29 99 4
53 196 4
0 172 2
64 141 1
8 171 2
13 164 1
162 48 1
49 8 4
38 20 2
167 71 1
119 185 2
98 103 3
125 53 2
108 53 4
32 37 2
13 20 2
152 155 3
34 53 3
86 32 2
126 96 2
46 111 4
77 64 4
11 62 2
169 191 3
49 108 3
98 53 3
48 34 3
126 13 3
12 87 4
47 156 1
147 129 1
78 179 3
106 34 4
171 123 4
92 43 1
178 71 3
19 1 1
107 56 3
97 93 3
142 72 2
9 15 2
115 167 1
58 139 3
91 30 1
120 5 4
84 121 4
101 33 4
131 45 4
147 170 2
115 21 3
22 105 2
110 37 3
23 8 1
88 82 3
43 171 4
187 86 3
191 142 2
71 74 2
86 56 2
85 27 4
98 131 4
159 107 3
64 138 4
132 166 4
55 180 2
22 112 2
175 116 4
155 112 2
80 163 2
198 21 2
185 36 1
86 63 2
169 113 1
166 155 4
1 17 3
71 49 3
155 83 4
63 98 1
121 29 2
182 199 2
93 172 4
97 94 2
59 123 3
192 172 2
65 76 3
94 70 3
0 84 3
70 60 3
5 23 4
28 131 3
50 167 2
90 183 3
160 186 2
83 154 4
155 127 1
1 73 4
195 36 3
40 155 4
37 30 2
181 191 4
82 175 4
36 8 4
164 181 4
32 116 2
179 194 2
16 166 4
149 48 2
136 163 1
54 87 1
60 23 4
170 7 4
111 71 2
177 42 2
161 189 2
183 179 4
125 184 4
65 178 1
2 132 2
107 46 1
31 183 2
119 52 3
13 70 2
113 25 2
2 52 3
146 103 2
106 63 2
78 70 2
137 19 4
9 102 2
123 105 2
73 15 4
12 196 1
59 95 3
8 150 4
64 178 2
14 12 2
78 86 2
111 30 4
128 158 2
122 7 3
168 87 1
85 3 2
162 14 2
30 149 3
30 26 3
14 79 2
140 178 1
182 178 2
128 167 3
18 63 2
66 159 2
109 166 3
135 164 1
181 21 1
101 21 2
36 81 4
193 97 2
61 78 3
178 187 3
159 154 2
92 51 4
159 163 2
80 107 1
10 170 4
55 137 1
172 30 1
185 55 2
37 169 1
163 102 4
125 164 1
192 119 2
14 63 3
156 178 3
39 15 4
162 195 2
171 77 4
124 5 4
117 139 2
136 54 2
117 187 4
35 69 2
104 9 1
12 43 3
182 67 1
158 150 2
81 23 3
91 13 4
33 104 4
164 65 1
77 179 1
76 49 1
22 145 1
49 79 4
46 149 1
88 108 4
39 68 4
4 30 4
27 123 1
11 135 3
83 40 3
157 56 2
141 140 1
150 14 1
150 53 3
175 130 2
170 85 3
30 29 1
48 98 1
74 124 2
126 46 1
137 92 3
91 44 1
81 175 2
45 159 1
152 42 4
48 100 1
2 141 3
130 38 2
97 25 4
154 156 1
160 41 4
178 162 3
156 104 3
93 108 3
129 139 4
50 91 3
118 66 4
192 131 3
177 51 4
189 80 3
119 27 1
98 40 4
93 139 2
11 90 1
80 106 3
35 68 1
154 196 4
62 140 4
68 169 4
72 8 3
42 76 2
119 15 1
142 88 2
136 106 2
147 169 2
5 78 1
192 81 4
190 133 2
109 115 4
165 41 3
127 64 1
96 141 4
171 71 3
56 125 4
3 13 3
170 125 3
196 6 4
44 110 3
164 197 1
79 172 1
96 21 1
154 185 4
21 147 3
81 97 4
55 85 1
27 196 2
116 151 4
36 83 2
64 13 3
196 96 4
163 185 1
65 184 3
19 147 2
144 73 2
139 124 2
89 196 1
199 94 4
145 183 2
95 173 4
121 8 2
96 156 1
34 150 3
38 13 1
111 97 1
95 4 1
123 78 2
134 69 3
182 21 1
168 176 2
92 136 3
11 119 1
53 35 1
127 179 2
149 110 4
31 191 3
62 135 2
147 138 2
42 55 1
76 30 2
193 13 4
184 55 1
185 115 3
50 127 4
108 193 4
108 21 2
15 160 1
135 148 4
123 62 3
57 105 4
91 74 4
2 122 3
102 70 4
151 17 2
125 28 3
130 115 4
112 77 2
190 195 4
120 118 1
73 70 1
69 175 4
86 43 3
138 45 2
128 29 4
100 12 3
47 69 3
106 76 3
144 43 2
53 40 3
3 62 3
98 86 1
168 116 4
27 25 2
73 127 4
27 23 3
5 2 3
6 118 4
51 86 4
133 27 1
150 51 1
186 123 2
58 1 4
52 122 3
133 108 3
68 93 4
4 57 4
22 117 1
133 153 2
166 75 4
191 132 3
33 82 3
188 113 1
108 60 4
21 87 3
175 194 3
20 56 1
82 35 1
114 166 4
74 135 2
80 185 1
155 130 2
97 37 2
21 20 2
170 12 3
128 196 4
27 183 4
182 170 4
140 92 1
87 89 2
139 126 2
126 100 3
52 162 2
196 151 4
71 1 2
19 22 1
15 48 3
3 140 4
59 10 2
9 125 4
104 1 2
156 128 4
38 74 4
171 166 3
44 52 1
136 177 4
146 145 4
112 190 4
136 66 2
143 60 3
62 100 1
179 160 3
25 158 2
75 96 2
59 30 2
186 41 2
48 168 3
76 167 1
194 172 1
27 121 1
153 42 4
177 147 2
98 67 3
122 46 1
70 104 4
188 180 2
187 85 2
167 37 3
84 151 4
41 124 4
128 16 2
49 24 4
56 124 2
43 75 3
78 116 4
76 126 1
59 14 2
69 168 2
38 166 1
179 1 4
64 103 1
197 94 3
137 160 1
167 172 4
7 131 3
34 157 2
182 136 1
1 111 3
176 110 3
62 138 2
184 75 2
89 57 1
37 40 1
139 168 2
108 198 1
115 166 1
82 146 1
27 15 1
166 29 1
95 132 3
180 56 3
27 172 3
183 85 3
73 195 2
68 112 4
106 134 3
190 6 3
86 33 2
2 108 3
22 96 2
170 171 4
199 160 2
45 90 4
56 23 3
23 153 1
5 36 2
142 91 4
112 109 1
88 120 4
152 153 3
123 108 2
128 192 1
101 175 4
66 63 3
69 97 1
147 130 3
42 63 3
63 64 4
124 153 3
131 130 1
57 41 1
11 68 1
126 6 3
80 190 2
79 52 3
102 194 3
197 161 4
42 5 4
87 169 3
195 112 1
147 26 1
51 60 3
48 185 1
3 92 2
119 20 3
177 192 4
33 194 4
34 50 3
25 161 1
75 113 3
156 84 2
108 14 4
129 30 1
93 8 2
128 112 1
140 15 2
21 157 4
52 83 2
188 87 1
146 46 3
196 122 4
152 109 2
100 134 4
48 161 3
69 109 3
57 198 1
88 28 4
126 24 2
165 110 1
15 194 2
105 50 3
195 194 4
96 178 2
58 39 4
147 178 2
181 149 3
36 169 1
27 12 2
147 59 4
179 36 4
25 199 3
52 98 1
190 34 4
15 28 4
20 30 3
54 172 4
155 60 4
42 136 2
145 55 3
93 177 1
103 164 3
39 119 2
100 136 2
99 147 1
29 134 3
100 195 2
24 65 2
46 113 2
0 122 3
102 46 3
142 170 3
90 156 3
16 160 1
127 125 4
150 127 1
6 99 1
168 131 3
113 27 3
128 76 1
75 192 2
7 104 2
146 21 1
147 116 1
140 99 3
138 97 2
158 104 4
180 90 1
172 8 1
0 34 2
136 25 4
73 18 4
50 141 1
177 112 1
128 151 3
27 65 4
74 198 2
160 147 1
161 127 2
99 9 4
143 171 3
188 26 1
147 158 2
75 81 2
126 145 4
64 196 2
97 132 1
42 176 3
112 78 3
176 94 1
153 80 2
84 26 2
73 29 1
64 57 1
19 32 3
39 94 1
25 44 1
65 87 4
129 108 3
85 60 4
189 53 2
102 48 3
128 114 4
96 48 1
42 3 4
197 122 1
147 150 2
29 141 2
120 97 2
181 8 3
99 70 3
139 110 3
7 98 1
31 196 1
150 116 4
31 172 3
188 134 2
74 37 4
17 63 3
69 58 2
154 74 4
7 198 3
9 136 1
141 146 1
92 183 1
46 147 4
74 156 3
154 53 1
198 121 3
150 178 2
112 2 2
161 190 3
74 43 2
67 114 2
39 44 4
134 148 2
95 157 4
20 151 3
29 112 3
177 119 3
105 41 4
42 77 3
59 141 1
56 74 1
168 79 2
102 149 2
167 1 4
24 75 3
174 66 1
43 113 4
141 159 3
150 38 4
67 116 3
153 106 2
125 143 2
113 54 4
181 151 3
25 96 2
30 141 4
73 156 3
188 9 4
16 24 2
58 102 3
159 157 2
23 98 1
13 120 2
167 107 4
110 156 3
147 50 4
109 124 3
174 93 2
84 76 2
117 11 2
182 158 1
91 116 2
63 9 4
161 121 3
189 19 1
0 51 1
190 46 2
111 76 3
126 106 2
120 148 3
189 93 3
65 186 1
191 57 2
109 74 2
126 162 3
106 141 3
71 151 3
144 155 2
173 144 3
77 40 3
49 20 4
56 109 1
134 21 2
152 182 1
155 171 1
165 50 3
2 33 3
168 54 4
75 161 3
68 73 2
84 155 3
62 180 2
39 175 2
76 140 3
116 63 2
7 29 3
136 160 1
194 128 3
163 155 2
56 169 1
142 111 4
8 41 3
166 108 1
114 115 2
37 131 1
105 126 1
11 81 1
187 47 1
53 111 4
29 76 4
151 165 1
180 124 3
40 56 1
199 77 1
120 151 2
199 175 2
130 9 4
133 194 2
158 170 3
142 97 3
60 145 4
122 80 4
184 84 1
100 137 2
97 181 2
34 158 3
113 109 4
67 162 2
160 14 1
198 3 3
195 95 2
156 130 3
148 196 3
78 152 1
172 104 2
42 138 2
114 111 3
181 64 4
81 7 2
106 194 3
139 195 4
65 1 1
197 11 2
121 167 3
147 103 1
14 169 1
47 45 3
45 163 1
65 80 2
1 67 2
80 56 2
85 137 1
58 164 2
20 127 1
35 195 2
118 177 3
0 24 3
35 167 2
126 56 3
13 5 3
46 90 4
191 4 2
2 15 1
117 156 3
185 39 3
86 6 4
164 138 1
161 81 3
99 191 3
95 112 1
112 75 3
121 126 2
112 60 2
175 72 2
38 117 1
53 78 4
82 74 2
108 5 3
91 194 1
192 65 2
186 133 4
163 8 3
123 139 2
141 150 4
29 38 3
47 22 3
31 170 4
15 115 3
92 119 3
8 101 2
16 193 1
161 61 1
158 169 1
73 51 2
27 8 2
174 165 2
57 98 1
195 188 3
26 124 1
117 98 2
139 29 1
117 130 1
91 172 2
164 72 3
149 29 4
115 98 2
65 30 3
121 183 1
30 79 1
164 127 2
199 81 2
143 88 3
173 34 2
91 101 1
186 192 3
163 105 3
90 64 1
104 74 4
83 78 4
21 62 2
90 168 2
100 183 1
50 78 3
86 162 1
26 7 4
151 49 4
34 87 2
67 16 3
113 137 3
104 58 2
147 66 4
75 19 2
111 125 2
71 157 3
158 16 2
63 181 3
56 49 2
43 130 1
171 125 2
26 174 3
31 177 1
144 185 1
6 42 4
156 122 1
0 123 4
173 159 1
197 19 1
54 125 1
26 63 3
123 170 4
194 177 3
168 68 2
57 14 1
125 106 4
69 64 2
36 71 2
95 80 3
24 5 1
33 4 2
168 107 1
170 179 2
104 75 1
36 127 2
160 157 3
34 187 3
175 157 2
72 170 2
106 31 1
12 161 1
179 6 2
29 144 4
98 77 1
10 152 1
105 103 1
86 171 1
126 115 3
195 93 3
25 36 2
93 194 2
88 178 1
37 90 1
163 168 2
142 89 4
59 107 4
65 50 4
94 58 2
101 85 1
66 55 1
128 166 2
3 107 1
163 196 1
100 5 3
103 13 1
55 161 4
190 69 1
175 28 4
146 194 2
143 31 2
44 145 4
144 143 2
46 3 2
195 174 4
53 2 3
136 119 2
105 88 3
84 152 3
9 76 4
21 156 4
108 86 1
17 6 2
191 37 3
22 120 1
58 30 3
143 162 4
33 161 3
141 51 2
165 188 4
77 116 2
94 78 2
168 18 4
43 98 2
76 57 3
149 154 2
130 45 1
83 58 2
25 80 4
186 132 1
124 176 4
158 5 2
12 122 2
179 181 4
15 138 2
11 4 4
69 40 2
41 92 1
6 100 3
80 131 4
71 52 1
12 187 3
177 168 2
19 96 1
72 154 4
74 27 4
55 124 4
39 182 1
184 52 3
8 110 4
173 71 1
162 119 1
83 73 1
188 164 1
4 89 3
152 37 2
167 36 4
172 39 2
194 49 2
167 88 4
132 64 2
82 43 4
6 32 3
88 180 2
198 126 1
126 31 3
199 65 4
95 2 2
53 51 4
39 92 4
131 62 2
22 134 4
31 146 1
144 96 4
193 117 4
47 64 4
50 4 3
157 90 2
3 169 2
95 139 3
57 133 1
85 18 3
94 101 3
140 19 2
135 124 4
134 50 1
47 70 3
143 198 1
106 25 2
156 153 4
122 123 1
94 156 3
116 111 3
195 153 4
121 157 1
5 7 2
22 115 1
26 19 3
19 90 4
18 163 3
158 181 3
183 32 3
182 49 2
148 45 3
47 171 3
184 64 2
55 116 1
199 165 1
188 162 1
88 26 3
184 171 2
195 182 4
138 79 2
170 20 1
54 191 3
18 99 1
152 83 1
191 126 1
198 26 1
98 13 4
117 108 4
100 132 2
186 57 4
171 122 4
163 35 1
164 92 1
19 52 2
65 175 2
35 173 1
64 115 2
38 58 2
25 79 3
96 130 4
194 58 2
75 90 1
138 50 3
163 193 3
113 131 4
27 124 2
67 161 2
71 8 3
147 135 1
62 9 2
86 52 2
78 62 4
141 82 1
195 21 1
159 134 4
183 1 3
158 22 2
91 105 1
49 198 2
161 151 3
13 184 1
48 11 1
141 126 1
1 178 4
59 76 1
165 140 2
162 163 3
4 40 1
34 117 4
170 19 2
169 22 4
62 61 3
70 184 2
147 49 4
23 182 4
75 16 4
187 107 4
134 79 3
9 83 3
146 154 3
141 172 3
53 148 2
110 88 4
94 91 1
111 120 2
133 115 3
128 50 4
142 134 3
129 163 1
101 100 3
70 148 1
120 155 1
8 18 1
72 23 1
34 45 1
106 0 4
85 113 2
10 173 3
11 137 2
65 182 1
120 62 4
199 193 4
54 58 2
98 80 4
123 192 4
170 184 4
29 11 2
62 157 2
103 142 2
41 177 4
137 63 2
37 104 2
68 119 2
56 116 4
65 98 1
185 126 2
40 142 3
35 13 3
164 59 1
72 146 1
45 22 1
20 78 1
191 189 1
62 53 3
76 196 1
24 146 1
70 143 4
115 12 2
116 193 3
102 79 4
56 47 4
96 85 3
146 81 3
195 37 4
155 9 2
56 149 4
113 58 2
97 100 4
70 1 1
44 125 2
160 135 2
96 110 4
117 14 1
196 146 3
16 84 4
94 28 1
144 70 3
49 164 1
170 32 1
68 177 1
193 141 3
65 191 4
155 192 2
199 187 3
134 118 3
127 185 3
143 40 1
141 105 4
148 84 2
29 80 3
75 162 4
136 71 3
85 69 4
83 71 3
128 11 4
23 191 1
75 11 1
174 45 3
149 89 4
145 102 1
112 89 4
18 28 4
184 25 1
46 5 1
153 70 1
128 101 4
55 75 3
82 165 1
143 159 3
81 106 2
159 3 2
118 167 1
197 167 1
189 4 4
95 14 2
178 89 2
56 113 1
72 16 3
171 156 2
162 192 4
194 9 2
78 119 2
189 90 1
93 128 2
83 47 3
148 82 4
115 138 4
58 18 3
82 136 2
102 153 4
25 134 4
61 4 3
18 150 2
10 76 4
138 3 4
190 152 3
42 154 3
7 73 2
15 171 3
72 14 4
101 78 2
50 93 3
156 102 4
188 57 4
189 72 3
98 150 3
19 185 2
93 81 4
91 35 1
128 78 1
166 111 1
71 27 4
185 145 1
172 140 4
48 3 4
64 67 4
157 122 1
185 120 1
119 37 1
28 189 3
151 147 3
62 74 2
154 81 3
76 199 3
88 183 4
163 171 3
5 159 1
8 182 3
151 162 1
18 182 1
46 197 4
87 166 1
82 7 3
73 199 3
137 108 3
109 133 3
132 32 1
139 137 3
101 95 4
70 164 3
199 83 1
132 117 3
159 98 1
32 2 1
103 135 2
25 24 3
131 169 3
44 35 2
25 81 1
74 136 2
174 87 2
40 145 1
61 43 3
108 57 3
89 199 3
65 0 1
185 184 2
9 108 1
40 176 2
18 93 2
169 115 4
27 144 2
2 98 1
133 25 3
107 103 1
196 111 3
118 83 1
95 40 1
134 70 1
38 27 2
103 89 2
73 180 1
141 177 4
16 92 1
47 145 4
60 96 1
197 129 1
106 173 2
4 143 2
163 1 1
21 24 1
95 78 2
191 121 2
132 136 2
11 193 4
73 162 2
49 31 2
136 81 1
109 91 3
30 12 3
31 150 2
23 112 3
192 55 4
145 43 4
32 147 3
140 129 1
19 59 2
0 55 4
107 147 2
87 0 4
185 137 4
7 3 4
10 62 1
196 172 2
14 190 1
152 61 3
103 114 1
6 23 4
99 108 3
59 134 2
25 77 2
86 38 1
173 62 3
179 139 4
104 10 4
12 67 3
188 114 1
142 179 1
136 80 2
53 6 4
159 178 4
89 98 4
74 122 4
194 180 4
180 63 2
114 180 1
163 83 4
182 37 2
85 131 3
129 165 3
184 138 3
138 107 1
70 66 1
105 94 1
4 122 3
138 169 2
191 106 1
32 165 3
95 7 3
58 32 3
38 26 1
17 44 4
56 78 4
53 146 3
135 97 4
176 109 2
122 186 3
45 166 4
81 29 2
39 57 2
74 31 1
11 189 3
186 162 4
128 110 1
107 97 1
60 167 1
131 95 1
49 146 4
191 55 2
110 196 1
39 138 4
64 180 4
177 63 1
65 61 2
165 36 1
100 83 2
125 167 3
199 164 2
138 41 4
184 4 4
60 149 4
29 130 4
63 159 1
185 182 3
22 136 2
4 69 1
116 152 1
80 187 2
190 147 2
37 89 2
155 188 2
124 140 3
177 161 1
49 64 4
76 99 4
149 26 2
76 100 2
157 38 3
178 7 3
89 36 2
58 118 2
21 197 3
145 46 2
194 129 1
112 123 4
97 5 1
55 123 1
116 127 2
186 18 4
176 129 3
130 185 3
112 13 2
65 59 3
66 193 3
21 155 2
49 136 2
78 124 1
22 3 4
1 138 3
97 13 1
91 112 2
131 47 3
176 65 4
124 106 4
47 92 2
143 126 4
29 86 1
54 98 2
180 121 2
188 96 1
17 82 4
166 31 2
9 196 4
66 109 1
53 21 4
183 45 2
2 82 3
41 75 3
36 106 4
168 92 2
65 113 4
105 7 2
140 12 1
62 46 2
4 161 1
52 3 4
100 122 1
147 173 1
62 182 2
162 148 3
9 124 4
16 155 2
112 161 4
5 51 4
12 1 4
20 53 1
180 94 1
75 169 3
40 175 4
65 128 2
25 98 2
177 94 3
166 173 1
188 86 3
48 160 2
59 42 2
137 53 2
51 12 1
34 137 4
0 129 2
80 112 1
134 115 4
133 70 4
36 125 1
137 78 1
101 18 2
44 7 3
151 67 2
19 148 4
107 116 4
137 177 2
66 49 2
95 17 1
38 152 3
102 14 4
70 160 1
24 123 1
38 62 2
86 119 4
40 8 1
157 22 3
192 158 2
18 184 1
83 80 3
20 8 3
133 118 4
27 22 1
111 98 1
122 146 2
25 64 2
127 77 1
88 68 2
153 36 3
68 22 3
74 97 3
182 140 2
188 15 1
128 33 2
167 66 4
51 26 2
114 38 1
9 175 3
11 2 3
184 91 4
14 76 2
102 155 3
113 32 2
72 3 1
136 68 2
183 57 4
135 146 2
15 168 3
152 104 2
7 54 1
22 90 4
67 136 4
2 9 1
157 55 1
173 138 3
178 119 1
28 173 2
87 75 3
194 117 3
199 170 4
117 49 4
23 48 4
62 93 1
136 64 3
176 191 4
166 187 3
28 13 4
188 25 1
147 179 4
191 94 1
41 85 3
2 158 3
2 57 3
145 81 3
115 50 4
151 167 3
169 71 4
195 98 3
96 160 4
99 77 2
88 162 3
122 142 4
138 135 1
91 150 2
177 157 1
90 192 4
138 141 4
107 53 4
135 101 4
149 151 1
97 67 2
107 150 1
92 113 4
44 121 1
115 101 3
182 22 4
13 199 1
182 60 1
152 66 1
6 191 3
136 131 4
59 33 1
104 77 4
96 2 4
195 88 4
100 53 3
32 154 3
191 133 1
121 63 3
150 156 2
20 46 3
151 18 1
72 131 2
69 159 2
96 148 4
88 166 3
16 138 1
41 140 2
41 185 4
173 31 3
91 66 3
8 21 2
30 131 3
49 28 4
149 9 4
167 31 2
178 180 4
46 24 4
91 59 3
81 67 2
15 190 4
69 148 3
142 174 3
104 62 4
161 182 4
57 94 1
29 123 1
2 81 4
49 29 4
136 175 1
53 194 2
1 72 1
139 10 3
40 102 3
151 197 3
198 28 3
99 22 4
158 176 1
52 7 1
54 134 3
30 134 2
32 18 4
149 195 2
134 92 2
65 47 4
38 43 1
132 21 3
71 2 3
86 192 1
185 101 2
80 169 2
1 127 2
73 75 3
55 57 1
170 148 4
62 164 4
38 101 1
67 102 4
2 40 1
62 175 4
52 174 2
86 185 1
71 123 4
145 72 1
164 187 4
35 147 2
199 125 3
151 74 2
8 54 2
26 172 2
136 15 2
167 142 2
11 179 4
69 98 3
149 185 4
70 136 1
5 188 1
192 12 3
90 123 4
9 6 2
115 174 4
188 35 4
76 173 1
124 164 2
128 171 4
94 86 1
12 185 3
125 163 4
3 114 2
114 133 1
36 82 3
59 90 1
37 154 2
61 87 2
123 82 3
108 199 4
174 153 1
2 86 2
43 45 1
95 31 2
51 118 3
69 142 4
193 44 3
123 9 1
56 18 3
151 35 3
57 162 3
58 23 3
151 117 3
36 145 2
3 9 4
57 21 3
23 163 4
27 39 3
143 44 1
92 173 1
161 164 3
91 115 2
181 192 1
29 131 1
39 153 2
25 157 1
76 50 3
26 29 1
179 117 2
181 22 3
60 12 3
68 81 4
100 193 3
164 52 1
155 164 1
131 78 3
114 113 1
174 6 1
144 139 4
105 139 2
184 17 2
184 132 4
139 183 3
71 19 4
151 81 4
86 22 1
109 22 2
27 162 1
42 98 1
54 16 1
163 46 3
69 21 4
63 186 4
167 117 1
170 117 4
3 172 4
170 116 3
114 149 1
103 19 4
84 64 2
108 181 4
17 7 4
64 99 3
36 186 1
120 117 2
86 133 4
167 11 3
158 53 3
121 47 1
151 2 3
48 77 1
37 107 2
69 80 4
19 7 3
40 48 2
100 106 1
81 163 1
174 189 3
152 120 2
62 72 2
148 105 4
22 71 4
129 63 2
126 85 4
145 76 2
18 83 1
134 183 1
141 181 3
94 74 1
35 39 4
130 128 2
186 199 3
36 172 1
121 107 3
76 70 3
71 159 3
70 103 3
174 13 2
19 155 4
106 129 3
106 4 4
72 41 1
55 135 3
79 124 3
139 88 1
49 42 4
156 118 3
90 148 1
126 159 3
105 27 4
111 74 2
110 162 2
144 112 4
153 162 3
127 192 1
4 121 1
190 23 4
167 119 3
160 102 2
32 160 3
141 0 3
189 33 1
173 84 4
141 93 1
138 87 2
89 85 1
9 98 4
73 94 4
49 179 4
32 53 1
35 70 2
10 121 2
2 97 3
58 166 1
153 32 3
151 9 2
159 47 1
103 43 1
174 135 1
82 15 2
58 198 3
56 170 3
129 55 4
2 20 2
114 94 2
116 169 4
119 25 3
55 12 2
49 44 2
123 93 4
90 5 4
139 4 2
82 166 4
52 154 1
71 158 1
159 136 2
87 152 1
31 7 1
142 65 1
2 144 2
184 131 4
35 23 2
102 59 2
50 58 1
65 106 2
138 20 2
110 174 2
134 93 4
119 31 2
12 180 2
179 182 2
108 91 4
3 73 1
165 53 3
27 30 4
8 13 4
90 159 4
139 43 3
50 187 3
115 30 3
139 3 3
83 82 4
150 50 2
134 179 4
158 193 1
78 118 2
91 104 4
35 50 3
76 158 4
173 109 1
196 60 2
89 179 1
154 70 2
71 113 3
57 88 4
62 119 4
84 124 4
185 125 1
74 101 3
92 114 2
11 136 4
140 122 3
41 150 4
142 166 2
96 139 4
173 29 1
130 3 1
92 61 1
93 178 1
142 148 1
24 55 1
33 6 3
89 43 2
59 158 3
135 149 4
49 188 1
163 69 1
195 65 4
47 57 2
180 127 1
87 66 1
39 133 1
191 199 2
88 129 2
79 68 4
62 168 3
151 62 3
99 69 4
11 147 2
15 31 4
181 38 1
20 105 3
130 12 2
137 20 1
101 150 1
64 122 4
17 133 1
130 50 1
141 42 4
193 155 1
105 35 3
198 148 2
40 196 2
148 48 1
155 132 4
163 5 3
103 123 2
91 183 1
178 135 1
133 75 3
130 120 2
198 96 4
182 186 2
26 18 3
74 66 1
178 121 1
84 15 2
154 178 1
191 49 1
109 32 1
53 11 1
10 153 2
3 47 1
84 142 1
16 15 2
48 164 2
44 137 2
154 143 2
132 43 1
96 78 2
67 45 4
76 171 1
63 135 4
80 186 3
8 60 1
170 93 3
18 109 2
75 91 2
182 29 2
104 157 1
109 143 2
22 122 2
188 154 2
168 91 3
161 23 2
16 144 4
67 84 2
36 95 2
88 53 4
181 67 2
102 116 4
192 41 1
102 47 3
179 196 2
193 35 4
116 191 3
127 11 2
142 159 1
82 19 3
76 119 2
94 174 2
80 21 1
45 199 4
147 71 3
101 2 2
64 198 3
166 134 4
67 99 2
193 127 3
127 103 4
109 37 2
18 191 1
40 114 4
186 136 4
89 67 3
88 35 2
163 180 2
178 85 2
183 51 4
118 13 3
171 105 1
136 137 1
192 133 3
11 10 2
8 117 1
18 162 2
9 132 4
39 81 2
180 8 3
160 11 2
132 11 4
143 36 2
109 182 3
27 126 1
37 56 1
5 184 3
93 73 3
1 175 1
10 124 1
19 153 2
154 194 3
135 30 4
15 41 4
18 84 4
69 188 1
118 34 2
46 153 3
100 198 4
87 186 4
179 45 2
129 43 4
151 91 1
139 127 4
110 60 3
40 109 2
183 43 2
142 71 2
67 165 3
58 29 1
7 11 3
106 195 3
171 57 2
139 69 3
78 18 2
139 45 2
93 7 1
87 156 4
3 142 2
79 78 4
98 155 4
179 100 4
126 1 1
45 102 2
113 21 1
174 32 2
118 84 4
100 118 2
138 198 4
126 93 4
150 81 1
104 110 4
103 94 1
126 60 1
174 44 2
89 55 2
70 109 3
197 97 4
25 167 4
80 196 3
171 182 4
169 122 3
31 192 2
112 83 4
142 115 4
73 41 4
118 28 2
199 131 2
77 94 2
124 182 2
187 72 4
82 0 2
126 91 2
95 6 4
94 54 2
10 67 1
46 156 1
150 160 3
167 73 2
178 29 4
183 9 2
173 105 3
11 93 2
79 35 2
61 197 3
134 2 4
188 150 4
93 26 2
137 56 4
39 122 1
12 165 2
76 101 4
3 54 3
94 93 4
69 192 3
50 63 3
149 66 3
101 51 2
76 143 1
42 1 3
124 143 2
93 102 1
5 140 3
70 52 2
135 107 1
74 110 3
101 93 4
140 96 4
82 58 2
20 160 2
107 186 1
140 46 4
84 93 4
142 5 1
145 3 1
56 199 1
91 86 2
18 86 2
172 175 2
190 132 1
160 167 2
197 113 3
93 138 1
106 179 2
150 194 3
68 12 3
79 122 4
6 20 2
7 63 2
93 144 1
170 173 4
150 172 2
183 115 1
108 0 4
68 167 4
53 131 3
197 27 1
50 51 3
123 14 4
139 197 1
112 49 4
157 193 1
118 60 1
199 156 3
31 111 4
108 103 3
33 155 3
145 48 2
19 54 2
0 176 3
14 92 2
75 100 4
183 78 2
87 96 4
98 32 2
173 14 1
46 8 1
198 179 4
36 13 4
52 33 4
48 36 2
143 0 2
146 45 1
60 44 3
73 63 2
59 52 1
66 9 1
197 195 2
59 63 3
152 129 1
67 132 1
105 128 2
8 157 2
178 198 1
36 188 3
29 111 3
173 66 3
197 170 2
92 100 2
120 170 2
116 75 1
82 152 3
33 157 1
189 79 4
100 103 2
35 177 4
184 1 4
36 132 2
124 118 1
137 48 4
187 94 3
183 192 2
95 93 4
185 43 2
138 33 2
30 81 4
58 92 2
24 66 4
112 171 2
60 131 4
41 122 2
91 26 4
145 184 2
143 189 1
111 59 4
46 198 4
188 92 4
2 61 2
0 124 2
122 37 2
159 78 1
131 2 3
92 118 3
74 188 3
92 23 4
115 29 3
85 21 1
168 59 2
74 170 4
194 40 2
79 167 1
129 169 2
113 153 4
20 153 3
107 14 4
62 132 3
125 193 4
82 120 1
92 158 4
35 98 4
4 113 1
119 9 4
92 21 2
4 59 3
29 197 2
1 191 3
45 32 3
4 88 2
42 174 2
25 101 3
107 144 2
87 171 3
129 35 2
59 167 2
15 182 2
108 98 2
73 148 4
18 88 1
116 58 4
186 167 2
154 50 2
140 147 3
195 178 4
150 103 3
96 165 4
97 108 1
66 68 3
35 95 4
83 133 2
68 55 1
141 5 4
178 108 2
121 199 1
65 125 3
62 26 2
70 193 2
18 91 3
100 163 4
163 181 4
39 73 2
86 4 1
6 63 3
187 110 1
91 34 2
102 129 4
76 187 4
87 13 2
102 19 4
178 74 1
69 45 2
0 53 1
141 103 1
197 62 1
14 143 1
103 188 3
131 138 4
16 85 2
110 21 3
28 29 4
89 99 4
15 176 1
103 67 2
172 14 1
154 67 2
33 142 3
115 19 1
27 33 1
192 156 4
14 41 4
29 77 1
113 134 2
57 189 1
163 68 2
96 137 3
117 2 4
33 106 1
151 177 4
93 32 4
116 197 2
19 72 1
20 125 3
84 189 3
76 31 3
134 120 4
51 62 1
34 51 2
146 161 2
136 120 3
126 158 4
55 78 1
181 2 4
30 197 1
75 40 4
54 93 3
175 105 2
70 31 3
32 61 4
115 42 4
107 154 3
108 3 4
105 68 3
96 119 2
95 129 3
134 143 1
28 183 3
97 178 4
77 55 1
64 54 4
199 24 2
139 181 4
115 111 2
132 80 3
48 186 3
100 182 1
80 137 2
107 101 4
19 99 3
177 38 1
43 69 3
197 92 2
156 114 4
53 155 3
155 7 2
162 65 1
21 30 1
47 122 1
159 10 3
25 152 4
184 187 1
176 118 3
121 45 3
28 136 2
144 57 1
110 85 3
128 4 1
135 145 4
137 102 1
74 99 2
86 178 2
3 33 1
84 86 2
53 160 1
60 100 1
72 74 1
178 123 1
33 120 4
88 64 1
127 66 3
41 39 4
195 27 2
169 107 2
87 64 2
38 57 3
59 175 2
181 143 4
183 102 1
136 134 1
2 85 3
5 151 1
46 166 2
38 73 1
52 6 1
137 169 2
32 112 1
134 189 3
27 75 4
36 152 1
157 6 1
95 120 2
183 69 2
130 36 2
139 150 2
40 71 4
133 14 4
144 32 2
129 137 3
90 115 4
88 194 2
182 194 3
152 101 2
153 173 4
194 97 1
119 42 2
69 150 3
92 45 1
153 73 3
143 106 3
97 176 2
114 192 1
172 21 1
160 126 1
84 58 3
31 161 1
132 57 4
133 188 4
92 63 1
166 167 1
13 129 3
82 184 3
178 18 1
134 48 1
131 15 3
187 156 1
7 181 2
190 113 4
171 174 1
80 152 3
139 196 4
195 29 4
98 143 3
152 65 4
38 179 4
34 25 2
194 158 2
28 127 2
83 56 1
168 140 1
6 28 3
99 182 4
95 180 4
23 0 1
87 117 3
165 184 2
106 162 1
186 124 3
18 27 2
44 149 2
99 54 3
71 164 2
130 178 3
115 145 4
51 124 1
145 27 1
92 62 2
164 40 1
78 99 1
77 170 4
7 55 4
3 154 2
95 1 1
136 102 2
25 87 1
136 184 3
71 155 1
149 184 1
94 40 4
79 104 4
141 26 1
122 137 4
22 97 2
74 141 2
181 196 4
105 53 3
6 81 4
83 11 2
161 96 2
149 88 1
66 61 2
50 173 1
137 10 2
22 176 2
28 177 3
165 16 3
177 102 2
10 168 1
40 133 4
180 34 2
24 20 2
138 94 1
174 131 1
35 116 4
98 124 4
66 157 1
85 36 4
82 69 2
185 13 4
51 56 3
161 133 3
18 113 3
87 6 1
53 97 4
184 141 2
128 54 2
65 55 1
54 25 4
116 17 1
48 84 4
120 179 2
194 189 1
67 46 2
110 19 4
44 128 4
162 131 1
135 84 1
61 182 2
75 147 3
142 130 2
156 144 3
169 120 3
76 85 4
165 8 4
109 157 4
11 111 3
188 99 3
139 191 3
46 174 4
196 43 1
46 11 3
9 59 4
49 16 2
46 22 3
193 60 3
38 14 1
181 39 3
109 46 4
10 174 4
183 84 2
115 53 4
140 0 1
141 41 4
16 159 1
194 185 1
3 185 3
162 144 2
133 122 2
129 59 1
1 97 4
168 189 4
67 52 2
162 46 3
157 176 2
63 184 3
113 124 4
55 142 1
9 18 3
164 180 1
137 120 2
115 96 2
156 32 4
19 5 1
117 17 2
40 129 1
140 159 1
56 139 1
53 175 4
156 12 2
158 33 3
42 124 3
32 1 2
83 4 2
27 171 2
103 16 1
130 49 4
26 27 4
92 74 2
64 110 2
42 68 3
138 70 3
51 198 2
118 4 3
123 100 4
129 93 2
52 135 2
116 80 2
70 80 4
13 178 3
87 105 4
3 164 3
192 34 4
86 125 1
156 160 1
195 34 4
114 2 2
38 40 4
109 12 3
53 183 3
19 162 1
62 79 4
79 23 3
129 105 2
48 87 1
184 89 4
28 60 3
49 118 1
146 101 3
106 132 3
164 186 3
182 154 3
117 79 2
188 140 3
10 158 1
62 110 2
20 142 2
175 150 1
141 182 4
140 139 2
83 173 3
141 176 2
167 101 3
15 64 1
194 184 2
178 55 3
26 68 2
145 56 2
23 82 1
7 61 3
110 98 3
8 120 3
86 120 4
135 185 1
172 75 4
23 11 1
156 183 3
48 171 4
47 139 4
182 6 2
6 15 1
31 165 2
168 77 4
115 163 1
160 177 2
176 7 3
131 87 1
178 99 1
111 45 1
155 123 2
35 72 1
162 122 4
121 118 3
137 41 3
113 162 3
105 18 1
36 45 3
70 196 3
57 15 2
134 102 1
164 185 3
108 71 2
50 106 4
140 37 1
111 0 1
132 88 4
14 199 1
156 141 3
70 156 4
92 20 2
66 53 3
111 162 2
2 171 4
167 106 1
109 101 1
104 99 4
67 168 2
81 91 4
23 138 1
56 8 2
35 110 3
179 37 2
185 96 3
171 32 3
76 144 2
172 190 4
109 164 4
85 180 3
176 154 2
160 81 4
24 182 4
131 16 3
119 190 3
46 29 4
19 65 2
59 185 3
171 14 3
53 185 1
71 66 2
195 78 1
66 44 2
65 54 4
132 22 4
2 193 1
20 190 1
92 128 4
93 148 2
172 154 1
34 194 4
154 132 3
181 110 3
141 68 2
93 85 2
44 8 2
186 178 3
123 77 3
31 189 3
140 134 3
68 16 4
187 186 2
51 191 1
68 2 4
15 161 1
3 76 4
25 0 2
197 124 3
18 33 2
187 142 3
171 137 1
143 79 1
8 100 4
145 15 3
143 148 4
191 188 2
75 153 3
62 139 2
43 138 4
81 26 2
115 24 1
129 168 2
109 191 3
71 177 4
94 49 2
100 23 1
194 198 4
40 124 3
137 166 4
174 14 4
135 122 4
181 130 4
79 112 1
196 166 1
139 31 4
109 80 4
54 51 4
126 109 4
128 113 1
127 152 3
107 114 1
100 35 4
43 11 4
20 104 2
96 11 2
195 148 4
174 69 3
49 134 3
45 46 2
72 134 1
27 181 4
50 77 4
97 145 2
182 70 4
0 138 2
96 15 2
87 68 1
59 112 1
131 173 4
147 92 3
9 24 2
19 73 1
121 96 2
109 174 4
72 30 4
19 83 3
194 137 3
166 11 2
71 9 2
112 154 2
123 140 3
119 75 4
117 131 1
111 91 3
90 77 2
162 183 3
42 78 4
113 167 1
182 76 2
195 157 1
162 152 2
188 95 2
83 10 4
136 157 3
173 152 4
145 68 3
139 102 2
65 78 3
33 72 3
30 157 2
177 4 3
150 63 4
93 179 3
98 127 1
123 68 1
137 198 2
29 43 4
111 183 2
135 165 2
178 80 2
134 51 1
63 174 1
44 199 2
149 7 3
45 127 1
43 191 3
99 47 1
135 152 2
55 130 3
186 61 3
55 59 4
116 114 3
91 32 3
85 4 3
170 68 1
190 145 2
46 137 4
121 99 1
26 33 4
77 161 3
12 183 3
187 31 4
131 12 1
128 197 4
165 162 4
46 37 2
103 184 2
54 31 4
14 170 1
121 160 2
192 164 1
161 114 1
144 187 1
195 3 2
106 149 3
133 168 4
86 118 2
118 53 2
75 1 2
197 65 2
33 44 2
64 144 2
105 134 4
110 73 3
165 98 3
125 136 3
76 13 4
61 140 4
36 139 3
133 58 3
111 42 1
143 156 2
55 175 2
61 194 3
43 110 4
197 83 4
97 104 1
43 57 2
41 9 1
115 180 1
64 133 3
154 90 1
13 16 1
173 89 2
193 159 3
186 40 2
136 62 1
112 101 1
56 127 3
183 180 2
85 59 3
0 17 3
44 161 2
58 57 2
19 174 1
157 180 3
134 146 3
187 177 1
35 37 3
105 62 4
9 171 3
107 61 2
52 40 3
26 64 4
39 18 3
151 13 4
128 157 3
36 16 1
73 138 2
15 187 4
56 177 2
104 35 1
143 129 4
37 100 3
149 87 4
155 10 2
187 109 2
173 78 2
132 192 2
170 110 4
78 14 2
134 41 2
17 68 1
101 163 1
150 86 3
25 37 2
48 25 4
69 50 2
105 42 2
40 68 3
41 187 1
89 165 2
197 192 2
172 99 3
80 138 3
91 129 2
171 110 4
105 29 2
117 149 2
84 125 2
33 47 1
187 115 1
155 5 1
18 176 3
10 2 4
17 189 1
112 90 1
26 54 2
24 106 3
119 74 2
108 161 3
25 105 2
148 197 3
25 16 2
80 13 1
170 27 3
159 194 4
47 21 4
174 83 2
90 172 1
10 146 3
84 12 2
105 71 4
168 63 1
174 104 2
155 153 3
120 48 1
15 143 1
185 196 4
48 94 3
39 177 1
181 165 4
22 30 1
150 131 2
85 119 1
56 22 1
175 123 4
45 18 2
173 155 4
148 177 3
159 172 3
85 31 2
51 159 4
64 123 3
153 62 3
171 148 2
67 119 3
153 50 3
69 42 4
136 46 4
52 55 1
63 10 3
183 159 1
61 147 2
44 53 4
27 34 3
15 100 2
6 93 4
99 151 4
15 63 2
11 191 2
104 171 2
138 123 4
17 193 1
186 146 1
168 195 1
195 40 2
180 116 4
193 52 2
102 110 2
7 136 2
5 195 3
68 134 3
131 172 3
136 198 1
8 14 3
128 41 3
5 87 1
191 78 4
152 131 3
58 9 4
16 121 4
155 143 1
151 158 1
90 111 3
14 188 4
112 146 3
133 138 3
49 68 1
34 163 3
141 170 3
42 151 3
58 177 3
175 164 2
129 173 2
36 76 4
17 80 4
180 39 4
