9950 200
0 100 2
100 18 5
100 160 8
160 159 7
18 170 3
18 52 5
52 43 9
52 36 1
0 26 3
43 134 8
36 5 7
43 178 4
159 71 9
159 145 9
18 62 1
52 189 3
170 124 9
36 144 8
62 187 8
52 137 9
43 140 6
36 32 9
52 119 3
26 117 3
71 194 7
32 57 2
144 9 8
52 193 5
5 130 8
144 3 3
100 132 8
160 48 9
0 53 6
0 70 2
159 72 7
119 172 1
194 106 6
144 19 3
144 82 1
134 168 8
194 69 2
48 96 1
9 87 1
87 179 7
69 27 8
189 56 3
130 83 2
193 163 2
72 21 5
62 65 2
82 44 7
21 28 6
140 41 7
53 164 7
56 89 3
19 133 9
133 188 6
83 182 1
5 191 1
134 68 2
70 79 3
44 177 8
124 113 5
62 45 7
3 115 3
188 197 1
45 95 7
145 142 1
89 73 2
197 102 5
79 161 5
172 34 6
68 195 7
172 58 4
79 156 1
193 49 4
191 141 3
79 148 7
27 7 2
156 107 2
115 91 5
73 78 7
194 186 9
137 116 9
134 196 6
5 157 5
72 151 1
65 98 4
179 50 6
52 10 6
28 35 8
164 173 9
65 127 2
65 114 6
160 99 3
96 77 6
173 51 5
119 66 3
78 139 3
41 190 7
182 64 2
116 17 8
148 166 6
102 15 2
186 169 8
156 118 3
65 153 1
96 39 7
161 46 6
102 183 7
189 104 3
144 60 6
65 125 2
79 80 4
72 8 7
115 158 8
153 29 4
116 108 6
158 2 1
125 105 3
188 136 9
53 109 3
62 42 8
166 121 2
163 93 6
77 38 9
98 184 9
78 11 3
27 30 4
60 110 2
8 37 6
186 75 5
141 146 8
168 33 2
102 192 2
21 25 8
5 86 6
172 22 9
140 88 1
178 155 6
35 112 2
39 59 9
197 23 5
182 54 3
195 120 5
118 67 9
99 97 1
105 12 7
96 165 5
117 149 4
70 31 3
137 174 5
95 103 5
59 13 4
120 128 9
53 152 7
112 1 8
21 55 1
115 85 9
13 92 3
146 84 9
83 14 8
1 90 8
38 176 9
75 16 8
53 101 9
148 24 4
80 4 2
65 47 7
152 147 3
67 180 3
17 143 3
36 76 4
120 181 6
183 175 6
30 167 4
9 185 4
72 61 8
39 74 1
25 20 7
20 150 9
175 126 2
29 135 2
180 131 1
28 129 7
55 122 7
136 171 6
186 81 7
144 6 8
56 162 8
106 111 5
193 40 2
170 198 5
76 138 6
192 123 9
159 63 1
73 199 5
121 94 8
25 154 7
90 182 3
179 85 3
197 79 1
189 102 3
165 32 2
50 196 1
63 190 4
124 27 2
64 98 3
130 131 1
199 163 4
36 37 1
136 42 3
7 17 2
57 76 1
191 122 4
123 179 4
81 129 1
130 161 2
169 29 4
6 121 3
128 116 2
119 173 2
66 176 2
88 127 3
107 20 3
187 38 1
140 134 3
98 171 1
192 196 4
55 94 2
186 69 4
37 79 3
61 189 2
172 134 1
42 161 4
52 88 4
165 44 2
59 32 4
140 190 3
42 178 3
137 57 2
75 44 4
130 98 3
97 56 4
165 112 2
141 127 3
72 180 3
68 83 1
10 61 4
8 59 1
50 175 3
134 69 3
169 197 1
130 178 2
9 139 3
106 181 4
132 130 3
61 9 4
92 194 4
16 111 3
54 26 4
147 101 4
38 62 3
133 140 2
13 137 3
59 135 2
63 51 4
30 137 3
10 35 2
88 156 1
5 187 2
73 149 3
82 121 2
175 17 2
11 133 2
148 177 1
199 48 3
121 44 2
121 109 2
107 17 4
11 55 1
162 180 1
144 186 4
28 115 1
51 155 1
135 54 1
149 161 2
196 60 2
179 175 3
158 122 1
132 86 2
80 72 2
132 8 4
10 132 2
67 85 1
56 183 3
162 115 3
27 135 1
102 133 2
19 161 4
109 163 2
105 144 1
120 28 4
158 63 3
19 109 4
178 103 2
51 198 2
193 106 1
147 51 4
131 14 4
122 97 2
30 141 3
104 32 2
5 71 2
97 89 3
30 192 4
7 3 1
109 46 2
32 111 1
154 120 3
106 57 3
45 123 2
97 69 2
85 73 2
29 88 4
110 135 2
81 71 2
127 57 4
156 136 3
165 9 4
111 15 3
177 3 3
62 142 2
97 182 1
156 173 2
30 114 1
143 128 3
18 131 4
50 151 1
56 73 1
29 73 3
60 89 4
103 118 3
103 132 2
80 15 2
136 32 3
191 193 1
119 104 4
18 64 4
12 44 4
144 12 4
190 132 2
173 171 4
27 149 1
90 76 3
23 87 2
26 17 2
161 107 4
150 69 1
168 70 3
63 121 4
180 84 2
163 149 3
33 148 1
142 114 4
76 78 1
117 86 2
157 118 3
27 76 3
113 174 4
13 9 3
19 107 3
56 83 3
31 42 4
182 183 4
198 107 3
196 77 4
167 181 3
5 78 4
83 167 3
113 87 4
2 152 2
132 69 4
40 92 4
109 108 4
195 138 1
81 167 4
163 69 4
177 113 3
134 45 1
57 147 2
158 148 2
172 190 3
139 34 3
71 35 2
58 107 2
102 196 1
144 83 3
95 65 1
142 143 1
122 198 4
92 106 1
184 36 4
76 30 3
66 100 4
163 13 3
103 124 3
27 103 3
191 46 1
49 121 3
53 95 3
130 43 3
16 164 4
33 194 4
193 105 3
58 100 4
51 134 4
170 16 1
47 116 4
22 74 3
62 47 1
95 102 2
186 178 1
161 34 3
74 186 4
63 109 2
141 110 3
44 8 3
145 149 3
55 160 2
92 155 2
8 98 3
142 112 2
84 143 4
129 86 3
110 85 4
25 101 3
98 111 1
39 60 3
130 176 4
44 60 3
39 103 2
161 27 2
195 60 1
195 132 2
143 48 4
71 129 3
75 85 3
54 17 1
129 183 1
145 184 1
14 142 4
129 102 2
109 40 1
169 165 3
15 150 1
79 32 2
59 164 4
102 141 2
46 101 4
123 98 1
92 156 4
57 139 1
28 99 1
31 44 3
119 175 2
62 73 1
172 36 4
141 107 1
49 151 3
152 199 2
10 171 4
42 27 4
195 160 2
190 124 3
12 185 2
184 29 1
48 9 1
148 13 2
17 147 2
80 186 3
169 124 2
4 67 3
151 134 1
66 154 2
159 198 2
44 120 1
139 101 1
123 193 4
193 55 2
4 93 4
135 26 3
62 3 1
29 164 1
92 111 2
30 125 1
21 125 3
108 9 2
0 22 4
12 124 4
108 160 3
134 9 2
66 184 2
81 125 3
167 135 2
124 139 3
113 77 3
37 32 2
17 21 4
129 171 3
9 188 2
7 74 4
79 75 2
156 190 3
25 191 2
191 172 1
159 37 3
57 129 3
96 2 4
55 46 4
176 113 4
48 146 3
69 12 1
24 60 1
115 143 4
30 78 4
131 121 1
111 163 1
89 191 1
70 22 2
83 111 1
111 189 1
90 100 2
103 175 3
57 102 4
46 149 1
56 119 3
146 168 4
180 181 1
55 174 3
149 17 1
23 164 1
158 21 4
1 170 2
31 22 4
30 142 1
70 183 2
199 173 2
199 61 2
38 185 3
32 28 1
136 16 2
3 170 2
37 25 3
84 6 3
186 159 3
97 83 1
165 106 2
100 186 1
125 54 2
21 58 4
117 179 1
178 166 4
106 77 1
193 181 3
185 19 4
59 77 3
106 20 1
97 134 1
105 171 2
61 0 1
155 8 3
23 35 2
175 118 3
173 29 2
29 53 3
98 46 2
16 69 4
188 86 1
181 76 4
157 78 2
43 48 4
148 173 3
14 0 2
179 51 2
179 156 3
199 5 4
61 33 3
122 118 4
131 77 4
52 165 1
28 123 3
173 11 1
76 74 3
198 166 4
126 78 3
160 124 2
151 64 2
48 152 3
166 143 1
198 102 3
75 109 1
25 30 4
120 47 2
118 22 4
55 141 2
53 6 1
45 29 3
22 190 1
18 4 2
13 32 2
86 136 3
188 79 1
146 25 4
147 8 2
148 87 2
86 146 4
196 83 2
154 55 4
130 75 3
169 31 3
40 199 1
110 16 3
110 163 3
76 143 2
34 148 2
77 16 4
111 169 2
94 49 3
180 123 3
131 94 3
107 194 2
68 11 2
187 42 3
136 33 4
46 160 3
63 167 2
197 71 2
186 97 4
46 168 4
191 132 2
110 118 2
17 14 2
119 87 4
45 164 1
152 106 2
143 117 1
64 19 2
34 42 4
173 71 4
120 122 1
6 94 2
70 186 3
100 62 4
177 165 1
36 3 4
32 22 3
93 191 2
39 8 2
42 107 1
113 112 3
30 2 2
192 40 1
171 189 1
158 0 2
89 168 1
0 5 4
186 98 1
195 86 2
0 115 4
71 26 1
183 156 4
37 166 2
46 94 2
186 127 1
18 159 2
170 52 1
98 19 1
146 98 3
193 145 1
0 28 1
167 97 1
139 109 1
184 179 1
96 154 2
175 155 3
93 181 2
92 178 4
147 142 4
176 51 4
41 54 3
9 123 3
19 47 2
8 173 4
65 69 2
55 75 1
66 180 2
113 166 1
71 70 2
94 199 3
154 70 2
156 2 1
27 127 3
39 27 4
39 50 3
68 188 3
50 80 1
2 171 3
122 166 1
172 41 1
183 136 4
38 57 4
12 119 3
175 25 3
52 155 2
126 162 2
180 73 4
139 120 3
29 180 2
155 16 2
143 137 1
131 142 1
12 14 2
83 17 2
82 143 3
134 99 4
94 175 3
159 13 4
72 24 1
145 79 2
6 136 1
184 87 4
144 10 4
173 30 2
146 70 4
23 133 1
192 110 1
35 122 3
140 66 4
194 91 2
182 22 4
184 97 4
130 12 4
102 173 1
154 140 2
15 74 2
147 111 3
50 47 3
151 82 3
187 154 1
95 132 2
47 101 2
147 120 1
133 181 4
87 110 1
96 40 1
6 95 1
50 61 4
86 162 3
116 72 2
159 83 1
12 101 1
30 14 2
42 116 1
58 139 1
53 99 1
102 97 1
96 187 4
63 197 3
84 1 2
158 98 3
86 40 1
97 29 3
104 30 3
69 23 4
176 102 1
3 13 4
87 115 4
34 15 2
152 31 1
40 33 4
82 14 4
199 74 1
98 149 4
59 124 3
184 158 3
111 40 1
131 53 2
67 181 1
176 71 1
61 85 2
84 48 1
199 169 1
150 147 2
106 134 2
21 115 3
3 59 4
160 161 4
67 111 1
199 14 3
69 52 4
191 131 4
182 17 1
38 147 4
26 89 3
8 15 3
28 167 1
48 22 3
72 177 2
161 66 2
107 123 3
81 137 3
143 88 1
17 85 3
103 53 1
30 187 4
128 58 4
117 8 4
112 115 4
63 72 1
27 53 3
176 27 4
63 136 4
155 176 1
109 122 3
112 139 2
109 169 4
44 102 4
187 68 2
14 25 3
15 63 2
154 68 4
127 109 3
91 129 2
8 96 1
141 97 2
131 146 3
111 19 2
39 145 3
22 103 4
17 91 2
59 162 2
43 118 4
108 71 2
28 189 1
25 36 3
196 54 4
194 144 3
37 91 1
120 66 2
56 49 3
11 103 2
49 157 1
8 85 1
138 34 4
90 8 1
8 58 1
164 76 3
109 129 1
111 81 2
17 113 2
81 19 1
112 20 4
113 100 1
91 39 2
103 162 4
98 138 4
58 42 3
182 198 1
64 55 2
146 170 1
137 135 4
4 52 1
132 105 1
69 53 4
177 16 2
123 87 3
133 151 3
120 86 3
19 196 1
176 39 2
42 23 4
83 35 1
161 163 2
24 127 2
107 61 4
63 127 2
135 97 4
157 67 4
95 123 2
54 40 1
130 104 1
109 185 1
183 19 2
188 76 1
173 109 4
139 174 4
128 27 1
52 70 3
190 199 2
102 147 4
98 109 3
156 155 3
180 141 1
94 169 3
186 128 3
61 177 1
93 195 1
18 11 1
57 17 4
141 186 2
113 114 3
52 149 4
54 14 3
0 105 2
163 151 3
94 99 1
75 64 3
89 22 3
4 27 4
31 27 4
91 132 1
104 183 2
135 170 1
135 197 3
0 191 3
35 68 2
180 133 3
185 114 1
88 80 4
153 22 2
104 165 2
54 92 3
0 166 2
122 101 2
197 12 1
152 107 3
152 129 2
25 123 2
180 176 2
114 132 1
156 80 3
183 131 3
88 1 1
109 100 3
86 44 4
19 63 3
89 58 4
0 159 3
39 167 1
14 58 2
24 36 3
86 97 1
0 76 3
44 49 2
152 28 4
11 69 2
34 80 2
79 62 3
96 13 3
162 131 2
68 66 4
145 160 4
165 21 1
59 44 2
125 104 2
135 13 1
3 119 3
162 125 3
33 80 2
134 156 3
151 44 1
89 71 1
18 151 3
52 112 4
119 8 1
119 117 1
80 129 3
96 109 1
68 84 2
108 136 2
43 186 2
174 196 4
43 125 3
108 59 2
109 153 1
125 32 4
95 55 2
128 70 3
80 177 2
77 182 1
51 20 1
184 38 1
141 81 3
57 31 3
113 152 1
56 131 1
93 91 3
51 91 1
158 140 3
117 62 3
61 44 4
9 198 1
154 106 3
130 80 2
59 22 3
179 25 1
136 5 3
74 45 4
145 45 1
92 34 2
175 95 2
87 54 4
127 143 2
79 163 3
125 122 3
62 122 4
186 33 2
96 20 1
58 142 2
198 114 4
123 4 4
67 76 1
72 107 3
83 151 2
154 165 4
118 32 4
86 199 2
60 182 1
167 105 4
117 41 2
52 26 4
85 16 1
25 182 4
112 69 1
117 32 2
137 91 4
110 194 3
80 152 4
6 17 1
112 36 2
27 94 3
45 41 3
103 161 1
125 48 1
186 156 2
6 66 1
60 99 1
191 144 1
64 99 2
138 137 4
94 54 2
65 39 3
185 145 1
81 130 4
121 179 2
4 12 3
86 168 3
151 160 1
126 11 2
155 17 1
152 181 4
182 92 3
199 118 3
87 185 2
96 195 2
6 14 3
69 183 3
134 38 1
153 106 2
155 114 3
150 48 3
61 125 1
75 169 2
193 60 2
85 199 2
188 125 1
40 70 3
158 67 2
89 66 2
188 195 1
180 27 2
78 83 3
141 45 2
68 155 3
118 146 1
89 24 4
116 166 4
61 71 2
52 65 4
170 23 1
49 188 2
103 8 3
82 92 2
60 157 3
65 164 2
61 6 2
121 98 3
148 101 1
111 35 3
113 59 1
29 54 2
81 94 2
7 45 3
111 51 2
66 190 1
1 138 2
133 159 1
80 166 1
21 77 2
59 63 2
165 155 3
191 54 1
116 52 3
186 11 2
159 144 2
99 124 4
157 117 1
79 128 4
189 129 1
145 35 2
106 144 2
46 157 3
133 169 2
177 91 4
29 146 1
192 38 3
167 194 3
165 56 4
62 93 4
35 114 4
72 168 4
164 180 2
20 49 2
164 82 3
29 158 1
127 185 2
80 25 1
186 42 1
50 103 1
115 120 3
8 188 2
40 104 2
89 25 2
86 61 2
129 158 3
128 12 4
185 86 4
166 168 2
13 30 1
138 132 2
194 17 2
19 29 1
174 186 2
100 44 2
107 25 1
80 104 4
116 81 3
98 185 4
197 144 3
50 74 4
93 108 4
4 68 2
120 175 3
59 127 4
131 156 1
32 177 2
26 23 3
66 63 1
177 106 3
28 113 4
182 70 1
162 5 4
70 129 3
134 120 4
89 199 1
83 193 1
72 154 1
14 32 3
55 183 4
66 145 3
123 114 4
59 10 2
125 47 1
36 143 2
34 140 3
42 7 3
108 97 3
20 124 3
40 42 4
144 96 3
59 116 1
29 110 1
56 78 4
28 83 1
62 87 2
16 81 1
38 15 2
69 168 3
199 160 4
4 152 2
171 116 4
111 10 1
149 91 4
33 166 3
30 80 4
93 198 3
173 42 1
58 115 3
104 121 4
144 145 4
35 137 2
153 191 2
20 137 1
97 8 4
135 93 4
69 146 1
127 156 1
41 59 2
76 135 1
148 126 4
6 16 1
90 184 1
158 128 4
161 57 3
141 66 2
148 82 1
107 170 1
69 111 3
95 47 1
154 89 1
183 50 2
53 168 1
131 27 3
71 79 1
90 96 1
85 36 4
91 52 2
157 75 3
42 94 2
108 65 1
114 56 3
138 179 2
95 101 4
48 154 1
96 4 3
51 195 2
133 100 4
97 163 1
72 104 2
77 100 4
115 172 4
85 197 4
190 173 4
189 89 1
31 171 3
89 135 4
45 37 3
88 130 2
106 48 3
126 149 4
193 89 3
68 28 2
117 177 4
71 7 2
152 171 3
12 55 3
10 193 3
30 12 1
179 173 2
115 80 1
92 170 1
194 133 2
194 21 1
185 83 1
91 113 3
134 33 4
23 113 4
195 39 1
83 21 1
21 173 1
39 129 4
80 69 1
3 182 1
71 126 1
68 120 4
13 0 2
82 117 4
23 91 3
146 158 3
124 108 4
46 115 4
134 129 1
192 188 1
142 85 1
163 131 3
169 125 3
119 126 1
20 8 1
52 194 3
38 113 1
170 147 1
179 137 1
143 44 1
71 118 3
171 82 4
34 68 1
15 164 3
50 84 3
111 72 2
193 112 1
163 166 4
187 4 4
130 143 1
191 100 1
191 18 2
169 11 3
91 118 4
81 180 1
182 162 4
121 182 3
105 21 2
63 87 2
77 37 4
47 25 4
134 93 4
79 157 2
31 163 1
149 135 4
191 57 2
10 199 1
10 120 4
81 174 4
20 42 1
149 87 1
142 53 2
51 123 3
96 19 3
86 124 3
63 135 1
9 59 2
96 101 2
6 39 4
180 41 1
102 123 4
143 95 1
181 61 4
130 74 4
174 149 4
168 185 4
25 147 1
70 58 2
177 17 3
178 74 3
18 50 2
74 10 4
75 177 1
126 168 4
162 10 4
105 59 4
115 134 1
125 171 4
58 179 3
7 53 4
194 173 3
167 122 4
119 68 3
129 123 1
53 35 3
163 120 2
92 29 2
197 0 2
113 43 2
72 130 2
40 35 2
137 69 1
178 145 1
59 70 4
135 171 4
153 20 4
14 126 3
191 138 1
20 2 3
2 13 2
94 71 4
104 111 1
160 14 2
168 163 2
19 171 2
0 83 4
33 107 3
45 146 4
185 176 2
149 155 3
118 145 2
13 143 4
150 107 3
75 53 4
177 21 1
95 3 4
78 170 4
176 132 2
80 169 1
113 56 4
51 16 3
195 36 2
135 82 2
86 140 3
67 72 1
19 7 4
155 157 3
182 62 2
99 196 1
67 187 4
12 183 4
157 110 4
63 93 3
6 165 3
125 139 3
186 71 3
186 88 2
91 197 4
114 23 4
199 166 4
97 140 2
189 20 2
49 73 3
58 26 4
69 166 4
80 111 1
139 192 4
176 47 1
90 37 2
27 159 2
52 38 4
190 149 3
17 4 3
18 105 4
192 87 1
181 122 3
93 185 3
114 135 2
20 119 3
31 83 4
6 145 1
16 78 2
104 37 2
199 69 4
9 127 1
137 118 1
171 66 3
186 34 3
145 61 2
128 113 1
186 48 3
28 95 4
97 49 3
79 42 3
85 194 2
12 112 3
84 67 3
181 187 2
59 29 1
51 37 1
146 52 4
86 27 2
177 196 4
29 62 2
138 173 4
111 91 2
164 129 3
158 86 1
191 151 2
176 156 3
46 30 3
153 189 2
77 71 1
156 21 3
23 73 3
105 198 3
118 93 1
48 53 2
51 154 4
111 31 3
130 170 1
82 9 3
45 157 4
158 43 4
58 64 3
105 10 3
102 188 1
53 150 4
119 63 3
175 30 3
137 111 1
140 40 4
33 142 3
176 170 2
43 107 1
21 62 4
145 3 3
198 1 3
101 140 3
150 105 3
20 24 4
187 100 2
44 197 3
199 55 4
38 51 3
8 141 2
52 87 1
117 27 4
94 41 3
193 61 4
145 17 2
160 0 1
175 81 3
162 42 2
24 12 3
173 69 3
119 177 3
88 99 4
139 107 1
28 195 4
176 100 1
44 131 4
29 38 1
65 16 3
10 56 1
95 86 4
27 26 1
8 84 1
75 145 3
50 193 1
0 122 4
60 163 4
102 78 4
0 132 3
100 108 3
150 17 4
44 107 4
60 55 1
87 121 3
130 182 1
157 150 1
85 29 3
110 123 2
11 2 2
32 47 4
64 197 1
167 50 2
17 68 2
131 166 1
76 196 4
33 110 3
16 76 4
187 120 2
178 149 2
162 187 3
103 199 3
119 185 4
13 48 2
122 195 3
22 131 2
33 10 2
62 135 4
12 158 2
11 159 1
123 24 2
151 55 2
85 93 2
96 64 3
153 83 3
109 196 2
145 10 4
145 158 1
27 55 2
67 106 1
84 33 1
179 4 1
110 56 2
130 197 3
46 111 2
40 68 2
123 14 3
9 43 3
143 8 2
185 197 1
110 122 1
193 122 1
183 78 3
157 58 3
32 18 4
45 129 3
13 199 4
109 25 2
195 171 1
62 7 3
31 50 4
92 133 2
123 0 4
153 141 3
27 173 4
181 71 1
178 198 2
2 19 4
136 140 2
33 7 4
141 37 1
187 53 2
44 1 2
189 182 4
178 105 1
10 116 1
179 186 3
35 187 2
114 108 1
185 90 2
151 135 1
106 99 3
24 144 3
185 194 4
32 46 4
138 7 4
182 197 1
29 125 1
147 185 4
13 76 2
154 171 3
54 25 1
141 150 2
131 85 3
46 195 4
27 155 4
30 153 4
68 197 3
154 147 3
81 149 2
126 31 3
123 150 4
69 59 2
11 180 2
186 190 1
197 193 1
103 144 2
67 61 3
126 141 1
155 87 4
188 32 1
9 96 2
75 39 1
55 51 2
21 144 4
191 21 4
117 24 2
15 130 1
25 153 4
158 124 2
59 181 3
129 193 1
116 91 2
92 181 2
189 188 2
112 166 3
162 169 3
79 5 3
149 60 1
174 147 3
183 117 3
47 175 3
181 60 2
74 63 4
125 44 1
23 168 4
147 91 1
24 58 1
47 74 4
54 198 1
174 16 3
46 100 4
64 49 1
31 89 3
66 118 1
41 167 2
102 98 1
186 116 2
52 120 2
198 117 4
95 130 2
85 84 1
56 35 2
177 134 2
27 19 2
14 138 4
68 184 1
61 114 4
137 3 1
43 98 4
60 134 2
33 57 3
1 56 3
8 159 3
11 162 1
186 37 4
179 128 1
77 141 4
136 30 2
197 3 4
17 156 4
102 84 1
86 112 4
194 158 3
71 146 1
38 66 4
113 134 2
108 135 2
193 156 1
102 52 4
157 120 1
59 114 3
137 157 4
107 104 3
145 192 3
81 133 2
53 199 4
45 156 3
28 176 3
108 15 3
132 93 2
111 170 3
33 127 2
161 15 4
26 84 1
36 41 3
158 53 4
58 151 3
50 155 3
153 51 3
86 106 4
128 180 4
32 38 4
24 76 2
69 98 3
98 28 1
26 20 2
19 1 1
42 39 4
34 8 3
173 162 3
47 178 2
32 124 3
160 38 2
157 2 4
162 76 3
80 143 2
53 84 2
179 195 2
75 8 1
127 14 3
17 110 2
15 14 4
0 31 1
117 33 3
194 96 4
164 152 3
191 84 2
198 106 2
5 69 3
132 42 3
172 187 2
180 1 4
5 165 2
187 178 4
106 90 3
8 183 4
179 76 4
75 179 1
125 67 3
70 135 1
62 199 4
106 184 2
7 97 2
143 4 4
75 51 1
129 150 3
80 55 2
13 99 2
8 169 4
0 81 4
105 195 1
117 175 2
183 195 2
71 47 3
48 192 1
112 7 3
77 65 1
198 108 3
75 163 3
56 118 1
193 12 1
140 24 1
15 196 4
68 54 2
138 40 2
153 4 2
54 118 1
119 190 1
149 101 1
58 165 2
104 147 3
89 158 1
19 5 1
86 115 4
175 48 2
112 45 4
61 109 4
110 139 1
15 55 3
117 10 4
172 149 2
10 197 4
159 26 2
58 147 2
167 88 1
144 161 1
142 196 1
99 199 4
7 60 4
157 129 2
47 11 2
197 184 4
190 31 4
54 103 4
164 34 3
143 29 2
85 81 1
145 28 2
142 99 1
102 6 2
42 105 1
114 25 3
75 129 3
175 150 1
77 175 4
59 184 1
127 157 2
76 95 1
29 7 4
155 22 3
82 113 2
41 119 3
10 69 2
26 22 4
17 158 4
170 48 4
139 3 2
146 171 1
61 141 4
110 25 3
175 128 1
91 114 2
38 122 3
182 141 3
63 154 3
110 186 2
92 121 2
62 132 4
28 191 3
173 83 4
65 64 1
32 9 4
183 23 4
71 98 3
46 120 2
198 18 2
167 21 2
48 65 4
34 152 3
99 192 4
38 80 1
43 74 1
89 151 4
143 101 3
195 152 3
4 13 1
139 169 1
118 167 4
22 165 1
188 24 3
27 28 4
43 63 2
189 170 4
187 115 2
171 40 4
190 94 4
66 132 2
91 57 1
95 160 2
86 1 4
191 8 2
99 6 2
90 54 1
197 86 1
65 40 4
119 169 3
31 36 1
194 57 4
56 196 1
146 11 2
148 184 2
51 81 3
114 179 3
92 180 1
3 64 2
186 153 1
151 21 3
132 166 1
8 16 4
38 21 4
178 169 3
101 184 3
131 80 2
41 192 1
54 134 4
126 151 1
97 27 2
27 70 3
96 46 3
104 184 2
175 136 2
122 89 4
141 162 1
34 132 4
19 122 1
193 130 1
77 3 4
20 58 3
135 111 2
105 55 1
197 167 4
160 153 4
163 53 1
164 197 1
62 147 2
75 154 3
191 92 3
74 88 2
90 177 3
144 146 4
112 91 1
100 137 3
4 105 3
153 64 4
164 69 2
173 103 3
78 43 2
86 144 2
91 6 4
107 31 4
98 33 2
53 10 3
99 158 3
149 39 2
24 109 3
149 125 1
140 123 3
83 63 1
137 0 2
33 65 4
59 131 2
96 58 3
69 37 3
143 91 1
22 5 1
62 154 1
137 196 4
21 49 4
23 76 2
84 25 4
39 14 2
60 45 1
135 190 2
75 97 4
108 61 1
109 140 2
74 70 4
16 22 1
56 70 4
103 77 3
193 132 4
171 144 3
37 120 4
117 158 4
198 104 2
1 71 3
92 123 3
196 176 4
169 37 2
36 186 2
199 133 3
32 56 2
98 95 2
70 193 3
102 184 2
42 89 1
153 157 3
147 5 1
198 167 2
14 182 1
133 152 4
199 96 2
193 110 3
154 23 1
50 43 3
163 70 3
111 176 4
29 6 2
128 47 2
44 32 1
86 108 2
7 30 4
98 154 2
178 121 2
44 173 2
98 119 4
71 182 1
90 147 3
177 154 3
45 61 4
81 171 2
4 145 1
160 53 2
104 173 1
141 19 3
176 85 4
195 44 2
64 148 3
119 136 3
61 78 4
8 4 1
33 34 4
183 166 1
100 53 3
112 58 2
79 117 1
143 153 2
109 67 4
137 70 3
23 156 4
133 69 3
91 59 2
153 104 4
167 0 3
149 121 3
47 69 3
69 195 2
38 117 1
171 90 3
43 128 2
29 194 4
55 77 1
162 120 1
139 79 2
49 177 3
150 91 2
54 148 2
136 87 2
89 11 3
14 192 4
154 84 2
43 179 3
127 42 3
50 89 3
126 180 3
11 124 3
186 31 3
82 146 4
78 131 2
17 165 1
54 62 1
161 196 2
13 154 4
123 42 1
70 24 3
162 7 2
10 155 1
53 157 2
184 147 3
159 35 2
29 147 1
125 107 3
87 124 2
18 19 4
37 188 1
167 151 2
147 106 1
199 110 2
79 121 2
144 44 1
110 174 2
140 22 4
90 48 3
32 40 1
153 11 3
32 83 1
122 41 1
92 141 3
38 93 2
126 2 2
44 67 4
65 56 4
53 85 3
116 61 2
32 30 2
119 1 4
14 87 3
95 152 4
189 190 2
91 69 1
199 26 1
191 51 3
11 83 1
168 35 2
101 108 1
194 159 1
122 61 3
171 157 2
129 40 2
47 186 1
175 165 3
177 112 2
110 88 2
168 195 1
197 139 1
122 22 4
45 25 4
67 179 1
60 87 3
111 12 3
3 192 4
28 112 2
15 124 1
185 17 1
161 91 1
178 7 2
169 145 3
136 145 1
145 20 2
148 59 3
55 36 4
83 169 4
50 35 3
60 79 2
188 177 1
175 135 3
185 150 2
191 142 3
148 53 3
81 40 2
81 76 3
13 16 1
116 18 3
156 7 1
159 94 1
112 62 2
64 71 4
188 59 1
151 154 3
196 53 4
123 57 1
143 191 4
57 78 4
85 2 1
161 74 4
152 126 2
82 165 2
3 15 3
67 29 1
151 116 3
56 86 2
38 191 1
92 46 3
89 0 2
8 197 1
81 61 4
28 91 4
135 146 4
34 189 3
107 45 4
139 31 1
15 191 4
15 157 4
91 183 3
135 92 4
37 115 4
144 148 2
52 47 4
79 63 3
59 66 2
129 6 1
140 51 2
118 26 4
101 55 4
169 161 2
148 146 1
1 52 2
132 23 3
194 50 1
169 128 4
50 182 3
9 102 2
25 26 1
63 133 3
64 7 2
159 139 3
45 27 2
133 121 4
36 128 2
146 68 3
190 51 4
5 148 4
76 124 4
48 141 3
133 192 3
183 35 4
80 122 4
26 36 2
55 48 4
64 119 4
146 42 3
32 1 3
135 84 3
70 115 1
183 100 4
107 135 4
31 33 4
30 3 2
148 109 2
113 29 1
129 25 1
165 185 1
58 30 1
72 198 4
76 123 2
109 10 3
199 101 2
145 19 4
35 91 3
197 145 3
167 184 4
91 50 4
165 91 2
122 183 1
36 49 1
20 131 4
146 90 4
88 94 3
87 0 2
163 121 4
55 196 1
66 85 2
25 132 2
98 49 3
133 149 4
49 179 1
18 5 3
70 75 3
88 124 3
36 175 4
109 33 1
7 126 3
8 13 3
111 88 4
21 111 4
8 17 4
76 106 3
1 4 2
83 46 4
1 117 1
87 122 2
122 138 4
171 127 3
126 86 2
63 57 1
39 10 1
68 22 2
96 24 2
187 134 2
64 43 4
150 172 2
157 163 2
27 14 3
110 100 2
185 1 2
68 175 2
6 184 1
41 101 1
48 37 3
137 110 4
71 112 2
47 75 1
149 122 1
135 36 4
73 3 4
80 136 4
101 193 4
12 189 3
44 24 2
4 7 4
95 70 1
137 129 3
185 35 1
191 12 4
79 184 4
188 172 2
80 175 4
127 111 2
112 121 4
176 169 3
2 95 2
121 53 2
64 195 1
31 88 2
185 14 2
6 106 1
162 188 4
37 114 3
98 6 1
13 36 4
183 130 4
38 54 3
123 15 1
132 143 1
147 46 3
162 60 1
27 119 2
75 5 3
126 30 4
189 84 1
5 118 4
31 85 3
36 151 4
44 149 1
90 62 1
1 192 3
19 26 3
156 162 4
63 0 3
63 12 3
25 143 1
181 91 3
177 82 3
60 155 1
169 137 1
119 116 4
136 157 4
187 112 4
69 180 3
102 105 2
14 191 4
110 7 2
104 139 4
91 108 4
127 98 2
157 27 2
93 109 2
41 6 4
40 17 2
108 87 3
73 122 1
174 57 1
109 152 3
128 90 1
14 165 4
106 180 1
15 193 2
162 160 4
48 190 2
181 53 3
97 176 4
151 176 1
178 143 2
115 147 4
35 134 1
199 120 2
87 174 1
79 164 4
1 89 2
14 90 3
37 193 1
63 102 1
52 140 1
26 146 3
43 69 4
118 84 1
44 146 4
148 187 1
146 83 2
108 19 3
101 13 2
122 45 1
137 190 2
60 129 3
108 70 4
7 1 3
15 44 1
111 79 3
48 54 4
21 192 4
146 61 3
26 35 2
128 67 4
58 5 4
117 122 3
119 19 3
134 85 3
99 79 2
31 187 1
93 22 4
182 125 3
172 13 4
36 124 1
142 90 2
98 92 1
6 71 1
108 46 4
104 88 3
67 132 2
44 69 4
177 74 4
0 30 1
140 185 2
198 140 3
159 120 1
179 136 4
188 181 1
164 110 4
119 17 3
77 151 3
15 172 4
27 172 2
65 152 4
176 44 1
35 5 1
76 118 4
125 50 1
47 196 1
78 28 4
128 117 2
143 121 3
82 73 2
150 55 2
7 175 1
187 14 2
155 100 1
102 168 3
72 178 3
162 130 2
11 40 1
75 195 3
168 50 3
97 11 1
41 78 3
30 188 1
151 120 3
105 106 3
76 55 1
171 199 2
68 131 2
187 37 1
178 88 2
193 142 2
50 189 3
66 41 2
196 112 2
159 80 4
129 17 2
8 22 4
104 10 3
189 130 4
157 0 3
192 73 3
172 7 4
136 177 4
99 49 1
153 58 2
105 44 3
118 8 3
22 195 4
76 105 1
6 123 3
130 84 3
121 146 2
96 192 3
43 87 1
87 164 1
125 63 2
120 170 4
127 150 4
146 152 3
73 101 2
71 100 1
183 72 3
151 138 4
66 88 3
48 137 2
122 151 1
26 121 2
68 107 4
106 156 4
92 3 1
100 172 2
80 179 1
147 10 2
69 126 3
197 154 4
161 70 3
40 41 4
26 183 4
177 137 3
121 130 2
110 82 2
150 148 2
181 38 4
79 186 4
44 85 2
7 20 2
84 43 3
9 125 3
194 126 2
64 8 1
172 180 1
7 190 4
145 180 1
150 26 4
173 183 2
124 172 3
24 190 2
153 2 4
188 85 4
156 191 2
11 88 1
139 87 2
9 95 3
194 51 1
45 2 3
194 145 1
42 198 3
57 59 3
185 88 2
26 70 4
90 59 1
56 82 1
119 148 4
143 162 4
38 195 1
198 175 2
51 62 4
164 131 4
117 63 3
62 181 4
133 131 3
153 52 4
131 35 3
23 194 4
74 84 3
146 159 2
6 180 2
146 185 1
45 153 3
57 130 3
29 122 2
194 125 4
10 183 3
52 130 4
124 94 4
178 46 4
141 178 1
127 126 4
7 95 4
136 8 4
120 14 3
1 39 3
103 20 3
141 84 4
194 179 2
180 60 4
101 172 4
128 44 3
43 94 4
181 197 4
85 114 1
163 115 2
0 140 1
7 160 4
160 102 4
153 23 1
168 11 4
102 16 3
32 141 3
34 46 2
122 57 4
65 183 4
7 140 2
185 159 2
175 41 2
187 129 1
44 97 3
167 36 3
29 9 2
79 105 4
110 62 4
149 12 2
146 101 1
159 84 2
54 58 4
87 51 2
84 90 1
35 46 3
152 162 2
30 15 4
183 98 3
171 185 3
60 140 2
130 49 2
145 11 4
123 198 4
113 95 3
101 130 1
66 163 2
196 62 1
104 158 2
105 61 3
106 160 2
123 147 4
187 174 2
198 24 3
129 69 3
87 178 1
31 164 3
102 3 2
22 69 3
178 131 2
54 185 1
25 64 2
170 55 4
183 25 3
140 64 3
55 91 1
145 52 2
180 95 1
126 95 4
145 24 1
121 69 4
161 13 4
59 30 4
125 134 4
99 110 4
125 179 1
169 27 2
21 99 1
138 117 4
151 105 1
56 158 1
122 28 2
191 3 3
95 63 3
185 167 1
98 32 2
21 131 1
193 0 3
9 150 3
46 74 1
67 147 2
13 21 4
39 174 2
63 53 2
22 159 2
131 193 2
121 186 4
98 88 1
88 83 3
160 115 3
172 193 4
138 60 1
187 43 3
76 33 1
143 66 3
48 122 4
13 68 1
88 35 3
187 65 2
191 183 3
21 33 2
88 16 3
5 73 4
17 28 1
137 170 2
69 0 3
165 181 3
49 87 2
45 183 4
165 80 3
104 27 4
142 155 3
155 189 2
124 198 1
131 2 4
67 69 3
47 188 3
74 53 1
63 150 3
182 47 1
156 115 2
67 173 4
10 119 4
59 11 2
181 178 2
174 18 1
117 184 3
12 171 1
138 167 4
97 55 1
32 6 4
173 77 2
3 116 1
152 112 1
74 163 4
149 169 3
83 25 1
118 115 2
121 195 1
95 141 4
148 37 4
90 118 4
113 154 4
38 63 1
107 95 1
116 156 3
98 90 1
141 35 3
119 145 2
96 196 4
148 94 1
50 19 1
1 96 1
33 111 3
5 197 1
62 148 2
188 18 2
6 181 2
163 43 2
14 20 3
156 42 2
158 162 2
198 134 4
132 170 1
99 162 2
2 160 3
190 54 4
183 3 2
8 193 3
92 139 2
46 155 1
72 91 3
53 185 3
140 170 1
40 186 2
20 122 3
24 91 2
114 77 1
134 64 4
62 39 4
158 95 2
30 149 2
53 30 1
103 16 1
101 121 1
179 171 2
75 166 1
10 172 3
152 177 4
163 158 3
79 30 2
59 104 4
166 117 4
199 111 3
93 78 2
199 119 3
96 78 1
56 143 2
10 125 1
0 90 4
50 181 3
199 156 2
32 72 4
89 34 3
146 114 2
108 134 4
137 145 3
50 185 2
21 68 4
41 145 1
82 93 4
120 32 2
179 153 4
73 52 1
141 137 3
142 128 1
83 105 3
181 131 2
196 78 4
184 151 1
0 130 4
35 45 3
169 103 1
124 73 4
41 193 2
126 10 3
90 148 4
39 152 1
67 30 4
21 6 3
3 104 1
80 117 1
56 193 1
184 8 2
140 191 1
12 23 4
127 18 2
112 145 3
121 170 1
17 173 3
6 139 4
37 108 1
40 64 3
132 72 2
153 37 2
83 164 4
139 190 2
160 86 3
104 14 2
191 110 2
198 52 1
22 94 2
70 38 1
199 153 4
178 137 4
21 124 1
101 51 3
10 184 4
17 22 2
6 23 1
11 34 1
183 161 2
11 135 2
118 53 1
196 122 2
82 65 2
5 198 1
116 78 2
113 42 3
23 22 4
92 12 3
156 4 4
21 87 2
49 186 1
172 74 3
54 168 4
189 138 2
120 20 4
10 167 1
109 124 3
184 34 2
199 97 1
43 73 3
17 139 4
164 39 2
40 164 1
122 176 4
159 61 2
100 145 4
122 161 2
93 182 1
176 48 2
132 182 4
51 50 1
188 126 4
37 56 2
52 28 2
10 195 4
111 74 4
52 163 1
128 127 1
140 70 2
184 17 1
46 136 4
157 188 2
85 152 1
104 70 2
178 90 2
10 175 4
149 23 3
100 69 3
191 53 1
175 53 2
79 16 2
136 20 2
8 14 3
72 131 2
83 103 3
142 153 2
197 156 4
47 0 3
51 177 4
197 28 4
166 155 4
15 131 4
30 161 3
36 20 4
13 125 4
188 171 4
175 192 3
173 79 2
68 65 1
2 56 3
33 12 2
44 193 1
58 101 1
80 71 1
27 65 4
11 80 3
130 29 4
44 190 2
185 4 3
18 167 1
199 52 1
66 182 1
23 36 1
189 127 2
153 31 2
123 163 2
97 194 4
174 36 3
29 8 3
101 37 3
3 25 1
26 188 4
11 53 4
162 21 3
103 155 2
107 3 2
161 154 3
48 165 4
3 19 3
21 31 3
173 107 4
27 25 1
186 172 2
98 192 2
170 93 4
22 110 4
71 55 2
67 88 1
190 36 2
199 33 3
169 100 1
89 68 4
171 46 3
109 197 3
25 17 2
174 135 2
30 48 3
78 75 3
129 72 2
73 19 1
96 73 2
111 152 3
59 87 4
110 74 4
32 90 4
12 93 3
144 22 1
88 192 2
198 7 2
70 114 2
34 154 3
32 50 1
66 37 4
33 143 4
53 114 2
168 112 3
152 158 1
157 107 1
115 138 1
60 189 1
68 177 1
3 199 4
40 167 3
95 173 1
12 137 1
102 45 2
11 149 2
4 188 2
111 146 4
157 91 3
14 65 4
155 184 4
104 68 2
144 169 3
93 138 1
95 151 1
68 140 1
187 32 4
77 40 1
9 69 1
66 136 2
181 69 3
34 171 4
10 170 2
88 5 4
84 168 3
133 46 4
190 148 4
50 66 4
138 164 4
51 97 4
167 3 2
149 148 4
105 100 2
141 46 1
94 50 1
146 126 1
99 115 2
94 113 2
27 72 2
87 180 2
38 9 2
189 47 1
66 21 2
60 121 3
78 177 1
141 143 4
103 74 1
99 127 2
155 82 1
135 55 3
114 73 2
187 184 2
54 149 4
139 178 1
92 88 3
66 12 2
31 174 2
25 77 2
125 145 1
114 138 3
52 100 4
16 84 3
1 164 1
54 145 4
11 14 4
129 115 4
111 116 1
11 82 1
48 85 2
48 107 2
141 49 1
96 189 2
191 62 1
14 151 3
125 38 2
128 72 4
140 177 3
178 11 4
194 191 3
111 134 4
45 11 2
75 101 1
11 137 4
88 145 1
44 22 4
170 193 1
103 30 2
68 50 2
174 56 2
81 57 1
71 60 1
127 47 3
128 183 3
127 32 4
130 60 1
161 138 4
105 90 1
42 111 3
197 75 2
34 149 4
26 10 4
194 98 4
45 43 4
74 127 1
193 79 1
88 19 3
181 155 4
79 179 3
54 96 2
27 46 1
75 170 3
169 182 2
120 17 1
85 58 2
77 180 1
36 123 1
127 0 4
155 28 1
95 97 2
48 145 1
179 52 2
76 171 1
65 6 2
35 87 3
88 24 4
129 38 1
83 156 1
150 118 1
78 97 3
31 145 1
137 128 4
194 93 2
155 2 1
124 149 1
127 115 1
187 7 3
189 150 2
167 124 1
95 36 4
100 178 3
59 118 3
124 175 4
43 177 1
14 134 4
94 79 4
158 83 1
15 125 1
100 31 2
187 86 3
111 161 2
184 45 3
86 142 4
87 146 1
96 21 2
186 68 1
147 126 4
193 32 3
97 62 1
29 87 4
21 185 4
105 86 1
16 73 3
149 55 1
16 125 1
115 132 3
10 99 3
153 194 3
41 73 4
120 99 2
92 124 4
119 71 4
165 199 3
46 45 4
171 134 4
101 52 2
35 49 1
104 24 4
112 22 4
187 107 2
138 53 2
80 101 4
194 161 3
50 141 3
67 48 3
15 188 2
156 149 1
49 65 1
42 102 3
111 82 1
62 33 1
91 1 2
56 106 4
85 126 2
168 120 3
35 142 4
6 161 3
100 121 2
171 170 1
85 196 4
134 44 4
176 145 4
134 197 3
123 106 1
103 116 3
153 117 2
180 192 2
120 161 1
17 44 2
149 88 3
190 114 4
164 115 4
27 40 1
197 111 3
139 134 2
165 27 2
175 74 1
50 97 2
150 115 3
103 79 1
134 157 3
109 39 4
44 160 1
63 122 2
31 123 3
78 150 2
80 65 2
5 176 1
21 29 3
10 18 4
152 22 3
6 37 3
130 53 3
95 131 4
47 58 2
1 172 1
83 1 4
147 156 3
133 78 1
149 70 2
142 197 1
146 110 4
111 27 1
199 194 2
90 115 1
114 9 2
61 94 3
150 169 2
120 102 2
146 197 4
10 127 1
145 111 2
188 25 2
179 74 4
120 185 1
54 73 3
1 160 2
145 140 3
132 159 1
131 9 3
107 32 1
85 56 1
167 187 1
152 78 3
162 46 3
91 186 3
69 135 3
27 6 1
73 91 2
43 60 2
95 157 4
66 76 3
80 17 2
188 20 2
155 18 3
195 50 3
175 134 3
195 79 3
63 27 2
124 10 3
165 7 2
198 150 2
127 132 3
32 87 4
18 169 2
38 137 1
127 195 2
181 174 1
186 177 1
18 166 2
141 116 4
85 30 4
113 105 2
142 49 3
136 29 4
4 66 4
93 25 4
85 12 1
185 189 1
39 70 3
20 130 2
12 50 3
153 81 3
198 179 3
123 70 2
152 25 4
84 73 1
59 65 3
55 155 2
108 166 3
48 128 2
15 29 2
187 117 1
32 162 4
21 157 3
19 33 4
31 158 2
187 19 3
161 184 2
30 91 4
41 149 4
144 52 1
123 128 1
102 23 3
33 169 3
82 49 2
145 29 3
128 32 3
37 129 4
72 158 3
158 13 2
181 125 4
44 104 3
129 140 4
157 10 3
20 66 3
72 195 4
40 50 2
92 183 4
83 118 4
170 86 1
159 55 3
13 150 2
17 100 2
83 37 4
40 16 4
109 88 3
186 10 4
86 180 2
83 140 4
157 182 2
80 37 2
81 55 3
105 20 1
76 168 2
187 50 1
89 78 1
6 185 4
136 197 4
11 32 2
4 72 4
14 78 1
81 67 1
164 61 4
190 89 1
177 85 3
125 39 1
115 192 3
186 18 3
11 15 1
12 116 3
160 91 4
193 160 1
158 18 4
91 53 2
147 183 3
99 67 1
147 55 2
199 115 2
76 32 2
26 182 3
157 111 2
124 131 2
2 195 1
120 6 2
143 150 4
183 68 2
173 98 1
126 145 2
150 173 1
49 134 4
108 133 2
18 30 2
71 170 2
181 169 2
190 103 3
173 149 3
96 42 4
165 86 1
143 96 2
106 65 2
8 99 1
183 86 4
108 121 1
50 186 3
1 196 3
23 80 4
59 179 2
9 27 1
111 1 4
156 157 4
136 50 2
2 38 2
94 134 4
112 107 4
182 56 2
13 35 1
181 0 4
37 62 2
136 191 1
182 192 4
72 144 2
167 149 4
131 17 3
32 137 1
46 163 1
174 89 4
8 102 1
34 155 1
68 73 1
92 148 1
159 31 2
117 159 2
75 81 2
91 101 3
71 163 4
186 193 1
188 108 4
44 5 2
174 61 3
154 3 3
20 64 1
64 36 3
38 172 1
174 25 3
158 27 1
85 136 4
92 151 1
113 180 3
74 129 3
182 46 1
177 37 4
147 97 2
85 78 1
45 189 2
89 88 4
60 145 3
1 20 2
1 182 3
6 64 4
169 99 2
123 12 1
4 177 1
35 60 1
125 75 4
17 10 1
41 11 2
91 82 1
101 44 4
1 74 3
101 16 3
100 89 3
45 188 4
173 174 4
6 162 1
56 149 4
48 45 4
133 154 4
13 167 2
136 189 1
64 76 1
58 57 4
93 145 2
40 61 2
116 122 2
183 0 4
17 24 4
12 181 2
151 168 3
1 139 1
140 164 4
149 118 1
15 22 3
66 81 4
138 38 2
103 183 4
177 46 1
12 97 1
162 30 4
105 120 2
61 65 1
183 95 1
187 170 3
113 125 4
107 169 3
68 43 3
5 155 3
28 10 3
47 129 4
138 59 2
111 99 4
122 88 3
130 142 3
81 87 1
94 17 1
181 87 3
136 131 3
140 33 3
22 157 4
54 57 4
73 113 4
80 155 2
54 120 4
141 118 4
20 39 3
142 108 4
136 89 4
90 199 4
3 118 4
23 19 1
62 176 2
150 111 1
95 176 1
5 63 3
61 192 3
122 189 4
58 152 1
185 144 2
103 93 3
124 82 3
4 82 2
143 129 2
22 197 3
172 195 3
188 77 1
124 49 1
9 162 2
173 114 4
184 39 1
19 191 1
81 50 4
96 112 2
101 103 3
24 11 1
68 98 2
19 135 2
153 182 3
131 175 4
85 24 2
89 113 2
130 97 4
41 75 3
10 102 2
52 31 3
178 12 1
6 30 2
19 112 2
196 155 1
23 103 4
9 175 2
64 190 4
150 31 4
191 109 3
130 89 1
139 187 4
151 5 1
131 143 1
154 73 3
41 129 4
4 183 1
53 44 3
128 108 3
92 177 3
0 102 4
15 163 4
33 52 1
198 58 2
33 86 3
107 92 2
116 126 2
37 157 4
9 71 3
110 94 4
33 120 2
21 51 1
102 148 1
129 195 3
18 133 4
52 157 4
189 146 2
184 21 4
30 34 4
37 15 1
72 166 4
95 34 4
71 29 3
197 191 2
121 181 4
117 147 3
196 84 2
190 13 2
2 183 1
144 54 2
65 66 2
82 105 2
196 23 3
70 78 4
156 86 2
160 107 3
194 166 2
46 123 1
61 170 3
99 113 3
74 44 1
179 164 1
78 12 1
45 168 3
85 130 4
1 122 1
98 70 1
66 23 3
46 188 1
142 137 1
36 80 2
40 85 3
108 31 1
98 137 2
78 51 1
4 87 2
137 47 1
78 125 1
148 110 2
73 117 4
15 76 2
95 189 3
16 107 3
162 139 3
171 106 2
53 108 3
164 96 2
177 76 4
5 123 4
184 199 2
49 61 2
167 55 2
104 167 4
21 70 3
110 197 1
22 196 3
137 87 3
128 71 3
69 103 4
20 19 1
42 106 4
112 146 4
123 88 2
193 67 2
128 7 3
105 147 4
117 144 4
36 34 4
146 23 3
121 117 1
183 186 3
75 57 3
169 5 3
44 42 1
98 195 3
152 52 4
78 143 3
22 168 2
154 166 4
193 109 1
46 78 2
12 175 4
161 54 3
112 162 2
71 43 3
92 162 3
176 77 1
106 79 4
195 77 4
40 45 4
142 181 4
121 54 4
26 162 3
136 142 1
103 180 4
88 170 2
137 164 4
9 45 3
51 113 2
33 88 1
193 78 1
177 187 4
5 9 1
33 128 1
26 21 2
178 98 2
170 192 2
94 196 4
144 31 2
70 44 4
2 36 3
28 47 4
157 175 1
51 141 3
126 23 2
45 42 3
37 92 1
65 35 4
68 92 1
96 119 3
15 154 1
4 114 2
134 74 1
156 150 4
130 70 2
48 78 3
191 31 4
1 199 3
12 122 1
31 129 4
165 148 4
143 79 3
55 110 4
104 50 2
3 40 1
56 138 3
57 179 2
111 77 2
78 35 2
88 187 1
58 102 4
47 55 4
156 27 1
10 54 1
119 149 1
110 120 1
7 127 3
111 121 4
7 24 3
32 89 4
114 128 3
20 197 2
198 149 2
103 140 4
35 119 1
103 195 1
72 171 4
127 158 4
78 17 1
9 2 3
145 99 2
106 51 4
132 54 3
190 43 1
103 56 1
107 121 2
58 134 4
190 29 2
136 4 2
176 118 4
74 183 1
140 81 2
125 20 4
177 24 4
183 22 1
117 140 1
131 189 4
54 81 1
82 99 3
33 37 3
190 25 4
40 62 4
199 19 4
7 148 2
154 39 4
113 81 2
199 183 3
90 68 1
84 65 3
2 119 4
132 46 4
171 177 4
50 161 1
7 57 2
119 129 2
167 183 4
27 41 2
46 89 3
98 176 4
33 154 2
60 50 4
188 199 2
38 133 3
148 127 4
47 166 1
192 186 3
71 4 1
77 189 3
163 39 2
11 152 1
16 74 1
88 15 3
1 26 4
63 73 4
58 18 3
77 13 3
26 116 3
79 176 2
114 161 4
194 62 3
183 114 4
162 16 3
106 26 3
41 105 1
4 170 2
154 60 2
45 58 1
74 97 3
148 4 1
105 107 4
27 138 2
172 51 1
144 162 3
44 63 3
64 11 3
156 53 3
44 117 4
97 197 2
174 129 3
104 51 3
101 196 1
32 180 1
24 159 2
93 64 4
38 22 2
195 43 4
140 18 1
13 193 1
140 1 1
17 104 3
85 83 2
120 78 4
20 16 2
91 16 2
48 47 3
174 192 3
105 66 3
49 129 1
47 24 2
66 112 3
154 168 2
30 118 4
99 108 4
196 51 1
32 172 4
46 117 2
166 38 2
84 99 3
148 137 1
15 142 2
40 76 4
100 98 3
101 83 1
135 99 4
50 86 4
114 199 2
9 1 3
7 163 2
165 76 3
1 171 4
106 182 4
44 18 3
59 4 1
120 4 3
53 90 4
89 13 1
58 55 3
71 34 1
66 159 3
164 130 2
183 75 4
13 63 1
184 64 3
193 140 2
47 144 2
72 50 1
171 165 3
20 6 4
128 1 4
9 145 1
77 184 2
178 150 4
37 1 1
18 193 2
172 98 4
16 160 3
191 178 1
133 76 3
16 25 2
132 107 4
28 18 4
38 60 4
187 28 1
198 103 3
113 182 2
154 191 3
186 188 3
183 148 1
95 14 1
19 61 1
194 103 1
159 163 1
149 40 1
139 95 2
184 60 3
106 64 4
105 199 4
166 8 2
192 171 1
26 74 4
95 77 3
60 69 2
168 153 1
27 186 2
55 180 4
109 79 3
30 120 1
150 22 2
106 62 1
122 160 3
130 145 1
140 21 4
100 189 2
174 143 3
6 116 1
45 65 4
46 7 4
158 155 2
113 47 2
93 8 1
43 174 4
133 141 3
43 183 3
6 109 3
103 68 1
118 28 1
31 67 3
74 116 1
97 181 3
141 0 4
26 100 4
84 107 1
34 153 2
181 112 4
119 25 3
186 152 1
139 129 1
194 169 4
80 145 4
122 177 4
124 181 2
45 8 2
82 169 1
45 85 1
163 182 2
15 151 1
132 150 1
55 123 2
83 174 2
120 160 4
36 86 4
63 177 1
56 122 2
40 161 2
195 109 1
152 174 3
21 98 2
126 117 4
82 131 4
32 196 2
97 161 4
116 109 2
106 66 3
110 113 2
46 170 1
1 92 4
34 57 1
125 143 3
0 93 3
180 117 2
154 7 4
136 84 3
163 42 4
56 177 1
126 174 4
111 75 1
90 189 4
88 160 3
83 65 2
143 126 2
9 30 1
156 30 2
154 57 2
27 67 1
164 144 3
111 165 4
178 192 4
119 32 4
171 30 4
104 155 3
76 146 1
138 156 3
198 155 4
185 115 4
119 79 3
53 179 4
76 3 1
129 191 4
181 108 2
58 51 2
45 155 2
40 37 1
24 181 1
135 60 3
152 161 4
183 107 2
62 104 4
32 134 3
62 161 4
32 23 1
12 72 1
174 100 4
77 57 1
89 108 3
177 126 1
37 181 1
172 50 4
118 13 4
111 36 4
51 43 3
45 50 1
195 162 2
148 49 2
192 121 3
35 64 4
41 128 3
27 85 4
136 178 3
187 60 2
14 84 2
14 159 2
25 86 1
167 121 1
50 23 1
11 120 1
198 21 2
126 122 3
5 48 3
145 71 1
173 184 3
50 137 1
158 165 4
37 168 2
40 155 4
125 70 1
43 28 2
141 42 1
61 162 1
117 125 3
8 189 3
106 188 1
154 82 1
160 58 2
84 64 2
123 33 4
50 92 1
34 35 1
129 23 4
65 103 4
77 127 2
86 116 3
8 65 2
198 78 2
116 65 2
96 93 3
104 103 2
165 88 4
152 72 3
191 27 3
158 1 4
164 6 3
174 144 1
33 90 4
176 16 4
21 14 2
159 184 4
144 95 4
60 172 1
161 134 3
7 10 1
107 110 4
156 103 4
159 44 2
17 66 4
115 125 3
133 35 1
14 13 4
65 194 4
162 75 1
104 146 1
18 173 3
3 189 3
11 28 4
112 105 3
40 31 1
158 106 3
75 158 1
181 33 1
104 91 1
19 127 4
148 86 3
96 28 3
70 9 4
109 178 4
27 1 4
114 28 4
134 30 4
15 66 2
156 152 1
135 176 3
42 10 4
165 151 3
79 155 4
32 103 3
18 168 3
130 91 3
4 57 2
84 126 2
188 105 1
61 54 2
133 153 2
120 81 1
74 36 2
135 161 1
91 146 2
154 164 3
95 171 4
73 93 1
7 189 3
64 85 3
95 59 3
174 28 4
55 6 3
6 89 2
34 18 2
154 186 4
48 116 2
159 97 3
155 131 3
66 110 3
32 192 1
192 10 4
136 105 3
78 106 1
131 75 1
193 93 4
69 13 2
151 40 3
2 189 3
184 48 1
44 192 4
77 171 3
122 170 4
64 90 2
182 172 1
78 66 3
100 67 4
71 68 4
131 26 1
162 104 1
116 131 3
121 171 4
161 21 4
194 149 4
138 84 1
76 104 1
159 178 1
184 94 4
60 10 4
55 130 1
6 34 3
169 48 3
150 152 3
14 64 3
123 104 3
120 129 3
107 18 2
88 147 2
29 159 2
61 2 4
150 74 1
99 1 2
179 89 3
34 13 1
75 56 2
53 50 4
121 7 3
32 10 2
186 90 2
123 49 3
175 83 1
198 49 4
6 72 2
185 67 2
135 116 4
179 187 1
1 166 1
151 69 1
35 163 3
89 67 4
146 122 1
82 119 3
197 126 1
198 43 1
22 185 2
130 69 4
153 128 1
95 74 4
143 122 1
113 153 2
8 137 3
51 45 2
36 157 3
127 129 2
74 56 3
4 85 2
102 117 2
154 156 2
98 167 1
133 7 1
70 29 4
138 69 4
199 45 1
76 199 1
57 118 2
146 96 3
20 5 4
101 14 4
196 119 3
147 121 4
105 96 1
97 126 3
152 141 1
195 191 3
23 64 3
173 48 1
34 111 3
17 196 1
5 141 3
94 69 2
95 129 2
130 187 4
54 27 2
80 76 4
145 175 2
132 63 1
165 108 4
12 142 3
12 156 2
175 148 3
171 191 4
175 33 1
45 20 1
171 16 1
198 36 4
173 90 3
127 50 1
185 187 4
30 70 4
191 146 2
66 181 2
94 58 3
138 16 1
146 163 1
12 32 3
77 124 2
102 132 3
34 192 4
70 3 2
18 33 1
115 126 2
75 31 3
39 58 2
170 186 4
132 141 4
106 74 1
40 12 3
2 198 3
6 198 2
80 82 3
124 38 3
171 56 1
125 129 2
14 80 2
5 87 1
68 114 4
129 190 2
119 112 1
23 39 4
169 141 4
182 49 1
25 186 2
63 94 2
129 138 2
83 27 1
32 88 3
179 40 4
198 184 4
10 158 1
98 57 2
70 142 1
175 40 2
173 177 2
3 57 3
172 199 1
161 168 3
136 193 4
162 106 3
193 143 4
130 106 1
40 82 3
2 92 4
197 80 1
21 119 3
167 85 1
31 183 1
40 146 1
170 119 2
59 149 3
103 181 2
125 159 1
135 185 2
71 180 3
141 176 4
168 51 2
62 198 1
121 13 2
117 77 1
152 16 2
46 189 4
131 174 4
31 143 2
76 53 3
176 110 4
136 195 2
76 77 4
5 137 1
105 115 1
93 37 4
48 98 2
6 110 4
56 127 3
21 5 2
199 145 4
35 113 2
40 93 1
112 176 2
160 61 1
145 1 3
76 193 3
181 75 3
113 120 1
170 8 4
115 141 2
187 94 2
158 132 1
35 8 1
166 173 3
18 142 1
44 113 1
156 29 2
18 60 2
78 140 1
179 63 2
23 173 4
111 17 4
78 59 4
24 142 1
196 18 4
146 57 2
60 171 4
162 95 1
1 100 2
150 187 4
41 157 1
116 182 4
171 149 3
95 105 2
192 111 4
74 132 4
68 52 3
6 112 3
192 100 4
21 79 1
198 10 1
1 75 1
136 132 4
82 96 1
173 116 2
167 51 2
161 90 3
2 23 4
5 15 3
38 152 3
31 131 1
136 34 1
151 131 4
192 198 2
79 112 3
56 175 4
174 141 3
127 48 4
15 95 1
51 170 2
21 104 2
28 69 2
78 27 3
122 112 4
102 22 1
41 120 4
149 164 3
189 14 3
191 69 2
100 148 1
3 85 4
68 190 2
95 114 3
31 71 2
141 181 4
13 171 3
36 137 1
133 8 3
186 82 4
144 134 3
148 69 2
182 137 4
143 98 4
194 64 2
81 70 3
132 89 1
86 75 1
51 145 3
158 111 2
31 146 2
92 86 2
189 133 3
61 79 2
40 134 2
170 11 1
170 31 3
37 30 2
124 141 3
134 152 1
184 132 3
84 58 4
176 124 2
29 172 3
119 163 3
153 170 1
121 19 4
79 3 1
54 160 4
45 72 3
186 197 2
93 107 3
92 66 2
12 17 3
86 66 1
112 134 4
145 107 1
49 176 1
149 147 2
73 22 3
174 67 4
142 146 4
24 118 1
187 1 3
104 133 4
162 193 3
1 51 2
174 8 4
115 186 1
66 160 2
23 181 2
91 58 3
122 85 3
80 57 4
157 74 3
28 107 2
186 161 4
86 87 1
159 173 3
154 47 2
92 76 4
20 128 4
42 176 1
25 66 3
168 36 1
120 69 1
139 143 1
170 191 2
83 3 2
30 115 1
146 22 1
117 6 1
78 88 1
85 26 1
182 119 2
53 192 3
173 75 3
150 45 2
67 183 1
46 65 4
167 169 4
13 133 1
0 190 2
145 152 4
178 15 1
185 74 3
63 106 3
101 116 3
55 169 1
82 157 1
95 159 3
187 15 3
135 51 4
163 2 2
138 147 4
157 167 4
163 6 1
66 113 1
121 126 3
195 25 2
52 22 1
93 1 2
103 97 1
5 13 2
46 186 4
42 160 4
30 198 2
140 98 4
194 89 2
44 2 1
144 45 2
198 136 2
157 47 4
91 81 1
15 32 2
33 105 3
40 162 4
174 11 4
123 18 4
15 59 4
58 13 1
73 61 2
112 186 1
3 42 2
92 18 4
59 111 2
22 199 1
77 90 3
54 107 2
11 22 1
72 182 3
135 40 1
62 43 4
183 51 2
74 11 4
167 43 3
176 193 1
30 130 3
85 154 3
171 176 1
188 123 1
134 189 1
170 133 4
47 195 2
75 167 4
193 65 2
80 121 2
57 192 3
41 169 2
19 113 1
48 131 1
69 176 4
170 35 4
174 162 3
4 11 3
105 87 2
54 52 4
65 122 1
195 17 2
32 45 2
177 182 2
72 141 1
31 84 3
30 1 2
136 45 2
106 10 4
121 36 3
165 168 1
99 61 1
118 49 4
63 192 3
161 101 4
169 188 4
152 160 2
55 88 4
47 160 4
70 181 2
178 134 4
23 160 3
179 66 2
65 129 2
158 61 3
105 70 3
95 27 3
7 182 1
151 85 2
86 141 3
116 83 1
134 89 4
121 62 3
134 184 2
101 40 3
127 91 4
33 164 3
133 148 4
142 149 2
125 53 4
182 111 2
56 126 4
116 14 2
19 35 4
173 24 3
20 13 3
7 152 2
181 163 2
135 126 1
195 12 2
157 140 1
140 192 3
100 165 3
118 169 4
154 78 2
93 128 4
109 120 3
41 1 1
16 118 4
178 32 3
81 148 4
98 118 3
40 145 3
0 43 3
84 142 3
110 58 3
4 75 1
73 64 4
193 58 1
9 25 4
49 2 4
157 130 2
95 128 2
140 199 3
31 66 2
198 59 3
155 136 2
60 17 3
24 134 3
67 52 4
36 165 3
112 194 1
121 34 4
126 155 2
149 180 3
87 198 4
191 66 4
53 31 4
85 148 4
110 142 1
71 188 2
11 51 2
63 39 4
80 21 1
194 195 2
75 23 2
42 35 3
36 104 4
120 188 1
158 178 1
40 130 1
82 152 1
177 34 1
55 83 4
79 88 4
187 164 2
168 123 4
85 6 1
143 32 3
71 75 3
159 188 4
128 191 4
103 146 3
185 175 4
4 43 1
143 179 4
108 25 2
83 26 3
71 38 2
52 128 3
191 16 4
197 173 3
26 129 1
45 106 3
25 76 4
0 182 3
162 190 4
78 18 1
40 94 3
177 100 3
76 38 2
168 162 2
61 188 1
178 182 4
132 45 3
98 131 3
161 82 1
194 99 4
89 166 3
72 17 4
128 131 1
129 7 2
89 59 1
25 131 3
135 158 4
29 95 3
10 194 1
173 10 1
57 89 3
150 179 2
56 5 2
167 99 3
90 29 4
48 163 4
170 53 3
76 89 4
162 70 2
8 104 3
118 151 1
22 170 4
170 82 2
87 70 4
96 135 1
96 147 4
186 38 1
140 173 1
80 20 2
66 169 2
141 73 3
124 193 1
34 151 1
43 14 4
8 140 3
112 34 2
5 70 4
140 105 3
82 159 1
80 162 2
184 149 3
138 85 1
22 71 3
109 59 3
197 119 4
154 61 4
31 94 2
117 19 3
51 185 4
15 114 2
182 8 4
19 142 1
98 147 4
180 189 4
90 113 4
183 160 1
31 7 3
84 147 2
122 4 4
12 90 2
126 77 2
22 33 1
1 10 3
88 56 3
183 139 2
36 196 2
154 103 3
170 97 2
24 13 3
7 125 1
14 3 3
48 188 2
152 189 4
177 30 4
5 77 4
23 188 3
17 166 4
178 142 1
70 132 1
78 58 2
25 78 4
127 1 3
175 92 4
36 18 2
128 38 1
159 138 4
195 58 2
178 124 1
132 88 3
32 31 1
148 1 4
98 139 2
157 115 3
63 182 2
141 156 1
181 189 2
43 49 3
92 44 1
114 0 1
75 48 1
7 87 1
102 24 2
106 81 3
38 35 2
32 69 1
36 142 3
163 88 4
167 60 3
67 47 2
131 30 2
55 38 4
43 176 2
184 138 2
157 97 3
17 121 4
152 42 4
36 43 1
65 112 2
172 72 3
165 55 4
120 36 1
31 73 1
172 93 2
137 113 1
10 88 2
190 58 4
23 58 1
55 43 4
149 112 3
12 169 3
118 39 4
41 187 2
142 21 3
6 176 3
4 196 3
38 188 4
131 70 1
156 143 3
170 38 4
89 197 4
10 45 4
192 18 4
79 113 1
89 183 4
149 83 1
64 68 4
99 179 3
19 169 4
5 54 1
21 135 4
136 48 2
43 29 4
122 2 3
149 79 4
9 56 2
6 119 4
64 79 2
20 43 4
14 180 1
96 120 1
141 106 1
37 16 3
61 165 2
198 47 4
109 64 1
117 197 4
83 33 4
136 174 4
19 65 4
129 67 2
13 182 2
90 94 2
170 40 3
79 183 3
56 66 1
93 125 4
182 61 1
96 136 2
175 28 1
17 198 3
154 169 3
28 102 1
84 24 4
153 28 4
114 124 3
131 65 2
55 138 1
9 170 1
130 180 3
142 118 3
175 195 2
191 63 2
91 21 4
38 149 3
82 122 3
67 74 4
124 9 4
27 82 1
92 80 2
157 1 3
121 120 2
85 5 3
130 51 1
14 92 2
28 60 4
70 63 3
50 129 3
191 145 3
152 13 1
61 175 1
160 92 1
144 170 3
57 65 1
69 2 2
119 180 1
80 144 1
171 128 2
155 101 1
31 24 4
31 19 3
23 93 1
11 189 3
155 120 4
8 67 2
139 23 1
111 37 1
28 93 1
126 76 1
92 118 2
152 41 4
94 122 1
177 45 2
9 130 1
181 102 1
62 68 3
102 77 2
180 59 4
116 89 1
2 121 2
159 9 4
188 145 2
86 184 3
81 42 3
23 107 3
8 95 4
160 126 3
82 2 2
186 32 3
10 73 4
43 2 1
164 94 3
86 171 3
44 78 3
146 85 3
157 147 1
43 112 3
77 19 4
19 38 1
193 90 3
117 29 2
89 105 2
55 96 2
187 83 4
111 20 4
49 185 4
27 107 1
190 18 4
106 29 2
8 11 2
141 179 2
7 180 2
76 174 2
39 12 1
114 157 2
179 42 3
191 177 4
24 180 1
63 9 1
191 44 2
43 24 3
94 198 3
155 125 3
195 23 3
74 135 3
140 55 4
169 76 2
83 104 4
76 195 1
122 169 4
59 64 1
132 145 1
95 75 2
198 197 1
54 7 2
51 175 4
108 78 2
59 157 2
3 9 1
185 72 1
5 8 4
162 41 3
11 52 1
29 183 3
80 142 3
155 111 4
135 119 3
160 24 2
137 28 3
136 56 4
117 49 2
33 91 3
89 138 3
191 23 1
137 160 4
155 134 1
67 49 3
133 25 3
84 152 4
146 81 4
168 68 1
4 158 1
192 82 3
145 101 3
34 131 4
0 40 4
139 4 4
49 19 1
164 156 2
137 67 1
72 160 2
3 126 4
27 182 1
165 10 3
63 100 4
42 199 3
123 169 3
163 102 2
127 119 4
175 42 1
166 10 2
83 71 1
8 116 2
156 133 4
4 49 2
40 25 1
10 57 1
97 115 1
58 81 4
166 88 2
92 157 3
125 160 4
104 149 3
157 30 2
16 4 1
163 21 4
96 70 2
36 113 4
80 2 3
89 110 2
142 172 4
167 116 4
122 36 1
119 188 1
168 129 2
152 117 2
121 89 4
116 104 4
52 186 2
111 110 2
118 189 3
154 195 1
116 194 3
99 30 1
101 4 2
148 176 4
123 132 1
6 44 1
91 42 1
186 148 2
190 60 4
43 153 4
185 56 4
23 4 2
185 136 3
98 187 3
46 15 2
78 31 1
73 69 2
34 194 2
175 63 1
140 19 4
144 189 2
170 161 1
59 143 1
121 25 3
126 89 3
163 167 3
93 169 2
130 172 4
99 86 4
26 134 3
98 128 3
51 110 4
74 64 1
185 161 1
76 197 4
118 134 1
76 145 4
89 150 1
15 168 1
24 164 4
22 187 4
160 27 2
177 135 3
66 69 1
147 134 2
20 100 3
152 96 4
51 121 4
119 72 2
28 71 1
125 74 3
32 148 3
51 114 4
107 199 4
38 121 2
59 163 4
172 122 4
85 124 3
13 78 3
154 135 1
194 151 2
162 69 2
150 34 2
71 82 4
44 4 4
104 137 1
141 112 4
101 136 1
59 72 3
15 119 4
44 25 2
78 74 3
170 94 1
194 82 2
22 181 2
37 117 3
40 28 2
53 129 4
119 162 2
23 140 3
90 43 2
141 6 3
190 104 1
148 155 1
13 67 4
174 9 2
71 157 2
68 135 4
174 72 3
18 74 3
67 168 2
151 130 3
194 38 3
107 143 2
97 34 3
127 104 4
10 46 1
35 101 4
195 66 3
159 52 3
174 133 3
179 110 2
137 136 4
175 15 3
70 28 3
162 108 3
107 111 4
113 135 1
66 164 2
197 30 4
113 53 3
134 149 1
94 20 1
12 73 2
148 142 3
29 127 4
140 165 1
11 10 1
163 18 2
100 42 1
67 33 3
8 57 1
112 138 2
69 114 4
26 98 2
149 102 4
190 126 3
111 57 3
73 120 2
17 37 1
153 55 4
130 165 2
65 109 1
99 36 4
39 5 3
136 126 2
57 152 2
138 2 3
77 115 4
117 176 3
138 178 1
160 119 2
41 16 1
192 2 2
49 101 1
133 157 1
173 100 4
19 67 3
166 129 4
170 131 1
168 17 3
162 36 1
70 173 1
7 49 1
111 65 3
47 30 2
94 29 4
41 58 3
168 21 1
109 162 3
197 138 3
19 48 4
15 134 1
97 19 3
71 125 4
162 66 4
98 126 3
162 197 1
163 144 3
40 97 3
143 1 3
171 50 3
198 26 3
150 94 3
4 118 2
64 67 3
28 181 2
77 146 1
149 187 3
15 192 4
27 2 3
165 194 3
140 73 1
148 151 3
188 75 1
9 55 1
150 95 4
147 176 3
181 96 2
144 56 2
199 67 1
45 23 1
23 142 3
167 173 3
194 87 2
196 150 3
55 137 3
48 164 3
110 5 2
66 130 1
191 61 2
131 38 3
7 6 3
164 136 1
36 71 2
67 98 4
34 17 2
194 177 3
95 10 1
177 62 1
127 52 1
154 139 3
199 44 1
145 171 1
194 198 3
8 190 4
29 83 3
137 27 2
67 35 4
79 19 3
37 5 1
165 54 4
175 108 4
137 53 2
61 84 4
70 139 1
84 10 2
58 25 1
34 73 3
69 14 2
57 112 4
135 86 4
145 181 3
162 198 4
5 50 4
69 143 4
92 16 1
126 182 3
161 11 2
115 47 3
6 193 3
170 154 3
99 87 1
68 189 4
2 149 2
3 52 2
100 55 1
49 10 2
4 157 3
5 140 4
90 52 4
83 95 3
87 150 2
9 4 1
88 84 4
138 95 1
39 170 1
30 155 1
30 135 1
73 176 4
21 27 3
160 131 4
103 157 2
172 65 4
78 147 4
9 64 2
156 20 1
151 169 4
39 15 3
71 135 3
89 148 3
133 184 4
108 157 1
53 78 4
24 78 1
56 18 4
192 70 1
81 135 2
190 157 3
114 102 2
18 106 2
115 173 2
20 18 2
93 45 1
69 71 3
95 196 3
164 47 1
131 46 3
4 150 4
20 21 3
68 1 4
30 36 4
8 43 4
197 124 4
33 99 4
57 103 4
126 102 4
96 124 4
183 138 3
98 113 4
141 167 1
28 66 4
78 141 2
180 137 1
171 101 4
129 1 1
91 85 3
198 23 3
131 117 3
142 106 3
37 139 2
76 41 3
183 37 1
174 177 4
169 126 3
71 132 4
123 69 3
136 0 2
172 177 4
129 11 2
8 187 4
24 62 1
125 144 3
114 47 4
9 72 2
43 123 2
107 47 4
184 43 4
62 163 3
81 86 4
86 107 3
115 109 1
81 103 3
176 2 4
192 12 4
107 65 3
68 164 2
81 26 2
89 170 3
3 175 1
42 181 1
152 103 2
131 4 3
159 7 1
141 21 1
178 147 2
130 100 2
176 9 1
170 98 3
189 6 1
180 0 2
46 187 2
137 165 3
191 95 4
98 86 3
92 59 4
51 2 3
186 7 1
58 145 4
141 108 2
160 97 4
111 45 3
72 66 1
114 86 2
14 130 3
79 20 3
95 25 3
185 92 4
15 198 2
56 134 2
128 147 2
10 189 2
142 8 4
110 53 1
133 48 1
50 58 3
107 116 2
31 184 1
82 112 4
35 153 1
157 186 1
181 118 4
109 198 2
198 4 1
6 195 2
84 182 3
70 178 2
4 31 1
82 61 1
160 4 1
178 30 4
154 143 3
20 98 3
180 44 3
99 105 2
89 79 3
49 162 3
198 156 3
94 47 1
104 34 2
3 81 4
24 61 3
87 88 4
4 155 4
182 79 3
101 135 4
88 162 4
22 116 1
143 189 3
161 86 3
47 147 3
105 29 1
146 19 3
9 151 1
148 20 4
96 177 1
0 128 2
145 96 1
104 22 3
183 40 1
178 58 2
15 148 1
56 17 3
196 195 4
57 186 4
110 126 3
92 75 2
73 50 2
65 159 1
44 154 4
97 125 3
135 104 3
59 88 3
55 26 3
115 176 2
67 130 2
159 152 1
194 4 2
40 60 4
105 103 1
136 152 3
160 188 1
78 60 2
62 114 3
74 164 1
19 179 4
100 142 2
99 76 2
14 68 3
36 4 2
108 75 2
170 37 3
53 57 4
78 87 1
46 156 2
138 116 3
178 18 2
70 65 2
120 88 2
7 183 1
182 134 2
47 169 1
57 13 1
189 105 1
126 72 4
71 50 3
190 5 4
88 138 3
35 157 4
124 98 3
131 110 2
185 89 2
82 198 3
76 172 3
179 94 1
37 87 4
85 189 4
157 113 2
42 144 2
165 118 4
91 77 2
111 115 2
61 134 1
193 14 2
57 92 1
169 117 1
49 138 3
56 157 1
175 177 2
51 161 1
190 183 4
88 181 4
131 141 2
180 28 2
33 191 3
127 179 4
30 181 1
91 198 1
194 163 4
95 60 3
23 180 1
193 194 1
28 37 1
93 120 3
131 194 1
103 9 4
180 53 4
126 186 2
14 56 1
104 46 2
145 186 4
134 34 2
89 48 1
123 190 3
13 166 3
51 28 3
135 94 2
28 63 4
126 189 3
192 45 2
20 169 4
196 7 2
185 174 4
75 88 2
82 166 1
162 171 1
21 176 4
14 22 3
118 65 2
159 60 2
100 5 2
150 168 2
158 136 2
155 63 4
24 113 3
41 30 4
111 18 2
53 145 4
114 149 2
42 41 3
70 118 2
139 173 3
25 96 3
79 81 2
114 117 2
141 31 1
65 96 3
71 0 4
24 182 2
95 81 3
183 42 2
57 21 1
170 43 1
41 104 2
173 92 2
150 12 3
156 72 4
192 24 1
105 111 2
26 61 3
174 14 1
25 156 3
101 181 1
73 170 2
111 148 1
11 147 1
90 60 3
43 85 3
156 95 1
80 58 2
61 194 2
23 95 2
14 66 1
82 114 1
185 95 3
129 34 3
63 69 3
118 95 1
158 156 4
92 172 4
38 102 3
86 58 3
16 153 1
74 13 1
66 64 4
192 92 1
111 23 3
59 28 3
92 63 2
42 53 3
110 166 3
151 66 4
142 121 3
60 9 1
180 40 4
76 134 3
78 33 2
33 139 2
167 158 2
152 169 4
41 164 3
116 29 2
91 136 2
157 172 4
42 153 1
108 67 2
23 17 3
76 20 2
137 17 3
195 89 2
137 31 3
174 121 2
47 119 4
128 165 4
121 137 3
101 50 1
175 49 3
21 112 1
122 188 1
196 181 4
46 145 3
39 86 1
112 183 3
33 47 2
58 124 4
196 0 1
17 138 4
151 161 4
82 136 1
123 59 2
192 27 1
54 46 2
135 61 1
90 19 2
188 132 1
47 91 3
187 126 3
43 95 3
60 168 1
66 51 1
46 144 4
65 3 2
151 114 2
55 120 2
173 176 3
98 11 1
172 175 4
82 168 3
4 147 3
31 35 2
59 46 4
81 102 1
15 106 3
75 112 2
67 66 3
158 81 4
30 123 4
104 154 1
183 17 1
102 100 4
37 138 1
86 69 3
167 47 3
177 1 2
55 116 1
18 89 2
60 57 2
53 54 2
93 124 4
99 161 2
133 4 4
25 194 3
174 168 3
79 136 3
155 122 2
12 164 4
59 48 4
166 70 3
15 48 3
26 30 2
68 198 2
18 136 2
49 167 1
181 150 4
82 29 4
143 86 3
66 96 1
130 25 1
126 144 2
71 150 2
23 193 3
3 58 1
179 90 2
171 93 3
43 143 3
54 172 3
28 133 2
57 168 4
70 14 1
190 192 1
123 41 1
128 82 1
124 177 4
187 21 4
6 90 1
120 196 3
172 11 4
149 75 3
82 79 1
134 6 3
7 113 1
66 52 3
19 83 4
55 92 1
69 82 3
186 93 4
12 48 4
30 168 4
76 26 1
65 195 4
142 119 3
121 128 2
150 2 3
170 142 4
157 109 1
196 148 3
85 20 2
12 8 3
32 27 4
83 12 4
20 108 3
70 136 2
168 144 1
140 176 1
133 56 4
42 131 4
39 169 1
37 78 2
11 73 3
128 110 1
72 115 2
91 153 3
177 192 2
81 172 4
39 95 4
127 154 3
173 91 3
134 78 4
51 129 3
25 157 1
11 26 1
126 150 2
16 193 1
110 145 1
97 41 1
71 198 2
16 19 2
127 196 3
1 62 3
142 11 2
83 99 2
185 125 2
177 38 4
128 196 4
109 55 2
187 82 1
183 99 4
51 169 4
12 29 2
50 2 1
73 163 1
101 77 1
47 151 1
111 2 1
179 165 2
199 93 3
68 169 1
105 7 4
92 120 1
84 161 3
20 146 1
156 180 4
44 174 3
143 161 2
62 115 1
22 169 1
50 87 1
171 11 2
86 191 1
118 55 4
81 4 2
11 167 2
107 24 4
119 154 1
112 80 2
194 123 1
164 81 1
16 39 4
17 130 1
101 59 1
196 198 1
116 64 2
140 91 4
140 126 1
191 43 3
62 190 1
24 126 2
172 39 2
184 112 2
136 109 4
123 89 4
143 74 2
123 37 4
18 47 2
126 124 2
71 74 3
77 197 3
51 74 4
1 134 2
135 193 3
16 185 2
12 76 2
68 36 2
139 146 2
192 144 3
21 166 4
0 109 3
132 43 4
60 151 3
26 28 3
73 186 4
168 43 2
94 62 4
196 73 3
94 172 3
1 81 4
164 13 2
43 105 1
131 140 3
140 38 3
142 57 3
109 106 2
161 78 2
12 198 3
162 185 2
127 87 4
132 177 1
171 92 2
102 143 1
125 193 2
34 130 4
83 163 2
76 184 3
181 90 3
143 186 2
51 163 2
14 85 1
112 170 4
63 151 2
13 117 2
100 70 2
171 35 2
77 118 2
22 164 3
20 84 2
126 66 3
38 135 4
166 175 1
163 67 2
33 58 1
94 151 1
156 69 4
26 24 1
123 139 4
167 164 3
103 100 2
17 192 4
13 138 3
103 91 3
179 97 2
165 45 1
126 41 2
187 171 2
181 14 4
49 191 4
25 85 1
102 40 1
98 169 3
51 92 3
74 19 3
86 6 2
174 65 2
99 177 4
143 68 4
91 172 3
105 31 4
180 152 2
76 150 1
182 6 2
52 135 3
62 89 3
105 84 3
179 12 2
94 8 3
22 54 4
135 112 4
6 8 4
33 2 4
130 150 3
32 95 4
177 5 4
109 168 4
97 38 1
4 169 2
148 134 4
0 12 1
18 17 3
132 81 4
174 34 3
138 47 2
103 145 4
19 151 2
16 53 4
32 106 2
60 191 2
62 22 3
99 159 2
91 123 2
129 97 4
130 46 2
122 32 2
158 182 2
187 79 3
111 87 3
142 107 3
120 173 1
117 118 2
172 184 3
126 34 3
168 91 4
191 88 2
62 137 4
144 101 1
24 132 3
192 164 3
62 96 1
146 108 4
10 24 3
65 145 1
26 16 4
1 116 1
51 188 2
142 54 2
42 90 2
106 50 1
194 156 2
139 20 1
57 69 4
126 62 1
68 61 4
10 141 2
97 39 4
26 139 1
38 162 2
174 85 1
23 108 2
16 1 3
133 97 4
76 182 1
115 10 2
98 188 2
184 92 1
147 161 4
193 152 2
121 88 3
121 23 3
178 34 1
96 197 2
52 104 4
83 133 3
112 182 3
186 84 2
142 150 4
71 195 3
71 24 3
102 29 1
189 193 2
121 124 1
127 184 2
175 169 3
61 156 4
102 75 1
103 18 4
84 35 2
172 80 1
129 198 2
128 3 2
188 165 4
117 67 1
199 64 1
54 178 2
41 71 3
70 64 3
54 15 4
176 149 3
129 194 1
117 94 2
137 193 2
182 15 3
167 129 2
199 4 4
145 139 2
111 3 4
139 93 4
112 54 3
59 189 4
149 14 3
54 166 1
170 45 1
10 110 1
68 179 4
191 111 3
126 92 4
188 84 2
170 185 1
63 165 2
172 42 1
169 59 2
75 176 1
197 103 2
105 149 1
158 153 4
182 18 1
146 165 2
38 49 1
87 67 2
154 142 2
198 100 1
83 100 1
82 24 4
145 102 2
172 62 4
92 193 3
39 73 2
64 168 2
136 115 4
198 163 1
152 142 1
70 188 2
178 40 4
125 170 4
21 172 2
103 163 1
152 172 4
52 83 3
37 150 1
88 105 3
25 61 2
17 93 4
148 174 3
85 118 1
155 94 3
123 56 3
66 53 3
72 10 1
96 94 2
9 20 2
125 157 2
92 5 4
145 128 1
187 3 2
93 14 1
44 119 3
58 79 2
149 90 1
69 193 3
92 161 3
41 182 4
39 0 2
80 68 4
51 184 1
116 87 3
75 143 2
36 97 2
124 47 2
71 162 4
186 182 3
32 29 3
34 88 1
190 23 4
66 43 4
193 86 4
153 27 4
164 191 2
123 161 1
144 176 4
125 31 2
160 78 4
161 162 1
64 160 3
136 10 1
96 53 3
124 46 2
103 131 2
21 180 4
114 80 1
189 108 1
112 128 1
149 132 1
38 81 4
160 73 2
28 151 1
126 195 4
84 139 3
136 3 3
146 12 3
60 94 3
43 146 3
117 163 3
190 71 2
101 81 2
8 3 3
33 68 2
109 7 3
155 171 2
11 49 1
102 137 3
116 147 2
82 25 4
31 9 2
134 116 2
42 194 3
128 163 3
146 150 3
26 97 3
145 131 3
189 165 2
84 29 1
125 132 3
118 20 2
5 171 4
25 172 2
55 52 2
130 13 3
20 174 1
166 118 3
52 142 2
76 46 2
17 79 2
144 181 1
89 145 1
156 196 3
50 110 2
71 49 1
76 54 1
115 69 2
194 109 1
153 8 4
133 193 4
59 174 4
184 20 4
121 151 1
0 57 3
144 124 1
123 126 1
61 180 1
9 138 2
94 115 1
170 65 3
192 42 2
57 151 2
133 29 4
95 71 1
49 79 2
64 191 1
190 110 3
81 100 1
24 95 2
149 138 2
98 162 3
67 110 1
183 84 3
154 167 4
143 176 1
33 75 2
117 68 2
195 115 3
187 10 4
130 41 4
99 78 4
168 88 4
192 112 4
152 86 3
172 73 4
111 119 4
92 179 3
171 193 3
122 131 2
78 91 2
39 112 2
103 141 1
115 50 2
155 195 3
95 172 2
101 43 2
136 146 1
141 58 1
97 131 4
16 182 2
133 72 1
48 68 1
130 184 1
161 18 3
1 175 2
21 109 2
26 184 1
198 32 4
170 64 2
32 51 3
0 2 2
163 197 4
172 6 3
27 106 1
194 15 1
81 173 2
57 12 2
195 192 1
30 95 1
78 100 1
199 24 2
67 56 3
159 17 3
36 194 4
186 119 1
97 18 1
126 79 3
195 112 2
133 155 1
107 175 1
128 28 4
158 196 4
84 49 3
150 163 2
159 166 4
27 177 4
180 199 4
49 111 2
165 121 4
28 144 4
108 193 2
141 195 4
139 150 4
79 141 3
4 144 3
149 199 3
76 132 3
101 84 2
71 153 3
33 79 3
109 4 1
85 192 1
151 173 4
170 183 1
6 122 2
197 16 4
184 74 3
119 92 4
55 25 4
39 64 3
181 3 1
41 33 3
103 49 3
115 139 2
101 131 1
70 150 4
177 19 4
168 171 1
172 59 2
170 167 3
104 43 2
150 153 4
103 92 2
98 112 3
152 191 3
42 78 1
51 94 4
102 142 1
26 167 2
56 137 3
176 17 2
134 5 3
119 23 4
103 13 4
25 33 2
173 65 1
63 80 4
45 90 2
27 48 2
34 45 4
140 138 3
65 192 1
94 80 4
144 71 1
195 15 3
65 104 2
46 118 4
176 129 2
36 145 2
96 159 1
148 167 1
86 63 2
60 85 1
18 39 3
82 45 3
114 104 1
56 43 4
68 86 1
146 88 1
94 186 3
71 63 2
45 167 2
159 50 4
149 31 4
50 27 4
129 172 3
174 45 2
89 47 4
120 193 3
105 26 1
98 24 2
42 66 3
51 96 3
187 89 2
178 84 4
178 80 2
72 137 2
80 78 2
38 53 4
152 99 2
130 1 1
43 11 2
168 114 2
149 175 4
194 181 2
49 180 1
25 75 3
63 183 4
84 75 3
109 154 4
112 11 4
46 134 3
142 158 2
52 84 2
47 42 1
147 27 2
97 54 1
107 136 4
64 97 2
91 65 4
166 124 3
157 106 4
131 115 2
11 131 3
73 83 4
130 50 4
37 132 1
173 62 3
89 128 2
110 180 3
103 14 3
131 186 3
34 181 3
128 31 2
130 152 1
121 169 1
137 49 2
91 25 3
115 27 3
127 76 4
117 35 2
81 97 2
83 171 1
26 48 1
146 34 4
52 175 4
82 50 4
159 40 3
13 110 4
129 42 4
71 20 1
48 119 3
102 170 3
132 44 1
100 37 1
124 154 1
168 193 1
74 87 1
163 1 4
73 37 4
180 65 4
6 179 1
116 75 4
183 118 4
10 80 3
12 82 3
194 127 1
100 87 3
18 51 4
35 180 2
155 143 4
182 143 3
83 114 1
183 6 4
35 149 1
80 182 1
156 119 2
28 142 4
115 102 3
180 96 2
35 188 1
105 162 4
41 195 1
146 176 4
17 141 4
84 157 1
2 100 1
193 30 1
92 79 2
57 124 2
80 74 2
195 24 3
149 32 2
156 189 2
23 44 3
106 174 3
63 141 4
39 102 4
20 142 3
91 138 1
14 33 4
79 137 3
45 158 3
56 29 3
22 138 4
153 54 1
39 183 4
162 63 1
59 82 1
104 33 4
95 88 4
188 127 3
100 43 4
170 149 1
8 122 2
84 121 1
60 186 4
28 127 4
100 40 4
71 122 1
3 80 4
31 118 2
5 173 1
155 137 4
165 64 2
193 195 1
160 56 3
112 118 2
103 186 1
28 172 2
12 107 3
101 159 3
26 136 4
6 128 4
75 185 3
100 24 2
53 55 4
143 198 2
70 72 2
72 163 3
22 39 4
112 56 4
93 58 4
156 14 4
132 50 3
12 154 1
142 48 2
12 184 2
26 82 4
99 180 4
192 176 2
191 75 3
188 43 2
87 169 4
193 183 2
185 33 3
138 103 4
121 136 3
23 109 3
162 89 1
197 157 2
182 185 2
29 192 3
92 97 1
113 139 2
52 46 2
164 71 2
14 168 3
181 49 4
59 110 3
198 151 1
172 78 2
41 165 2
144 66 4
120 158 1
108 77 3
43 19 1
168 78 3
12 180 1
73 90 1
2 72 3
38 4 1
199 41 2
184 81 2
16 11 4
137 146 1
49 40 1
105 39 3
51 143 1
74 90 3
140 10 4
41 84 3
0 118 4
154 26 4
93 102 4
125 165 4
195 52 3
30 74 3
178 79 3
86 102 2
25 65 3
12 54 3
17 32 4
158 23 3
186 135 3
175 132 2
44 62 4
102 104 4
146 62 1
164 58 4
158 173 3
54 66 3
113 192 4
185 169 4
90 196 4
106 195 2
178 29 1
172 192 3
78 129 2
173 106 1
184 125 3
133 101 4
28 67 4
64 158 2
33 163 1
15 104 3
35 146 2
153 127 4
139 186 1
177 146 4
76 101 3
46 41 1
41 121 2
9 39 1
124 132 3
95 5 4
42 126 1
17 33 2
56 181 1
75 91 1
56 170 2
4 166 2
35 155 2
146 175 3
16 48 4
104 7 2
195 118 4
99 112 4
138 192 2
65 110 1
72 28 4
153 46 3
114 12 2
104 25 2
31 188 2
185 108 1
164 188 2
65 101 2
137 80 2
199 112 4
165 139 1
109 70 3
69 127 3
186 78 3
76 137 2
111 186 4
102 118 1
17 118 2
74 59 1
42 182 3
20 41 4
145 13 4
52 40 1
65 138 1
25 22 1
161 197 1
30 191 2
179 134 4
60 106 2
119 36 1
177 13 1
62 103 2
191 22 3
5 163 4
61 118 4
120 118 1
184 191 3
98 141 2
43 142 3
196 154 3
117 156 2
15 10 3
4 161 3
145 67 3
111 96 1
1 5 2
55 42 3
9 194 4
72 179 1
115 60 3
48 34 3
156 15 2
159 157 2
170 145 1
164 150 2
74 173 2
145 196 2
168 172 2
44 148 4
0 170 4
83 172 4
72 36 1
96 99 2
157 48 1
76 107 1
136 124 1
166 128 2
65 196 4
56 40 1
96 128 4
84 176 2
106 168 4
84 170 4
77 132 1
84 194 1
101 137 1
39 146 4
167 20 3
34 195 3
191 59 3
17 51 1
64 123 1
62 77 2
178 33 1
17 162 4
53 174 3
192 114 4
188 56 3
23 166 1
41 133 3
165 50 2
26 47 3
54 110 3
45 26 3
2 190 3
156 55 4
20 154 1
121 33 3
189 29 1
123 86 1
180 17 2
122 99 4
192 104 4
113 165 2
73 119 2
31 194 2
136 81 4
53 18 2
118 41 1
68 124 4
153 76 1
56 141 3
157 131 1
195 62 2
140 75 1
21 122 1
109 14 1
175 168 3
40 13 2
139 61 4
185 61 4
18 156 4
80 9 2
187 186 1
23 3 1
180 187 1
72 34 1
8 31 3
195 169 4
126 37 2
153 121 4
197 190 4
186 167 3
77 70 2
102 11 2
1 124 3
110 71 1
159 175 3
37 105 3
103 136 4
16 175 1
198 180 1
188 3 4
114 137 1
101 38 3
41 57 1
140 57 1
66 146 3
103 0 2
185 199 2
116 21 3
39 72 4
179 166 2
119 133 4
96 7 3
49 88 1
73 72 2
84 69 3
195 142 4
145 82 4
192 79 2
107 113 3
32 96 4
62 160 3
122 197 1
61 106 2
14 190 2
57 68 4
168 92 1
70 143 4
77 23 2
111 114 4
31 154 1
66 189 3
45 133 3
171 9 1
122 51 1
195 163 4
154 178 2
49 173 1
82 102 2
82 162 4
9 68 2
166 26 4
159 10 1
130 159 3
34 29 3
115 6 2
109 2 4
47 12 1
126 104 4
20 198 1
115 65 1
188 176 3
132 152 1
69 140 1
31 14 1
24 115 1
42 101 4
85 129 1
158 66 4
4 168 3
155 3 4
102 172 1
61 70 4
17 117 3
85 86 2
94 75 1
9 21 2
37 55 4
37 19 3
89 74 3
45 117 1
167 143 1
128 69 4
140 104 3
134 114 3
38 164 3
125 34 4
50 163 1
3 11 1
0 126 2
64 102 3
137 23 1
191 42 3
35 110 4
178 160 4
121 173 3
178 94 1
100 118 2
114 139 2
120 90 1
165 1 2
121 74 2
56 55 3
139 136 3
32 189 2
165 42 1
11 157 1
8 167 4
102 125 3
45 17 3
111 28 4
156 36 1
159 116 3
104 39 1
102 112 1
26 112 1
192 75 2
74 6 4
124 30 4
114 58 4
151 152 4
61 127 1
151 79 1
135 64 4
10 161 1
14 125 3
170 83 1
48 28 3
46 70 3
122 10 2
99 4 2
134 73 4
46 126 1
132 7 2
145 151 2
198 193 2
183 58 3
121 32 4
134 153 1
164 7 1
107 103 3
161 16 2
103 148 4
160 187 1
1 194 1
138 120 3
69 51 4
46 2 4
80 151 3
164 117 1
123 144 4
32 164 2
178 23 2
85 105 4
185 91 1
98 56 3
64 53 4
177 149 3
39 49 2
88 7 4
182 196 2
189 1 2
26 151 2
71 85 2
83 195 4
129 52 3
174 21 3
37 11 2
14 89 2
31 69 2
78 162 3
188 87 4
82 142 3
156 41 4
74 153 2
2 132 3
93 146 1
74 131 3
105 30 4
73 142 1
93 53 4
93 131 3
169 160 2
197 35 2
48 10 4
153 125 1
48 138 1
133 175 3
94 48 3
35 62 2
171 87 4
19 84 1
154 193 4
115 51 2
181 162 4
90 31 4
88 9 2
95 46 4
44 170 3
199 32 1
34 198 2
178 196 1
117 135 2
91 45 3
71 51 4
86 31 4
110 90 2
191 48 4
29 124 2
59 61 1
11 62 4
18 77 2
105 28 4
163 162 2
65 135 1
9 160 4
184 22 3
107 74 4
30 8 1
178 1 4
175 65 2
111 139 2
175 161 4
94 133 1
27 152 1
80 19 3
20 199 2
120 23 4
183 77 1
19 75 3
11 54 3
98 107 2
152 26 3
48 32 2
17 84 3
89 131 3
188 11 3
33 124 3
171 102 1
23 134 4
4 45 3
119 33 4
101 9 4
120 191 3
2 16 3
173 180 1
185 55 3
13 149 4
13 80 2
187 132 1
55 54 2
105 64 4
137 63 3
178 3 2
92 136 2
73 32 2
43 25 1
3 5 2
184 120 4
155 7 4
198 55 2
47 199 2
86 93 1
92 64 4
178 53 2
164 10 3
145 64 4
99 119 2
80 87 3
47 103 2
82 32 2
96 157 4
133 113 3
2 173 3
135 0 3
15 45 1
8 88 4
67 22 1
193 66 2
136 78 1
39 162 3
43 193 3
165 164 1
196 132 4
123 153 1
9 153 2
113 187 1
11 58 2
139 108 2
133 137 2
144 99 3
87 83 4
160 21 2
62 123 2
85 182 1
40 156 3
39 48 4
36 155 2
48 167 2
189 179 1
171 70 4
174 80 4
46 23 1
10 25 1
118 152 4
32 91 1
188 90 3
10 44 3
198 186 1
24 120 1
158 44 2
168 63 3
110 18 1
4 184 1
115 45 2
139 127 2
149 137 4
117 20 1
133 50 4
50 17 2
34 87 1
150 5 2
161 167 3
113 159 3
63 16 4
111 90 1
177 89 3
129 22 4
191 106 3
25 11 3
147 56 2
16 55 3
48 115 2
101 90 2
122 199 2
106 11 2
20 10 2
149 186 3
6 167 2
168 130 3
13 98 4
120 114 4
48 92 1
129 59 3
124 4 2
123 1 2
149 120 4
144 0 2
73 150 1
9 50 2
132 156 2
44 114 2
12 31 2
110 181 4
164 151 2
95 198 2
156 105 4
135 128 4
48 63 4
183 135 4
152 108 3
74 146 3
30 77 1
180 183 1
27 129 1
22 99 4
15 36 3
4 112 2
137 39 2
156 122 4
103 125 4
94 53 4
17 63 1
160 197 2
139 73 4
127 31 4
175 171 1
83 115 3
189 15 4
179 190 1
137 153 3
43 108 1
197 49 4
119 181 2
95 194 3
175 13 4
99 121 4
136 2 2
163 47 2
13 105 1
69 24 4
24 92 1
38 40 3
91 199 4
160 65 2
111 160 3
38 109 4
93 97 1
149 18 2
179 183 1
134 27 4
85 153 2
79 123 2
68 148 1
57 46 1
167 89 1
133 122 3
157 180 2
14 46 1
56 24 3
137 183 1
196 190 4
142 6 4
161 20 2
139 118 2
73 99 4
74 96 2
112 27 4
59 0 1
143 5 2
89 146 4
6 175 2
183 60 3
25 112 1
12 16 3
187 99 4
13 178 3
120 13 4
140 180 2
35 123 2
172 82 1
16 105 1
155 127 1
134 2 1
185 0 3
162 68 4
51 149 4
126 157 2
190 188 4
100 74 4
11 96 3
28 44 2
70 94 4
37 13 4
162 54 2
138 100 3
117 40 2
136 133 4
168 107 1
17 47 1
5 154 4
125 148 2
83 127 1
93 27 1
40 90 4
67 197 2
163 145 2
100 124 4
157 169 4
131 173 2
178 10 2
18 152 4
144 30 3
147 6 2
156 135 3
149 106 4
26 113 1
49 110 2
46 198 4
180 50 1
23 25 3
128 8 2
42 112 1
46 148 2
103 106 1
24 33 4
161 48 1
184 152 1
190 76 2
55 98 3
199 17 1
19 14 1
145 167 1
158 133 1
101 64 3
57 100 3
20 12 1
147 139 2
32 182 1
174 103 3
17 29 2
148 172 1
105 168 2
39 55 4
164 72 4
103 149 1
127 40 2
168 12 4
53 34 4
64 0 1
161 98 2
0 85 4
151 104 3
106 9 1
14 24 4
23 110 4
105 1 4
142 168 4
89 198 3
60 76 3
118 35 2
80 54 3
40 195 3
128 160 2
59 196 4
84 63 3
190 106 2
49 28 1
90 103 4
8 168 4
117 72 1
16 168 3
133 146 2
26 44 4
14 110 4
17 146 4
85 141 4
90 198 4
72 186 1
36 87 2
188 144 2
112 47 2
101 23 1
48 81 2
156 96 1
26 32 3
185 20 4
41 115 4
23 135 2
29 120 2
196 27 3
177 139 2
62 72 1
191 112 1
193 91 4
53 146 1
125 147 2
39 46 4
195 114 1
80 47 3
79 124 4
75 119 2
45 113 2
197 128 3
52 20 4
149 94 4
12 61 3
136 176 1
65 0 3
140 44 1
10 86 2
78 165 3
197 115 1
187 133 3
132 163 4
49 155 4
95 163 2
35 79 1
25 70 2
131 187 2
88 45 2
144 91 2
83 122 2
190 50 3
126 49 4
0 45 4
22 198 4
136 90 3
114 98 3
153 56 3
194 59 1
158 199 4
131 138 3
25 176 2
71 62 2
36 27 4
63 169 2
25 2 4
53 117 3
104 6 2
187 44 1
123 166 2
50 138 3
142 91 4
156 50 4
43 185 1
64 192 2
65 128 3
182 195 4
126 161 4
101 124 1
126 17 3
56 120 4
11 185 3
42 63 1
134 173 4
44 34 4
104 99 4
80 6 4
151 159 4
4 146 3
151 139 1
174 15 4
2 15 1
158 55 2
20 173 2
72 30 1
95 168 2
137 184 3
139 88 3
56 36 1
70 47 4
6 111 2
142 175 2
98 61 2
161 93 2
144 32 3
88 81 1
86 104 1
60 114 4
189 79 2
63 49 2
70 156 1
120 75 1
95 87 3
195 35 4
101 195 1
150 102 4
135 48 4
119 70 1
80 150 2
83 198 3
154 29 2
21 81 2
132 169 1
41 56 3
92 112 2
186 56 1
123 175 4
96 6 3
127 70 3
130 36 4
134 92 2
36 98 2
197 83 2
105 36 4
73 2 2
194 24 3
166 86 3
88 158 3
117 56 1
96 153 4
55 173 3
56 184 4
46 18 2
141 65 1
89 144 2
124 8 4
31 103 2
117 28 3
11 144 3
47 185 1
160 13 1
65 156 1
125 8 3
33 129 3
190 80 4
115 52 2
18 94 1
153 24 4
110 80 2
151 113 3
165 196 2
127 86 1
92 17 1
68 42 3
195 108 4
190 53 1
131 107 3
16 54 1
147 65 4
72 15 1
190 12 3
123 75 1
141 33 4
48 70 1
108 187 2
21 181 4
7 0 3
25 69 2
102 71 3
76 175 2
42 154 4
152 144 1
81 122 4
162 178 1
52 48 2
187 39 1
191 185 1
119 130 4
49 144 1
106 73 4
163 152 4
110 114 1
100 154 1
33 45 4
144 77 3
58 189 3
160 123 1
157 160 3
84 78 3
141 29 2
185 123 2
110 77 2
131 150 4
115 43 4
140 90 1
97 15 3
31 176 1
19 124 4
47 27 1
60 0 1
130 103 1
29 193 2
83 147 2
156 51 1
159 187 3
163 174 4
146 127 3
170 178 2
111 171 1
30 108 4
141 198 1
93 196 1
35 69 2
11 148 3
165 70 3
21 60 3
40 142 1
183 140 1
9 113 2
72 139 2
179 10 1
156 44 3
46 64 1
13 185 2
72 20 2
193 114 4
90 172 3
100 125 2
5 4 1
9 0 4
133 86 1
7 102 4
166 140 1
69 171 2
21 63 2
52 143 2
16 150 3
43 37 4
186 184 1
92 115 1
189 169 4
193 100 4
124 28 2
56 23 2
67 148 1
120 50 3
92 187 2
162 133 3
195 147 4
101 61 2
141 190 4
80 39 3
182 38 2
29 33 2
144 199 1
145 183 1
19 85 4
49 42 4
3 114 2
170 126 1
100 149 2
187 143 1
178 73 2
102 35 4
61 131 2
2 39 1
127 66 2
1 114 1
74 117 2
15 177 4
107 5 1
109 36 1
181 78 4
159 158 4
105 138 1
179 84 1
170 95 3
153 185 1
65 168 3
112 129 3
10 123 3
53 167 2
188 155 3
75 42 1
57 159 3
54 123 2
64 126 4
51 116 3
153 98 3
141 187 4
39 193 2
5 122 3
59 152 2
139 135 4
126 6 1
106 108 4
197 104 2
184 193 2
16 137 2
50 79 1
192 60 1
61 103 2
29 89 1
0 80 4
144 18 3
25 102 3
188 142 1
26 126 2
34 93 1
75 137 1
24 179 4
42 88 4
57 189 3
45 97 3
169 172 2
44 56 1
116 132 1
83 92 2
168 188 3
89 173 2
151 45 2
137 176 4
176 30 1
2 86 4
158 131 4
39 110 3
48 18 1
103 179 4
3 171 4
113 70 3
88 196 2
123 155 3
64 187 2
80 148 3
45 110 2
49 127 4
167 195 4
174 42 2
111 44 1
44 76 1
142 45 2
179 144 4
150 144 3
117 127 4
199 78 4
188 147 2
112 85 2
157 158 1
4 126 1
35 58 2
163 28 1
167 111 4
151 88 1
79 1 4
109 62 3
118 27 3
143 100 1
190 83 1
84 71 1
126 45 1
190 3 3
122 72 4
156 37 2
75 54 4
135 95 4
18 184 2
197 153 4
51 157 4
37 143 1
156 66 4
29 75 4
108 194 3
65 2 1
192 76 1
130 107 2
97 152 2
58 131 2
169 192 4
66 32 4
129 61 1
116 68 1
66 22 3
166 180 4
21 75 4
179 17 1
135 129 2
46 82 2
123 81 1
171 7 3
131 147 1
193 155 4
110 134 2
187 105 3
105 148 3
189 53 2
129 29 2
119 146 1
113 62 1
53 21 1
140 132 3
65 54 2
3 43 3
133 178 1
70 41 1
17 160 4
7 161 3
58 56 1
99 126 1
82 100 4
77 140 3
12 7 1
104 93 2
52 158 1
94 197 2
52 6 2
194 40 2
54 24 2
178 113 1
103 46 1
158 80 1
41 134 2
181 160 3
99 56 4
77 75 2
93 122 1
78 137 3
42 99 3
83 51 3
144 5 1
60 100 2
170 12 3
173 123 2
139 96 1
126 51 4
103 98 2
157 81 3
42 73 2
88 150 2
132 29 4
182 156 2
162 23 2
123 130 3
152 110 3
130 194 4
182 95 1
177 69 4
105 11 3
92 56 2
39 123 4
48 172 3
185 44 4
168 189 1
102 175 3
66 57 1
108 119 2
14 137 4
36 188 3
87 193 3
11 117 3
126 73 3
57 150 4
23 99 1
90 9 2
136 1 1
147 181 2
15 197 4
58 136 3
29 142 2
62 179 1
140 149 1
46 172 2
130 199 1
119 124 4
120 42 2
157 63 2
106 183 3
29 2 3
194 76 3
128 111 2
49 12 3
171 48 3
74 167 3
32 152 4
173 133 1
166 134 3
155 33 4
198 199 4
9 98 1
125 191 4
57 40 4
187 76 4
69 45 1
38 179 3
6 4 4
182 127 3
2 75 4
164 103 1
51 93 2
48 61 2
47 34 2
8 87 1
66 47 1
114 156 2
94 129 3
194 22 3
14 88 2
88 3 2
174 159 4
146 72 2
21 117 1
3 90 4
74 145 2
183 185 1
183 109 3
70 167 2
107 184 1
177 40 1
113 188 3
76 152 2
170 150 4
133 85 2
27 105 2
91 182 2
168 90 2
195 84 2
162 64 3
127 142 1
174 91 2
116 190 4
22 166 3
148 168 1
113 34 3
70 169 1
150 171 4
134 122 4
79 85 1
58 119 3
21 183 4
146 117 1
119 171 4
191 188 3
89 149 3
160 101 2
181 171 2
44 127 3
12 21 4
66 83 2
153 116 1
25 46 2
167 130 3
2 141 3
65 60 3
171 169 3
12 163 1
16 187 3
8 195 1
121 110 2
5 98 4
168 116 4
144 29 2
25 94 4
98 83 4
116 123 1
14 34 2
153 14 4
90 71 1
71 169 3
91 100 4
24 170 3
18 134 3
198 118 4
156 185 3
55 187 1
167 179 4
161 182 2
109 142 2
37 162 2
31 99 2
193 166 1
76 31 1
37 26 3
17 128 2
123 148 2
145 116 3
61 13 1
92 94 3
121 85 1
60 141 2
193 3 2
178 118 3
190 191 1
21 73 3
197 32 2
182 88 3
33 160 3
87 30 3
75 45 2
60 177 3
31 117 2
114 101 1
51 70 4
28 158 1
21 118 4
86 154 2
45 86 4
172 171 4
82 17 2
155 115 2
24 94 2
21 189 2
104 118 1
164 42 2
37 47 3
164 56 3
180 168 3
1 125 1
17 140 1
111 132 3
76 59 3
162 177 1
124 26 3
94 147 2
186 41 3
112 53 1
35 1 3
143 170 4
48 93 2
19 172 2
10 82 1
174 97 4
27 3 3
140 106 4
13 82 1
185 166 4
195 49 2
45 103 2
59 26 4
60 91 2
99 175 1
22 90 3
94 156 2
190 42 1
73 97 2
103 184 4
88 164 3
141 34 2
159 126 2
84 72 1
95 18 3
160 196 4
4 110 4
151 178 4
139 185 4
128 148 3
112 131 1
52 60 2
106 28 1
56 155 1
61 89 3
20 191 3
105 175 1
0 55 3
172 105 2
53 79 1
191 114 1
14 41 1
159 67 2
82 57 3
32 112 3
194 142 2
140 89 3
24 162 4
89 172 4
51 24 4
174 198 2
113 142 2
189 137 4
150 36 3
22 79 4
123 125 2
109 27 2
152 182 2
80 180 4
16 52 3
89 102 1
13 188 1
136 17 4
171 44 3
198 64 4
102 186 4
10 163 1
168 104 4
180 170 1
15 64 1
2 175 3
20 182 2
127 94 4
107 77 3
54 8 1
101 197 1
78 194 2
139 11 3
15 26 2
132 185 1
33 54 4
67 195 3
181 143 4
95 179 1
10 79 4
126 111 1
81 147 1
190 112 2
103 121 1
13 97 2
178 175 1
51 12 2
147 137 3
54 1 3
11 196 1
123 199 4
51 47 2
2 99 1
3 45 4
58 180 1
74 133 4
22 28 2
117 129 4
103 117 4
164 147 1
98 105 2
123 157 1
28 76 2
38 39 2
77 4 1
182 187 4
101 186 3
104 16 1
36 39 3
55 7 2
92 69 3
137 26 1
27 179 1
82 21 4
122 115 1
21 19 2
133 73 4
36 19 1
8 46 1
45 78 3
107 63 3
25 53 3
63 126 2
199 131 1
116 127 3
118 72 4
99 51 4
48 156 1
23 177 4
90 150 2
83 135 3
69 110 2
189 80 4
110 61 4
40 196 1
87 163 2
183 96 2
183 101 3
184 24 1
10 71 4
180 3 1
32 53 2
148 74 2
79 174 3
76 10 4
125 183 1
198 11 3
101 126 4
133 123 2
88 46 3
17 108 2
107 185 2
121 75 3
4 108 2
146 95 2
54 105 2
68 105 3
54 152 1
194 5 3
175 160 4
57 178 1
185 82 1
96 155 3
83 120 1
90 159 4
75 168 4
114 171 4
177 138 2
165 35 3
133 197 1
123 187 3
43 189 4
75 134 3
187 193 3
72 41 1
148 182 1
87 120 2
105 181 4
152 3 4
134 141 2
152 36 2
10 139 4
58 65 4
148 132 1
196 197 3
79 181 3
181 159 2
134 10 4
93 84 2
51 102 1
89 104 1
164 145 4
66 186 1
59 175 3
14 132 2
124 81 3
46 1 2
198 181 2
112 18 3
106 126 3
76 111 3
68 153 1
199 117 1
105 155 2
2 144 2
68 0 1
66 90 1
0 8 3
15 21 3
9 81 1
144 166 3
124 179 1
198 164 2
159 16 4
29 79 3
148 61 2
18 98 4
171 17 4
24 38 1
189 24 2
135 50 1
137 175 3
194 115 4
184 13 3
187 47 3
173 93 4
30 94 1
123 63 3
182 176 2
81 166 1
155 172 3
141 68 2
113 22 3
46 28 2
94 89 4
116 191 2
76 191 1
137 88 1
153 166 2
105 51 2
128 63 1
14 150 3
0 91 2
146 188 2
118 106 3
70 112 4
184 177 1
85 171 4
35 2 4
159 183 4
174 84 1
181 156 1
14 42 4
110 32 3
100 93 4
70 97 2
64 28 3
123 135 1
137 93 1
157 86 3
184 84 3
5 129 3
110 170 3
91 133 4
133 59 1
18 91 2
123 66 3
156 151 3
0 20 1
95 161 2
160 15 2
107 119 4
32 184 3
44 58 3
97 132 1
125 187 4
41 113 1
27 98 3
184 61 2
199 49 2
138 68 2
117 186 4
104 145 2
9 65 3
161 64 3
13 108 1
144 33 2
111 85 3
188 44 4
180 76 2
137 41 4
133 1 1
137 60 3
142 64 4
182 75 4
165 167 4
57 19 2
104 124 2
71 103 1
113 33 2
119 183 2
115 116 2
34 32 1
128 99 4
20 155 1
29 196 4
3 159 4
40 10 1
118 161 2
109 41 1
147 132 3
92 163 3
74 48 2
57 196 2
82 63 2
16 86 3
35 15 2
192 86 1
32 173 1
165 23 2
139 35 3
74 49 3
94 167 2
134 90 1
82 41 2
88 194 1
95 42 1
46 29 4
95 149 3
36 50 4
96 167 3
38 12 3
46 185 2
121 10 4
178 173 2
112 48 2
129 43 4
141 54 2
41 8 3
161 158 2
181 139 2
74 72 3
135 32 4
17 35 3
46 151 1
80 77 3
25 88 4
142 183 4
173 130 4
120 35 4
131 24 1
29 98 1
112 60 4
140 72 2
27 34 4
131 198 2
29 148 2
114 122 1
139 71 2
127 60 3
170 68 2
163 185 3
117 170 3
96 30 2
52 168 2
42 118 2
163 30 3
147 177 2
115 128 4
158 92 2
162 44 1
124 24 1
67 116 2
20 82 2
44 71 3
186 181 4
15 169 4
166 65 4
140 49 1
120 12 4
188 74 3
96 108 4
182 135 4
77 83 4
3 113 3
53 133 3
175 46 1
5 126 4
15 20 2
150 109 3
61 126 3
194 37 2
13 79 2
164 181 3
176 123 1
64 177 4
124 191 4
119 144 2
199 182 4
56 139 1
189 16 1
118 177 2
194 74 3
74 196 1
113 123 2
8 157 4
183 94 3
140 28 1
101 157 2
63 149 2
122 9 4
186 118 2
141 111 4
145 70 4
123 44 3
41 153 3
174 161 1
26 153 1
196 173 1
154 132 1
152 178 2
140 181 1
72 29 4
101 185 3
111 156 2
81 139 4
158 40 2
79 23 2
142 189 1
41 176 1
80 64 2
150 35 1
42 57 1
43 89 2
59 31 2
99 191 2
199 66 4
101 119 3
122 26 3
101 5 1
6 83 4
193 177 2
78 195 4
51 103 4
175 79 2
35 77 3
94 195 1
118 187 2
179 73 2
130 63 3
60 92 1
147 199 1
63 153 3
142 123 2
47 109 2
7 56 1
0 1 1
101 20 1
199 162 3
118 96 4
179 192 4
124 39 2
165 19 2
184 72 2
175 163 3
13 85 2
79 166 2
70 53 3
40 79 1
134 3 2
26 143 4
3 103 1
6 77 2
68 191 1
85 59 2
177 155 3
23 54 3
70 141 2
180 150 1
42 67 4
109 37 2
156 192 2
35 182 4
125 154 3
14 188 3
165 60 4
61 97 1
134 107 2
142 2 4
135 150 4
184 176 3
144 97 3
132 161 2
150 112 2
149 139 1
144 87 4
157 23 2
123 68 4
132 183 2
88 144 4
161 35 2
89 112 4
119 165 1
10 83 4
69 157 4
161 83 1
116 34 2
136 97 1
7 63 4
56 90 3
24 193 3
31 16 1
17 20 1
169 174 4
161 140 4
110 46 2
142 161 1
71 172 3
24 55 4
45 154 3
26 80 2
136 166 3
120 192 4
60 53 3
5 164 3
54 63 1
109 51 4
24 176 2
6 73 2
109 32 1
3 141 4
171 79 3
162 116 3
130 108 1
137 194 2
127 199 4
147 196 1
70 32 3
135 122 2
189 17 3
11 183 3
30 150 1
50 148 1
59 142 1
143 140 1
119 140 4
167 134 4
97 52 4
23 86 3
118 128 3
50 145 2
129 132 1
194 139 3
82 189 3
140 189 2
197 56 3
120 112 4
16 123 2
2 162 3
93 90 3
66 114 4
123 85 4
110 12 4
49 133 3
46 58 3
39 26 2
91 166 2
94 9 4
50 134 2
188 65 2
39 89 2
198 147 3
167 137 3
169 113 2
153 49 3
163 127 3
181 36 2
36 53 2
100 144 1
129 105 4
96 37 4
196 68 2
48 196 3
89 92 4
58 170 3
195 176 4
4 56 1
88 2 4
19 152 4
48 62 1
157 154 2
36 178 3
39 99 1
126 171 4
168 143 4
186 14 1
199 164 3
31 130 1
39 61 1
146 3 2
116 121 4
198 172 2
150 92 3
83 84 4
160 174 4
116 187 3
185 152 4
171 38 1
122 39 4
143 81 3
21 43 4
46 9 1
114 88 4
50 199 4
147 79 3
39 185 1
44 57 4
20 50 2
110 196 4
54 173 1
76 176 1
0 52 2
50 63 4
2 113 3
88 179 3
154 35 4
25 137 3
80 46 3
88 174 2
95 41 3
134 42 4
163 155 3
161 113 2
62 85 1
56 28 3
195 128 1
114 74 1
38 37 2
113 40 2
27 5 1
108 83 2
78 151 3
161 58 2
94 140 1
46 127 3
79 8 4
61 176 4
186 99 3
102 72 1
54 197 4
152 91 4
163 177 2
51 136 2
32 94 2
175 91 1
150 6 1
79 67 3
86 90 3
8 171 4
122 34 2
57 18 2
183 38 4
174 54 1
100 7 2
35 127 2
12 84 4
65 136 4
7 22 2
138 78 3
62 120 1
43 110 4
166 141 4
76 18 2
185 122 3
103 192 3
29 175 4
180 82 2
32 147 3
66 129 4
177 166 1
152 15 4
72 77 4
163 19 1
66 138 3
5 47 3
0 51 2
89 15 1
47 61 2
162 179 1
52 85 1
177 109 2
163 64 1
189 42 4
180 174 4
38 47 1
107 21 4
159 48 1
79 130 4
128 46 4
98 60 1
125 161 4
68 102 4
32 115 2
26 8 2
52 13 1
69 109 3
55 197 1
162 22 2
20 48 4
52 7 1
23 82 4
45 31 3
169 136 1
51 76 1
135 9 3
184 195 1
85 193 2
166 172 3
21 127 1
10 185 4
89 91 1
153 77 3
19 110 1
24 136 1
123 26 3
131 129 2
134 39 2
85 65 2
125 68 3
19 195 2
182 173 1
6 88 1
102 85 3
45 79 1
195 53 1
118 18 3
187 70 1
10 30 2
180 93 1
126 192 1
83 91 1
5 167 4
46 71 4
51 14 2
130 54 1
177 18 3
142 9 3
31 11 3
149 182 3
164 162 2
45 24 3
163 27 3
25 74 1
97 162 4
57 9 1
84 190 1
125 72 4
177 181 3
139 40 2
187 166 2
190 6 3
143 10 4
28 61 3
126 128 2
6 169 2
82 89 1
135 191 2
117 165 2
142 180 4
110 47 3
179 193 3
57 109 1
87 191 2
13 53 4
57 48 4
39 136 3
122 66 3
94 103 2
91 145 2
97 94 4
151 190 4
45 191 2
154 52 2
169 25 4
73 30 1
192 153 4
72 95 1
144 122 1
139 105 1
48 126 3
71 87 2
170 182 4
46 81 1
118 86 1
10 64 3
84 96 1
149 21 3
186 12 4
42 149 3
33 48 1
139 68 1
40 174 4
178 78 3
80 93 4
88 141 1
13 83 2
70 88 3
191 32 3
126 94 4
100 61 2
146 33 1
101 169 1
3 164 3
38 126 3
177 31 2
116 185 4
101 94 2
123 177 3
37 74 1
127 37 4
1 63 2
166 34 2
64 37 2
142 65 1
99 157 3
12 91 1
154 176 3
55 93 4
96 59 3
178 82 4
98 151 1
117 98 1
190 117 3
175 173 2
44 189 4
4 14 2
117 43 3
176 186 4
195 104 2
164 184 3
171 55 4
87 130 2
127 11 2
42 37 2
145 27 1
177 115 4
49 72 4
23 88 4
157 42 4
73 77 4
142 46 1
158 15 4
10 75 1
2 63 2
123 60 2
131 60 2
121 184 4
65 29 4
3 160 3
25 124 4
175 19 3
150 43 4
49 93 2
51 42 1
35 105 1
109 60 3
139 184 1
28 73 2
139 199 4
156 93 1
168 28 1
4 119 2
55 69 1
138 171 3
176 36 4
117 4 2
76 29 3
140 62 2
1 147 2
104 157 1
79 54 2
69 77 4
185 151 1
84 131 3
141 193 1
24 191 4
106 155 1
0 6 2
129 8 1
102 180 3
155 62 3
10 85 4
174 191 1
92 71 4
22 145 4
199 154 1
123 17 4
179 152 2
185 188 4
84 109 3
138 0 4
178 144 4
187 66 4
43 15 3
91 70 1
101 82 4
180 124 4
132 60 3
14 36 3
155 112 1
188 99 3
97 42 3
172 120 4
144 165 4
162 132 2
99 109 3
30 182 2
190 153 2
106 128 2
156 99 3
176 12 2
99 154 3
20 74 1
117 75 3
48 183 3
12 60 1
57 135 2
71 191 4
170 49 2
13 162 2
156 110 1
109 74 4
52 77 4
67 5 1
24 165 4
108 29 3
111 89 3
24 2 1
185 141 3
184 58 3
196 89 1
58 132 2
115 154 2
118 123 4
153 33 4
73 136 2
78 26 3
188 141 4
189 71 4
87 162 3
139 54 1
110 127 3
159 169 3
61 147 3
36 141 3
86 122 4
29 165 2
37 128 1
113 54 2
75 90 3
131 57 4
94 74 1
9 184 1
67 156 4
151 81 1
101 2 2
177 150 4
41 53 3
91 34 1
93 79 4
170 128 4
120 111 1
147 171 1
12 138 1
16 94 3
159 64 2
175 187 4
73 44 3
132 80 1
66 18 4
31 120 1
149 85 3
11 121 1
136 15 3
26 140 4
77 43 4
69 142 1
36 60 2
100 14 2
82 52 3
110 81 4
66 87 3
33 170 1
191 165 2
58 137 1
49 95 4
163 17 4
41 34 2
173 50 4
93 151 3
40 4 2
63 147 2
79 74 4
68 109 1
53 61 3
71 65 2
70 157 4
141 120 4
87 157 4
3 124 2
140 110 4
103 21 2
180 151 3
26 107 2
115 73 2
41 85 2
108 168 4
157 149 1
130 45 3
125 52 1
139 160 3
146 36 4
188 183 2
127 177 2
143 55 2
86 96 4
79 28 1
70 117 4
18 27 2
10 152 2
70 101 4
104 85 3
38 0 2
31 18 4
102 12 4
116 70 4
86 84 1
95 22 2
137 64 1
101 117 3
18 7 3
33 182 4
105 133 4
107 60 4
25 98 1
5 102 1
137 173 4
71 134 3
137 90 2
153 50 1
78 190 1
65 89 4
29 66 3
98 157 4
120 59 4
51 137 4
193 35 2
37 35 2
78 29 1
105 38 2
82 109 2
100 106 2
129 79 4
39 160 2
71 192 4
128 59 1
184 46 4
1 70 4
24 172 4
91 128 2
85 195 1
182 98 3
94 158 1
86 21 2
187 20 4
85 163 1
180 135 3
24 6 3
35 135 1
15 78 1
107 66 4
30 159 4
190 150 1
153 19 4
88 30 1
1 69 2
86 177 3
55 2 1
95 119 4
101 45 1
104 81 1
113 25 1
199 181 1
122 145 2
164 178 4
84 59 2
135 34 4
25 28 4
139 119 1
154 8 1
59 166 4
108 111 3
164 85 4
77 15 3
72 176 2
31 63 4
102 65 2
151 119 2
59 23 1
97 193 2
157 72 2
100 29 3
98 3 2
151 117 3
51 158 1
191 10 3
133 65 4
154 19 1
124 183 3
163 173 3
108 167 4
181 137 2
31 92 4
84 140 2
121 113 3
63 120 2
155 71 4
144 57 3
172 112 3
90 11 4
69 46 4
105 186 2
92 78 4
177 20 4
75 24 3
195 113 1
188 148 2
158 179 4
36 62 1
24 67 1
17 43 1
148 143 4
160 155 4
13 147 1
121 132 2
5 74 3
73 137 1
54 30 1
77 166 4
170 5 4
155 119 2
9 172 4
30 146 4
41 68 4
74 142 4
151 153 2
150 149 2
143 93 4
110 119 1
184 3 1
115 17 3
53 136 4
58 88 2
107 165 2
151 141 1
77 45 1
12 125 4
83 75 4
11 75 3
140 27 4
44 138 2
23 83 4
86 54 3
70 133 1
185 100 3
199 36 4
84 197 4
127 187 4
164 111 3
66 173 3
195 33 3
123 84 2
65 93 4
90 155 4
48 87 3
2 14 4
100 21 4
40 99 3
114 177 2
164 158 2
127 124 1
34 156 3
82 182 3
150 110 4
15 176 4
125 164 2
16 148 4
156 124 3
111 173 1
45 180 3
175 194 1
42 80 4
104 138 2
83 117 4
129 126 1
32 2 2
87 102 1
161 102 3
105 124 1
180 195 2
125 121 4
102 178 3
54 50 3
115 22 1
98 106 3
81 185 2
3 34 3
86 109 2
73 98 4
27 101 1
148 0 4
85 107 1
67 182 3
130 11 3
6 68 1
125 33 2
45 49 1
16 108 1
2 17 3
156 187 1
105 67 1
140 80 2
132 109 3
38 28 2
180 165 3
90 13 3
66 58 3
117 36 2
126 163 3
55 188 1
147 114 2
149 72 3
102 34 3
85 51 1
4 191 2
90 165 4
7 65 3
5 103 4
182 114 4
137 89 2
22 101 3
173 12 4
185 138 2
176 183 3
18 13 1
99 197 1
37 85 4
49 25 2
42 59 4
182 104 2
4 121 4
186 17 3
98 7 4
165 176 3
196 164 3
142 160 1
198 27 2
176 187 1
176 159 3
173 97 1
34 77 4
147 34 2
146 140 3
186 162 2
138 139 4
136 114 3
123 196 1
119 30 4
0 165 3
45 108 4
154 146 3
165 87 4
138 142 1
57 101 2
127 22 1
183 120 4
119 158 4
126 165 2
129 24 3
61 173 3
174 112 3
169 58 3
170 194 2
70 11 2
59 165 2
125 140 4
15 53 3
181 58 1
101 31 4
88 134 3
34 81 3
164 168 2
55 106 4
100 6 3
188 117 2
156 174 4
56 38 4
55 32 2
180 196 3
48 101 3
52 89 3
125 46 2
150 121 3
149 22 2
129 99 4
56 27 3
188 129 3
174 13 4
9 36 4
92 19 3
106 19 2
32 74 3
157 170 3
170 85 1
77 139 2
52 74 2
75 159 1
197 183 1
92 116 3
62 25 3
136 83 1
88 54 4
135 45 3
1 193 2
172 109 4
0 29 4
74 62 4
91 121 3
153 183 3
197 131 3
102 14 3
99 123 3
135 22 4
103 115 3
118 105 3
99 173 4
182 181 4
155 145 1
36 173 2
138 145 2
9 143 4
104 58 4
88 103 1
162 84 1
64 179 4
154 80 3
85 28 3
86 167 1
102 108 1
104 48 2
45 84 2
140 58 2
79 104 2
96 67 3
138 101 4
175 97 3
75 60 1
5 106 1
139 141 2
11 44 1
8 144 4
107 101 2
93 75 3
102 193 4
13 195 2
26 18 1
119 11 3
38 84 2
10 96 4
93 15 3
120 40 4
169 190 4
6 108 3
184 123 4
58 143 1
96 169 4
164 35 3
160 133 4
28 5 3
69 113 1
192 6 4
105 174 4
162 20 4
43 194 4
161 112 1
37 53 4
111 198 3
179 8 2
75 136 1
89 153 1
50 178 2
7 86 3
57 85 1
83 141 1
55 72 1
196 107 2
33 16 2
80 192 4
37 103 3
97 138 2
142 97 1
98 17 4
100 99 4
173 189 1
23 47 3
170 152 1
17 1 4
138 163 3
4 32 2
136 172 1
57 134 2
38 3 2
66 93 3
105 15 3
64 52 2
195 14 4
96 91 3
28 4 3
78 47 2
104 176 3
113 32 1
130 27 1
192 106 2
102 37 3
14 86 1
194 32 4
5 82 3
123 94 3
27 139 1
9 107 2
78 64 4
51 107 3
70 2 1
144 81 1
103 10 1
52 197 2
144 78 3
32 171 2
182 45 4
110 133 4
124 143 1
48 66 3
116 9 4
129 186 4
192 59 1
119 29 3
161 108 2
75 89 1
111 78 1
150 194 4
163 86 1
120 124 2
87 68 2
174 199 3
48 50 4
31 178 2
148 97 3
76 120 3
74 181 2
104 108 3
8 81 2
106 93 3
74 138 4
18 128 4
113 144 4
115 117 3
29 157 2
28 173 2
18 22 1
174 108 3
114 159 4
150 27 4
191 166 4
17 42 3
47 72 3
19 25 4
141 175 1
136 160 3
90 2 4
9 195 3
107 37 4
113 48 2
103 80 3
102 41 1
6 35 2
105 69 2
0 161 4
69 187 2
33 1 2
35 191 2
88 177 1
100 190 2
103 188 1
65 190 4
184 49 3
102 187 1
52 176 4
116 125 2
81 178 1
95 121 4
174 164 4
52 81 2
32 42 2
61 87 3
130 198 3
69 70 2
29 151 1
86 178 1
93 136 3
106 39 4
48 91 3
133 2 4
44 0 1
88 184 2
165 173 2
181 158 2
167 44 3
26 34 3
172 110 3
181 170 2
175 122 2
11 158 4
49 132 2
183 133 4
102 33 3
38 112 4
101 111 2
39 196 2
151 106 3
79 160 2
165 183 2
17 77 4
181 4 3
171 143 4
81 53 1
166 62 1
136 95 4
46 56 2
34 128 1
163 16 4
87 42 2
116 155 1
112 104 4
81 127 4
31 82 3
10 100 3
5 166 2
153 115 2
127 89 1
6 103 3
164 107 3
48 198 4
156 98 4
55 107 3
195 61 4
59 93 2
26 115 3
32 170 3
24 130 3
117 185 1
21 47 1
146 173 4
182 167 4
125 58 2
84 119 1
118 136 4
164 25 4
125 83 3
177 8 1
127 67 4
51 171 1
199 21 1
93 24 2
57 153 3
11 95 1
69 155 4
9 28 1
160 22 4
155 135 2
152 114 3
63 131 4
150 77 4
34 54 3
55 112 4
145 87 3
71 147 2
102 157 2
67 164 1
125 109 4
130 122 3
78 197 4
38 150 2
160 75 4
97 149 1
43 42 4
150 184 3
113 97 1
163 101 3
174 120 1
121 43 1
166 19 2
69 49 1
31 54 3
93 113 3
119 53 1
153 130 4
23 175 1
81 150 1
27 68 3
49 5 2
32 168 3
179 77 4
33 126 2
53 169 3
91 3 4
26 75 2
69 154 3
53 182 4
171 22 3
152 131 1
117 137 2
41 161 1
168 197 2
123 151 4
105 50 1
61 1 3
31 56 3
141 20 2
100 41 4
91 38 3
54 64 4
194 0 2
55 61 4
49 14 4
35 29 1
113 10 4
58 144 4
188 130 1
72 97 1
138 36 4
15 40 1
85 127 3
87 45 2
75 63 3
106 25 4
39 53 1
122 154 2
54 136 1
46 192 1
7 118 2
145 141 4
67 62 3
161 12 3
75 104 3
131 119 3
147 26 3
135 79 4
93 56 2
155 182 4
75 155 3
78 79 4
70 6 3
97 195 4
95 84 1
199 113 1
197 4 4
32 116 4
44 196 2
155 12 4
199 11 1
158 116 3
112 167 4
151 107 3
39 66 2
9 40 2
118 51 4
162 121 3
188 138 3
54 99 4
131 6 3
98 81 3
17 87 2
23 10 4
178 140 3
67 39 1
67 21 4
14 10 3
164 189 4
107 88 2
130 47 2
115 5 1
18 84 4
144 50 1
142 163 3
169 49 2
72 75 1
96 113 3
162 65 1
145 129 2
85 132 3
16 90 1
104 53 4
42 138 4
29 174 4
26 73 3
123 21 1
50 160 2
155 0 3
57 184 2
113 1 3
113 186 3
18 35 2
63 124 2
40 7 2
99 125 1
65 140 1
136 9 4
184 171 2
94 193 3
10 78 3
103 28 3
114 55 4
78 86 2
23 94 3
61 178 3
107 36 4
96 80 1
24 77 1
15 132 3
98 84 2
1 135 4
34 51 4
153 82 2
189 149 1
196 151 1
102 154 2
110 165 1
53 19 4
195 54 1
62 153 4
32 64 2
97 124 4
91 74 4
41 103 3
73 35 2
13 94 3
70 110 2
20 78 2
25 92 3
41 62 2
47 40 4
150 104 4
15 24 1
15 153 2
76 14 4
138 136 1
113 160 4
119 123 3
170 129 2
80 149 2
191 103 1
116 56 1
92 27 4
75 65 1
40 124 2
160 12 3
30 33 2
25 6 4
108 153 1
145 106 4
136 71 4
53 43 3
116 25 1
65 74 1
178 69 3
84 37 3
158 190 1
158 103 4
91 141 1
2 18 1
44 152 4
27 167 4
126 183 4
157 185 3
177 168 2
144 137 2
124 145 1
197 38 4
171 198 3
103 122 1
131 149 2
154 32 1
163 179 2
110 169 1
94 87 4
47 102 3
163 112 3
62 92 3
37 199 3
118 125 2
138 10 1
78 101 4
80 105 1
146 78 3
34 43 1
52 29 2
23 96 2
85 144 3
58 188 4
134 181 2
144 157 3
23 85 2
40 105 3
41 79 3
134 186 4
58 60 4
103 87 2
122 98 4
63 160 1
132 112 2
174 22 1
64 156 2
132 92 4
181 17 2
152 79 3
171 27 2
171 124 4
109 104 2
58 130 1
72 13 2
177 59 1
175 144 4
56 187 3
15 49 1
141 171 1
68 81 2
108 2 1
144 70 2
92 73 4
120 176 3
23 9 1
126 108 1
148 162 1
67 36 4
67 101 4
146 186 3
72 100 4
185 78 1
197 81 4
121 29 2
148 191 1
14 115 3
16 184 4
55 195 2
117 100 2
120 80 3
14 184 3
171 61 1
98 152 1
96 43 1
125 199 2
66 36 3
8 68 3
121 198 4
167 92 3
8 172 1
19 91 3
154 88 4
66 139 2
123 120 1
35 70 1
188 53 4
1 24 3
34 76 1
73 191 4
105 173 2
86 20 4
36 116 3
81 60 2
107 177 2
188 151 3
15 100 1
15 181 1
62 107 3
5 119 4
144 135 4
193 199 1
167 4 1
157 89 4
37 171 2
63 22 3
19 162 3
25 13 3
100 95 1
151 128 1
133 139 3
87 92 1
165 20 4
87 125 4
77 121 3
194 70 1
12 152 4
52 169 4
0 106 2
77 22 1
148 138 2
197 24 4
44 112 1
9 128 1
152 74 1
194 19 3
124 74 2
60 108 3
187 158 4
150 134 2
159 21 1
159 70 1
15 138 2
60 66 4
198 8 3
81 24 2
151 99 1
140 79 3
104 169 1
175 69 1
121 27 2
61 15 4
11 108 2
5 25 3
4 186 3
130 10 2
63 88 4
115 196 1
181 10 2
105 183 3
172 2 1
191 169 1
21 182 3
120 45 1
183 61 2
