9950 200
0 100 3
0 95 5
0 139 8
139 61 3
61 189 5
0 85 9
95 10 4
10 58 4
189 174 5
0 138 1
0 9 6
95 106 4
95 150 9
150 41 4
95 122 5
85 181 2
10 105 5
58 136 7
61 32 6
138 129 4
138 42 3
138 64 5
61 135 7
85 72 3
95 71 3
138 51 2
129 117 6
61 73 5
41 114 6
117 184 2
42 116 6
10 55 8
58 70 4
64 169 3
114 59 5
116 68 9
100 12 1
10 40 3
117 107 3
72 35 9
184 96 3
129 67 8
72 143 5
184 44 1
44 80 8
117 112 1
12 124 6
42 75 8
136 115 2
59 11 2
107 196 1
143 156 2
143 93 1
96 145 3
70 22 9
11 60 9
9 111 5
35 137 9
12 171 2
71 94 8
145 144 3
71 125 8
115 109 5
137 97 9
100 18 7
107 131 5
12 193 9
0 119 2
114 103 1
135 57 8
42 132 7
35 49 4
57 6 7
125 15 7
49 178 7
145 149 2
32 65 9
15 155 6
72 167 1
144 50 6
111 195 7
57 90 5
155 79 7
40 69 3
95 14 7
195 76 4
93 187 1
75 165 2
94 123 3
32 194 3
136 126 6
181 63 9
10 148 9
149 166 1
145 92 8
76 28 5
126 142 8
149 197 2
57 24 5
100 170 4
181 180 7
167 13 5
72 108 2
193 153 3
196 151 6
57 23 2
6 74 4
189 56 6
80 4 2
119 159 4
49 20 6
165 2 9
165 34 1
174 168 5
148 86 1
57 110 1
197 53 8
76 161 5
6 52 9
60 154 3
80 182 2
18 164 8
0 21 6
24 102 2
180 140 8
65 134 6
11 177 7
182 128 7
75 104 6
13 83 2
79 16 3
104 157 9
21 82 9
6 46 7
12 77 3
155 31 2
151 30 8
59 48 2
124 158 8
112 121 3
68 38 2
10 47 4
86 19 2
56 8 6
116 175 2
170 5 4
63 43 2
40 113 4
79 179 9
38 163 8
163 17 7
15 81 7
71 173 6
24 101 3
90 176 6
138 39 9
71 199 1
67 33 8
43 152 6
107 147 9
31 87 6
152 62 5
11 3 5
70 1 1
168 141 1
101 191 2
100 26 4
154 183 3
196 190 4
177 162 5
90 98 7
162 91 7
39 172 4
60 36 6
64 45 8
81 27 9
72 130 8
149 192 5
73 186 7
49 89 8
158 120 3
197 29 3
4 54 5
177 118 2
39 188 4
64 37 3
52 146 4
34 185 4
35 160 1
26 88 3
150 66 9
15 198 6
168 99 7
182 78 7
129 133 6
186 127 8
154 7 5
48 84 4
184 25 6
9 114 1
94 150 1
187 70 3
140 24 3
116 40 2
193 97 1
195 105 1
41 22 3
29 28 3
47 166 3
199 62 1
63 83 2
27 93 3
131 134 4
127 88 2
42 4 3
89 53 1
83 52 4
31 89 1
95 102 2
140 145 3
55 7 3
165 194 2
47 96 1
23 137 3
124 31 3
69 190 4
44 147 1
76 44 3
157 43 2
72 78 4
50 3 2
25 160 2
3 134 4
170 26 4
9 11 3
110 13 3
40 148 1
28 133 4
117 3 1
11 5 3
74 87 1
2 84 2
141 130 1
63 52 4
125 128 4
59 53 1
50 150 3
68 150 3
180 38 2
83 121 2
84 101 1
74 108 1
157 158 3
24 111 4
156 37 1
12 167 1
8 167 2
151 103 1
175 184 3
161 2 2
76 146 1
171 34 2
13 10 2
154 97 3
77 34 2
38 44 4
120 177 4
43 182 2
82 63 2
1 127 3
163 79 3
137 63 2
182 175 3
63 23 3
31 61 2
137 76 4
156 140 1
60 119 4
131 38 2
159 21 1
70 195 2
186 152 1
26 166 2
134 25 3
141 154 3
24 141 4
89 9 2
59 159 2
125 3 2
16 75 2
198 52 3
80 187 1
106 127 3
51 185 3
193 112 3
109 125 1
10 7 1
83 163 2
184 107 2
128 82 2
114 149 3
92 119 1
150 14 2
145 152 3
43 90 2
134 24 2
57 176 2
144 198 2
34 169 1
187 85 2
99 8 2
104 7 2
165 170 3
133 124 3
8 189 2
60 118 1
40 49 4
146 27 4
13 45 1
131 50 2
49 45 1
31 143 2
88 113 1
89 133 2
114 171 2
7 33 3
137 9 4
149 89 4
38 113 3
19 14 1
157 16 2
69 161 1
52 102 3
130 97 1
30 182 2
24 170 1
138 4 3
105 46 3
184 77 4
45 163 2
178 107 1
95 190 2
124 141 3
63 51 2
141 129 2
119 172 2
27 148 3
48 147 3
155 102 2
32 174 1
167 33 3
187 49 1
109 161 3
86 81 2
6 135 1
194 99 3
33 88 4
74 22 3
176 159 4
11 10 1
158 161 1
45 159 4
187 83 1
162 107 1
121 32 2
150 130 2
92 106 3
21 65 3
7 174 4
111 20 1
131 71 2
155 167 4
191 198 3
89 121 4
147 148 1
34 188 3
54 141 3
111 70 3
11 42 4
39 44 3
56 114 4
164 25 2
138 50 3
171 90 1
106 177 1
117 132 1
172 75 4
138 73 2
131 72 3
71 26 2
127 22 4
122 15 3
82 30 2
120 70 2
19 126 1
79 186 3
20 154 2
32 108 4
24 56 3
82 122 3
164 181 2
187 147 1
137 47 1
92 95 2
8 55 3
58 6 3
99 53 2
41 166 1
139 171 4
11 96 2
127 103 3
118 174 3
43 118 4
183 129 4
151 21 4
126 87 1
145 4 1
126 38 4
107 156 4
188 120 1
113 153 3
152 183 4
57 169 2
58 163 3
89 112 2
182 135 3
185 183 2
180 179 3
167 30 4
160 168 3
186 160 4
112 44 3
54 160 4
56 6 2
171 57 1
170 131 2
43 144 1
195 155 2
43 194 2
148 74 3
51 154 4
69 183 4
13 179 2
20 142 1
113 171 3
74 34 2
124 104 3
102 153 1
155 34 1
56 138 1
149 156 3
197 9 1
36 93 3
25 87 2
157 28 4
185 100 2
19 16 4
192 122 3
126 109 3
70 192 2
92 166 1
38 2 1
45 168 2
183 196 1
26 74 2
41 183 3
92 199 3
80 97 2
94 158 2
106 134 2
52 195 4
6 3 4
161 21 4
155 178 3
174 188 3
8 28 3
74 135 2
59 171 3
146 37 1
183 125 1
3 141 2
127 87 4
12 162 1
71 100 3
153 64 2
98 125 3
29 94 2
97 139 3
193 191 4
98 184 4
38 183 3
43 140 1
136 145 2
161 197 3
26 187 2
2 6 1
34 109 1
194 22 4
31 35 1
65 127 1
141 7 4
93 0 2
21 26 3
76 39 2
105 14 2
39 86 3
126 95 2
80 21 4
76 102 2
92 41 1
191 77 1
148 63 2
107 82 1
193 143 2
57 88 4
118 167 4
176 186 4
25 147 4
147 159 1
64 117 2
72 39 3
125 80 3
111 54 4
109 47 2
96 37 3
160 116 1
188 89 3
113 194 4
135 13 4
102 35 4
157 123 3
105 140 3
57 182 1
142 93 1
187 82 4
186 28 3
54 182 4
14 60 2
116 105 1
186 189 2
197 5 3
47 36 2
92 15 3
173 114 3
123 91 4
20 65 2
29 95 2
124 18 1
111 50 2
131 144 4
164 158 2
195 74 3
32 70 3
134 152 4
40 78 4
139 120 1
123 119 2
160 92 2
114 23 3
38 110 4
72 71 3
155 133 2
29 14 1
135 150 4
113 117 4
68 124 4
126 49 2
56 148 2
20 101 1
8 116 2
146 97 3
37 3 3
135 111 4
130 88 2
153 73 2
20 132 3
81 188 1
160 102 3
78 48 1
116 55 3
84 130 1
188 170 4
173 82 4
164 103 4
1 107 4
63 69 1
34 142 1
24 80 4
3 124 4
149 194 4
107 38 1
163 27 3
98 15 3
92 27 2
161 43 4
80 48 3
15 162 2
62 137 2
42 30 1
19 77 3
152 142 1
173 129 1
31 165 4
196 110 4
137 64 4
180 6 1
49 90 3
40 82 4
46 102 3
27 48 4
57 16 4
116 16 3
27 61 1
94 187 4
189 100 3
92 120 2
184 99 4
34 18 3
0 147 3
192 138 1
59 12 3
128 73 1
93 169 4
22 24 3
123 71 3
100 6 2
76 123 1
35 62 4
97 36 2
42 120 2
77 143 3
49 114 2
52 13 2
39 183 1
94 95 1
60 124 1
34 76 2
96 92 2
64 49 4
163 0 4
13 67 1
194 158 1
137 112 4
120 2 4
164 5 3
15 197 4
26 44 1
176 172 1
32 197 4
36 99 1
166 172 1
179 54 1
157 111 1
162 152 1
92 159 3
30 133 1
21 134 4
4 89 2
0 162 3
88 104 1
96 190 3
16 102 2
11 12 2
97 71 4
143 90 4
59 190 4
71 198 4
162 114 4
96 175 1
9 142 1
177 36 3
143 140 2
54 88 2
30 33 2
199 105 4
30 153 4
179 123 3
52 25 2
49 140 4
123 98 1
1 114 4
20 157 1
28 172 4
18 25 2
42 136 2
0 59 1
21 124 3
1 173 1
137 44 1
158 35 4
165 176 3
49 157 4
64 27 1
93 151 1
199 124 2
68 80 2
135 45 4
88 128 4
65 147 2
61 176 1
188 102 1
55 163 2
38 150 3
133 177 2
183 121 1
97 22 4
48 20 4
159 123 2
78 165 1
72 100 1
175 167 1
182 44 1
110 25 2
100 97 1
166 127 1
141 5 2
179 151 2
107 36 3
65 1 3
35 113 4
196 145 1
56 45 4
63 153 3
44 41 1
25 32 3
41 139 1
197 160 2
68 142 1
147 156 2
118 10 3
114 10 2
74 35 3
111 7 2
38 158 3
163 82 3
180 197 1
17 167 2
85 137 3
140 138 1
129 83 2
117 103 2
91 89 4
97 46 3
196 23 3
63 49 1
164 50 1
100 161 2
99 44 4
31 144 4
5 29 4
49 79 1
141 4 3
52 141 4
144 18 4
179 168 1
144 84 1
0 75 4
157 81 1
58 186 2
75 6 2
155 20 4
56 124 4
151 87 1
191 24 1
38 52 3
135 114 2
186 159 2
84 14 4
106 138 4
126 21 3
19 40 1
59 133 3
68 154 2
26 22 3
157 34 2
179 108 3
197 172 2
149 64 1
134 75 1
65 66 1
31 95 4
3 75 1
195 131 3
44 58 1
11 91 1
143 35 4
43 156 3
143 96 1
133 146 1
183 66 2
169 172 4
93 16 1
31 194 4
97 24 4
170 25 2
53 139 3
192 199 3
29 135 2
95 84 2
183 96 2
162 68 4
88 101 3
177 85 2
45 161 4
88 44 1
91 125 2
199 104 4
56 199 2
11 120 2
161 54 2
92 75 3
39 0 2
140 166 1
46 36 1
170 56 3
31 184 2
112 42 3
188 141 2
140 173 3
118 182 2
5 156 4
36 0 3
111 37 3
189 15 4
154 5 3
168 15 2
110 175 1
91 102 1
49 110 2
136 68 3
175 109 1
54 14 4
186 69 4
25 169 1
117 177 3
159 103 3
29 35 4
21 163 3
125 99 3
138 72 1
194 34 2
80 129 4
111 178 1
89 101 2
58 156 3
110 146 2
76 197 1
76 107 4
122 101 2
72 95 4
172 171 1
12 120 4
6 168 3
85 9 3
72 84 1
28 100 4
18 179 1
110 129 4
65 152 2
86 103 2
17 118 1
58 174 4
82 19 1
163 47 3
140 128 3
142 129 3
195 84 2
173 136 1
174 84 2
4 81 1
123 72 2
4 198 2
128 49 1
23 119 1
175 178 1
147 40 3
192 171 1
176 138 2
197 140 1
128 159 2
133 147 2
20 116 1
95 20 3
158 95 2
106 37 1
107 151 4
97 89 1
11 121 4
44 59 2
102 108 4
150 82 3
36 133 2
107 142 3
17 100 3
132 116 4
159 7 3
137 184 4
184 162 1
38 23 3
123 166 4
192 15 1
4 9 4
25 57 1
68 49 4
73 175 2
49 21 4
12 139 2
121 27 3
41 110 2
148 22 4
80 119 2
178 66 3
63 177 1
67 187 4
188 57 4
56 106 2
63 9 1
130 100 1
49 73 1
51 113 4
192 32 3
58 176 4
138 120 3
8 123 4
12 82 2
152 184 4
25 5 3
101 109 3
119 197 3
6 156 3
22 66 1
133 75 4
144 142 2
141 38 3
43 18 1
192 179 2
65 105 3
114 67 3
160 67 4
179 42 2
163 199 4
12 113 3
8 36 3
164 16 3
32 120 2
82 197 4
41 187 2
180 193 2
10 96 2
123 0 2
151 182 1
72 122 3
167 60 1
83 86 4
76 143 1
134 195 2
119 41 3
84 43 3
107 56 4
58 101 1
12 140 2
11 35 4
44 65 3
139 145 2
112 47 4
107 116 2
2 100 1
122 198 1
62 8 3
78 98 3
141 40 2
23 131 4
13 100 4
9 138 3
17 178 1
123 62 1
185 64 3
153 89 1
49 39 4
190 67 4
164 184 3
198 141 1
44 90 4
149 80 3
76 17 2
114 48 3
140 175 1
91 175 2
0 99 1
141 152 1
179 199 2
63 122 2
33 159 3
194 199 4
100 8 1
110 5 2
159 46 2
2 21 3
51 129 3
0 83 2
41 162 1
0 58 3
108 157 1
190 75 2
33 73 4
158 138 3
14 74 1
182 114 1
171 37 2
152 147 1
43 190 4
68 15 3
88 55 1
97 177 3
114 0 4
46 38 4
178 15 1
108 173 3
145 87 3
54 175 1
20 34 4
105 197 2
190 129 2
144 191 1
104 170 3
70 185 3
22 40 4
104 17 4
65 156 3
44 45 2
115 59 4
54 165 1
18 29 4
164 87 1
93 48 4
29 91 3
88 193 3
38 152 1
35 42 1
140 61 3
153 19 3
74 146 2
86 174 1
58 108 2
121 199 2
92 32 2
199 119 1
46 132 4
41 102 2
119 104 1
169 70 2
199 180 2
166 66 1
88 135 3
7 117 1
61 86 2
151 11 4
126 115 2
26 120 1
191 33 1
76 124 3
57 148 3
130 158 3
191 194 3
136 15 1
68 156 1
63 159 3
145 72 3
48 42 4
119 93 4
97 171 1
172 55 1
78 92 1
112 80 2
94 19 3
95 35 1
7 22 3
33 126 4
164 96 2
153 110 2
179 26 1
148 186 1
3 182 1
130 76 3
125 148 2
20 15 4
68 77 2
154 156 1
73 124 3
161 39 4
31 1 4
116 128 3
128 106 4
32 169 2
106 103 3
5 178 2
84 98 3
17 114 2
81 67 1
42 64 4
155 50 3
188 144 4
135 195 1
190 134 3
78 139 4
103 153 4
192 48 3
146 94 1
126 170 2
35 15 3
50 10 3
125 105 2
24 175 2
193 4 2
164 49 3
101 76 1
20 30 4
38 104 2
118 149 4
77 58 4
108 129 4
122 108 3
138 53 3
87 184 3
188 48 3
96 36 2
42 10 1
6 147 1
175 128 1
188 185 4
131 31 3
90 32 3
42 111 4
53 148 4
47 87 3
98 0 4
164 174 2
186 177 4
30 131 2
144 147 3
196 48 4
50 114 1
126 64 3
37 122 4
48 185 1
28 161 2
60 164 3
16 25 1
163 49 4
141 34 4
172 66 3
121 161 3
47 78 2
95 54 3
25 31 3
13 38 3
40 42 1
193 79 1
187 113 4
190 120 4
142 188 4
184 127 1
20 141 1
190 98 1
60 25 1
78 15 3
177 81 3
31 191 3
170 76 2
2 69 4
19 135 1
60 7 2
95 99 4
167 173 2
196 89 2
55 180 1
145 162 2
112 17 3
136 193 4
0 183 2
153 53 3
51 32 3
163 112 3
131 83 4
60 195 4
187 45 2
59 176 1
142 134 2
169 184 3
72 12 1
81 14 4
116 187 3
88 27 2
57 7 2
156 152 1
55 78 4
184 36 1
83 164 4
6 139 4
156 162 2
198 193 3
60 52 1
138 195 4
5 140 3
12 141 1
10 63 4
97 168 2
159 151 3
197 124 2
166 144 1
194 190 4
86 50 1
123 188 3
144 120 1
16 69 2
158 12 2
125 181 2
164 157 2
16 139 1
3 162 4
173 83 4
15 84 3
72 89 3
52 99 2
104 106 3
14 92 4
108 192 1
8 195 4
34 31 3
71 187 3
48 55 4
98 111 1
160 117 2
169 125 4
93 28 2
32 11 3
124 2 4
14 63 1
0 136 2
41 96 1
32 141 4
137 27 2
50 184 3
112 152 1
129 130 1
186 30 4
73 72 4
158 69 4
156 92 4
170 184 3
176 5 1
73 13 2
152 80 2
47 140 2
78 10 3
52 54 1
42 149 2
115 69 2
16 2 3
58 133 1
181 109 1
26 13 3
74 152 1
42 107 4
176 139 1
184 61 2
80 151 1
125 123 3
105 40 2
140 42 2
193 144 2
132 161 1
178 146 3
119 29 1
111 45 4
133 85 4
101 7 1
117 26 2
172 94 2
197 162 2
171 81 4
79 60 3
145 34 1
28 12 2
167 70 3
154 62 1
102 32 4
106 118 3
98 142 2
65 25 3
98 53 2
28 6 4
91 58 3
4 155 1
135 27 1
93 69 4
8 19 2
34 51 1
133 125 4
20 118 3
55 168 1
141 17 2
138 198 4
119 128 2
157 25 1
131 175 2
176 75 2
51 189 4
155 156 2
143 136 2
136 67 4
88 11 4
47 85 4
60 163 3
146 80 4
118 44 1
64 47 4
21 36 3
132 96 3
151 152 4
174 43 3
42 172 4
160 22 2
81 72 2
129 39 1
7 26 2
57 116 1
141 178 4
153 67 4
18 52 4
43 113 3
63 129 4
57 66 1
166 193 2
27 143 4
141 63 4
120 14 1
74 174 4
31 20 1
180 147 2
169 122 1
173 93 1
81 2 4
174 129 4
145 103 2
168 110 3
105 60 3
59 9 1
0 171 1
121 193 4
163 149 1
153 60 1
174 157 3
101 103 2
86 188 3
96 165 2
184 80 1
129 61 3
183 167 1
102 199 2
180 2 2
156 187 4
110 67 3
198 177 2
27 159 3
141 177 3
159 86 4
14 97 4
88 118 2
37 197 2
32 190 1
192 170 1
130 17 4
139 110 4
142 81 2
25 0 1
81 191 2
170 36 1
176 23 3
81 138 2
46 7 2
65 33 2
70 19 2
105 129 1
18 188 4
167 156 4
38 181 4
171 88 3
24 167 4
165 70 4
188 143 4
119 25 2
169 135 4
65 109 1
196 80 1
179 91 4
118 127 2
17 136 1
125 191 1
108 18 3
110 165 2
127 177 4
5 152 1
175 48 3
105 117 3
124 116 3
60 106 3
1 12 4
38 112 3
196 179 2
99 124 2
29 42 1
172 111 3
192 187 1
27 169 2
142 8 4
142 171 4
33 158 4
73 144 1
183 189 1
34 113 3
27 188 1
84 113 3
122 166 4
160 105 2
53 27 1
83 80 1
37 5 1
92 93 1
27 34 1
137 157 4
35 28 4
135 194 2
166 124 2
191 143 4
55 157 4
138 141 3
37 55 1
4 144 3
166 44 1
55 107 4
45 82 3
72 74 1
197 95 4
62 1 3
95 12 1
159 12 1
57 100 3
103 34 2
171 136 1
26 128 4
116 166 2
155 187 4
166 81 3
105 13 3
128 44 4
47 175 3
130 49 1
75 114 2
38 12 3
25 192 2
107 170 2
137 168 1
1 52 4
145 127 3
92 71 1
9 104 1
139 29 4
167 170 4
190 128 2
150 197 4
88 50 2
180 22 2
38 116 1
113 133 2
54 124 2
7 165 3
161 30 3
146 165 4
62 59 3
8 78 3
21 13 3
35 45 3
59 137 4
171 14 4
137 170 2
151 94 4
169 154 3
11 198 3
142 183 3
99 182 1
17 199 4
187 124 2
126 61 3
6 77 1
127 18 2
31 76 2
74 175 2
105 75 4
166 63 2
106 30 4
75 157 3
117 173 1
199 140 3
119 107 3
154 172 1
143 198 2
180 129 1
42 37 4
44 57 1
130 87 4
17 197 4
85 183 2
5 175 4
160 177 1
188 63 1
59 96 3
171 42 1
153 25 4
1 126 2
91 199 2
36 168 3
51 78 4
48 0 3
175 82 3
70 157 4
129 82 3
192 158 3
37 23 4
117 168 2
177 83 2
55 118 2
120 149 4
179 118 2
182 0 4
53 4 3
39 197 4
30 62 1
70 183 2
187 6 4
180 73 3
97 173 3
2 170 2
115 122 1
177 146 3
125 42 4
96 144 1
146 114 1
133 46 2
1 109 2
14 115 4
189 97 3
54 151 4
82 185 1
143 47 2
144 78 2
1 191 3
104 125 4
120 86 1
95 163 3
111 30 3
59 30 1
166 94 4
44 183 4
171 162 4
157 1 1
166 95 4
137 135 2
181 61 2
76 36 4
194 173 4
119 154 1
196 118 2
114 148 1
111 162 2
79 178 3
52 155 2
59 31 1
131 174 4
194 117 3
194 174 1
169 140 1
171 176 3
56 151 3
161 131 2
172 103 3
61 177 1
5 108 2
115 99 4
102 55 1
33 120 2
36 113 2
162 2 4
159 19 3
113 143 3
173 48 2
130 112 2
57 40 2
71 53 1
111 12 3
183 135 1
128 23 1
114 60 2
47 9 3
163 151 2
101 61 4
87 68 3
105 169 1
25 84 2
20 167 4
161 134 1
61 159 3
122 4 4
29 30 3
130 189 4
112 109 3
134 174 3
2 26 3
7 134 3
177 194 4
66 9 1
170 57 3
55 153 1
7 143 3
53 18 4
142 165 2
40 70 1
114 100 4
71 70 2
127 173 1
199 110 3
79 54 3
14 138 1
44 170 4
24 85 1
189 173 3
85 4 1
162 93 3
59 138 4
175 194 1
91 126 3
121 84 3
144 194 1
82 50 3
74 86 1
46 56 2
32 30 1
38 72 3
133 6 2
17 142 1
119 86 2
124 13 3
36 42 4
187 60 4
195 170 4
73 106 2
87 50 3
149 150 2
177 147 2
174 171 3
155 168 3
96 136 1
47 131 1
68 183 3
48 177 3
1 198 4
172 178 4
93 155 1
186 147 3
39 186 3
184 67 4
116 197 2
14 53 1
27 117 1
68 63 3
144 14 2
199 103 1
92 169 1
65 161 2
160 34 2
167 16 1
11 195 4
144 64 1
115 84 3
90 178 2
61 1 4
49 133 4
178 177 3
90 150 1
139 141 1
50 81 2
138 144 1
135 187 2
114 57 1
165 164 4
34 133 4
1 92 4
116 15 3
104 99 4
162 96 4
91 167 4
52 75 4
38 176 4
36 166 2
104 63 3
194 119 4
124 177 1
42 20 3
85 83 1
151 100 1
150 163 3
101 183 1
134 119 3
137 65 4
0 67 4
144 100 4
87 14 3
190 83 4
40 127 1
196 70 3
0 19 4
57 149 2
181 23 4
150 144 1
51 90 1
106 130 3
43 39 2
131 138 4
168 58 4
35 198 4
71 157 3
0 64 3
68 88 2
129 97 1
63 36 1
98 64 2
32 109 3
22 92 4
160 60 1
78 168 3
151 119 2
51 14 4
73 167 3
73 65 1
136 18 2
112 169 2
192 185 2
42 113 2
10 198 3
38 179 2
167 114 3
178 137 4
145 168 3
48 96 2
103 116 4
45 157 2
123 114 4
29 26 2
195 18 4
144 17 1
107 67 3
177 101 3
136 33 3
96 74 1
155 6 3
189 22 3
106 172 4
109 190 4
105 20 1
164 167 2
109 48 1
181 158 1
67 179 2
56 51 1
86 124 2
118 140 3
140 111 2
143 192 3
145 42 1
7 56 3
175 196 1
180 51 1
94 163 4
129 158 3
64 9 2
99 137 4
185 126 4
138 55 2
12 71 2
152 169 2
54 153 4
72 32 2
167 105 3
158 50 3
192 144 4
44 33 3
123 140 3
197 63 1
143 118 1
199 47 1
119 161 4
97 81 2
133 22 1
140 52 3
1 110 3
138 34 4
113 16 3
186 156 2
48 61 2
165 26 1
108 11 2
20 162 2
102 44 1
43 179 2
61 34 1
23 110 1
133 95 2
79 128 2
144 42 2
116 147 4
181 118 3
154 92 4
44 167 3
176 55 3
14 134 4
79 95 2
41 171 3
140 119 4
28 18 3
38 173 3
122 99 2
11 178 2
85 121 1
125 72 2
155 24 4
56 41 4
39 135 4
18 121 2
190 164 3
199 82 3
198 182 4
121 45 1
198 26 1
82 29 1
29 144 3
158 107 3
121 118 4
176 67 2
27 177 1
85 48 4
187 114 1
181 42 2
65 81 2
106 146 3
143 173 3
32 47 3
94 41 4
19 104 4
170 142 4
55 101 1
7 167 2
75 178 4
28 37 2
93 30 3
85 77 3
199 138 3
71 129 1
19 21 1
96 170 3
79 52 4
112 125 4
150 15 3
185 198 3
110 96 2
14 37 4
80 120 2
154 15 2
22 55 1
167 184 4
0 33 1
117 165 1
16 4 1
177 185 3
41 132 2
167 23 3
154 171 1
142 127 1
0 140 1
38 4 4
98 150 4
34 120 1
131 79 4
86 167 1
192 99 3
79 135 1
56 142 3
33 116 3
164 106 1
6 110 1
174 14 1
176 51 2
150 34 2
163 143 4
134 148 3
151 191 3
38 167 1
130 103 3
61 45 1
102 30 2
133 192 3
43 196 3
195 68 2
166 159 3
124 193 1
79 142 2
30 8 2
176 113 3
55 66 2
109 194 4
132 98 4
156 196 3
41 136 1
67 5 4
54 21 4
134 2 3
85 167 1
124 16 2
197 193 3
8 22 2
80 122 3
85 26 4
101 138 3
39 65 4
89 186 1
109 24 4
6 165 2
46 63 2
56 1 1
183 140 4
79 68 1
118 77 4
19 44 1
139 71 3
25 114 4
119 7 2
49 107 3
7 177 4
78 157 3
12 62 4
90 144 1
44 52 1
108 17 4
22 34 3
142 111 1
108 37 4
198 102 2
86 190 2
69 137 3
35 165 3
190 31 1
35 55 2
84 186 3
58 21 2
180 122 2
101 181 3
114 195 4
97 93 2
196 1 2
96 167 4
129 21 4
112 149 1
24 93 3
176 121 3
87 77 4
80 178 4
62 163 3
152 125 2
150 117 2
187 115 1
38 132 3
162 78 3
199 73 1
16 162 1
181 185 1
164 105 4
62 181 1
195 91 3
69 145 4
8 86 1
190 146 1
98 72 1
185 113 2
199 182 1
102 138 2
171 25 4
15 132 3
8 26 4
123 131 1
129 41 3
154 177 3
139 1 3
100 65 1
30 56 2
14 104 1
93 62 2
34 36 3
71 88 3
119 30 1
59 85 1
45 138 1
37 154 2
109 192 3
3 15 4
61 74 2
42 47 3
135 17 1
108 125 4
5 27 1
68 163 2
67 135 1
15 5 2
114 99 1
31 88 1
152 51 4
9 30 4
55 103 3
69 168 3
71 28 1
113 73 4
182 11 3
190 1 1
197 27 1
121 130 1
150 177 4
2 96 3
1 51 1
167 196 4
95 28 1
164 173 1
72 31 4
35 24 4
0 155 3
57 147 1
119 9 3
54 118 3
8 37 1
187 84 3
130 143 4
45 92 1
69 187 2
127 110 4
66 115 2
122 34 3
177 25 1
116 127 1
119 38 1
152 48 4
173 186 3
128 150 2
112 72 3
0 186 3
50 9 1
82 132 4
31 173 2
29 74 1
51 7 1
181 17 2
185 179 3
85 107 4
86 23 1
186 104 1
93 157 2
83 112 2
190 169 1
36 5 3
143 8 3
120 146 1
93 164 1
97 199 2
119 98 1
3 194 4
5 107 3
187 36 2
182 20 2
168 19 2
0 65 4
54 194 4
175 195 2
143 2 3
30 43 2
98 3 1
98 135 4
181 88 4
12 187 1
82 58 2
113 78 4
7 78 3
79 195 3
168 39 3
192 182 1
162 74 4
59 89 1
156 105 2
53 130 3
184 121 3
91 130 4
187 149 4
149 4 1
131 34 2
62 10 3
47 17 3
15 38 2
90 102 3
161 190 3
16 50 2
180 25 2
36 49 4
81 32 4
135 110 3
36 83 2
153 191 3
80 60 3
42 26 1
107 179 2
17 57 2
30 141 4
156 7 1
47 35 1
198 53 1
184 150 1
21 76 2
195 143 1
127 66 2
83 79 3
172 161 1
93 128 2
45 120 4
80 133 4
11 82 1
2 68 3
53 182 2
59 19 1
143 119 2
125 138 1
195 108 4
117 141 3
48 112 3
17 0 4
23 123 1
60 104 4
41 98 2
112 122 3
64 17 3
147 142 2
36 114 2
22 192 1
164 141 2
114 189 2
41 66 4
19 146 2
195 48 1
143 14 3
132 184 1
24 133 2
147 178 1
16 143 4
50 68 4
171 197 1
146 4 2
121 60 1
159 84 3
146 54 3
64 52 1
129 24 1
82 154 4
0 62 1
38 169 2
199 129 3
87 121 1
60 176 3
164 78 2
3 180 3
127 0 2
86 79 4
0 131 3
187 18 3
20 169 2
194 162 4
76 118 4
153 83 4
157 53 2
186 100 1
66 194 4
152 89 4
44 21 2
55 113 3
50 59 3
142 16 4
99 24 2
59 117 3
46 179 4
128 137 4
127 14 3
188 198 3
80 142 4
184 54 3
120 39 3
3 152 1
151 162 3
33 192 3
87 12 2
163 185 4
192 53 1
196 46 1
123 83 4
147 87 1
75 28 4
191 132 4
15 9 3
141 176 2
44 146 4
47 1 3
156 177 3
36 158 3
173 125 3
1 194 3
151 96 3
179 141 4
163 52 1
137 53 3
74 11 4
127 169 3
111 95 4
66 61 3
117 28 3
169 165 2
50 11 3
104 12 2
37 60 2
20 62 3
78 141 1
192 194 2
87 191 3
166 28 1
25 86 3
22 163 4
92 77 3
34 190 1
79 61 3
41 91 2
79 113 4
35 188 4
69 70 3
161 129 1
181 199 3
100 106 3
132 74 1
64 184 4
64 160 2
133 127 2
8 164 3
68 160 3
160 95 2
185 14 3
72 127 1
83 19 1
59 79 3
38 19 2
109 92 1
142 91 1
158 32 3
65 98 1
166 155 2
155 63 4
141 110 2
63 85 1
38 102 1
128 55 1
175 9 4
109 89 1
180 50 2
193 80 1
2 34 1
190 153 4
44 63 2
14 188 1
31 46 4
141 44 1
68 43 4
156 111 1
191 51 2
79 62 3
109 162 3
89 40 3
86 77 3
65 93 1
7 29 3
114 76 1
58 138 1
125 52 2
36 117 1
46 76 4
180 168 4
184 157 4
77 121 3
84 199 1
100 38 2
22 144 3
177 122 1
36 94 3
155 109 2
77 46 3
192 63 2
156 36 1
17 13 1
177 191 3
75 50 2
74 59 1
178 168 2
69 87 4
60 88 1
168 7 1
187 108 2
154 187 2
98 21 3
27 108 4
120 69 4
97 170 3
32 130 2
169 107 3
37 4 4
91 184 1
164 89 3
26 92 4
122 39 3
40 179 2
41 101 2
15 144 3
65 113 3
9 86 1
174 41 3
189 196 2
65 30 4
49 108 4
190 176 4
138 150 2
178 30 1
189 90 3
35 123 4
58 120 4
111 110 2
158 126 1
53 96 1
155 14 1
140 116 2
117 49 4
115 68 3
160 166 4
175 179 3
2 129 4
108 98 2
56 144 4
70 42 3
74 84 4
140 34 3
176 15 1
186 49 1
98 1 3
149 37 4
197 79 4
197 173 3
147 162 1
64 136 4
22 182 4
115 42 2
128 138 1
90 91 1
30 188 3
42 19 4
133 57 3
123 192 4
114 90 4
13 46 2
80 89 3
89 166 2
66 47 1
101 92 4
158 190 3
162 181 2
117 77 2
90 27 2
146 125 2
97 109 3
1 50 3
186 38 3
144 98 2
146 104 4
27 76 3
85 126 4
40 73 2
99 79 2
148 166 2
197 6 1
74 15 4
184 18 4
89 169 1
139 85 1
175 86 3
130 119 3
97 161 4
136 166 1
185 18 2
111 159 1
18 106 2
79 8 2
70 100 4
38 140 2
194 161 2
74 119 4
172 58 1
53 17 3
88 141 1
63 3 2
183 116 2
167 99 1
103 46 4
8 97 1
134 139 1
25 196 2
32 6 2
199 90 1
3 51 1
124 111 3
77 151 3
67 112 3
37 153 3
22 136 1
137 74 2
87 41 3
11 162 1
184 171 1
135 66 1
33 41 2
37 49 4
179 4 4
29 123 3
139 154 3
184 16 2
73 190 4
58 149 3
170 133 2
197 118 2
100 158 1
111 81 4
82 109 1
121 42 2
197 71 4
12 8 3
1 6 4
70 115 4
138 183 4
163 129 1
2 28 1
196 158 3
96 187 1
104 102 4
84 99 2
184 100 2
153 101 1
129 22 2
23 162 3
176 106 3
127 82 3
44 178 3
55 89 1
186 185 2
177 174 2
40 4 1
52 128 2
179 44 4
103 109 1
181 21 1
155 97 4
193 128 3
55 188 4
183 21 2
149 91 3
83 77 4
152 14 2
164 122 1
90 157 4
135 50 1
58 4 3
146 96 3
163 132 2
105 2 1
47 105 3
110 156 3
98 134 4
173 94 1
140 8 3
187 13 2
191 139 2
129 62 4
144 113 2
93 64 3
17 79 4
19 149 3
167 100 2
106 77 2
160 128 3
23 105 3
166 138 4
159 109 1
147 143 3
25 101 2
87 32 3
28 156 4
28 88 1
104 190 4
120 131 2
125 20 2
112 33 2
188 75 2
127 120 4
103 65 1
158 68 2
2 1 1
184 41 1
6 76 1
32 91 4
32 177 4
47 152 2
36 80 3
190 74 4
36 81 1
154 161 4
46 173 1
22 122 3
42 164 4
114 27 1
192 186 4
137 34 3
189 93 3
31 182 4
70 118 3
69 123 1
183 57 3
95 145 2
139 80 3
123 54 1
66 174 2
26 33 2
119 116 1
121 15 3
126 102 1
188 159 3
33 1 3
198 62 4
86 181 3
108 90 3
145 2 4
172 43 2
38 121 2
121 139 1
129 48 4
178 63 1
21 75 4
37 130 1
158 156 2
19 167 2
160 48 2
55 150 3
25 27 1
191 141 3
35 180 3
37 52 4
50 157 2
76 86 2
159 154 1
81 49 3
32 29 1
67 84 2
128 36 2
198 21 1
123 63 4
174 156 1
151 65 1
184 109 4
109 193 2
54 178 1
81 156 4
67 156 1
168 9 3
25 152 4
92 63 3
182 71 4
94 137 2
147 54 1
141 99 4
29 189 2
89 32 4
124 10 3
77 112 2
70 126 3
34 23 2
14 169 1
12 64 3
140 3 2
188 132 2
104 71 4
166 153 2
9 141 4
89 110 2
32 24 1
97 53 1
188 116 4
177 51 2
125 192 2
32 131 2
194 182 2
1 97 3
62 141 4
108 156 3
115 97 4
95 63 2
29 193 3
31 57 2
185 195 1
157 129 4
131 153 2
166 32 2
77 48 2
194 130 2
103 66 1
63 28 4
100 113 3
159 121 4
56 133 1
181 195 3
60 82 3
177 19 2
9 171 3
54 148 3
79 18 3
86 32 1
38 6 2
92 182 3
147 115 1
30 194 1
35 150 1
179 15 3
23 153 4
115 192 2
41 104 2
128 123 1
80 30 2
155 77 3
109 154 4
186 35 2
69 56 3
111 66 4
98 31 3
12 44 4
35 20 2
184 29 4
21 118 1
122 36 1
127 130 3
146 31 3
100 183 3
171 143 2
145 60 2
64 34 1
195 27 1
89 114 1
98 195 3
4 66 1
164 66 2
53 181 4
168 139 1
161 87 3
67 10 4
134 110 3
46 16 1
157 185 1
138 148 2
87 98 1
75 103 4
124 144 4
108 82 4
192 34 4
91 172 3
112 179 2
119 160 1
192 155 2
37 54 4
101 107 2
128 169 1
10 123 3
136 51 2
51 148 1
103 112 4
19 47 2
169 13 2
186 119 1
182 196 3
48 73 1
145 104 4
197 74 1
18 22 4
78 74 1
171 186 3
42 85 1
148 145 1
37 137 3
152 28 2
21 168 3
176 50 1
128 156 1
16 173 4
165 68 1
175 125 3
167 169 2
53 55 4
191 106 1
103 45 3
81 105 1
0 8 2
3 92 3
180 125 3
28 169 3
119 40 1
1 90 4
187 134 2
12 110 2
29 89 3
194 5 4
27 69 1
11 197 3
70 116 4
76 116 4
122 41 1
49 61 3
55 45 1
115 104 2
74 69 4
189 19 4
3 31 3
2 123 1
66 128 1
170 73 3
159 91 1
104 44 2
90 194 3
189 94 1
142 116 1
192 79 1
107 60 4
126 195 3
123 7 4
8 20 4
49 142 3
20 9 3
21 153 1
98 199 2
196 33 3
4 160 2
14 112 1
166 141 2
83 21 1
36 64 1
193 9 3
147 86 3
94 40 2
11 160 3
3 103 4
130 4 1
111 145 3
152 137 2
110 15 4
8 199 4
64 2 2
147 59 4
15 54 1
24 169 4
146 13 1
10 171 4
86 99 3
92 4 3
177 171 1
190 154 4
43 1 4
23 121 1
44 126 2
13 161 1
186 75 4
115 57 2
91 18 2
90 42 4
53 64 2
115 21 2
183 180 1
12 76 2
141 106 4
199 78 4
12 118 4
67 175 4
27 87 1
64 122 1
100 82 3
70 149 2
107 198 3
155 46 4
39 127 4
85 123 3
99 70 3
28 53 1
193 196 1
96 101 3
47 24 2
147 37 4
113 74 3
79 0 1
51 114 4
176 154 2
134 11 2
177 86 1
160 93 3
183 144 2
125 49 4
90 22 3
63 77 3
138 107 3
199 195 1
161 198 2
106 8 2
163 65 4
189 112 2
175 136 1
63 119 2
172 29 3
6 199 3
109 118 4
158 72 3
61 196 3
60 39 4
186 182 2
62 174 4
27 192 4
142 110 3
54 113 1
80 64 2
141 64 2
0 165 3
176 177 1
68 185 1
114 128 1
197 179 1
34 129 1
98 175 4
137 82 3
108 83 4
113 147 3
69 188 2
47 74 3
32 181 2
127 62 1
100 43 3
73 43 4
94 79 3
46 129 4
48 71 3
47 177 1
183 110 4
179 114 2
86 31 3
89 2 3
187 177 4
7 126 2
82 81 4
74 107 1
159 69 4
32 80 1
99 80 3
8 168 2
89 131 1
137 117 4
148 156 4
118 191 2
167 14 1
115 16 4
171 160 2
163 31 3
122 129 1
136 106 1
118 65 4
7 70 4
160 57 3
193 23 4
158 16 3
26 183 1
22 96 2
11 157 2
136 53 1
111 41 3
75 150 4
135 176 2
12 198 4
142 51 2
136 11 3
110 154 1
105 144 4
145 180 4
169 16 3
122 42 3
101 111 4
170 19 2
191 96 4
149 49 1
127 97 2
41 191 1
93 175 4
59 82 3
158 45 1
173 65 2
95 37 2
5 151 4
82 67 2
1 187 4
78 159 4
46 17 2
162 43 2
169 187 3
122 157 1
42 184 1
84 160 4
11 137 4
48 180 3
37 85 3
121 8 4
65 104 3
62 27 2
120 129 4
46 118 4
181 152 2
134 182 2
65 67 1
171 48 4
19 112 2
174 40 2
14 0 4
1 177 2
111 125 3
191 93 3
89 172 2
32 114 2
56 104 2
108 134 2
93 186 3
0 47 4
16 55 1
35 5 2
173 96 4
119 48 3
142 97 1
43 168 4
164 61 4
128 126 3
6 188 3
84 88 1
134 55 3
172 97 4
53 171 4
128 86 1
123 88 2
91 45 2
133 97 1
52 47 2
167 5 3
93 190 4
139 198 3
9 170 3
79 30 2
140 168 1
63 99 3
85 95 1
24 135 1
5 182 3
30 86 4
35 53 4
160 70 2
193 113 4
60 120 2
133 187 1
6 109 4
112 63 4
77 22 3
176 2 1
16 31 3
104 42 3
108 131 1
63 120 1
78 2 1
5 84 1
19 136 3
81 37 3
132 56 3
136 38 2
155 76 4
92 180 4
68 40 1
38 18 3
156 20 4
53 128 2
180 57 3
185 184 3
112 61 1
106 114 1
94 2 1
110 56 3
95 15 2
136 162 3
146 72 2
29 145 4
28 27 2
198 70 2
41 47 3
160 91 1
4 15 1
139 9 1
58 144 2
134 37 3
147 4 4
166 118 1
155 1 1
130 58 3
46 111 4
133 93 4
45 128 2
195 41 2
4 82 3
23 188 3
189 26 3
75 147 3
142 198 2
98 113 2
0 71 2
198 192 4
100 140 2
6 88 3
69 29 2
1 53 3
24 18 2
106 194 3
113 41 1
108 189 3
58 50 1
117 6 4
175 150 2
28 181 4
158 132 3
43 88 3
174 105 2
10 129 2
145 75 1
134 170 2
163 1 3
85 182 1
42 23 2
2 191 2
121 64 4
154 36 4
198 36 1
150 57 2
171 93 4
38 151 3
159 98 3
42 56 2
182 63 3
64 181 3
75 149 3
151 192 4
60 161 2
191 0 3
59 174 3
110 58 2
62 145 2
74 165 1
140 76 3
183 6 4
88 172 2
92 19 4
193 28 2
59 49 2
71 7 4
1 100 1
9 165 3
92 122 2
2 7 1
65 150 1
26 194 3
63 76 1
136 101 3
25 123 1
117 119 4
29 8 1
151 113 4
187 141 2
157 13 1
21 154 2
187 197 3
68 42 3
137 78 2
152 154 2
152 97 3
185 131 3
2 22 4
115 107 1
111 181 1
138 25 4
55 57 4
182 34 2
48 34 4
82 114 1
100 198 2
47 27 2
135 193 2
38 50 1
198 99 2
101 124 3
129 93 1
98 102 4
100 49 1
50 132 1
108 60 2
78 0 3
118 26 4
26 162 3
185 149 2
146 118 2
21 146 1
90 186 1
25 167 3
80 109 3
76 59 4
32 106 2
196 105 1
88 10 3
181 161 1
115 54 1
32 110 2
71 93 3
38 28 2
119 22 2
32 20 3
123 153 2
33 70 3
53 110 4
174 126 4
6 103 4
7 109 2
130 102 1
109 130 3
199 169 2
173 190 4
133 48 3
88 103 4
140 77 4
146 132 1
107 173 1
153 43 2
85 52 3
192 86 3
34 191 1
84 107 3
44 114 3
32 188 3
65 154 2
20 53 4
148 5 1
100 117 2
169 11 4
126 176 3
66 196 4
134 185 3
152 104 2
84 189 4
48 142 1
136 105 1
26 142 2
42 105 3
182 101 4
134 172 1
31 62 2
65 56 2
134 38 1
105 152 4
85 101 2
156 48 1
37 129 2
130 181 1
79 1 1
118 37 4
174 115 1
148 160 2
94 55 1
33 138 3
63 116 2
199 137 2
169 180 4
103 85 4
75 102 1
7 171 4
132 75 3
13 194 4
32 46 4
176 99 1
178 161 3
156 178 2
57 30 4
121 156 2
97 124 1
171 99 2
147 64 4
2 79 4
130 118 1
34 52 4
167 41 1
178 39 4
97 119 4
127 41 2
26 104 2
88 65 4
100 51 3
113 3 2
102 33 2
5 177 1
3 13 1
196 97 2
56 113 2
139 100 2
119 72 4
11 20 3
194 37 4
158 133 2
25 9 4
108 137 2
58 182 4
106 1 3
37 68 3
120 104 4
71 134 2
139 63 3
92 28 2
26 39 2
104 198 1
193 10 3
26 55 3
186 126 3
102 77 4
124 35 4
29 81 1
180 112 1
41 88 2
76 92 3
8 92 1
197 88 3
75 49 3
2 31 3
50 161 2
107 183 3
194 50 3
123 162 1
196 172 3
185 158 3
108 106 2
174 2 2
143 18 3
22 114 3
25 98 1
154 18 2
161 89 3
177 20 3
139 2 1
36 129 4
81 79 2
85 79 3
103 129 2
22 17 3
72 42 4
78 49 1
34 175 1
33 45 3
10 79 1
121 109 1
158 184 2
121 20 4
13 47 1
167 84 1
62 44 4
179 59 3
48 111 1
172 125 3
154 186 3
42 49 4
187 145 2
149 55 1
20 188 2
103 81 1
125 195 3
78 22 2
94 186 1
68 140 4
9 2 3
131 81 1
92 189 3
38 42 3
138 157 2
104 15 3
99 110 3
98 181 1
1 159 1
69 184 3
189 45 1
88 189 1
126 146 4
26 147 4
72 53 4
42 103 1
41 168 3
21 41 1
169 116 1
27 55 4
108 126 4
27 54 1
29 166 1
4 43 2
162 131 1
18 61 3
182 2 4
74 57 3
57 126 4
165 62 2
69 113 2
0 169 1
190 46 3
98 179 3
180 185 3
169 6 4
75 141 1
59 152 4
194 20 1
21 88 4
134 138 4
124 110 2
7 136 4
189 158 2
194 93 2
168 20 3
154 167 2
45 190 1
198 176 1
164 32 4
33 119 4
162 98 3
74 52 2
15 44 1
8 179 4
106 6 1
120 145 4
151 164 1
101 162 3
176 170 1
86 26 3
19 144 2
5 64 2
141 172 1
25 141 2
84 108 1
46 157 2
5 48 4
50 28 3
172 87 4
6 142 1
27 156 3
182 139 4
156 75 3
42 77 1
169 198 2
131 48 1
15 137 3
184 53 4
65 17 4
124 143 2
184 57 4
113 76 3
20 24 2
93 11 1
60 149 2
79 45 4
197 26 1
14 183 4
116 174 3
122 190 4
161 130 3
108 66 1
87 150 2
97 194 1
185 59 1
172 90 3
88 3 1
29 15 1
92 178 3
182 125 2
148 34 3
177 179 3
121 103 2
36 108 2
197 165 2
36 26 3
148 48 2
177 88 4
4 100 1
42 180 2
115 150 1
106 88 4
175 99 1
14 57 1
121 33 2
51 150 4
56 197 4
94 4 3
39 25 4
49 106 4
180 156 3
188 155 3
194 188 4
49 156 1
55 145 4
95 32 1
122 50 2
119 187 2
159 55 3
14 86 2
125 84 1
86 118 4
178 18 2
114 151 3
195 59 3
57 152 1
183 162 2
191 30 3
148 183 4
11 186 2
102 112 2
125 83 4
150 189 2
17 153 4
125 74 2
175 29 3
97 18 1
87 59 2
146 175 2
186 17 1
95 165 3
102 120 2
75 138 2
177 50 3
145 26 3
197 166 4
129 101 3
9 65 3
161 107 4
111 5 1
183 37 2
113 183 4
110 95 1
68 107 4
193 179 2
23 41 4
157 193 3
17 45 1
114 174 1
155 196 1
168 149 2
141 6 3
37 193 2
118 116 2
130 92 1
45 73 3
98 176 4
31 78 1
147 1 2
159 10 3
36 110 4
129 145 2
145 3 3
107 97 2
139 14 3
170 72 4
96 199 1
27 65 4
181 144 3
94 136 4
147 7 3
197 131 4
165 89 3
41 5 2
102 143 3
102 110 4
2 98 3
49 16 1
10 169 2
101 83 2
19 98 4
117 97 3
63 31 3
199 160 1
32 23 4
89 151 1
139 172 4
35 18 2
72 59 2
0 42 4
159 6 2
97 68 3
132 45 3
180 117 2
53 43 2
128 27 3
2 153 3
196 173 2
195 54 4
85 38 4
23 154 1
193 93 4
94 91 1
70 147 1
153 93 1
52 150 3
78 19 2
50 98 1
164 137 1
78 57 2
21 77 3
132 7 2
199 81 2
61 71 1
28 86 1
23 120 4
0 198 1
45 6 1
117 95 2
115 47 2
129 73 4
57 125 1
32 40 3
91 9 1
172 50 4
132 40 4
77 14 2
86 91 1
55 120 4
172 194 1
27 181 3
179 27 1
63 15 3
155 165 2
10 144 3
71 112 2
59 86 2
28 44 2
65 174 2
107 86 2
105 54 4
97 87 1
8 70 1
152 171 2
104 100 2
193 3 2
166 107 4
87 71 4
125 126 1
89 130 4
17 9 3
97 40 3
146 43 1
170 186 2
104 85 4
106 196 1
73 192 1
74 160 1
66 177 3
164 146 2
154 96 2
192 140 1
88 170 4
41 83 4
84 151 3
23 14 2
9 109 1
198 60 4
69 97 4
11 116 2
186 63 1
123 14 3
36 126 3
198 69 1
143 186 4
72 183 1
36 146 3
30 94 3
139 86 2
91 93 4
173 165 1
100 42 1
40 123 1
42 166 3
185 166 4
0 167 1
62 130 3
181 163 3
194 77 2
177 131 4
76 56 3
89 113 1
153 107 3
98 178 1
56 60 2
29 173 3
55 142 3
65 49 1
51 128 2
37 83 2
137 140 1
175 163 2
142 118 4
137 25 1
116 45 3
195 144 1
17 12 1
37 26 3
155 87 1
18 69 4
112 146 3
140 148 3
7 148 2
81 144 1
60 185 2
16 9 3
89 162 4
163 89 4
65 52 4
26 15 2
64 76 2
188 128 2
114 54 2
119 112 1
72 96 3
24 132 2
132 94 3
73 23 2
1 29 1
78 117 4
21 29 2
81 7 2
154 185 1
103 21 1
133 88 4
29 181 4
191 56 3
135 123 1
185 130 3
181 11 2
196 52 3
37 125 1
130 131 1
39 81 4
92 80 2
40 74 3
88 74 4
179 62 4
163 66 1
175 37 1
27 140 4
197 97 1
155 58 4
152 20 2
178 195 2
106 105 3
121 144 2
76 0 1
111 175 3
166 126 2
164 148 4
70 193 3
37 77 4
27 94 2
116 182 2
165 99 2
163 18 2
174 27 2
32 125 1
53 49 3
104 173 1
91 127 1
164 131 2
22 183 3
54 139 1
163 24 4
92 161 2
125 56 4
180 95 1
170 17 3
159 171 3
77 136 1
35 4 3
86 97 1
68 18 4
169 141 2
185 170 3
29 9 3
142 189 1
53 142 2
130 48 1
44 172 4
97 164 3
132 136 1
31 166 2
58 19 1
24 28 3
60 33 2
95 88 3
166 198 3
131 65 2
195 136 3
150 70 3
154 136 3
194 29 1
1 119 3
28 19 2
72 70 2
10 99 3
119 56 4
19 88 1
55 23 2
100 76 4
94 68 1
94 70 4
197 62 2
41 42 4
72 173 4
180 82 4
70 3 1
64 90 2
92 68 2
31 53 4
15 108 2
94 111 1
36 87 2
163 198 2
142 73 3
76 62 3
118 24 3
53 115 4
128 31 4
155 122 2
185 112 2
74 181 2
41 154 1
82 13 3
12 181 2
158 167 4
46 44 3
33 2 1
171 173 3
49 182 3
137 48 4
127 94 4
179 57 1
94 181 1
48 186 1
196 72 4
62 69 1
149 93 3
61 113 4
190 160 2
56 137 3
155 49 3
96 171 3
48 1 1
9 162 4
31 80 1
55 119 3
21 18 3
168 65 4
163 192 4
188 173 2
103 70 3
103 179 1
18 80 1
167 149 2
140 172 3
135 60 3
130 193 3
45 24 1
99 68 1
146 95 3
23 118 2
100 64 2
21 78 2
139 183 3
29 113 2
124 134 4
189 190 2
27 0 2
156 142 3
33 17 2
182 41 3
103 5 4
116 73 4
154 59 3
90 156 1
20 79 1
1 176 3
140 25 4
76 80 3
62 85 3
58 132 1
105 98 4
73 41 1
3 77 1
41 180 1
197 55 4
89 140 2
22 152 3
52 194 4
95 39 3
5 114 4
86 125 4
22 167 2
124 95 3
28 134 3
62 191 1
31 189 4
6 65 2
36 140 1
195 149 2
135 146 4
49 144 4
178 45 4
54 67 1
78 30 2
65 178 3
63 142 3
109 104 3
61 152 1
40 122 4
73 163 4
167 87 3
135 165 3
143 135 3
52 36 3
95 142 2
25 127 4
48 3 3
29 72 3
69 166 3
129 151 4
67 26 4
149 159 1
2 172 3
112 65 4
141 37 1
8 50 1
198 111 1
179 119 1
25 77 3
2 128 1
159 136 2
197 128 3
38 168 3
130 154 3
113 64 2
172 104 3
119 61 4
199 108 1
132 31 2
134 12 1
98 83 1
135 100 3
24 147 4
115 34 4
121 94 1
124 52 2
83 4 1
146 39 4
91 168 1
60 85 4
106 7 1
109 124 3
13 55 1
6 80 1
92 171 4
182 126 2
113 48 2
181 139 3
102 0 4
158 142 2
112 147 1
68 138 2
66 170 3
8 54 3
140 113 4
197 120 2
126 175 1
29 111 4
184 26 3
154 50 3
193 14 4
150 93 4
118 162 1
117 156 2
45 118 2
192 148 3
170 180 1
125 63 2
174 190 4
148 71 1
105 171 4
131 63 3
166 176 1
79 47 3
8 9 1
197 85 4
44 162 4
74 9 1
135 43 2
178 194 3
87 133 1
191 17 2
168 138 2
89 21 4
160 12 1
47 122 1
130 173 4
140 28 3
103 104 4
41 117 1
85 87 4
9 62 1
52 78 4
175 142 1
38 155 1
48 74 2
181 153 4
136 32 4
141 22 4
49 175 4
182 56 4
178 19 2
126 121 2
138 132 2
192 56 4
69 107 2
128 58 2
97 28 1
178 179 1
149 178 4
26 34 3
172 57 2
47 149 1
28 125 3
15 127 3
42 187 1
54 93 1
192 81 4
84 176 2
153 155 4
35 115 1
11 193 4
30 28 1
130 165 4
60 26 3
174 47 2
81 70 2
30 120 1
137 40 2
17 80 1
50 77 3
163 118 4
190 80 2
132 44 4
124 176 3
69 6 2
166 174 2
172 41 4
132 141 4
172 118 2
86 88 2
182 88 1
41 28 3
119 125 3
36 193 1
12 63 1
71 4 3
140 53 4
20 78 2
18 89 3
3 82 1
90 33 4
99 155 1
165 128 3
145 100 2
97 158 4
52 172 3
38 36 4
119 152 3
24 26 3
128 32 2
192 65 2
165 38 3
57 84 3
11 131 3
98 30 1
111 197 1
125 93 1
87 180 4
118 79 4
132 162 1
34 125 3
198 179 3
175 180 1
124 15 2
72 139 2
158 149 3
162 174 4
75 113 2
5 195 4
64 131 4
161 126 2
27 9 1
15 182 1
125 25 3
175 166 1
55 98 4
74 100 2
127 190 1
118 157 1
74 172 2
101 172 2
169 176 3
160 129 1
98 71 3
156 55 1
155 60 2
116 7 4
62 5 1
117 5 4
70 161 4
91 49 4
140 60 4
116 195 4
77 137 3
183 191 3
134 81 4
81 57 2
107 70 3
60 91 1
3 189 4
124 65 2
171 125 2
193 49 4
187 144 2
138 172 4
150 78 1
77 129 4
148 181 1
186 40 2
185 115 2
197 64 3
53 177 4
6 121 2
142 70 1
158 182 4
8 124 1
38 54 3
134 52 2
110 80 3
113 26 4
134 180 1
36 176 2
197 135 3
50 44 1
34 35 4
196 154 1
60 5 1
144 67 1
15 115 4
186 161 2
58 86 2
72 186 4
38 88 2
78 191 4
133 131 3
73 114 3
27 50 3
67 27 1
52 50 3
157 153 4
101 28 1
48 143 2
54 74 3
84 137 3
75 124 2
158 6 1
77 198 4
122 119 4
190 89 4
142 145 2
56 22 1
56 95 3
23 189 2
87 44 1
86 160 2
74 177 3
89 66 1
95 167 4
45 175 2
45 12 3
59 140 3
162 71 4
116 164 4
94 56 4
62 125 4
69 25 2
3 44 2
18 33 2
172 174 1
46 30 4
187 131 4
132 175 1
70 52 3
151 49 3
1 164 2
4 163 4
88 161 3
180 23 2
106 184 3
46 130 1
176 128 2
88 62 4
40 100 4
93 170 4
135 190 4
44 116 1
38 30 4
163 154 4
65 180 2
0 43 4
46 64 4
56 98 3
189 156 3
104 160 1
134 46 1
171 85 2
87 89 1
139 77 4
46 142 3
130 31 2
149 17 3
93 179 4
123 171 4
18 98 3
127 70 3
100 115 3
87 81 4
177 104 2
110 19 4
171 100 1
9 80 2
161 114 3
34 151 2
69 75 2
92 132 1
55 148 2
3 38 2
129 86 4
99 1 2
63 157 3
48 189 1
197 123 3
10 20 2
165 5 1
106 10 3
137 145 1
40 3 3
93 21 1
151 110 1
104 107 3
98 170 4
26 11 1
122 113 1
55 6 3
102 124 4
36 134 3
38 35 4
157 106 3
12 42 3
124 135 3
33 25 3
94 43 1
145 84 2
47 130 4
126 42 2
133 20 4
126 34 1
187 136 4
91 53 1
153 177 3
47 156 1
150 13 3
194 107 3
54 65 3
89 170 3
74 97 2
189 44 1
27 104 4
7 67 3
75 131 3
150 196 2
151 120 4
105 173 4
149 193 1
160 144 1
140 193 3
111 60 1
63 13 2
80 102 1
92 127 3
111 141 2
21 70 4
99 152 3
35 82 2
69 193 4
23 61 1
13 152 3
187 193 3
96 14 2
141 189 2
188 163 4
39 62 1
62 48 4
39 83 2
73 160 3
2 144 3
77 108 3
191 158 1
77 122 1
64 20 1
88 111 4
65 72 3
164 112 3
196 71 2
40 164 3
78 66 3
91 118 1
195 88 3
12 22 2
135 83 2
159 130 3
95 118 1
124 194 3
126 173 2
146 48 3
169 80 3
84 59 3
156 29 4
59 120 2
25 162 2
38 27 4
80 27 2
148 168 2
66 72 4
152 6 3
187 77 1
107 50 4
81 154 2
105 159 2
12 57 1
67 68 1
69 78 1
34 90 4
82 6 1
198 66 4
185 62 3
118 110 3
46 182 4
36 159 3
118 69 3
191 126 1
4 67 4
53 151 3
168 109 2
196 124 2
58 41 2
44 173 1
76 115 1
87 106 3
144 118 2
52 84 1
20 187 2
74 127 2
197 31 4
51 130 1
89 134 4
27 96 3
22 72 1
118 104 4
162 138 1
58 3 2
83 29 3
185 71 2
193 60 4
5 120 3
112 197 2
147 105 1
52 68 1
145 115 4
76 61 1
173 36 4
153 137 3
87 24 4
189 33 1
177 90 1
49 169 1
64 179 4
134 10 1
111 0 3
6 182 2
50 91 1
129 6 3
190 90 4
182 91 3
147 136 1
188 100 1
150 101 1
168 158 2
84 11 1
188 71 1
188 113 2
50 7 4
26 3 3
72 195 3
114 164 4
53 193 1
123 155 4
32 93 3
159 157 4
98 136 4
43 150 2
21 42 3
86 108 4
4 14 2
108 191 3
88 159 1
167 42 3
183 151 2
83 132 4
122 140 4
74 196 3
163 88 2
0 115 4
191 179 1
196 73 4
96 174 1
147 17 1
28 98 4
169 31 1
25 79 1
156 173 1
195 28 3
85 184 3
147 81 3
160 83 2
48 97 1
104 159 1
75 122 1
26 112 3
8 145 4
59 28 4
36 54 1
85 125 2
42 43 2
171 179 2
149 39 1
147 45 4
128 111 3
72 44 2
190 195 4
143 28 1
185 24 1
155 169 4
150 104 4
5 66 3
105 56 4
5 136 1
148 80 3
168 85 1
170 113 4
63 174 2
169 156 1
80 105 4
120 10 1
143 189 4
134 16 1
108 28 2
43 191 3
190 36 2
101 144 3
169 47 3
40 48 2
190 157 3
100 142 1
28 121 4
28 102 3
134 163 1
98 109 2
64 175 2
76 72 2
8 109 4
110 79 2
187 121 3
106 96 1
179 58 1
144 97 2
38 109 3
193 184 4
185 80 1
150 22 4
131 42 3
62 19 2
93 39 1
198 61 3
124 123 1
94 58 4
65 18 4
180 71 2
113 102 4
14 24 1
186 45 4
94 54 3
50 120 4
115 12 2
95 53 4
129 140 2
98 85 2
165 11 3
184 95 1
144 7 1
32 28 2
127 89 1
102 148 3
17 161 2
5 199 3
40 27 2
121 133 2
93 78 1
177 21 2
199 22 3
85 115 3
159 152 3
116 2 2
57 164 1
3 118 3
0 38 3
180 14 4
24 62 1
16 24 3
120 57 1
128 168 4
153 46 2
33 82 1
135 0 4
123 75 1
24 15 2
91 70 3
90 55 4
104 143 1
173 34 4
172 156 3
86 38 2
66 11 3
101 192 2
116 4 1
151 82 4
56 163 3
15 18 3
163 2 1
93 70 4
172 143 2
6 89 3
77 51 1
81 172 2
14 184 1
173 17 3
113 2 1
33 194 3
73 100 1
5 180 1
174 91 4
11 89 1
123 18 3
194 138 1
3 47 3
77 114 1
65 80 4
37 41 3
29 87 4
153 169 3
88 76 2
134 72 2
66 158 4
52 49 4
172 124 2
128 97 1
9 155 3
87 132 1
178 58 3
111 158 2
42 66 1
153 16 2
97 41 2
77 197 3
21 86 3
52 28 1
27 111 2
194 131 1
41 84 3
71 184 2
13 34 4
39 143 4
120 36 3
165 147 1
98 22 1
41 153 2
199 114 1
48 193 3
5 74 3
103 158 4
55 187 4
134 111 1
93 138 3
99 121 1
152 33 3
158 40 3
48 28 4
116 110 2
97 66 4
128 103 1
7 150 4
112 62 2
170 95 2
94 99 2
199 31 4
187 35 4
107 78 3
139 84 4
105 161 2
94 167 2
94 92 2
74 110 1
90 40 1
151 20 1
60 171 2
162 144 3
174 34 3
151 18 4
5 44 4
55 196 4
146 117 2
30 113 1
181 33 1
164 70 4
78 4 3
111 52 4
122 90 2
147 108 2
59 145 2
171 195 3
79 137 2
164 39 2
82 88 3
145 14 2
39 153 1
39 59 4
62 87 2
90 36 1
120 192 1
116 154 4
9 118 4
198 197 1
158 122 4
188 74 1
84 192 4
197 142 3
37 166 1
192 85 3
60 17 2
71 126 2
73 125 2
136 43 3
151 3 1
180 110 4
109 61 4
21 48 1
131 192 1
0 23 4
142 178 4
11 142 2
100 134 2
168 56 3
46 78 4
186 95 2
133 52 3
73 169 1
128 94 1
65 191 2
138 133 2
99 78 3
107 154 1
138 69 1
185 150 1
96 13 2
97 38 1
9 126 3
184 22 2
23 74 1
108 21 3
14 7 2
128 167 3
67 155 2
160 38 2
153 86 3
144 185 3
39 118 2
150 182 1
106 198 1
181 48 3
175 46 1
109 4 4
84 94 2
24 128 2
131 3 4
121 72 2
116 108 4
32 148 1
120 157 4
189 119 4
176 63 2
66 122 1
59 32 1
124 160 3
1 71 3
125 36 1
94 192 2
176 37 4
75 37 1
189 10 1
73 79 2
166 100 1
2 58 4
95 52 3
144 12 1
58 55 4
100 131 3
122 131 4
90 175 1
101 68 1
84 188 4
13 112 4
52 72 1
197 52 1
4 36 2
19 161 1
86 18 1
198 153 4
60 93 3
59 33 4
193 102 4
189 184 2
69 52 1
180 190 1
59 8 2
73 188 2
58 118 1
83 196 4
76 154 4
75 197 1
192 136 1
182 19 1
18 134 4
41 24 1
37 135 1
96 168 4
38 171 1
199 148 1
104 174 2
158 183 4
174 159 4
147 194 2
168 44 4
7 178 2
154 66 4
37 34 3
184 178 1
112 166 1
103 26 2
105 153 2
163 167 2
41 120 3
120 37 2
97 190 2
98 99 3
150 37 4
20 178 1
31 183 2
170 48 2
80 140 3
175 168 2
198 115 3
102 3 4
168 133 4
124 195 3
109 49 3
74 193 1
156 91 3
52 165 3
191 176 3
112 25 3
89 94 2
9 79 2
185 196 2
19 102 2
161 24 3
158 5 1
88 114 2
182 61 2
42 55 3
38 79 1
94 13 3
62 121 1
68 119 3
100 91 1
148 154 4
158 139 4
98 133 4
54 162 4
79 12 1
79 180 4
60 19 1
94 149 2
83 109 3
63 54 1
64 125 2
19 188 4
34 46 3
163 169 4
93 75 4
139 82 3
13 18 2
105 34 1
96 112 3
171 56 3
70 65 2
158 31 4
84 109 4
132 149 2
51 27 4
11 0 4
108 127 3
138 12 4
156 122 2
157 83 4
56 169 4
117 99 4
138 178 1
74 28 2
181 119 2
72 116 1
90 151 4
76 93 4
189 133 1
93 115 2
61 39 2
75 85 1
173 90 4
104 132 2
170 81 2
48 134 1
38 25 2
27 83 2
133 55 3
22 84 2
151 79 3
192 12 1
74 187 1
31 0 4
103 37 3
154 115 2
6 189 1
39 42 2
187 88 1
77 32 4
196 184 4
152 176 2
77 159 4
101 169 4
158 81 1
75 120 4
143 86 3
96 83 3
133 136 4
172 12 4
41 11 2
132 95 4
69 31 4
196 149 1
193 139 1
183 171 1
55 170 1
190 57 2
120 174 4
1 19 2
170 71 1
134 104 1
20 23 3
163 147 4
174 97 3
158 25 1
115 157 2
87 139 3
188 76 1
175 77 2
190 37 1
199 68 3
182 1 4
173 2 2
53 7 2
89 138 4
130 26 3
93 100 2
177 192 1
152 11 2
126 52 1
41 85 2
147 72 4
132 23 1
33 173 1
142 124 4
59 65 3
86 164 1
18 149 3
134 129 1
198 44 3
137 121 1
92 9 3
43 72 2
180 24 3
21 34 1
74 92 1
135 186 2
82 125 3
10 162 2
172 48 1
84 65 1
166 183 1
69 82 3
36 123 2
136 73 1
57 141 2
145 38 3
18 88 1
39 82 2
150 166 1
47 92 1
159 184 2
111 177 3
12 80 2
177 196 3
51 94 1
112 172 2
193 95 4
21 166 2
153 106 4
148 108 2
40 21 2
162 166 4
145 161 2
61 167 4
182 115 3
172 151 4
108 16 1
52 122 2
5 90 3
18 141 1
80 163 3
113 85 4
100 147 4
26 134 1
72 36 2
25 103 2
71 155 1
114 63 4
17 2 2
179 194 2
45 25 4
194 85 4
135 10 4
189 179 4
65 145 3
26 98 4
139 157 3
47 120 2
7 69 4
93 197 1
177 26 3
31 36 4
112 76 4
191 187 1
98 157 3
115 51 2
80 164 1
37 82 3
10 166 4
79 27 3
50 152 3
46 170 2
160 3 1
103 155 2
87 101 2
71 27 2
66 169 4
82 51 4
156 114 3
75 62 2
184 198 4
165 151 1
143 5 2
140 157 2
88 151 3
179 56 4
142 66 3
127 176 1
84 46 4
93 26 2
198 74 3
127 164 2
106 188 3
54 150 2
111 19 4
8 24 2
132 124 2
96 4 4
155 184 1
80 98 4
178 84 2
141 171 3
49 86 2
81 178 3
112 136 4
168 123 1
178 101 3
6 140 1
41 46 2
119 110 1
39 171 1
30 130 3
127 163 1
85 111 3
63 169 1
168 170 2
165 49 3
35 195 4
109 67 2
42 45 1
61 172 4
108 25 2
107 24 4
153 160 3
67 158 2
58 175 2
87 23 4
1 66 4
169 55 4
22 169 2
5 73 2
78 6 2
163 41 4
76 182 2
61 194 3
73 181 1
143 58 4
22 64 1
93 23 4
73 75 4
124 81 1
86 87 4
47 4 3
177 136 1
76 135 4
28 180 1
186 54 1
158 15 3
113 58 4
148 117 3
153 33 3
79 122 3
123 133 3
193 165 4
42 123 3
58 129 2
33 77 1
65 120 2
43 3 1
158 73 1
166 6 1
157 121 4
105 53 1
60 174 2
152 46 2
163 20 1
198 93 2
174 184 4
134 30 4
144 74 1
179 155 4
112 153 1
110 164 2
0 184 2
20 37 3
78 142 2
38 67 1
89 36 1
112 31 1
66 3 4
111 39 1
24 126 4
86 37 2
5 13 4
119 146 3
67 69 3
31 12 2
56 162 2
175 30 2
198 195 3
146 198 1
159 60 4
194 134 2
35 92 4
37 188 3
40 145 2
155 56 1
55 25 3
182 110 1
40 198 1
80 82 2
172 8 1
5 24 3
30 39 4
135 173 2
176 78 2
11 16 3
39 196 4
130 63 2
24 67 2
128 185 4
173 37 2
1 104 1
33 156 2
83 97 2
60 92 4
197 181 2
109 96 1
160 14 3
38 114 1
74 133 1
139 174 1
193 45 1
118 122 2
99 26 2
25 194 1
15 184 2
164 199 2
128 38 4
57 142 2
110 188 2
168 72 1
70 79 2
114 129 3
185 86 1
119 191 3
194 59 4
140 91 1
41 93 2
86 12 1
153 75 1
96 115 2
89 25 4
102 127 3
68 151 4
109 186 3
197 134 1
6 179 1
138 40 2
170 31 1
34 91 4
139 94 1
71 43 4
61 147 4
198 13 1
169 185 3
106 17 2
20 89 1
65 165 2
130 15 3
57 167 4
126 148 4
85 112 1
67 138 3
21 50 2
39 195 3
158 145 3
197 175 1
173 133 4
103 177 3
195 95 4
58 24 4
0 87 1
25 168 3
41 30 1
192 145 3
197 154 4
75 4 3
149 43 2
147 150 1
30 149 3
139 76 3
91 191 1
49 153 2
139 83 4
72 120 3
73 87 3
65 34 1
191 117 1
119 76 3
166 93 3
64 154 3
70 14 2
17 111 2
28 127 4
18 6 2
192 46 4
155 78 2
87 190 3
137 177 1
133 53 4
56 68 1
18 113 3
41 45 4
176 158 3
98 161 1
74 13 3
5 71 4
157 29 2
191 13 3
99 177 4
184 118 2
164 149 1
126 167 3
177 65 2
62 155 2
25 139 2
121 47 4
144 37 2
73 122 3
74 194 2
58 83 3
125 124 3
192 195 2
29 129 2
163 64 2
98 49 1
114 3 1
160 89 4
24 179 1
128 48 1
52 0 3
99 129 3
150 192 1
191 27 4
81 20 3
86 135 1
178 55 2
133 92 2
121 78 3
108 23 3
105 85 1
198 120 3
150 198 4
142 120 4
195 67 2
174 117 3
181 159 1
36 189 1
57 99 4
62 119 2
131 14 4
35 77 1
149 186 1
41 82 2
126 184 3
62 147 3
134 149 2
82 190 2
51 151 1
81 108 4
106 57 2
169 8 1
64 156 1
73 103 1
89 1 3
19 27 4
183 122 2
4 194 2
40 81 4
33 20 4
133 9 1
62 51 2
92 108 4
25 130 1
93 63 2
172 70 4
15 146 2
169 84 1
116 10 2
127 196 4
81 160 2
22 113 4
97 91 1
97 0 1
52 56 1
6 171 3
81 64 3
117 68 2
127 20 4
134 19 3
122 97 3
166 9 2
10 77 1
131 12 2
24 43 4
118 152 3
152 26 2
27 196 1
181 149 4
25 150 4
1 118 3
121 101 4
54 44 1
195 184 1
48 139 4
75 41 3
71 163 1
194 101 2
152 1 4
162 169 3
57 18 2
178 41 3
88 94 3
117 76 4
160 50 2
91 67 4
25 124 3
193 188 4
55 195 4
40 84 2
160 114 3
147 51 4
51 163 4
104 155 1
19 166 2
191 9 2
69 86 3
158 55 3
191 149 4
22 118 3
102 114 2
150 129 1
186 108 4
12 41 3
117 88 2
140 67 2
16 152 1
86 20 2
124 61 4
40 107 3
76 127 1
152 195 2
194 2 4
82 17 1
148 69 1
60 83 4
179 63 2
99 189 1
45 108 2
177 139 2
127 86 1
108 109 1
20 77 4
20 43 4
13 116 4
153 176 3
194 120 4
169 91 3
174 100 2
150 180 2
147 10 3
194 23 3
147 158 2
190 108 3
124 24 4
105 83 1
164 126 2
73 140 2
51 161 1
51 157 1
176 32 1
175 161 2
29 36 2
58 85 3
105 63 1
28 54 3
48 162 3
45 21 4
127 11 1
25 6 4
173 152 4
3 146 3
87 105 1
165 45 4
23 109 1
31 164 4
104 180 2
37 33 3
107 148 4
179 89 3
81 145 2
171 3 1
78 127 1
90 132 1
83 15 2
101 8 3
198 159 2
59 162 1
61 98 3
181 102 1
178 135 4
64 21 4
116 64 2
93 79 3
134 97 1
29 97 4
111 167 1
72 24 4
80 87 3
48 4 2
100 146 2
32 126 4
83 87 3
120 105 4
14 107 4
128 56 3
193 169 2
69 68 3
79 171 2
6 66 2
89 136 1
86 64 2
120 18 4
124 70 2
197 191 3
14 13 2
157 36 1
92 183 1
78 9 3
17 189 4
10 149 2
31 6 2
51 135 2
25 120 4
114 20 2
156 94 3
35 135 2
157 2 3
193 115 2
182 109 1
107 139 2
106 65 1
172 84 1
140 81 4
154 150 3
174 72 4
97 55 2
148 133 3
59 66 4
84 194 4
43 8 3
124 191 1
71 150 4
57 177 4
130 125 1
143 132 4
132 119 2
0 178 4
122 96 1
156 157 4
165 166 4
81 68 2
12 43 1
31 33 2
130 184 3
177 91 2
186 153 2
24 21 2
58 109 1
157 196 2
23 11 3
40 44 2
60 23 3
10 90 3
159 8 4
102 68 3
197 113 2
162 76 4
172 135 2
145 12 4
172 38 4
44 127 3
159 138 2
17 158 3
76 75 4
159 164 1
16 90 2
171 111 1
8 160 3
39 2 2
51 21 3
24 78 1
96 130 2
43 9 3
82 126 1
18 198 4
199 72 3
181 105 4
25 172 4
0 41 4
149 140 4
136 81 4
198 41 4
81 117 4
71 82 3
195 7 2
77 4 3
168 71 1
185 136 3
56 176 4
98 121 4
188 28 1
161 48 3
132 52 3
44 163 1
185 133 2
111 62 1
79 183 3
124 83 4
30 95 2
156 8 3
83 22 2
116 29 1
73 9 3
36 12 4
42 67 2
39 22 3
99 157 3
196 51 1
185 29 4
138 151 2
44 32 3
55 105 4
163 102 4
166 79 1
58 184 2
96 6 4
190 130 2
42 168 3
61 83 4
52 15 1
66 114 1
145 88 2
16 144 1
188 176 3
121 52 1
21 94 4
153 167 3
196 63 4
136 186 3
157 101 1
39 91 3
101 52 3
51 112 3
165 118 4
76 171 4
80 79 1
2 62 2
138 35 1
137 166 4
125 164 4
104 140 4
27 24 1
115 2 2
94 191 3
110 21 1
13 143 4
192 66 1
142 128 4
45 23 1
195 34 2
86 178 2
167 116 1
46 91 1
130 163 3
61 141 1
122 20 1
183 112 3
168 157 1
147 104 2
199 186 1
190 70 3
111 67 4
56 100 2
92 13 3
27 89 3
39 73 4
65 68 4
26 59 2
183 65 1
199 156 3
85 166 3
198 43 4
86 35 1
16 40 4
65 123 3
57 68 2
156 193 3
25 189 1
22 67 3
182 165 1
78 29 1
34 139 4
118 171 2
45 87 1
36 32 4
184 190 3
31 129 3
34 92 1
22 11 4
165 71 3
68 83 2
68 172 2
3 133 4
118 92 3
114 11 2
169 58 2
22 191 3
9 88 2
128 7 4
1 27 4
122 185 3
33 78 1
85 3 3
136 169 3
111 109 2
180 106 3
109 36 2
82 15 1
47 132 2
85 129 2
58 102 1
140 179 4
156 197 2
120 107 2
101 6 4
10 143 3
76 68 2
27 100 2
183 160 2
100 35 1
82 174 1
69 37 3
161 62 2
126 40 3
10 51 4
17 69 2
161 104 4
96 85 4
178 22 3
17 99 4
61 36 4
31 19 4
199 122 2
198 132 3
152 110 3
96 196 3
179 78 2
18 173 2
118 147 2
5 192 4
36 192 4
67 127 4
145 154 3
31 180 1
41 72 3
45 177 1
25 163 2
153 161 1
97 15 1
191 8 4
46 154 2
138 1 1
170 124 2
198 31 1
30 7 1
191 3 3
113 178 1
177 149 3
145 146 1
51 156 3
173 25 1
55 72 3
66 105 3
155 171 1
150 187 2
61 148 3
185 19 3
105 62 4
182 189 4
154 88 1
83 104 4
43 121 4
111 190 1
48 54 4
170 78 1
177 109 3
59 52 4
66 75 1
180 115 4
77 95 1
172 21 1
65 138 1
170 64 2
5 118 1
96 94 4
25 88 2
24 153 4
109 158 3
98 169 2
51 89 4
65 90 3
152 68 4
168 81 4
91 74 1
149 143 1
186 44 2
81 187 3
40 187 1
58 5 3
88 143 4
149 106 3
157 128 3
53 61 2
76 13 2
40 190 1
81 80 4
99 127 2
107 2 1
183 141 3
34 94 1
76 120 2
122 111 4
78 198 4
80 195 4
16 8 3
9 42 1
146 134 4
74 8 3
116 178 2
94 52 2
16 145 3
29 24 1
59 167 3
64 123 2
151 62 4
110 173 1
60 113 2
123 56 3
52 171 3
39 99 2
138 193 1
87 148 3
165 178 3
121 180 4
22 168 1
117 96 4
85 114 2
63 6 3
128 60 1
198 86 2
182 163 4
145 6 1
93 121 1
106 70 1
146 64 2
196 125 1
191 123 2
132 174 2
130 182 3
141 121 2
85 151 2
58 117 3
191 102 1
130 50 4
18 125 2
70 154 3
68 145 1
145 186 2
135 180 4
5 76 2
173 53 3
30 160 1
118 185 1
116 129 4
28 196 1
97 34 4
91 82 4
152 168 4
194 79 4
132 176 1
145 49 2
197 50 3
186 118 4
45 75 3
128 122 4
45 48 3
27 141 2
174 121 1
3 8 4
60 186 3
123 89 1
168 33 3
194 155 2
127 168 3
40 108 4
87 28 2
102 65 1
106 126 3
59 163 4
0 110 2
22 143 2
35 76 1
0 92 2
23 49 3
198 131 3
119 105 4
38 159 4
178 182 3
182 21 1
4 97 3
68 78 4
81 110 2
158 159 2
17 194 4
86 145 3
41 152 2
126 159 4
95 67 1
8 114 3
193 92 2
27 12 1
188 97 1
194 47 3
169 195 1
141 193 3
59 153 1
151 173 1
109 53 1
92 81 1
173 74 1
162 112 3
137 72 4
112 151 4
164 44 1
105 71 1
169 17 4
103 119 2
71 119 1
172 99 2
81 151 2
13 69 3
146 192 4
93 158 4
161 61 2
183 127 1
133 83 4
167 103 1
33 83 2
103 157 1
198 22 2
188 22 3
46 165 4
139 46 2
185 137 1
147 111 3
138 177 3
116 191 3
199 173 3
172 24 3
38 47 2
193 185 3
118 99 1
58 197 4
96 99 4
123 150 4
118 59 2
47 168 3
115 67 4
62 46 4
75 47 2
81 60 2
181 91 3
174 49 3
43 67 4
88 32 3
145 118 3
41 64 4
41 18 3
39 134 2
92 10 3
68 196 2
168 62 1
148 19 2
71 151 1
125 67 2
114 95 3
5 47 3
179 157 4
170 74 4
174 173 4
45 99 2
71 132 4
100 39 4
168 54 1
39 79 3
84 68 1
66 143 4
2 60 2
109 42 2
152 95 2
172 163 2
193 54 3
114 7 1
38 96 4
120 173 1
62 84 3
57 175 4
110 171 2
24 148 4
102 168 4
138 79 1
13 165 4
17 98 2
145 128 3
32 53 2
73 141 1
60 165 1
83 7 2
44 174 1
158 20 3
167 109 1
17 103 4
9 41 3
186 193 1
110 181 4
110 46 3
174 147 4
68 61 3
70 16 1
8 46 2
74 4 1
48 132 3
198 82 1
189 138 3
23 88 3
101 131 4
14 36 1
137 190 1
51 38 4
46 85 4
47 147 3
67 30 3
97 176 2
113 33 1
11 99 3
37 117 3
162 154 4
168 118 2
125 134 1
43 21 4
69 14 1
166 40 3
121 34 1
111 3 3
142 89 4
94 73 1
129 125 1
58 33 4
127 191 3
73 179 1
150 49 3
152 157 3
60 143 2
122 194 2
6 15 4
75 54 3
63 66 1
96 87 1
160 151 1
11 124 3
160 181 3
100 19 3
165 199 4
59 97 4
19 49 3
54 70 2
5 185 3
104 185 2
54 23 2
188 24 2
167 187 3
46 101 4
159 168 2
59 80 3
161 124 2
158 24 4
130 82 1
48 46 4
107 99 2
12 58 4
140 134 3
10 70 4
76 168 3
86 131 3
47 71 3
19 71 2
193 105 1
70 173 1
50 24 4
154 142 4
171 16 1
26 163 3
171 49 2
14 72 3
192 59 1
31 75 1
146 193 3
186 77 4
106 82 4
164 163 2
66 24 2
176 7 3
35 179 2
101 99 3
138 165 2
198 170 4
106 182 3
8 125 4
6 134 2
134 107 3
6 157 1
85 198 1
77 110 4
173 195 4
187 98 1
130 170 2
3 155 1
98 45 2
110 138 2
5 72 4
75 17 4
4 23 4
2 112 3
23 122 1
184 4 1
46 14 4
146 156 1
71 13 3
174 198 4
129 72 2
128 19 1
89 10 3
50 83 1
46 35 1
192 68 2
144 71 1
76 4 1
159 134 4
114 188 2
142 47 2
124 53 4
59 10 2
123 173 3
177 145 1
31 102 2
107 6 1
29 54 3
89 34 2
151 63 1
130 79 4
73 155 4
25 75 1
175 88 1
10 107 1
197 7 3
102 79 1
154 90 2
118 57 1
0 101 1
34 143 2
188 138 2
25 188 4
22 103 4
177 181 4
85 117 3
118 90 1
70 74 3
26 160 2
28 173 4
119 147 2
136 124 2
61 9 3
192 178 4
99 2 1
8 33 4
110 179 2
88 4 4
161 163 1
7 52 1
20 193 2
124 162 4
175 174 4
75 127 1
133 110 4
21 171 1
144 52 3
52 9 2
1 18 4
181 132 2
168 90 2
116 106 1
152 178 3
30 173 2
10 97 1
78 109 4
25 66 3
118 49 3
101 67 4
10 153 2
165 175 3
11 106 4
165 91 2
169 65 1
49 197 1
87 90 1
109 30 3
97 44 3
168 187 2
103 9 4
107 54 3
154 28 3
39 75 1
184 112 4
174 64 2
187 128 3
145 41 3
133 12 3
165 72 1
174 39 3
103 146 4
171 74 4
101 199 1
197 35 1
17 84 4
94 107 2
192 98 2
1 121 3
137 0 3
89 100 4
17 131 3
27 33 2
1 131 4
25 2 2
174 33 3
50 18 2
130 14 4
132 53 4
12 161 3
170 194 2
187 23 4
3 101 3
77 15 1
110 136 4
142 199 4
157 72 4
43 49 1
189 180 1
170 52 4
132 123 2
63 140 4
85 190 3
71 11 4
45 124 4
113 168 3
176 66 1
179 121 4
137 131 4
89 74 1
147 89 1
8 196 4
113 129 1
111 169 1
70 191 2
61 131 2
22 71 4
96 179 4
133 188 1
145 159 3
146 141 2
95 164 3
86 194 2
72 37 1
112 8 4
163 84 2
55 175 2
40 67 3
124 46 4
165 179 3
37 11 1
146 69 3
174 111 4
25 28 2
168 124 4
192 43 3
172 127 4
199 43 2
198 172 1
65 119 4
6 102 2
91 16 1
15 138 3
196 153 2
0 34 3
186 191 3
5 55 1
123 46 3
92 198 3
123 100 3
63 58 1
11 8 4
195 151 3
73 135 2
157 124 4
89 198 4
159 72 3
128 173 3
131 2 2
199 141 4
14 59 1
108 133 3
113 27 3
23 58 2
168 144 4
191 174 3
83 88 4
45 80 1
175 118 1
60 103 3
33 106 3
160 194 1
165 136 3
25 131 1
121 160 1
86 0 2
18 158 4
74 76 3
40 142 1
160 182 2
158 1 2
70 168 2
168 14 1
65 195 2
90 61 2
93 136 2
12 3 4
192 87 4
32 175 4
104 138 4
115 179 2
53 93 4
10 194 3
7 98 4
36 179 4
181 92 1
53 57 4
178 120 2
69 144 3
189 79 3
9 178 4
77 90 3
110 31 2
156 123 4
26 115 2
58 52 2
9 125 2
90 79 3
172 183 4
40 139 2
105 132 3
183 19 2
78 125 3
88 1 4
85 53 3
26 164 3
58 96 3
136 79 3
105 51 1
19 89 3
56 117 2
158 199 4
188 160 3
161 82 1
195 197 4
33 21 2
140 16 4
72 109 1
149 68 4
60 116 1
32 26 1
181 26 2
105 39 1
192 14 3
161 31 4
44 29 1
184 103 4
167 51 1
35 41 1
100 132 1
193 18 4
121 134 3
151 153 4
122 114 3
118 126 1
111 155 2
96 181 1
197 159 4
187 158 1
88 34 2
78 13 3
91 128 2
109 144 3
199 183 2
98 167 2
115 56 2
87 4 4
109 117 1
56 127 4
199 152 2
27 183 4
66 33 3
186 172 2
119 49 4
121 106 4
86 184 4
131 102 2
118 134 4
28 109 4
80 40 3
127 171 4
66 107 4
79 50 2
51 175 4
75 19 4
48 174 1
41 142 1
33 40 1
44 98 1
24 160 2
60 8 2
122 126 3
193 8 4
93 29 4
94 122 2
138 88 3
135 171 3
47 11 1
76 134 4
129 177 3
196 169 3
198 140 2
52 20 1
142 36 2
57 178 3
199 188 1
192 55 3
56 101 4
103 48 2
16 150 1
68 4 2
93 199 2
169 45 2
162 130 3
118 34 3
65 189 3
102 161 3
82 18 2
199 172 1
154 140 4
171 196 1
72 128 1
171 117 1
82 136 3
75 80 4
56 26 4
22 60 3
9 31 3
21 25 4
109 173 3
13 31 2
167 131 2
93 178 1
189 167 3
178 13 2
187 78 4
0 51 1
188 161 2
190 18 3
135 184 3
20 153 4
133 51 3
154 133 2
126 4 2
132 173 2
89 84 2
140 35 4
22 149 2
98 189 4
75 99 1
17 3 1
177 184 3
35 127 4
119 164 4
49 192 1
169 132 2
166 38 3
161 55 3
101 167 1
61 56 4
109 137 4
166 83 1
173 147 2
76 129 4
198 17 3
123 104 4
184 139 1
146 138 3
194 115 4
108 3 4
62 143 2
7 47 4
161 26 4
113 161 3
171 145 4
46 178 1
187 176 2
134 44 4
96 121 2
44 0 4
29 38 3
155 43 2
199 59 4
97 104 1
96 160 4
165 156 3
174 108 1
12 25 2
156 74 1
153 146 4
121 116 4
130 180 1
67 157 3
160 1 4
194 129 1
13 122 2
28 160 2
133 35 4
20 183 1
74 21 4
82 0 2
69 20 3
39 121 4
44 61 2
45 94 2
165 108 2
51 110 3
76 96 2
34 156 4
45 140 4
70 153 3
169 189 2
136 25 4
153 144 4
90 86 3
143 71 1
142 130 1
133 82 3
125 161 1
153 183 1
127 165 3
82 73 4
67 32 2
116 69 1
14 22 1
32 118 1
159 43 4
161 4 2
179 150 2
175 190 3
136 134 4
139 64 3
90 117 1
179 39 1
127 47 4
57 52 3
129 59 2
132 63 2
78 160 2
165 137 3
44 89 2
81 94 4
157 85 1
195 121 3
185 194 4
43 92 2
42 194 4
104 149 3
79 36 1
32 189 4
77 170 3
32 96 2
148 185 1
156 102 4
174 25 2
106 163 1
41 14 3
85 138 2
173 55 2
99 195 4
172 160 3
120 164 2
44 187 2
91 135 4
39 84 4
37 189 2
191 12 2
90 112 3
73 84 4
190 197 4
11 54 1
123 24 2
149 183 2
12 121 4
7 93 3
12 109 3
96 52 2
161 106 2
65 3 4
12 122 3
83 89 4
116 86 4
172 189 1
67 88 2
26 84 3
52 179 3
184 154 3
140 2 2
149 135 1
131 106 3
85 10 1
81 130 4
105 162 1
107 79 4
108 55 3
0 149 2
6 21 2
102 125 3
29 168 2
123 126 1
148 31 2
118 66 3
196 3 2
94 78 3
102 177 2
170 29 2
90 184 3
150 103 3
130 186 4
160 36 4
140 19 1
18 148 3
103 98 4
172 193 1
164 171 1
87 43 3
85 144 4
46 167 1
47 97 4
61 93 4
149 110 2
191 14 1
33 139 1
14 35 2
109 187 1
141 128 4
144 140 3
145 101 3
143 49 1
117 196 3
91 193 4
82 22 2
151 143 1
3 109 2
88 126 3
46 93 4
171 23 2
8 130 2
149 174 1
170 187 4
53 29 2
61 122 3
163 11 1
48 141 4
88 140 1
192 165 3
89 90 4
175 41 3
149 161 3
140 191 3
44 94 2
22 164 4
75 128 3
20 171 3
173 137 1
93 96 3
153 5 3
54 50 1
80 167 1
142 157 3
181 107 3
90 69 3
133 45 4
130 54 1
106 40 4
90 96 1
3 184 3
194 104 1
9 123 3
11 86 2
94 178 3
60 65 3
19 74 1
122 58 2
16 83 1
84 146 2
70 78 4
119 176 2
69 48 1
106 67 1
1 54 3
144 130 1
191 152 3
75 126 2
191 5 2
195 45 1
92 100 3
87 183 2
4 2 3
23 75 3
42 3 2
100 172 1
178 28 1
130 59 1
157 42 4
161 166 3
109 29 4
66 119 3
163 142 4
196 12 1
30 127 2
153 114 2
10 130 4
78 101 1
192 17 3
130 21 4
36 161 4
161 34 3
140 84 2
143 116 1
72 15 2
155 107 2
4 61 4
83 197 4
41 43 3
107 71 2
165 66 4
140 103 1
132 153 4
162 159 4
162 52 4
77 188 4
28 20 4
180 187 3
163 53 4
115 71 3
190 42 3
61 17 1
159 3 2
64 69 2
19 118 1
9 184 1
191 166 4
28 43 4
41 105 1
135 198 2
174 11 4
157 177 2
137 55 1
31 29 3
67 137 4
26 192 1
193 1 2
81 96 3
199 67 1
141 14 2
117 140 3
4 65 4
6 132 4
63 11 1
62 17 2
25 198 3
126 180 4
195 100 3
83 118 3
2 106 1
135 136 2
88 132 2
23 104 1
117 183 1
152 12 3
54 166 4
196 115 3
109 116 3
59 151 2
27 52 4
143 146 3
111 117 2
33 97 2
128 63 3
24 48 3
16 10 3
171 175 2
130 148 4
50 148 4
121 65 3
164 155 2
195 46 2
91 190 1
135 56 2
37 132 3
129 179 2
67 17 3
163 138 3
184 197 1
141 43 1
100 10 1
58 72 3
108 159 2
55 63 2
139 119 2
26 127 4
150 171 3
102 103 2
81 193 4
62 109 4
142 65 2
18 150 2
85 20 2
20 94 1
147 90 1
175 144 1
137 75 3
83 145 2
58 39 1
33 198 3
44 66 1
135 63 4
158 74 2
139 126 4
190 165 4
97 17 1
192 45 3
62 82 4
43 142 1
125 157 2
54 86 1
22 85 2
12 119 4
29 99 2
140 57 1
183 90 2
193 181 4
25 14 1
13 70 1
146 158 4
147 83 3
42 114 2
7 121 4
153 42 4
8 6 3
136 35 1
25 42 2
62 173 4
118 123 3
53 146 4
34 87 3
10 165 1
90 166 1
91 155 1
119 79 1
17 27 3
156 45 3
161 32 2
134 132 3
32 13 4
86 158 1
193 182 4
3 73 2
177 16 4
63 87 4
15 49 1
189 122 4
43 197 1
144 102 4
45 67 2
95 43 4
30 34 2
172 14 2
128 85 2
70 92 4
123 161 1
197 137 4
56 175 2
17 184 4
158 135 4
28 131 2
58 116 1
161 20 4
173 170 2
150 199 2
102 175 4
118 61 3
156 42 4
114 192 2
133 178 1
89 15 4
141 93 1
116 9 2
26 94 1
95 26 2
138 119 1
24 30 3
86 115 2
107 182 4
143 29 3
59 61 4
158 172 2
25 68 3
30 74 3
45 59 1
44 106 1
118 100 2
52 186 3
130 80 4
166 119 1
53 48 1
86 4 2
155 180 1
54 131 4
132 60 3
118 29 1
67 182 2
73 96 4
75 77 3
121 100 1
175 138 4
51 125 3
157 147 3
37 97 4
12 26 1
58 165 2
61 162 1
177 35 3
171 71 1
33 51 1
30 63 1
194 136 4
44 124 4
110 103 2
35 168 4
48 56 1
16 161 4
177 0 3
95 147 3
99 30 4
145 197 1
20 36 2
132 114 3
128 74 3
26 123 4
162 46 2
84 129 3
156 71 1
9 180 1
32 154 2
178 136 1
141 108 1
118 68 4
46 1 3
77 69 3
36 100 2
71 33 3
65 23 1
73 92 3
184 1 1
158 105 4
30 26 4
192 21 2
129 185 3
47 181 1
186 3 4
110 22 2
98 177 3
75 166 1
140 17 4
184 89 2
100 5 2
173 138 3
123 20 2
34 63 3
23 117 3
39 175 4
126 92 4
47 46 2
104 195 3
30 183 1
78 23 1
111 10 1
46 180 2
127 68 1
39 192 1
91 109 3
78 50 2
104 116 4
56 74 1
146 167 3
181 182 3
3 54 4
126 0 3
98 67 2
137 144 3
151 157 1
30 146 3
185 191 1
49 51 4
86 93 3
57 48 3
37 160 4
113 134 2
140 58 1
66 191 2
23 90 4
110 24 2
85 100 4
22 171 3
190 68 2
191 84 3
147 120 1
154 10 1
177 78 1
171 54 1
48 25 3
16 87 2
136 142 3
60 43 1
109 46 3
179 90 2
39 70 2
140 98 1
189 188 2
152 2 4
39 8 2
21 189 3
105 146 4
117 93 3
67 72 2
180 76 3
14 156 2
125 12 2
149 33 4
31 145 1
78 14 2
107 27 4
97 101 3
22 120 3
194 9 3
92 33 4
56 40 1
118 82 3
32 78 1
108 104 1
98 174 3
53 118 1
33 144 3
117 142 3
57 162 4
5 59 2
158 14 2
185 17 1
123 182 3
82 72 1
4 20 4
116 5 2
133 63 4
18 84 1
47 155 4
178 151 4
41 26 1
103 134 3
129 118 3
65 8 1
99 120 1
8 32 3
129 3 3
173 100 1
101 163 4
162 88 1
163 158 1
65 140 1
172 187 2
162 122 4
102 60 2
179 159 1
163 159 3
192 75 3
80 66 1
195 140 2
195 4 2
25 43 2
93 176 4
53 12 1
166 147 1
58 124 1
107 189 1
105 99 1
131 95 3
169 192 1
117 48 4
90 103 4
117 199 4
68 167 2
1 0 4
8 186 4
82 38 2
195 17 2
16 103 4
163 81 1
71 160 3
151 188 3
96 64 2
49 83 4
126 169 3
130 29 3
94 129 1
63 149 2
96 142 2
126 152 3
75 182 2
34 12 4
58 114 1
184 33 4
17 77 1
184 119 2
77 73 2
134 73 3
109 33 1
161 94 4
57 181 3
92 134 2
126 98 3
190 172 4
169 54 1
3 79 3
4 113 4
125 6 4
48 75 3
38 7 1
81 165 1
105 48 4
65 175 3
136 60 3
54 85 4
88 91 3
117 92 4
63 86 3
199 94 2
146 131 2
149 162 4
165 3 1
26 143 1
94 159 1
141 175 1
60 76 3
122 46 1
122 86 1
39 3 2
193 154 1
188 85 4
127 80 2
80 131 1
4 188 4
117 167 2
148 12 2
59 103 1
129 54 3
66 69 1
165 8 3
53 144 2
81 89 1
199 111 2
148 184 4
50 47 1
144 62 4
101 139 4
87 92 2
160 130 3
150 46 3
57 166 2
68 54 3
144 159 4
163 13 2
188 119 4
60 146 1
164 166 3
173 111 3
14 194 1
78 105 1
158 2 4
11 94 3
139 146 2
64 13 2
183 18 2
17 107 2
17 58 1
146 194 2
31 120 1
112 135 3
33 9 2
154 153 4
153 140 4
31 47 2
143 117 1
174 28 2
101 184 2
79 177 2
167 55 2
167 18 2
18 162 4
164 175 1
149 147 2
92 141 3
71 63 3
33 12 4
54 197 1
93 108 3
144 122 1
35 70 3
99 178 3
138 149 2
199 147 2
1 24 1
153 34 2
194 141 1
134 41 4
49 87 1
131 145 4
92 37 4
44 78 2
124 28 1
125 35 3
82 101 3
19 101 2
16 160 2
174 123 1
163 98 1
129 169 2
145 134 2
93 111 3
6 9 2
66 87 2
85 93 4
1 175 3
193 171 3
12 166 2
180 86 1
159 195 3
104 101 3
54 6 2
169 4 3
75 60 2
115 98 2
176 179 1
197 89 3
37 116 1
195 56 1
57 62 4
161 108 4
174 68 1
130 18 4
12 188 1
7 166 2
174 24 2
97 114 2
195 30 2
77 172 1
186 150 3
20 67 4
110 72 4
96 21 3
198 98 2
125 158 3
175 80 4
145 0 2
180 174 1
148 1 1
40 29 3
130 122 3
77 158 3
136 99 3
143 45 2
17 11 2
55 95 1
61 146 4
37 18 3
142 3 1
173 86 4
111 100 4
120 186 1
23 152 3
154 174 4
65 83 3
47 185 1
157 87 1
126 162 2
142 7 1
163 3 3
67 116 1
26 4 2
77 138 4
172 45 1
0 91 3
2 103 3
67 159 3
106 94 4
164 30 4
160 165 2
59 160 2
131 70 1
96 176 3
12 151 3
167 1 2
43 154 3
66 199 4
168 49 2
117 21 3
149 61 3
80 189 3
65 171 4
97 184 3
98 129 3
169 191 4
114 24 3
11 64 2
170 111 3
88 125 1
41 53 3
2 148 2
45 130 1
114 130 1
162 40 4
147 125 2
186 197 3
181 3 4
15 157 1
82 102 4
182 144 4
131 69 2
131 112 3
77 26 1
143 98 4
2 181 3
123 31 3
161 189 4
5 79 1
125 77 4
46 198 4
169 26 2
162 137 4
21 121 1
186 57 3
111 72 1
72 45 2
88 148 4
8 110 4
122 32 4
25 109 3
8 122 1
101 130 1
159 110 4
15 145 4
158 48 3
62 36 3
1 162 3
165 64 3
77 164 3
192 91 3
117 94 2
90 191 2
53 58 4
4 176 2
7 103 3
21 35 2
120 73 2
164 183 2
16 71 4
74 83 2
68 23 2
38 127 4
197 110 4
52 160 3
70 186 3
172 192 2
10 172 4
63 146 4
13 117 1
78 172 4
158 79 1
180 80 3
59 150 3
193 127 1
47 110 4
136 24 3
78 192 4
120 189 4
133 102 3
83 191 3
177 43 4
97 179 2
32 159 2
98 77 3
153 68 3
172 122 1
130 138 1
130 35 2
44 68 1
101 26 2
163 119 3
93 118 1
80 53 2
126 26 4
128 25 4
196 99 1
30 10 4
93 40 1
90 38 2
57 128 1
58 51 1
30 135 3
90 100 3
103 58 4
89 148 2
69 195 3
33 179 3
100 55 1
163 72 1
43 124 1
24 139 1
157 172 3
3 190 1
28 51 4
17 92 4
4 118 3
44 81 2
151 99 4
134 137 4
177 144 1
2 57 3
66 156 1
103 144 1
60 78 2
28 103 3
76 8 3
134 128 3
131 124 3
187 33 4
185 57 4
109 35 1
21 186 1
157 27 4
7 15 1
151 98 3
76 144 3
82 170 3
155 13 1
169 102 2
188 140 4
114 140 2
29 138 4
155 170 3
80 157 4
110 37 4
148 65 2
34 86 3
27 115 3
55 160 1
2 154 1
80 41 1
95 97 3
103 156 2
65 53 4
27 131 2
154 191 2
85 118 3
6 62 1
135 161 2
136 70 2
176 163 4
101 143 3
115 39 3
123 181 2
107 25 3
123 99 3
93 154 2
44 188 1
55 47 3
39 156 3
150 113 4
102 136 2
149 115 3
160 53 4
28 155 4
69 192 4
2 27 1
18 4 3
160 76 2
89 108 4
112 142 1
70 188 1
32 105 3
163 146 4
182 52 1
123 5 3
185 109 2
97 57 4
74 37 1
190 182 3
89 120 1
184 75 1
158 171 1
63 108 1
162 4 2
4 73 2
56 85 3
157 178 3
148 171 1
145 106 4
53 19 3
191 71 4
146 183 3
87 88 4
62 32 4
63 127 3
58 167 4
94 12 4
100 182 3
85 49 4
21 113 4
61 115 3
112 174 3
148 197 3
76 126 3
196 144 1
174 51 3
56 103 2
196 199 2
185 142 1
44 85 2
42 2 2
127 60 3
80 43 3
23 7 1
64 173 4
191 145 4
103 91 2
144 5 4
22 31 4
123 67 3
123 82 4
36 33 4
47 182 3
124 74 3
37 182 1
167 66 1
167 178 2
172 126 4
178 31 4
184 124 4
53 195 3
16 174 3
132 172 1
65 179 4
55 41 1
144 13 4
47 45 3
116 31 2
72 77 3
54 17 2
105 145 1
99 87 1
133 141 2
77 62 2
6 60 1
173 149 1
122 179 1
14 83 2
16 1 3
147 168 3
138 187 4
21 194 2
29 162 3
183 156 3
51 73 3
155 130 2
74 166 1
116 162 1
118 164 3
135 69 3
78 67 2
69 189 4
106 3 2
107 157 1
31 168 1
24 197 3
101 90 1
173 141 1
145 5 3
143 112 3
37 198 2
64 54 4
17 177 4
199 30 3
193 31 2
127 147 1
115 10 2
107 58 2
96 157 2
13 171 1
98 97 2
49 172 2
124 92 2
144 55 1
37 84 4
110 184 4
188 165 4
39 37 2
165 98 3
183 35 3
10 176 2
11 81 1
42 198 2
53 38 4
35 69 2
36 68 3
150 131 2
19 81 2
33 150 2
144 20 1
20 186 1
10 187 3
48 91 3
121 54 1
13 109 3
111 160 3
145 44 4
1 101 1
28 130 3
90 13 4
164 52 3
53 37 2
102 134 1
109 76 2
62 177 1
87 140 3
123 110 2
172 137 3
139 152 4
119 148 3
42 27 1
99 33 4
136 61 3
199 76 2
171 133 4
4 32 2
185 28 4
197 100 2
180 157 2
124 163 1
171 51 4
95 188 1
108 178 3
36 116 4
4 39 2
94 109 1
174 197 4
168 199 3
80 150 3
149 144 4
79 152 1
16 198 2
127 57 3
125 14 4
181 70 4
181 196 1
163 40 2
25 22 2
19 155 3
147 129 2
77 93 2
133 176 1
56 20 2
0 104 3
89 7 3
79 115 1
181 89 1
149 148 1
125 40 4
87 138 1
185 97 1
45 110 4
159 87 3
164 12 4
28 89 4
92 48 2
40 79 1
94 116 1
122 149 2
11 52 3
73 24 1
142 146 2
40 130 3
45 141 1
84 63 4
16 136 4
194 28 4
114 26 4
64 97 2
9 97 4
123 80 1
133 15 1
122 11 2
179 135 3
152 67 2
162 80 4
117 82 3
137 95 1
17 119 2
130 167 4
3 174 2
52 118 4
113 32 2
141 114 1
7 193 2
16 62 3
99 28 1
74 73 4
173 183 1
15 34 3
123 190 4
148 82 3
108 71 1
148 23 1
130 56 2
106 171 4
191 25 3
73 174 2
131 169 2
116 81 3
152 31 1
66 185 4
2 137 2
162 81 3
98 137 4
159 167 4
108 119 2
163 70 4
67 57 3
153 175 4
74 58 4
74 43 2
49 4 2
109 179 4
71 117 2
64 3 2
174 17 3
81 185 4
159 199 4
169 118 2
36 175 4
104 39 1
59 172 3
140 54 2
40 172 4
26 138 1
136 118 2
165 191 3
11 123 1
168 52 2
46 119 1
174 110 3
100 32 1
156 59 1
51 170 3
91 138 1
52 184 4
151 158 4
196 113 4
175 0 1
169 150 3
79 97 2
150 27 3
58 177 4
64 124 3
56 67 1
86 197 4
52 80 2
123 22 4
73 38 1
38 55 4
6 115 3
34 178 3
181 9 3
186 10 1
35 119 3
9 106 3
105 94 1
73 88 3
132 2 4
187 21 1
26 58 1
173 27 2
79 37 2
41 118 3
174 176 2
24 63 2
71 118 3
155 147 4
122 6 3
103 79 2
186 164 3
2 59 1
191 192 3
145 71 3
153 174 2
50 104 3
92 135 4
138 78 1
8 53 4
176 140 3
145 19 1
73 130 4
40 177 1
110 69 1
105 76 4
3 143 1
115 62 4
110 101 2
38 59 4
36 167 4
17 128 1
157 110 2
181 8 2
27 120 2
112 133 1
44 23 3
6 128 4
46 61 2
128 81 1
134 160 3
196 34 3
135 166 2
61 154 1
15 22 1
105 139 3
81 12 2
179 187 3
49 67 4
43 19 1
1 156 2
94 63 2
75 101 4
154 189 1
134 178 3
49 94 3
0 49 1
117 12 1
108 128 1
75 81 3
192 105 3
49 99 3
119 173 1
89 24 1
132 183 2
27 153 1
96 0 4
143 61 4
76 151 3
153 76 4
194 186 1
22 99 1
192 113 3
146 151 1
35 151 4
66 37 3
30 4 4
109 60 3
102 15 1
47 179 2
74 103 4
82 85 2
180 101 3
190 79 1
36 74 1
174 75 2
79 149 3
170 153 2
83 181 1
99 158 2
12 24 3
30 53 4
170 122 4
136 39 2
36 78 2
65 133 4
105 142 3
111 184 2
122 83 3
155 42 1
1 153 1
138 63 1
35 39 1
184 23 2
157 150 3
173 101 3
137 106 2
136 84 3
59 144 2
6 190 3
129 181 3
37 1 4
151 118 3
128 166 1
64 95 3
137 143 2
138 161 3
1 10 3
56 187 4
115 19 1
41 156 1
119 87 4
170 22 4
119 175 2
126 30 2
199 9 2
195 62 1
135 104 4
82 5 4
10 109 4
171 169 4
190 72 4
100 79 1
179 86 2
83 152 3
116 19 4
169 59 2
98 8 4
12 165 1
150 156 4
57 21 4
133 161 1
87 70 3
151 47 4
197 114 1
19 181 3
181 190 4
69 129 1
150 190 3
121 194 1
47 128 1
156 19 4
93 55 1
10 110 2
139 21 2
161 10 4
160 31 3
105 157 4
91 65 3
33 118 2
193 72 1
148 150 2
99 58 4
165 196 4
149 180 1
140 139 3
97 186 1
29 86 1
104 79 4
42 128 1
144 148 3
94 134 1
149 1 3
33 101 4
41 10 1
7 12 4
143 106 1
85 13 1
183 197 4
19 154 1
174 77 4
131 82 1
165 171 1
83 119 4
60 54 4
17 26 3
93 110 3
50 170 2
147 154 2
25 51 3
177 2 4
75 78 4
126 47 3
153 31 2
179 21 4
115 159 2
86 113 1
58 57 3
168 104 3
68 191 3
153 40 2
115 25 3
159 35 4
168 177 2
77 80 1
13 162 1
120 143 4
181 43 1
169 142 4
127 138 4
83 99 2
104 3 4
58 142 2
61 15 2
21 10 2
61 22 4
77 74 4
167 79 2
119 28 2
82 89 2
160 49 4
56 31 4
34 172 2
48 66 2
106 186 3
120 179 3
0 7 3
69 47 1
63 57 1
185 54 3
35 164 1
65 108 2
69 194 1
13 173 2
74 182 4
83 162 3
47 148 3
108 105 4
57 72 1
16 165 3
5 2 3
60 184 3
165 23 2
94 144 1
87 169 4
71 34 3
149 35 4
188 38 4
93 83 4
175 162 3
9 51 2
136 36 1
71 39 2
143 91 2
59 113 3
156 145 3
175 159 3
89 150 2
66 21 4
115 92 2
87 15 2
159 139 4
154 53 3
33 53 3
82 160 2
60 141 2
113 120 2
92 38 4
133 43 3
74 143 2
126 22 3
61 62 1
165 21 3
48 81 3
119 57 3
155 85 2
122 30 1
146 58 3
193 67 2
76 158 1
199 40 1
101 123 3
104 98 3
94 66 3
19 2 2
109 188 1
182 45 4
127 159 3
183 198 3
98 186 2
115 95 2
166 11 1
177 113 2
128 67 3
134 58 2
16 146 3
183 186 4
139 66 3
172 168 3
160 123 4
11 155 1
44 70 4
89 167 1
157 57 1
146 83 4
108 6 1
162 133 2
174 107 4
126 50 2
62 41 4
72 17 2
35 167 2
84 4 3
182 113 2
162 120 2
188 5 4
176 88 1
147 22 1
131 66 2
122 121 3
116 87 4
12 50 3
128 22 4
181 0 2
34 183 2
110 52 3
10 178 1
40 39 3
138 46 1
161 52 3
167 45 2
66 161 3
153 36 2
42 93 1
135 128 2
172 108 3
2 66 1
16 59 4
183 64 1
66 86 4
159 49 2
42 101 4
132 129 2
160 108 3
102 174 2
55 30 3
147 79 3
114 53 4
130 149 1
19 93 2
167 157 4
69 175 4
165 181 4
134 83 2
136 168 1
144 186 1
93 50 2
32 146 3
40 47 3
69 199 4
97 90 3
188 87 3
63 88 2
35 106 3
157 89 4
81 146 4
46 40 2
153 7 3
38 76 2
68 128 1
153 45 4
112 22 1
4 119 1
15 59 1
107 123 4
119 42 3
2 142 4
99 149 1
23 3 1
43 85 1
127 83 3
5 131 2
161 191 1
100 110 1
199 116 1
16 67 1
67 28 2
127 48 2
179 37 2
156 176 4
18 10 1
96 75 2
22 174 4
194 153 4
38 63 1
186 50 3
49 154 1
106 183 1
170 166 4
32 145 1
181 198 1
70 84 3
71 64 4
108 48 3
35 30 2
5 69 2
55 18 1
12 39 2
180 113 1
165 4 4
15 123 3
6 37 3
80 19 2
167 37 2
181 150 2
5 43 3
37 58 4
123 145 3
94 196 4
126 103 4
81 13 2
180 144 1
187 53 1
29 27 2
19 17 3
50 17 3
188 21 2
40 115 3
145 7 3
77 52 4
134 87 1
164 134 1
74 102 3
174 85 2
178 23 2
57 65 3
162 51 4
9 49 1
140 142 4
87 197 3
62 90 2
195 0 4
47 21 1
7 63 3
133 23 3
99 188 4
100 149 2
168 130 4
109 127 3
121 188 2
143 121 2
124 84 3
166 45 3
122 103 1
137 194 3
174 183 1
26 137 4
152 96 3
148 163 3
88 150 1
78 82 2
51 168 1
24 92 4
46 94 3
161 71 4
187 17 2
4 41 3
28 40 3
103 131 4
79 129 1
186 56 4
31 138 4
153 92 4
6 27 1
36 55 2
82 113 2
116 156 4
145 169 3
10 34 2
116 148 1
86 98 4
155 131 2
63 164 4
154 127 4
16 148 1
104 74 3
20 128 2
23 89 3
132 5 1
84 114 1
157 155 2
107 35 1
85 14 4
196 30 1
87 6 2
164 143 3
141 86 3
138 98 3
180 132 4
38 198 2
92 105 1
80 124 1
126 199 1
89 56 2
141 90 1
113 154 3
41 161 4
185 174 1
43 76 1
194 71 3
55 46 2
159 185 3
101 80 3
17 151 3
58 73 2
115 41 2
158 155 4
14 195 4
139 43 2
52 192 3
43 22 1
7 185 3
141 192 4
51 137 3
124 151 3
168 154 2
136 188 2
16 92 3
151 27 3
75 86 1
81 133 4
108 57 3
129 148 2
135 82 4
85 8 4
122 18 4
37 164 2
100 53 4
83 2 4
109 93 2
135 99 3
28 198 2
36 82 3
188 0 2
3 18 4
63 172 3
125 30 1
122 109 4
49 112 1
0 40 1
146 28 2
45 19 3
166 173 2
37 124 2
16 96 3
15 64 3
109 164 1
167 185 3
42 82 4
171 119 3
149 85 4
88 105 4
125 97 2
118 74 2
62 47 3
49 69 2
66 50 4
177 169 1
63 32 4
179 31 1
90 95 1
71 149 1
195 112 3
59 99 3
195 75 3
24 31 1
141 116 3
64 176 1
172 147 1
68 129 1
35 22 1
51 65 4
128 83 4
136 117 2
16 97 2
103 19 2
35 48 3
59 37 1
44 176 1
139 136 2
46 21 2
50 36 3
171 121 3
26 83 3
15 31 4
142 42 2
96 169 1
195 13 2
106 25 3
1 113 3
143 162 4
116 25 4
85 66 4
132 140 2
30 47 4
196 140 3
108 175 2
95 51 1
138 11 3
182 28 3
197 115 3
15 46 3
172 6 3
45 54 2
102 166 1
149 51 1
113 99 4
22 58 1
94 195 1
182 89 3
178 181 4
137 160 1
121 86 3
20 102 1
189 129 3
5 10 1
73 99 2
3 0 4
159 53 2
64 68 3
10 188 3
26 182 4
51 179 1
13 91 1
163 153 3
24 192 3
9 158 1
151 142 2
113 13 3
168 173 3
175 84 3
134 5 4
151 104 1
191 138 2
57 33 3
155 17 3
50 141 3
191 167 2
65 74 4
109 31 3
85 32 4
122 67 3
1 111 4
33 61 2
119 142 4
133 111 3
12 89 1
185 117 2
168 10 1
185 72 2
109 88 1
64 28 3
174 76 4
172 31 3
12 101 1
120 111 3
125 81 2
133 167 1
142 18 4
147 185 1
155 162 2
80 197 4
123 59 2
199 44 4
11 34 2
85 55 3
113 115 4
100 129 4
9 105 4
147 99 2
141 104 4
47 20 3
168 23 3
78 28 4
145 48 2
3 35 1
167 140 1
92 163 2
91 171 2
144 27 3
125 75 2
81 95 4
127 9 2
87 176 1
3 173 1
53 165 3
63 18 3
152 114 1
145 164 4
55 99 1
123 186 3
161 168 2
70 60 1
135 167 3
16 23 4
117 190 1
103 72 4
93 174 2
138 66 4
150 174 3
31 30 1
141 83 4
18 103 4
42 127 2
63 100 4
195 145 1
187 79 1
163 117 1
8 137 4
185 105 2
31 28 4
48 79 2
198 180 4
70 59 4
150 146 2
73 1 2
75 163 3
148 84 2
165 144 4
0 54 3
15 129 4
50 181 3
72 124 4
189 135 2
152 88 1
30 137 2
197 182 4
15 172 4
146 59 1
131 125 4
31 103 3
11 145 2
189 192 3
1 75 4
127 17 2
164 161 3
145 133 3
91 176 3
29 120 2
90 120 2
157 94 4
135 34 2
45 109 3
3 185 1
122 117 2
127 16 2
77 154 4
68 35 4
126 99 2
147 58 1
76 133 1
98 171 3
52 142 2
120 28 1
138 57 3
55 139 1
64 195 4
0 84 4
151 37 2
28 4 3
16 6 1
30 143 2
107 126 3
23 39 3
120 118 1
185 145 4
104 10 2
146 127 3
75 91 2
176 89 4
25 104 3
10 32 3
82 26 3
97 103 2
112 175 3
139 70 4
87 185 4
43 70 2
40 8 2
95 42 1
152 39 2
107 105 4
0 106 2
68 12 1
120 68 2
42 117 3
144 155 1
173 75 2
168 48 4
104 184 1
133 182 4
199 127 1
179 136 4
25 190 2
96 131 3
126 3 3
70 156 3
159 58 3
130 179 4
54 72 4
47 172 3
70 61 1
4 72 1
115 82 1
164 94 1
31 104 2
78 97 1
172 109 2
157 59 4
66 7 1
128 130 2
106 55 4
1 80 2
184 165 3
182 81 3
33 133 1
19 172 1
17 102 3
188 187 3
135 80 4
9 192 2
142 84 1
94 80 2
184 105 2
88 52 1
86 189 2
164 13 3
186 24 2
122 134 4
121 138 4
61 54 3
21 144 2
164 81 4
113 25 2
91 63 3
131 37 1
175 43 3
2 44 2
173 148 3
110 71 3
195 191 4
121 2 2
119 129 2
61 99 1
161 47 3
9 46 4
89 155 2
199 46 3
50 189 1
169 88 2
135 177 2
103 183 1
26 149 4
4 93 4
186 111 4
188 61 4
176 3 2
33 28 2
185 13 3
100 45 1
199 154 1
152 86 1
198 147 3
84 27 1
94 183 3
61 20 3
133 140 2
130 117 3
177 89 2
151 102 3
120 182 4
164 72 3
186 43 1
192 42 3
175 3 1
139 199 1
128 9 4
23 146 1
27 129 4
164 38 2
199 36 1
14 55 2
180 66 2
126 165 4
31 159 1
133 73 4
52 138 2
151 170 2
135 192 4
23 29 1
22 50 1
91 31 2
40 71 2
123 96 3
195 186 1
180 75 2
190 47 4
39 21 2
22 131 3
47 153 4
111 25 3
128 113 3
57 137 1
17 166 4
2 48 4
140 95 3
137 114 2
42 33 3
2 72 1
143 155 1
197 69 2
146 162 1
132 108 1
119 137 2
92 46 4
131 117 2
22 45 2
190 191 3
1 64 4
175 135 3
11 109 3
102 172 1
34 179 4
137 66 2
37 32 2
103 36 4
160 158 4
88 29 2
55 71 3
133 106 1
26 81 2
48 83 3
71 159 1
48 199 4
186 103 3
181 142 3
33 91 2
110 16 1
4 108 4
32 165 2
87 142 1
167 48 4
181 176 1
181 34 4
111 64 4
159 82 3
141 49 1
7 192 2
166 27 4
110 104 4
133 37 3
101 98 3
56 158 3
178 6 3
148 98 4
196 136 4
165 82 1
134 84 4
75 164 4
155 26 4
112 123 2
74 67 4
72 86 1
66 146 3
82 92 2
68 198 2
185 99 3
90 93 1
91 62 1
74 130 3
197 22 1
44 25 1
3 10 2
1 132 3
31 48 1
115 165 1
64 188 2
110 34 3
171 87 4
10 175 3
125 143 4
65 166 2
134 127 4
15 106 2
186 83 2
79 172 3
121 76 1
171 27 4
68 125 1
23 164 1
18 170 2
178 171 2
3 120 2
154 125 2
97 51 4
53 135 2
87 156 4
160 196 2
146 8 4
196 37 2
44 165 3
60 139 2
149 137 2
164 99 1
192 117 2
26 144 4
185 49 1
89 189 3
47 26 4
114 69 1
121 13 2
15 194 1
137 42 1
71 18 3
7 82 4
140 146 3
124 148 1
66 95 4
99 77 1
59 95 1
37 71 2
10 49 3
195 10 4
151 97 1
169 147 2
43 29 4
141 148 3
24 6 4
81 143 3
47 141 1
36 147 2
2 199 4
63 185 4
48 149 4
149 66 3
87 35 3
148 195 4
44 136 4
106 192 2
33 178 2
33 147 3
170 70 3
63 106 1
3 94 2
62 28 1
46 29 3
77 43 3
38 144 4
187 61 3
131 129 3
97 73 4
167 141 4
107 100 3
191 82 2
24 37 1
83 198 2
160 13 4
152 129 2
84 60 4
166 184 3
188 195 2
176 147 1
167 181 2
19 129 2
39 34 3
58 65 2
98 96 4
146 137 4
176 109 3
144 141 2
22 10 1
70 25 3
17 55 1
94 169 2
36 174 2
108 38 4
71 175 1
99 134 3
7 172 2
8 136 1
89 71 1
143 131 2
56 190 3
199 115 1
167 11 4
49 102 2
9 22 1
191 104 1
166 3 1
52 67 4
36 39 1
127 81 3
113 107 4
53 86 3
18 160 3
67 23 2
160 193 3
8 84 2
176 111 1
197 12 1
48 76 3
174 23 3
61 25 2
123 68 1
61 153 3
106 154 1
151 61 4
63 26 4
57 61 4
139 124 3
172 98 1
159 165 4
47 139 4
199 109 2
160 42 4
47 53 3
10 76 2
188 79 3
107 177 4
89 126 2
29 50 3
85 178 4
16 107 3
58 38 2
142 113 3
131 159 2
61 91 4
126 110 4
145 157 3
152 127 4
85 193 4
183 188 2
111 77 4
131 68 4
117 79 1
16 77 2
156 13 4
145 47 4
142 30 3
138 197 1
138 90 1
51 5 3
1 199 1
27 186 4
170 101 4
115 163 4
12 67 2
142 187 3
5 18 3
83 57 4
100 14 1
44 192 1
65 37 1
127 93 3
31 125 2
13 29 4
95 168 2
123 196 1
145 147 1
18 87 3
132 11 3
188 146 3
30 48 3
163 10 4
18 131 2
117 22 4
71 78 4
19 184 4
103 61 1
121 73 3
100 178 2
69 154 3
152 197 4
71 166 4
70 132 3
57 153 3
156 62 1
13 97 2
146 91 4
132 34 3
105 122 3
21 23 2
155 101 4
60 199 2
95 179 2
118 42 2
158 37 1
132 148 3
175 101 3
110 65 1
34 170 3
52 193 1
90 155 3
57 1 4
108 144 4
83 199 1
192 20 4
167 81 1
85 102 4
77 189 3
165 104 3
95 173 1
172 153 4
194 41 2
34 68 4
57 0 1
5 39 3
110 43 2
55 0 1
165 63 2
11 175 2
166 23 3
178 145 1
115 151 4
154 84 3
164 91 3
185 95 1
103 160 1
47 60 4
115 158 1
108 143 2
20 21 4
84 23 1
183 15 2
16 33 3
82 179 4
46 98 1
15 2 4
93 144 4
73 10 4
151 64 3
25 20 1
84 21 3
87 117 3
197 14 2
175 106 4
134 196 3
98 110 2
27 77 3
109 147 4
159 52 4
22 88 3
195 21 3
151 198 2
98 75 2
35 117 3
131 184 2
152 27 3
26 195 4
130 191 3
51 188 1
116 138 1
99 143 4
50 117 3
115 5 4
79 58 3
76 108 3
195 147 1
97 106 1
130 99 3
128 80 4
21 155 1
150 96 2
120 82 4
79 6 3
197 98 4
183 187 3
75 36 4
144 24 2
75 175 4
192 0 2
76 138 4
137 103 1
29 105 2
83 137 1
102 42 1
173 39 2
15 152 2
173 91 1
39 154 1
107 47 2
145 73 1
188 62 2
104 136 1
12 4 1
85 51 1
133 122 1
118 30 4
99 92 3
112 40 4
18 92 1
181 72 4
173 179 3
165 120 2
158 3 3
104 117 1
27 43 3
43 180 1
134 166 4
30 174 3
125 29 4
168 89 3
47 198 3
127 43 4
153 29 3
190 107 4
158 53 1
193 61 1
21 145 1
73 54 2
76 26 3
6 14 1
31 21 1
67 185 2
168 59 4
32 149 4
44 74 4
124 126 4
134 165 4
196 78 1
49 135 4
31 55 1
170 59 1
163 93 1
166 188 3
144 45 3
168 18 1
11 111 3
28 45 2
146 75 1
155 68 2
120 126 2
65 40 4
182 164 2
96 60 2
144 68 4
118 119 3
151 123 1
51 121 2
9 93 3
17 129 1
55 143 3
69 45 2
15 50 3
47 70 3
180 72 3
37 157 4
75 117 1
195 106 2
165 141 2
72 64 2
169 158 1
165 153 4
73 80 3
5 128 4
104 163 2
160 98 4
114 178 2
173 73 2
158 28 2
69 12 1
193 110 4
92 65 2
101 9 3
187 68 2
195 51 3
143 11 3
192 35 4
76 37 3
15 151 3
123 187 2
155 174 1
130 172 3
99 186 4
91 26 2
63 180 4
125 194 3
130 1 2
133 149 4
86 146 2
117 11 3
90 187 3
143 21 4
48 90 4
145 114 1
140 32 1
172 164 4
27 154 2
60 182 4
77 105 4
153 147 3
87 46 1
181 166 2
126 187 3
129 11 1
68 55 3
162 182 4
50 128 1
16 125 3
165 42 1
19 12 2
137 6 4
154 105 3
14 175 4
1 124 4
39 32 4
99 7 2
44 156 1
143 69 3
91 106 4
88 61 2
118 31 1
156 185 3
34 17 1
163 155 3
111 6 3
132 80 1
140 48 3
105 100 2
91 196 2
105 26 3
106 31 3
23 173 3
80 107 3
65 10 4
32 42 2
48 191 1
17 183 1
112 124 1
119 120 4
108 170 4
71 91 4
191 57 3
14 33 4
79 42 2
166 167 3
104 46 2
75 20 2
134 64 2
48 197 2
55 75 3
72 62 1
146 123 3
136 1 1
78 27 1
42 15 4
54 18 3
50 13 1
107 106 4
0 196 1
71 6 4
152 49 3
158 47 2
167 97 3
120 96 2
33 38 2
14 170 4
65 95 3
33 141 2
191 37 4
29 131 4
188 17 1
119 34 2
128 161 4
40 160 2
74 79 2
160 118 1
16 168 4
102 27 3
129 184 2
2 76 1
111 89 4
101 34 3
146 20 3
199 167 3
167 112 2
124 186 2
42 195 4
15 39 1
53 46 2
180 94 4
43 145 2
189 47 2
144 199 4
182 154 4
184 92 2
177 67 4
74 75 4
92 148 4
192 50 2
54 42 2
22 42 2
178 61 4
119 26 2
134 176 2
143 40 4
23 48 3
177 148 3
191 128 4
145 97 1
6 61 3
160 94 3
15 140 2
117 102 1
131 6 3
93 95 3
102 158 1
53 84 4
0 72 4
3 105 4
169 97 2
83 170 3
55 189 1
126 68 3
28 189 3
190 33 2
136 45 2
71 99 1
139 11 2
93 140 4
176 199 2
160 185 2
151 0 4
114 13 4
122 88 2
76 187 2
179 84 4
90 193 1
17 125 2
87 39 2
193 87 3
152 174 4
109 171 1
161 185 1
105 91 2
35 166 3
53 90 4
169 194 3
138 62 4
39 116 3
27 74 1
163 96 4
7 45 3
100 177 1
71 96 2
103 63 4
138 97 4
113 184 1
117 33 3
34 117 2
142 195 4
12 32 2
3 119 1
64 150 2
157 144 3
86 43 2
101 114 3
178 186 4
198 110 2
15 166 3
171 75 3
87 152 1
126 37 1
24 25 3
97 21 2
106 83 4
19 79 4
151 73 1
20 199 2
155 98 1
26 154 4
64 112 3
101 108 2
179 138 2
16 39 4
8 38 1
150 10 3
40 92 4
191 72 1
113 179 4
43 45 4
1 141 4
78 178 1
172 37 1
171 66 4
109 196 3
178 169 4
126 78 4
94 85 1
2 130 4
25 29 4
19 105 4
170 139 3
5 22 3
14 182 2
184 68 4
131 77 1
40 43 4
67 9 3
161 5 3
9 45 3
43 178 2
149 25 4
83 165 1
149 199 2
187 95 3
163 195 1
167 50 4
0 118 4
41 38 2
106 199 1
193 34 3
175 155 2
160 187 2
59 24 4
136 50 3
148 33 2
166 56 1
15 142 4
20 145 3
164 185 4
76 81 2
188 7 2
3 87 4
51 172 4
157 126 3
158 52 3
39 33 3
54 117 2
15 148 3
41 126 3
56 2 4
163 87 2
80 0 4
145 77 3
160 147 2
90 167 2
142 179 4
170 178 4
132 137 4
148 193 2
181 116 1
138 37 3
34 1 4
101 166 2
196 148 4
47 29 4
132 21 3
60 166 1
64 65 2
121 24 1
76 7 3
154 9 1
102 149 2
2 168 1
104 45 2
160 45 1
67 73 2
173 89 4
130 11 1
186 41 4
124 145 4
182 83 2
72 92 1
42 51 1
117 65 1
10 15 3
113 119 2
22 135 1
150 23 1
40 191 1
118 113 4
72 115 1
183 46 2
103 43 4
12 6 2
105 101 2
27 122 4
114 94 3
151 116 3
110 125 3
19 72 1
86 169 4
101 54 2
121 115 2
17 175 2
197 16 1
21 92 3
50 64 3
131 60 2
87 109 1
16 114 2
35 88 1
180 30 3
162 172 3
134 59 2
102 171 4
151 150 2
55 129 4
184 63 1
46 120 4
41 107 1
156 190 1
29 90 3
49 74 3
64 129 2
78 95 3
185 172 1
41 86 4
1 120 2
99 173 4
149 190 2
77 196 4
148 28 1
61 89 3
60 151 2
135 89 2
20 99 1
42 174 3
135 32 4
168 27 3
133 103 1
169 21 1
51 76 4
81 180 1
55 33 1
134 199 1
196 147 2
93 195 1
49 170 3
69 72 2
191 114 4
157 74 4
72 7 4
189 85 4
127 5 2
75 14 2
132 186 3
131 158 2
52 29 4
108 79 3
191 173 3
134 188 4
75 154 1
20 104 2
172 175 1
14 106 3
146 11 4
136 21 4
4 111 1
75 5 3
59 78 1
152 107 2
79 184 3
33 127 2
57 163 4
192 61 3
114 62 3
95 48 4
136 130 4
150 120 3
27 26 1
30 14 1
171 17 3
119 59 4
17 162 1
25 26 1
145 93 1
122 25 1
60 59 3
37 139 2
109 70 3
157 112 1
132 189 4
29 114 2
137 28 2
79 65 3
76 55 1
174 195 1
13 145 3
147 50 1
105 104 3
71 86 2
143 38 3
31 93 2
146 5 4
4 7 1
129 78 2
156 120 4
26 48 4
104 52 4
177 29 1
177 152 3
195 81 3
135 87 3
179 139 3
59 13 2
6 40 3
53 169 3
148 13 1
41 116 3
147 76 2
154 38 2
11 98 1
40 157 4
101 64 2
182 176 3
154 12 4
193 132 2
22 124 1
89 183 1
104 13 3
168 88 3
128 127 4
32 68 3
114 33 1
183 28 4
132 157 4
122 171 4
167 10 2
134 8 3
101 149 3
160 169 2
13 136 1
52 98 1
138 100 1
169 117 3
195 180 3
145 66 4
185 176 1
47 171 1
119 36 4
60 158 2
176 21 1
190 170 2
142 192 1
133 50 2
77 56 4
102 51 2
155 161 1
15 40 4
63 113 2
99 54 4
159 65 2
73 27 1
43 79 4
60 63 2
192 31 4
70 197 1
44 55 4
88 134 3
189 96 4
13 176 1
146 168 3
79 153 3
115 146 1
71 124 1
39 68 2
113 145 4
0 141 3
174 46 2
57 38 2
34 55 3
193 6 1
8 72 1
129 87 2
83 138 2
117 188 2
116 192 3
45 50 3
50 151 1
82 74 4
107 122 3
53 78 1
143 56 4
80 51 2
126 54 3
25 19 3
15 79 3
29 112 2
40 182 4
110 122 3
176 8 4
152 77 3
0 160 2
113 123 3
41 89 2
169 168 4
131 163 4
147 124 1
135 160 1
68 71 4
187 99 4
94 175 3
73 47 3
20 0 1
128 147 3
35 152 4
156 151 4
106 71 2
64 191 3
195 92 4
195 1 2
121 170 1
194 83 4
25 41 1
77 47 1
5 56 1
102 67 1
93 124 3
27 118 1
117 179 2
164 192 1
52 23 3
32 83 2
38 24 3
149 52 4
36 165 2
152 92 2
48 123 3
68 93 4
41 159 3
71 74 1
100 133 4
32 35 1
101 102 1
47 136 3
199 25 4
114 28 4
132 107 4
156 179 1
152 60 3
52 181 4
0 66 3
77 126 2
122 100 4
75 56 1
0 193 4
24 69 2
93 14 3
161 15 1
30 172 2
60 61 4
117 115 3
64 168 1
183 126 3
32 9 1
107 136 1
52 154 3
105 150 1
170 10 4
53 103 3
116 161 2
14 94 4
178 123 3
115 78 2
197 129 1
184 147 4
83 175 2
126 84 4
116 93 4
55 84 1
186 4 4
28 36 3
31 5 4
88 36 4
162 62 3
140 101 1
41 78 3
172 16 4
54 46 4
76 190 1
108 194 4
121 31 4
60 15 4
80 2 4
101 74 2
128 131 4
83 142 2
101 133 3
99 72 3
63 199 3
48 38 2
194 35 3
134 82 1
101 57 3
48 159 3
86 40 1
33 142 1
167 49 1
170 115 1
174 113 1
135 130 1
161 9 1
34 40 3
187 3 1
33 32 3
136 164 1
163 190 1
149 28 1
31 101 1
193 77 3
195 47 2
164 147 1
75 136 3
153 189 1
2 55 1
161 159 4
25 151 1
105 59 2
67 174 3
158 101 3
66 193 4
159 97 1
108 140 4
144 114 1
193 117 2
135 9 1
131 35 1
91 83 2
167 120 1
75 155 4
18 30 3
193 27 4
171 94 1
53 63 4
36 17 2
86 149 3
94 143 2
85 31 4
53 26 3
111 123 1
3 179 3
180 89 1
130 41 4
45 40 2
125 66 3
5 109 4
41 124 3
31 181 2
30 50 2
164 154 4
115 119 4
88 144 1
192 38 3
9 134 3
193 83 2
39 133 1
11 97 2
85 16 4
63 173 4
89 30 4
36 124 2
12 83 3
179 50 4
180 128 4
21 157 3
197 68 2
77 81 3
14 80 1
33 80 1
186 167 3
140 72 3
136 40 3
127 13 2
113 52 2
25 36 2
141 190 4
195 61 2
115 102 3
77 96 1
54 90 3
135 25 3
83 100 3
42 197 2
48 190 1
21 127 4
26 50 1
127 112 1
114 110 3
141 81 3
159 150 2
31 134 3
154 104 4
1 85 4
71 56 3
54 132 2
56 39 1
81 45 3
152 149 3
161 3 4
79 75 2
148 62 1
28 170 3
122 178 4
131 179 4
140 1 2
95 101 4
128 133 4
80 96 3
161 29 2
90 80 1
95 16 1
73 178 3
26 64 3
121 142 4
68 188 4
13 199 3
27 85 3
20 115 4
103 141 3
191 74 4
166 80 4
114 98 4
141 82 4
127 115 4
158 137 4
0 173 2
44 140 3
18 147 2
13 123 4
181 183 2
157 131 4
23 97 4
169 2 4
17 116 4
43 10 2
167 144 1
84 177 4
42 28 1
121 67 3
134 179 2
71 140 2
15 195 1
166 199 1
63 160 4
191 16 2
178 125 2
197 21 3
180 16 1
93 181 3
198 157 2
104 129 1
108 151 1
190 55 3
73 111 1
177 110 2
50 146 3
178 76 1
43 58 3
20 90 2
8 103 2
43 36 2
20 140 3
169 173 4
94 67 4
136 78 4
49 189 2
94 138 3
194 183 4
68 33 1
29 186 1
93 103 4
81 47 3
137 101 1
151 70 2
108 136 3
112 34 3
106 39 4
184 102 4
91 152 3
37 27 3
156 125 3
27 60 4
114 127 2
159 153 3
103 194 4
40 55 1
91 122 3
40 192 4
7 85 4
184 173 2
15 11 1
178 118 4
71 42 4
157 176 1
24 34 1
165 158 4
87 128 4
141 123 2
111 8 4
58 145 3
116 122 2
61 8 4
9 84 2
59 127 4
80 154 4
17 14 1
142 60 2
14 189 2
30 23 1
31 11 4
88 157 1
85 140 2
52 139 4
18 118 2
102 192 2
33 24 4
174 179 4
53 82 4
44 31 3
46 11 3
10 136 2
178 121 3
131 16 1
164 187 3
56 152 1
74 60 3
12 60 1
134 77 2
8 34 4
146 99 4
183 97 4
112 35 4
181 51 4
166 34 1
175 97 4
80 160 3
134 154 4
106 54 3
174 83 3
66 187 1
198 116 2
83 78 3
101 148 1
