9950 200
0 83 4
83 199 8
199 181 4
83 34 2
83 93 3
181 97 5
34 50 2
50 109 2
50 150 5
50 149 1
50 191 3
181 127 4
191 36 7
97 9 8
181 88 6
109 135 3
150 143 7
109 196 5
191 42 9
9 190 5
196 61 2
97 104 8
127 35 7
199 182 2
104 91 4
190 152 8
42 89 4
135 151 2
88 49 4
149 167 4
50 17 1
0 157 2
93 51 9
152 60 2
143 102 6
60 27 5
109 138 3
138 194 1
60 62 3
150 186 5
199 145 2
127 81 7
89 54 6
88 169 8
49 136 5
135 75 1
127 188 4
61 131 9
136 130 5
54 66 3
88 33 2
182 184 2
191 113 1
61 20 2
66 166 5
190 148 3
89 32 1
34 172 9
97 160 7
32 19 8
50 8 7
91 115 4
66 68 2
88 84 4
83 43 5
8 159 4
151 82 8
157 193 6
143 175 1
113 18 9
131 121 2
148 94 9
84 45 5
0 185 4
68 58 6
193 64 4
27 173 6
181 116 3
196 77 6
19 144 3
151 117 6
54 56 2
82 165 7
75 79 9
193 37 3
8 15 9
0 92 3
196 63 5
17 179 8
58 178 6
145 101 6
79 87 5
50 124 4
169 118 5
17 153 3
159 78 3
20 80 5
143 170 4
32 164 7
75 29 3
78 128 5
79 123 1
178 95 8
196 114 6
68 110 3
19 70 3
191 16 4
60 187 1
50 105 1
128 73 8
127 139 6
29 13 7
36 90 9
37 7 4
29 146 2
56 197 4
114 156 9
164 76 9
196 4 7
4 3 7
121 72 9
178 14 8
150 171 5
175 23 8
94 183 6
56 158 3
66 86 5
86 177 1
138 46 3
113 195 7
187 25 3
169 198 9
58 147 1
66 99 4
131 38 5
136 176 9
61 6 1
16 2 2
37 107 3
138 41 9
35 111 4
128 52 5
148 44 7
86 192 1
64 1 8
88 31 9
19 39 8
43 21 8
191 126 9
160 48 2
29 57 3
27 137 8
86 22 6
197 125 4
29 133 1
139 141 3
101 129 2
188 5 3
138 106 1
43 132 2
68 174 7
87 55 7
34 11 9
113 108 9
166 26 4
170 40 8
145 142 1
70 155 7
132 161 8
31 65 7
9 69 3
15 122 9
2 163 4
52 162 3
102 74 5
157 24 3
187 119 7
18 96 4
163 10 4
191 103 8
91 30 5
192 85 7
54 67 9
14 140 5
10 189 4
40 168 8
143 12 9
69 134 3
149 180 8
134 59 6
38 47 9
178 98 9
146 28 8
198 71 4
139 154 9
184 100 5
83 53 5
10 120 8
173 112 2
78 80 1
51 62 3
34 29 4
167 198 1
190 184 4
65 62 3
100 174 1
8 199 3
54 90 4
56 167 2
14 160 2
111 113 2
113 74 4
151 170 4
63 129 2
63 187 2
158 176 2
41 119 4
76 97 2
100 159 1
31 35 4
33 162 2
181 50 2
135 136 4
182 186 2
57 179 3
88 54 1
42 168 2
129 65 2
162 151 3
64 134 4
177 145 3
65 149 1
187 34 1
196 38 1
81 114 4
90 23 2
79 144 3
17 187 1
37 49 2
135 196 3
175 41 2
71 6 1
184 39 4
146 170 1
143 142 2
49 70 3
84 79 3
190 71 2
194 10 1
180 53 3
175 33 2
24 146 2
92 5 3
106 156 3
192 133 1
71 3 4
46 6 4
97 89 1
4 190 4
120 163 1
78 19 3
77 168 1
96 23 1
38 74 2
185 177 3
142 109 3
119 12 2
120 161 4
171 129 3
103 49 4
3 53 4
188 111 3
79 76 4
146 159 3
2 88 4
95 126 1
141 182 3
155 102 2
178 90 1
152 45 2
130 32 3
193 87 1
146 145 2
14 115 2
51 167 1
170 11 2
151 173 4
39 43 4
63 74 4
101 99 2
42 144 2
117 92 2
67 69 2
7 156 3
10 74 3
135 173 2
134 92 1
18 66 2
179 129 1
170 114 1
22 161 1
132 86 3
185 166 3
193 179 1
33 176 2
115 190 2
38 8 1
192 130 1
120 121 2
137 25 2
110 0 3
154 149 3
59 65 1
170 64 2
34 54 2
109 158 4
75 24 1
66 126 1
194 199 3
184 66 2
13 97 3
83 145 3
85 151 1
81 17 2
132 121 1
118 58 2
70 68 2
188 100 2
147 50 1
109 84 1
174 30 1
34 22 1
60 181 4
48 28 2
199 116 3
33 9 3
19 143 2
116 53 1
116 184 4
39 9 4
148 165 4
64 188 3
80 196 3
156 20 2
88 60 3
79 115 4
72 153 2
27 13 1
198 162 1
195 63 3
103 110 3
130 5 2
175 62 1
64 73 1
3 77 3
163 50 1
129 73 3
27 99 4
130 65 4
18 120 2
153 105 4
181 14 4
19 148 4
93 199 4
32 170 2
152 104 1
175 21 4
77 51 2
139 42 4
106 51 1
43 29 1
196 181 1
159 118 4
154 191 1
138 111 1
2 118 4
98 16 4
71 137 4
121 153 2
84 62 4
10 114 4
146 25 3
49 91 4
199 17 4
73 106 2
172 130 4
167 73 1
51 159 3
107 73 3
17 138 3
76 65 3
124 130 2
6 25 1
156 148 3
12 107 3
45 50 4
145 165 2
74 59 1
51 89 3
165 13 2
117 173 2
39 46 1
174 51 2
146 182 1
192 23 4
83 159 3
134 18 2
80 24 1
171 176 3
107 55 4
107 22 3
151 69 1
93 99 3
34 80 1
32 168 1
39 154 1
111 149 1
168 43 2
6 84 2
113 112 2
130 63 3
181 117 2
76 33 3
183 127 2
136 60 4
46 108 1
180 171 1
156 144 4
120 151 2
197 72 3
45 173 2
17 21 2
133 31 3
166 107 2
122 10 3
16 41 1
148 87 1
1 156 2
77 136 3
158 99 3
149 60 2
124 10 3
132 104 4
158 174 2
30 37 1
15 179 3
64 25 2
80 151 3
196 68 1
179 65 4
33 34 1
86 72 3
122 185 2
118 137 1
60 143 1
103 112 3
197 172 1
29 118 3
112 195 2
110 36 3
91 13 3
119 98 3
44 171 2
17 20 3
24 49 1
21 181 4
14 197 4
118 125 3
67 96 4
48 163 4
198 104 4
51 113 4
60 64 1
78 162 4
70 157 4
91 121 1
123 84 2
76 127 3
54 64 2
28 13 3
111 197 4
34 21 4
5 17 1
59 120 4
58 185 2
2 184 2
140 15 3
137 39 4
103 97 3
164 6 2
136 109 2
124 190 2
176 193 4
30 198 2
119 141 3
13 56 2
40 158 1
4 132 1
90 95 2
4 36 4
39 164 2
91 120 2
104 59 4
17 8 2
43 137 4
57 35 1
20 124 2
186 25 1
138 34 1
50 78 4
116 56 2
0 17 1
182 97 2
96 141 3
2 178 4
150 127 4
157 126 3
143 153 2
143 157 4
106 167 3
147 62 4
23 161 3
12 52 2
44 60 1
109 188 3
146 77 4
129 61 2
38 190 1
90 112 3
75 16 1
198 18 3
135 54 3
149 27 2
125 50 2
132 60 3
9 98 1
78 55 1
104 36 1
188 0 3
23 130 2
141 24 1
41 99 1
11 162 3
178 94 4
153 1 2
19 162 1
72 73 1
19 158 4
92 173 4
199 124 1
165 0 2
181 132 4
197 48 3
75 170 4
22 49 2
89 13 3
38 88 3
153 59 1
156 69 3
132 66 3
127 30 4
110 38 4
57 173 4
142 129 4
155 175 2
169 163 2
55 144 1
93 168 2
183 36 3
30 111 2
138 156 2
33 126 4
121 17 1
146 3 4
62 119 3
77 93 1
117 61 4
44 183 2
11 83 4
64 103 1
100 22 2
29 87 2
90 44 2
93 192 4
183 38 2
21 92 2
100 88 2
107 90 3
164 194 1
80 113 3
171 122 3
91 158 1
136 110 4
147 155 3
56 175 3
85 146 4
150 193 3
88 36 1
69 36 4
192 120 2
83 99 3
173 110 3
93 183 2
124 109 3
32 196 2
121 93 2
181 123 1
109 99 2
91 42 3
112 191 4
131 186 3
118 11 4
118 177 1
102 8 4
33 51 2
195 7 2
176 47 4
68 114 4
10 27 1
153 159 1
3 144 4
15 89 2
193 39 4
25 70 3
168 166 4
186 168 3
122 60 4
50 199 3
158 101 4
177 11 1
176 50 2
19 165 1
124 58 3
33 66 1
101 64 1
47 41 1
102 14 4
173 44 1
127 165 3
39 52 2
124 167 4
63 31 3
38 58 1
118 168 4
152 44 3
63 56 1
159 31 3
80 17 1
69 56 3
69 23 1
159 85 2
144 179 3
127 189 1
172 96 1
172 185 3
138 154 3
107 180 1
161 182 4
52 101 3
90 38 3
15 115 2
180 69 3
54 61 4
24 22 2
92 50 3
151 102 3
121 175 3
153 126 2
153 40 3
23 46 3
81 62 3
48 43 1
84 81 1
99 124 4
46 198 3
45 140 2
89 47 2
80 142 2
137 112 4
167 97 1
120 115 2
48 183 4
22 171 3
82 48 3
189 180 2
110 10 4
118 8 2
53 163 1
101 135 2
74 55 2
68 120 1
34 23 3
61 183 1
162 38 2
1 178 2
186 187 2
73 30 4
31 104 4
62 12 3
172 160 1
116 176 4
56 140 2
187 94 3
101 59 4
192 156 3
72 6 4
13 193 4
83 19 1
14 31 2
94 189 2
55 105 3
75 134 3
30 64 4
13 33 2
72 170 3
146 42 4
120 85 3
41 88 1
76 86 4
10 24 2
24 27 3
135 161 3
18 188 4
59 77 4
198 45 2
160 175 1
145 192 2
87 33 1
93 4 2
15 186 1
118 25 2
125 83 1
141 33 3
45 66 3
151 58 2
159 54 3
9 173 2
142 47 2
187 56 4
10 36 2
100 45 1
69 27 4
100 56 2
55 79 2
150 137 4
38 184 3
105 48 1
67 100 1
181 110 4
2 55 3
186 96 4
75 69 4
38 156 2
117 14 2
66 23 3
164 109 1
89 36 3
22 66 3
106 44 1
6 18 3
124 11 2
84 176 2
65 84 1
167 49 4
107 17 4
39 65 4
62 79 4
93 120 3
42 11 3
1 107 4
177 56 1
155 91 2
41 55 2
58 184 3
137 73 3
188 39 4
46 47 4
26 185 4
34 57 2
48 68 4
171 142 3
0 99 4
179 82 3
160 37 3
182 42 2
171 183 3
30 62 2
187 182 2
52 179 4
133 139 3
151 43 2
72 166 3
38 37 4
99 85 1
72 56 2
94 182 3
159 37 1
23 33 4
72 174 1
96 75 1
162 67 4
32 171 1
39 44 3
60 183 4
47 4 4
115 178 4
12 35 1
77 22 4
152 163 4
102 120 1
46 113 3
45 74 3
198 170 3
106 84 1
162 42 4
190 13 2
75 37 1
142 8 4
69 14 2
3 87 3
181 19 3
72 39 3
195 84 3
100 21 4
115 57 1
111 108 2
58 100 3
101 150 4
44 52 2
61 99 2
35 164 1
178 22 4
71 4 4
32 7 1
94 129 2
147 153 3
182 165 4
23 178 4
8 22 1
139 176 1
75 121 3
167 37 2
165 197 1
38 44 2
58 22 2
138 161 4
184 25 2
39 151 3
36 138 1
61 16 1
95 16 3
162 93 2
87 63 3
154 31 1
134 153 2
185 143 4
59 39 3
93 142 3
166 22 3
65 176 3
136 13 2
118 39 2
19 21 3
89 167 1
109 145 2
116 58 4
98 118 3
183 27 3
122 199 1
177 61 3
41 167 3
56 93 4
44 122 1
107 89 4
186 45 2
101 173 2
67 92 4
133 148 1
149 191 4
6 47 3
4 41 1
178 91 3
41 90 4
91 80 1
117 60 2
140 199 1
172 82 3
98 10 3
190 77 2
117 121 4
24 55 3
36 21 4
108 14 1
87 30 3
163 69 2
143 29 4
176 60 1
57 91 2
163 125 3
13 125 4
93 66 4
4 53 3
99 55 4
161 158 3
154 144 4
102 15 2
129 145 3
15 66 4
73 173 3
122 106 2
59 18 3
95 179 3
48 74 4
165 55 3
19 157 2
96 104 3
136 3 2
91 39 1
188 74 1
112 183 1
172 101 2
144 139 1
65 126 4
172 116 4
94 188 4
51 16 2
130 123 1
79 21 2
146 198 1
26 169 1
159 99 2
30 160 4
17 55 1
54 11 4
78 47 2
125 37 1
69 24 3
68 36 3
62 104 4
94 198 2
14 98 4
21 153 4
179 147 1
174 46 3
73 79 2
17 49 2
104 102 3
46 88 4
103 120 4
185 192 2
19 86 2
126 86 1
27 84 4
150 7 3
199 59 4
199 16 1
14 42 1
59 81 4
70 124 1
109 175 2
20 58 1
106 176 1
24 151 2
87 5 2
4 16 3
188 23 4
3 41 1
164 78 4
167 82 4
64 154 4
1 28 4
66 98 2
37 74 4
25 83 3
59 80 1
190 70 1
120 171 3
189 162 2
199 29 3
182 148 4
189 157 4
129 115 2
185 28 4
125 14 3
105 53 1
147 181 2
31 120 4
175 135 2
80 162 4
22 125 1
110 108 2
44 129 1
110 94 2
97 191 1
21 178 1
102 12 4
127 58 2
119 17 1
18 153 2
154 20 3
93 193 3
100 82 1
9 5 3
190 128 4
103 71 1
29 156 2
185 37 2
190 151 3
137 69 1
172 192 3
170 152 2
193 116 1
152 22 2
176 124 3
93 9 1
28 66 3
127 70 3
23 85 2
4 120 1
178 93 3
72 17 4
35 7 1
43 180 3
35 166 2
37 180 2
1 135 4
101 189 4
48 162 1
56 115 3
69 47 4
123 45 1
31 108 2
179 53 1
83 152 3
85 190 4
27 59 3
138 137 1
194 75 1
82 150 4
161 2 1
112 168 1
193 142 2
169 12 3
99 191 4
70 66 4
76 136 4
2 96 3
121 195 3
71 169 3
143 103 1
26 28 3
75 102 4
177 194 1
45 71 3
133 101 4
150 165 2
143 189 3
4 177 2
195 132 1
170 53 3
195 35 1
86 58 2
62 122 1
98 130 2
185 69 4
100 14 1
74 34 3
74 89 3
93 39 4
193 111 2
0 18 4
43 145 3
108 137 4
114 93 1
20 65 3
94 6 1
124 164 1
55 82 2
139 59 4
93 29 4
153 83 2
87 15 2
10 34 3
62 102 3
158 139 3
70 1 2
195 119 4
99 111 4
124 4 1
107 175 3
77 119 3
75 15 4
90 131 1
169 127 3
104 57 4
22 131 2
95 157 1
149 72 3
139 147 2
42 176 4
66 185 4
156 120 1
96 174 4
103 183 4
66 112 1
139 156 4
25 152 2
127 84 4
36 150 2
54 33 3
12 49 4
42 150 3
156 48 1
186 0 2
58 82 2
34 170 2
3 126 3
2 42 2
157 66 2
49 11 2
47 99 1
26 16 1
166 30 1
71 18 2
63 160 2
39 27 2
153 8 1
34 52 1
82 188 3
79 58 2
47 115 2
37 70 1
186 87 2
14 54 1
75 157 1
157 119 4
108 185 4
16 21 2
191 43 1
166 98 2
38 145 2
75 185 4
165 12 4
48 71 1
145 153 4
122 63 2
95 130 2
44 7 2
167 83 3
15 138 2
142 188 2
199 142 1
106 198 3
93 137 3
117 123 3
129 20 1
117 77 3
146 125 1
133 60 4
105 45 1
104 37 1
139 121 1
64 33 1
2 65 4
186 61 3
63 82 1
111 198 3
71 104 1
122 167 4
126 121 4
141 150 3
25 122 3
163 75 4
9 188 2
39 197 3
28 57 1
58 6 4
75 149 2
145 64 2
94 140 2
16 18 3
199 19 1
39 124 1
176 93 1
26 131 3
149 104 4
123 65 2
176 183 4
85 129 4
18 195 2
160 93 4
18 189 4
33 72 3
29 192 4
83 32 3
47 62 2
142 72 4
180 133 3
15 64 1
76 68 4
91 52 1
73 13 3
115 90 2
14 3 2
144 104 1
26 117 2
170 136 1
123 182 3
32 26 2
41 137 3
75 23 2
55 195 2
79 141 3
63 79 2
15 69 4
119 87 4
84 23 3
164 21 2
63 131 3
63 9 2
173 193 3
48 120 4
190 58 1
19 77 3
36 190 3
39 6 3
97 179 4
111 97 3
26 6 4
23 30 4
26 193 2
112 123 2
184 191 1
194 195 4
34 4 3
144 25 3
57 137 3
178 24 1
182 137 3
6 21 3
129 104 4
162 193 4
63 199 1
30 8 2
191 87 4
166 21 1
138 113 2
6 44 1
81 96 4
56 184 2
68 167 4
116 128 1
9 89 1
17 25 1
92 175 1
198 3 3
196 184 1
151 37 2
160 44 4
112 149 1
104 176 4
49 79 2
42 199 3
77 141 2
69 161 2
13 134 2
108 120 3
77 184 4
175 84 4
64 143 1
141 81 1
56 141 2
173 169 4
140 139 1
67 142 1
190 141 2
43 18 1
194 32 3
167 53 3
39 7 1
157 129 2
14 116 2
114 69 1
36 112 2
178 88 3
159 104 1
189 22 1
19 75 1
65 92 3
34 64 2
126 137 4
37 2 3
65 110 1
35 154 1
22 104 3
127 158 2
153 161 1
36 55 3
146 48 4
179 43 4
3 130 1
159 76 3
27 124 2
89 126 1
195 67 2
132 50 1
33 79 4
120 51 1
99 82 4
143 160 4
43 14 3
118 54 4
44 0 3
162 167 1
4 14 1
139 32 4
17 93 2
41 49 4
7 173 2
167 152 4
63 89 4
88 101 1
69 1 4
115 174 4
119 15 4
98 152 1
18 126 2
86 7 1
91 50 4
180 89 2
52 166 1
178 8 1
163 141 2
113 13 3
182 6 1
96 110 3
95 142 3
178 53 1
139 29 4
36 198 3
125 188 3
24 97 4
158 75 4
120 45 2
35 6 1
187 136 3
198 95 4
171 82 2
52 153 2
49 32 1
59 14 2
37 96 3
30 86 3
63 124 2
106 65 1
80 19 2
81 113 4
35 122 2
73 26 4
191 181 2
133 99 4
164 38 2
44 147 2
48 124 4
0 55 4
120 13 3
62 10 4
78 91 2
4 128 4
160 158 3
102 140 2
152 137 2
54 72 3
100 167 1
47 107 4
103 188 4
117 84 1
112 144 2
91 3 3
2 12 3
32 198 4
61 193 2
16 28 2
161 119 4
117 72 2
52 48 2
73 170 2
102 114 2
0 106 1
178 111 4
186 40 2
119 124 2
77 165 3
62 193 4
15 46 4
69 25 4
48 1 4
112 84 1
138 191 3
183 181 3
106 11 2
0 36 1
135 155 1
1 40 1
120 89 4
93 198 3
76 170 3
69 143 1
89 84 1
186 116 1
75 177 1
156 105 3
10 9 1
96 114 3
30 192 4
187 160 1
53 140 1
109 115 2
63 7 2
108 168 4
94 146 1
66 17 2
141 95 3
30 138 4
107 2 1
54 184 4
128 17 4
172 59 2
83 2 1
21 39 1
129 190 1
12 61 1
63 118 2
56 29 2
130 78 1
138 159 2
9 180 3
45 72 3
63 14 3
55 110 1
70 192 3
103 195 4
198 17 4
0 1 1
82 162 3
183 9 2
96 102 2
136 87 2
181 2 1
171 73 3
3 190 4
4 103 1
196 73 1
50 185 2
94 28 1
18 116 4
14 50 4
150 132 2
42 17 1
85 68 3
139 50 2
171 15 1
10 11 2
62 186 1
77 154 1
111 6 1
81 98 2
72 165 3
174 17 2
37 78 4
151 187 2
171 85 3
185 115 4
16 69 2
129 132 3
128 95 1
92 56 2
14 167 2
139 78 4
195 88 2
14 112 1
124 62 2
197 136 4
64 178 2
42 74 3
38 188 2
147 142 4
145 46 4
155 78 4
161 165 2
106 115 1
181 140 1
113 43 3
164 47 3
145 92 2
1 155 1
50 116 4
154 109 4
175 12 2
26 38 4
190 187 4
145 123 3
76 54 4
31 132 1
104 43 2
172 67 4
145 16 4
99 100 3
71 58 4
89 151 1
162 143 3
139 126 1
13 130 1
167 45 4
96 80 2
20 164 2
172 191 3
48 47 2
60 194 2
190 57 4
195 175 2
170 4 1
75 120 1
63 29 4
143 129 3
34 179 1
113 27 2
34 44 4
92 75 2
139 145 3
31 145 1
188 166 1
85 74 1
146 186 1
110 191 4
181 79 3
172 142 1
59 7 2
39 136 2
143 111 3
190 20 4
172 146 2
69 162 1
72 80 2
98 64 4
103 189 2
116 160 2
96 175 1
14 156 1
29 96 1
81 16 1
194 183 4
196 20 1
12 123 2
129 102 1
132 92 4
88 149 1
175 115 4
110 134 3
49 144 2
78 156 3
106 133 4
59 180 4
47 20 1
21 5 2
120 49 4
154 182 2
12 159 2
120 9 1
53 57 2
185 91 4
14 82 3
172 17 1
113 83 2
148 18 4
120 19 3
186 63 1
180 144 2
167 48 2
141 194 1
34 60 3
124 161 2
156 157 4
184 70 1
188 60 1
193 153 4
14 55 4
92 53 3
156 178 1
172 66 3
170 92 2
91 195 4
143 77 2
20 194 3
99 68 2
135 137 2
19 103 2
81 180 1
10 139 4
50 183 2
113 155 1
99 81 4
33 75 3
167 43 1
155 87 1
89 135 1
149 162 1
65 184 4
13 67 3
114 126 3
181 158 2
138 59 1
82 187 4
189 69 4
90 109 2
62 112 3
28 174 1
54 52 1
125 43 4
95 97 1
42 78 4
169 52 4
42 72 4
126 24 2
50 113 2
157 104 1
88 61 1
135 164 1
144 27 1
50 144 3
137 91 4
128 39 2
24 28 1
10 103 3
168 159 3
107 58 1
27 40 4
10 7 1
33 149 2
175 51 1
129 199 2
139 125 4
127 114 2
6 24 3
4 82 1
137 188 2
55 46 1
43 142 4
155 127 3
48 99 3
42 64 4
79 127 2
148 79 3
84 48 3
159 161 2
182 52 2
18 23 1
158 123 2
113 32 3
78 22 4
163 37 4
119 136 1
48 88 2
137 183 1
160 188 2
180 98 1
160 4 2
140 4 2
126 58 4
164 186 1
0 114 3
24 105 4
118 48 3
125 165 2
94 14 4
105 109 4
112 46 4
11 114 4
112 21 1
81 35 1
138 172 4
158 44 2
136 62 1
37 169 1
88 171 1
188 63 1
126 177 2
66 48 3
191 60 3
136 92 1
71 72 4
89 110 3
66 89 2
52 50 3
164 130 4
4 108 2
134 35 2
120 11 2
169 197 1
182 67 2
199 103 1
31 109 1
0 73 3
130 178 1
7 68 4
34 155 4
198 161 4
164 152 2
152 182 4
2 89 2
126 171 1
128 159 2
75 191 1
70 79 1
95 33 2
140 190 1
94 33 3
31 73 4
125 78 4
179 70 3
168 87 4
182 57 2
64 61 4
158 92 3
105 122 2
10 197 4
171 5 3
156 119 3
167 197 1
79 116 2
89 31 1
149 184 2
192 132 3
71 29 2
79 137 3
103 77 2
154 8 1
57 163 4
150 160 4
112 41 3
135 19 3
81 151 4
193 135 2
163 193 3
126 198 2
166 57 1
23 170 3
70 131 4
116 197 4
143 141 1
181 93 3
97 134 4
28 52 3
10 95 1
120 169 4
24 15 3
144 191 4
53 141 4
22 186 2
153 179 1
90 168 3
58 123 1
139 183 1
135 65 3
27 141 2
84 121 1
183 29 4
58 131 4
49 73 4
172 140 1
118 195 1
82 72 1
83 155 1
101 142 2
175 35 1
145 93 2
78 53 2
154 115 4
124 16 3
131 37 2
115 6 4
43 112 4
174 65 1
70 20 4
45 112 2
141 51 3
57 120 2
166 41 1
49 113 3
80 115 2
90 24 1
125 170 3
130 18 4
33 38 2
177 155 3
25 190 3
54 188 3
149 52 2
109 19 1
93 127 3
176 131 3
7 122 4
145 128 2
181 174 1
167 70 2
67 20 3
124 61 3
2 187 1
65 128 2
178 195 3
73 92 2
198 88 2
65 153 2
148 58 2
127 179 1
95 104 4
135 2 3
55 160 4
142 186 4
117 161 2
33 41 1
174 105 1
108 199 1
34 45 1
47 30 2
182 55 4
28 134 1
62 98 2
71 49 3
189 120 4
144 70 4
138 55 3
2 102 3
94 90 1
48 25 3
127 1 4
80 29 2
137 116 3
92 185 2
119 10 3
6 146 4
124 64 2
16 169 4
64 153 2
142 96 1
68 140 4
141 129 4
50 83 3
156 89 1
140 91 1
11 32 2
104 173 2
71 13 3
10 50 3
157 185 3
68 97 2
2 8 2
91 142 3
169 117 4
120 61 3
151 159 3
135 144 4
46 66 3
174 123 2
31 199 2
38 178 3
199 35 4
135 9 1
50 65 4
131 27 1
127 118 3
105 89 2
138 95 4
179 22 2
155 33 3
169 50 2
194 59 3
133 169 3
54 23 1
74 24 3
116 136 1
41 89 1
1 154 4
0 189 3
94 152 2
97 106 3
165 188 2
116 0 4
139 86 1
137 120 3
121 112 1
65 88 4
94 15 1
95 74 1
111 60 4
193 109 2
34 154 1
70 85 3
158 49 3
27 28 4
5 127 1
151 171 2
120 30 3
7 102 4
1 26 2
22 65 4
44 11 1
136 140 4
17 184 4
83 8 4
176 58 4
30 178 1
95 26 1
188 182 2
53 134 4
38 82 1
181 69 1
169 83 4
191 173 4
153 195 2
163 91 1
89 142 3
179 167 4
78 129 1
2 64 3
138 182 2
24 60 2
117 66 1
28 74 1
145 143 3
86 37 4
198 199 4
168 8 4
25 165 1
61 44 4
110 153 2
155 168 2
125 129 3
12 161 4
172 110 2
138 54 3
155 55 4
49 31 2
18 52 3
190 139 2
159 67 4
49 149 1
133 91 4
15 174 2
172 106 2
170 128 2
32 145 4
104 40 2
105 76 2
2 160 1
61 143 2
151 109 3
90 102 4
113 59 4
89 80 2
107 150 2
126 184 3
132 188 2
39 12 2
57 146 2
83 181 1
170 167 4
62 32 2
184 21 4
11 139 1
2 143 1
172 12 4
155 166 4
143 56 4
149 118 2
109 85 4
48 125 1
63 166 4
86 9 2
156 98 1
180 117 4
127 40 3
128 107 2
127 177 3
26 34 1
137 161 1
118 103 1
48 87 2
122 77 1
120 157 1
34 27 4
136 14 2
132 62 2
78 105 3
65 127 1
149 127 3
14 15 4
37 106 1
122 67 4
43 175 1
62 96 1
125 34 1
41 56 4
133 42 2
26 17 1
64 86 3
140 133 4
49 25 2
133 21 2
24 29 3
109 185 4
97 192 4
17 188 4
108 47 4
110 22 1
8 127 3
13 159 1
34 189 4
106 26 2
97 50 2
184 45 1
5 184 3
76 121 1
45 171 3
14 33 3
187 43 4
176 134 2
24 120 4
142 28 1
71 87 3
32 92 1
150 188 1
162 154 2
160 22 1
32 80 1
23 173 1
60 96 2
40 125 4
129 182 2
62 67 2
100 140 2
133 119 1
154 163 1
36 86 2
20 114 2
40 106 2
133 40 1
48 85 1
33 194 4
82 130 1
27 121 4
85 144 3
41 169 4
139 21 1
143 115 1
131 56 4
112 111 3
27 65 2
147 110 1
130 144 3
181 0 2
55 91 4
137 149 3
22 199 4
3 127 2
66 129 3
92 18 2
45 25 2
71 125 1
107 54 2
154 68 1
69 7 3
95 119 1
182 159 3
17 130 2
124 15 1
162 40 1
192 59 3
154 97 3
30 151 3
134 144 4
110 8 4
112 24 3
60 94 4
67 12 2
51 71 4
32 192 3
88 134 3
43 170 3
13 64 2
9 132 4
14 191 4
82 65 4
169 139 4
67 107 1
7 103 1
27 130 2
53 144 2
54 75 3
105 100 3
35 130 1
92 157 4
13 85 3
78 180 3
87 70 2
40 61 4
131 195 4
87 22 2
117 158 3
84 13 4
108 61 1
125 0 4
91 73 4
49 83 1
125 82 2
51 182 1
62 34 3
42 53 1
61 11 3
11 87 4
142 150 2
43 22 3
161 104 2
192 69 1
42 52 1
8 1 2
43 163 1
39 8 1
104 125 3
7 91 2
94 160 1
30 183 4
156 171 4
139 28 2
46 187 2
29 12 4
169 129 1
64 99 4
171 61 2
22 57 3
166 44 3
24 43 4
84 54 4
184 64 2
156 174 1
183 156 3
125 185 1
62 88 3
98 155 2
29 73 3
187 72 3
124 37 2
182 36 1
43 56 4
131 31 4
115 84 4
125 179 2
172 105 1
135 0 3
190 168 2
98 111 1
141 195 2
133 61 1
135 43 4
105 130 4
80 121 2
140 85 2
97 15 2
198 92 2
28 102 3
31 181 1
75 5 2
95 112 2
149 138 1
143 7 1
26 182 4
21 58 4
199 32 4
106 118 4
53 82 4
195 146 2
158 90 4
167 72 1
21 37 3
133 16 2
21 114 1
117 106 1
127 71 2
179 23 1
65 100 1
20 148 2
111 105 2
34 63 1
160 3 2
34 14 4
177 163 1
85 170 4
131 182 2
128 164 1
185 171 2
82 62 3
9 164 3
109 187 3
12 184 3
194 96 1
81 90 4
59 132 3
164 92 2
3 83 3
51 112 3
82 56 4
138 195 3
58 164 2
158 163 2
122 138 1
1 189 3
74 143 4
197 70 1
133 88 3
45 60 4
168 123 3
93 154 3
5 100 1
127 110 2
134 9 2
115 100 4
59 170 2
182 196 1
138 20 1
165 89 4
196 133 1
190 136 2
72 95 2
125 60 2
68 135 4
128 169 1
109 128 2
42 186 2
29 99 2
157 67 2
51 12 1
72 46 3
98 158 2
67 25 2
56 198 3
139 174 3
58 137 2
188 44 4
194 28 1
84 185 4
189 158 2
128 179 2
120 32 2
16 89 3
182 191 3
38 180 2
58 14 4
34 41 2
70 26 3
61 78 4
157 43 3
54 152 1
49 59 1
43 117 1
192 74 3
84 190 1
33 190 2
5 45 2
166 94 4
109 96 4
71 61 2
21 140 1
165 137 4
22 15 2
77 107 3
152 178 3
182 62 3
73 35 3
183 151 1
77 61 3
47 120 2
41 193 2
114 193 3
56 137 3
38 52 3
33 0 4
168 86 4
129 181 2
145 5 4
106 43 3
197 90 3
122 45 2
154 118 1
52 78 2
12 6 2
104 162 1
77 156 2
171 135 3
47 149 2
4 131 2
59 53 1
199 3 3
5 156 3
104 56 2
104 76 3
66 92 1
198 173 3
55 71 1
195 105 1
61 96 3
23 55 3
135 172 4
186 192 3
189 36 4
48 10 4
150 90 2
137 189 4
191 161 4
3 46 2
79 96 1
87 78 3
64 142 1
191 130 1
35 157 3
28 82 3
132 123 4
186 153 4
7 43 2
69 12 1
178 75 2
20 76 3
35 68 1
149 155 2
162 159 3
59 159 2
25 92 1
90 138 3
168 78 4
3 188 4
103 55 3
118 100 4
80 21 2
67 94 2
27 35 1
148 1 4
185 155 4
97 145 2
159 75 3
3 197 4
116 48 4
74 156 4
144 74 1
194 139 4
175 140 3
73 55 4
159 173 4
87 184 4
110 184 2
118 1 2
160 25 4
117 1 3
116 89 1
39 77 4
79 52 3
80 170 1
43 78 4
178 12 1
105 123 2
104 107 2
58 75 4
102 56 1
180 150 2
193 119 2
93 53 4
100 79 1
147 113 1
83 179 2
88 180 1
170 189 2
67 42 3
34 31 4
101 197 3
167 147 3
93 187 2
51 133 1
125 122 4
164 34 2
5 194 3
27 116 3
157 4 3
152 23 1
60 67 3
161 113 3
74 36 3
70 41 1
80 58 1
146 101 4
134 143 4
191 187 3
88 167 1
191 142 3
80 36 2
63 117 3
95 5 4
78 134 2
45 14 1
59 187 2
92 103 1
33 106 3
151 189 3
118 90 2
15 55 3
34 192 2
11 78 4
26 60 1
38 192 2
52 191 2
45 93 1
100 101 1
49 196 3
104 166 3
94 145 4
175 77 1
21 13 2
111 73 4
106 92 4
104 133 1
75 74 3
10 138 1
38 96 4
83 30 1
41 156 1
175 149 4
37 150 4
40 64 1
155 36 1
159 116 2
155 195 2
115 166 4
13 57 4
192 79 1
183 116 2
54 97 2
138 170 1
149 142 4
172 23 2
170 199 1
198 184 3
70 75 2
43 66 2
150 151 1
182 78 2
102 72 3
159 103 4
141 174 3
65 111 4
33 144 4
81 101 4
12 192 1
95 11 3
188 129 2
69 40 4
1 162 3
154 90 1
83 139 4
164 178 1
136 100 3
135 17 4
171 114 2
52 99 1
145 138 3
8 126 1
89 23 4
121 2 3
149 160 1
124 53 3
141 49 3
182 103 3
191 183 3
21 30 1
100 143 2
113 87 4
179 64 4
36 136 3
145 73 4
47 169 4
42 110 3
154 169 1
107 160 3
7 13 1
174 182 1
82 69 2
124 45 3
30 155 4
71 163 4
83 127 1
74 73 1
90 28 4
97 82 3
81 63 4
194 76 2
43 169 2
154 156 3
104 196 1
123 94 2
193 126 3
139 191 2
145 120 3
164 4 2
161 20 1
163 54 1
129 195 4
140 149 2
23 26 1
144 57 2
197 139 1
194 84 1
144 195 1
93 70 3
4 24 2
48 165 4
97 155 4
57 123 4
96 94 1
67 38 2
134 135 1
27 80 3
134 167 4
89 129 4
39 198 2
185 145 4
80 75 2
88 136 2
74 120 1
136 0 2
119 130 4
170 156 4
180 42 2
41 84 1
199 0 1
64 87 3
186 117 2
45 168 3
140 130 3
33 107 3
60 108 2
20 18 4
176 28 2
14 199 4
85 189 1
93 13 2
68 147 4
7 24 1
103 78 3
185 68 3
130 90 1
28 84 4
162 182 1
29 18 1
117 75 1
1 14 2
3 8 1
142 7 1
67 108 4
24 136 1
106 162 2
162 77 2
42 15 4
126 172 2
159 64 1
2 156 2
106 28 2
10 71 1
139 70 2
29 185 3
178 19 3
160 167 1
188 56 1
116 12 1
139 52 1
179 120 3
117 118 2
9 59 4
128 24 2
82 74 2
15 91 2
187 178 2
170 168 2
150 91 1
65 161 3
114 36 2
10 82 4
55 92 1
141 18 2
25 176 1
160 170 2
137 141 3
109 139 3
96 39 4
98 28 3
14 39 2
2 100 4
152 7 1
84 136 4
185 3 1
77 65 3
104 126 2
76 129 4
133 89 1
15 44 1
180 31 2
197 157 3
85 169 1
94 86 4
92 35 3
42 95 1
114 174 1
25 72 3
9 156 2
18 14 1
145 90 3
156 104 4
72 66 2
67 101 2
78 49 2
180 120 4
118 93 2
17 29 2
78 65 1
47 65 2
40 109 2
144 67 3
61 179 2
129 64 2
23 186 1
117 127 4
60 145 1
183 149 3
77 102 4
114 160 4
163 196 2
72 195 4
44 99 1
199 105 2
198 194 1
59 55 3
3 162 2
98 112 1
99 107 1
61 85 1
48 126 1
111 114 3
181 161 3
47 143 4
123 103 1
107 57 2
16 141 3
55 117 4
195 150 4
85 52 4
30 109 2
187 102 2
25 0 4
52 114 1
122 41 1
72 162 1
185 78 4
11 111 4
8 192 3
55 44 1
152 142 2
96 157 1
164 157 2
96 196 2
120 175 1
48 58 1
118 146 2
92 166 3
64 3 4
100 113 1
121 159 2
121 71 4
85 160 3
181 146 3
118 111 4
108 191 2
2 136 2
42 193 2
97 58 1
136 97 1
37 164 2
97 176 1
46 68 1
18 143 4
112 192 1
113 103 1
15 199 3
123 108 3
126 37 1
60 100 2
190 172 2
96 76 1
85 86 4
151 72 4
128 191 3
1 193 3
37 91 4
184 115 3
140 44 4
37 105 1
183 34 3
67 128 4
89 53 4
154 128 2
32 159 1
18 117 1
104 106 3
33 184 1
165 109 1
138 51 1
194 132 1
14 143 1
88 187 4
141 171 1
194 121 2
23 162 2
85 117 1
74 50 4
89 196 1
114 199 1
175 10 1
4 105 4
29 106 2
2 69 4
22 193 1
141 71 4
64 126 1
7 105 4
45 67 2
135 154 4
197 110 3
148 97 1
40 136 4
50 117 3
171 59 4
146 9 2
18 22 2
111 17 4
133 20 3
5 120 1
86 69 3
59 188 2
35 85 4
93 139 3
21 132 3
147 128 2
141 172 1
40 175 3
33 114 3
100 43 2
53 185 3
102 198 3
102 134 2
59 129 3
151 186 1
158 133 3
154 175 1
25 151 4
197 162 2
143 15 1
52 94 4
55 76 1
98 91 4
108 44 3
103 141 1
195 109 4
126 51 1
199 58 2
72 148 4
96 167 3
25 121 2
53 98 2
135 162 1
123 119 4
24 122 2
37 136 3
23 116 4
127 27 3
160 75 1
170 10 2
27 145 3
15 86 4
134 68 2
93 138 4
42 92 1
178 67 3
35 196 1
105 15 3
172 169 3
189 125 4
31 4 4
125 154 4
100 164 2
182 156 1
72 163 2
57 23 1
198 13 2
159 36 2
2 196 4
30 27 1
71 113 1
67 88 4
60 148 1
127 128 3
119 150 3
74 15 4
8 111 2
82 5 2
135 84 1
197 8 2
9 23 4
85 125 2
98 127 1
127 137 4
66 137 1
71 17 1
174 69 3
7 163 1
60 155 1
170 89 2
77 52 3
190 87 3
70 148 3
37 15 1
100 128 2
196 106 3
191 2 4
136 80 2
108 144 3
10 164 2
196 121 2
41 130 3
72 116 2
80 159 3
178 112 1
105 87 4
84 78 3
37 173 4
54 22 4
25 158 4
152 76 2
42 198 1
83 184 4
4 33 3
143 80 2
8 103 2
67 56 3
199 133 4
19 146 4
182 149 1
11 58 1
184 140 1
123 149 2
97 66 1
120 7 3
141 65 4
182 23 2
184 93 4
48 86 2
120 20 3
195 179 1
183 136 3
199 172 2
198 196 2
34 160 3
199 188 4
196 169 4
48 144 3
143 76 3
152 121 3
139 115 4
174 162 3
173 18 3
51 13 3
61 149 4
111 92 2
127 46 2
63 66 1
190 95 2
138 117 4
199 86 1
126 43 4
172 28 2
66 58 4
168 6 2
150 64 1
110 119 4
18 184 3
0 95 1
25 85 1
110 123 2
127 39 3
116 111 2
69 167 4
192 103 1
64 74 3
18 21 1
150 4 2
100 55 2
104 79 2
117 191 4
173 17 3
75 116 1
3 78 3
39 20 4
41 91 2
197 129 3
69 77 2
126 9 1
25 178 4
171 173 1
186 66 1
3 23 2
180 122 2
90 68 3
85 5 4
9 109 3
119 91 3
124 151 3
10 167 4
91 139 3
51 196 3
171 119 4
72 64 3
70 4 3
21 83 3
183 111 2
43 144 2
116 168 4
39 30 3
104 154 4
17 155 4
133 151 1
4 144 2
145 198 2
39 95 4
6 50 4
15 99 4
96 179 3
155 39 2
193 55 4
51 162 4
82 166 1
64 137 3
112 44 2
21 78 2
139 90 4
63 69 1
58 62 2
53 145 1
113 95 4
45 166 4
29 124 4
19 172 4
182 22 3
148 46 2
84 167 1
22 28 2
10 85 3
59 37 1
190 133 4
35 109 4
125 19 3
51 54 3
84 111 3
100 110 4
163 64 2
194 65 3
165 176 3
193 186 1
59 178 4
54 60 4
52 100 1
104 195 2
176 141 1
116 98 3
197 149 3
197 50 2
31 157 1
150 28 3
163 189 3
21 44 4
187 18 4
156 85 4
134 111 4
132 141 2
37 53 3
57 39 3
104 169 2
167 77 1
186 29 1
179 136 3
151 142 4
40 65 3
64 177 1
9 18 1
123 192 4
141 107 1
110 193 2
41 64 4
84 42 1
196 72 1
166 144 3
189 190 1
116 121 4
111 191 3
46 100 2
33 53 1
104 47 3
96 108 2
166 105 2
184 132 4
182 134 3
85 154 1
128 49 1
26 196 4
22 67 1
66 173 3
195 97 4
113 96 1
16 45 1
87 25 3
174 85 1
95 76 2
19 154 4
147 29 3
136 128 4
1 57 3
166 127 4
181 122 1
85 175 2
60 141 3
130 93 1
165 23 4
171 115 2
177 108 2
141 122 3
86 50 1
197 42 2
165 73 3
174 63 1
162 84 4
136 64 3
1 112 3
178 114 4
189 76 2
30 142 1
165 192 4
166 183 1
61 121 2
169 109 1
185 186 3
171 66 1
181 87 2
189 92 1
194 106 2
81 64 4
93 110 1
32 138 4
166 17 2
146 88 3
48 69 2
92 41 4
70 112 3
167 177 2
140 145 3
144 94 2
159 186 1
65 104 3
72 171 4
85 44 1
60 14 3
37 63 2
59 70 1
20 29 4
144 171 2
108 184 1
42 61 4
76 12 3
81 57 2
55 122 2
103 107 4
126 10 1
144 194 4
177 97 4
7 159 2
103 48 1
120 136 2
153 197 4
132 55 3
167 140 4
183 19 1
95 158 2
55 54 2
24 56 4
173 161 4
6 69 4
142 106 2
166 77 4
20 11 4
18 35 4
123 109 1
82 19 1
21 190 2
8 87 1
145 36 2
189 26 1
180 57 4
30 126 4
33 6 2
27 66 1
79 40 2
128 62 1
196 105 2
51 95 2
60 40 2
179 91 1
168 138 3
139 100 2
134 197 4
107 82 2
52 73 3
3 72 1
86 57 2
59 131 4
122 39 4
2 7 1
164 182 3
43 107 3
37 0 3
159 131 4
132 115 2
26 42 1
158 35 4
32 42 3
98 110 3
72 49 1
42 9 4
96 95 3
31 57 1
179 56 4
53 172 3
196 161 2
153 7 2
32 132 3
114 165 3
66 107 1
156 64 2
6 143 1
114 119 2
128 117 2
2 13 4
9 3 2
6 198 4
16 100 4
59 20 1
63 139 2
77 23 2
53 36 1
45 19 1
90 78 2
128 71 4
174 143 3
39 84 2
136 131 1
60 12 1
145 136 3
44 191 3
116 145 1
139 165 2
10 55 4
144 68 4
117 152 4
199 79 3
100 135 1
134 168 4
138 7 3
172 184 4
109 179 1
26 137 1
27 102 1
190 198 2
118 55 2
98 147 1
25 109 3
121 29 1
160 52 4
196 66 2
170 66 2
171 99 3
48 130 1
187 144 3
107 106 3
107 10 2
162 25 3
151 140 4
65 54 4
98 88 2
105 22 4
117 172 4
183 177 3
82 143 2
193 91 2
169 150 2
178 31 3
107 186 3
31 174 1
109 132 2
118 79 4
116 174 2
144 140 1
190 117 2
84 147 4
197 12 2
136 31 1
153 12 4
4 111 1
14 189 3
162 164 1
133 176 3
90 173 2
80 2 1
106 59 1
113 125 2
23 86 1
6 105 4
21 124 2
128 98 4
10 60 4
105 159 3
3 38 1
55 47 1
136 192 3
66 11 3
189 25 2
31 44 3
118 136 3
86 137 2
48 175 4
42 192 2
35 144 4
171 178 3
52 81 4
89 102 4
156 6 1
166 150 3
109 150 4
7 145 1
20 46 3
139 49 4
67 192 1
54 39 1
176 154 1
190 49 2
20 125 4
143 191 1
153 34 1
130 62 1
148 65 3
168 65 3
41 128 1
95 153 2
157 97 3
156 153 2
106 197 2
180 147 3
173 81 1
118 51 3
80 43 4
193 32 2
50 32 1
80 120 4
23 29 3
88 123 3
151 198 4
32 12 4
153 46 3
95 172 2
22 198 4
58 154 2
70 159 3
93 80 4
106 184 3
88 13 3
9 101 2
131 13 1
94 113 1
151 139 2
191 198 2
170 190 3
182 83 2
35 16 4
85 193 1
109 6 1
0 13 2
163 13 3
185 70 1
187 14 2
50 82 3
146 51 3
127 85 2
164 84 3
139 117 1
169 27 3
54 173 4
21 42 4
66 133 1
20 28 4
164 3 2
159 132 2
89 155 1
39 73 2
72 30 4
180 113 3
159 112 1
94 163 2
156 99 3
82 43 3
18 42 1
49 110 1
164 179 2
108 119 3
136 191 2
29 64 4
51 87 3
51 40 1
36 11 2
111 190 3
123 127 3
54 182 4
121 184 1
95 166 2
181 173 2
4 139 3
48 113 2
1 62 1
144 118 3
33 116 3
85 27 1
2 73 1
117 86 1
13 122 3
110 63 2
14 123 4
18 65 3
56 150 3
168 75 2
70 31 4
190 135 4
149 64 2
23 171 1
121 57 1
171 48 3
189 64 1
132 113 3
76 48 2
161 8 3
67 185 3
21 52 3
108 189 4
4 114 2
169 187 1
149 198 3
130 20 3
195 128 2
156 15 3
130 60 1
33 71 1
11 48 3
128 2 4
86 122 3
168 69 1
186 125 3
188 11 4
179 112 3
74 31 2
157 109 2
46 168 4
35 119 1
5 181 4
187 126 3
177 188 4
22 80 4
133 5 2
164 11 4
171 40 3
153 120 2
88 94 2
75 78 2
170 2 3
163 52 4
62 125 4
136 127 1
8 137 2
183 75 4
98 55 2
12 58 2
113 22 2
36 91 4
77 128 1
33 163 3
38 18 3
62 46 1
30 172 4
123 197 1
89 113 4
119 52 3
198 108 2
75 13 2
97 175 4
5 78 2
165 149 4
59 30 2
14 179 1
197 59 2
163 18 1
194 3 3
142 56 4
191 22 2
25 71 2
101 25 1
170 12 4
35 146 1
25 39 3
22 83 4
55 66 2
72 114 4
25 114 4
63 180 1
156 133 4
19 151 1
189 9 1
106 64 4
77 67 2
11 102 3
131 75 3
140 63 3
187 137 3
63 116 4
40 174 3
147 7 2
148 90 2
82 134 4
109 104 1
29 166 3
117 163 4
184 180 4
189 66 1
161 40 3
96 165 3
5 163 4
24 138 4
195 15 3
36 172 4
99 2 1
148 99 2
194 192 3
123 46 2
112 49 4
42 107 1
124 150 4
110 39 4
22 121 4
42 116 3
108 69 1
124 135 3
16 129 1
143 81 2
101 115 2
135 158 1
169 144 3
38 28 3
148 41 2
48 154 3
44 125 3
38 167 2
47 147 3
96 191 4
29 27 4
143 188 3
152 43 2
184 42 4
106 127 3
61 47 4
196 78 4
0 170 4
1 41 3
156 186 2
46 192 3
42 174 3
93 196 4
90 34 3
115 5 4
182 195 4
13 150 3
152 72 4
130 16 1
181 197 2
20 37 4
61 22 4
112 63 4
148 0 3
107 148 4
114 43 3
19 175 2
25 20 1
30 13 4
30 42 2
150 161 1
62 187 4
104 101 2
53 84 4
59 103 1
147 135 2
93 112 3
123 155 3
92 60 4
179 163 3
93 182 3
146 194 1
160 50 1
30 148 4
80 60 3
52 63 1
81 130 4
106 55 2
20 21 4
65 32 3
11 29 3
6 110 1
141 124 3
71 126 3
81 78 3
48 61 3
185 24 2
35 177 2
49 99 4
190 82 4
168 30 2
137 95 4
116 35 1
54 199 1
2 20 1
61 156 1
81 34 3
168 144 4
88 10 4
105 107 1
119 101 2
77 159 3
39 70 1
147 42 2
113 140 4
108 30 4
135 87 2
164 180 1
159 30 4
17 10 1
84 143 2
66 52 4
191 5 1
25 171 1
61 0 1
80 83 4
39 116 3
94 63 3
92 137 1
102 23 4
93 100 2
106 13 4
19 15 4
76 6 4
38 138 1
82 145 4
111 101 1
33 26 4
120 67 4
53 137 2
58 139 3
64 165 4
38 177 3
105 119 4
103 62 3
159 172 1
78 67 1
10 70 1
83 126 2
97 99 3
77 31 4
100 18 2
65 190 4
1 31 4
153 187 3
38 15 3
134 20 4
163 92 1
199 34 3
179 38 4
110 54 4
39 41 4
128 101 4
142 12 1
108 6 4
199 92 2
169 193 1
109 58 1
48 106 2
181 143 2
81 45 4
18 85 2
73 164 1
23 164 2
19 42 1
111 42 1
18 30 1
28 154 1
120 118 1
97 46 4
134 126 3
28 115 1
145 178 4
169 124 4
106 72 4
33 47 1
88 73 4
115 83 3
77 181 1
28 80 3
152 124 4
4 171 1
186 148 1
37 121 3
35 49 1
184 3 4
84 181 4
22 69 2
129 137 1
163 106 2
154 151 2
66 187 4
71 168 3
1 53 2
71 5 1
188 151 3
167 165 2
126 133 3
52 181 4
152 153 2
63 164 3
81 32 4
157 192 4
89 137 1
183 69 2
97 75 4
89 25 2
45 86 4
116 9 4
75 6 2
142 175 3
108 32 3
77 96 1
187 45 1
185 51 2
195 6 2
89 140 1
159 91 1
162 14 4
7 131 4
21 85 3
185 124 1
120 124 2
60 3 3
39 33 1
118 158 2
146 37 1
140 186 3
135 81 4
101 28 2
166 69 2
132 18 3
178 76 4
105 29 1
126 40 2
179 115 1
117 27 1
141 114 1
115 118 3
45 69 3
188 183 1
17 36 4
91 11 3
58 173 2
139 124 3
122 197 1
124 93 4
108 64 3
163 27 1
121 94 3
82 137 1
137 17 2
41 107 2
128 85 4
170 133 2
124 195 4
48 81 4
15 180 4
35 189 3
164 133 4
49 61 1
109 191 2
20 108 4
196 128 3
5 137 1
0 179 3
146 112 3
71 189 4
133 185 1
27 160 3
27 70 3
21 75 2
140 165 3
166 20 2
74 19 2
76 35 2
41 116 2
128 176 3
135 106 1
78 175 3
67 39 3
148 121 3
144 190 1
106 157 4
196 143 3
47 135 1
48 101 2
73 20 3
28 29 1
132 45 1
109 112 3
40 131 3
115 85 3
47 172 3
38 85 1
129 7 2
98 78 2
139 85 2
167 0 1
70 128 4
145 79 1
57 122 3
141 97 2
15 71 4
58 122 3
65 164 2
52 141 4
32 111 2
13 112 4
141 138 3
5 80 3
152 139 3
64 162 4
123 160 4
7 30 4
12 44 3
173 42 2
77 54 1
198 116 4
68 40 4
154 96 2
4 136 3
123 19 2
50 128 3
187 165 1
130 148 3
40 43 3
72 103 2
21 182 4
32 20 3
193 190 1
9 174 2
182 127 3
135 114 3
128 146 3
55 148 4
138 48 3
23 42 3
93 141 2
154 7 2
51 189 1
175 36 3
120 134 4
30 197 2
167 36 3
82 9 1
191 68 3
159 174 4
39 56 3
64 67 1
165 174 4
10 32 2
125 66 1
41 110 1
90 123 4
135 149 3
135 121 1
26 8 4
113 156 1
32 180 3
57 108 3
23 126 2
81 120 4
83 77 4
15 168 3
162 102 2
149 22 4
108 13 2
144 153 3
177 94 1
167 193 4
103 101 1
118 129 3
1 15 4
2 125 4
184 188 3
17 59 2
2 68 1
112 157 2
43 128 2
87 43 2
153 41 1
93 143 1
16 167 2
114 41 1
130 45 2
66 101 3
13 152 2
129 9 3
97 53 3
36 128 3
188 192 3
99 179 1
118 186 4
95 187 3
139 142 3
193 145 1
161 114 4
121 160 1
84 102 1
135 127 4
175 73 4
51 60 4
7 108 2
143 127 2
184 20 4
93 47 1
46 180 4
89 65 4
190 16 4
121 127 4
109 155 3
21 136 2
67 114 3
8 36 3
142 141 2
136 152 3
73 32 4
48 152 2
174 118 1
108 40 2
8 115 1
134 104 4
117 17 3
64 168 3
124 73 1
165 135 1
26 130 4
81 79 2
158 65 4
157 166 3
190 183 1
191 39 2
53 5 1
122 134 1
6 163 3
35 10 4
167 189 1
102 194 1
70 55 1
177 91 4
169 190 2
182 48 3
190 37 3
144 170 2
92 159 3
27 111 1
56 107 3
174 73 4
174 50 2
32 64 1
106 62 4
190 157 2
131 118 1
21 66 1
188 43 2
97 85 4
183 199 2
126 22 3
150 198 1
86 21 4
65 117 4
147 6 1
101 151 2
62 64 3
9 165 4
187 183 3
46 98 4
82 153 3
57 54 4
17 31 1
67 36 3
71 1 4
32 71 2
31 196 3
170 60 2
52 15 2
72 159 2
24 121 2
20 176 1
55 30 4
75 53 2
67 145 4
25 134 3
183 84 1
79 171 1
71 109 4
18 44 2
103 109 4
35 104 1
183 83 1
148 48 2
30 3 3
24 144 1
19 84 3
62 151 1
118 164 4
21 46 1
191 141 2
118 36 1
152 133 3
164 153 1
117 192 1
42 65 4
36 163 1
85 130 2
166 46 1
136 8 4
194 34 3
84 33 3
123 15 1
64 198 2
127 109 1
36 132 1
107 138 4
107 108 3
92 155 4
149 43 2
180 70 4
33 108 4
46 41 3
30 54 1
13 147 1
80 47 4
197 5 2
29 38 1
69 80 1
42 90 2
57 5 4
187 98 2
159 86 4
114 166 1
174 106 4
194 51 1
72 32 4
7 57 1
45 41 2
138 192 2
131 158 4
16 192 2
21 113 4
179 138 3
178 92 4
99 197 3
179 62 2
2 61 3
145 88 2
127 4 3
152 29 2
47 29 2
2 1 1
158 198 1
98 20 3
71 86 4
111 34 2
177 137 2
15 17 1
78 172 1
3 163 4
123 35 2
76 175 3
132 52 1
94 171 3
44 50 2
140 147 1
8 90 2
124 35 4
87 58 3
107 147 2
103 167 1
100 3 4
36 119 3
136 137 4
1 82 2
57 79 1
43 13 2
189 17 2
91 71 4
26 110 1
158 57 4
70 74 4
58 171 1
69 190 4
151 129 2
64 39 1
25 51 4
95 164 2
91 47 1
106 10 2
107 132 2
162 187 4
72 35 1
62 192 4
80 90 3
117 32 2
78 93 3
31 9 4
21 59 4
64 93 2
9 74 2
40 3 3
110 16 4
158 60 1
164 184 2
159 171 4
187 33 4
81 88 1
91 81 2
50 87 1
94 20 4
80 139 3
42 63 2
165 26 4
45 53 2
166 96 3
30 190 4
27 50 2
151 141 4
110 167 2
122 72 3
156 72 4
8 52 2
35 97 3
114 23 2
90 13 1
146 72 2
18 199 4
185 149 4
157 49 2
175 113 3
104 45 2
3 29 3
146 110 3
116 120 4
83 90 4
169 68 3
199 112 4
185 123 3
163 108 2
52 174 3
95 193 2
131 2 2
29 175 4
168 185 4
115 128 2
138 190 1
120 155 1
29 31 1
148 122 1
170 96 1
127 104 3
12 148 3
77 92 4
86 162 4
149 73 1
184 78 3
189 109 2
134 196 4
190 99 3
51 111 1
82 174 4
65 86 3
78 115 1
123 133 4
27 175 1
27 107 2
181 130 4
64 173 4
191 32 4
51 179 1
118 70 1
11 195 2
165 110 3
158 140 4
73 24 2
183 144 1
112 177 3
32 61 1
88 148 2
71 108 3
17 116 2
62 22 2
12 191 3
67 10 4
24 64 3
83 158 3
197 191 1
64 110 2
25 27 1
149 99 2
82 155 1
137 62 3
54 171 3
170 106 2
19 35 3
2 78 3
2 32 4
34 40 2
1 165 1
181 76 2
35 172 4
143 44 1
181 13 1
2 92 4
178 126 1
195 171 2
1 114 3
169 188 3
157 51 1
110 27 4
178 85 2
124 106 2
59 100 4
73 51 3
150 52 4
5 166 1
1 158 1
140 11 4
23 153 3
51 19 1
159 11 2
152 78 1
136 45 1
50 41 3
79 65 2
34 106 2
150 187 1
51 67 2
113 120 2
134 125 3
167 9 3
165 94 3
187 106 4
163 30 3
170 142 1
36 161 4
58 169 1
76 40 3
80 95 4
154 47 3
125 24 4
20 110 3
140 13 3
56 148 4
20 91 4
84 16 3
21 155 3
16 144 4
35 11 3
194 169 3
113 128 3
75 104 1
158 33 3
106 6 1
58 166 1
68 45 2
197 117 2
199 76 3
33 55 2
28 104 1
82 198 4
11 97 2
192 164 3
84 107 1
175 6 2
160 124 2
195 86 4
90 196 1
45 188 1
48 21 2
19 180 2
51 190 2
197 84 4
26 64 2
102 76 1
158 69 3
126 118 1
16 152 4
38 91 3
169 49 4
45 181 1
114 32 3
56 50 2
142 82 1
61 125 1
8 7 3
171 28 1
170 88 3
116 2 1
97 77 4
13 68 2
55 16 4
50 64 1
115 168 1
160 161 1
47 70 4
134 38 3
126 155 2
62 87 1
1 39 3
3 17 1
126 113 1
93 68 1
180 195 1
163 149 3
76 15 3
147 101 3
32 99 4
21 180 4
162 15 4
185 161 2
112 39 3
16 91 1
96 68 3
116 162 2
44 172 2
135 3 2
20 153 1
169 6 4
170 110 4
160 84 3
95 99 3
147 104 4
95 21 4
134 161 1
105 164 1
20 63 3
157 50 1
16 0 2
181 175 4
106 183 3
129 100 3
15 9 3
172 43 1
71 40 1
121 99 4
195 87 1
197 1 3
83 143 3
102 47 3
117 166 4
80 165 3
81 139 2
52 125 2
16 154 3
183 174 3
140 194 3
9 44 1
63 113 1
41 145 2
176 0 3
75 105 1
176 161 4
71 79 4
70 82 2
195 22 1
125 30 4
146 92 4
186 161 4
178 99 4
101 43 4
20 149 4
104 24 2
52 189 1
140 96 2
154 38 3
180 183 4
187 42 3
136 44 4
94 169 2
124 46 4
79 92 4
158 125 3
139 162 3
127 193 1
120 23 4
133 112 3
97 90 4
56 117 3
10 150 3
107 118 3
74 135 2
145 119 3
0 169 3
147 194 3
37 34 1
91 93 4
156 123 1
2 31 2
106 141 4
90 144 2
145 15 4
114 35 3
83 46 3
193 183 1
135 199 3
66 163 4
45 96 1
172 64 4
142 10 2
152 103 3
127 68 2
132 70 4
196 47 3
133 36 2
52 130 1
85 41 2
82 105 4
87 179 2
11 51 3
130 156 4
182 31 4
121 114 4
170 174 3
123 96 2
75 126 1
164 150 4
198 57 2
76 62 2
113 0 1
158 85 2
187 53 4
76 153 4
26 126 1
114 77 3
48 102 1
87 77 4
98 153 1
1 83 3
8 34 1
63 133 4
199 78 2
68 31 1
138 130 3
46 75 2
142 4 1
15 104 1
33 159 4
143 86 1
43 67 4
90 11 1
194 111 4
50 162 3
146 86 3
86 116 4
64 191 3
37 12 3
140 36 4
1 97 2
9 34 3
112 104 4
172 75 3
179 60 2
44 14 3
163 17 2
50 188 2
114 198 3
89 168 2
48 38 4
87 49 2
128 75 3
160 99 1
108 55 3
77 120 4
181 156 3
73 85 4
2 137 3
148 168 4
166 60 1
108 109 3
164 136 2
120 86 2
104 9 3
192 116 2
45 7 1
101 109 4
44 115 4
130 142 2
187 52 1
59 57 4
168 53 2
23 44 4
113 97 1
65 52 2
94 122 1
150 183 3
120 58 4
43 156 3
52 11 1
95 123 2
87 198 3
111 145 3
11 146 3
74 52 2
23 119 3
118 132 3
54 43 1
11 73 1
49 185 3
168 35 1
96 164 4
55 123 3
20 102 1
128 177 3
184 104 4
101 196 2
44 3 3
22 123 1
77 178 2
51 96 4
77 163 1
147 176 4
54 48 2
166 134 1
123 189 2
108 49 4
91 101 2
113 98 3
95 61 4
118 31 3
51 29 4
47 191 3
34 134 2
6 67 3
15 131 4
137 130 3
30 45 4
152 5 2
34 157 2
184 72 1
94 31 4
120 164 2
53 34 1
120 56 3
144 138 2
52 72 4
101 7 2
50 11 1
87 98 1
141 157 4
42 93 4
149 10 2
165 85 3
131 32 4
39 125 2
83 144 4
105 77 4
130 114 3
36 52 1
19 93 3
187 87 4
10 111 1
126 185 4
11 45 3
45 139 3
14 9 4
102 67 1
115 146 1
11 137 3
62 7 1
94 111 1
42 100 1
33 90 3
120 147 2
11 63 4
56 27 1
84 173 3
12 13 3
171 103 3
153 174 1
23 189 2
171 154 2
130 161 1
25 16 1
127 157 3
132 72 1
173 132 4
152 120 3
21 77 4
151 166 3
130 134 2
131 164 1
16 59 3
99 184 2
129 144 2
125 149 3
62 197 2
80 158 2
36 116 4
150 163 2
187 107 1
64 175 3
146 33 2
91 65 1
147 16 3
117 16 3
78 101 4
87 121 4
123 153 1
96 134 1
171 68 3
63 1 3
153 51 2
34 147 3
25 139 2
69 55 3
16 33 1
3 128 1
127 148 1
8 59 4
30 133 1
93 132 4
36 79 2
103 128 4
38 23 2
148 109 1
123 52 3
24 152 4
81 162 2
96 101 3
160 179 1
114 107 4
62 198 3
48 194 4
74 153 2
108 11 1
5 124 4
119 48 2
21 50 3
198 143 2
86 123 1
71 152 1
27 26 1
199 174 3
129 110 4
137 67 3
15 191 1
89 189 2
76 49 1
53 32 4
109 114 3
161 101 3
169 11 4
63 161 2
151 63 1
49 3 1
111 186 3
155 51 3
120 29 2
83 154 2
27 156 1
21 88 4
64 161 4
144 196 3
190 105 1
20 182 2
192 60 3
64 70 1
26 19 4
136 125 1
146 185 3
182 61 4
127 175 2
175 145 2
193 160 3
155 110 3
141 88 3
152 8 3
0 147 4
47 133 2
140 163 2
163 40 1
107 159 4
162 85 2
91 14 3
94 125 4
0 123 2
133 17 1
148 164 3
63 8 1
179 19 3
71 98 4
99 34 1
158 171 2
143 91 4
17 192 4
169 97 4
4 98 1
93 62 3
25 108 1
112 102 3
70 161 1
61 118 4
155 136 3
138 68 2
29 2 2
56 135 2
105 116 2
149 161 2
5 164 4
62 162 1
188 118 1
160 122 1
116 161 2
124 196 3
57 6 1
158 46 1
85 78 2
190 24 2
124 162 4
131 43 3
139 60 4
60 193 2
74 127 4
190 137 4
184 37 4
156 142 4
174 168 1
110 178 2
27 186 4
180 54 2
152 149 3
176 86 4
15 160 3
108 50 1
115 103 4
180 109 2
60 171 2
89 77 3
5 141 1
43 49 1
76 52 3
2 34 2
17 164 1
87 72 2
1 11 4
104 199 3
174 163 1
114 195 3
73 147 1
113 30 3
110 174 2
129 39 4
149 26 2
85 180 4
55 184 1
193 57 2
142 100 3
195 168 2
174 0 2
167 11 4
99 50 3
96 16 4
111 196 4
72 138 4
105 12 2
32 57 4
97 142 1
69 131 4
49 98 1
72 198 3
180 124 1
103 168 2
140 81 3
27 172 3
146 135 1
88 80 1
55 6 2
199 46 4
180 45 2
64 20 3
91 199 1
151 118 2
128 96 1
114 74 1
101 57 1
156 86 2
125 96 4
120 139 4
101 19 2
191 80 4
197 104 2
23 163 1
24 67 4
18 62 2
158 81 3
58 17 3
78 0 2
28 108 4
87 169 4
102 132 1
96 40 3
180 39 3
190 194 2
140 153 1
194 66 4
112 97 4
101 21 2
61 158 3
13 123 4
34 143 3
180 51 2
6 54 1
2 186 1
55 133 1
5 91 1
104 84 4
41 133 2
18 51 4
184 82 3
78 97 2
65 122 2
74 87 2
16 175 2
103 33 3
9 142 1
63 44 2
32 87 4
188 6 1
171 104 2
17 73 3
54 150 2
175 146 1
36 81 4
72 40 1
193 16 1
126 168 4
121 156 3
171 146 4
199 143 3
52 98 1
3 98 2
94 179 1
155 145 3
92 31 1
28 53 3
185 178 3
31 43 2
145 8 1
129 62 3
178 116 4
193 98 2
159 140 4
197 192 3
95 139 2
82 31 1
78 154 2
93 30 2
131 62 1
173 36 4
136 79 1
21 158 3
198 175 4
123 180 4
142 62 2
179 28 1
45 162 1
39 158 4
67 87 2
165 81 4
186 100 2
198 127 3
40 45 4
174 189 1
7 94 2
22 1 1
149 18 4
184 69 1
115 36 3
53 101 3
113 23 3
199 45 2
197 15 1
99 54 1
12 158 1
166 132 3
54 47 3
142 61 1
86 62 2
121 79 1
71 28 3
130 107 3
93 81 3
188 187 4
93 146 4
193 174 3
137 70 3
191 82 3
164 68 3
30 76 1
22 40 1
132 44 1
14 68 1
144 73 3
94 74 1
140 52 3
178 79 1
111 132 3
102 69 2
15 0 1
195 181 2
191 115 4
118 181 2
149 105 2
149 108 3
108 115 1
167 35 4
6 103 3
90 79 2
46 65 4
120 52 3
123 195 3
46 81 2
76 132 1
189 2 2
121 58 3
117 31 4
100 190 2
107 4 4
10 178 1
97 25 2
92 135 1
110 50 4
174 132 4
127 25 1
156 60 2
152 187 3
85 7 3
193 29 3
9 75 3
178 109 1
7 60 2
105 114 3
155 159 3
155 79 4
163 78 3
30 50 2
66 105 3
54 96 3
19 136 1
7 111 4
39 76 4
63 2 3
65 11 3
67 186 1
145 1 2
25 126 1
9 2 1
1 80 4
111 70 3
129 54 2
56 103 3
74 78 4
59 67 1
25 123 1
130 96 2
158 3 4
40 103 1
129 92 4
180 60 3
60 97 1
107 80 1
28 166 4
53 49 2
28 178 2
152 88 2
79 175 3
83 45 4
188 8 1
103 29 4
34 174 2
86 136 4
11 196 2
163 83 4
116 150 2
99 19 3
86 39 2
184 155 1
56 145 1
102 109 1
111 9 4
67 198 1
132 160 2
195 125 3
91 113 4
104 6 1
170 150 2
106 119 1
4 148 3
141 133 4
130 100 3
38 66 2
102 63 1
136 123 1
28 119 3
20 69 1
38 108 1
140 12 4
41 151 2
56 22 3
131 115 2
189 177 4
189 33 2
193 25 2
0 194 4
106 112 4
25 81 1
80 70 3
3 27 2
69 149 2
7 79 4
139 193 3
4 100 2
51 144 4
59 89 3
3 12 4
151 50 3
134 170 1
194 136 4
164 114 3
29 74 3
100 35 4
195 98 4
191 160 2
32 176 2
192 33 1
74 184 4
150 115 2
70 189 4
121 109 2
7 171 2
32 185 4
86 63 1
168 18 2
181 141 4
114 29 3
3 99 4
61 140 4
59 135 1
135 191 2
58 162 1
133 11 2
171 56 1
20 163 2
54 154 1
180 62 3
196 147 4
4 133 2
33 105 4
29 148 4
108 88 1
36 129 1
172 129 1
170 118 2
125 81 2
88 87 1
67 121 3
1 134 1
192 65 2
79 85 1
89 186 4
68 4 1
141 1 2
58 4 1
93 74 2
168 189 4
27 96 2
132 65 2
46 160 4
46 11 4
184 194 3
5 173 4
42 82 3
139 55 1
103 0 2
38 65 3
64 53 2
9 38 4
76 60 1
90 136 1
39 115 2
84 59 1
32 143 2
181 113 1
81 187 2
93 123 2
7 78 4
121 107 3
75 133 3
44 149 3
75 2 3
58 174 1
127 69 3
113 24 3
115 2 2
57 24 2
28 153 4
180 138 2
158 47 1
5 174 3
162 55 1
146 109 1
27 17 3
170 176 3
136 158 3
20 171 4
82 92 2
152 79 4
28 129 3
164 143 3
107 119 2
142 146 2
84 186 1
50 192 3
136 184 1
92 49 1
196 146 2
188 51 1
84 3 2
142 1 1
137 18 1
140 129 4
49 38 3
77 70 3
146 90 1
195 157 1
170 184 1
36 39 1
21 151 2
103 98 2
101 177 2
114 54 2
19 194 3
103 157 4
193 188 1
159 189 3
16 157 3
76 13 2
190 173 1
141 152 4
45 46 1
90 190 1
96 89 1
115 75 1
187 41 3
139 15 2
52 171 4
13 18 4
67 164 2
100 62 2
169 76 2
25 79 2
40 101 1
25 14 3
112 0 2
141 198 1
66 47 1
116 78 2
40 57 2
161 54 3
32 129 3
18 32 3
76 161 2
135 80 2
123 76 1
130 72 1
40 13 1
185 8 3
124 158 2
153 45 4
57 150 4
52 56 4
53 79 2
104 145 4
82 46 4
95 20 1
91 51 3
73 136 4
132 12 4
32 17 3
132 163 2
183 186 3
107 198 1
25 12 2
193 44 3
47 167 1
25 115 1
144 34 4
181 150 1
107 189 3
67 99 1
73 185 2
125 117 3
172 50 3
155 81 3
91 95 4
163 109 3
94 155 1
64 107 4
93 103 3
18 197 2
166 137 4
12 94 1
133 110 2
45 95 3
137 103 2
165 62 1
187 90 1
179 93 2
51 69 4
93 174 2
74 25 3
138 199 3
171 108 4
102 177 2
82 57 3
136 22 4
21 123 2
15 29 2
172 183 3
20 19 2
35 67 1
114 31 3
148 175 2
75 60 2
88 190 2
189 161 1
190 134 1
147 99 1
44 80 2
114 136 1
116 144 3
61 104 4
167 13 4
178 26 1
17 193 4
133 12 3
131 82 3
87 117 1
0 41 3
68 79 2
16 88 4
72 12 4
36 111 1
79 83 2
148 196 4
128 1 2
165 180 4
149 24 3
65 169 1
93 95 2
130 49 1
1 73 3
62 105 4
48 188 4
172 70 4
173 77 2
117 165 1
153 68 2
35 101 2
184 183 1
122 146 3
8 66 3
129 170 1
96 133 4
126 132 3
52 199 1
127 55 4
162 160 4
15 53 2
70 141 2
122 23 1
68 75 2
115 148 4
168 33 1
90 65 2
25 150 2
2 195 3
195 76 3
191 91 4
117 104 2
74 177 4
29 62 1
140 134 1
101 3 3
58 42 2
140 86 3
157 99 4
33 179 2
108 156 2
14 165 2
169 69 3
171 102 2
75 18 4
77 124 3
152 36 2
26 104 3
55 173 2
120 84 2
181 20 2
43 159 1
42 34 4
88 68 2
20 185 3
103 198 3
68 0 4
122 182 4
75 0 3
88 107 2
157 139 2
94 147 2
198 132 1
127 180 3
35 191 1
42 39 1
155 22 1
52 1 1
25 98 1
46 37 2
32 47 3
99 73 1
115 164 3
183 82 1
110 80 3
17 22 2
111 56 1
53 177 3
26 150 2
91 196 2
161 178 1
144 103 2
190 42 4
108 39 4
10 91 1
158 102 4
186 41 2
111 59 1
7 158 3
4 159 2
122 118 3
131 89 2
13 194 1
89 69 1
79 98 1
64 125 2
69 155 4
29 115 1
80 30 4
13 128 1
95 145 3
75 162 4
102 169 4
173 109 1
105 51 1
1 150 1
155 86 3
148 40 4
179 48 2
25 34 3
49 142 4
34 94 4
148 42 4
36 102 1
190 199 4
109 68 1
104 2 1
2 144 3
35 198 3
32 43 4
73 191 3
140 98 4
36 144 1
40 194 4
17 45 4
84 90 1
181 44 3
113 28 2
39 62 3
40 58 4
84 24 4
51 48 2
4 21 3
84 114 3
120 88 2
128 46 3
85 26 2
127 78 3
17 181 1
117 59 4
40 78 4
72 110 3
56 79 4
152 155 3
94 199 4
189 110 1
104 58 4
197 150 1
96 31 3
150 135 4
137 195 1
192 20 4
83 166 2
36 108 1
142 179 1
63 83 1
175 22 4
196 175 1
129 119 1
185 41 2
31 5 3
142 33 1
52 105 1
188 178 3
193 14 4
94 114 2
197 199 1
86 12 1
20 107 3
4 138 3
158 66 3
93 27 4
81 30 1
15 11 2
176 159 4
110 66 4
125 192 4
152 111 4
167 92 1
75 52 3
80 130 3
136 30 3
115 11 1
30 46 4
35 181 1
47 178 3
144 199 3
158 53 3
25 22 4
119 86 4
74 118 1
102 86 2
53 160 4
47 52 1
21 198 4
150 117 1
14 124 3
110 179 2
131 149 1
13 42 2
8 123 1
123 17 4
124 133 1
197 126 3
160 110 2
55 50 4
144 80 4
158 137 4
149 86 2
187 23 3
117 74 4
112 135 1
167 4 3
144 54 2
167 99 3
97 187 3
171 41 2
118 140 3
96 0 4
143 45 2
136 166 3
1 101 4
105 31 4
85 155 3
107 97 4
187 10 3
137 123 1
1 103 3
61 55 3
130 104 3
141 6 1
146 188 3
28 30 3
79 94 4
91 85 2
23 41 2
197 80 2
29 70 1
31 110 4
136 70 1
39 2 1
178 20 1
134 147 1
17 148 1
94 4 3
68 47 1
131 77 3
123 146 2
1 98 1
173 133 4
102 115 4
39 126 3
197 198 4
172 13 2
102 184 2
49 140 2
120 100 3
140 196 1
113 44 1
179 149 1
135 64 4
29 25 3
83 69 4
104 81 3
183 113 2
51 156 3
182 118 2
27 49 2
184 29 3
89 169 3
81 196 2
106 50 2
196 159 4
16 38 3
107 25 2
195 69 4
59 50 2
88 199 3
114 120 4
90 134 1
15 103 4
35 70 1
18 81 4
166 146 3
83 141 4
160 41 2
128 5 4
176 152 1
176 6 4
126 136 3
2 103 3
190 118 3
100 166 2
131 173 4
108 42 4
162 95 3
51 32 2
197 34 3
28 87 2
117 81 4
86 84 3
5 8 2
131 125 4
103 85 1
44 154 2
106 155 4
16 40 1
65 16 1
167 115 2
47 179 4
175 141 2
152 156 2
39 133 2
51 168 3
14 74 1
181 51 2
167 58 4
78 58 1
26 62 2
78 23 1
46 156 2
195 148 3
140 8 2
18 8 2
133 189 1
2 66 2
178 80 4
103 170 1
161 34 4
32 39 1
114 79 3
119 16 1
26 44 2
19 33 2
123 144 3
1 168 3
130 29 3
99 180 3
21 109 3
188 179 1
145 130 1
22 91 2
34 82 1
38 89 4
93 90 4
112 29 3
3 177 2
21 121 4
170 116 2
145 29 4
87 165 4
156 115 3
111 13 4
156 125 2
54 128 2
35 188 4
144 88 1
64 31 3
84 37 4
74 140 1
26 58 1
138 37 4
5 106 4
91 24 2
160 96 1
13 54 4
70 95 4
159 84 3
45 97 1
115 182 4
119 102 1
92 62 3
182 144 2
196 188 1
140 131 4
30 61 1
75 147 1
105 20 3
169 158 1
121 78 3
51 122 3
19 126 1
18 54 1
116 61 1
61 164 3
90 4 1
81 129 2
34 133 3
46 111 3
118 34 1
41 118 2
175 105 4
35 105 4
72 22 3
197 159 2
58 88 4
172 158 1
111 47 1
39 166 1
43 55 2
54 101 1
100 175 1
22 134 3
173 0 2
109 199 1
17 185 4
195 19 4
124 3 1
50 26 4
144 181 1
196 42 1
101 190 1
46 109 1
7 20 2
188 102 3
119 40 1
13 41 3
76 10 2
110 125 1
171 140 3
182 181 4
27 79 4
0 134 4
98 148 3
0 64 4
190 156 1
80 199 1
143 113 3
62 152 3
29 19 2
44 95 3
38 68 2
35 38 4
166 8 4
129 146 2
90 22 3
99 196 4
27 21 4
4 199 3
61 114 1
138 124 1
126 47 1
92 61 3
30 169 1
179 86 3
100 66 1
173 47 1
37 186 2
96 158 1
153 94 2
141 113 1
79 125 4
173 22 4
154 123 4
98 18 2
40 178 1
113 52 1
178 120 2
81 189 1
142 194 4
176 3 3
58 61 3
142 99 3
85 198 4
0 76 4
191 121 3
109 144 3
17 14 4
114 139 4
90 67 1
37 80 2
126 143 2
96 63 3
168 56 2
43 90 3
199 196 2
145 45 1
143 119 3
49 63 1
183 73 3
152 15 1
103 39 3
65 171 3
4 179 2
1 77 2
159 68 1
154 0 4
146 103 1
123 36 4
35 79 2
22 185 2
66 82 3
145 68 4
72 175 1
76 34 1
124 118 1
157 55 4
126 176 4
92 72 1
10 108 3
93 6 1
89 5 1
24 162 1
168 72 3
197 71 3
11 142 3
37 76 3
91 34 3
125 124 4
31 169 3
9 7 2
55 119 2
171 168 1
114 70 1
17 35 1
192 39 4
92 156 2
71 136 1
199 6 3
24 195 4
114 87 2
117 8 3
199 130 1
46 137 3
22 48 1
171 160 3
114 182 1
91 32 4
16 30 3
197 46 2
149 133 4
55 198 1
16 77 3
84 180 2
29 158 4
58 175 2
92 91 4
136 33 3
142 13 2
17 170 2
187 47 3
54 120 1
159 185 1
104 193 1
165 6 4
168 44 2
53 192 2
98 170 4
4 178 1
3 97 3
172 45 3
81 118 2
101 80 3
25 26 2
9 61 1
139 36 1
177 58 3
172 173 2
22 138 2
153 136 4
41 25 2
174 135 4
114 148 1
155 40 4
36 58 2
41 190 3
108 182 3
36 99 4
2 165 3
168 181 3
59 95 2
80 50 4
56 181 3
26 3 3
23 7 4
125 31 3
40 144 2
132 25 4
171 35 4
30 177 4
168 198 1
176 180 2
142 60 2
38 155 1
5 146 1
35 106 4
164 112 1
100 126 3
165 190 1
183 16 1
159 55 3
143 35 1
121 193 3
14 141 4
24 187 1
187 79 2
77 32 2
142 120 2
146 174 2
0 52 3
20 121 3
136 26 4
182 125 2
142 44 3
118 113 1
142 182 1
39 102 1
88 82 4
177 52 2
37 174 3
64 27 1
139 199 2
174 121 2
82 133 3
9 41 4
104 121 1
75 171 3
98 63 2
136 117 3
186 20 3
177 22 3
199 85 4
60 184 1
196 123 2
182 160 2
129 122 1
70 13 4
164 8 4
163 80 4
104 88 4
157 130 3
124 146 3
25 177 3
110 118 2
85 100 1
30 180 1
128 32 2
53 47 2
28 122 3
68 158 4
168 50 3
110 12 3
12 66 2
108 103 2
34 184 1
158 106 1
2 79 4
79 107 4
178 105 2
144 120 1
83 85 4
40 165 2
169 79 2
198 166 3
7 119 2
68 73 2
36 149 4
38 11 4
9 55 2
62 27 2
37 123 3
190 177 2
111 125 4
189 82 3
124 90 3
193 58 2
119 125 3
147 149 1
159 79 1
150 173 3
60 61 1
136 134 2
48 26 1
61 107 1
65 138 4
72 155 2
141 156 4
151 122 2
38 22 1
129 174 3
123 28 2
197 130 2
35 155 2
174 98 4
194 46 4
108 117 4
173 148 2
45 179 1
50 100 1
87 102 3
126 61 1
196 189 1
134 179 1
84 71 4
122 42 3
107 35 2
31 170 3
192 153 3
48 147 2
173 63 2
136 15 1
151 88 1
83 5 1
88 138 3
2 193 1
172 133 3
176 160 2
78 119 1
92 124 4
88 92 3
18 31 1
16 118 2
66 154 1
86 127 3
80 38 1
86 29 1
113 186 3
1 116 4
27 101 3
175 112 1
190 31 4
72 193 3
77 187 4
90 69 3
115 19 3
12 42 3
11 185 2
59 61 3
141 100 2
66 191 3
81 74 2
185 194 3
34 145 1
191 102 2
151 107 2
157 12 1
23 123 4
45 85 4
160 83 3
87 95 4
160 166 3
89 195 2
9 130 3
30 17 3
24 161 3
142 73 4
123 129 4
39 178 1
189 37 4
159 28 1
121 118 1
180 142 4
164 94 2
138 129 2
127 100 2
93 33 4
129 3 4
137 142 1
126 87 1
128 38 4
117 109 2
192 55 3
68 184 3
144 60 3
92 172 2
96 121 3
100 196 3
20 139 4
149 46 1
132 71 3
125 87 2
195 96 4
82 76 4
25 65 3
45 1 2
60 35 4
146 47 1
76 147 4
44 42 4
166 62 1
150 86 2
125 70 4
65 173 4
154 113 1
178 9 3
9 124 4
8 141 4
126 52 3
109 53 4
12 20 3
160 129 1
47 40 1
66 78 3
49 134 1
145 99 3
180 125 1
49 197 2
97 126 1
56 123 1
1 84 2
107 169 4
131 83 4
141 10 2
88 3 2
195 142 2
193 65 2
161 60 4
126 92 3
194 125 1
94 170 4
44 49 4
57 68 4
175 32 2
41 72 4
136 141 1
149 98 1
145 17 4
153 139 1
123 83 4
172 149 4
53 117 3
165 86 4
114 123 4
158 97 3
197 177 1
92 12 4
188 170 1
124 87 3
100 36 2
23 53 2
52 129 1
26 127 1
42 69 2
157 5 1
119 8 2
159 106 1
97 20 2
35 15 1
79 180 4
100 107 2
36 171 1
3 151 3
71 80 3
97 52 4
73 138 3
6 10 4
147 136 4
179 178 1
34 86 3
44 116 1
109 111 1
29 9 2
61 102 2
10 125 1
76 16 3
1 102 2
101 87 4
101 65 4
77 116 1
44 189 3
177 122 3
156 109 1
185 96 3
4 81 3
34 104 4
15 49 4
86 114 4
26 141 4
106 42 1
53 151 3
117 133 1
194 30 1
170 38 4
184 15 3
134 189 2
23 118 1
58 19 2
194 181 1
172 5 1
10 135 4
84 44 2
43 71 2
183 55 4
166 130 3
166 37 2
143 112 2
170 165 1
107 145 1
28 155 4
113 174 1
155 173 3
19 38 3
188 198 2
108 101 3
52 155 2
135 139 3
174 81 2
136 162 3
40 44 1
117 54 3
97 86 2
15 4 4
194 134 3
111 157 4
48 150 1
68 121 1
158 73 4
2 98 4
181 134 2
167 42 4
24 109 1
118 175 4
103 38 4
146 52 4
95 154 1
61 90 4
95 125 1
10 46 2
90 198 1
9 66 2
180 16 3
74 160 1
25 138 3
140 195 1
161 77 3
37 182 2
90 159 2
49 172 4
174 45 4
0 97 4
156 103 4
103 164 3
100 137 1
33 186 2
184 41 4
115 114 3
186 123 4
49 145 4
142 196 1
123 131 4
184 107 4
189 99 3
159 19 1
43 20 4
165 88 4
64 109 2
157 48 2
158 31 2
160 7 2
15 118 4
73 198 4
129 84 1
55 125 2
71 12 3
108 53 2
143 38 3
27 4 1
79 166 1
168 59 2
184 127 1
53 31 1
37 81 1
13 137 4
77 195 3
166 192 1
137 194 2
161 53 4
86 115 1
100 39 2
106 66 2
92 69 2
33 36 4
76 141 1
110 5 2
137 199 4
123 34 1
164 185 2
146 22 4
67 149 1
5 195 2
93 20 3
95 62 3
157 53 3
161 188 1
166 182 3
72 15 1
164 137 4
39 87 2
136 159 2
130 61 4
152 116 3
47 181 4
36 75 4
138 134 4
183 185 4
125 176 1
134 157 1
91 70 1
79 138 3
175 75 4
97 152 1
83 15 3
133 183 2
69 130 3
111 136 4
92 4 2
168 54 2
30 2 3
165 54 4
127 112 4
73 60 1
132 124 2
77 111 4
68 175 3
167 187 1
16 82 4
97 184 4
57 88 1
110 91 2
153 181 1
105 117 2
96 187 3
72 191 4
179 92 4
12 117 1
37 48 1
162 129 3
118 14 2
190 44 3
107 190 4
13 170 4
184 0 4
66 95 3
196 156 1
27 132 3
188 29 3
85 194 4
195 100 2
161 172 1
144 105 1
169 155 3
134 174 3
42 48 1
145 170 3
112 141 1
164 188 3
102 136 1
36 62 3
99 57 2
84 93 3
79 142 4
15 198 2
21 195 3
31 62 4
84 170 4
6 186 1
77 37 4
97 133 4
22 103 3
127 89 1
2 174 3
198 105 1
99 151 4
44 17 4
164 55 1
89 34 4
105 16 1
23 174 3
69 52 3
137 133 4
103 174 3
36 38 3
140 69 4
122 173 1
30 35 3
124 12 4
77 25 1
154 166 3
63 145 3
162 60 2
152 87 1
74 151 1
116 132 3
191 18 4
142 166 1
75 100 2
146 106 3
181 6 3
180 181 2
50 49 4
174 144 2
198 129 4
118 60 1
170 161 3
64 17 4
196 36 3
110 163 1
186 115 4
135 141 4
112 37 4
167 76 4
101 184 3
48 60 1
32 124 4
25 116 3
57 124 2
84 8 3
85 46 2
120 97 1
66 71 4
186 97 4
15 62 1
62 172 2
55 3 1
88 86 2
93 46 3
119 96 1
3 165 3
184 134 2
112 170 1
54 45 3
192 147 4
97 170 2
4 30 4
76 23 3
45 146 1
162 181 3
72 28 4
46 73 2
97 57 3
46 8 1
94 103 1
162 152 2
174 102 1
0 162 3
24 175 1
72 11 3
134 169 4
172 122 2
28 93 1
72 69 4
132 177 2
156 199 3
128 168 2
67 180 3
97 73 1
153 165 1
95 27 3
52 58 2
110 183 3
151 194 2
185 114 3
45 159 1
14 192 3
169 165 4
186 167 3
184 118 2
19 116 4
150 35 2
45 175 2
85 2 3
160 67 1
191 77 3
157 142 2
22 93 4
106 14 4
26 194 4
186 80 1
85 31 4
71 97 1
44 47 3
12 91 2
171 31 3
13 63 3
190 149 3
94 48 2
192 82 3
81 86 3
94 131 2
160 111 3
79 139 1
117 103 3
68 64 3
154 120 2
129 46 4
17 83 1
125 91 1
176 22 1
59 23 3
105 170 1
131 139 1
80 100 3
97 10 3
2 146 2
5 154 1
80 198 1
59 109 1
160 152 1
85 181 1
109 147 1
97 33 2
166 31 4
15 108 1
11 122 1
199 96 1
22 139 1
175 14 4
185 104 1
178 29 4
57 33 4
32 156 1
101 113 1
16 29 1
167 143 2
189 128 1
34 95 4
166 67 1
120 8 3
43 133 2
161 80 1
72 180 1
139 98 4
156 57 1
8 114 3
113 37 1
153 48 3
81 149 2
129 50 1
43 98 2
195 0 4
23 70 3
151 152 2
186 65 4
37 57 1
102 21 3
89 162 1
187 192 4
7 92 4
159 16 3
11 40 4
17 79 4
120 41 3
118 141 2
173 89 1
85 87 3
107 193 1
92 192 4
177 21 1
90 133 3
89 43 3
59 193 4
181 159 1
142 116 3
122 64 3
70 176 3
135 14 4
11 88 2
42 101 2
50 184 4
78 143 3
109 171 1
134 83 2
0 11 1
70 98 3
122 196 3
100 162 3
128 28 1
163 126 1
121 192 2
1 23 3
172 162 4
154 17 2
80 172 4
26 133 4
86 67 1
167 52 4
187 177 4
186 54 2
187 120 3
20 26 2
73 108 1
5 74 3
194 178 2
89 93 1
117 37 3
103 158 1
19 150 1
165 118 2
44 51 1
120 184 4
63 67 1
47 105 4
31 46 4
58 194 4
41 188 4
99 18 4
197 0 4
47 165 3
177 92 3
46 132 1
142 111 1
23 191 1
79 103 4
179 181 3
78 166 4
150 191 2
21 71 1
29 35 4
128 139 3
124 113 4
166 18 4
67 73 1
48 62 2
83 190 1
172 145 1
134 199 4
99 16 2
138 120 3
21 171 2
53 91 2
38 4 2
34 180 1
150 69 3
27 33 3
179 137 4
54 141 4
56 59 1
4 87 1
49 178 2
164 138 3
3 149 3
16 46 4
153 135 4
46 64 2
20 60 1
123 78 1
6 142 2
145 114 3
41 38 2
123 191 3
13 47 3
145 47 3
160 98 1
0 118 4
156 169 1
116 22 4
154 157 2
172 128 2
148 188 3
76 172 3
98 146 4
195 42 3
47 9 1
13 156 4
33 135 3
48 59 1
49 192 1
131 98 2
90 170 4
189 93 3
40 94 4
84 75 1
190 32 3
62 185 4
21 28 1
143 48 2
128 118 1
198 75 2
190 75 2
190 26 3
50 9 2
172 109 4
116 43 1
148 36 3
171 112 1
163 100 3
19 81 1
170 162 3
189 106 3
125 126 2
159 82 4
16 103 2
122 66 1
7 11 1
93 86 3
159 18 3
152 37 2
70 50 1
29 123 1
141 120 4
196 21 4
147 93 1
112 71 2
40 75 4
132 110 3
40 15 3
146 140 4
125 53 2
39 55 2
158 147 2
184 150 2
4 182 1
142 148 2
25 166 1
28 56 4
2 199 1
78 34 1
178 33 4
149 176 1
136 41 3
146 78 3
145 69 2
71 118 2
91 44 2
133 153 2
184 73 2
74 133 4
144 17 1
17 86 4
94 154 3
104 186 1
77 185 3
16 90 3
155 37 1
83 146 4
1 56 4
143 168 4
93 23 1
140 41 3
76 183 1
88 164 4
9 197 4
185 34 2
27 0 2
180 168 2
37 24 1
171 138 3
186 68 1
77 28 3
33 165 2
185 127 4
148 27 4
149 89 2
75 156 3
140 128 3
185 31 4
61 139 2
80 40 2
138 142 2
133 120 1
48 93 3
63 126 3
6 180 4
197 103 4
137 143 1
15 178 4
44 5 3
62 94 3
157 87 2
184 148 1
17 77 3
165 68 1
38 55 1
85 195 2
19 73 4
41 95 2
93 122 4
144 5 4
78 18 3
38 160 1
74 41 3
21 187 3
186 149 3
78 142 1
95 94 3
60 90 2
191 11 2
68 15 3
186 184 1
125 153 4
43 28 4
110 74 1
168 61 1
167 118 2
194 16 2
11 17 3
65 83 2
139 149 4
52 84 2
179 158 1
189 185 3
115 7 2
164 71 1
125 46 4
92 90 1
95 4 1
87 127 1
21 108 2
82 26 2
30 56 4
15 3 4
171 184 1
53 26 1
158 168 2
21 56 4
53 146 1
61 146 3
25 117 4
60 104 3
67 140 4
23 151 3
124 18 4
121 38 4
18 15 2
115 89 4
59 166 1
141 39 1
9 53 2
152 66 1
188 19 1
144 46 1
106 164 4
163 136 1
46 150 1
188 33 2
94 70 3
98 38 4
137 117 3
182 136 1
46 173 3
95 79 3
13 121 3
133 58 3
37 41 2
108 158 1
141 128 3
66 141 3
59 127 2
18 196 1
155 160 1
124 83 4
113 7 3
163 24 3
182 45 2
2 106 3
195 14 2
79 194 2
118 172 2
89 178 3
69 129 3
134 37 2
174 77 2
62 146 3
129 156 3
167 55 1
161 57 3
10 22 2
151 110 1
152 68 4
185 118 3
14 113 1
1 58 2
3 174 1
97 43 4
36 61 4
60 153 2
103 121 2
34 85 2
81 31 1
78 28 4
168 106 4
66 175 4
133 76 3
82 164 1
37 170 1
46 80 2
78 158 1
164 171 4
39 49 4
153 112 1
87 194 3
26 31 1
34 124 3
116 73 2
7 88 2
99 80 1
97 139 4
155 56 2
178 169 3
36 77 2
171 118 3
172 73 4
0 51 3
83 76 2
155 9 4
21 156 1
122 191 3
147 86 2
145 157 4
95 54 3
61 110 2
137 90 3
169 64 3
41 123 4
138 23 4
21 84 1
48 158 3
39 23 3
113 172 4
127 122 3
71 114 1
86 169 3
60 32 3
12 129 4
51 134 4
12 78 3
152 38 4
69 49 3
101 188 2
155 146 2
35 26 1
140 126 3
185 179 2
172 170 1
41 61 4
57 90 1
162 68 4
38 42 3
74 134 1
36 101 2
115 122 2
188 92 2
174 119 4
110 29 3
127 62 3
93 116 1
48 109 2
89 48 1
138 177 2
40 166 1
130 117 4
168 137 3
193 199 3
170 186 1
3 102 4
93 3 1
25 9 2
118 176 1
192 31 2
161 75 2
95 131 3
5 56 4
164 15 2
175 110 2
33 150 4
178 122 4
112 89 3
23 133 2
152 3 3
196 24 3
83 138 1
174 22 1
87 19 1
5 140 2
115 116 2
140 124 3
55 145 3
107 157 2
100 61 3
23 105 4
23 74 3
79 160 3
86 82 3
181 149 2
193 122 1
170 95 3
114 47 2
29 140 2
111 18 2
96 56 2
114 122 1
197 196 3
66 111 1
5 183 2
151 136 2
34 188 1
133 8 2
197 2 3
197 31 4
11 113 3
132 135 1
38 117 2
73 195 3
180 96 1
131 122 4
47 75 3
63 41 2
175 83 4
155 174 1
40 137 1
34 119 3
72 24 4
61 46 3
38 142 1
170 119 4
59 26 4
115 46 4
31 123 1
136 82 4
117 23 4
66 198 2
73 77 2
92 108 1
37 66 2
15 169 3
43 99 4
198 148 3
120 148 1
130 171 2
155 42 1
199 100 3
6 17 2
31 99 1
80 65 2
108 195 1
95 86 4
102 92 2
108 183 4
40 188 2
135 26 2
41 96 2
112 82 2
126 91 1
91 6 2
15 101 2
170 115 1
199 153 1
51 187 3
8 16 1
160 118 2
148 80 3
0 168 2
83 189 3
11 187 1
24 111 1
134 45 1
46 32 1
105 21 1
105 93 1
159 34 1
63 3 1
87 46 3
43 74 4
174 120 2
147 88 3
66 32 4
94 9 2
27 136 3
99 174 1
155 170 1
7 192 3
180 112 3
183 153 4
71 70 3
114 192 3
39 28 1
44 96 4
136 195 2
102 6 3
164 170 4
32 86 2
71 144 1
22 88 1
101 95 4
63 76 1
156 88 3
124 96 4
105 72 3
10 152 1
61 98 1
151 144 2
94 100 2
17 95 3
31 30 4
86 103 1
185 131 1
9 113 3
198 180 3
73 104 2
181 15 1
141 162 1
7 36 1
109 161 1
181 138 1
105 138 1
116 123 4
110 37 2
16 85 1
141 102 1
0 74 2
30 149 3
1 167 2
159 110 2
179 131 4
120 38 4
168 192 3
34 35 4
121 5 3
173 180 2
150 80 3
175 193 1
9 166 4
55 196 2
14 105 3
55 20 4
195 191 2
30 182 3
199 131 2
169 146 2
44 144 1
131 150 4
161 92 4
158 74 4
149 40 2
149 143 2
128 76 3
18 83 4
76 182 4
86 46 2
22 7 4
191 175 2
9 139 3
158 62 3
182 126 4
98 37 4
55 29 3
152 107 2
173 72 1
153 71 4
190 46 1
44 4 3
152 122 2
131 79 4
99 22 2
127 145 3
151 60 2
112 32 1
167 21 3
49 151 4
37 88 4
68 102 3
31 66 3
37 17 4
48 134 4
184 195 2
168 187 2
41 198 1
125 159 1
74 88 3
76 137 2
1 121 3
189 118 4
85 11 3
12 97 1
140 70 1
198 97 3
119 182 3
183 0 4
75 150 1
97 149 4
25 173 3
115 34 4
122 117 3
103 30 3
143 166 1
101 82 1
34 43 3
174 125 4
185 184 3
50 2 1
97 117 2
61 199 1
4 119 1
138 62 4
116 146 4
153 180 1
144 161 4
175 169 4
171 197 2
86 2 4
123 16 4
38 32 3
187 196 3
33 74 4
14 47 2
53 115 2
73 94 1
80 104 2
156 101 3
143 71 3
166 19 3
107 168 4
137 78 3
148 145 3
106 100 4
24 33 3
87 36 1
99 112 4
77 145 1
170 22 2
96 161 1
148 112 2
111 75 3
199 26 4
29 117 2
132 148 1
4 117 2
152 129 2
121 173 1
66 161 4
51 172 4
111 161 3
190 56 3
49 7 2
122 175 2
157 33 1
19 134 3
91 134 1
133 35 3
41 191 2
54 115 1
150 3 4
71 110 3
33 180 4
35 115 4
180 90 1
187 32 3
183 59 4
92 68 3
130 110 2
68 18 3
55 11 1
111 107 3
128 151 4
177 5 3
150 12 4
37 108 2
59 125 4
96 46 4
5 47 3
67 50 1
127 199 4
86 14 1
146 74 2
85 176 2
122 59 1
69 172 2
126 6 2
199 152 2
81 41 1
174 138 4
73 155 1
60 86 4
61 29 4
7 185 4
65 19 4
187 110 4
115 162 3
129 53 4
115 160 3
138 11 2
191 90 4
107 134 2
128 22 2
106 125 2
50 158 1
55 140 1
14 48 2
28 68 4
0 20 1
126 162 4
15 57 1
62 199 4
14 163 1
148 143 4
159 109 1
107 95 2
199 98 1
20 128 1
118 75 2
20 89 4
154 143 4
22 70 1
112 154 3
126 120 3
146 1 4
143 151 1
42 94 3
144 93 4
195 48 4
76 85 1
113 31 4
27 139 4
128 69 1
7 123 2
162 49 2
36 40 2
108 106 4
86 53 2
30 116 3
84 158 4
116 157 3
6 145 2
99 154 1
168 60 2
188 27 3
176 167 3
122 80 2
123 70 4
26 173 3
43 178 2
56 163 2
138 12 1
38 106 2
148 31 3
88 19 2
12 176 4
190 98 3
91 154 4
95 111 1
63 92 2
78 165 1
149 151 4
73 76 3
76 8 2
124 72 1
168 31 4
46 48 2
67 119 3
159 184 2
192 81 3
90 192 3
28 75 2
116 169 2
74 13 1
145 86 4
199 165 4
97 84 2
181 98 1
162 188 1
160 145 2
12 18 4
141 67 4
39 99 1
109 181 1
73 140 1
18 39 4
19 6 1
124 117 2
75 146 2
142 70 1
115 92 3
115 135 4
192 142 2
115 96 2
130 70 2
180 0 2
183 126 2
174 101 4
56 160 1
169 170 2
199 37 4
131 134 2
137 131 1
6 53 4
4 173 4
158 26 3
38 198 1
172 1 1
87 108 2
58 43 1
126 159 1
163 123 4
28 60 1
179 20 3
95 53 4
69 97 2
15 27 1
142 54 2
22 0 3
74 173 1
177 72 3
42 55 1
112 174 2
96 136 2
58 32 2
140 23 4
184 52 4
84 140 4
164 87 2
133 166 2
46 196 1
26 4 4
0 146 2
92 38 3
93 102 1
54 140 4
34 7 3
172 21 3
100 20 1
81 136 1
154 70 2
166 61 4
150 145 1
117 35 4
110 18 2
166 140 1
160 89 1
3 110 1
152 175 3
75 99 3
76 142 3
180 61 3
73 123 4
59 124 3
25 181 4
152 159 4
101 44 1
68 112 2
106 143 2
59 47 3
141 166 4
158 72 4
145 76 2
119 186 2
198 100 1
42 28 2
167 66 3
84 49 1
11 5 2
127 108 1
185 117 2
58 117 2
31 146 2
109 95 1
38 104 4
186 128 3
12 155 3
130 151 1
180 82 2
159 48 1
138 52 4
195 198 1
99 163 3
44 13 1
79 195 2
165 115 4
60 199 3
29 36 4
54 27 1
86 70 1
39 149 1
118 84 4
122 34 1
127 63 2
19 67 2
72 79 2
32 177 4
153 70 1
184 67 1
8 190 4
23 17 3
92 151 2
164 51 3
185 151 2
37 28 1
155 6 2
88 154 4
56 105 1
88 188 3
171 188 4
176 198 3
58 105 2
94 17 3
58 158 4
138 163 1
55 126 3
45 65 2
121 0 3
108 75 4
115 30 3
9 79 1
95 78 3
46 91 2
137 87 2
26 187 2
167 78 2
131 72 1
66 44 4
75 113 1
42 169 3
189 166 4
9 52 3
114 60 4
37 115 3
145 190 1
98 76 3
173 189 4
45 10 3
128 199 1
92 194 4
150 190 1
42 171 4
89 3 1
157 60 2
154 21 4
21 94 4
138 57 2
176 151 4
138 91 3
190 112 3
28 105 1
40 2 1
15 31 4
21 33 1
85 118 3
61 111 1
103 83 1
23 82 1
147 191 1
198 11 4
172 29 1
154 46 2
70 104 1
135 179 2
69 101 2
156 19 2
162 46 1
182 40 3
188 36 1
84 50 2
117 13 4
17 60 1
163 32 4
12 118 2
121 144 1
16 146 2
172 114 1
102 50 3
117 156 4
145 89 1
173 192 3
26 78 3
47 130 1
132 26 1
4 91 4
123 169 4
175 177 1
36 31 3
94 149 1
114 167 4
174 185 3
0 29 3
35 163 3
78 46 1
154 148 1
78 68 2
106 150 3
99 77 3
44 2 2
187 179 3
150 96 1
156 160 2
18 60 4
87 59 2
84 126 3
2 126 4
65 124 4
77 18 4
49 147 4
110 157 1
69 152 1
137 16 4
138 146 1
10 1 4
130 112 4
78 138 2
115 1 2
115 124 3
103 166 4
39 139 4
174 18 3
98 186 4
43 11 3
109 0 1
13 72 3
27 182 3
102 176 3
14 154 1
28 63 4
171 123 1
105 83 2
170 159 3
98 196 1
185 119 2
122 2 2
27 198 1
16 71 2
124 60 2
115 0 2
162 54 4
75 125 3
196 22 1
43 148 2
81 137 4
124 174 2
144 177 2
75 87 3
91 96 3
179 27 1
36 71 1
101 60 4
198 185 2
131 111 2
29 94 3
68 111 1
10 117 3
192 148 4
5 123 1
122 195 2
1 170 2
18 88 4
135 73 1
105 189 4
47 168 2
75 152 1
184 63 4
33 49 2
127 131 3
162 12 2
189 102 4
126 199 4
36 6 1
149 106 1
129 176 2
86 161 2
109 162 4
95 159 3
164 107 4
109 56 1
29 153 1
15 172 2
111 163 4
90 10 3
109 168 1
177 123 2
60 120 2
91 61 4
70 44 4
16 56 3
17 159 1
13 185 4
91 129 3
53 186 4
116 40 4
86 196 4
1 140 3
168 9 2
101 178 1
31 135 2
108 157 2
105 165 4
152 61 4
175 161 1
158 28 3
129 23 2
197 151 3
135 22 3
128 123 1
32 30 3
55 174 3
130 2 4
13 78 4
72 16 2
35 3 3
127 42 1
154 25 4
141 11 2
190 60 2
9 199 4
135 103 2
189 132 4
144 15 3
172 46 3
186 101 3
96 132 3
155 74 4
163 185 2
41 182 1
18 95 4
78 110 3
116 62 3
190 106 1
187 36 1
115 65 2
19 98 3
107 131 1
29 128 3
99 176 4
70 109 2
8 116 4
88 112 4
6 43 4
59 91 4
53 96 3
101 126 2
18 112 4
182 43 1
128 157 2
125 108 1
113 61 3
20 193 3
172 9 1
176 82 4
164 149 3
26 156 1
77 188 4
123 187 3
106 80 3
16 138 1
114 104 4
188 46 1
168 122 1
146 126 3
142 128 3
121 138 1
185 44 4
16 115 4
84 9 4
183 47 2
36 19 2
119 66 2
23 199 1
102 156 4
187 195 4
0 7 2
68 168 2
194 124 2
60 63 2
190 76 1
130 174 2
27 7 1
62 52 3
71 123 3
2 91 1
83 6 3
153 49 3
27 2 2
160 164 4
67 173 3
30 173 2
19 76 3
36 170 2
9 8 3
18 156 3
112 23 1
154 29 1
90 143 1
64 115 2
95 156 4
107 86 3
20 9 2
40 12 4
172 74 2
178 149 2
160 100 4
118 32 2
39 53 3
119 166 1
51 30 4
142 177 4
8 128 3
198 10 3
44 179 4
66 60 2
54 130 4
41 149 3
28 4 3
141 3 3
18 154 1
63 128 2
138 71 2
176 182 4
171 39 4
105 67 4
63 75 4
140 115 1
194 170 3
135 138 2
64 199 2
64 38 4
174 48 3
51 135 4
29 176 2
173 61 3
34 146 4
147 102 2
40 9 3
111 81 2
166 3 2
130 155 3
92 10 3
60 59 1
133 80 2
197 124 4
116 164 2
59 133 2
23 147 4
98 21 1
15 26 3
1 50 3
45 51 4
35 55 1
31 107 2
144 133 1
62 2 2
128 53 2
151 29 2
9 1 1
166 80 4
162 4 4
100 47 1
122 36 2
176 7 2
91 105 3
27 78 4
15 54 1
100 44 1
178 183 3
88 183 1
89 198 4
8 122 2
170 126 3
79 108 3
195 115 3
161 110 2
155 10 2
83 132 1
25 96 4
78 135 3
72 126 4
60 47 2
116 59 1
138 139 3
32 13 2
124 192 4
0 119 3
1 81 3
156 107 1
68 49 4
92 143 1
183 131 4
108 22 1
90 183 1
94 128 1
67 168 1
116 140 3
89 21 1
30 153 2
160 54 4
66 42 1
175 199 4
145 126 1
176 168 2
64 82 1
160 42 3
130 196 2
25 147 2
60 81 2
182 34 3
194 171 1
157 20 4
48 39 1
133 19 2
146 143 3
63 12 4
110 176 4
81 156 2
141 147 3
88 34 2
132 10 1
194 94 2
149 113 4
106 179 3
138 49 1
55 12 2
145 162 2
116 49 1
122 92 2
115 157 1
42 29 2
98 100 3
97 5 3
93 115 4
101 14 4
80 192 4
140 7 2
189 116 2
82 144 4
18 47 3
57 102 1
50 3 2
33 42 1
43 122 2
106 195 3
141 193 3
159 113 1
147 111 2
147 190 1
136 43 4
31 52 2
131 25 1
122 91 1
4 12 2
175 170 4
145 78 2
67 84 3
11 194 2
8 12 1
184 31 2
176 49 2
199 187 1
113 184 3
76 93 1
106 136 1
76 67 2
2 180 2
35 182 4
96 90 4
160 126 3
163 119 1
181 54 3
195 83 2
83 142 2
0 69 2
118 108 4
199 27 4
18 118 2
69 144 1
177 23 3
59 71 1
58 56 4
155 64 3
120 65 4
40 183 2
31 160 4
17 134 3
104 155 2
178 136 3
79 99 3
60 65 3
68 81 1
124 101 2
89 4 3
48 110 1
99 170 2
55 72 4
52 196 1
37 175 3
52 135 2
108 145 3
163 145 1
22 112 4
166 108 3
20 27 4
149 177 1
65 97 2
87 109 1
181 145 4
113 53 3
180 193 2
96 122 3
53 127 2
108 181 3
178 146 1
81 193 4
186 162 3
41 194 4
157 82 4
136 32 2
178 155 2
112 4 4
112 196 1
42 76 2
161 43 4
46 50 1
3 52 1
130 76 4
54 9 3
104 10 2
25 24 2
14 23 2
131 142 3
90 101 3
90 140 1
49 171 3
74 61 2
53 68 3
75 14 4
133 71 2
50 7 3
32 149 4
134 55 1
111 26 1
96 9 2
117 129 3
122 73 1
98 73 1
175 38 1
3 39 4
154 11 4
140 103 3
59 190 3
65 48 4
135 130 1
137 20 3
161 180 2
177 103 4
137 1 1
50 51 3
171 95 2
35 84 3
37 16 1
4 2 1
142 115 4
64 139 4
125 89 2
112 134 4
178 135 2
37 144 1
54 42 2
36 180 4
54 179 1
19 17 2
69 74 2
35 194 3
35 14 4
173 20 4
78 94 4
76 108 4
154 87 2
155 187 2
13 114 4
197 109 3
28 147 4
1 67 1
4 145 3
169 189 3
188 96 4
103 45 1
92 116 4
35 120 1
89 12 3
176 156 3
132 56 1
86 124 1
183 120 3
149 13 1
19 147 2
79 128 1
57 49 3
51 116 2
196 37 4
164 108 4
67 82 1
74 179 3
131 104 1
174 12 2
108 121 3
178 196 3
61 3 2
109 32 1
6 9 3
14 12 1
94 102 1
19 94 4
171 96 1
29 4 3
8 158 3
109 22 2
114 16 1
194 47 4
169 122 4
174 43 1
133 94 1
115 51 2
40 100 2
122 18 2
140 125 2
189 65 4
190 122 3
63 101 2
131 120 3
65 5 2
32 35 2
118 199 3
132 17 3
167 98 4
193 66 2
42 153 1
130 150 1
94 93 1
90 46 3
161 16 1
103 52 3
34 93 3
94 66 3
149 116 3
176 164 3
112 28 4
80 98 3
113 35 3
135 120 4
116 37 4
130 66 4
114 75 3
4 137 3
101 49 2
160 32 3
100 89 1
12 95 3
195 167 3
88 162 2
11 148 4
44 45 3
63 72 3
2 179 2
41 126 1
74 166 2
44 76 4
197 187 2
1 88 2
191 179 2
121 199 2
0 132 2
69 85 1
53 0 2
80 23 1
134 76 3
134 142 4
31 186 1
10 56 3
58 135 2
158 36 4
189 156 3
150 78 1
176 77 4
0 192 1
110 198 3
108 135 1
173 128 2
84 82 3
48 123 1
188 73 4
38 63 2
175 25 1
119 113 1
142 153 1
19 110 1
123 199 3
80 33 1
167 163 3
147 20 1
70 51 4
63 181 4
6 87 1
53 38 1
17 96 1
178 81 4
188 31 1
81 126 2
135 76 3
2 176 1
39 31 1
82 163 4
120 26 2
181 185 1
43 3 2
134 192 1
18 57 1
165 124 1
29 129 1
152 144 2
61 132 4
179 67 4
67 116 1
123 38 4
175 114 1
108 180 4
58 37 1
191 59 3
99 177 4
190 11 4
47 77 2
13 10 3
21 130 2
196 195 1
89 62 2
182 99 3
152 179 4
187 57 4
153 141 1
191 153 3
24 176 4
153 169 3
165 102 2
30 15 3
3 11 1
83 137 4
157 40 4
22 89 2
9 16 4
126 49 3
70 186 3
139 99 3
56 149 1
82 160 1
135 167 2
57 192 4
145 106 4
6 14 1
103 51 4
145 30 4
32 115 2
136 6 3
37 100 2
16 23 2
87 138 2
0 31 2
135 94 3
164 57 1
163 197 2
173 11 4
157 32 1
41 18 1
1 159 4
45 111 1
131 141 4
184 24 1
157 100 2
134 158 2
163 130 1
77 80 1
89 72 2
86 41 3
141 189 4
152 39 3
57 63 4
24 170 3
171 9 3
149 95 4
51 36 4
162 31 4
56 124 3
129 42 3
136 9 4
164 93 1
106 70 2
83 40 2
26 115 1
87 116 2
133 195 3
85 19 1
164 117 2
34 126 3
8 173 1
43 47 2
4 102 2
80 180 1
79 120 3
194 188 1
65 93 3
49 77 3
176 94 2
33 86 4
118 77 3
86 193 1
49 93 2
32 103 1
98 122 4
49 150 4
1 85 1
11 82 4
86 101 1
84 66 3
157 15 2
14 78 3
145 152 3
77 27 4
199 177 2
77 40 3
110 69 2
87 12 4
14 190 2
12 98 2
60 1 3
45 8 2
140 137 2
143 116 1
56 173 3
108 12 1
110 58 2
100 7 1
98 67 3
123 27 4
67 16 1
42 22 3
27 138 1
77 127 4
194 18 4
146 149 3
70 60 4
65 55 4
77 48 1
77 98 3
193 147 1
80 103 2
119 20 4
139 102 1
100 90 3
195 159 1
100 11 3
36 22 4
40 90 3
115 187 2
26 97 3
154 199 2
140 152 3
28 89 1
35 108 1
143 17 4
116 11 4
141 101 1
14 20 3
58 2 2
56 172 3
81 132 3
106 166 4
71 77 1
22 59 1
5 12 2
13 182 3
152 158 4
57 41 3
172 87 3
198 164 3
183 95 3
37 129 1
181 81 1
88 64 3
134 47 2
136 55 4
78 176 1
199 99 2
2 0 1
61 13 1
158 5 2
162 5 3
73 133 2
174 56 1
47 106 2
188 145 4
67 196 3
17 63 3
52 61 3
101 22 4
123 49 2
162 27 4
28 120 4
96 127 3
143 8 2
193 70 1
140 60 3
154 146 2
117 22 3
89 14 4
148 181 4
54 183 2
149 109 4
53 50 2
145 158 4
185 138 4
161 142 2
80 193 2
95 103 1
126 108 4
57 117 2
123 162 2
194 103 2
165 183 1
82 91 3
35 153 3
195 25 1
169 112 2
75 66 4
73 154 4
128 144 2
133 3 3
81 13 1
148 61 1
35 0 1
6 134 3
47 50 3
17 156 3
48 137 2
140 42 4
1 59 1
17 169 3
54 167 4
146 108 1
71 175 3
143 108 2
121 170 1
193 134 4
138 8 1
116 191 4
30 129 2
16 57 3
181 18 4
53 61 3
40 46 4
65 182 3
101 198 2
54 35 1
71 194 4
1 129 3
87 150 3
89 185 2
135 91 4
25 56 1
132 149 1
181 165 4
41 77 1
20 92 4
189 5 2
57 199 4
71 131 2
145 81 1
67 83 3
5 170 1
96 82 4
82 44 2
0 30 4
191 145 2
120 25 1
140 119 1
80 127 1
36 20 4
98 32 2
6 120 2
95 35 1
101 73 3
85 136 2
51 81 1
131 171 1
76 111 4
73 87 3
179 84 3
104 122 4
135 195 3
192 84 2
38 144 2
197 19 4
55 45 3
21 67 2
149 54 3
7 155 1
12 167 1
36 12 2
59 149 2
7 184 4
157 136 3
39 0 2
69 34 1
37 14 1
125 98 1
152 106 2
141 73 2
132 39 2
22 187 1
75 176 4
81 138 4
40 49 1
97 108 3
88 121 3
119 164 3
20 158 3
137 52 3
35 9 2
63 91 4
157 137 2
134 7 2
165 154 3
181 100 1
80 8 3
65 8 3
199 191 1
72 164 3
51 150 1
6 133 4
0 66 2
188 174 4
92 8 3
112 129 4
105 18 1
167 18 3
90 174 2
142 57 3
9 148 3
79 47 3
154 80 1
2 105 1
99 24 3
194 104 4
15 135 1
194 149 4
196 39 1
193 191 3
123 125 2
126 50 4
40 66 2
119 51 3
199 151 4
195 59 1
123 188 2
144 167 2
54 139 1
148 3 3
100 26 3
138 101 2
45 9 1
163 95 1
4 198 1
196 157 4
145 171 4
29 116 3
79 146 4
12 183 1
122 108 4
15 137 1
17 118 4
34 100 4
131 93 2
195 147 2
26 5 3
162 163 4
74 123 3
45 161 2
17 97 2
111 174 4
92 3 1
133 25 3
160 141 1
18 91 3
193 187 1
67 75 2
47 64 2
140 188 2
54 32 3
94 57 2
183 147 4
150 162 4
48 75 1
181 55 4
41 8 4
129 135 3
21 97 1
50 96 1
62 145 3
114 103 3
68 52 1
27 18 3
93 54 3
139 170 4
23 106 3
163 97 4
45 157 4
55 176 1
97 83 2
11 101 4
24 23 1
27 115 2
57 46 3
94 69 1
81 169 3
196 23 2
81 153 1
192 174 1
10 159 3
81 23 2
53 20 1
177 196 2
135 18 3
28 91 2
170 48 3
188 159 3
177 184 3
114 50 2
142 184 2
180 102 2
30 34 2
138 197 1
145 156 2
172 189 4
194 50 1
46 181 1
81 131 1
67 118 3
34 72 2
24 9 2
121 100 2
48 128 4
148 106 2
92 76 3
27 86 4
99 40 4
146 134 2
102 154 2
35 135 4
199 192 3
123 2 3
115 41 2
179 50 3
58 24 4
143 123 1
8 64 4
159 40 4
64 6 1
66 195 4
76 101 4
155 137 1
37 29 2
97 38 2
2 133 3
112 186 4
187 131 4
105 184 4
82 168 3
156 122 2
26 179 4
4 195 1
139 47 2
151 146 2
196 83 2
65 67 3
81 89 2
165 184 1
70 102 2
50 18 1
23 45 3
47 180 4
188 175 1
5 134 3
19 4 2
127 164 1
136 67 1
90 162 2
106 41 4
62 42 1
76 57 2
92 195 1
0 122 1
127 124 2
164 123 1
123 99 2
30 11 2
69 178 2
114 197 1
102 5 4
36 45 2
58 74 3
193 168 1
78 33 1
2 194 3
107 146 2
39 161 4
55 26 2
124 137 2
122 68 4
64 4 3
26 86 2
177 46 1
119 3 1
6 4 2
129 10 2
10 21 1
145 21 3
140 173 4
183 173 3
71 64 1
9 21 4
153 109 3
9 144 2
105 40 4
54 123 2
92 26 1
56 15 1
8 94 4
1 192 3
60 87 2
37 90 4
28 40 4
129 25 3
7 196 4
12 128 2
160 39 1
39 170 1
108 84 4
24 198 2
44 87 1
14 150 3
123 142 4
171 29 4
169 177 4
138 108 4
100 165 2
138 28 4
189 20 4
44 53 3
184 6 3
122 189 1
9 143 4
162 112 3
175 70 3
119 134 1
124 89 1
194 133 2
73 177 3
3 103 2
122 47 4
112 65 1
84 151 2
106 177 4
23 8 1
6 177 3
42 103 1
93 2 4
0 143 2
105 102 4
3 178 3
24 143 2
193 117 3
139 189 2
150 153 3
14 27 3
125 63 2
190 113 2
185 176 4
146 153 4
149 115 3
137 94 3
105 13 1
3 10 2
11 166 3
44 180 3
182 73 3
51 147 2
160 180 4
40 176 4
71 22 3
121 185 1
174 179 1
101 117 4
79 38 3
117 89 4
170 74 2
7 87 2
137 10 4
154 72 2
113 122 2
119 177 2
183 68 4
0 130 3
91 75 4
115 70 3
35 44 2
59 137 1
70 107 4
49 86 4
133 64 2
68 187 3
86 191 2
155 44 3
49 85 2
170 79 4
138 60 1
190 174 3
56 44 4
15 130 3
90 71 4
112 172 1
184 193 1
12 7 3
150 139 1
3 140 3
124 149 4
149 121 1
107 135 2
119 50 1
55 96 1
132 151 4
77 121 3
98 126 2
198 113 2
152 119 3
83 149 3
87 149 3
33 62 1
127 196 2
85 116 3
108 17 1
147 150 3
93 63 4
4 35 4
187 140 2
31 93 2
177 156 3
167 67 1
62 55 3
195 152 4
109 116 2
35 125 3
64 45 4
150 0 4
174 151 2
178 86 2
60 177 1
194 69 1
196 28 4
30 49 3
169 5 2
49 9 3
174 49 1
81 28 1
115 110 1
164 158 3
99 128 1
145 110 4
107 15 2
82 182 4
193 159 3
163 198 2
115 117 1
162 125 1
78 131 4
16 149 3
101 176 1
139 101 3
186 91 4
51 125 1
141 55 4
114 146 4
83 150 1
145 164 4
126 1 4
31 151 4
120 182 3
136 193 4
129 103 4
165 18 4
123 139 2
151 14 3
17 76 1
91 60 1
180 4 3
61 10 4
186 55 4
98 171 1
26 143 4
74 2 1
102 95 4
194 7 1
143 177 1
69 54 4
56 122 1
147 30 2
149 45 1
113 58 1
191 190 1
134 129 1
172 14 4
96 149 1
48 169 1
125 42 2
27 90 1
175 2 3
192 196 4
166 91 1
13 183 2
72 136 2
97 116 3
35 139 2
17 75 2
93 155 1
37 171 1
199 115 2
74 27 3
125 54 4
86 8 2
29 144 1
171 132 4
155 96 3
112 10 3
24 189 1
46 14 2
159 191 4
84 43 4
141 34 4
156 166 2
120 15 4
45 91 4
72 96 2
113 26 4
96 92 2
26 49 2
131 161 3
142 35 2
119 122 1
176 89 3
72 21 4
58 187 1
50 43 3
183 89 1
98 183 3
134 24 4
187 118 1
103 11 4
14 180 3
176 192 1
96 197 3
24 192 1
127 153 1
179 25 4
86 98 3
144 10 4
3 0 4
91 76 4
193 43 4
20 31 3
91 94 4
172 164 3
196 168 3
118 101 4
196 194 3
42 179 1
169 149 2
84 72 3
47 121 2
63 169 3
37 11 3
111 166 4
18 138 4
15 88 3
82 148 4
26 181 3
193 178 1
64 171 1
197 132 4
108 18 2
146 137 4
46 89 4
76 197 3
9 170 3
105 176 4
143 192 4
82 87 1
59 92 3
106 32 1
174 157 2
29 189 1
161 55 1
90 122 1
12 23 4
51 56 3
70 162 3
181 22 2
162 184 1
133 0 3
66 25 3
33 133 3
117 110 4
159 62 2
113 115 4
87 37 4
4 163 4
88 160 2
197 100 1
120 123 2
22 163 2
121 62 1
8 150 2
21 197 1
133 92 4
33 152 2
49 65 4
15 2 2
54 82 1
124 91 3
98 85 1
81 3 2
189 112 1
40 7 1
98 172 2
15 36 4
93 5 1
35 62 3
158 150 4
81 175 4
103 154 1
165 71 1
98 104 3
95 56 4
146 148 2
135 122 2
192 88 1
148 128 1
191 119 1
64 43 3
182 25 3
16 172 4
89 11 2
21 55 4
158 138 1
135 4 3
112 64 3
53 183 2
187 147 2
114 138 3
6 42 4
118 28 2
137 23 3
79 109 1
131 180 2
76 156 3
175 31 1
111 48 4
102 24 4
99 90 2
142 163 1
107 144 2
107 29 4
134 77 4
193 158 3
45 12 2
63 80 2
131 0 4
169 142 3
46 17 3
182 190 4
184 181 3
30 20 3
160 189 1
75 20 2
140 156 3
16 182 1
161 29 4
176 34 3
88 6 2
70 0 1
145 87 4
27 6 3
199 141 1
58 179 3
34 181 3
98 90 2
125 143 2
102 100 4
48 50 3
9 115 3
4 109 3
101 143 2
4 9 1
45 73 3
137 84 1
72 14 3
22 75 2
8 79 2
95 64 2
86 198 2
34 109 1
142 18 2
41 59 3
114 153 4
14 147 1
69 118 3
14 88 3
94 51 4
165 45 1
185 86 1
40 190 3
117 131 4
48 6 4
176 121 3
71 186 1
71 188 4
112 108 1
187 67 1
64 51 2
195 193 2
33 123 1
81 168 2
85 137 1
39 82 3
19 104 1
170 78 1
82 32 1
25 28 2
4 25 2
129 47 3
6 185 3
17 190 2
57 62 1
93 12 1
189 131 3
78 173 3
59 151 3
100 84 3
96 71 2
197 74 4
66 35 3
111 106 1
83 35 3
62 148 3
19 192 1
150 95 3
160 101 4
150 113 2
128 14 4
35 178 2
184 168 2
92 28 4
102 157 3
181 48 4
130 84 1
106 165 3
58 54 2
78 112 3
151 46 4
102 31 2
197 185 2
20 195 1
62 126 1
174 75 1
198 134 2
55 81 3
143 54 3
169 181 4
191 49 1
189 193 2
36 153 4
97 98 2
92 24 2
71 187 3
184 123 3
167 85 3
164 66 4
56 6 2
36 92 4
52 37 1
126 167 3
106 171 2
112 58 4
85 15 3
189 184 3
45 129 4
124 108 2
47 45 1
7 31 4
4 51 4
186 137 4
0 14 2
1 190 4
129 180 1
9 13 2
74 26 1
50 143 1
67 132 2
183 41 4
166 162 2
136 74 2
30 44 4
54 132 3
199 180 2
12 74 3
140 132 4
80 188 2
124 76 2
168 182 1
53 99 1
9 122 4
175 134 2
53 143 4
105 148 4
31 129 4
20 188 3
69 66 1
194 155 4
100 183 1
13 186 2
113 142 4
88 128 3
167 141 2
51 148 2
70 30 1
163 148 2
190 179 2
14 71 3
65 4 1
73 199 4
128 56 1
136 144 4
178 125 1
28 186 4
1 92 3
133 135 4
79 162 4
75 181 4
129 6 4
156 164 2
118 49 1
31 84 3
7 25 4
194 57 1
162 99 3
188 13 3
145 196 1
7 3 4
46 34 4
147 81 4
58 156 3
152 55 1
125 21 4
53 48 4
50 31 2
46 161 3
133 48 1
89 75 2
47 36 3
7 179 4
141 108 4
87 94 3
62 71 1
100 185 1
154 81 3
64 75 1
95 180 1
20 115 3
83 162 3
98 50 1
151 34 1
160 173 2
125 168 4
95 65 3
175 44 3
154 3 4
129 98 1
46 71 2
76 14 4
69 88 3
125 9 3
163 172 3
33 52 3
9 43 1
147 146 4
160 90 4
27 154 1
194 168 4
142 125 1
37 114 2
154 195 1
96 105 2
115 136 2
118 88 4
118 45 4
195 130 1
180 3 1
55 58 4
175 42 3
158 156 3
152 9 2
161 67 2
162 180 1
150 79 3
70 72 2
149 80 4
40 33 4
3 45 2
4 7 2
137 29 3
169 3 2
86 6 4
14 186 3
72 137 4
10 18 3
102 199 3
13 192 1
157 91 2
83 148 4
118 73 4
74 101 3
28 11 4
71 23 3
188 181 2
133 130 3
58 143 4
83 187 3
75 167 2
181 112 1
185 38 4
103 193 4
78 147 1
83 70 1
56 133 3
128 33 1
158 132 2
167 44 4
22 180 3
181 41 2
82 60 3
88 166 2
49 168 2
104 180 1
132 98 3
189 72 4
20 197 4
1 166 1
110 86 1
8 113 2
15 20 1
139 0 4
52 88 1
177 37 4
97 31 2
28 54 3
182 74 1
196 155 2
99 37 3
7 97 3
150 61 1
9 103 2
61 57 3
73 197 4
7 181 2
173 14 2
88 51 2
170 132 4
106 96 3
177 96 1
180 163 3
44 88 1
9 70 4
167 8 2
1 185 1
99 88 4
54 157 1
196 117 2
52 175 1
9 46 1
79 129 2
79 122 2
31 48 4
173 91 2
70 164 4
32 182 3
16 197 2
156 22 3
2 119 1
0 178 4
132 162 1
31 112 1
103 67 2
90 153 4
4 176 4
182 12 1
15 80 2
96 103 3
72 4 3
127 151 3
64 192 1
124 2 3
160 73 2
82 122 2
67 40 4
108 68 3
106 180 2
102 44 2
43 26 3
198 120 4
180 73 1
165 177 2
77 2 4
7 118 4
190 93 1
150 152 1
67 9 4
57 159 1
188 157 1
144 143 2
152 50 1
26 71 2
35 141 4
87 112 2
164 22 2
66 13 4
46 51 1
75 77 4
165 133 3
92 130 4
181 73 2
10 16 1
193 152 3
139 43 3
194 12 2
82 68 2
79 198 4
130 89 1
27 75 1
62 155 1
156 24 1
20 13 1
97 32 1
144 77 2
11 77 1
94 142 3
198 165 3
61 21 1
151 180 1
27 103 4
163 182 4
96 74 3
80 7 4
151 178 4
186 50 2
136 189 3
53 35 4
67 70 4
120 109 2
25 100 4
190 195 2
68 151 3
17 152 2
109 106 2
127 94 4
147 129 4
21 73 1
52 144 4
195 29 3
145 131 4
81 176 1
108 139 4
16 94 2
157 83 4
118 59 2
156 67 1
189 135 4
23 198 3
103 133 2
195 1 2
153 89 4
184 169 4
131 57 3
140 112 1
27 146 4
14 87 2
177 88 4
88 159 3
93 101 4
87 131 4
76 122 1
121 171 1
182 183 2
164 91 4
111 170 3
56 32 2
104 69 1
94 55 1
152 183 4
146 130 3
111 62 1
170 135 3
170 29 2
33 12 2
83 172 2
83 122 1
196 75 4
25 53 3
12 46 3
148 25 2
86 83 4
3 20 3
37 19 2
13 143 3
87 199 2
60 189 1
139 187 4
86 13 1
134 108 2
177 120 2
5 60 1
168 2 4
29 33 1
3 157 4
65 37 3
62 177 2
194 55 1
137 115 3
32 70 4
164 0 3
55 113 4
158 196 2
175 98 1
153 61 4
84 161 1
78 79 2
186 11 4
82 29 3
7 197 2
190 175 3
196 5 3
29 179 4
181 71 3
74 54 3
39 145 1
116 54 2
152 92 1
199 166 3
83 48 2
43 17 4
61 5 2
59 123 2
185 82 1
42 159 2
94 25 2
167 34 2
10 80 1
78 45 1
185 43 1
156 50 1
38 39 4
55 4 4
16 150 2
103 36 4
83 101 4
189 53 2
147 173 2
175 138 4
40 179 2
166 196 1
141 23 1
123 4 1
135 183 2
113 171 2
120 111 2
75 83 3
76 165 3
74 175 4
170 6 4
139 178 1
106 24 4
183 129 4
181 163 4
168 169 1
19 108 3
178 150 4
112 3 1
183 87 2
47 76 1
112 116 1
4 152 2
100 69 4
84 96 3
110 190 4
185 99 1
150 176 3
78 191 1
152 93 1
117 114 4
98 161 2
183 164 2
66 96 3
165 160 3
79 156 1
178 175 3
168 139 3
46 107 4
187 39 3
87 23 4
141 192 3
169 106 3
12 41 3
125 5 3
88 197 1
161 83 1
16 111 4
195 164 4
12 131 1
147 46 1
64 183 1
195 169 1
160 11 3
100 27 4
87 47 3
151 48 1
88 168 2
174 197 2
160 139 2
107 63 4
83 51 4
194 130 3
21 64 1
32 135 4
87 159 4
169 13 4
154 110 1
121 105 4
148 153 4
10 47 4
53 13 2
79 190 2
32 178 4
55 154 2
7 172 4
140 58 1
187 27 3
9 153 1
194 176 4
108 173 2
15 133 3
128 31 1
32 95 2
153 118 3
6 101 4
129 148 1
147 61 1
146 160 4
118 64 4
156 97 3
135 157 3
59 78 3
89 159 1
87 123 3
197 83 1
131 47 3
155 153 1
27 112 4
106 178 1
186 198 1
45 90 2
21 159 1
188 62 1
161 95 4
15 170 4
29 49 3
92 121 3
3 36 3
85 67 1
14 138 4
111 64 3
131 165 3
0 60 1
109 194 1
192 184 2
181 121 1
73 63 4
141 110 2
1 164 4
119 183 4
113 54 3
65 36 2
187 185 2
130 38 1
60 126 4
62 140 3
98 51 2
135 98 2
139 68 4
199 136 2
12 144 1
162 20 3
28 97 3
186 58 3
104 13 3
19 68 4
140 107 3
107 176 3
138 42 3
6 122 3
142 2 2
102 170 4
102 161 2
43 0 4
52 190 2
168 79 3
87 173 4
91 27 1
184 158 1
160 91 2
24 117 1
128 51 3
23 72 2
41 15 2
4 185 4
66 136 4
93 150 2
132 91 2
53 114 3
164 181 3
78 100 4
62 8 1
47 92 2
71 78 3
85 96 2
3 114 1
116 82 1
179 180 2
114 162 4
90 47 3
170 35 1
161 156 2
60 50 3
151 175 4
89 61 3
131 50 4
131 84 4
73 117 3
80 94 1
82 119 2
88 139 4
73 112 4
88 189 3
61 75 2
195 165 2
35 126 3
191 31 2
2 26 3
35 173 4
90 6 2
181 42 4
88 59 4
23 35 2
148 162 2
131 6 3
83 61 3
53 71 4
173 29 3
156 30 4
19 63 3
69 70 3
127 57 1
77 68 4
39 199 2
170 149 3
13 116 4
118 193 1
196 126 3
49 48 2
29 22 1
49 64 1
34 97 4
10 156 4
12 198 2
13 52 3
99 116 1
143 117 3
3 75 4
21 51 1
42 165 2
31 142 1
157 117 2
159 74 4
19 7 4
167 101 2
135 69 2
74 139 3
44 151 1
162 144 2
192 139 4
80 102 3
18 86 1
40 14 2
122 37 4
70 99 2
166 89 4
166 109 4
17 196 2
49 60 4
69 73 1
1 30 1
31 13 2
11 57 2
7 175 2
162 92 4
80 76 4
138 70 3
31 124 3
52 86 4
85 63 1
51 99 1
181 57 3
15 163 1
179 13 1
144 0 2
26 146 1
133 22 2
139 164 3
152 131 3
68 129 4
151 51 3
30 122 1
102 49 1
17 147 4
83 174 4
37 165 4
165 122 2
77 170 3
154 127 1
130 83 4
132 38 1
186 75 4
21 173 3
86 106 1
1 99 1
70 117 3
150 189 4
78 186 1
2 59 1
141 74 3
56 126 3
68 10 3
89 150 3
81 102 4
98 8 1
79 113 4
45 126 1
123 121 1
72 90 2
96 10 2
76 1 3
49 133 2
78 56 3
5 76 2
141 168 4
87 97 2
186 105 1
99 102 4
4 40 3
75 189 1
59 105 3
84 36 3
135 197 3
69 146 3
86 189 2
180 87 2
69 173 1
83 176 2
128 161 3
120 94 3
104 179 3
135 29 2
198 137 2
134 109 3
185 111 1
79 41 2
157 114 1
147 125 2
91 123 1
183 24 1
50 120 1
70 42 3
102 172 2
9 177 3
123 30 2
133 175 1
161 162 3
165 164 4
6 92 2
73 163 3
21 135 2
141 37 4
163 67 2
118 161 4
17 84 2
169 67 2
141 188 2
187 3 3
40 114 3
153 11 3
26 154 4
148 194 3
28 149 4
180 146 4
150 5 4
120 39 3
71 167 3
66 180 2
185 61 1
154 131 2
27 105 4
192 152 3
178 189 4
191 162 1
155 0 1
77 192 2
186 12 1
8 147 1
92 40 1
4 129 3
74 32 4
69 31 3
154 23 4
15 82 4
140 18 4
12 199 1
28 137 1
176 35 4
33 109 3
45 155 1
138 186 1
184 40 4
86 10 1
175 101 4
101 97 2
2 177 2
161 171 4
188 124 1
62 107 4
33 85 2
77 56 3
158 146 3
99 118 2
138 99 4
98 173 3
57 10 4
111 117 4
104 83 4
94 85 3
118 53 4
120 132 1
41 48 4
31 75 4
29 78 3
139 84 1
159 94 2
77 193 3
8 193 4
182 175 1
80 55 2
36 199 2
177 147 3
21 183 2
154 24 4
187 189 2
102 178 2
84 103 3
179 85 2
178 52 4
82 33 3
127 146 1
23 60 1
37 32 4
190 35 3
92 48 3
181 125 3
63 111 4
175 168 2
7 178 3
155 138 1
143 88 3
81 172 1
16 64 4
137 134 3
55 168 2
23 108 1
117 160 3
63 24 4
154 181 2
69 91 3
89 49 4
54 4 1
5 161 4
39 134 1
162 61 1
157 122 1
69 113 2
38 193 2
64 36 1
69 153 2
38 69 4
16 178 2
191 37 3
49 135 3
126 53 4
59 112 2
115 107 1
9 71 2
159 63 3
167 196 1
36 78 4
54 59 2
58 150 2
20 199 4
95 124 4
72 7 1
57 98 4
36 121 1
132 103 3
126 111 1
47 190 2
49 67 4
3 159 4
121 146 4
127 195 1
68 163 4
195 61 2
177 44 3
43 166 2
59 85 4
65 197 1
21 54 4
53 147 1
175 125 1
91 116 3
53 30 3
100 125 2
152 65 1
175 150 2
196 12 2
84 34 4
150 81 3
48 192 4
143 158 1
181 136 3
4 60 2
