9950 200
0 146 4
0 43 9
146 83 7
146 12 5
0 11 1
43 177 4
43 113 5
11 116 2
113 69 4
43 64 8
43 122 1
116 23 8
43 171 2
12 45 7
113 121 9
12 189 9
43 176 2
45 58 6
69 96 2
176 77 4
83 47 4
77 86 6
171 106 5
106 6 8
77 73 4
43 160 5
146 155 1
12 67 4
171 40 6
106 184 1
23 15 5
86 39 1
64 26 4
69 140 5
58 63 6
140 128 7
113 19 9
140 61 3
121 34 4
128 21 9
96 79 7
171 152 6
140 95 5
43 35 1
106 48 1
116 169 8
48 14 3
6 109 4
73 117 9
34 162 4
15 85 6
86 179 4
12 80 3
106 182 4
155 148 3
182 142 9
96 10 6
80 180 4
95 84 6
140 124 1
40 150 4
77 149 8
63 151 9
6 101 9
12 108 5
39 59 7
96 144 2
15 111 6
160 134 9
101 195 5
96 139 9
77 50 3
64 93 4
177 125 7
176 186 5
73 130 9
113 82 4
106 57 9
101 198 4
162 147 3
80 55 2
40 2 3
146 131 1
95 74 8
67 78 2
48 141 2
50 31 9
101 115 4
113 190 6
122 42 5
141 22 8
23 136 5
134 54 7
139 7 9
82 3 6
130 75 9
162 133 7
122 62 5
50 129 3
0 172 2
144 20 8
180 102 9
151 188 8
95 167 8
128 135 9
160 161 9
150 91 4
131 192 9
184 123 2
58 71 3
10 4 3
23 159 4
155 157 5
121 32 6
69 127 9
77 16 5
32 185 6
184 193 8
47 138 3
188 156 4
6 183 8
169 145 6
193 178 1
142 126 5
139 5 2
176 98 1
71 88 6
101 24 5
82 51 6
183 104 2
19 27 6
3 29 3
136 92 7
0 97 2
4 132 4
80 120 4
27 187 6
178 17 5
176 174 7
4 166 4
61 72 3
63 60 2
3 191 6
17 18 6
88 41 7
67 170 1
115 114 4
102 89 1
140 100 2
50 9 5
78 163 6
129 105 1
17 36 5
96 164 3
132 30 9
59 44 3
9 56 7
84 70 2
93 168 7
67 1 6
17 81 8
166 194 1
185 143 4
143 103 5
51 137 1
136 158 3
116 25 8
73 94 4
116 65 3
32 28 8
163 49 9
113 37 9
157 76 7
93 53 3
148 87 6
50 99 7
42 33 5
3 46 8
7 68 6
160 154 5
17 181 3
115 8 6
76 119 4
0 199 1
77 110 8
149 107 1
192 196 7
182 175 1
2 13 4
80 90 4
175 66 5
82 112 2
62 118 4
39 52 2
140 165 1
149 173 5
145 153 8
81 38 2
167 197 4
111 20 2
72 123 2
163 128 3
38 21 1
14 31 4
145 103 2
105 180 3
84 173 3
32 188 3
152 46 4
2 168 3
19 110 2
127 81 4
125 4 3
132 123 1
47 41 3
167 112 2
51 56 1
140 13 3
61 12 3
131 16 3
170 171 1
156 198 4
168 32 4
43 6 2
12 86 4
40 149 2
9 36 1
8 140 4
168 104 3
112 92 2
182 148 2
177 86 1
83 158 2
121 86 3
61 48 4
101 110 1
105 132 4
105 117 3
117 186 2
0 15 1
25 37 2
55 146 4
119 139 3
106 89 1
96 89 4
31 21 1
24 159 3
49 174 4
130 123 1
90 190 2
173 133 1
162 161 4
129 83 4
187 44 1
128 11 1
100 199 4
187 158 4
185 56 4
18 41 4
187 195 4
12 56 2
163 110 1
199 97 2
116 112 4
186 160 1
88 86 3
48 22 3
27 29 4
161 157 1
73 175 1
79 169 4
98 130 3
93 119 1
69 37 3
5 154 2
32 100 3
155 25 1
35 102 3
16 138 3
189 99 1
165 171 3
110 28 4
11 108 3
2 66 2
32 143 1
70 98 3
199 144 2
132 165 4
157 42 3
90 118 2
60 3 3
96 21 2
93 61 3
132 143 4
185 160 3
185 151 3
52 28 2
96 49 3
148 76 1
113 86 3
85 49 4
163 113 3
89 132 2
132 83 4
197 130 4
13 36 1
13 63 3
13 115 1
49 78 4
42 22 2
97 148 1
178 16 2
198 150 2
55 162 2
30 80 2
83 109 4
87 110 4
186 34 2
172 52 3
6 57 1
116 124 1
177 24 4
93 14 1
162 32 3
132 66 1
180 72 3
50 190 3
16 134 3
195 72 3
164 100 4
49 125 3
178 166 3
7 93 3
136 94 2
100 146 2
142 30 1
168 20 1
49 113 4
68 126 2
158 8 4
119 114 4
108 26 3
97 114 1
163 96 4
189 92 4
168 94 1
101 151 2
141 164 2
52 114 3
89 172 3
175 54 2
19 119 1
182 30 1
47 37 2
156 46 2
29 123 4
190 189 2
186 24 2
55 144 4
64 21 3
29 105 2
89 167 1
28 4 4
17 123 3
119 135 3
97 147 4
171 77 1
108 139 1
97 83 1
173 85 4
65 35 4
131 179 1
169 0 1
155 21 4
168 127 1
117 63 3
151 110 2
94 116 4
44 60 4
170 125 3
146 156 1
79 123 2
60 160 4
68 175 4
170 175 4
170 57 2
80 148 3
30 88 1
1 108 4
59 67 1
22 98 4
70 111 1
11 114 2
101 97 3
4 12 3
125 24 1
43 36 4
144 46 3
169 130 3
131 138 3
74 6 2
166 34 1
2 185 2
171 113 3
149 180 3
189 25 4
59 185 1
193 142 2
6 61 1
139 71 1
61 174 4
173 165 2
54 103 2
180 37 1
5 90 2
38 161 4
89 135 2
32 47 3
199 189 1
67 112 3
73 88 2
83 125 2
106 15 1
113 73 1
191 62 3
117 42 2
179 66 1
150 56 3
33 67 4
156 60 1
4 73 1
16 25 1
87 94 4
99 42 1
160 128 4
129 1 3
37 154 2
141 56 2
109 194 4
17 173 3
126 191 2
129 101 3
4 116 4
104 110 1
153 184 2
179 35 2
124 52 1
190 98 2
161 114 2
59 133 1
137 113 2
26 105 4
114 15 2
79 89 1
127 60 4
22 112 1
191 122 2
122 147 3
63 81 3
179 38 3
166 44 2
14 151 1
191 72 3
173 153 4
93 65 4
99 129 1
16 150 1
21 9 4
93 185 4
136 193 3
130 180 2
60 69 2
103 196 2
94 7 2
83 7 4
121 104 1
150 120 3
113 22 3
71 15 3
3 39 2
50 94 4
58 61 2
71 130 1
153 111 4
98 58 1
157 123 2
173 97 4
112 111 3
60 169 2
86 112 4
29 109 2
116 170 1
31 125 1
103 28 1
102 137 4
90 182 3
111 167 4
30 28 4
70 44 2
41 108 4
145 16 1
102 132 1
129 69 3
150 48 2
160 81 3
30 89 2
187 177 4
161 75 1
58 101 4
130 157 4
5 150 2
177 44 3
80 83 3
43 12 2
106 146 4
131 25 1
194 60 1
5 22 3
68 1 2
168 81 2
163 75 4
198 65 2
165 30 2
130 23 4
73 148 1
115 116 3
76 156 3
102 41 2
94 105 2
83 177 4
178 44 1
106 139 1
5 193 2
86 7 3
27 66 3
21 169 1
100 13 4
75 23 2
162 87 4
0 115 3
55 64 1
121 8 3
97 1 4
65 146 2
78 62 1
41 198 2
141 23 3
50 73 2
121 88 3
150 74 2
159 130 4
17 145 4
181 121 2
88 108 1
159 12 1
114 180 1
115 154 2
163 83 3
102 30 2
175 135 3
73 8 1
124 178 1
49 146 2
45 111 1
45 41 2
114 77 1
116 171 3
191 85 2
85 2 3
178 15 1
148 18 4
173 107 1
38 15 1
42 134 4
54 1 2
115 112 2
117 134 1
185 23 4
143 105 1
196 81 2
66 36 2
16 109 3
145 43 2
105 161 2
28 12 1
20 16 3
123 56 2
69 41 3
158 123 2
113 48 2
18 183 1
147 139 4
172 14 2
176 134 4
70 38 4
81 57 1
83 176 2
116 174 3
171 100 3
153 179 1
19 72 3
116 199 4
152 51 4
178 77 2
193 111 3
178 54 4
131 188 1
151 3 1
122 103 3
26 55 3
61 153 2
149 141 3
39 142 4
196 65 3
149 140 1
145 79 2
51 27 1
146 184 3
19 54 1
73 62 4
194 42 3
55 53 3
142 112 4
193 94 2
30 171 4
91 195 4
29 159 3
6 104 2
23 168 2
121 164 1
50 35 1
84 103 2
153 24 4
98 113 2
87 119 3
94 131 3
61 161 3
1 115 3
45 189 3
174 131 4
21 126 4
23 22 4
24 118 2
55 63 1
146 10 1
109 153 3
164 87 2
29 26 4
139 154 1
34 56 4
149 34 3
35 87 1
142 192 4
138 53 3
135 174 2
124 129 2
20 34 2
17 80 2
146 96 1
158 155 4
175 110 4
155 10 1
35 106 1
119 149 1
23 59 4
93 150 1
48 57 2
66 151 4
52 16 4
113 15 2
40 4 3
180 133 2
174 185 2
172 35 3
152 195 1
88 28 3
30 105 3
176 57 1
8 102 4
78 108 4
109 37 2
76 90 2
127 38 4
45 122 4
117 152 4
124 42 2
92 179 2
44 123 1
149 125 4
79 43 3
61 47 4
128 159 2
156 36 4
26 14 4
128 167 4
115 107 3
79 88 4
180 29 4
138 97 2
50 20 4
120 191 3
1 96 1
117 154 3
146 11 3
82 141 3
134 41 2
78 176 4
115 14 1
159 171 3
115 128 1
65 69 1
89 148 3
106 85 2
6 47 4
158 9 3
90 177 3
18 11 1
195 33 3
148 65 1
156 165 3
62 34 1
167 84 2
77 68 1
66 92 4
173 48 3
191 40 1
53 114 2
179 172 3
71 117 1
146 194 1
159 122 2
104 72 2
96 136 1
136 43 2
83 29 3
39 198 3
3 185 4
171 130 4
194 78 3
154 88 3
178 79 2
31 157 1
6 152 1
10 7 4
79 75 3
96 132 1
19 28 3
129 12 2
46 102 1
89 64 2
98 96 2
27 55 2
155 114 3
147 45 1
36 114 2
65 59 2
137 45 1
119 18 1
71 170 1
26 34 1
17 114 1
182 128 2
16 97 4
137 21 2
107 21 2
137 127 4
13 155 1
84 34 1
25 88 2
53 173 4
126 78 4
115 73 1
72 53 1
146 198 1
87 117 1
19 137 4
79 40 4
76 138 1
196 136 1
135 73 4
140 173 4
14 101 1
8 198 4
199 181 2
54 26 4
117 77 3
178 46 3
158 61 2
181 192 3
23 125 2
128 84 3
140 24 4
125 1 4
105 63 1
118 126 1
3 197 4
62 72 4
158 178 3
13 33 1
18 24 4
159 140 3
117 170 3
87 166 4
66 115 3
147 82 1
162 150 4
176 18 2
111 48 3
52 53 4
171 133 1
198 158 4
116 66 3
61 34 3
25 40 2
39 57 3
138 123 1
79 94 2
111 135 1
74 132 3
90 147 2
94 54 2
94 152 1
91 154 2
106 39 2
127 199 1
121 67 1
44 190 3
195 55 1
5 4 3
13 108 4
45 164 1
9 33 2
112 139 1
40 189 1
192 198 4
77 55 4
188 4 2
98 0 4
166 30 1
63 8 2
178 163 4
33 109 2
142 129 4
146 183 4
160 19 1
173 179 2
6 99 3
109 22 4
62 37 1
28 153 4
183 114 4
96 141 3
0 21 2
10 102 3
148 119 4
131 197 4
117 75 3
102 84 2
139 64 4
143 46 1
93 149 4
44 167 4
149 97 3
133 78 4
141 189 3
52 31 2
185 21 4
139 184 2
18 15 4
85 148 4
62 26 4
184 192 1
192 39 1
91 24 4
129 62 2
195 189 1
82 162 3
147 61 2
79 167 3
20 173 4
181 118 4
4 2 2
102 174 3
148 151 4
129 145 4
72 115 4
82 68 1
21 192 1
29 173 3
141 4 4
3 36 1
144 106 3
155 19 1
43 77 1
8 34 1
103 137 1
16 154 2
72 186 2
96 111 1
125 18 1
18 4 4
117 19 4
12 102 4
194 105 3
92 94 1
30 26 3
111 113 2
7 52 3
176 0 2
52 122 1
73 193 4
11 194 3
95 47 2
137 111 3
152 101 4
188 122 1
122 7 3
87 1 2
86 161 2
50 171 3
185 107 4
180 43 4
166 93 4
28 172 1
139 145 2
157 11 1
172 61 3
99 43 1
37 146 4
101 35 3
145 30 2
187 103 3
44 154 3
86 54 1
18 58 2
146 99 1
182 113 4
49 107 3
185 184 1
47 23 2
53 26 1
112 137 1
89 53 1
185 179 3
13 74 4
88 65 2
66 125 4
1 176 2
112 18 3
193 77 3
33 142 3
79 31 4
125 55 3
38 115 2
184 111 1
15 143 1
35 94 2
127 88 4
8 168 2
47 182 4
121 46 2
174 44 3
45 24 2
52 79 1
70 138 2
181 73 2
163 18 1
69 148 1
151 30 2
169 186 2
195 112 1
41 36 2
178 143 3
151 134 3
33 123 4
92 45 2
96 178 2
164 191 4
63 159 3
123 7 1
65 105 3
44 32 4
70 96 3
111 51 4
26 137 3
62 8 4
152 193 4
181 143 3
10 153 4
95 125 3
122 63 3
199 190 3
52 140 1
112 9 1
84 22 3
54 32 2
97 4 4
198 42 3
78 66 3
75 57 2
73 24 3
156 142 4
45 15 3
36 121 2
3 1 3
192 74 3
192 4 4
108 129 4
57 191 2
3 137 1
88 145 2
173 2 3
165 190 4
104 137 2
137 91 1
85 110 4
96 59 1
46 176 2
90 102 2
135 102 4
46 120 1
86 45 3
190 99 2
161 113 1
80 91 4
141 68 1
73 36 2
141 124 2
22 180 4
164 55 2
169 131 2
123 43 4
191 146 1
142 95 1
24 119 2
185 110 4
142 75 4
0 114 3
135 100 1
93 165 1
1 49 1
87 7 3
114 73 2
131 156 3
199 45 2
99 45 1
87 61 3
133 139 3
138 72 1
173 159 2
147 99 3
196 52 1
117 7 4
126 116 4
132 50 3
2 15 4
38 156 2
62 12 1
74 165 2
151 170 1
142 37 2
6 28 4
107 131 1
4 45 4
144 170 1
27 165 3
30 34 3
188 196 3
31 36 3
173 142 3
171 154 1
128 181 2
52 185 2
177 196 3
75 152 2
164 127 2
40 89 1
123 34 2
138 96 3
186 168 2
36 132 3
90 21 4
192 133 4
22 126 1
198 161 2
14 194 2
41 138 4
137 95 2
99 176 1
127 42 1
174 39 4
194 97 4
110 20 4
10 199 1
55 122 2
183 10 3
46 7 3
85 16 4
54 149 1
17 172 2
196 155 2
172 110 2
185 152 1
19 48 3
67 22 4
65 130 2
121 127 2
138 61 4
78 156 4
8 3 1
102 49 1
156 61 3
86 33 1
163 0 2
75 9 1
28 91 2
31 40 1
182 48 1
174 52 2
45 108 3
177 91 3
55 57 3
145 173 3
144 120 2
3 162 1
129 92 1
191 109 4
188 198 1
99 15 4
52 2 1
88 148 1
158 1 3
164 168 4
38 102 2
116 44 4
51 182 4
65 193 3
72 128 3
104 82 1
1 53 1
140 148 4
6 174 3
108 20 4
158 89 1
78 30 1
27 41 4
115 45 3
7 101 2
122 171 3
121 50 2
162 81 4
63 25 1
46 70 4
157 187 4
144 84 2
118 171 3
114 176 4
196 185 3
54 58 2
197 91 2
12 50 1
38 117 1
192 139 4
17 148 4
47 141 1
110 102 4
83 170 4
57 184 4
170 192 2
85 177 1
177 174 2
80 108 3
14 159 3
76 54 3
79 191 1
27 122 4
191 142 4
59 130 4
149 47 2
83 48 2
20 74 3
152 32 1
150 165 3
123 8 3
118 6 1
189 171 2
26 129 2
125 117 3
161 29 4
15 188 3
170 182 1
106 38 2
194 143 3
144 160 1
68 66 2
177 34 3
83 67 2
197 61 4
72 160 3
185 109 4
54 8 3
114 104 2
46 16 2
57 199 1
175 48 3
99 127 1
26 21 2
141 169 2
97 39 1
85 37 3
180 84 4
162 40 3
128 24 3
3 10 3
24 165 1
44 4 2
173 79 1
158 31 1
126 186 2
91 73 4
45 172 1
29 192 1
69 195 2
44 125 1
26 109 3
60 31 1
46 165 4
0 191 1
32 119 4
198 11 4
185 186 3
52 97 3
178 39 3
110 195 1
65 112 1
46 59 2
193 105 4
44 192 4
162 26 4
163 121 1
37 130 3
97 20 3
89 129 3
38 86 2
88 143 3
34 159 2
126 128 3
139 92 2
128 131 1
45 68 4
98 25 3
119 141 3
106 169 2
33 91 1
126 51 1
10 20 1
174 120 4
46 33 4
112 25 1
19 11 1
157 186 2
58 133 2
19 140 3
104 95 4
170 68 2
96 42 2
91 149 2
48 167 2
96 100 4
184 9 4
70 139 3
80 173 1
68 131 4
194 83 3
63 191 2
51 25 1
21 141 4
26 163 3
134 56 2
142 47 3
80 127 3
33 65 1
174 35 2
128 91 4
118 18 3
184 156 1
142 176 1
19 199 1
93 140 1
180 112 4
119 102 4
132 104 1
89 124 3
103 153 2
69 133 1
37 182 4
18 140 2
185 11 2
96 142 2
147 186 3
81 90 1
137 193 2
88 175 2
108 17 2
43 49 1
110 194 2
148 57 4
119 89 4
0 1 3
163 101 2
7 12 4
145 133 1
114 184 4
74 105 3
109 84 4
188 18 1
27 93 1
96 22 2
31 3 2
21 133 1
108 128 1
152 188 2
192 0 1
62 76 2
169 125 3
167 132 1
196 106 3
79 11 2
31 72 4
165 169 1
49 155 1
43 153 2
190 23 1
101 166 1
33 31 2
59 118 4
78 143 1
111 124 3
17 154 1
72 106 1
124 165 4
70 195 1
70 125 3
162 190 3
55 106 1
164 10 1
169 128 3
14 158 1
193 48 2
139 122 3
110 170 2
184 48 4
198 191 3
170 89 2
11 63 2
13 5 2
185 189 4
63 171 4
6 167 4
73 11 1
127 151 4
10 138 3
152 198 1
14 129 4
115 113 2
14 2 1
106 27 1
68 96 3
140 84 2
179 27 4
118 107 4
164 126 2
7 98 2
89 163 4
141 38 2
147 103 2
35 199 1
99 70 3
20 160 2
49 106 4
127 46 1
86 19 4
6 19 3
133 103 3
153 161 1
197 168 4
93 79 3
33 179 2
112 90 4
59 93 1
157 110 4
57 192 4
94 71 2
152 192 2
103 59 3
155 51 2
32 5 1
157 40 2
130 19 3
167 3 2
162 167 2
35 26 2
91 31 2
79 132 3
36 83 1
190 43 1
120 11 1
21 194 1
66 19 1
162 152 4
52 192 3
95 159 3
16 170 4
109 176 2
18 122 1
111 176 1
15 3 1
87 14 2
166 144 2
176 180 1
191 155 1
84 191 1
38 5 1
0 140 2
7 49 3
181 7 1
22 168 1
133 175 4
115 118 1
67 113 4
113 99 1
116 91 3
118 104 4
57 135 3
116 197 1
58 52 4
7 54 4
186 178 2
127 8 2
177 72 1
86 128 3
66 134 2
171 172 4
15 103 3
189 170 2
68 153 1
180 150 2
120 180 1
55 29 1
29 40 1
130 54 1
153 154 4
70 49 4
8 64 4
76 88 2
137 17 2
53 99 1
83 69 1
162 35 4
177 197 2
114 170 3
155 185 2
102 123 1
39 61 3
74 125 2
61 44 4
59 80 3
34 91 4
51 66 4
137 28 2
125 122 3
125 118 3
196 85 3
94 64 4
76 57 1
32 86 3
50 42 2
8 141 4
96 6 1
171 29 2
59 108 2
165 199 2
21 41 2
65 103 1
78 22 1
22 130 4
101 65 3
196 162 3
127 97 3
174 117 1
98 88 1
19 65 3
71 156 2
92 186 4
129 135 2
9 81 3
130 66 1
149 192 4
35 133 1
66 95 3
72 161 1
146 196 3
67 122 4
74 141 4
5 19 1
194 113 4
177 138 2
166 150 2
168 148 3
34 64 1
88 144 4
179 136 4
126 8 3
43 198 4
0 175 2
139 59 4
124 131 1
158 196 1
44 90 4
21 168 3
119 16 1
113 131 1
72 18 1
84 181 2
192 107 2
141 30 2
156 53 1
93 73 1
70 105 4
62 159 3
70 3 2
71 158 2
180 101 2
165 134 2
172 128 2
54 0 3
171 149 1
10 131 2
186 45 2
92 62 3
100 167 1
119 158 1
190 8 1
116 51 2
116 142 1
2 98 3
130 168 2
81 51 4
20 35 2
80 174 1
43 13 2
148 160 4
131 136 2
195 65 3
113 122 4
112 130 1
28 95 4
175 146 1
191 58 3
129 82 3
29 107 2
24 19 3
118 57 3
35 119 2
6 172 1
148 82 2
168 110 4
158 186 4
78 177 4
155 137 1
188 66 1
93 120 3
191 114 4
36 86 2
37 171 4
137 138 2
133 149 1
89 181 2
161 88 1
42 166 1
46 6 4
150 73 1
102 168 1
71 178 4
31 47 1
74 175 2
194 22 1
185 183 4
179 60 1
96 99 1
93 193 3
6 191 1
3 189 2
84 96 3
75 124 3
26 52 2
192 50 2
61 117 3
185 161 2
27 1 4
134 2 3
26 181 4
51 10 2
92 194 3
39 23 1
37 83 2
144 168 3
163 98 2
177 53 1
154 162 2
157 32 3
68 10 3
38 23 2
180 182 1
6 67 3
30 3 4
41 83 1
154 25 4
197 40 4
167 96 4
83 185 2
199 141 2
13 142 2
174 3 1
148 137 4
87 137 2
28 163 3
51 19 1
194 88 4
107 134 4
36 113 2
152 142 3
136 197 2
77 24 1
194 147 2
102 181 4
115 77 2
178 184 4
21 125 4
11 12 4
1 78 4
41 177 4
118 166 1
67 158 1
65 138 2
110 60 2
36 100 4
31 81 3
114 6 4
36 119 1
141 95 2
112 63 3
172 25 2
127 53 1
45 17 4
83 49 1
83 19 1
89 141 4
196 35 2
195 182 4
121 119 4
165 73 3
52 71 2
63 98 1
66 4 1
24 132 1
182 169 3
47 127 4
118 152 1
99 101 4
5 96 3
27 149 1
172 108 1
46 82 1
33 172 3
61 80 3
162 136 4
131 199 2
68 32 3
20 1 4
129 112 4
67 193 2
144 83 4
139 99 3
106 114 1
189 47 4
126 88 4
119 189 4
53 23 1
104 141 3
102 173 4
23 197 2
127 34 1
177 114 1
156 199 4
120 119 2
176 105 1
58 9 3
36 138 3
50 96 3
107 156 1
175 116 4
102 70 4
174 10 2
101 50 1
76 10 2
35 142 3
142 155 2
20 136 2
180 161 4
194 24 2
27 4 4
55 82 1
48 101 4
53 86 4
63 22 1
114 76 4
8 2 4
32 61 3
12 142 3
18 114 3
199 84 4
32 36 2
154 36 4
17 24 2
53 19 1
141 16 4
126 119 3
14 195 4
132 77 1
124 93 4
68 177 2
83 57 2
128 8 1
24 48 1
67 183 3
93 160 3
122 184 3
151 78 3
121 100 1
73 18 3
141 156 4
88 45 1
45 74 1
71 4 4
72 83 4
167 172 3
183 92 1
186 115 4
6 11 4
96 82 2
104 138 1
18 96 3
172 43 3
62 152 2
193 16 2
85 79 1
126 77 2
99 103 3
183 55 4
166 169 3
42 37 4
196 139 3
18 175 1
14 72 1
176 150 4
71 67 2
15 164 1
29 92 1
160 143 3
154 33 4
37 18 2
14 164 4
150 39 2
35 7 3
145 188 3
82 99 1
171 132 2
12 197 1
20 130 3
8 24 2
5 177 4
65 53 2
16 113 4
28 143 1
11 51 2
152 53 3
17 90 2
116 102 1
158 146 4
157 45 4
79 101 3
106 23 3
25 1 2
26 194 4
176 35 1
107 164 3
178 38 2
158 154 3
51 134 1
152 98 1
65 157 1
140 7 3
94 122 2
83 114 2
6 173 2
6 73 1
125 136 1
178 198 1
20 112 3
80 28 1
151 197 4
159 72 1
23 173 1
44 10 1
159 73 3
11 55 1
60 79 3
31 77 3
135 49 3
98 31 3
156 99 4
45 80 4
37 5 4
108 164 3
20 105 2
76 0 3
43 95 2
57 21 4
30 158 1
146 193 4
87 107 4
147 64 1
67 55 2
39 43 2
55 137 3
42 54 2
102 52 3
189 41 4
192 158 1
185 137 1
183 20 1
151 99 4
145 59 3
110 171 2
159 145 1
182 193 3
134 92 3
54 41 3
192 191 1
110 96 3
32 118 3
148 111 2
154 52 3
70 97 4
107 94 4
40 0 1
51 124 2
3 165 2
149 168 4
124 26 1
130 1 2
87 191 3
86 148 2
70 164 3
68 106 4
189 177 4
99 192 1
73 132 3
151 143 4
2 106 2
176 32 3
187 52 3
74 178 3
41 55 4
53 15 4
98 75 2
127 144 4
143 186 4
25 199 1
170 193 4
134 49 4
98 154 2
55 20 2
52 110 2
16 90 1
75 87 1
46 133 2
125 97 3
64 102 1
77 147 2
108 162 3
25 77 1
1 8 1
8 51 2
121 165 2
174 108 3
8 173 1
82 76 2
39 18 4
82 37 2
98 20 1
131 164 2
116 27 1
134 185 4
52 169 2
143 7 1
94 182 1
144 145 2
77 119 4
117 26 2
56 188 1
0 123 2
199 185 3
135 22 2
188 52 2
50 60 4
5 114 3
69 13 1
20 69 1
118 2 1
87 68 3
18 74 3
196 82 2
63 120 4
77 75 1
12 131 1
166 54 4
54 135 3
57 62 2
5 9 3
37 192 3
94 49 2
108 27 1
26 74 2
70 180 3
125 116 3
60 59 3
190 34 1
21 181 1
170 46 1
19 97 3
75 115 1
82 30 4
124 97 1
7 55 3
56 87 4
190 69 4
59 57 4
102 55 2
9 115 3
130 18 2
133 167 1
50 106 1
163 1 1
183 157 1
111 68 3
178 33 2
164 12 1
56 132 2
115 42 4
95 16 2
177 15 4
23 64 2
60 96 4
128 41 1
23 166 3
188 143 3
70 47 4
107 179 3
187 183 3
191 77 2
94 144 2
11 193 3
12 55 1
9 157 2
140 97 3
73 109 3
113 193 1
17 95 3
59 142 4
104 191 3
182 7 4
83 164 3
40 15 1
92 147 4
7 57 1
160 123 4
4 95 1
54 151 2
35 53 3
46 181 4
166 39 4
104 1 1
165 43 2
125 180 2
2 171 2
62 79 1
18 27 1
41 158 3
165 106 2
131 38 4
136 5 3
167 164 2
150 53 1
187 108 3
148 126 1
32 103 2
175 109 1
175 191 2
167 113 1
96 83 3
66 126 3
98 135 4
99 100 3
42 161 1
45 78 4
123 153 1
27 73 3
5 147 3
6 158 1
51 45 3
46 98 1
181 36 2
44 86 3
76 26 4
37 131 2
179 128 1
124 5 4
197 186 3
34 47 3
10 93 3
140 27 2
73 66 4
144 5 3
60 43 3
8 152 2
16 84 3
198 71 2
14 7 3
140 169 2
159 136 4
158 103 2
59 100 2
146 113 2
180 44 3
128 102 4
46 24 3
19 182 2
116 77 1
55 160 3
23 150 4
124 92 3
176 135 1
17 40 4
117 129 2
165 60 3
20 100 4
105 67 4
16 124 1
115 21 4
161 193 2
163 57 4
79 165 3
186 16 3
106 81 4
145 182 3
121 105 3
163 140 4
15 181 4
167 51 4
91 22 2
156 123 1
27 131 4
70 126 2
13 105 4
53 13 2
36 76 2
84 129 1
180 51 1
127 135 4
35 70 1
30 123 2
65 25 3
35 197 2
180 127 2
159 115 3
31 2 4
101 1 1
145 126 2
154 146 3
178 192 2
45 163 1
124 122 4
27 40 2
14 60 2
51 29 4
77 5 2
92 61 3
157 6 1
140 41 2
64 58 1
124 1 1
107 181 4
79 157 3
155 66 4
6 94 4
139 53 1
94 44 3
90 82 4
94 167 3
147 183 2
129 93 4
117 123 3
178 20 2
0 186 3
10 126 4
140 104 2
37 186 4
1 83 3
170 60 4
68 163 4
12 188 2
164 117 2
76 23 4
73 0 2
3 45 2
123 14 2
49 68 1
38 54 4
42 73 2
119 168 3
88 11 3
39 151 3
102 60 1
81 14 2
151 46 1
35 198 4
160 5 1
13 185 4
46 48 1
84 121 1
132 154 1
160 121 4
121 133 1
35 139 1
122 98 4
170 69 4
135 163 3
188 132 2
76 108 1
110 64 4
48 37 3
195 79 3
160 178 1
42 1 4
122 36 2
54 183 3
136 51 2
173 104 1
52 148 4
147 9 2
60 197 3
117 32 4
50 85 2
94 61 1
133 182 3
47 80 3
148 58 4
188 199 3
18 110 3
174 115 2
33 19 4
87 52 1
64 78 4
68 52 3
128 101 3
88 53 4
63 172 4
5 74 3
65 79 4
72 130 4
10 124 2
103 79 4
91 118 2
120 103 3
52 88 2
51 150 3
37 198 4
3 99 2
85 84 1
73 198 2
43 25 3
134 31 4
165 167 4
102 79 4
123 25 4
130 31 2
36 166 4
160 177 4
155 11 2
97 132 2
13 197 2
181 83 1
144 157 4
115 169 3
87 138 3
80 113 1
177 46 1
15 52 2
15 21 3
57 143 1
125 10 3
95 191 1
11 54 3
101 18 3
97 5 1
190 123 2
198 160 2
171 183 3
106 163 4
173 118 2
12 23 3
170 23 2
166 132 4
131 14 4
19 148 1
166 52 1
120 163 1
8 107 3
134 186 4
103 193 4
174 17 2
20 92 4
121 72 2
110 196 1
115 74 4
61 187 4
80 60 3
136 44 4
152 100 1
58 86 2
39 20 2
153 137 4
103 154 3
38 133 4
180 148 2
132 145 2
151 135 3
63 89 1
65 17 1
34 89 4
161 136 1
143 193 3
3 104 4
113 175 4
3 157 3
135 48 1
35 173 4
167 63 4
62 3 2
139 146 4
22 161 4
83 33 4
180 61 3
98 109 1
157 60 3
116 106 1
43 103 3
120 82 4
122 136 4
175 85 3
168 162 3
118 78 3
113 133 4
2 78 2
42 105 4
161 64 3
182 88 1
173 158 3
169 81 3
110 178 3
119 118 4
125 134 3
87 74 1
72 99 4
189 169 4
91 125 4
39 62 2
33 3 2
3 90 4
76 92 3
120 138 3
54 16 1
191 75 1
150 78 4
5 40 1
44 24 4
184 19 3
100 185 3
26 82 1
100 155 2
24 57 1
177 79 2
166 127 4
126 9 2
116 168 1
194 168 4
79 19 3
154 40 4
134 79 4
81 35 2
111 14 1
147 196 4
110 100 2
196 46 3
176 65 3
178 176 2
179 4 4
153 66 2
56 119 2
18 145 3
16 129 2
10 86 3
193 24 4
120 21 2
60 137 1
88 159 1
8 113 2
4 48 4
157 19 1
76 110 4
119 184 2
164 106 2
190 20 4
97 177 2
199 194 1
55 38 2
103 113 1
192 43 1
146 141 1
35 92 2
29 42 2
69 85 3
65 62 3
195 127 4
89 10 1
24 64 1
81 103 4
154 20 1
107 20 3
47 59 1
14 179 3
88 184 4
189 108 2
114 65 3
26 99 2
171 82 1
95 89 1
146 27 1
128 162 1
105 97 2
13 150 3
162 99 4
151 89 3
80 115 1
53 123 1
11 30 1
47 154 2
5 161 4
96 109 3
189 151 1
178 45 4
188 139 4
110 5 3
37 104 3
143 51 3
82 186 2
151 117 3
193 186 3
79 113 3
175 63 1
98 68 2
27 44 2
172 138 3
58 67 2
5 122 3
51 13 3
74 0 3
106 45 1
189 158 4
168 50 2
122 95 3
175 97 3
47 150 4
182 9 1
65 189 3
139 130 1
199 55 4
10 57 1
189 142 3
133 166 1
150 139 1
103 174 4
50 162 1
1 145 3
191 25 4
199 60 4
57 187 1
1 43 3
151 23 3
153 29 4
58 65 3
61 128 3
87 187 4
123 168 3
135 17 2
75 65 1
174 33 3
137 69 4
167 39 3
31 16 1
154 130 1
153 151 4
38 43 4
104 4 3
138 26 4
11 122 1
79 130 2
65 159 1
136 142 4
169 161 4
135 148 3
64 111 4
125 81 1
9 159 2
8 5 3
73 154 3
77 194 2
41 66 2
120 88 2
88 190 4
69 123 1
82 109 2
122 38 2
150 156 3
55 2 1
48 67 3
111 53 3
13 135 1
27 157 3
138 135 4
96 154 3
54 184 4
102 76 4
62 86 3
88 172 3
172 170 4
13 20 3
188 64 4
81 0 1
85 193 1
141 130 2
18 25 1
151 140 1
47 140 4
8 95 4
29 71 2
118 170 2
89 99 4
62 134 4
98 134 2
121 115 3
48 188 4
168 170 1
43 117 2
161 124 2
90 116 2
79 119 2
19 30 3
31 159 4
20 62 4
149 182 4
144 171 1
183 66 2
34 55 4
77 89 1
4 183 2
108 198 4
57 73 4
25 147 4
55 66 1
16 140 2
43 57 1
126 97 3
27 10 1
72 96 4
131 32 1
149 73 3
164 180 4
196 182 1
69 27 1
76 159 2
93 89 1
6 139 4
11 152 2
175 152 3
177 93 1
20 163 1
62 19 1
63 102 1
175 177 2
17 27 1
188 76 2
177 191 1
150 72 3
169 137 2
162 74 1
155 104 4
2 132 4
63 88 4
189 168 2
152 50 1
155 184 3
151 2 1
35 24 2
140 44 2
150 29 4
13 151 3
40 146 1
4 165 3
8 142 1
142 81 1
130 39 1
131 149 1
135 116 3
36 103 2
72 98 4
67 39 1
18 108 1
54 111 1
90 38 2
132 72 4
190 55 4
143 189 2
115 147 1
8 150 4
37 41 2
137 12 1
187 175 1
145 199 1
50 126 3
115 36 2
35 134 3
32 144 2
144 27 3
155 132 2
154 196 1
44 53 4
92 198 4
183 143 1
180 186 2
54 97 1
16 42 2
8 188 2
173 81 1
43 81 2
141 116 2
123 195 3
125 33 2
33 50 2
109 57 1
161 47 1
43 131 1
30 90 1
18 187 1
146 61 3
41 181 1
152 49 1
9 135 4
62 157 1
9 174 2
3 115 3
160 139 1
83 115 4
2 37 3
8 77 3
110 177 3
144 102 3
184 44 3
121 1 4
71 182 1
168 88 3
189 83 1
182 131 2
95 30 1
108 60 1
66 111 1
6 185 3
108 197 4
27 161 1
80 131 4
80 119 2
113 30 3
47 170 1
104 193 2
36 198 3
189 26 3
162 186 3
48 124 1
58 149 3
132 142 2
49 32 1
167 149 3
165 196 1
14 181 3
82 190 3
18 53 4
154 69 4
137 11 3
14 63 2
196 108 1
44 188 2
90 127 3
78 63 1
186 102 1
135 64 1
140 154 4
10 87 4
14 155 3
197 5 3
148 103 1
129 164 4
193 158 2
22 26 2
89 150 1
70 141 2
143 123 4
75 128 4
114 80 1
40 97 1
135 196 2
106 159 1
85 114 3
37 143 2
137 68 3
55 180 3
181 40 3
165 85 1
24 164 2
136 9 4
151 31 4
38 57 1
106 104 1
140 170 3
49 153 2
148 122 4
128 186 2
197 89 3
166 40 2
145 22 3
65 24 3
86 52 4
71 181 1
35 27 3
56 84 1
160 22 4
102 3 1
113 116 3
169 195 1
129 90 3
184 128 4
162 45 2
152 160 2
196 83 4
134 103 1
95 86 2
137 105 1
199 124 1
68 79 1
115 144 2
149 43 1
142 93 4
59 131 4
108 5 3
85 149 4
145 149 1
166 67 4
71 17 2
52 198 3
165 168 1
113 181 4
12 182 2
116 128 2
66 160 1
21 157 4
84 104 3
191 133 2
162 28 2
118 46 4
174 154 4
65 133 3
197 78 4
37 4 1
150 45 2
121 55 4
128 59 2
132 46 3
94 8 2
96 117 3
175 61 1
177 89 2
52 95 2
112 188 2
167 141 4
55 42 3
195 6 2
49 2 3
170 105 2
29 16 3
39 108 1
17 183 4
123 107 2
49 31 3
163 182 1
191 190 2
190 156 4
179 193 3
190 124 3
30 23 3
10 64 2
151 102 4
27 152 3
41 164 2
0 161 2
164 120 4
50 170 3
197 141 2
113 92 1
60 159 2
52 153 1
199 47 1
164 192 4
40 73 3
96 116 3
30 159 3
85 31 2
64 144 4
197 95 1
88 34 4
30 197 1
87 5 1
199 159 4
34 100 3
110 32 2
74 102 3
76 87 2
197 105 3
31 117 2
160 156 1
175 197 4
187 135 3
19 142 4
0 130 2
71 78 4
48 147 3
94 172 2
111 155 3
189 124 2
22 185 3
120 193 1
88 135 3
74 181 4
116 133 4
111 139 3
13 157 1
45 32 3
145 95 4
145 174 1
156 162 3
6 115 1
85 104 2
79 61 3
30 172 1
179 63 2
74 193 2
13 128 4
139 81 2
79 146 1
71 63 2
125 100 4
40 155 2
52 56 1
90 149 2
78 195 3
195 57 1
99 25 1
175 37 3
100 190 4
182 52 3
175 196 2
112 157 4
111 154 3
19 14 4
188 192 4
79 116 2
164 157 4
120 97 1
73 155 2
101 199 2
90 192 1
11 133 4
106 13 4
49 67 2
128 158 4
38 109 1
176 143 3
12 185 4
130 76 3
38 29 3
188 54 4
132 187 2
3 171 1
158 97 2
2 45 4
62 143 4
172 196 1
147 50 1
194 164 3
64 129 3
180 17 1
182 114 4
117 67 2
40 66 1
146 32 3
30 114 1
69 108 1
171 129 4
2 182 2
129 63 1
9 193 4
183 129 3
90 47 3
97 68 4
164 155 1
2 59 3
18 49 3
155 87 3
139 114 2
87 44 3
198 95 4
63 42 3
142 109 1
125 11 3
34 183 3
189 161 4
109 139 1
63 116 2
140 43 4
111 83 4
36 188 1
161 187 2
27 155 4
133 88 4
67 43 1
138 84 2
51 197 2
166 35 2
131 96 1
41 124 4
159 189 2
168 11 3
179 61 3
19 45 4
48 98 3
75 102 4
91 26 2
50 81 2
140 174 1
74 50 2
172 98 3
50 180 1
26 110 1
156 126 4
148 179 3
115 192 4
170 78 4
69 97 2
47 120 1
110 147 3
196 114 3
104 129 3
110 31 2
182 111 1
157 169 3
60 173 4
104 194 4
83 183 2
55 173 3
150 21 1
40 37 3
182 32 1
86 57 4
13 3 1
32 138 3
70 158 1
32 34 4
43 83 2
166 116 3
147 54 4
50 145 4
163 184 2
73 187 2
91 130 1
130 11 2
160 163 2
106 47 3
94 43 1
92 191 3
80 158 1
134 136 1
84 169 3
157 90 2
152 106 3
138 160 3
162 18 4
140 110 1
11 145 3
146 17 2
161 60 4
158 7 3
198 79 4
91 81 3
164 160 3
1 127 4
189 44 4
107 177 3
33 140 4
8 161 4
179 180 2
81 8 3
33 120 3
115 143 4
127 25 4
198 49 3
37 189 1
186 100 3
52 131 4
162 123 1
24 157 3
70 23 2
136 77 4
146 121 3
56 63 1
149 28 1
80 34 2
89 186 1
106 42 1
49 25 2
123 178 4
160 113 2
169 192 4
151 167 3
92 21 2
29 148 1
23 60 4
82 48 1
139 23 2
88 196 4
69 82 4
72 165 4
81 79 1
167 80 4
24 173 1
52 75 2
142 100 1
20 21 2
122 118 3
12 42 1
138 20 3
181 51 1
181 186 4
60 120 2
196 107 4
37 81 3
14 58 4
117 108 4
140 103 1
81 4 2
125 42 3
24 5 4
2 169 3
52 57 3
67 103 1
46 50 1
117 76 2
16 68 4
127 182 4
10 83 3
35 6 4
60 84 3
85 199 2
9 172 4
179 100 1
126 73 4
182 197 1
56 11 4
166 102 1
141 45 2
49 168 1
134 55 4
20 18 2
121 60 1
21 108 3
130 50 4
168 146 2
24 92 4
80 69 3
134 175 3
18 169 3
120 139 3
152 65 4
182 172 4
70 145 2
16 102 2
183 175 1
180 3 4
196 186 4
22 118 4
63 138 1
127 71 3
1 93 3
118 120 4
184 31 2
143 81 4
127 9 3
175 131 2
101 156 2
30 67 1
100 26 3
169 122 3
6 65 4
29 56 2
86 4 1
32 113 4
96 7 2
96 57 1
197 155 3
154 46 4
195 196 3
141 32 3
77 22 1
176 36 1
154 181 3
160 171 2
180 175 3
101 154 4
123 27 1
108 150 2
59 115 3
61 3 4
8 26 2
135 159 1
96 198 3
140 4 2
70 198 2
97 155 3
192 100 3
123 145 4
19 190 3
187 12 2
190 167 4
46 64 4
158 171 3
37 128 4
166 152 1
21 191 1
126 192 2
155 123 4
154 38 3
193 91 4
120 195 4
119 99 2
126 100 3
61 68 2
19 134 2
46 157 2
32 177 3
74 135 4
183 127 2
119 105 2
18 126 3
56 43 3
61 53 2
36 47 1
88 117 3
140 157 4
26 88 2
33 105 1
140 162 4
110 6 4
29 186 4
165 193 1
60 158 3
19 122 2
136 133 2
117 68 2
168 47 3
81 60 2
12 52 4
196 176 4
164 172 3
199 196 2
107 51 1
32 170 2
117 147 4
5 133 4
109 154 1
160 102 3
48 38 3
163 32 3
110 78 1
4 156 3
16 71 4
166 47 4
172 39 3
81 153 3
28 134 2
120 86 3
134 196 1
79 5 3
45 123 1
146 73 1
56 2 2
28 22 3
132 138 1
93 112 2
139 39 4
15 37 4
80 128 2
199 56 2
90 188 3
174 141 1
147 8 4
78 16 4
31 24 2
127 116 3
198 77 2
54 44 2
143 116 3
152 48 1
192 73 4
180 82 1
104 8 2
63 130 3
149 137 3
179 2 2
157 166 4
125 20 1
9 141 1
109 187 1
121 39 3
159 105 1
49 139 4
56 133 4
189 27 2
3 89 4
187 131 4
186 163 1
183 85 1
97 139 1
3 43 4
45 8 4
107 167 4
61 91 4
108 111 2
191 135 3
68 55 1
157 88 1
86 197 3
135 11 1
155 74 1
85 13 1
138 151 1
0 139 2
118 73 1
128 69 4
66 88 3
122 99 1
52 38 1
173 26 3
2 46 3
149 124 2
1 138 4
157 18 4
136 160 4
42 84 3
165 155 4
116 148 3
10 135 4
118 10 3
7 166 1
195 165 2
109 103 4
138 21 1
172 71 2
46 83 4
77 179 2
90 150 3
39 163 1
63 35 4
158 131 1
18 48 4
71 171 1
79 186 1
72 46 2
123 134 1
122 59 3
22 198 2
104 75 1
34 4 4
133 184 1
101 196 1
124 186 3
19 16 4
95 143 3
129 166 2
63 54 2
39 45 3
178 128 1
23 3 3
130 48 2
8 83 3
158 105 3
6 81 2
37 52 4
183 190 4
169 197 2
120 29 3
117 56 4
29 17 4
131 31 4
77 170 4
170 33 4
67 14 4
137 82 3
49 65 1
7 18 2
50 166 3
122 70 4
104 11 1
104 149 4
130 17 2
162 177 4
190 109 1
100 47 1
134 138 4
28 10 3
120 148 4
21 142 1
119 154 4
165 23 2
21 86 1
138 90 2
93 194 3
120 198 4
153 41 3
96 29 1
38 165 4
198 144 4
30 199 2
142 197 3
10 41 2
112 145 3
169 123 2
180 83 2
39 176 2
108 64 2
159 45 3
169 163 4
3 100 3
128 199 4
172 70 1
58 96 2
144 188 4
153 185 3
18 102 2
35 59 3
182 189 1
136 48 4
41 169 3
114 198 1
79 69 2
81 138 2
116 14 4
161 14 2
190 36 3
42 43 3
6 42 2
192 20 1
174 104 2
14 192 3
52 29 2
8 20 3
56 167 1
129 196 3
37 10 4
75 24 2
2 95 2
25 161 3
145 121 2
95 166 4
65 190 4
55 109 4
102 157 2
173 92 3
37 92 3
25 100 1
114 192 4
91 138 1
71 99 2
123 38 4
26 166 1
159 150 2
116 189 3
73 32 4
194 66 2
145 9 1
83 138 3
66 113 2
110 69 1
82 34 1
199 126 1
78 53 4
164 19 1
27 127 4
39 16 4
33 192 3
23 112 1
1 197 2
22 21 4
66 154 1
32 2 3
97 77 4
86 31 3
58 15 1
51 85 3
185 17 2
132 92 4
144 112 3
20 167 2
195 80 3
41 147 1
181 47 4
21 154 2
189 17 4
17 79 2
69 184 4
83 123 2
41 79 3
163 119 1
160 142 1
189 165 2
193 80 3
96 48 1
85 93 2
30 52 4
39 118 4
189 117 3
186 8 1
194 107 4
19 195 4
122 177 3
179 95 4
121 25 3
84 15 4
174 11 2
0 162 4
145 108 2
166 5 4
183 23 2
0 111 1
71 87 4
40 129 4
83 60 3
125 155 4
68 92 4
161 40 3
196 58 4
49 161 2
67 143 1
1 142 3
149 89 2
108 99 1
114 167 2
183 80 1
9 137 4
66 168 1
144 191 1
130 10 2
188 146 2
170 82 4
17 72 1
125 90 1
125 50 1
119 109 3
133 42 3
75 39 3
36 57 2
150 111 3
186 71 2
135 58 2
59 36 2
168 7 2
62 67 1
109 100 3
101 84 3
65 86 3
80 2 1
122 185 2
107 127 2
12 76 1
88 153 2
179 115 3
176 12 4
72 152 3
34 81 3
160 24 2
151 35 4
107 4 2
51 99 4
151 155 3
193 42 1
124 88 4
31 87 3
0 149 1
170 145 3
50 83 3
142 42 2
175 112 3
91 176 4
31 19 1
81 11 1
120 78 4
39 188 2
181 63 3
36 195 1
74 151 1
63 155 3
144 30 3
93 169 1
39 80 3
196 161 1
67 120 3
28 145 1
74 118 3
189 10 4
147 154 2
137 181 4
124 21 3
132 28 4
34 45 1
173 32 4
61 66 2
60 143 2
99 179 4
116 49 3
123 18 3
173 108 4
97 96 3
142 68 4
190 140 2
198 103 1
11 163 4
186 138 1
83 173 1
48 49 4
29 62 1
181 18 3
23 85 1
112 154 1
160 189 1
75 33 2
142 98 2
30 170 1
28 150 2
70 160 1
47 180 1
87 22 2
112 168 1
56 198 4
3 122 2
29 13 4
88 99 4
70 142 3
151 67 2
25 128 4
161 141 4
91 2 1
93 135 2
86 153 2
94 57 4
11 156 3
182 166 1
48 92 3
47 87 1
191 161 4
105 103 1
132 60 2
196 137 3
159 99 2
100 176 2
9 98 2
184 99 4
136 163 2
76 91 3
178 21 4
21 187 3
174 60 2
186 52 3
43 20 4
196 142 1
8 15 1
50 37 2
99 78 1
92 32 2
173 4 1
13 165 1
4 13 1
16 34 4
172 91 1
121 18 3
187 26 4
29 199 1
198 53 4
2 77 1
196 189 4
144 85 2
69 156 3
11 42 3
117 13 3
96 76 3
41 183 4
9 185 3
180 49 1
160 99 4
83 167 2
116 155 4
77 14 2
27 64 4
89 25 3
127 11 1
140 38 4
72 157 4
123 28 1
199 158 2
77 83 4
173 123 1
120 143 2
146 74 1
21 106 3
33 171 2
141 152 1
66 174 2
75 165 1
5 102 4
41 24 4
124 109 4
63 95 3
28 41 4
1 13 2
43 96 3
130 7 2
189 118 3
108 56 1
74 84 2
36 50 2
90 70 1
195 104 1
10 91 4
161 109 3
145 51 4
72 71 3
83 179 4
117 140 1
101 20 2
11 20 4
176 97 4
176 117 2
46 163 1
52 34 1
37 187 4
21 156 4
197 7 2
149 75 2
101 176 2
71 135 2
153 71 2
17 170 2
186 139 2
62 85 2
181 114 4
100 43 2
114 12 2
133 55 4
146 8 2
47 196 4
116 0 1
171 69 3
127 65 4
33 121 4
105 19 1
121 129 4
127 118 4
92 42 4
114 174 3
188 81 4
183 31 2
146 33 2
46 112 1
197 17 4
70 52 2
196 12 3
92 169 3
90 121 3
15 186 1
141 147 1
79 37 3
63 101 4
132 177 1
13 12 4
196 70 2
1 198 1
7 104 4
67 60 2
156 168 4
94 145 2
66 171 2
98 140 4
101 191 3
5 1 3
85 30 4
129 132 1
108 3 2
164 69 3
112 91 3
42 175 3
91 38 2
195 9 3
185 84 2
32 50 2
35 72 3
118 40 4
183 151 2
92 72 1
126 6 2
66 138 2
30 10 2
29 0 2
17 129 1
84 172 1
31 84 2
58 143 3
101 192 2
122 32 4
62 95 4
143 27 2
56 1 1
196 16 3
152 194 1
69 91 2
34 118 3
86 93 2
99 41 4
39 100 1
143 9 2
147 182 3
15 43 2
28 35 1
57 51 1
44 146 4
89 115 1
155 94 2
83 157 1
58 72 3
178 18 4
95 132 1
30 66 1
50 111 1
84 184 3
18 184 3
42 13 4
46 51 4
38 79 3
90 124 2
172 47 3
190 1 4
133 37 3
28 189 3
119 66 1
98 59 4
53 11 2
72 183 3
92 28 1
130 133 4
59 179 1
197 176 2
54 96 4
39 190 2
70 109 1
122 23 1
78 158 2
186 137 1
176 112 4
123 119 1
2 61 4
36 116 3
40 26 3
123 110 2
188 95 3
184 142 3
135 15 1
114 93 2
78 69 3
89 155 2
100 169 1
128 174 1
118 180 2
157 67 1
86 67 2
163 9 3
58 138 1
93 88 2
65 113 3
30 161 2
199 180 2
103 89 4
105 11 4
163 3 3
53 41 1
20 0 1
36 29 4
150 59 3
24 69 4
51 121 4
177 154 2
8 191 2
65 169 3
98 50 4
21 66 3
45 197 3
3 57 4
88 84 1
114 190 2
25 93 4
144 128 4
178 104 3
134 71 4
55 61 2
93 197 3
68 58 3
97 32 1
69 167 2
135 189 4
136 181 4
32 72 3
176 62 4
118 30 3
141 125 1
183 158 2
193 39 1
169 191 4
138 35 2
22 52 4
131 189 1
44 57 2
165 96 1
105 166 2
118 132 2
177 64 1
137 151 2
137 6 3
67 38 2
140 83 3
47 15 2
104 94 3
161 192 3
85 100 4
72 164 1
70 21 1
194 23 1
74 144 2
181 109 3
110 63 3
25 193 1
187 100 3
47 134 4
106 60 4
5 173 2
76 78 3
107 189 2
22 33 4
129 38 2
76 192 4
185 31 1
48 183 3
113 24 4
41 162 4
34 42 2
191 1 1
154 199 2
139 20 3
146 103 2
29 72 1
189 134 1
124 58 1
35 115 1
56 92 4
154 194 4
164 54 4
45 175 1
91 196 2
31 102 4
34 192 3
52 142 1
55 75 4
55 187 1
110 120 1
62 163 2
157 53 2
197 74 2
143 122 3
192 183 4
147 153 3
138 93 2
53 8 2
91 145 1
193 149 1
77 182 2
71 100 4
12 51 2
64 90 1
5 179 1
134 137 4
92 167 1
119 166 2
187 74 4
188 179 4
39 160 1
173 30 3
14 197 1
125 153 2
26 12 4
92 87 1
90 95 1
74 174 4
104 80 3
170 157 1
70 121 2
177 108 1
53 54 3
180 173 2
147 159 2
10 78 3
120 111 2
90 128 2
138 159 1
88 33 3
115 190 1
177 21 2
11 117 1
143 18 3
39 96 1
128 112 3
13 183 2
199 76 1
77 124 2
184 72 3
104 112 2
196 194 2
57 79 2
65 76 2
37 152 4
199 155 1
3 112 4
128 185 1
59 159 1
49 28 2
63 24 3
73 98 3
114 157 2
83 186 2
149 195 1
159 134 1
115 18 1
177 109 2
126 110 4
146 167 1
38 9 4
146 190 1
26 45 2
159 124 3
45 184 4
56 190 2
21 6 1
39 2 4
3 152 2
196 130 4
78 25 3
17 144 1
146 75 3
125 19 1
136 100 2
70 191 2
98 55 2
172 115 4
139 40 2
129 27 3
149 17 2
97 183 2
166 107 2
139 9 1
159 194 3
70 120 2
125 17 2
159 38 2
61 24 1
58 22 2
57 121 2
118 37 2
15 145 1
97 184 2
96 161 2
122 84 4
167 41 1
27 190 4
165 97 2
87 165 3
94 85 1
26 10 3
73 145 2
90 196 1
83 91 1
90 0 4
117 193 2
85 20 4
120 75 2
6 112 1
17 75 1
134 24 3
96 168 1
126 63 1
173 91 4
73 197 2
179 7 4
175 155 1
77 12 3
91 106 1
78 38 4
158 56 1
8 16 2
143 82 2
190 121 2
132 62 4
13 164 3
199 79 2
60 57 3
52 115 4
83 166 2
170 18 2
102 182 2
136 183 4
53 69 1
33 87 3
102 100 2
189 32 1
163 142 3
135 21 1
68 39 1
7 60 4
125 199 3
133 114 3
140 30 2
142 62 1
155 57 2
147 7 1
28 16 1
52 195 2
119 25 2
58 152 1
64 63 4
53 134 4
166 29 4
27 24 3
112 121 3
153 131 2
41 63 2
115 11 2
184 60 2
12 181 2
80 40 3
175 5 4
62 115 2
94 24 4
71 91 2
112 100 1
150 106 3
66 83 2
4 67 2
85 117 4
32 64 1
120 107 4
13 148 2
81 26 1
59 38 2
137 58 4
138 44 2
70 184 3
175 75 3
85 190 1
98 84 2
173 82 2
37 35 2
94 29 3
131 147 4
62 23 1
31 181 2
61 25 1
34 107 4
64 87 1
114 117 2
146 4 3
54 35 2
79 46 4
82 73 1
195 137 4
90 56 1
73 139 1
93 186 3
82 27 3
119 10 4
13 134 2
180 158 1
17 163 2
86 127 3
132 173 1
22 132 3
138 126 1
182 76 3
88 113 2
146 118 1
195 156 3
3 48 3
61 155 3
33 101 1
26 116 2
92 91 2
70 119 2
198 99 3
150 80 4
82 25 1
142 41 1
117 153 2
199 135 3
144 150 2
130 43 3
124 167 1
182 108 3
48 123 3
55 145 3
39 186 2
79 182 4
53 103 2
10 162 1
24 185 1
42 85 4
124 106 1
71 107 1
142 174 2
58 182 1
141 94 1
165 152 2
125 156 3
58 28 4
63 52 1
165 178 4
147 107 2
93 36 3
161 50 3
38 31 4
165 0 4
131 143 2
108 143 4
192 187 3
94 42 3
56 99 1
1 90 2
154 176 2
192 7 3
153 21 1
131 70 3
107 79 2
197 147 3
79 72 3
7 82 2
19 103 3
69 18 1
102 27 1
102 124 4
186 155 2
182 178 1
23 179 2
38 174 2
81 12 2
5 52 4
133 109 3
56 168 1
162 114 3
82 83 1
129 30 2
144 31 4
38 20 3
54 57 3
77 140 1
29 194 1
0 30 4
37 196 3
135 3 1
47 68 2
89 116 2
42 183 1
23 92 2
129 194 3
94 171 1
56 146 1
55 150 1
180 21 1
59 54 1
196 54 3
11 15 2
107 190 2
64 172 4
148 132 3
28 108 4
80 126 4
149 60 4
188 184 3
51 133 3
161 174 3
43 32 1
132 94 4
96 114 3
28 38 1
188 77 4
113 154 4
51 39 2
96 73 4
187 42 2
154 125 4
78 34 4
56 171 2
39 102 1
15 130 1
81 93 2
167 121 2
195 132 1
1 66 4
14 136 2
1 29 1
181 48 3
140 198 2
165 22 3
90 96 4
9 68 3
18 57 4
117 15 2
17 33 2
67 107 4
145 140 4
90 136 4
10 31 3
76 143 2
118 26 3
4 61 1
21 28 1
63 137 3
199 109 4
166 71 3
10 19 4
74 128 1
5 58 1
74 68 1
14 76 1
17 30 4
52 108 3
7 186 4
135 167 2
180 109 2
66 149 4
55 22 3
100 143 2
118 13 3
151 49 4
92 88 2
37 164 1
189 68 1
107 48 1
129 87 4
87 145 1
96 9 3
155 174 4
13 172 4
6 160 4
81 84 3
98 1 1
98 14 3
35 126 3
99 97 1
143 156 2
11 16 2
140 55 1
128 107 2
1 154 1
82 133 3
122 9 3
180 126 4
103 136 4
138 108 3
23 35 1
109 122 4
182 97 1
70 186 4
11 31 2
151 18 3
119 58 2
191 56 4
99 34 2
106 178 1
96 150 3
41 136 3
19 70 1
129 13 4
84 73 4
42 162 1
53 199 4
185 28 1
180 184 4
130 129 4
46 97 2
178 171 3
37 194 3
69 56 1
165 15 1
72 77 4
147 79 2
132 189 2
83 171 1
186 135 2
69 22 2
182 4 4
145 3 3
149 39 4
126 178 2
175 99 1
37 117 1
101 38 1
37 55 2
157 148 3
83 71 4
166 82 3
14 121 2
14 13 3
172 67 1
60 146 3
153 18 4
193 89 1
89 188 2
144 136 4
27 75 4
71 57 4
66 50 2
56 151 1
136 68 2
194 126 4
76 144 1
41 117 4
105 2 3
6 80 3
59 73 4
124 64 4
95 170 3
39 37 3
182 99 3
74 126 3
104 15 3
160 80 3
2 194 1
197 111 1
196 95 4
108 163 3
48 60 1
92 95 3
133 20 2
121 152 1
83 64 4
49 170 1
17 184 2
14 80 4
146 134 4
114 102 1
13 109 4
85 4 4
46 54 4
114 71 1
36 175 2
98 157 4
116 35 1
174 199 4
81 47 4
81 33 2
31 135 4
182 28 1
198 61 3
4 160 4
11 28 4
187 13 1
64 143 2
67 15 1
9 107 1
128 154 1
79 59 4
19 69 2
95 160 3
143 98 3
34 72 4
125 6 3
32 30 3
11 34 3
170 173 1
44 133 1
86 171 2
138 45 3
84 123 3
148 174 4
117 168 1
35 180 2
135 164 4
163 199 3
64 185 4
105 1 1
51 61 4
131 155 2
142 141 2
38 197 1
176 38 4
124 192 4
190 73 2
87 11 2
177 3 4
48 196 2
104 171 3
43 97 3
39 84 3
31 179 1
13 31 3
168 24 2
81 187 4
124 40 4
2 16 3
158 144 1
13 189 4
69 186 1
81 54 2
158 88 4
54 139 1
40 133 4
111 146 4
67 8 2
109 91 1
7 63 4
98 141 2
190 182 4
117 143 1
19 17 1
72 100 3
95 192 1
123 58 4
0 184 2
151 115 3
133 141 1
42 118 1
4 152 1
74 52 3
169 113 2
137 56 3
139 8 3
171 176 4
198 119 4
121 179 4
179 117 3
159 4 2
114 179 1
41 194 2
94 96 1
113 188 1
45 177 3
148 90 1
159 196 2
191 193 3
146 195 4
131 54 2
128 141 1
178 81 1
143 16 1
30 117 3
156 28 1
8 110 1
171 147 2
47 21 3
82 53 1
54 2 1
65 87 2
83 0 4
117 149 2
124 146 2
67 191 1
187 22 4
5 41 4
0 28 2
172 82 4
172 173 1
29 151 2
41 87 3
186 96 3
172 12 4
89 136 3
74 176 3
183 174 1
136 28 1
105 82 1
148 131 2
15 80 3
138 148 1
153 196 2
119 195 4
143 137 2
29 14 1
125 159 4
145 68 3
172 81 1
48 0 3
80 41 1
37 191 3
151 43 2
109 126 4
59 27 4
113 6 2
110 66 2
178 120 4
119 40 2
76 147 1
162 2 4
186 136 1
47 103 4
66 176 1
31 12 3
60 65 4
71 3 2
125 5 4
64 154 1
196 24 1
138 199 4
3 133 4
118 38 2
195 20 4
173 182 3
158 55 3
88 177 3
151 121 1
111 33 2
155 59 1
64 25 2
164 140 4
153 142 4
148 34 2
1 62 1
121 69 2
37 17 2
19 106 4
30 194 1
158 130 2
5 89 1
61 185 2
33 18 1
21 33 3
197 63 3
20 81 1
122 132 2
190 54 4
151 11 4
44 186 1
124 62 3
180 41 4
142 45 1
104 70 3
14 11 1
185 190 2
186 65 1
125 171 2
82 40 2
131 92 2
81 190 2
74 147 2
165 102 2
59 171 2
103 118 3
57 19 1
71 95 2
168 167 1
55 24 2
80 139 3
193 7 3
49 12 2
76 35 3
122 133 3
198 174 4
123 170 2
197 198 1
181 138 4
66 96 3
156 91 1
133 105 1
112 174 4
149 72 1
111 30 2
142 28 4
81 101 4
49 97 1
34 111 2
69 198 1
121 56 2
71 126 4
110 38 2
180 188 4
161 18 2
75 2 1
199 107 4
90 108 1
23 2 2
154 167 1
119 73 2
97 75 3
48 63 1
151 166 2
156 179 4
73 23 4
198 128 2
73 151 2
135 55 2
71 51 4
41 113 1
144 41 1
103 72 2
194 8 3
126 136 4
39 47 3
0 166 3
95 27 2
187 39 1
138 56 3
192 85 4
38 103 4
50 10 4
199 38 2
114 50 2
135 39 4
44 25 3
36 172 2
85 186 2
141 59 3
63 70 4
76 75 2
144 175 1
39 31 3
123 90 1
94 67 3
67 102 4
88 118 1
198 193 3
111 196 2
28 69 4
76 120 3
87 28 1
53 171 4
56 122 4
56 18 2
117 2 2
128 53 4
24 13 2
118 14 1
96 55 4
41 188 3
41 71 2
197 36 1
160 83 1
164 188 1
84 36 4
144 179 3
189 173 1
77 150 2
7 138 1
50 133 2
197 165 3
122 178 4
6 18 1
57 180 4
151 33 2
99 174 3
181 95 2
182 29 2
159 89 4
183 123 2
147 66 1
4 112 4
23 44 2
72 171 3
133 129 2
0 37 3
47 18 3
16 122 2
6 143 2
47 94 1
104 13 2
78 58 4
85 82 3
0 195 4
184 22 3
14 153 1
8 58 2
42 48 3
192 59 2
24 2 1
139 66 2
116 160 3
53 105 4
57 114 2
113 63 2
134 112 3
26 69 2
137 31 3
118 100 1
154 164 4
22 75 3
167 45 1
72 119 1
9 144 2
195 170 3
19 101 4
13 125 3
125 106 3
170 119 3
22 51 4
67 182 2
157 23 1
80 7 3
80 147 4
199 58 3
164 74 4
78 29 4
111 25 1
87 38 3
138 195 3
110 131 4
169 96 2
132 68 1
48 118 2
138 99 2
116 85 1
126 196 1
116 71 1
93 19 2
70 171 1
17 199 4
185 105 1
34 191 1
150 82 4
172 175 2
99 140 4
160 51 3
89 49 2
118 25 3
147 49 2
27 159 2
182 174 1
71 112 1
145 36 1
76 167 3
146 89 1
44 68 3
75 113 4
14 44 3
147 127 2
80 88 4
31 59 2
92 53 3
173 50 3
132 45 3
191 117 3
125 102 1
40 185 4
169 124 3
35 66 1
21 18 1
41 101 4
93 126 2
23 50 1
12 99 3
96 31 3
131 177 4
145 172 3
20 86 3
136 139 2
199 96 4
35 171 2
89 78 1
8 97 1
54 88 3
116 154 1
20 58 3
183 0 1
101 186 4
62 173 4
65 154 2
118 168 1
138 100 4
10 161 1
65 63 1
13 11 2
4 109 3
159 113 4
1 40 2
176 92 2
162 23 2
44 0 1
71 56 3
53 120 1
147 42 1
172 100 1
32 16 2
71 68 3
64 60 3
156 3 1
128 114 2
10 190 4
76 46 2
22 103 4
111 36 4
73 133 2
199 61 1
143 53 4
159 126 4
84 12 2
152 182 1
95 72 4
93 198 3
125 22 1
37 38 1
102 195 1
198 57 2
163 165 4
87 106 4
29 54 4
168 40 1
22 114 1
155 118 3
63 144 3
23 48 3
64 153 4
113 187 3
80 184 4
89 113 1
143 106 4
124 68 3
7 74 4
46 69 4
119 144 4
180 178 2
171 78 1
181 151 2
179 91 2
13 181 2
164 169 3
125 124 4
59 174 2
96 74 1
186 119 1
151 88 4
135 153 4
178 175 1
144 24 4
115 103 3
131 120 4
69 103 3
131 193 3
4 30 1
194 103 1
57 8 1
14 24 2
33 93 4
155 12 3
153 121 4
145 116 4
151 144 3
76 81 3
14 154 2
32 112 4
176 139 2
177 123 1
183 150 2
78 105 4
180 74 2
5 66 4
168 106 3
54 71 4
60 116 3
36 70 2
151 7 4
75 61 4
76 61 1
132 169 4
137 1 4
102 159 1
156 97 3
186 11 3
92 121 3
32 155 3
37 161 1
108 35 3
4 193 4
168 41 1
108 169 4
98 161 2
31 28 4
112 7 1
42 174 4
82 131 4
102 164 1
172 181 4
53 87 4
61 7 3
17 32 1
72 78 4
183 62 2
50 78 1
100 151 4
25 7 3
66 20 2
102 158 3
171 107 4
195 114 2
29 135 4
86 180 3
118 178 2
94 187 3
132 10 2
22 197 2
182 26 1
181 131 4
177 173 4
117 24 2
86 189 1
10 71 3
19 171 3
145 158 2
101 13 3
2 192 1
117 119 2
80 84 2
78 36 4
41 48 3
7 88 4
43 185 3
63 168 1
146 109 1
124 49 1
62 136 4
152 170 3
29 20 4
2 177 2
170 129 3
156 90 3
27 109 1
167 61 3
64 37 2
91 66 4
138 101 2
78 7 1
175 98 3
87 196 4
146 76 2
106 101 1
148 46 2
110 88 4
53 125 2
100 132 4
23 78 3
40 172 2
104 83 3
1 55 3
118 106 1
121 149 3
13 194 1
96 123 3
103 40 1
46 171 4
95 91 2
85 87 3
129 47 2
184 189 1
196 105 3
93 178 4
169 46 2
13 91 1
119 173 1
54 51 2
123 62 1
176 148 1
186 60 1
143 166 1
50 183 4
101 3 1
122 145 3
132 111 2
31 176 3
140 48 3
9 62 2
172 90 4
196 3 4
29 88 3
83 93 2
135 179 4
83 148 4
15 136 2
95 168 3
183 27 1
38 33 3
181 92 4
196 190 1
30 65 2
0 105 2
133 64 3
106 172 4
73 99 3
107 101 4
59 69 4
44 89 3
157 154 4
144 89 1
30 44 1
80 178 3
171 117 3
108 107 1
189 91 4
192 108 3
178 148 3
32 82 1
36 124 4
182 41 4
39 46 1
164 47 2
159 56 3
92 160 4
164 196 3
16 43 2
39 158 3
65 0 3
49 160 2
30 103 2
8 72 1
97 84 1
59 52 1
123 86 2
95 15 4
150 141 3
102 28 2
165 128 4
48 122 3
113 2 3
17 147 1
65 142 1
113 18 1
58 13 2
164 109 1
59 28 3
166 13 3
21 30 1
2 82 1
197 9 4
148 125 1
107 32 1
34 29 1
105 27 1
100 137 3
26 134 4
115 171 4
116 64 3
38 126 2
83 40 2
197 199 4
122 150 3
71 20 3
45 109 1
66 84 2
175 77 4
84 49 4
102 117 2
131 98 3
29 25 3
35 145 4
53 131 1
140 15 3
158 82 1
160 64 3
53 102 1
85 71 1
29 145 3
167 182 4
180 14 3
93 78 1
130 41 1
105 146 4
149 197 4
189 122 3
75 176 4
90 53 2
115 49 2
96 173 1
143 25 2
107 104 3
30 119 3
4 130 3
9 69 4
10 107 1
34 21 4
94 86 1
84 1 2
27 91 1
32 84 3
196 84 1
172 190 3
108 101 3
186 22 1
68 59 4
128 87 1
181 167 4
180 71 2
41 187 1
154 151 2
31 168 1
105 199 4
98 186 4
174 40 4
71 13 1
194 179 1
155 43 2
179 40 2
11 69 1
157 103 3
193 56 1
30 198 4
12 0 4
119 174 1
199 13 1
132 86 2
79 71 1
140 70 3
2 183 1
93 106 1
15 31 3
198 0 2
55 189 1
70 151 3
89 62 2
99 55 4
112 171 4
138 62 2
118 76 4
60 42 1
174 24 3
32 91 2
67 104 4
176 172 4
193 55 4
191 185 4
48 151 2
133 168 1
114 160 3
30 72 1
114 171 4
168 85 1
101 95 1
113 199 3
34 151 1
62 131 3
28 82 1
11 22 1
19 198 4
90 85 1
108 84 1
131 130 2
140 89 2
106 157 2
192 110 1
66 15 2
63 165 2
59 199 3
65 77 2
57 84 2
80 170 2
142 74 2
42 77 3
110 29 1
93 128 1
35 157 1
20 176 3
154 43 3
77 64 4
185 20 4
53 71 1
53 10 1
14 54 4
173 51 2
173 95 4
151 198 3
17 3 1
58 10 4
37 91 4
48 89 4
0 64 3
38 92 2
0 35 3
199 151 4
162 110 1
174 62 2
147 199 3
29 82 4
123 101 4
33 148 1
125 94 2
161 12 1
145 26 4
146 145 4
117 165 2
57 164 1
127 92 4
186 76 2
53 193 1
109 167 2
137 175 3
8 37 3
139 74 4
121 125 3
181 135 2
85 34 4
197 47 3
76 51 1
74 66 1
42 82 1
180 62 3
88 140 4
151 158 3
186 108 2
97 11 3
155 147 4
152 43 2
93 46 2
83 56 4
53 39 3
146 93 3
124 136 2
186 166 4
174 63 4
42 185 2
30 156 3
81 27 2
148 42 4
121 132 3
101 25 3
183 125 4
94 5 1
177 37 1
48 93 1
91 15 3
130 163 3
182 146 2
61 106 4
128 171 3
78 166 4
116 40 3
25 23 2
67 184 2
109 141 1
95 65 3
98 105 1
43 193 2
89 160 1
31 109 2
12 179 3
148 53 4
184 85 1
19 47 4
138 139 3
44 34 1
156 193 2
93 174 3
139 164 4
178 1 2
90 181 3
159 57 3
169 53 4
164 185 2
38 116 1
81 163 3
181 70 1
175 173 1
21 198 3
43 102 4
159 114 1
150 35 4
42 186 4
165 47 4
123 52 3
191 154 1
49 30 4
69 189 2
78 146 4
162 14 4
92 158 1
93 171 1
5 31 2
60 94 4
135 190 2
181 173 1
5 164 2
128 177 4
183 155 3
168 184 1
6 7 1
17 70 1
177 182 2
69 35 3
60 172 4
99 186 3
96 44 4
36 135 2
181 103 1
169 183 3
3 106 2
89 100 4
198 154 2
107 148 4
32 9 1
63 2 3
128 42 3
162 66 4
154 100 3
150 178 2
97 152 4
69 172 4
131 118 4
168 91 3
123 185 3
146 39 3
95 107 1
189 194 2
38 183 2
31 164 3
155 17 1
151 86 4
123 172 1
64 73 3
82 107 2
89 195 2
174 15 4
195 183 1
16 114 3
10 6 1
159 180 3
143 31 3
108 152 1
65 118 4
109 1 3
118 144 4
130 26 1
92 140 1
99 77 4
154 87 4
139 177 1
9 40 2
184 154 1
45 146 4
17 117 1
32 164 2
25 162 4
117 90 1
130 93 4
108 40 2
23 109 4
95 45 1
46 60 1
48 149 2
191 97 1
174 153 2
80 134 1
129 102 4
140 116 3
172 20 3
16 136 4
151 120 3
59 102 1
174 14 1
76 111 3
74 120 2
138 74 3
83 30 2
167 15 3
195 98 1
172 53 3
187 146 4
115 194 4
188 37 2
2 188 1
72 7 3
74 15 1
3 158 2
177 119 1
178 23 4
175 159 1
144 23 4
93 195 1
185 163 2
152 20 4
153 54 2
171 45 2
67 0 1
75 160 1
101 30 1
9 113 1
99 109 4
195 154 1
73 83 1
124 134 4
3 63 1
120 92 2
30 50 4
52 176 3
96 181 1
117 172 1
105 114 3
33 193 2
31 78 1
71 19 4
88 20 2
1 128 4
55 23 3
80 52 4
187 75 4
196 152 2
96 159 1
144 101 1
58 62 2
107 74 1
128 4 1
172 80 4
73 171 3
175 149 3
186 51 4
98 191 4
26 164 1
157 94 4
110 37 4
162 178 1
188 149 2
152 92 2
42 53 2
121 94 3
182 176 3
182 61 3
186 95 1
67 63 1
19 115 2
84 51 1
114 56 2
164 68 2
120 56 4
175 122 2
23 36 2
145 49 4
39 194 4
171 80 4
2 148 2
165 67 4
110 144 1
159 55 3
25 36 3
178 114 3
172 101 2
26 156 4
48 86 3
46 199 4
90 131 1
167 176 1
116 152 2
180 40 1
100 65 4
142 48 4
92 26 1
84 19 1
110 129 3
186 56 4
25 151 3
25 135 3
183 70 1
106 166 2
26 44 3
147 33 2
80 132 4
33 12 3
76 181 3
107 154 3
132 48 3
192 5 1
116 19 1
183 26 1
119 181 3
100 15 3
53 194 2
99 194 3
26 180 1
192 65 1
37 149 2
186 152 4
14 36 1
175 190 3
142 199 2
84 116 4
127 66 3
62 52 4
30 6 3
64 138 4
90 68 4
2 58 2
54 155 3
61 163 4
88 72 2
185 74 3
156 44 4
159 69 4
103 199 1
190 125 1
170 138 4
38 171 2
78 39 3
25 125 3
58 100 1
43 76 1
92 125 1
86 25 3
164 170 3
125 139 4
174 123 2
163 82 3
142 140 1
49 199 2
55 51 1
35 84 3
10 29 1
90 194 1
188 103 2
138 115 3
141 184 3
163 125 4
42 171 2
71 154 2
198 168 3
199 64 1
80 182 4
137 124 4
64 71 4
55 50 3
102 24 4
110 186 4
57 34 2
158 118 2
177 181 4
150 143 2
116 83 1
158 107 2
38 191 3
177 146 1
61 194 1
107 163 3
141 14 2
120 165 3
182 122 2
194 31 2
2 110 2
22 38 1
46 91 2
89 175 1
116 132 2
183 40 1
158 139 2
15 191 3
9 92 2
86 11 3
48 94 3
172 5 4
36 87 1
130 199 2
164 128 2
105 153 4
164 115 2
169 176 2
38 80 4
65 52 4
23 17 1
150 153 1
84 198 4
79 82 4
77 189 3
80 116 1
122 46 3
122 174 4
72 73 4
25 107 1
189 120 1
26 83 2
153 144 2
148 75 2
176 199 4
4 31 3
143 179 1
169 185 1
159 43 1
27 99 3
85 115 3
1 80 3
59 82 3
79 21 1
38 11 3
49 22 1
88 56 4
66 163 2
80 72 2
151 128 3
38 112 1
130 12 2
103 152 3
173 157 1
77 66 3
98 101 1
105 183 4
199 22 4
103 108 2
137 120 1
97 2 4
40 113 4
170 22 1
173 74 2
95 6 1
198 172 3
183 1 3
125 72 2
45 117 4
118 184 2
32 145 4
145 38 1
179 140 2
42 152 4
157 142 1
61 166 1
31 142 3
157 199 2
56 142 3
193 44 4
167 184 2
122 192 2
162 119 1
9 187 3
191 132 2
131 28 4
128 36 2
58 146 3
15 171 4
158 165 4
57 183 4
13 38 3
175 139 2
94 140 4
34 79 1
98 180 2
152 174 1
6 90 4
173 126 1
106 66 2
125 114 3
117 136 2
156 84 4
54 102 4
119 95 1
89 33 3
4 78 3
148 198 3
165 139 2
43 86 3
121 9 1
86 129 1
135 136 1
151 178 3
192 30 1
65 8 3
124 198 2
136 155 4
54 142 2
31 29 2
107 178 1
176 126 4
29 35 2
51 62 1
155 9 1
44 173 3
68 139 3
94 37 4
37 93 2
89 26 3
143 101 4
141 190 1
161 58 1
56 38 1
47 77 3
101 171 4
35 19 1
159 35 3
170 25 1
19 135 3
178 164 1
183 132 4
28 79 2
138 107 1
97 67 2
137 38 3
67 36 1
35 123 4
70 91 2
111 67 1
17 142 3
49 64 2
65 99 2
119 127 4
83 39 3
66 100 1
40 156 4
168 163 4
177 48 4
182 68 4
175 23 4
41 98 3
124 144 3
105 147 4
153 40 2
58 57 2
181 110 3
159 49 4
104 69 3
14 120 2
114 32 3
87 171 3
34 142 1
107 0 1
125 27 2
42 182 4
47 188 4
118 116 4
179 18 1
126 152 4
164 28 2
149 76 2
146 159 1
143 59 4
29 79 2
67 50 2
97 154 3
142 181 4
111 72 3
197 140 4
103 165 2
45 49 4
163 6 1
126 76 3
171 98 2
190 169 2
104 142 1
23 61 3
135 180 2
5 23 3
31 180 2
92 89 2
75 95 2
116 134 1
11 138 1
171 6 2
156 174 1
26 65 1
80 9 3
119 38 2
8 59 3
161 132 3
14 130 1
61 102 3
36 102 3
180 11 2
96 103 4
135 38 4
36 129 4
72 4 4
29 93 2
127 61 3
192 26 2
195 54 3
59 172 1
97 3 4
80 140 1
140 122 4
79 181 3
167 126 2
41 44 3
114 74 1
76 124 4
117 124 1
135 188 3
3 94 3
174 167 2
164 104 2
144 33 2
163 34 3
61 188 2
184 170 3
169 170 2
53 104 4
187 46 3
180 28 4
110 70 3
34 66 3
29 146 4
146 150 3
24 124 2
20 165 3
98 151 4
21 58 2
144 15 3
86 102 2
7 51 4
93 167 4
59 70 4
88 59 1
62 75 1
175 28 4
117 94 3
82 98 2
22 86 4
152 150 1
158 27 2
143 111 3
55 40 1
149 3 4
176 116 4
164 21 4
40 48 4
15 147 2
184 74 2
50 123 4
159 190 2
20 96 2
76 38 2
146 115 3
163 180 1
140 87 4
110 159 2
103 50 1
188 100 4
126 23 2
152 89 4
145 48 2
191 149 1
39 126 2
29 2 2
7 188 4
70 7 1
70 116 4
174 18 2
90 74 4
179 122 2
62 53 4
147 44 4
21 159 1
131 47 4
189 21 2
194 158 2
191 174 1
176 144 4
65 45 1
11 64 1
17 60 4
115 16 4
108 123 2
19 22 1
121 189 4
123 98 3
152 112 2
28 9 2
159 1 3
6 194 3
86 156 2
69 12 3
18 83 2
95 144 4
116 99 3
155 1 4
95 109 3
79 185 1
57 117 2
164 82 1
132 70 3
14 114 1
193 150 3
88 132 3
2 159 1
187 71 1
138 86 2
37 138 1
127 163 1
127 0 3
27 42 4
94 146 1
11 101 3
21 50 3
8 0 4
176 173 3
198 38 2
139 174 4
136 123 2
22 171 2
67 126 2
44 119 3
59 25 2
0 19 4
63 36 3
123 9 2
177 111 3
60 21 4
194 181 2
164 174 3
170 0 4
21 36 4
80 129 4
192 175 3
198 179 1
58 85 2
112 16 4
99 180 1
187 79 1
15 119 1
150 79 1
167 105 4
71 195 3
41 126 4
84 17 2
151 6 1
70 152 3
108 73 4
0 55 2
107 121 1
32 4 3
158 176 3
39 110 2
91 108 4
140 74 3
116 48 1
71 108 3
146 176 1
54 138 3
43 169 1
85 39 4
75 119 4
30 41 1
180 121 4
50 89 4
51 52 4
162 1 4
106 131 4
159 181 3
5 80 1
25 80 3
152 157 2
196 38 1
105 71 4
12 44 2
104 61 4
116 50 1
182 1 3
56 19 1
172 15 2
126 79 3
29 75 4
34 35 1
91 185 1
105 39 4
106 156 1
148 21 4
42 195 1
71 191 2
143 127 4
105 6 3
127 194 4
141 66 3
195 8 4
5 48 4
40 63 1
37 26 1
8 75 3
176 45 4
139 104 1
71 35 4
27 71 3
48 27 3
90 175 2
88 141 3
187 186 4
149 68 3
192 195 4
41 96 1
104 122 3
148 47 1
76 71 1
140 21 4
105 104 3
190 187 1
20 164 2
121 128 3
193 29 1
199 99 1
103 1 1
99 164 1
103 11 4
161 76 1
105 7 3
177 60 3
51 139 1
98 30 1
54 70 3
187 163 2
104 36 1
186 61 2
194 62 3
124 177 1
72 151 4
95 97 2
108 159 1
192 135 4
135 131 2
73 105 4
72 153 1
177 136 2
32 80 1
180 113 2
37 57 1
165 36 3
153 63 1
33 0 3
159 141 4
188 114 4
134 118 4
82 177 4
1 194 2
93 141 1
64 141 3
24 30 2
191 53 1
152 176 4
44 79 1
152 129 4
130 2 4
15 116 1
55 45 3
174 12 3
39 69 3
132 51 3
180 110 4
119 115 4
132 87 3
44 91 4
60 66 4
185 26 2
126 108 3
6 155 2
68 14 2
97 142 2
172 180 2
139 121 2
157 147 2
83 89 2
199 78 3
27 103 1
50 64 4
61 171 3
95 164 4
21 91 3
119 143 2
10 23 1
78 77 4
183 109 1
26 50 3
12 107 1
89 101 1
172 147 3
186 118 1
27 120 3
192 70 2
12 141 2
1 161 3
188 88 4
178 161 3
142 15 2
138 19 4
138 193 4
119 62 4
186 148 3
53 95 2
10 112 1
15 108 3
74 199 2
8 193 1
187 173 1
79 47 1
188 51 3
95 156 4
149 154 4
93 22 4
30 104 3
112 166 2
23 127 3
17 28 4
104 20 3
99 46 3
135 103 4
66 24 1
37 72 1
9 52 2
107 142 1
174 22 4
25 81 1
152 52 1
127 138 4
111 180 1
159 143 4
6 25 4
31 121 1
125 130 4
167 179 2
165 113 1
67 189 3
107 43 4
120 73 4
5 69 3
21 23 4
116 30 4
56 77 2
162 138 4
44 160 3
61 20 1
177 51 4
155 86 4
131 161 4
74 2 4
145 71 4
131 172 4
72 120 3
27 52 4
48 52 3
49 56 2
176 88 3
127 67 1
129 150 4
142 103 4
69 45 4
187 165 2
179 0 1
122 90 1
2 6 4
173 128 1
193 28 3
173 191 4
30 122 4
77 165 2
84 174 3
67 52 2
196 163 1
42 49 2
85 136 1
182 33 2
5 149 1
5 81 1
56 163 3
8 21 3
65 107 3
176 71 4
12 39 2
52 155 1
114 143 2
40 152 2
112 153 3
51 158 1
7 24 1
112 57 4
130 96 2
148 68 2
28 167 2
134 179 1
63 166 1
187 30 2
4 51 3
79 136 4
108 74 4
0 168 1
106 179 3
185 120 2
1 165 1
49 52 3
158 159 3
150 49 3
77 128 1
34 101 2
167 91 3
28 148 2
110 189 4
159 70 4
148 184 3
104 181 2
84 3 1
56 124 3
198 139 2
101 9 3
7 184 1
53 100 4
14 143 2
95 54 3
85 137 3
176 188 1
159 177 2
48 192 4
130 147 2
43 161 1
43 37 4
111 61 1
11 192 4
137 107 2
152 136 2
88 111 2
29 90 1
173 38 3
21 35 2
2 170 4
100 69 4
140 12 3
150 112 1
169 22 1
111 160 4
93 72 4
67 109 2
150 163 3
37 51 4
85 162 2
187 162 1
82 45 4
129 60 1
25 103 3
174 27 3
85 141 4
13 55 2
90 199 2
75 101 4
18 54 1
129 65 1
46 20 2
128 16 1
130 86 3
32 196 4
187 199 2
176 145 1
86 1 1
153 199 3
146 149 1
146 166 1
123 10 3
157 55 1
134 119 1
82 167 4
74 46 3
50 53 2
56 152 3
20 91 1
108 77 2
144 109 4
117 100 1
145 107 4
13 123 4
71 81 1
107 140 3
37 67 2
5 199 1
149 82 2
151 32 4
34 194 2
157 77 1
17 52 1
52 199 1
46 146 1
118 45 3
10 97 3
180 191 1
93 76 2
62 149 1
166 11 3
138 180 3
139 63 1
108 83 2
181 195 4
104 123 3
166 173 1
55 25 4
90 10 1
184 64 3
94 195 1
194 87 4
197 90 3
135 91 3
63 66 3
164 91 3
179 48 3
170 111 3
199 69 1
151 53 1
145 194 1
55 72 4
91 57 1
197 125 4
74 149 4
188 105 3
61 43 1
158 113 3
149 135 4
7 42 3
102 72 2
179 44 1
164 38 1
9 114 1
13 79 1
9 29 4
101 62 1
186 68 3
164 199 3
41 90 2
89 6 1
121 130 2
18 16 3
162 127 3
115 184 1
132 12 1
105 22 1
59 37 3
97 196 4
105 56 2
115 34 2
186 43 1
76 94 4
26 60 1
105 155 2
128 45 1
9 2 3
103 97 1
187 164 1
110 59 1
80 162 2
178 196 2
133 77 2
199 120 2
5 155 2
7 148 2
94 178 4
180 32 2
76 55 1
70 51 2
168 80 3
132 63 3
46 23 1
82 155 3
151 84 4
36 60 4
123 142 4
6 166 3
91 78 1
139 197 3
87 180 2
194 15 2
56 46 4
148 171 2
121 174 4
9 85 4
108 48 2
62 36 3
28 94 2
32 174 1
11 126 3
12 100 1
97 30 3
19 146 3
162 73 3
54 85 3
111 57 2
127 197 1
4 102 2
192 32 1
198 187 2
184 16 3
195 51 3
69 25 2
95 81 1
68 85 2
110 50 1
101 149 4
154 102 4
107 75 4
132 108 1
25 10 4
9 76 2
144 148 4
179 183 4
112 53 4
70 182 3
2 76 3
40 51 3
49 81 3
75 14 3
99 76 3
141 171 2
86 146 3
131 3 1
0 41 3
127 104 2
193 17 2
9 44 1
108 160 4
26 196 2
68 62 2
199 40 4
121 27 2
25 163 4
198 121 1
149 151 3
49 38 4
26 169 2
135 169 2
59 19 2
153 56 2
105 110 4
93 68 3
148 164 2
53 6 1
134 104 2
2 141 3
49 14 2
179 157 4
39 32 1
94 72 2
145 46 1
53 48 1
8 13 4
135 123 2
115 187 4
16 41 2
91 117 4
90 50 3
22 137 3
3 134 1
55 127 1
95 178 1
181 44 2
63 69 3
183 56 1
126 81 2
163 21 2
103 6 4
57 185 3
106 191 1
123 111 3
190 120 1
169 75 3
101 16 4
198 125 3
158 32 1
57 67 2
25 70 2
51 168 3
38 45 3
24 191 1
23 20 1
74 64 1
190 97 2
122 152 2
9 164 1
166 163 1
120 59 4
61 159 3
118 68 3
145 42 1
110 53 2
33 177 2
62 105 2
90 35 4
58 121 4
151 52 2
119 71 1
129 67 3
144 71 4
188 127 1
128 197 3
67 181 1
21 40 4
181 4 4
116 5 1
195 87 2
142 154 4
92 34 3
166 85 2
67 194 4
148 14 3
72 33 2
134 43 3
19 34 3
136 166 3
79 100 4
98 4 1
194 192 3
58 107 1
13 92 4
46 125 4
95 18 4
68 140 2
100 63 3
52 145 2
85 7 1
61 85 1
122 66 3
60 167 4
55 128 1
92 149 2
81 110 1
167 87 3
122 40 2
150 148 3
132 31 1
38 17 1
62 55 1
124 172 4
48 138 1
131 137 1
128 5 4
27 16 1
193 75 3
186 23 1
2 144 4
47 104 1
0 131 4
187 122 4
9 26 4
38 30 3
156 116 4
134 105 4
177 184 4
59 135 2
31 104 3
88 69 1
2 102 3
114 60 1
84 6 2
152 39 2
57 175 1
64 39 1
93 182 3
131 73 3
119 13 4
8 156 4
80 125 4
130 192 3
194 38 2
80 64 4
123 37 4
45 149 2
105 189 1
98 189 2
8 22 1
190 104 2
66 146 2
99 183 2
128 170 4
133 45 2
191 81 1
3 154 4
60 88 1
185 126 3
197 188 1
77 154 1
99 30 2
35 10 1
113 184 3
122 49 2
2 36 4
84 72 4
137 192 4
10 113 2
111 11 2
47 132 4
134 76 2
37 44 1
71 49 3
167 34 3
167 98 4
107 42 4
55 123 3
54 174 1
62 148 2
32 179 1
90 198 1
48 88 2
46 131 1
141 24 2
108 102 3
16 107 3
188 130 4
8 48 1
174 179 1
83 15 4
41 157 2
87 58 1
72 3 4
55 126 4
169 58 1
178 60 1
15 129 3
158 29 3
172 37 1
169 9 1
118 148 1
191 121 2
180 33 2
130 111 2
76 67 4
139 157 1
130 5 3
199 140 3
49 177 1
131 159 3
196 19 1
164 198 3
188 16 2
39 82 2
195 100 1
178 70 1
65 199 1
158 24 3
128 143 4
16 191 2
188 99 1
41 22 2
140 72 3
113 106 3
51 142 2
96 133 1
7 121 1
92 175 2
108 149 3
130 29 1
127 17 4
198 159 3
90 13 4
76 20 1
108 87 4
166 98 3
185 37 2
60 148 2
9 73 3
166 49 2
133 148 1
42 66 3
6 78 3
147 98 3
131 157 4
10 84 3
17 196 3
72 12 1
124 182 2
171 41 2
196 145 2
120 124 4
139 152 2
109 94 3
142 63 3
55 79 2
156 183 1
161 90 1
84 141 4
183 11 1
114 10 4
99 48 1
143 167 2
48 11 2
187 184 2
129 25 3
107 44 3
0 85 3
91 74 3
4 1 2
56 54 2
165 98 2
41 65 3
67 123 1
70 75 3
90 93 3
178 34 3
54 179 4
29 188 1
57 156 3
194 177 2
140 167 2
65 10 1
86 196 3
156 34 3
55 124 3
101 164 4
167 13 2
94 31 1
197 97 2
108 148 2
94 69 4
167 115 4
79 122 2
76 137 2
103 166 2
23 133 2
37 53 2
39 79 3
107 63 2
24 123 4
9 111 2
149 144 1
178 61 2
134 115 1
181 2 2
123 41 1
30 76 1
148 136 2
151 28 2
147 69 3
91 45 2
191 143 2
149 52 3
110 173 3
76 178 1
184 41 3
75 186 4
110 127 3
134 20 3
138 98 1
109 170 3
74 117 3
90 103 1
77 130 4
27 90 4
14 74 1
180 181 1
23 155 2
186 192 2
10 192 3
116 6 3
189 39 1
3 66 2
59 16 2
62 168 2
195 140 4
171 39 4
34 160 2
70 26 2
3 190 1
4 35 3
40 132 3
178 108 3
102 136 2
110 128 4
128 54 2
172 34 2
72 28 3
54 75 4
162 79 1
21 29 1
116 153 3
114 51 2
93 43 3
103 80 2
117 141 1
187 85 2
88 94 4
6 51 2
168 109 3
93 39 3
68 109 4
27 112 3
94 26 4
189 24 2
169 48 1
136 34 3
191 20 3
96 13 1
60 124 2
89 111 2
74 133 4
129 31 2
37 65 2
12 123 4
170 48 1
38 130 3
165 42 2
163 148 3
2 116 4
12 73 1
97 82 3
90 146 4
108 61 3
86 187 3
46 65 4
5 44 1
110 58 1
118 150 3
11 41 3
119 113 2
16 98 2
94 19 4
156 120 1
192 177 2
91 198 4
109 51 4
94 156 2
190 68 3
30 154 1
97 179 2
139 47 2
41 46 2
58 175 4
168 193 3
45 102 3
92 154 1
64 113 1
99 44 3
128 46 1
124 174 1
195 44 2
197 135 4
35 98 3
39 159 4
57 1 4
73 147 1
191 80 2
184 58 1
109 5 1
82 114 4
123 118 4
44 109 4
196 173 3
59 85 1
8 100 1
113 14 1
165 164 2
40 13 1
192 153 4
129 169 3
42 0 4
7 84 2
163 31 4
7 194 2
181 65 4
153 110 1
34 67 4
161 125 4
102 93 1
111 106 2
87 24 2
99 191 3
95 172 2
195 13 1
19 26 1
166 18 3
58 142 2
39 156 4
56 8 3
188 153 2
172 119 1
57 69 1
61 9 3
85 36 3
97 174 2
33 143 4
186 103 2
174 168 4
128 99 3
142 67 1
14 40 4
98 156 1
112 131 2
199 191 3
81 111 2
145 96 2
136 1 2
49 39 4
38 4 4
96 184 4
46 123 3
86 159 2
178 83 1
99 153 3
124 133 2
21 99 4
143 5 4
169 72 1
177 101 2
19 77 1
76 1 2
52 25 4
71 36 1
51 174 4
6 111 1
86 100 2
166 59 2
119 129 2
162 145 2
82 102 1
11 68 1
105 68 3
64 123 2
127 152 2
50 128 4
4 83 3
44 194 3
157 196 3
127 187 1
23 142 2
162 58 3
90 26 3
117 127 1
137 33 4
9 148 1
65 166 4
72 113 4
52 20 3
166 156 4
167 142 3
119 82 1
44 29 2
183 140 4
132 158 2
13 95 1
126 65 1
57 25 2
137 176 4
137 145 2
15 109 4
60 54 4
9 66 1
128 71 2
174 29 1
121 3 1
109 120 2
57 167 1
163 67 2
67 13 4
102 103 2
161 112 2
45 190 2
163 116 4
151 176 4
186 28 1
92 184 4
161 82 2
199 86 3
199 68 4
133 107 3
129 56 4
2 101 4
110 166 1
70 57 2
24 188 2
29 48 3
26 128 1
57 110 2
35 130 4
80 95 4
168 82 2
119 155 2
110 14 3
102 152 2
81 137 4
120 99 3
153 155 3
152 64 2
115 198 1
43 195 4
163 155 3
105 46 2
146 5 2
9 118 4
35 33 2
175 83 4
104 71 4
22 15 3
189 85 3
9 97 1
112 196 2
114 19 2
168 44 4
119 90 1
96 0 2
31 192 4
68 152 3
98 39 1
169 196 4
114 144 1
58 122 2
109 66 3
169 162 2
189 60 4
170 106 4
110 67 4
131 88 2
143 10 3
9 94 2
74 163 3
65 158 3
186 88 1
147 187 2
72 172 2
101 114 3
75 157 2
167 116 2
155 160 1
156 88 1
146 3 1
109 76 4
81 75 1
65 147 3
188 33 4
47 169 1
61 115 1
122 41 4
20 79 2
130 136 3
47 44 2
10 173 4
87 172 4
141 101 1
95 100 3
42 113 2
155 33 1
137 174 2
72 0 2
78 26 3
45 136 4
54 68 1
12 165 2
24 58 3
65 197 2
53 140 4
189 154 4
147 22 3
43 5 3
150 199 4
26 111 1
192 174 4
76 139 4
27 22 2
135 114 2
90 87 4
30 93 2
154 183 3
24 12 2
35 22 2
23 120 3
79 1 4
13 22 2
113 114 2
152 91 2
117 169 4
137 123 2
29 149 3
95 70 2
109 52 2
25 133 4
83 23 3
13 48 4
160 97 1
194 117 2
12 135 2
117 155 1
58 49 3
196 133 3
46 0 2
18 137 1
171 120 1
65 29 2
199 48 3
44 51 1
119 197 2
0 104 1
154 84 1
13 116 3
117 185 2
16 198 4
1 153 4
165 45 4
179 45 3
145 45 4
99 17 2
89 7 3
57 22 3
70 147 4
89 154 1
181 54 4
140 113 1
29 4 1
37 145 2
27 2 4
76 33 2
175 115 4
49 95 2
125 28 3
139 172 2
174 56 2
85 138 2
9 63 1
168 139 1
31 167 3
21 173 3
69 38 2
51 67 3
28 34 3
135 52 3
135 86 4
81 117 4
123 105 3
199 31 3
66 71 2
48 171 1
190 174 3
188 75 3
155 81 3
103 139 3
13 27 4
193 79 3
196 127 3
115 39 1
164 181 3
0 57 2
137 119 4
73 184 4
12 191 2
107 77 4
172 105 1
147 119 3
125 99 1
41 173 3
187 32 3
144 11 4
47 57 3
60 53 3
199 16 2
143 91 2
114 123 4
147 184 3
159 10 3
51 148 1
56 139 4
68 174 1
172 58 3
11 136 1
97 22 3
104 98 2
106 65 1
6 117 1
188 170 2
124 121 3
53 45 2
189 59 4
114 24 1
8 117 3
91 136 3
131 183 2
85 174 3
112 170 1
127 148 2
140 11 3
103 83 1
179 146 1
156 67 3
190 161 3
31 20 2
168 185 1
24 62 3
43 182 4
180 104 1
104 21 4
152 199 3
67 26 1
5 137 2
35 111 1
37 32 1
28 20 4
58 17 4
124 98 3
188 73 3
55 91 4
103 58 1
118 159 2
11 9 3
113 71 2
30 131 1
169 61 3
37 139 1
175 19 4
148 11 2
89 174 1
135 4 2
75 122 3
74 25 3
158 49 4
48 15 2
66 193 3
173 101 2
136 114 4
191 9 4
83 85 2
83 21 1
18 12 3
76 172 4
183 178 1
75 134 4
66 6 1
122 26 1
33 7 1
10 17 2
87 158 4
174 87 1
131 166 4
191 170 3
79 14 3
95 68 2
196 64 2
161 144 2
1 112 4
130 94 4
64 12 2
144 73 2
49 23 3
14 32 3
98 125 2
37 12 4
61 11 4
168 147 3
21 183 3
164 81 2
126 127 1
5 14 4
75 4 3
57 107 4
6 176 1
23 189 1
45 35 4
59 127 1
59 95 2
140 131 3
170 158 3
4 163 4
0 7 4
159 185 3
167 25 3
74 190 4
43 10 4
110 25 1
96 14 2
28 75 2
126 95 4
12 113 2
195 35 4
162 105 2
1 186 2
97 24 1
25 84 4
76 171 1
127 6 3
184 77 2
195 109 2
21 19 1
41 155 1
63 99 4
34 188 3
56 65 2
194 45 1
70 81 3
19 177 3
133 155 4
25 176 2
13 89 2
3 59 1
119 49 4
56 21 3
175 96 2
97 71 2
31 30 1
80 51 3
43 28 4
189 157 3
48 143 4
115 131 1
78 13 1
0 14 2
140 75 2
155 35 3
102 188 1
160 45 1
8 119 3
178 75 4
164 18 2
43 78 4
191 176 1
98 111 4
13 180 3
50 86 4
74 182 3
87 88 2
11 154 1
63 45 2
147 62 4
158 33 1
94 74 3
109 165 2
84 44 3
92 103 1
18 124 1
175 111 4
144 91 1
88 125 3
181 28 3
155 38 4
73 79 4
157 54 4
66 192 1
174 95 2
34 182 3
179 123 3
76 32 3
162 120 2
99 154 1
150 147 4
148 100 1
180 193 4
47 114 3
111 52 4
193 37 4
37 151 4
124 3 2
148 139 2
186 41 3
139 93 4
22 110 4
1 171 1
104 128 3
141 103 1
190 195 2
1 36 2
72 9 1
189 42 3
19 141 3
161 137 2
39 138 3
169 44 2
140 9 3
16 161 3
16 13 3
179 150 3
4 147 4
132 52 1
72 156 4
167 130 1
122 29 2
34 24 1
88 13 1
21 118 2
24 108 3
58 160 4
46 140 4
185 150 3
79 108 1
122 14 4
111 59 4
96 149 4
39 6 1
23 196 3
28 141 2
6 192 1
72 131 3
29 184 1
24 190 1
16 75 1
161 28 4
188 98 3
184 181 4
15 20 4
178 51 4
188 167 3
152 71 4
100 9 3
132 0 3
81 24 2
80 157 3
62 110 3
13 54 2
63 141 3
30 2 1
94 191 3
194 73 2
173 59 4
94 30 2
195 23 1
147 60 1
186 106 3
199 92 1
124 197 1
16 171 2
129 127 2
167 68 4
141 136 4
190 2 1
3 4 4
21 111 3
82 61 1
183 90 1
185 68 2
100 0 4
135 160 1
178 27 1
127 178 3
91 40 2
156 87 1
42 45 4
11 29 3
179 125 1
144 107 4
169 13 3
107 62 3
4 145 2
33 157 3
54 73 2
156 70 3
95 88 2
71 82 1
98 99 1
171 140 4
86 144 3
35 121 1
78 178 2
8 42 2
159 81 3
17 115 4
14 150 3
21 102 1
152 66 4
103 126 4
31 90 4
175 195 3
9 8 3
151 94 3
57 104 4
157 195 3
76 72 1
160 169 1
179 30 2
84 89 3
192 25 3
105 102 3
126 12 2
112 164 2
97 162 3
69 168 1
179 34 3
40 7 2
23 81 3
121 162 4
25 198 1
198 182 4
187 82 3
91 192 4
138 67 1
33 49 3
1 74 1
173 15 1
7 13 3
108 65 2
164 78 1
119 191 2
120 135 4
44 45 2
4 99 3
70 115 1
19 100 2
72 60 3
76 132 4
112 136 2
11 199 3
11 123 3
7 36 2
19 78 3
132 135 4
63 185 2
128 15 3
88 115 3
113 84 2
1 149 3
1 102 4
137 34 4
86 114 4
124 184 1
130 3 3
117 4 3
61 190 3
96 176 2
63 83 3
16 108 4
56 111 2
45 90 2
96 113 1
132 197 1
28 159 4
71 90 2
121 79 3
107 150 4
147 31 2
122 86 4
123 94 1
72 16 1
85 60 3
1 119 3
183 163 3
144 56 2
190 67 1
54 162 4
163 15 4
188 9 2
165 144 2
2 12 3
2 193 2
157 159 1
104 19 1
190 25 4
12 10 3
29 157 2
17 86 3
155 128 1
8 120 3
25 47 3
65 13 2
10 185 4
177 99 4
123 32 2
115 23 1
187 152 4
73 45 2
173 14 1
165 18 1
164 94 2
55 8 1
61 52 1
148 123 4
67 53 3
196 25 2
189 75 3
171 119 4
171 137 1
33 16 4
50 137 3
147 121 2
79 48 1
77 141 2
87 182 1
110 68 4
92 107 1
27 50 4
75 171 1
183 162 4
70 11 4
159 16 2
65 54 1
181 176 3
130 177 1
27 53 3
127 19 4
76 122 1
159 22 3
97 25 4
78 83 4
95 96 2
117 98 3
194 137 2
69 43 2
190 80 2
84 93 2
75 88 1
23 134 2
142 124 1
64 197 1
21 134 1
49 69 2
173 22 2
172 2 1
157 124 1
47 10 1
138 2 1
1 199 3
164 44 3
177 67 2
135 47 4
171 138 1
157 118 3
106 198 1
164 23 4
184 25 2
121 199 3
37 71 2
102 17 2
93 51 3
163 65 1
7 5 3
69 119 2
42 158 2
39 181 1
1 61 2
14 20 4
114 33 3
120 6 1
156 121 4
36 42 3
4 53 3
77 76 2
7 120 2
30 12 4
36 131 2
125 14 3
19 107 3
7 58 1
20 109 3
101 10 4
112 149 2
146 104 4
159 133 2
79 184 4
163 102 2
58 4 2
181 165 3
166 174 1
165 62 2
54 125 2
156 138 4
128 105 3
124 173 2
139 181 4
52 117 1
79 105 1
87 77 3
8 30 3
17 74 3
15 157 2
148 27 2
38 7 2
86 56 4
166 27 1
175 60 1
57 9 4
133 135 2
78 32 4
106 174 3
39 87 3
20 175 3
41 103 1
76 68 3
115 193 3
77 181 2
119 178 1
38 128 4
77 41 3
102 115 3
12 153 3
99 36 3
147 133 4
137 62 1
170 37 1
29 103 3
165 92 2
188 186 1
193 159 3
87 181 1
39 25 3
1 181 4
185 60 2
119 146 3
85 27 1
40 19 2
72 48 4
77 192 2
52 158 2
101 93 2
69 61 2
76 42 1
50 185 1
129 115 1
186 20 2
148 117 2
100 52 4
100 196 2
133 27 2
131 100 4
36 52 1
86 80 2
181 20 3
110 133 3
96 102 3
44 62 1
150 87 3
138 12 1
49 110 2
53 9 3
183 110 3
59 149 4
114 40 2
78 167 1
104 144 1
9 10 4
78 79 2
69 76 2
140 45 4
77 164 3
35 146 1
5 105 1
126 56 4
37 66 4
138 152 4
122 199 2
90 178 4
92 60 4
193 147 4
167 118 4
96 36 2
45 191 3
30 160 2
106 79 3
59 175 1
145 167 2
40 128 3
170 26 3
140 3 3
45 100 1
78 181 2
40 100 2
174 100 2
8 122 1
42 70 3
24 95 1
177 69 4
60 182 2
159 77 4
196 45 3
41 61 4
94 102 2
64 101 3
184 197 4
154 13 1
19 55 1
152 63 2
17 64 3
183 182 3
2 120 1
104 109 3
192 87 1
82 5 1
172 114 2
74 23 4
183 168 1
86 24 4
56 15 2
139 26 1
137 115 1
32 70 4
30 60 1
143 21 2
38 192 4
20 89 3
152 67 2
135 44 4
118 64 4
90 195 4
188 82 4
116 119 4
77 120 3
25 158 4
118 79 3
198 195 3
145 178 4
130 162 3
122 127 3
181 168 1
163 167 4
20 129 4
49 185 4
137 53 1
188 157 2
59 154 3
176 192 1
77 195 3
83 75 4
95 46 1
24 147 2
197 88 3
72 85 3
177 70 1
111 86 3
137 122 1
23 13 4
163 174 4
112 88 3
161 118 3
193 192 4
104 5 4
22 127 1
156 33 2
157 168 2
94 93 2
88 114 1
39 147 3
49 118 2
140 181 4
29 143 1
140 50 4
166 79 2
12 47 1
21 43 1
42 52 1
184 112 3
63 190 3
30 25 3
183 133 3
132 131 3
99 131 4
19 25 2
172 97 1
16 10 4
87 157 4
181 68 2
31 8 2
145 60 2
76 198 3
75 85 3
93 82 3
110 135 3
155 55 4
30 135 1
19 156 3
162 96 2
10 81 2
133 178 2
81 30 3
196 33 3
166 94 3
141 58 4
27 7 4
16 55 2
161 80 2
1 11 1
140 194 1
110 145 2
165 149 3
94 103 4
183 98 2
56 162 2
168 87 4
112 17 2
131 57 1
173 71 4
112 59 2
34 77 2
31 119 3
1 113 4
39 111 1
119 142 1
2 114 4
53 21 4
183 7 4
123 61 4
195 18 1
171 192 3
146 112 1
189 180 1
10 120 4
46 159 2
80 198 1
83 27 3
145 180 1
136 149 2
169 10 2
179 137 4
82 106 4
144 196 4
193 10 2
116 69 1
60 24 4
64 70 1
51 157 3
92 115 1
119 159 4
22 95 4
5 169 2
142 60 2
138 158 1
76 24 3
134 144 1
109 160 2
116 81 1
127 64 3
192 69 1
194 47 2
139 52 2
55 54 4
134 32 4
2 149 2
152 35 4
113 105 3
95 31 3
157 132 3
117 12 1
65 180 1
174 55 3
54 36 2
111 85 4
43 110 1
104 32 2
19 185 2
79 25 4
177 58 1
195 68 1
6 188 3
128 22 1
36 184 4
196 115 3
5 39 2
59 29 4
44 3 3
88 50 3
27 8 1
80 159 3
197 46 4
66 18 2
0 94 2
144 42 3
18 133 3
75 35 1
140 153 2
29 12 4
47 5 1
49 193 1
18 23 3
151 131 1
77 0 3
84 127 1
41 163 1
5 157 4
64 38 4
175 129 3
23 16 1
44 88 2
180 155 2
84 159 2
122 101 4
180 12 3
198 153 2
80 143 4
171 182 4
183 63 2
35 188 2
185 5 4
133 115 3
90 37 4
97 129 1
91 123 3
176 141 4
162 104 4
136 192 3
195 135 1
122 166 4
184 1 2
70 10 4
14 90 3
155 42 1
142 165 1
71 151 4
142 88 2
111 38 1
50 172 4
124 135 2
27 67 2
100 122 1
47 30 2
27 26 1
117 183 3
174 37 3
157 89 2
35 144 3
144 3 2
125 104 2
161 183 3
37 34 2
149 164 1
66 198 1
83 188 4
82 145 4
36 163 2
28 25 1
26 16 2
56 80 1
83 88 3
47 185 2
191 184 2
136 109 2
88 89 1
2 140 4
129 179 3
20 80 2
78 122 3
48 78 3
73 136 2
69 30 4
35 55 3
22 134 3
176 13 1
157 178 3
136 19 3
26 77 3
49 140 2
71 125 2
160 13 2
96 47 4
153 156 4
181 29 2
126 123 1
39 24 3
142 111 1
45 152 1
56 37 3
71 23 4
140 64 2
29 108 1
170 130 1
193 41 2
53 163 4
109 121 1
28 50 4
179 165 3
44 171 4
162 63 3
133 41 2
143 180 3
199 67 1
92 170 4
15 68 1
156 134 4
170 99 3
21 172 1
14 71 2
148 195 2
192 51 4
86 193 2
14 168 4
99 145 3
139 72 1
48 17 2
123 109 2
19 9 1
56 58 2
95 0 4
59 114 4
10 80 2
32 171 2
45 81 1
132 67 3
141 148 4
88 81 1
53 80 1
145 130 3
82 118 3
40 92 4
3 116 4
142 168 4
7 92 4
135 194 1
136 198 4
145 24 2
51 68 3
140 54 1
178 36 1
185 66 3
193 135 4
162 38 3
67 46 1
172 42 4
162 36 3
4 142 1
44 128 2
114 169 2
179 74 4
54 28 4
102 9 1
74 81 2
142 175 1
196 75 3
47 117 2
55 30 3
193 127 3
192 53 4
36 109 4
43 147 3
93 103 2
174 172 3
114 173 2
118 75 3
39 26 1
21 11 1
91 48 3
151 165 4
135 5 2
49 0 2
10 134 2
130 78 4
186 74 3
4 131 2
132 106 2
150 190 1
45 96 2
96 25 4
2 34 4
70 129 3
128 60 2
196 141 2
68 27 1
104 103 2
59 50 3
4 137 4
65 31 3
111 97 3
142 145 3
31 82 2
120 31 1
24 68 4
50 195 2
148 102 1
96 127 2
134 139 3
94 51 3
85 164 2
50 178 4
171 184 3
16 40 3
101 170 3
162 57 3
117 190 2
50 17 2
115 26 4
142 38 4
112 13 3
144 40 1
32 167 1
127 89 2
23 137 4
172 185 1
128 47 2
165 174 1
83 174 3
162 30 2
167 53 1
45 33 1
96 24 3
195 158 3
29 162 2
17 158 1
70 77 1
140 189 3
85 57 4
10 166 3
102 184 2
181 3 3
99 64 1
50 97 2
123 92 1
59 11 2
161 7 4
93 74 2
103 64 2
68 73 1
151 44 2
199 81 4
50 189 4
187 189 1
99 143 4
84 86 1
164 86 4
58 132 2
83 106 2
164 110 2
143 199 4
152 167 1
34 1 3
45 57 2
154 173 3
22 129 2
111 101 1
129 153 3
51 72 3
88 122 2
179 145 2
76 176 4
131 168 2
25 27 2
144 54 3
79 56 1
196 18 3
72 2 4
76 105 1
133 53 3
173 162 4
26 141 2
74 72 4
80 137 4
89 61 4
151 93 3
102 134 2
3 114 3
89 14 2
185 38 2
116 31 2
132 42 3
98 119 2
159 68 1
176 81 4
197 92 1
98 71 3
26 23 3
169 4 4
62 145 3
123 197 1
168 143 3
41 192 1
8 185 3
182 194 2
33 55 4
163 114 2
180 171 2
15 7 4
184 28 3
129 88 2
143 169 4
138 130 1
111 144 4
164 175 4
113 91 4
186 131 1
126 198 1
140 144 2
142 64 3
31 45 1
149 130 4
27 192 3
194 86 2
115 2 2
47 162 1
64 187 2
33 25 2
79 87 2
101 179 4
101 5 4
184 182 3
128 23 4
166 96 1
99 67 3
102 99 4
64 165 2
23 77 3
102 88 4
28 117 2
73 75 1
118 84 2
141 122 2
3 78 4
58 156 1
185 140 1
13 41 1
111 149 2
87 91 1
126 33 4
5 153 1
55 104 1
125 45 1
1 69 2
149 35 4
25 105 2
144 53 3
46 77 2
121 30 4
62 4 3
116 29 2
13 153 2
24 83 2
59 194 4
148 167 1
189 103 3
67 115 1
155 83 1
173 178 3
166 171 1
27 77 1
79 83 1
74 116 1
165 177 4
113 147 1
18 167 4
159 160 4
161 39 2
198 3 3
162 132 4
42 140 2
85 124 2
125 188 3
14 8 2
116 186 4
147 180 3
164 130 4
80 194 4
180 68 2
46 175 1
24 121 4
94 38 4
119 9 2
47 60 2
147 143 3
111 122 2
71 133 3
197 152 2
124 96 2
85 153 1
3 141 2
140 125 4
64 150 3
128 109 1
23 86 4
25 50 1
55 32 3
180 38 1
161 108 4
164 64 4
43 127 4
83 92 2
86 5 2
70 68 4
162 44 3
112 11 3
194 138 3
131 184 3
123 186 2
113 129 3
75 47 2
141 62 3
24 49 2
83 187 3
109 159 3
4 76 4
142 79 4
75 59 2
185 158 4
32 66 2
86 109 2
25 187 2
72 163 3
197 20 1
194 63 3
81 64 1
95 165 2
52 105 3
193 166 3
155 144 4
98 159 2
189 22 3
65 115 2
167 194 1
191 105 3
191 35 1
179 69 2
163 48 2
105 179 3
109 7 3
198 189 2
174 170 4
22 79 2
145 154 1
178 121 3
166 66 1
126 37 3
184 172 1
129 195 2
35 13 4
21 160 4
97 146 1
71 39 4
12 98 1
44 118 2
128 52 4
34 104 3
111 164 2
12 136 3
83 118 3
32 15 3
36 10 1
66 67 4
135 78 3
130 174 3
16 158 4
10 167 3
195 76 2
159 148 3
140 192 2
81 112 3
103 172 4
16 50 2
184 108 2
101 188 4
65 153 2
76 174 2
45 40 4
197 43 2
35 160 1
74 188 3
172 159 3
57 29 3
25 114 4
34 176 3
53 43 2
32 161 4
165 129 3
71 75 4
114 112 4
35 80 4
21 161 4
41 34 4
176 55 4
184 56 1
173 169 1
66 70 3
190 181 2
83 197 2
91 86 2
193 118 2
169 118 2
68 83 1
66 49 1
46 90 2
187 139 3
139 118 2
22 116 4
32 29 4
12 46 3
28 113 3
8 170 4
116 198 4
162 112 4
172 188 3
100 68 4
137 99 3
143 129 2
53 16 3
75 20 1
176 48 1
96 17 4
19 1 4
170 150 2
129 33 1
51 130 1
22 106 2
117 53 4
91 160 4
16 175 1
179 142 1
121 95 2
79 154 3
59 153 1
163 38 1
111 186 3
28 119 3
170 27 3
90 91 4
10 139 1
112 181 3
74 60 4
113 4 4
46 190 4
97 98 3
75 72 1
109 9 4
37 95 3
178 191 2
83 112 3
136 60 1
98 126 3
187 50 3
5 65 1
24 25 3
55 93 1
60 9 2
6 59 1
50 75 2
117 131 2
56 101 2
105 164 4
15 197 2
41 29 2
8 80 1
47 153 1
25 177 3
108 42 1
132 98 2
122 176 3
22 1 4
10 196 2
136 121 1
58 26 2
100 64 2
117 177 1
97 38 1
73 179 2
110 72 4
147 198 4
12 121 3
183 173 4
182 188 3
97 141 3
190 149 4
188 69 4
106 43 1
82 132 2
198 64 3
110 132 1
195 162 3
199 166 3
28 81 1
109 179 4
193 78 1
41 195 3
157 136 3
162 189 3
34 199 4
23 129 1
84 13 2
104 81 3
173 76 3
78 180 3
118 141 1
107 135 4
152 168 2
14 119 2
151 163 1
150 154 4
102 22 2
6 162 4
39 7 1
31 172 1
166 170 2
196 31 4
179 8 1
196 68 4
84 64 4
133 125 3
103 37 4
80 124 3
184 159 4
26 47 4
119 97 1
15 42 3
187 121 2
98 11 2
57 196 1
67 3 3
133 132 4
95 171 2
42 44 2
44 82 1
72 178 3
147 89 4
37 111 4
103 78 3
140 120 2
136 69 4
147 26 3
138 79 4
177 63 4
166 176 3
65 145 1
60 118 4
67 54 3
121 22 4
76 58 2
121 138 1
61 148 2
82 140 2
23 192 3
52 136 3
169 171 2
80 106 1
56 57 4
90 134 1
136 190 4
164 173 4
69 155 1
17 192 4
190 139 1
40 138 4
23 52 2
147 104 2
81 133 1
181 130 3
146 165 4
26 154 3
101 182 3
171 156 3
28 104 3
168 74 4
168 99 3
76 21 4
102 29 3
160 137 4
170 11 1
79 180 3
38 105 2
19 12 3
71 22 4
42 58 2
10 92 2
133 31 3
22 45 3
59 10 3
32 127 3
53 34 2
8 28 1
123 198 2
187 2 3
109 30 1
50 177 4
170 126 2
100 165 4
43 191 3
153 77 1
42 163 3
2 161 2
119 78 2
98 102 3
31 103 2
8 69 4
119 136 4
136 116 1
150 41 2
84 4 2
133 7 3
153 80 1
122 172 1
180 36 1
123 76 1
37 168 4
141 10 3
68 156 4
75 1 2
47 174 1
26 43 2
39 148 2
101 121 2
109 188 2
49 179 4
105 118 1
98 112 4
21 129 3
174 109 2
177 42 1
26 7 3
173 167 1
150 192 1
199 37 4
44 7 2
43 124 2
54 21 3
57 32 2
121 159 4
198 23 1
32 27 4
106 103 4
59 137 1
2 25 3
171 90 4
67 24 1
113 54 1
11 113 2
71 74 1
77 61 2
175 26 1
190 178 4
104 51 4
9 82 1
91 162 1
176 70 1
69 36 3
94 11 2
74 16 4
191 91 2
17 76 2
2 135 1
175 78 4
172 163 3
40 85 3
198 47 1
157 177 2
178 40 2
52 119 3
151 159 2
117 34 2
194 128 2
117 97 3
12 85 2
31 69 2
150 97 2
180 92 4
124 179 1
80 16 1
26 165 1
181 58 4
181 66 1
149 170 2
191 39 1
113 95 2
165 69 4
9 25 1
92 150 4
136 88 1
196 53 2
10 149 1
23 99 4
60 39 4
190 40 3
162 172 2
119 26 3
93 67 3
161 139 3
120 176 4
27 117 1
159 78 3
56 60 2
89 184 2
72 194 2
92 100 1
118 102 3
99 80 2
116 92 3
19 170 1
172 22 2
86 175 3
187 134 3
176 102 2
49 132 1
125 51 2
41 92 1
156 48 4
64 62 1
15 61 3
66 0 3
44 130 1
126 150 1
76 95 1
71 111 1
165 58 4
78 80 3
93 87 3
20 199 4
155 4 1
35 96 1
171 191 4
67 144 4
47 65 4
9 1 1
127 125 3
117 146 3
7 79 1
82 195 1
172 74 4
33 173 3
129 156 4
128 43 3
37 190 2
136 120 3
139 101 1
146 138 4
17 168 1
71 24 2
158 28 1
132 17 3
199 169 4
26 103 1
61 29 2
129 94 4
44 143 3
65 91 1
151 60 4
27 49 1
141 182 2
0 137 4
173 56 2
111 28 4
36 12 2
130 42 2
109 134 3
26 32 1
3 54 4
181 157 3
58 3 4
195 53 3
191 197 3
109 105 4
74 54 2
169 119 3
193 13 4
13 168 2
165 188 2
177 74 2
92 74 4
75 60 1
152 78 3
129 54 4
118 50 3
145 147 2
47 175 3
186 167 2
17 16 4
192 197 4
90 59 2
106 149 1
30 112 3
146 26 1
96 108 4
45 143 4
89 192 4
69 161 4
157 138 3
18 146 2
47 152 2
109 106 2
98 29 3
130 193 3
43 157 2
145 198 1
155 176 2
21 63 2
105 40 1
153 22 1
65 23 2
115 109 3
69 125 1
170 45 2
169 178 2
106 84 1
7 53 1
65 27 3
14 38 2
97 198 2
126 29 1
129 45 1
10 179 2
7 114 4
14 166 3
131 185 3
87 143 4
195 95 1
124 101 4
108 120 4
29 121 4
106 122 1
27 34 4
102 48 1
49 191 2
62 128 4
1 169 2
63 198 3
183 197 2
183 47 3
114 27 1
28 83 1
101 142 4
129 6 1
98 49 2
132 7 1
187 40 1
15 158 3
186 97 2
171 175 3
59 24 3
80 43 4
6 23 1
119 53 1
25 195 4
21 167 3
57 13 3
58 95 2
53 20 4
189 29 1
19 123 3
50 24 2
16 176 1
77 144 2
160 131 2
64 44 2
46 84 2
1 82 1
182 57 3
192 103 4
44 113 2
74 65 4
97 66 1
71 199 1
181 153 2
79 153 4
25 171 1
106 98 4
117 199 1
27 167 3
87 25 3
122 105 3
24 51 1
37 76 1
123 95 2
188 97 2
99 121 1
40 125 2
111 104 1
64 109 3
122 53 2
63 196 3
182 95 4
108 7 3
82 94 1
67 17 1
37 115 2
7 170 4
67 87 1
16 123 1
152 74 1
126 195 1
151 136 3
176 161 1
18 38 1
165 91 4
56 195 2
113 130 4
190 71 4
19 173 2
113 102 1
138 169 4
182 105 4
193 70 3
140 73 1
104 179 3
188 185 4
58 94 1
58 128 3
22 81 4
168 124 4
156 13 4
139 105 1
93 147 2
197 159 2
70 34 2
162 160 3
81 100 2
166 184 3
31 71 3
75 90 4
86 34 2
177 12 4
121 177 4
68 184 2
28 115 4
3 21 2
103 164 1
106 180 4
161 164 3
48 75 1
12 171 1
81 83 1
77 17 4
177 27 3
182 119 1
182 121 2
185 18 3
190 51 3
131 8 2
179 196 4
70 5 3
158 0 2
111 163 1
147 83 2
123 149 3
31 154 2
124 194 1
51 41 4
84 28 4
182 83 4
6 164 4
85 41 2
79 18 3
164 59 3
159 183 1
14 186 1
101 140 4
191 17 4
196 138 3
156 124 1
130 119 2
133 8 1
64 128 2
115 195 2
55 65 3
98 51 4
147 63 2
167 37 2
31 75 2
137 141 4
1 141 4
77 80 3
185 149 4
164 193 2
94 160 4
12 97 3
28 15 3
172 151 1
63 92 1
118 77 3
131 87 2
127 79 1
159 192 2
145 143 1
174 65 1
107 85 3
95 9 1
107 170 4
156 114 3
59 43 2
3 199 2
97 118 4
168 10 4
84 153 4
150 188 1
189 64 2
36 95 3
18 28 2
40 6 4
75 116 4
11 187 4
194 85 3
146 68 2
15 59 2
50 150 3
122 198 3
187 68 3
57 147 2
94 154 4
138 68 3
21 158 1
98 21 4
178 177 2
99 81 1
31 9 1
39 48 1
125 84 1
157 26 1
59 191 2
165 191 3
98 24 3
108 175 2
150 194 2
150 195 3
28 2 3
167 122 1
99 132 1
81 194 3
149 94 3
183 196 4
101 4 1
152 5 1
77 7 1
11 83 4
163 12 2
62 181 1
74 62 2
2 127 3
149 148 2
6 132 1
84 76 1
194 153 4
139 193 3
66 43 4
18 116 2
131 19 2
137 41 1
40 148 1
63 192 2
84 195 2
147 1 1
3 20 3
45 101 1
192 72 1
113 78 4
73 153 3
154 41 3
93 118 1
115 84 3
144 58 4
20 151 1
134 83 4
161 89 1
178 91 3
157 1 1
43 89 2
13 196 4
136 143 1
16 49 1
120 18 3
151 105 2
142 187 2
74 88 1
98 38 2
34 63 4
170 148 2
71 179 1
184 5 3
12 125 2
92 80 3
2 64 4
94 186 3
151 38 2
59 198 2
199 170 1
58 32 1
173 100 2
152 34 4
49 136 2
50 197 4
65 71 3
155 47 3
150 136 4
20 155 3
14 97 2
147 13 3
154 187 2
6 0 1
18 19 4
141 181 1
2 70 1
138 153 2
183 194 4
33 100 4
84 150 3
29 152 3
15 1 4
178 153 4
95 12 4
188 62 4
6 60 1
109 147 1
131 18 1
142 177 2
97 137 1
98 37 3
124 11 2
158 48 1
118 69 2
182 109 4
97 62 4
36 185 4
29 136 2
90 166 1
185 144 3
135 178 1
155 64 2
23 119 2
45 114 4
21 101 3
25 95 4
0 93 3
105 99 1
192 134 3
138 9 1
199 139 2
185 14 2
86 108 2
7 73 4
125 37 3
79 171 2
90 173 1
108 118 2
30 137 2
6 63 4
174 88 3
153 46 2
31 62 3
32 25 4
105 83 4
154 82 4
55 10 2
139 43 4
111 128 4
185 182 1
165 35 2
119 50 4
152 181 3
194 43 4
183 121 2
25 22 3
168 77 3
189 49 2
0 31 2
93 123 4
69 77 3
52 33 1
128 34 2
63 156 3
15 82 1
55 186 3
186 10 1
61 81 3
43 112 3
192 128 4
145 83 4
38 16 4
65 89 3
186 109 4
59 9 2
102 78 2
126 16 3
70 28 4
2 178 1
7 50 1
40 134 3
114 63 4
13 68 3
42 64 3
43 142 2
167 158 4
134 67 4
89 178 2
191 65 4
47 76 4
12 112 1
23 113 4
134 122 2
142 114 3
130 90 4
190 154 4
111 199 2
94 83 2
43 141 2
131 173 3
129 123 4
100 197 2
128 76 4
138 188 2
179 119 2
199 94 1
52 45 3
79 76 1
176 5 4
147 144 2
68 4 3
182 15 4
63 86 1
145 168 4
68 29 2
56 75 4
40 111 1
97 195 1
48 180 4
60 104 1
125 142 3
189 144 1
67 136 3
151 173 4
90 57 4
33 53 1
72 38 1
2 197 3
182 73 2
178 185 1
111 125 1
39 165 1
61 157 2
190 147 3
10 181 1
41 125 2
14 171 3
110 154 1
4 9 4
134 171 3
198 27 1
14 170 4
103 125 1
27 138 3
148 156 4
198 105 2
112 31 1
112 143 3
168 141 1
85 43 3
63 19 1
186 4 4
125 137 1
118 197 4
50 43 1
80 135 4
183 186 2
26 167 4
28 170 3
32 199 4
79 80 1
136 169 1
120 128 2
144 138 3
80 175 1
43 170 4
140 137 4
169 19 1
24 105 1
142 25 4
182 23 1
79 170 2
81 1 1
139 153 2
2 157 1
70 73 3
153 124 1
59 101 1
169 127 3
40 70 4
48 16 1
162 142 1
155 39 3
181 43 2
26 178 1
129 44 1
58 79 3
172 19 2
105 15 4
17 179 3
59 170 2
113 185 1
89 145 1
90 126 4
82 179 2
103 5 1
43 88 3
80 76 4
161 44 4
21 110 4
68 33 4
172 161 3
45 72 2
103 123 4
10 154 3
108 168 2
181 23 4
195 59 3
175 143 3
175 2 2
35 169 3
112 49 3
186 66 1
131 144 1
25 197 4
15 122 1
40 23 2
93 45 3
170 198 2
66 62 1
145 150 4
112 2 1
169 49 3
160 188 4
140 105 1
24 133 3
57 188 3
2 1 1
197 81 4
102 57 4
123 150 4
68 80 1
89 47 3
48 20 2
13 177 1
150 24 1
0 109 4
96 151 2
196 123 3
153 136 4
62 5 3
194 175 4
5 91 3
43 132 1
119 180 3
72 118 2
93 52 4
82 80 1
131 63 3
156 49 2
48 64 3
29 47 1
92 33 2
37 30 4
174 8 1
127 57 4
42 41 2
51 75 3
1 51 1
109 74 4
49 4 3
108 72 4
87 23 2
112 177 1
150 116 3
61 101 4
165 147 2
143 174 4
157 121 1
57 157 1
3 128 1
59 26 2
23 161 3
78 95 4
82 17 1
120 157 3
1 143 3
68 2 3
173 49 3
69 124 2
22 175 4
177 116 2
123 1 3
54 64 1
117 66 3
71 132 1
149 6 1
87 189 3
24 166 1
6 36 3
49 194 3
47 108 3
151 139 1
127 24 3
99 24 4
166 70 1
44 73 2
137 150 4
89 98 2
9 146 4
165 198 3
138 60 1
175 127 3
13 136 2
171 52 1
2 17 3
81 13 4
176 61 4
99 68 4
43 63 1
179 103 3
28 73 2
176 50 2
65 67 2
43 90 4
139 85 2
79 2 1
170 154 1
122 123 3
161 156 2
80 100 1
48 186 4
41 156 4
187 117 1
47 157 2
138 118 2
136 66 1
88 18 2
78 189 4
195 153 4
183 135 3
146 36 2
18 80 3
60 73 1
182 115 1
128 125 1
191 124 1
178 32 1
156 22 1
22 32 1
122 121 1
132 152 3
31 80 3
96 126 3
66 87 4
74 80 3
46 47 3
29 134 2
169 85 2
198 9 1
14 133 4
107 198 2
130 24 4
35 49 3
89 112 3
41 139 2
115 105 3
189 5 3
118 154 4
142 20 3
81 189 4
182 59 1
183 46 2
39 34 3
199 192 2
109 178 3
173 143 1
181 80 2
85 6 3
0 189 3
90 54 3
2 176 1
45 169 4
29 64 2
186 151 1
178 3 1
14 193 2
144 108 4
105 186 4
155 138 1
181 99 3
112 14 1
156 51 3
29 147 2
33 20 3
57 140 3
61 40 3
108 157 4
106 8 1
74 196 2
68 18 2
71 165 1
99 83 4
80 196 2
172 197 1
106 37 3
162 64 4
102 170 3
124 145 2
87 54 3
26 80 4
56 7 3
15 102 4
196 15 3
191 188 4
164 171 2
121 116 4
41 86 2
154 180 4
129 116 4
29 91 1
182 164 4
130 60 1
128 148 4
94 128 2
13 127 3
2 111 4
88 104 4
184 173 3
76 165 4
95 193 3
185 162 3
92 111 1
48 187 2
8 169 2
158 50 4
169 7 4
153 113 2
55 81 3
46 25 1
121 66 2
134 169 3
106 141 1
108 155 2
39 125 3
59 177 4
147 51 1
56 143 1
138 142 2
34 141 3
162 129 1
143 47 3
167 103 3
146 137 2
199 184 1
6 122 1
97 92 4
176 147 3
147 68 1
54 170 3
36 40 2
185 25 4
193 160 3
66 144 3
112 140 3
59 1 3
187 99 2
17 53 3
197 76 3
10 171 3
87 177 2
9 166 4
27 156 4
186 77 2
119 108 3
53 165 4
140 152 1
184 4 4
152 125 1
108 194 2
186 31 4
137 88 2
101 8 2
28 152 3
11 4 1
56 14 4
164 3 4
58 126 3
137 157 2
137 191 3
133 29 1
22 30 3
34 144 4
138 55 1
8 108 2
44 153 3
22 108 3
171 163 3
58 174 4
196 9 2
191 32 3
141 172 3
41 31 4
17 188 1
33 79 4
155 187 2
176 95 3
173 57 2
104 40 1
110 125 3
155 30 4
109 130 2
89 87 4
69 32 2
166 89 1
70 86 4
142 78 1
85 140 2
52 190 3
179 90 1
84 62 2
105 173 1
46 66 4
125 112 3
128 119 4
87 188 3
161 181 2
57 88 2
118 145 2
117 51 2
22 144 3
145 155 3
90 94 3
68 144 2
33 30 1
113 124 3
4 190 1
46 10 3
135 77 1
174 125 4
142 0 4
196 6 4
101 126 4
79 151 2
15 149 3
148 161 4
39 27 2
120 95 3
5 165 1
167 72 2
146 24 4
16 93 2
145 192 1
110 11 4
80 3 3
35 132 4
186 81 1
57 144 1
124 72 1
187 67 2
13 28 4
114 28 3
141 25 1
87 197 4
16 69 3
113 186 3
123 5 1
119 106 4
74 104 2
44 149 3
27 70 3
80 144 1
75 30 1
168 67 2
93 23 2
162 153 4
130 104 4
34 9 1
108 34 1
90 115 1
113 126 1
94 192 2
29 172 1
171 31 2
83 101 1
91 132 1
139 14 1
199 27 3
25 4 4
192 86 4
84 161 3
49 172 4
16 166 1
175 169 2
44 121 3
0 26 3
35 60 3
166 43 1
35 48 4
185 173 2
32 21 4
147 161 1
193 187 4
181 174 1
92 118 4
33 162 1
47 35 4
102 169 4
86 107 1
70 79 4
198 26 1
129 172 2
89 194 4
192 42 2
190 93 3
84 0 1
40 184 3
91 161 2
45 14 1
78 124 2
126 89 1
61 70 3
29 60 2
163 99 1
157 63 1
44 80 2
154 49 4
48 144 2
26 135 1
97 159 3
55 107 3
25 130 4
68 38 4
31 166 1
179 13 1
138 50 4
64 97 2
70 30 1
47 8 3
163 24 4
53 149 1
48 59 2
2 154 3
196 34 1
38 147 2
115 82 4
50 134 3
155 26 2
107 60 3
15 138 3
155 58 3
4 19 3
43 187 3
140 23 2
48 12 4
179 169 1
31 92 2
68 161 1
75 133 4
84 133 3
50 174 3
42 191 1
145 25 1
152 85 2
69 58 3
193 40 4
183 166 4
93 143 1
199 119 1
23 56 4
199 182 4
151 145 1
34 164 4
125 0 1
9 103 1
109 162 3
128 19 2
155 166 1
97 63 2
8 159 2
41 35 4
154 106 2
93 184 4
120 146 4
0 99 3
49 19 1
73 102 3
85 103 4
51 86 1
35 136 3
44 176 3
164 60 4
25 109 3
68 104 1
0 32 3
155 67 2
3 85 1
180 167 1
134 194 1
107 7 1
84 145 4
107 191 1
92 114 1
58 81 4
148 110 3
153 164 1
79 190 2
20 83 4
51 74 3
77 104 3
120 5 3
8 88 1
155 76 3
138 4 3
69 169 1
5 198 1
170 124 2
150 62 4
110 83 1
175 12 1
63 163 4
120 38 2
178 73 1
162 118 3
18 26 2
73 173 2
143 121 3
176 86 4
175 186 4
28 44 3
142 170 2
7 128 2
31 189 4
150 104 1
62 190 3
188 28 3
3 18 3
112 105 1
138 95 4
36 44 1
178 85 2
141 186 3
109 169 1
196 0 3
60 71 2
15 73 2
71 28 3
5 3 4
69 112 3
189 95 1
64 186 1
94 89 2
188 141 4
187 196 3
13 192 2
40 109 1
84 61 3
71 124 1
14 78 1
125 132 1
168 25 2
122 17 2
112 172 1
140 150 2
104 87 3
3 14 3
180 64 4
34 155 4
84 111 1
62 133 3
62 13 4
4 16 1
68 168 4
91 101 3
30 180 3
146 180 3
33 127 1
86 71 2
84 5 4
169 184 4
155 80 1
33 37 4
141 100 3
163 132 3
139 167 3
29 163 4
24 152 1
146 13 4
82 100 3
19 46 3
190 171 2
69 134 1
59 180 4
77 11 4
173 136 3
2 87 1
112 155 1
186 53 1
60 125 1
101 137 4
87 80 3
136 199 1
194 40 4
17 98 4
64 15 3
149 162 1
179 56 4
78 129 4
92 185 2
13 56 3
193 119 2
163 146 4
15 193 2
87 15 3
71 159 3
23 37 2
74 111 1
132 149 4
174 158 3
51 131 1
121 41 1
185 171 1
126 34 2
30 27 1
86 139 1
140 187 3
117 142 1
4 180 4
26 75 4
118 196 2
113 138 2
172 136 2
97 79 3
119 175 4
163 193 3
101 39 4
66 25 4
130 184 3
159 166 1
23 177 1
7 3 2
192 55 3
78 136 2
22 146 4
81 89 3
98 67 2
24 106 2
66 161 4
118 124 4
153 126 2
14 42 2
147 94 2
101 54 3
115 148 3
183 177 4
170 84 3
66 79 4
