4900 100
0 89 7
0 64 8
0 20 8
89 24 5
20 61 9
0 70 1
70 54 6
64 28 8
20 34 4
89 4 5
4 92 5
20 41 3
0 43 7
89 96 6
28 84 5
54 38 1
0 80 4
54 33 9
61 85 4
80 7 9
43 37 2
7 90 3
7 16 2
85 46 5
16 58 1
7 8 1
84 29 9
41 19 1
20 27 4
19 5 6
28 87 5
28 47 7
7 17 6
47 65 5
24 67 5
7 44 1
28 81 4
5 73 2
7 71 5
54 31 6
28 99 8
58 51 6
51 49 5
33 53 6
7 66 7
0 60 7
0 22 5
81 59 3
81 72 1
16 1 2
1 69 1
69 39 1
66 35 1
17 42 3
96 36 6
47 14 6
53 56 8
17 98 4
56 86 7
46 74 9
56 77 8
80 9 9
41 88 6
96 11 5
9 32 8
81 15 1
38 55 2
49 76 8
9 83 6
69 13 6
80 78 4
11 52 9
27 30 4
56 26 2
85 68 4
33 97 9
68 75 6
55 3 6
35 18 9
71 23 3
69 25 5
75 63 9
89 10 1
46 2 1
3 12 2
73 94 1
92 40 2
25 21 1
40 57 5
17 79 1
5 6 1
0 91 8
47 48 9
9 45 3
96 93 9
67 82 9
94 95 7
46 62 7
12 50 3
36 16 2
10 85 3
66 38 4
99 60 2
37 72 2
56 50 3
69 79 1
12 35 4
4 69 4
83 15 1
54 60 1
49 24 4
51 66 1
99 97 4
75 81 4
75 27 3
83 82 3
61 35 1
42 0 3
41 40 2
71 35 3
74 30 3
40 98 2
44 41 3
45 50 1
52 66 3
29 49 2
97 16 1
1 92 1
78 8 3
4 28 1
35 97 4
85 59 1
8 59 4
27 34 2
58 47 2
31 92 1
58 74 1
57 49 4
20 87 2
50 82 2
73 77 1
47 24 2
91 46 3
17 52 1
36 75 2
58 69 2
71 78 1
20 4 4
37 89 2
92 85 1
90 34 4
88 70 3
68 4 3
50 96 3
71 68 3
63 42 2
56 20 3
14 2 3
25 8 3
65 81 3
53 76 2
36 43 4
3 76 3
25 88 1
47 71 3
86 70 3
96 38 1
7 67 1
4 93 3
59 88 1
57 61 4
2 90 3
74 97 3
31 61 4
75 43 1
73 53 1
36 94 2
65 44 1
58 54 4
62 15 1
99 12 2
51 19 4
19 75 2
56 16 2
11 20 4
16 9 2
62 43 4
57 97 2
15 19 2
3 90 3
74 82 3
1 12 1
20 80 4
47 21 3
41 54 3
33 90 4
59 97 3
18 19 2
60 86 1
4 65 1
64 20 4
17 25 3
67 21 1
73 35 2
93 20 3
77 63 3
74 31 1
23 61 1
62 41 4
49 21 3
97 12 1
60 3 2
65 67 4
78 81 1
21 69 4
29 35 3
12 32 4
22 3 3
89 15 4
12 2 2
63 31 3
13 2 2
52 88 2
17 15 2
85 23 2
51 38 2
61 0 3
21 78 3
95 42 2
23 36 4
92 89 1
2 56 1
44 59 4
3 1 2
35 32 2
2 35 3
14 86 3
94 90 3
93 41 1
66 18 4
67 2 1
83 96 1
39 59 2
59 93 1
60 10 4
54 17 1
98 22 1
80 16 2
31 33 4
22 70 1
17 37 1
23 82 1
48 22 2
74 56 1
14 80 2
89 80 2
33 13 1
31 36 1
14 83 2
40 2 3
77 20 3
36 98 3
19 2 1
61 4 3
11 17 3
65 55 2
72 32 2
7 22 3
95 81 2
9 78 1
8 18 4
61 43 1
71 79 3
2 48 1
81 20 2
89 48 2
83 58 1
71 93 1
24 2 2
42 69 1
33 59 4
39 36 3
38 32 3
22 47 2
60 32 3
77 30 1
52 14 1
25 74 2
72 28 2
28 89 3
98 52 1
93 91 1
23 11 1
79 85 2
82 59 1
18 81 1
55 42 2
89 19 3
4 95 4
29 73 3
75 18 1
34 63 1
43 79 4
66 96 3
98 51 2
14 41 2
13 27 2
28 70 4
53 18 1
64 47 1
69 65 3
88 6 2
2 74 2
46 71 1
24 42 1
71 51 1
25 52 1
2 60 1
93 54 3
14 59 1
56 99 1
44 14 2
4 35 4
91 10 4
44 78 1
34 22 2
94 39 4
85 13 2
85 70 1
53 81 1
37 60 3
21 82 1
0 94 2
18 65 2
26 37 3
99 40 1
63 44 2
80 52 1
20 39 4
73 81 1
77 36 2
66 37 1
0 16 2
74 83 2
56 60 4
20 95 4
27 73 1
50 69 2
53 71 4
15 23 3
50 7 4
21 19 3
1 65 2
53 28 2
18 87 3
63 86 3
13 83 2
91 73 2
68 95 1
9 25 3
20 57 2
56 81 1
65 51 3
7 48 1
56 29 1
39 33 4
20 85 2
37 42 2
42 75 1
18 22 3
10 34 2
77 17 3
98 97 1
19 37 1
72 30 4
56 48 1
72 47 1
40 30 4
13 16 4
23 51 4
83 78 3
72 83 1
0 59 1
55 57 4
95 55 1
57 3 2
24 27 1
3 25 4
3 62 3
61 45 1
49 16 2
44 27 2
36 47 2
5 50 3
24 15 3
4 45 4
1 34 2
83 17 4
53 45 3
72 40 4
33 50 3
46 28 2
54 9 2
22 79 3
0 62 3
52 0 3
18 40 1
32 83 3
45 47 3
46 38 2
50 31 2
71 33 3
0 46 2
97 15 1
91 65 3
10 93 2
70 12 2
23 42 3
56 49 2
66 74 2
3 30 2
85 98 2
39 40 2
61 28 2
0 23 1
98 1 1
6 93 1
5 83 2
64 19 1
56 25 3
25 99 1
23 43 3
97 73 1
69 6 3
18 2 2
2 70 3
18 58 4
27 0 2
13 18 3
96 39 1
96 33 2
81 64 1
71 25 1
26 75 4
7 94 1
68 30 2
26 42 4
71 0 2
29 0 3
75 41 1
6 23 1
90 24 4
29 74 3
19 62 2
99 75 1
62 75 4
75 50 1
35 31 1
31 53 4
81 36 3
56 97 4
85 77 3
95 19 3
63 89 2
92 77 4
20 97 2
74 19 4
39 47 3
86 45 4
81 98 3
90 82 2
4 8 2
83 18 2
85 1 1
73 78 2
97 14 3
10 27 1
53 5 4
39 2 1
5 67 4
52 83 4
63 36 3
34 66 2
94 45 2
82 54 3
14 70 3
70 77 3
60 64 2
83 35 4
39 56 4
78 3 4
94 43 3
91 44 4
71 50 3
38 92 4
87 97 2
22 46 4
32 82 1
80 33 1
98 54 2
60 39 3
3 2 1
75 25 4
38 78 3
20 1 4
5 30 4
11 33 1
79 83 3
73 18 2
24 26 2
70 58 3
96 34 2
55 5 1
64 39 4
84 32 3
37 18 1
95 92 1
54 77 3
34 23 2
69 15 2
50 38 2
70 47 3
12 90 2
86 34 2
64 13 3
78 46 3
1 70 4
22 94 4
41 36 3
5 95 4
95 33 4
10 11 3
9 4 1
51 0 1
60 9 4
57 89 3
75 31 2
69 85 3
1 45 1
42 97 1
50 64 1
31 96 2
3 34 4
97 60 3
69 53 2
68 53 3
58 3 3
36 59 4
65 79 2
86 6 1
74 27 1
9 46 4
35 93 3
22 50 2
5 23 4
5 68 4
46 68 2
73 46 2
5 93 2
9 38 3
51 41 4
31 67 3
35 34 2
72 82 2
89 90 1
1 75 1
17 58 1
5 26 3
63 20 2
37 87 3
57 30 3
63 32 1
11 55 2
21 32 3
6 60 2
77 50 2
49 47 2
5 7 4
97 9 2
87 0 3
43 50 3
13 10 2
41 89 2
95 2 1
16 38 1
98 29 3
98 44 4
23 47 2
68 2 3
41 73 3
26 57 4
72 20 2
81 99 2
46 43 4
71 41 1
90 18 2
38 3 2
58 60 3
23 77 1
57 84 4
6 44 1
71 92 1
41 11 2
82 85 1
76 99 1
95 91 2
91 22 1
86 91 3
78 7 4
42 48 4
21 72 2
86 62 2
20 86 4
83 53 1
63 25 1
0 79 1
76 61 3
65 63 4
35 39 2
46 31 3
98 82 1
85 72 2
44 47 3
96 86 3
5 66 2
28 96 2
49 65 1
16 55 3
31 70 1
95 96 2
70 55 1
80 38 1
39 76 4
83 28 1
6 89 3
12 82 3
39 29 2
17 90 4
24 43 3
61 6 2
69 11 4
11 74 3
50 79 3
24 23 4
62 39 4
93 45 3
52 46 1
68 77 2
25 60 2
54 94 1
66 12 1
64 52 3
38 79 2
99 50 4
74 78 2
87 40 2
12 20 1
71 95 3
52 76 4
7 63 2
63 28 1
24 95 2
96 68 4
51 64 2
57 2 4
62 31 4
30 83 4
37 28 3
27 18 1
52 68 3
30 89 1
62 5 4
51 3 4
73 26 1
27 82 1
94 93 3
98 57 1
68 7 1
29 77 1
84 5 3
56 10 2
84 74 2
88 23 2
86 39 4
25 49 2
50 94 2
68 49 4
16 53 3
76 98 4
76 62 3
58 98 3
44 60 1
27 59 1
87 21 1
27 36 3
6 59 4
92 74 1
87 1 4
75 17 4
33 24 2
96 51 3
66 30 3
78 98 1
61 10 2
84 12 4
8 98 4
53 39 4
16 52 4
29 55 3
6 62 3
91 27 4
74 96 2
16 50 4
8 51 3
54 13 3
5 71 1
30 34 4
39 45 3
67 90 3
39 84 3
62 69 1
28 25 2
43 10 4
44 54 4
78 85 4
27 89 2
35 43 3
53 91 4
46 8 3
39 18 1
92 25 1
35 87 1
83 26 2
10 87 3
66 47 1
98 11 1
66 64 1
73 38 3
60 38 4
56 98 4
30 29 2
28 74 3
26 94 3
56 45 1
71 24 4
6 20 3
43 2 3
62 30 1
61 56 3
15 91 4
10 7 4
68 62 3
33 79 3
90 48 1
88 9 3
98 75 2
2 27 3
37 70 4
42 66 1
32 27 2
4 67 4
76 48 1
95 65 1
21 41 4
72 54 2
34 95 1
32 70 1
36 32 4
87 24 3
95 35 4
18 57 3
49 27 1
45 96 2
21 48 2
92 14 1
29 26 4
40 10 4
2 59 3
88 44 4
71 58 3
24 25 4
2 61 2
74 86 4
98 24 2
36 99 1
26 2 1
4 71 2
85 7 1
23 48 2
87 38 3
54 29 2
62 28 4
58 76 3
6 46 2
55 48 2
75 80 2
73 17 2
14 84 4
44 2 2
1 30 2
9 8 1
67 1 4
93 30 3
79 47 1
5 37 1
41 16 3
13 23 2
51 47 3
41 81 2
89 42 1
94 49 4
53 78 4
66 59 3
54 10 2
69 82 2
49 44 2
0 45 3
32 40 3
31 99 3
40 24 4
12 89 2
40 53 2
69 96 3
58 72 2
69 10 3
25 47 3
5 81 2
70 80 3
7 59 4
21 94 1
49 14 3
41 43 3
60 34 2
33 42 3
4 74 4
79 58 4
83 62 3
8 90 3
90 44 1
4 66 1
73 1 3
96 49 1
94 48 3
43 8 3
51 50 3
32 0 3
9 96 4
64 62 1
45 90 3
67 32 1
34 83 4
67 11 1
76 90 2
94 69 1
16 21 3
99 66 4
95 79 3
50 61 3
58 90 1
70 5 2
24 48 2
90 85 4
79 82 1
17 87 3
22 78 3
89 58 4
38 11 1
79 94 3
18 71 1
55 7 3
82 70 1
31 88 1
89 66 2
91 74 2
71 73 1
24 73 2
32 5 2
31 89 4
67 6 1
60 82 3
44 56 1
13 79 1
14 81 4
24 1 4
33 87 2
3 50 1
54 18 3
71 36 3
44 34 2
1 40 1
11 92 1
95 9 4
89 43 4
15 57 2
56 84 2
41 42 4
67 39 2
15 48 3
80 47 4
43 26 4
9 3 4
70 66 3
13 31 3
86 12 2
12 53 4
55 86 4
8 65 3
87 3 2
34 76 4
6 50 2
57 66 4
85 56 2
93 82 4
21 2 1
9 99 2
6 4 3
64 11 4
39 24 2
13 1 4
44 25 2
42 44 2
92 79 1
82 39 4
38 58 4
64 95 3
75 32 3
35 50 1
17 60 2
25 72 3
47 13 2
82 38 2
35 33 3
84 81 3
17 68 2
34 43 1
68 33 3
70 98 2
50 73 1
84 90 4
19 45 2
20 26 1
18 69 2
30 23 2
40 5 2
42 4 3
78 79 3
50 27 3
11 76 1
11 6 3
93 16 1
31 9 1
98 3 4
65 99 1
0 55 1
64 90 2
87 6 3
50 63 1
17 3 4
97 65 2
48 57 1
13 9 3
45 25 3
39 22 3
85 25 1
18 76 3
45 91 4
74 81 3
67 60 4
75 72 1
24 75 3
58 77 1
12 41 2
30 49 3
77 96 2
42 80 3
96 70 1
55 69 2
51 17 3
28 97 3
78 29 3
38 40 3
34 59 2
29 80 2
64 25 4
43 15 3
88 18 3
18 64 1
50 86 3
10 86 2
63 2 1
30 92 4
65 57 1
85 75 2
70 29 2
63 56 2
68 31 2
19 50 3
19 60 1
5 52 2
59 18 4
50 68 2
41 31 2
88 76 1
45 81 1
94 62 1
29 45 1
29 89 1
67 22 2
48 64 1
8 2 2
12 39 3
51 20 4
51 76 3
34 13 4
44 29 4
94 87 4
69 26 4
11 2 4
78 18 2
34 68 2
74 64 3
70 97 2
26 8 3
83 64 1
63 5 4
62 74 3
71 94 1
74 51 2
68 69 1
47 32 2
5 44 4
19 83 3
29 12 3
28 79 1
9 59 1
32 88 3
34 70 3
90 9 4
47 54 1
76 92 2
48 37 1
10 95 1
96 88 2
61 70 2
25 80 1
99 33 3
59 25 3
25 93 2
60 81 4
83 0 3
85 29 3
67 37 4
38 68 1
34 75 4
35 26 4
78 4 3
65 25 4
3 4 1
57 37 4
93 49 2
47 6 4
69 19 2
75 2 3
85 21 2
73 23 2
49 99 3
44 69 2
92 24 1
26 7 2
10 17 4
65 3 2
88 35 2
89 82 3
21 71 1
90 35 3
18 77 4
88 53 3
48 80 3
95 7 2
29 92 4
90 83 1
53 63 4
8 47 3
53 44 1
76 22 2
33 7 4
49 35 2
49 92 2
19 46 3
24 21 3
63 43 3
21 77 3
36 83 2
97 22 2
30 17 3
64 78 4
31 27 3
36 87 1
74 75 3
37 86 3
12 48 4
78 6 4
29 68 4
88 28 2
91 63 4
34 73 1
71 99 2
65 75 1
68 44 2
6 24 4
52 37 1
50 95 4
88 29 4
25 27 1
69 32 3
94 60 3
60 98 1
0 67 2
13 48 3
87 92 3
58 42 1
92 61 3
40 11 4
13 87 1
61 22 2
47 88 4
47 27 3
90 99 2
36 15 3
36 12 2
37 58 3
23 26 2
66 77 3
35 70 3
49 66 3
1 59 3
14 38 2
9 77 4
90 6 2
29 10 4
38 65 4
0 75 1
70 27 4
0 73 4
3 83 1
77 40 1
20 19 3
20 13 2
44 93 1
90 41 4
22 62 3
48 68 1
74 47 3
68 1 1
31 60 2
66 90 4
0 17 2
51 40 1
25 53 1
47 11 3
72 16 2
76 15 2
85 17 4
74 63 2
55 9 2
67 61 3
29 41 3
15 88 1
37 6 2
49 39 2
12 6 4
19 59 1
27 40 4
83 86 2
88 8 4
36 25 3
36 56 3
31 83 3
76 80 4
10 9 1
61 14 3
49 90 2
93 31 3
95 48 1
20 91 1
79 99 4
57 67 4
37 53 1
8 19 1
65 20 2
80 19 4
87 74 2
49 1 2
65 78 3
11 80 1
94 40 2
77 62 1
67 66 1
84 89 1
46 36 1
36 78 1
28 6 3
74 35 3
31 6 2
58 26 2
83 97 4
18 89 4
88 58 3
74 24 2
78 34 4
48 41 2
4 64 1
45 78 4
94 91 4
87 30 3
66 78 4
86 35 1
85 38 3
90 25 2
26 41 1
23 83 3
24 93 2
92 3 3
95 85 3
34 93 3
78 96 3
41 2 2
8 38 4
38 17 4
58 43 1
55 50 3
52 49 2
18 80 1
83 80 4
24 88 4
54 11 1
5 96 3
54 25 1
50 39 1
13 0 3
48 25 4
66 31 1
21 34 2
67 30 4
63 17 4
30 16 1
72 9 3
2 31 4
25 77 4
28 69 2
71 62 4
9 57 1
88 94 4
72 93 4
40 79 4
76 14 3
61 26 1
75 4 3
59 94 3
64 69 1
72 39 4
95 18 3
76 29 4
23 55 4
42 16 1
40 26 3
61 11 4
25 98 2
38 64 2
24 11 4
37 69 2
37 99 4
81 27 1
90 1 2
24 51 1
16 6 1
18 0 2
2 79 1
93 9 4
65 68 1
82 88 1
34 91 2
4 18 1
0 48 3
75 96 3
82 58 1
21 60 3
67 77 1
47 3 2
39 90 3
6 19 2
5 29 1
40 6 2
60 85 2
82 80 3
78 55 1
15 72 4
95 16 4
71 16 1
73 84 1
46 94 3
27 61 1
3 28 1
98 43 4
39 88 1
58 1 2
2 30 1
40 15 1
39 65 4
96 56 1
68 79 4
4 19 2
22 59 1
40 78 1
59 12 1
24 76 2
78 43 2
5 12 2
87 73 4
97 71 4
43 28 1
84 6 3
25 12 2
89 61 1
7 15 3
64 58 1
94 12 2
15 58 2
15 32 3
58 50 4
61 12 2
39 71 4
75 44 4
37 31 3
68 90 3
46 58 2
20 88 1
8 63 2
59 72 2
89 50 2
10 44 2
48 39 2
75 8 2
87 46 3
93 98 2
82 1 4
69 35 4
93 32 2
11 93 4
48 9 3
1 53 2
61 48 4
89 40 1
65 0 4
67 50 4
50 54 3
27 7 4
22 81 4
86 78 4
91 19 4
67 43 4
62 85 2
36 61 4
84 33 4
46 53 3
47 26 1
59 31 3
59 53 1
79 63 4
59 43 2
52 45 4
2 92 1
2 99 3
56 79 1
56 71 1
27 52 3
72 8 1
17 31 4
84 61 4
86 30 3
30 6 3
97 34 2
44 22 2
46 82 2
26 22 2
92 42 2
64 9 3
62 34 1
15 77 2
41 9 3
24 17 3
50 74 1
96 24 1
74 1 4
96 23 2
18 82 1
81 92 2
59 5 4
21 27 3
45 82 3
36 19 1
95 26 3
12 26 1
1 80 1
90 11 1
76 42 4
80 62 2
15 5 1
35 75 2
0 90 1
29 99 3
49 42 4
27 85 1
36 40 3
18 92 2
45 31 3
2 15 1
55 40 2
19 14 1
32 1 3
49 10 4
74 85 3
26 38 4
16 23 4
95 0 2
73 92 1
51 12 4
41 7 4
38 62 3
97 4 4
5 79 3
3 33 2
17 12 2
75 6 1
88 21 4
6 45 4
76 68 4
69 22 2
81 87 3
40 25 1
32 73 2
3 99 1
93 43 1
5 20 1
37 29 2
88 71 1
35 13 4
38 81 4
17 82 3
0 41 1
21 33 1
34 77 3
15 13 1
0 7 3
46 35 4
15 49 4
91 61 3
71 98 3
59 91 3
52 62 4
63 92 3
46 84 2
32 64 3
77 8 1
7 40 4
72 0 3
69 95 1
68 47 2
69 49 1
44 57 1
98 33 4
42 64 3
56 14 4
96 6 2
80 30 3
73 16 3
21 1 4
49 80 1
92 82 1
51 94 1
83 69 3
59 20 2
83 21 3
6 77 3
57 93 3
27 16 1
89 55 4
84 35 1
15 86 3
29 46 4
74 8 1
81 35 2
86 53 3
9 91 4
52 89 3
67 25 4
51 13 4
45 95 2
66 33 3
69 86 3
89 38 4
65 32 2
34 33 1
47 20 1
84 97 2
30 15 2
36 85 1
18 67 2
14 3 4
68 97 1
86 36 4
96 67 2
66 68 1
53 54 2
68 82 3
27 68 3
94 97 1
95 15 3
80 59 3
56 24 1
34 18 4
24 38 1
57 14 1
97 7 2
45 11 4
94 29 1
96 3 2
22 64 3
46 26 4
51 68 1
54 90 4
28 65 2
84 1 4
64 5 4
69 40 3
91 66 1
83 92 3
96 18 1
30 39 2
72 92 3
82 2 3
7 75 2
94 20 2
77 49 2
95 41 2
55 28 4
62 98 1
86 59 3
13 43 2
66 22 2
32 62 3
12 15 2
44 71 1
94 47 2
10 36 3
16 83 4
53 0 3
35 6 4
73 85 4
50 26 3
78 51 1
75 95 1
91 49 3
17 56 1
60 66 2
41 55 1
33 29 1
2 36 2
46 14 4
53 36 1
61 40 1
4 34 3
0 85 1
39 15 1
65 59 4
40 76 3
11 88 2
5 25 1
99 45 1
40 81 2
67 70 1
82 9 3
14 21 4
65 5 2
33 75 1
72 69 1
22 71 4
69 29 2
2 64 2
69 41 1
63 12 2
33 62 2
28 94 4
8 3 2
45 32 2
13 32 2
61 17 2
86 57 1
90 28 1
46 97 4
5 74 2
47 9 2
71 13 1
97 61 3
16 63 3
57 70 2
27 79 2
29 22 4
45 46 3
30 71 1
16 78 4
47 95 4
63 19 2
45 49 3
56 38 2
95 14 3
52 21 3
32 10 3
24 63 4
54 67 2
43 31 1
49 8 1
12 31 2
59 77 4
42 8 3
26 13 2
8 87 4
66 71 3
69 33 3
15 67 3
29 63 1
66 53 4
36 68 4
87 2 2
81 61 4
79 55 3
33 30 2
97 0 4
68 14 3
41 24 2
11 53 3
40 17 4
77 38 4
8 48 2
14 34 2
18 1 1
38 41 1
45 21 2
34 29 3
28 92 2
60 35 2
6 0 1
95 56 4
62 53 1
23 14 3
68 20 2
58 95 4
55 87 4
64 59 4
4 50 1
44 38 1
19 3 2
9 73 4
73 2 3
55 43 2
29 48 1
36 88 3
33 44 1
93 55 1
72 44 4
12 13 1
59 49 4
17 96 4
52 72 3
2 29 4
19 77 3
39 27 1
44 1 3
35 17 4
30 97 3
38 76 2
76 20 4
34 0 2
28 14 1
81 66 3
82 48 3
51 21 1
40 56 3
42 68 4
0 1 2
43 84 4
30 61 2
67 99 1
10 24 3
81 46 3
8 1 4
22 73 4
51 33 2
85 80 3
95 98 2
42 29 4
10 99 3
82 37 3
33 8 3
77 72 3
34 38 4
23 87 4
38 13 1
88 34 1
44 81 2
87 91 3
91 83 4
81 33 3
1 62 3
63 30 4
59 84 4
86 3 4
21 43 4
13 3 2
88 30 1
83 56 2
12 55 2
28 36 4
28 39 2
84 93 4
78 31 4
60 1 3
71 75 4
58 7 4
79 36 1
9 51 4
51 22 3
80 36 3
61 9 1
49 6 3
60 95 1
93 64 3
62 81 3
84 77 4
10 4 3
64 99 1
23 44 2
71 57 3
86 52 1
60 79 3
73 67 1
9 53 3
63 37 4
10 98 2
61 63 2
55 19 1
38 27 2
56 22 4
30 8 2
73 66 3
47 43 2
3 79 3
14 9 2
28 40 1
92 19 4
55 80 1
36 13 2
28 19 1
46 66 1
89 14 3
29 51 4
89 3 3
98 46 4
32 4 2
76 89 4
66 32 4
89 46 3
78 56 3
38 15 4
8 62 1
54 46 4
54 36 2
18 56 3
45 40 1
69 9 1
35 41 1
70 23 4
17 27 3
43 4 2
75 82 4
29 1 3
42 96 1
46 93 1
4 53 2
54 79 3
26 15 2
36 97 4
37 15 4
24 68 1
21 8 3
92 78 3
7 83 1
41 10 3
77 87 2
95 67 4
38 49 2
21 86 3
85 54 2
84 63 4
35 80 1
37 25 3
86 46 1
57 76 1
64 45 1
49 33 3
60 4 2
86 66 3
74 90 1
65 13 1
73 68 3
26 59 3
78 52 4
22 10 4
94 64 4
10 63 2
98 94 1
60 13 3
81 93 1
52 34 1
49 98 4
53 13 3
15 4 1
72 56 2
29 47 4
2 10 1
35 30 4
23 81 4
75 93 1
18 63 3
5 22 2
91 48 1
26 91 2
35 40 4
1 72 4
72 6 1
1 43 2
97 44 4
88 4 1
94 82 2
99 54 2
16 66 1
68 83 2
70 40 3
14 73 4
81 68 3
92 46 3
58 20 3
7 46 3
33 93 3
52 19 2
9 56 4
54 23 3
15 93 2
93 95 4
73 80 2
35 15 3
45 87 1
13 81 1
81 89 4
98 21 4
89 67 2
28 32 3
10 8 4
75 84 3
81 71 2
34 54 3
72 2 3
56 15 4
99 62 2
65 92 2
94 77 3
49 64 3
45 54 3
64 12 3
85 67 1
51 84 4
63 52 3
61 37 2
48 66 2
15 64 3
10 15 1
76 85 4
47 15 1
37 49 4
9 68 3
8 17 1
86 7 3
87 67 3
93 60 1
33 27 2
13 82 1
71 38 3
31 82 4
4 55 3
78 63 2
55 36 1
20 15 2
97 41 3
76 66 3
56 54 1
44 79 2
24 36 1
72 33 4
8 44 1
18 30 3
27 76 2
45 37 1
13 61 1
33 46 2
39 97 3
91 41 1
75 55 2
98 61 3
87 50 3
15 78 2
80 5 4
71 82 3
65 9 4
50 28 3
99 57 2
85 6 4
48 72 3
43 96 3
95 76 4
15 31 4
94 99 4
16 29 3
10 71 1
32 24 1
11 66 1
70 42 3
60 12 4
79 25 4
12 80 3
71 6 3
15 74 4
54 19 1
66 20 4
94 23 4
72 62 4
56 11 3
79 93 4
70 78 4
6 57 3
98 99 2
82 96 2
45 77 4
79 4 2
59 95 1
52 35 4
35 10 2
25 33 1
11 49 3
17 74 2
2 93 4
53 8 1
49 74 3
92 86 2
25 29 2
34 49 3
75 77 1
42 32 4
14 53 4
43 39 4
26 84 4
11 32 3
53 57 4
44 39 3
28 41 2
28 2 4
26 14 4
34 41 1
17 14 3
86 40 1
89 87 1
46 24 4
33 64 1
24 78 2
33 83 2
35 65 3
33 61 2
89 86 2
34 17 2
73 93 1
9 11 3
75 39 2
96 40 2
80 69 2
92 68 4
21 35 4
33 60 3
76 50 4
6 63 1
4 30 3
65 58 3
24 29 4
5 92 1
39 3 3
79 84 3
87 52 1
79 86 1
88 75 4
62 96 1
43 99 2
57 64 3
63 57 3
81 97 3
9 43 2
98 80 4
63 45 3
47 57 2
49 85 3
17 4 1
50 20 4
93 17 1
7 98 1
96 10 2
58 63 1
86 80 4
51 97 3
18 72 1
46 77 4
68 41 4
45 38 3
60 29 3
45 72 1
90 38 4
34 53 4
17 20 4
94 18 2
39 51 3
50 93 3
60 96 4
87 49 2
92 6 4
25 1 2
41 80 2
93 3 3
57 85 3
47 99 4
99 42 2
53 87 1
71 67 4
76 63 3
3 95 4
67 78 3
6 99 3
91 98 2
80 37 4
56 89 2
72 68 3
29 28 2
73 21 1
49 31 4
27 62 1
87 27 2
97 11 1
43 73 3
7 72 4
91 52 1
12 65 1
34 69 2
71 85 4
86 94 4
84 95 1
13 14 4
82 16 2
85 65 2
75 49 2
47 40 2
21 56 3
79 77 4
66 69 2
23 99 3
51 56 1
95 54 1
45 76 3
59 45 4
42 15 1
98 27 4
87 86 1
79 66 1
65 36 2
42 45 1
97 52 2
56 47 3
66 26 2
30 7 4
95 73 2
53 90 1
25 46 4
86 17 3
28 59 2
56 34 4
81 26 1
11 13 1
69 67 2
21 70 2
55 71 1
65 2 1
97 40 3
50 25 2
86 97 3
99 85 2
40 21 1
66 19 2
45 79 4
58 23 3
7 62 3
13 74 3
5 76 4
46 61 2
82 86 2
61 83 4
22 75 4
10 38 2
98 48 3
4 25 2
46 50 2
68 32 4
12 42 3
57 54 1
85 41 2
79 51 4
74 70 3
36 30 3
51 2 2
15 50 2
75 38 3
75 67 3
72 91 4
82 20 2
75 70 3
57 17 1
50 10 3
59 35 2
2 81 4
47 59 4
14 63 2
6 14 2
71 12 2
6 36 1
98 45 2
28 7 2
82 81 3
18 84 1
78 26 4
31 95 4
46 21 4
41 30 2
1 22 3
37 0 2
33 70 3
16 70 1
81 51 1
47 75 2
94 53 2
89 85 3
74 68 4
69 2 1
28 56 3
37 62 4
6 48 4
82 52 2
91 6 3
97 49 2
7 18 1
37 74 4
98 89 2
66 2 2
17 65 3
45 62 3
40 3 1
43 92 1
78 39 4
55 45 2
88 66 2
10 72 2
60 51 1
14 99 2
57 43 3
35 91 4
90 93 4
85 18 2
7 31 1
4 76 2
47 5 1
63 0 4
62 93 2
91 21 4
72 65 3
1 99 1
67 64 1
19 39 4
7 64 2
62 92 2
34 50 4
32 52 3
3 64 1
82 3 2
43 91 2
16 51 4
35 3 3
20 45 4
69 56 3
38 23 1
84 83 2
83 71 3
65 60 2
69 76 2
29 96 4
96 97 1
97 69 2
90 75 3
44 21 1
87 11 2
87 7 1
16 85 3
0 31 4
85 94 1
53 79 1
24 85 1
75 21 4
8 27 1
68 10 2
88 42 2
49 62 1
75 37 3
30 37 3
72 29 2
53 80 4
85 14 2
14 22 2
63 68 3
84 80 2
53 35 4
82 91 4
43 77 3
80 46 2
94 1 4
92 9 2
44 37 4
21 20 4
41 86 1
7 89 1
79 96 4
54 52 3
0 84 2
13 45 4
11 22 2
96 99 4
60 36 2
99 26 4
38 42 4
59 15 1
20 29 2
99 86 2
21 53 4
80 39 3
50 59 3
41 77 4
62 35 3
89 88 1
27 43 2
36 51 2
7 20 1
20 24 4
54 87 3
92 58 1
0 86 1
98 90 3
77 95 2
3 69 3
83 87 1
42 77 4
76 56 1
51 34 1
63 82 1
41 58 4
46 75 1
7 36 1
96 57 2
6 8 1
78 58 4
59 17 2
81 50 3
99 44 1
55 63 3
24 14 3
84 44 3
5 31 4
41 92 4
56 68 1
26 71 3
25 61 4
12 19 3
83 25 4
33 23 4
16 57 4
5 33 1
69 71 1
90 42 2
50 49 1
78 68 1
96 80 4
60 78 1
6 79 4
14 96 2
15 9 3
54 4 2
63 62 2
33 85 3
85 12 2
47 41 3
96 48 2
12 14 4
19 16 1
14 74 3
88 69 2
68 54 4
77 83 1
68 64 2
11 95 1
91 90 3
52 42 3
60 24 3
67 19 2
55 81 3
91 14 3
43 66 1
57 92 3
33 73 1
72 94 3
58 56 1
14 16 2
46 4 2
27 26 3
6 80 3
51 42 3
70 69 1
86 42 3
59 69 3
22 53 2
86 9 3
21 68 2
14 93 4
57 94 4
64 34 3
9 26 1
42 56 2
57 72 3
52 94 4
5 28 3
95 82 2
23 1 3
31 39 1
79 21 4
65 71 2
52 31 3
99 87 4
41 23 3
25 42 1
73 69 4
33 36 2
35 96 1
7 19 4
5 8 2
79 9 2
74 72 3
12 45 4
41 84 1
55 90 3
95 22 1
73 10 3
82 65 1
58 59 2
70 44 3
10 31 1
73 75 2
4 77 2
44 9 1
29 40 4
77 26 2
67 93 1
52 47 1
68 87 4
93 92 1
81 76 1
91 85 2
74 34 3
65 84 2
91 28 1
30 73 3
56 6 3
1 48 4
10 81 1
11 34 2
71 37 1
41 5 4
5 90 3
0 3 2
86 47 1
53 20 3
53 7 2
63 15 4
98 20 1
40 65 4
7 39 4
84 52 2
40 90 3
77 74 2
1 37 4
97 82 1
70 84 1
21 99 4
52 58 1
79 1 3
4 11 4
66 82 1
15 96 1
38 18 4
63 87 3
20 92 3
32 80 4
72 88 4
60 90 2
43 14 3
93 85 1
84 55 2
54 92 3
36 35 4
87 57 1
84 22 4
43 48 3
23 56 4
12 69 3
7 11 3
4 90 4
24 54 3
72 78 2
35 9 2
34 55 2
25 16 4
30 22 1
21 62 4
73 62 1
32 79 1
89 93 4
52 61 2
88 17 2
69 27 4
36 0 2
80 22 3
69 63 4
77 47 3
88 14 2
19 22 1
97 19 1
88 12 2
53 64 1
89 34 4
91 37 2
39 16 4
86 4 1
44 52 3
81 12 4
65 93 2
55 21 4
61 75 3
18 31 2
28 45 1
71 40 4
21 42 3
1 9 1
49 73 4
3 5 2
3 20 4
70 7 3
30 60 1
1 81 3
79 59 4
73 4 2
60 49 4
14 35 4
34 71 1
95 57 2
97 5 3
98 66 1
56 43 4
15 70 4
81 58 2
48 86 4
62 23 3
79 87 1
91 71 4
69 31 1
32 85 1
83 98 4
33 0 2
48 52 2
78 62 2
37 51 3
89 99 3
79 76 1
78 94 1
58 84 2
5 94 2
99 69 2
55 13 3
60 27 2
43 70 2
29 64 4
66 6 1
28 1 2
21 84 3
86 77 3
8 86 4
44 20 1
20 96 3
5 43 4
55 54 1
36 22 3
64 1 2
83 95 3
39 14 1
43 29 3
43 88 3
4 33 4
18 41 3
74 12 4
2 38 2
96 72 3
46 99 4
8 73 3
8 70 4
42 46 1
41 52 4
98 41 2
84 88 4
64 92 1
58 61 2
39 83 1
87 4 1
65 83 4
85 5 2
1 15 1
10 64 4
54 78 3
73 11 4
60 16 3
70 49 3
14 31 4
99 73 3
36 14 2
7 6 4
30 28 4
5 46 3
52 36 1
0 39 1
97 80 4
10 75 4
10 47 2
93 29 2
6 64 3
7 3 3
45 43 1
5 17 1
82 61 2
10 67 3
49 53 1
46 79 1
70 38 3
78 59 1
93 22 2
65 42 4
98 28 4
16 22 3
84 72 1
47 16 2
56 88 2
49 17 1
35 42 2
60 61 4
51 77 3
18 24 4
47 38 1
34 79 4
63 11 1
46 88 2
18 50 4
37 98 4
84 19 4
54 83 1
3 54 4
37 54 4
71 54 3
37 7 1
45 83 4
19 10 2
24 50 2
29 8 3
58 85 2
48 54 1
51 95 2
18 23 2
52 13 1
90 57 4
28 67 1
6 2 4
51 28 4
88 33 3
3 48 2
83 57 1
12 67 1
69 92 2
97 77 1
40 42 1
74 67 2
18 79 1
78 5 3
59 42 4
52 53 1
59 92 4
3 63 1
92 50 4
18 25 3
29 83 4
58 24 3
35 20 3
44 11 3
20 40 1
38 69 1
55 67 2
7 77 3
4 84 4
9 66 4
26 68 2
9 6 4
38 72 3
52 22 3
74 23 4
23 90 3
93 48 4
99 16 4
91 89 2
98 39 1
73 55 3
20 78 3
32 44 2
15 68 2
76 17 3
60 87 1
15 90 4
34 25 1
10 57 1
67 79 4
42 3 2
31 42 1
97 54 1
75 92 1
42 79 3
84 54 4
62 88 3
38 61 4
91 78 3
78 28 2
85 31 4
97 32 2
44 30 3
73 25 2
79 75 2
95 6 2
29 7 2
39 63 2
38 67 1
96 1 3
22 58 4
62 54 2
93 18 3
89 23 4
47 1 1
60 89 2
93 68 1
45 26 1
23 86 2
37 59 1
24 5 3
26 93 2
32 33 2
37 56 4
32 91 4
29 53 1
75 9 4
49 72 3
49 82 3
48 35 3
55 68 1
87 80 1
21 17 4
67 76 4
41 49 4
25 22 4
61 42 3
10 88 3
81 31 3
48 65 1
37 4 4
31 64 4
80 58 4
4 59 3
28 93 2
51 6 3
27 5 3
50 13 4
62 60 2
83 99 1
2 89 4
61 7 1
24 22 2
94 25 4
28 11 3
1 33 1
43 87 2
72 73 2
92 27 3
44 48 1
50 70 4
41 65 4
40 95 4
66 23 4
85 86 3
43 33 1
15 0 2
12 24 3
7 91 1
43 6 1
39 5 1
50 44 2
54 14 1
23 93 2
70 95 4
56 33 4
24 69 3
76 31 2
34 48 2
32 16 1
67 46 3
49 36 3
4 99 3
56 1 4
16 26 4
98 32 2
79 39 2
48 17 1
74 80 4
57 13 3
87 41 4
54 69 1
96 2 1
49 2 4
62 70 2
95 12 1
4 23 2
97 91 1
70 93 4
75 87 3
52 96 1
45 23 2
29 81 3
80 8 3
77 82 1
21 11 4
2 58 1
39 41 1
52 12 2
69 60 4
90 92 1
8 61 4
65 37 3
59 74 4
61 44 4
16 2 4
31 97 2
33 58 2
6 58 2
88 50 2
39 91 1
13 7 3
3 75 4
37 78 3
11 18 4
91 84 1
50 90 4
35 7 4
19 65 3
13 66 3
92 94 3
83 81 2
50 23 4
99 88 2
62 10 2
46 11 1
50 14 2
36 21 3
1 77 3
40 93 4
73 89 2
53 24 3
16 87 2
47 37 2
15 46 3
99 91 4
84 11 1
94 67 3
60 14 2
75 60 1
85 81 1
59 40 3
64 14 4
28 54 2
55 14 4
82 30 1
1 61 2
32 8 1
8 92 3
99 63 3
88 48 3
10 42 1
83 8 2
58 44 2
95 89 2
38 94 2
90 62 3
31 29 2
22 21 1
80 72 1
82 29 4
11 14 4
58 4 2
15 8 3
30 9 1
74 93 3
11 48 2
35 67 3
86 71 1
54 12 1
81 37 3
30 19 3
11 60 3
98 73 1
53 27 4
80 50 4
15 55 4
52 26 1
36 11 1
20 71 2
96 26 2
28 80 4
50 84 2
24 83 1
25 66 2
53 42 1
8 79 1
24 81 3
53 92 1
55 18 2
6 74 2
37 27 2
69 14 2
87 59 1
92 98 3
26 76 2
52 67 1
56 57 3
43 64 1
46 65 3
12 57 2
12 37 2
86 61 4
12 72 1
21 66 3
83 38 3
41 8 4
91 80 1
42 47 2
13 39 1
83 50 3
23 3 2
56 41 3
5 48 4
28 42 3
80 13 1
10 51 4
40 14 4
41 70 4
92 91 1
26 32 2
26 90 2
97 50 2
74 41 2
86 26 4
10 52 3
92 56 4
37 21 3
80 24 2
8 95 1
63 71 1
86 51 4
0 2 1
75 51 1
50 17 2
86 25 4
6 68 3
43 68 3
94 19 1
39 99 1
44 3 3
5 69 1
88 13 4
31 40 2
11 0 4
48 40 4
72 89 2
41 82 2
85 55 1
70 94 3
65 54 1
84 71 4
88 83 3
24 84 4
31 84 3
73 76 4
93 7 2
84 13 2
15 87 2
89 94 4
95 99 3
29 38 3
23 84 1
15 80 4
31 25 2
54 26 3
30 70 3
60 22 4
87 44 4
17 22 3
47 0 4
84 47 3
73 31 1
13 6 4
81 47 2
68 80 2
52 6 4
1 89 4
21 61 2
78 48 3
55 27 3
95 30 1
11 58 2
96 54 3
26 74 3
81 32 4
40 62 3
0 54 3
16 33 2
2 94 2
70 68 3
61 80 2
95 29 4
54 6 2
51 5 4
91 8 4
54 49 2
39 55 4
99 80 3
83 75 1
37 14 3
4 13 1
63 40 2
92 0 2
33 28 2
18 15 2
91 79 4
31 55 4
14 77 2
92 51 1
66 94 1
64 26 4
93 78 4
60 52 3
84 69 1
48 62 1
70 17 4
11 15 4
36 69 3
12 16 4
17 28 4
86 1 4
48 73 4
63 70 3
72 98 2
77 53 3
16 24 4
5 57 4
1 39 1
25 68 4
28 10 2
58 30 4
17 84 4
28 15 2
45 73 3
42 34 1
46 34 4
95 36 2
69 7 4
57 46 3
4 1 1
35 1 2
99 48 1
0 69 1
80 67 3
88 19 2
20 33 4
21 92 4
9 85 1
3 32 4
52 15 2
26 36 3
56 27 4
2 34 3
23 78 4
91 70 4
74 53 4
92 44 1
56 52 4
76 55 4
37 92 3
13 44 3
71 11 4
70 71 4
81 52 2
87 85 2
32 71 3
23 79 1
73 7 2
97 6 2
82 51 3
92 22 2
76 72 3
58 97 1
20 69 4
7 81 1
41 76 1
62 95 4
90 36 2
11 70 1
76 32 3
65 23 4
4 12 3
37 64 3
95 27 4
52 55 3
50 2 4
58 35 2
23 20 4
30 20 1
88 81 1
0 50 3
61 5 1
6 10 3
24 37 2
50 42 4
76 94 2
97 18 3
57 79 1
37 46 1
67 56 4
38 86 1
60 57 1
60 5 2
17 62 4
71 80 2
56 3 3
95 28 3
17 39 3
21 65 4
57 80 3
41 72 2
73 19 4
87 58 3
95 78 4
28 26 1
51 26 3
84 94 2
26 44 4
34 12 2
33 37 1
1 14 3
40 0 1
4 26 1
85 19 3
18 33 2
35 92 3
51 11 4
66 41 1
28 85 1
46 47 1
97 92 3
95 25 1
91 33 4
45 70 2
86 64 2
11 30 2
43 42 1
98 74 2
80 54 4
22 9 4
15 66 4
71 29 2
90 61 3
6 26 2
33 67 3
60 70 3
29 97 3
15 84 4
85 53 1
22 38 4
94 24 3
3 53 4
70 72 3
17 45 2
72 66 2
16 35 1
77 60 1
79 10 2
43 12 3
50 29 4
72 51 3
46 27 1
84 48 1
30 91 3
23 97 1
95 49 3
1 38 3
62 55 1
73 3 3
67 41 3
90 21 1
86 84 2
26 82 4
63 83 1
33 65 4
86 22 4
77 44 3
50 8 4
2 83 4
96 30 3
83 55 3
73 28 2
40 74 4
72 61 1
73 13 4
10 3 2
12 91 1
27 57 2
97 64 2
57 24 4
13 78 3
55 82 4
61 94 1
10 74 4
14 71 1
45 51 2
15 54 2
13 42 2
65 73 4
63 21 3
48 74 2
83 42 1
4 2 4
66 85 3
57 33 2
51 61 3
8 66 3
51 59 3
9 62 1
92 16 2
23 49 4
20 48 4
51 43 2
99 84 4
89 26 3
15 3 4
40 52 3
45 22 3
5 13 2
98 12 2
36 29 1
52 1 1
56 12 4
88 95 4
20 49 3
84 67 3
41 32 1
6 53 3
1 63 2
40 83 1
78 12 1
86 13 2
83 1 3
51 31 3
29 32 2
64 80 2
59 55 2
14 10 3
45 65 1
80 3 2
11 91 1
91 57 1
4 80 4
85 50 2
13 95 2
48 49 3
7 76 3
4 24 2
86 16 4
54 73 4
77 2 4
54 7 1
27 54 2
84 27 3
21 50 1
95 46 2
88 57 2
28 66 1
63 93 4
66 45 2
34 8 3
49 5 2
7 96 4
94 27 2
7 24 3
11 12 2
35 98 3
91 55 1
63 85 3
46 55 3
1 54 4
68 39 3
4 70 4
20 36 1
98 9 1
99 30 2
18 61 4
57 75 2
52 38 3
68 0 1
16 79 2
17 80 4
79 37 1
32 59 2
94 8 1
34 58 4
4 85 3
7 52 3
78 17 4
53 19 3
58 67 4
18 51 4
13 24 3
44 73 1
42 1 3
2 33 1
12 44 3
99 19 2
30 38 1
27 23 1
97 67 3
43 82 3
96 98 4
18 44 2
50 52 3
97 10 3
34 40 4
57 25 2
72 19 3
60 47 3
30 65 4
72 60 3
79 49 1
5 1 4
32 2 4
58 36 2
17 13 3
16 81 3
99 51 3
89 77 4
19 48 4
64 36 3
47 92 4
56 93 4
41 79 3
10 77 3
64 46 1
77 69 4
37 95 1
57 28 3
63 27 4
93 66 3
0 26 2
47 85 3
44 46 2
43 18 1
4 98 4
60 73 4
8 37 1
96 46 4
55 44 1
31 21 3
14 48 2
56 66 1
58 75 4
13 68 4
56 73 4
52 30 1
17 95 4
9 76 2
40 16 3
2 84 4
73 58 2
16 62 2
0 98 1
27 12 3
56 32 4
94 31 3
17 64 4
64 87 1
57 29 3
51 25 2
33 94 1
18 48 2
47 73 4
98 87 4
63 47 4
23 91 2
30 43 4
25 62 1
34 19 1
81 49 2
58 13 4
65 24 2
54 66 3
91 5 2
98 14 2
56 8 2
72 50 2
45 84 1
13 56 3
61 24 4
77 33 2
78 49 2
51 73 3
89 64 3
22 33 1
48 60 3
60 55 4
45 14 4
89 79 1
88 3 2
96 65 2
94 96 4
11 35 4
97 26 3
65 16 4
39 4 3
99 24 4
94 3 3
64 77 2
2 98 3
19 90 2
51 89 1
26 92 3
66 39 4
87 96 1
23 25 3
31 47 2
79 88 2
61 71 1
40 12 3
21 39 4
53 95 3
36 3 2
93 19 3
41 53 3
99 11 3
29 62 2
52 59 2
47 30 1
11 31 3
25 35 3
83 41 2
96 47 1
50 78 2
3 21 3
74 52 3
10 45 4
23 8 4
38 6 3
82 24 1
79 81 3
39 54 4
17 47 2
64 70 3
39 58 3
39 95 1
53 32 3
16 4 3
86 67 4
32 19 3
23 2 3
98 34 4
62 65 4
58 21 4
29 75 1
36 8 2
1 2 1
99 34 4
84 7 1
18 68 2
40 33 1
17 71 2
92 17 1
58 94 4
13 30 2
81 0 4
87 19 1
59 83 1
24 35 1
93 27 3
20 32 1
41 37 1
24 28 4
87 34 3
89 5 2
3 26 4
84 82 1
23 21 1
25 39 3
17 69 4
26 17 1
15 79 3
7 12 1
56 90 2
19 31 1
81 54 2
25 43 3
45 60 1
58 12 1
45 69 3
90 32 3
40 85 1
19 13 3
39 8 4
64 65 4
45 75 2
9 18 3
21 57 1
98 63 1
90 81 1
97 3 3
58 14 3
82 8 2
14 0 4
40 4 1
39 73 4
5 42 2
28 34 4
26 80 1
62 2 2
32 46 1
94 34 2
62 82 3
42 98 3
86 65 4
73 52 2
66 63 2
65 26 3
15 16 4
42 54 2
78 97 1
2 97 2
6 82 1
2 42 1
35 85 1
40 37 4
32 89 2
54 59 3
98 18 1
43 74 3
64 30 1
38 57 3
75 30 1
49 12 3
49 19 4
79 24 3
66 61 3
79 19 4
64 16 2
67 27 2
4 63 2
66 58 4
53 17 1
25 2 4
3 59 3
78 42 4
83 66 4
40 23 3
41 59 3
91 68 3
96 53 1
5 56 4
50 30 1
6 83 1
45 88 1
45 67 2
20 75 4
75 28 2
53 65 2
91 31 1
10 16 3
10 92 3
17 97 1
2 5 4
42 67 1
38 53 4
38 95 4
45 71 3
52 23 2
64 63 3
17 43 3
90 13 4
49 43 1
16 17 1
8 52 1
26 1 2
74 3 1
68 67 2
88 86 2
52 29 1
80 43 2
69 61 4
0 5 1
67 14 4
1 93 3
22 72 2
49 28 3
67 81 2
92 55 4
75 97 2
49 0 3
72 63 2
74 0 3
82 11 1
64 76 1
71 9 3
57 23 1
50 47 3
0 25 4
80 90 4
92 80 3
17 6 4
59 89 4
3 85 1
15 82 1
31 1 2
78 57 1
33 10 3
75 13 4
55 51 1
30 45 4
99 58 4
68 58 2
86 72 4
92 70 4
89 65 1
27 90 3
4 21 3
33 52 3
68 84 4
84 30 2
20 55 2
60 7 3
74 57 4
92 60 4
78 2 4
88 38 3
25 15 1
33 38 1
76 30 1
58 86 1
19 40 4
90 16 2
10 26 1
44 51 4
47 12 3
21 12 2
25 89 4
54 30 1
15 21 1
40 68 3
52 77 2
99 5 4
12 9 3
5 18 4
5 9 3
45 3 2
41 4 2
13 96 4
70 6 4
65 90 2
53 75 2
32 78 1
36 82 4
98 65 4
73 64 1
67 92 4
14 32 3
3 41 2
53 26 4
43 19 4
55 49 3
54 76 3
15 65 2
31 32 2
95 74 4
78 35 1
26 11 1
38 84 3
47 89 1
84 40 4
46 20 2
88 91 3
15 14 2
10 90 2
25 11 1
5 82 3
22 82 4
46 30 1
23 9 4
56 4 2
70 53 3
15 85 3
85 22 3
51 35 4
43 11 2
76 16 1
78 33 3
92 66 3
84 96 1
69 51 4
32 43 4
1 66 1
58 55 2
46 17 1
42 60 2
58 93 3
54 21 2
32 50 2
91 13 3
96 73 1
86 2 4
79 61 4
70 73 4
38 5 3
77 99 4
20 99 3
52 20 3
91 64 3
89 35 2
39 92 4
76 12 1
77 78 1
72 23 1
36 89 1
99 52 3
89 39 4
66 3 3
14 79 2
60 74 2
78 14 2
59 57 2
33 17 1
75 78 2
47 87 4
55 64 3
99 8 3
23 46 4
49 84 3
36 44 2
98 88 3
64 40 3
31 28 4
37 97 2
30 94 2
14 4 4
26 55 2
26 30 1
0 38 3
66 87 1
67 20 2
88 26 2
63 67 1
87 71 1
82 47 2
23 32 4
34 85 4
5 45 2
82 34 1
89 22 3
95 21 3
72 53 2
20 2 2
3 43 4
35 45 3
50 53 3
17 81 1
7 34 2
68 23 1
27 72 2
92 96 2
89 21 3
84 8 3
84 42 3
78 84 1
52 85 2
16 88 2
91 29 3
95 61 3
37 38 3
74 22 2
52 43 2
46 13 1
93 8 1
24 70 3
36 17 1
48 77 2
57 45 2
99 27 4
35 99 2
36 91 2
51 63 3
2 85 3
38 12 2
93 13 3
31 56 1
60 50 3
11 57 3
44 15 2
74 44 3
82 4 2
94 56 3
74 79 2
88 64 4
97 55 2
55 99 1
83 49 2
34 57 3
55 22 3
53 98 1
31 4 4
16 98 2
53 60 1
45 80 3
55 33 1
0 57 2
45 58 2
80 23 1
28 52 3
40 46 3
61 93 3
40 60 2
97 8 4
65 31 2
59 16 3
28 22 1
57 22 2
52 90 2
8 69 2
74 61 3
84 37 2
21 97 4
53 99 4
43 81 2
27 19 2
11 62 3
0 96 3
18 49 3
67 26 1
50 62 3
66 50 3
7 56 2
58 57 3
56 70 1
44 19 1
27 65 4
74 88 3
9 84 1
57 82 4
93 69 2
88 87 4
70 87 1
89 53 4
36 67 4
16 84 2
92 34 2
98 84 3
0 30 1
16 46 2
90 71 4
35 23 3
29 87 1
12 68 2
92 13 4
19 9 2
18 14 2
25 6 1
56 75 1
95 97 4
41 45 2
10 18 3
8 55 1
97 25 4
29 66 2
13 8 3
66 80 4
13 29 4
34 31 1
48 4 2
76 91 2
10 1 2
87 65 2
71 52 4
72 31 1
61 16 3
51 48 3
80 95 1
0 24 3
52 79 1
20 14 1
12 18 4
67 44 4
0 44 1
91 62 4
91 18 2
25 76 2
20 83 4
93 76 3
23 31 4
89 68 2
87 62 1
12 8 3
84 85 3
4 96 4
50 41 3
87 61 1
22 96 4
70 81 2
88 67 3
45 8 4
79 30 4
56 62 4
8 20 4
64 24 1
78 0 3
0 10 4
46 72 4
29 19 3
65 52 1
99 15 4
79 70 3
41 60 4
78 47 1
1 7 1
80 77 3
80 60 3
80 88 2
87 48 1
14 8 2
85 64 3
90 43 1
77 98 2
7 74 3
84 60 2
16 45 1
88 61 3
55 61 3
55 35 4
83 10 4
55 47 4
79 29 2
22 37 1
51 80 4
39 61 4
70 10 1
30 51 2
30 53 1
84 53 3
69 48 4
96 19 1
60 28 2
60 91 3
77 76 1
42 71 3
47 18 4
93 36 2
51 91 2
58 8 3
17 1 3
45 2 3
9 36 1
38 39 4
18 28 1
9 29 4
75 86 4
92 7 4
78 76 1
78 69 1
68 3 1
4 47 2
18 45 4
48 27 1
65 7 2
81 8 4
33 12 1
39 34 3
71 1 3
20 25 2
35 76 3
90 46 4
53 2 3
9 40 4
59 61 2
47 19 2
70 9 2
57 7 3
63 95 3
10 39 4
74 21 1
29 21 2
91 50 1
24 19 2
35 37 1
30 69 4
89 54 4
91 4 3
93 38 1
6 33 3
96 71 1
55 94 2
76 71 4
90 95 3
10 55 3
70 19 4
31 22 2
85 97 2
77 5 3
1 51 3
8 64 2
90 97 3
71 8 1
51 27 2
74 38 2
70 83 1
57 69 2
88 93 2
27 88 2
92 36 3
76 36 3
36 42 4
31 87 1
36 73 1
8 67 3
89 16 3
33 47 2
71 2 1
35 5 4
44 86 4
37 32 4
26 25 3
7 79 1
63 54 4
31 30 4
90 14 2
20 28 1
26 33 4
75 66 2
37 94 2
41 57 2
91 1 1
58 96 1
38 21 4
28 0 1
48 83 1
91 81 3
44 95 4
56 35 2
77 0 2
77 65 1
28 21 4
98 30 4
93 97 1
90 30 1
98 26 2
14 25 4
4 36 1
67 72 1
24 86 4
95 43 4
74 76 2
91 2 3
68 88 1
46 39 2
6 32 4
22 8 1
32 39 2
13 77 4
76 60 3
70 3 4
98 6 2
7 4 2
42 87 4
62 61 4
72 26 4
94 6 3
11 29 3
57 68 2
9 74 4
67 9 1
42 82 3
19 71 1
30 81 2
32 58 2
60 46 2
10 94 1
23 98 2
40 13 2
61 77 4
12 75 3
63 94 2
0 4 4
9 39 3
49 3 4
44 24 2
13 63 3
52 9 2
59 11 4
42 74 3
59 62 3
67 23 4
65 66 3
97 47 4
51 15 2
86 18 3
7 82 3
44 45 1
18 26 1
3 24 4
11 27 4
26 70 3
33 48 2
51 62 4
50 98 3
59 99 2
20 10 2
81 21 1
55 32 1
73 74 4
22 32 3
86 68 4
78 87 2
21 10 3
60 68 2
10 59 1
21 96 2
82 56 4
26 87 4
3 61 4
96 90 3
85 88 1
28 77 3
78 89 3
40 67 4
48 79 4
16 96 4
86 95 2
49 4 2
34 36 3
38 7 1
4 44 1
3 84 2
99 78 1
10 65 2
44 64 1
4 94 2
97 38 2
83 12 4
62 24 3
30 78 1
89 70 3
11 79 3
9 87 1
2 54 3
27 83 4
87 22 3
89 17 4
32 94 2
74 18 4
26 85 4
19 11 3
65 56 2
19 76 4
35 19 4
30 59 4
56 0 1
73 90 1
6 76 4
15 45 2
31 57 1
20 18 3
5 16 1
27 4 3
80 79 2
63 49 2
46 41 3
87 84 4
27 77 4
49 40 4
7 21 1
12 93 4
40 82 4
23 37 4
88 65 2
39 87 1
87 95 3
37 73 4
40 8 3
13 70 4
93 37 3
91 42 3
18 29 2
63 80 1
27 64 2
80 31 1
51 57 2
72 11 4
43 69 3
58 53 3
33 19 4
69 74 2
86 90 1
64 79 3
62 57 3
29 59 2
55 6 4
45 27 3
17 29 4
0 88 2
3 27 1
8 76 4
33 14 2
19 25 1
39 81 2
27 22 2
68 61 4
52 24 1
97 72 3
75 40 2
34 67 2
36 1 3
42 93 4
52 70 2
61 47 4
82 33 3
23 39 1
54 88 3
38 4 4
26 48 1
2 9 1
96 55 2
35 44 3
9 20 4
21 26 2
66 84 4
13 72 3
37 10 2
60 88 3
47 67 4
53 43 2
80 2 2
34 80 3
98 55 4
60 20 2
83 60 1
38 43 1
99 18 3
75 11 1
56 87 3
49 61 3
5 11 3
20 84 1
25 96 2
84 34 4
61 99 3
3 67 3
51 85 2
90 69 1
60 18 4
27 15 2
86 19 1
89 83 4
24 9 3
85 30 2
23 63 3
83 11 1
77 24 2
33 41 3
47 2 2
40 88 3
24 30 2
28 82 2
44 43 4
66 14 3
6 42 4
53 93 1
67 48 3
72 43 1
12 46 4
87 76 1
48 36 2
97 89 1
47 69 2
85 83 2
15 29 1
6 21 1
97 63 1
90 22 4
75 59 1
39 77 1
1 19 4
44 96 2
91 75 2
29 23 2
38 99 4
17 55 1
69 46 4
22 99 2
10 48 2
0 19 4
42 57 2
58 91 3
32 34 1
94 9 2
77 55 4
93 51 2
31 44 1
52 51 1
26 49 4
72 87 3
4 81 4
8 60 4
81 57 2
49 32 1
64 23 1
67 83 4
43 65 2
28 44 1
30 12 3
95 52 2
87 82 3
91 16 1
8 57 3
81 6 1
5 87 2
94 15 1
65 6 4
31 98 2
99 68 2
85 96 4
9 49 1
52 18 3
20 16 4
22 4 2
98 47 1
52 92 4
82 64 4
62 18 1
85 48 2
17 91 3
5 98 2
71 43 2
37 68 3
2 52 3
16 43 3
89 9 3
39 85 4
40 22 2
73 12 2
59 23 4
25 81 1
75 69 3
92 99 2
74 89 2
90 59 1
88 55 2
24 8 1
86 5 1
20 54 4
79 97 3
79 26 1
46 70 3
66 44 4
72 55 2
45 34 2
74 32 2
67 17 1
97 1 4
77 12 1
35 8 3
75 76 1
12 92 1
21 80 2
44 94 1
65 50 4
37 20 4
16 54 2
67 62 3
63 26 3
94 16 2
59 63 1
63 38 1
28 27 3
12 0 4
1 11 4
71 72 4
51 54 3
26 34 1
99 32 4
27 80 3
61 29 3
64 61 3
96 12 2
11 81 4
89 69 1
20 70 3
15 73 2
5 10 1
51 88 4
16 18 2
34 9 1
64 56 4
15 71 2
15 53 2
22 12 3
28 35 1
31 38 3
44 83 4
70 39 2
80 56 1
43 76 2
97 62 3
3 72 4
97 43 3
83 4 1
86 28 4
79 72 4
65 14 4
78 1 1
13 41 2
54 74 1
11 89 1
7 47 1
65 74 3
22 41 3
10 66 2
28 71 3
67 13 1
42 62 3
70 36 2
57 35 1
9 0 2
17 9 3
86 29 1
78 27 1
84 76 4
55 24 3
21 64 3
43 40 2
66 0 4
53 61 3
63 33 3
31 20 3
89 33 3
81 96 4
21 93 1
41 94 1
62 47 2
60 59 1
50 37 1
59 38 2
96 64 3
10 82 3
36 18 4
54 5 3
98 69 1
96 32 1
56 46 1
28 13 2
74 55 3
88 73 4
30 32 1
9 27 3
73 6 4
79 12 2
89 20 1
44 62 4
81 9 2
88 92 4
12 10 4
10 30 3
83 94 3
11 77 4
64 35 2
19 61 4
92 84 1
73 59 1
76 37 3
2 76 3
89 44 1
32 92 3
7 45 4
54 75 2
32 17 3
70 25 2
41 25 4
47 53 4
85 11 2
62 4 4
98 79 4
93 83 1
95 1 4
23 10 4
7 32 1
6 22 3
98 64 2
31 16 1
35 38 3
45 48 1
7 51 2
53 97 2
37 77 2
14 94 4
68 94 4
23 69 2
21 76 4
47 91 4
36 84 3
93 52 1
6 18 4
73 20 4
60 26 4
94 81 2
11 50 3
75 5 2
86 76 1
50 57 4
47 90 3
17 66 2
46 49 1
59 70 4
85 44 4
3 18 1
19 68 3
7 88 4
56 30 4
76 28 2
11 65 3
45 89 4
13 76 1
28 12 2
72 42 4
68 8 3
46 59 4
15 98 3
65 94 2
94 74 4
13 49 4
13 94 1
22 88 1
35 63 3
36 74 4
77 32 2
43 7 3
11 16 1
49 58 3
7 25 1
91 38 1
93 87 1
59 21 1
98 67 3
14 7 4
58 62 1
58 25 3
28 8 1
19 78 1
6 39 2
93 77 4
48 75 4
39 52 3
42 14 1
24 59 2
35 68 2
25 78 2
61 41 4
98 59 1
92 45 2
37 16 1
41 1 1
76 33 3
86 98 4
24 45 1
9 63 3
22 49 2
80 44 3
60 43 4
16 44 3
3 31 2
7 99 2
93 39 3
48 59 1
5 34 1
67 49 4
9 21 2
45 74 2
9 37 2
26 19 4
71 77 3
10 46 1
3 46 2
48 46 1
19 57 3
53 10 2
90 29 3
4 57 1
79 35 4
13 98 2
35 22 4
31 86 4
31 90 4
0 82 4
41 27 4
55 30 3
6 29 2
76 83 2
55 37 1
11 37 1
14 51 1
5 72 1
72 95 3
20 38 2
18 32 1
86 11 3
2 22 4
49 7 4
84 64 1
8 11 2
58 0 3
90 79 4
17 2 2
40 91 4
36 66 1
21 13 1
61 32 3
42 22 3
8 16 3
43 85 3
16 34 4
73 63 2
35 77 4
81 34 1
48 92 3
66 27 2
72 35 4
69 81 2
33 9 3
52 3 2
29 14 4
63 46 1
33 15 3
34 37 3
53 82 2
62 79 2
85 8 4
66 24 4
79 20 4
88 90 3
10 58 3
3 81 3
89 13 1
6 34 4
60 71 4
12 23 1
97 88 4
62 84 2
54 22 4
54 35 2
72 64 3
58 28 2
92 23 2
25 30 3
70 65 1
36 57 3
17 72 2
82 14 3
71 48 2
37 36 1
88 77 4
48 28 3
61 65 4
51 32 1
42 81 4
23 22 1
66 62 4
5 21 1
22 68 1
51 4 3
76 44 3
76 0 2
95 66 1
87 25 3
68 11 1
94 42 3
27 97 3
21 30 4
75 14 2
25 13 4
80 93 2
39 37 4
97 48 2
28 23 1
55 53 3
58 19 3
7 9 2
44 82 4
87 32 2
23 75 3
94 17 4
70 51 4
97 24 2
76 82 1
11 78 3
78 90 2
10 84 4
67 16 1
90 72 3
57 52 1
9 42 1
17 44 4
55 56 1
14 5 2
71 49 2
95 32 4
96 63 1
5 4 2
88 37 1
43 86 4
3 16 2
37 2 2
13 99 1
91 56 3
46 83 2
75 52 2
76 96 2
99 74 2
14 62 1
10 25 3
27 58 2
42 85 4
23 17 4
73 42 2
75 16 1
72 34 1
39 74 2
31 26 1
82 73 1
2 7 2
27 29 1
13 59 3
92 15 4
78 82 3
22 13 2
55 25 1
75 64 1
88 78 1
5 36 3
47 76 1
25 32 3
96 8 1
16 28 4
6 3 3
65 80 2
89 75 4
8 54 1
91 67 4
46 18 2
95 23 2
80 40 3
83 22 1
38 25 3
27 71 3
45 97 4
53 51 4
48 81 4
31 8 1
23 76 2
15 61 1
19 56 1
18 70 4
88 63 4
59 68 1
26 39 2
60 63 3
26 62 3
75 94 1
28 38 2
15 41 1
2 88 4
63 41 3
71 3 2
48 16 2
51 90 2
82 19 1
22 63 2
27 42 4
50 9 2
80 10 1
14 72 1
86 73 2
23 7 3
3 29 3
66 97 3
0 35 3
50 36 4
89 71 2
72 24 3
87 14 3
22 77 3
86 27 4
16 77 3
61 54 4
90 87 1
48 31 4
76 70 1
40 66 2
64 41 1
98 38 1
74 20 2
9 58 1
37 85 2
77 3 4
30 14 2
36 38 2
1 88 2
73 83 3
1 55 1
13 97 3
65 76 1
48 32 4
33 86 2
19 17 2
4 72 2
25 91 2
71 64 4
53 67 3
28 9 1
29 58 2
90 63 4
45 33 3
35 47 1
86 54 1
45 68 3
87 69 3
36 72 4
1 27 2
57 32 2
46 51 4
39 42 1
52 69 2
99 82 3
90 77 2
94 80 3
71 59 2
6 1 3
11 94 2
5 88 2
33 74 3
50 40 1
44 40 2
65 22 3
27 6 4
47 93 2
61 78 2
76 1 4
4 29 3
11 42 1
0 93 1
34 24 3
10 78 3
83 51 2
8 0 3
84 25 1
1 50 4
43 20 4
90 70 3
48 53 3
96 59 3
20 42 1
24 31 1
63 81 3
66 55 3
61 34 1
11 39 2
16 74 4
22 20 2
29 67 4
42 19 4
15 6 1
37 90 1
41 6 3
93 86 1
27 96 3
98 68 1
83 47 3
54 40 3
60 23 4
18 21 4
49 89 2
62 12 4
54 32 1
98 19 2
92 33 4
30 42 4
99 17 4
14 27 2
80 81 3
15 75 1
59 76 1
94 35 1
40 73 3
77 81 2
54 91 3
64 54 1
17 41 2
63 48 1
16 69 2
59 56 1
19 23 2
86 49 1
47 34 1
32 86 3
18 42 1
41 78 3
2 55 1
27 35 1
91 96 4
89 62 1
13 62 4
36 62 4
93 99 4
96 37 4
52 4 2
40 58 4
57 77 3
99 0 3
37 13 3
96 41 2
31 79 3
57 1 3
61 96 2
79 73 3
59 67 3
5 58 3
76 10 2
46 76 2
36 45 1
24 91 1
