4900 100
0 77 4
77 79 5
0 22 4
79 71 2
71 6 5
77 96 9
71 87 3
96 17 5
77 8 6
6 4 1
0 36 5
79 72 4
71 98 6
72 33 9
96 26 9
87 69 5
17 74 1
8 12 4
22 57 1
0 73 2
74 43 6
71 75 6
36 14 8
72 85 8
79 13 1
79 78 6
6 25 1
36 66 4
85 53 1
79 27 2
75 15 1
25 45 6
6 97 5
73 20 4
87 10 4
22 29 2
13 68 9
72 48 3
75 11 4
12 65 8
68 95 1
79 56 8
53 39 3
98 51 5
0 3 5
48 70 1
20 47 6
48 1 2
39 61 5
0 81 2
68 5 2
36 52 7
10 62 4
11 92 1
68 76 5
71 42 2
74 59 1
45 38 3
25 31 4
96 28 7
13 9 6
5 32 6
28 34 3
15 82 3
59 50 8
4 86 1
71 21 3
9 60 8
3 55 5
68 58 3
82 99 5
28 44 2
99 2 8
97 64 4
39 83 5
47 19 7
39 89 6
85 35 9
45 24 7
87 30 9
31 84 6
12 46 5
57 49 9
22 88 7
5 37 3
39 18 2
27 80 1
95 93 8
28 90 5
32 16 9
56 7 9
15 40 1
26 63 1
36 67 3
86 41 9
10 91 2
11 94 4
34 54 6
24 23 3
77 53 1
22 27 1
20 49 3
30 21 3
52 13 2
20 14 2
79 74 4
46 83 1
16 91 1
20 61 4
16 71 4
15 68 3
64 62 2
27 9 3
56 37 1
50 86 3
11 83 3
57 61 1
69 98 3
20 94 2
47 11 1
89 54 2
91 80 2
19 16 4
40 70 2
65 55 4
39 7 1
65 59 4
37 19 4
28 38 3
91 83 4
7 93 1
77 5 4
64 81 1
52 83 1
8 22 2
47 3 2
78 57 2
72 29 2
65 45 4
16 12 1
68 52 2
41 26 4
51 86 3
63 91 1
20 41 2
12 41 3
32 39 1
5 11 4
98 35 1
48 85 4
16 51 2
51 48 1
54 96 3
66 45 3
58 40 4
26 42 3
55 83 2
46 86 3
73 39 3
26 51 4
12 90 1
29 54 2
20 38 4
12 26 2
51 58 4
38 13 1
51 46 3
43 2 1
54 32 1
44 68 2
39 33 1
41 75 4
20 0 3
50 54 1
74 72 3
74 92 1
77 71 4
49 85 1
36 18 4
30 56 2
9 77 4
21 5 1
19 30 4
16 5 3
74 63 1
40 89 2
34 57 3
36 8 4
61 18 2
0 46 4
42 64 1
35 91 2
48 99 1
16 4 4
54 28 2
25 24 3
61 36 1
36 6 4
33 58 3
88 47 2
76 37 2
18 22 4
91 86 2
83 80 4
42 36 1
6 91 2
84 25 2
89 41 3
45 54 2
14 49 1
58 67 3
58 96 1
59 60 2
45 42 3
28 33 4
72 15 2
94 35 3
5 64 1
44 71 2
74 6 1
51 89 4
1 61 2
15 70 4
29 42 3
7 92 3
88 13 1
5 25 1
23 26 4
13 85 3
1 21 4
72 89 2
8 18 3
30 38 3
58 86 4
4 96 3
57 37 2
18 10 1
88 71 3
93 73 2
65 95 3
86 39 3
95 46 1
39 2 3
87 23 4
66 28 4
91 71 3
74 13 1
14 78 1
15 99 3
77 37 1
71 93 3
74 76 4
76 61 4
30 83 3
55 36 1
72 93 3
13 57 2
21 66 4
97 0 4
44 76 1
63 76 1
8 42 3
73 71 1
16 86 1
9 85 4
83 77 4
99 86 1
7 90 1
60 38 2
78 89 1
28 5 2
22 98 1
38 83 1
8 79 2
17 26 3
52 84 2
68 23 3
95 58 2
49 81 2
59 17 4
87 81 1
13 91 2
26 27 1
36 22 4
86 67 3
22 70 3
8 5 2
35 30 4
43 50 4
48 2 2
82 43 4
85 26 3
31 9 2
28 41 3
65 44 2
91 19 1
46 58 4
72 77 1
78 11 1
87 68 3
64 88 3
25 69 1
74 19 2
8 99 3
58 92 4
21 33 1
67 8 1
60 37 2
97 2 4
50 31 3
6 21 3
66 63 1
80 68 2
44 2 1
49 21 2
76 4 4
94 45 3
37 52 2
49 63 2
49 74 4
33 5 2
27 14 1
8 68 3
46 56 1
63 25 3
57 0 3
69 24 3
37 75 2
91 56 3
82 2 4
48 81 1
87 4 3
28 61 4
62 32 3
85 24 2
98 6 1
56 67 4
51 12 4
4 61 3
23 93 3
97 98 2
83 58 3
51 66 3
49 31 3
73 68 1
85 21 2
68 83 2
93 46 2
61 71 1
60 45 2
18 48 1
97 54 4
52 3 3
58 82 2
86 52 1
0 70 4
55 14 3
27 28 2
11 84 4
0 19 3
3 86 3
86 15 4
31 80 4
67 80 1
55 20 3
20 69 3
38 9 1
48 84 2
85 62 4
94 32 4
16 68 4
15 49 2
99 44 1
46 40 4
26 36 1
81 46 2
60 27 1
79 81 2
36 62 2
52 29 1
30 28 4
78 90 3
62 79 1
92 9 1
17 14 4
30 39 3
40 92 2
92 55 1
77 32 1
44 31 2
78 61 3
21 38 1
48 83 4
26 35 3
92 48 1
42 10 2
3 31 1
39 28 3
5 40 1
43 10 3
87 35 3
14 58 4
4 27 2
53 59 1
62 96 3
91 22 2
39 67 2
97 7 3
86 82 4
6 83 2
48 73 3
57 50 3
1 17 4
14 54 2
11 58 2
78 46 4
29 83 2
83 45 2
35 59 3
55 77 1
1 12 4
56 78 1
56 41 2
53 26 1
29 87 4
74 97 4
91 0 3
61 62 2
18 37 1
14 96 3
2 69 4
4 78 2
17 78 2
67 83 1
85 71 4
64 61 4
52 34 4
25 54 3
77 88 3
22 59 1
81 91 1
31 47 1
7 73 3
17 73 3
20 54 4
67 95 4
57 52 4
52 67 3
55 69 1
15 58 1
31 6 2
20 15 1
38 61 1
95 28 4
85 99 2
57 29 1
6 29 4
14 89 3
31 11 4
17 46 1
13 95 2
86 84 2
20 64 3
43 28 4
36 73 3
53 83 3
72 2 1
36 53 3
1 10 1
91 23 1
72 68 1
37 99 4
63 83 3
61 87 3
2 17 3
88 79 2
3 49 3
97 92 1
52 39 4
38 10 2
82 47 1
22 55 1
73 41 4
82 94 1
11 19 3
69 99 2
57 77 2
97 43 2
87 46 1
35 47 2
11 42 2
57 25 3
32 18 4
29 55 3
56 55 1
34 35 3
78 76 1
73 14 2
59 51 4
58 99 2
30 31 4
27 49 2
18 95 4
41 30 2
9 88 2
72 61 1
9 37 2
9 94 3
94 66 3
98 5 2
50 27 2
2 36 2
66 80 3
64 76 3
36 32 1
89 67 2
57 63 1
14 1 2
9 34 2
91 62 3
26 49 2
87 3 1
9 97 2
31 66 1
23 71 3
69 86 3
37 11 4
4 75 2
46 84 2
27 16 4
55 39 2
75 29 4
25 13 2
69 64 4
62 22 2
32 65 2
35 52 3
52 64 3
55 91 4
54 39 3
72 41 2
6 55 3
72 76 3
9 10 4
91 52 1
47 45 3
14 71 1
34 10 3
50 69 3
80 23 2
72 64 4
18 6 3
45 96 3
82 5 3
65 94 4
45 78 3
62 7 3
53 61 1
89 50 4
53 76 3
18 25 4
92 22 4
27 18 2
41 33 3
15 74 1
20 21 3
69 45 3
35 27 4
97 70 1
8 26 2
92 5 1
40 24 3
85 27 2
16 23 2
46 8 3
2 54 3
15 18 1
99 90 4
84 73 2
20 36 2
54 17 1
46 72 3
64 35 1
6 3 1
98 70 4
54 33 3
37 22 2
82 73 1
62 16 3
13 41 4
11 35 4
11 28 4
40 26 1
13 46 1
19 34 1
68 65 1
54 13 1
42 3 2
80 57 4
56 13 4
62 86 3
33 97 2
52 63 1
84 71 3
94 34 4
76 94 4
62 63 2
24 4 2
9 79 3
36 33 3
50 4 4
3 64 2
62 80 2
87 98 4
93 20 2
22 65 3
71 34 3
88 89 1
71 9 2
36 70 4
36 74 1
97 68 3
7 3 2
9 50 3
9 52 3
98 29 2
59 46 3
86 93 3
50 33 4
64 16 1
84 87 4
89 7 3
74 22 2
61 99 3
85 20 3
48 22 3
57 99 2
8 37 4
59 44 4
63 48 3
21 22 4
43 32 1
60 75 3
1 63 2
69 13 4
51 0 3
39 70 3
74 83 1
40 91 4
1 58 4
56 35 1
50 15 2
17 63 3
99 93 4
3 58 4
67 61 1
41 62 4
92 76 3
36 71 4
38 23 2
61 26 3
35 5 4
55 74 2
87 12 1
23 44 4
10 64 1
26 22 2
28 2 4
10 68 2
68 71 4
57 36 3
45 90 1
30 68 3
55 45 3
83 37 4
86 94 3
34 50 4
19 44 2
94 39 2
64 48 2
21 97 2
30 1 4
39 31 4
95 55 4
6 0 3
63 32 1
89 85 1
2 90 1
43 27 3
0 21 1
32 92 2
23 66 3
59 16 3
70 3 3
74 45 4
61 12 1
11 57 2
88 95 1
60 99 1
10 13 4
62 29 3
53 34 3
70 14 1
32 71 3
67 77 3
93 32 4
48 27 2
60 12 1
63 65 2
98 60 3
39 79 1
0 45 1
54 90 2
83 79 2
24 13 1
3 56 3
94 36 4
15 23 4
88 85 3
72 51 1
10 50 2
2 92 4
66 90 3
23 28 1
86 48 1
86 14 1
76 40 1
62 12 4
4 18 1
86 40 4
24 17 3
78 62 2
58 79 3
12 72 4
55 89 2
57 59 4
5 62 2
38 11 3
70 62 2
15 59 2
28 99 4
62 42 1
79 7 2
52 23 2
58 5 1
11 15 4
76 88 2
32 28 2
57 20 4
4 94 1
29 60 3
50 72 2
16 99 3
2 46 2
50 94 2
89 18 2
27 11 4
45 62 1
58 44 3
86 90 2
58 8 1
12 11 2
77 97 4
45 27 3
63 97 3
80 32 1
50 30 3
88 11 2
13 26 3
90 40 3
45 7 4
94 57 4
34 12 4
41 44 3
40 32 1
40 16 1
51 31 4
74 46 3
49 77 3
40 29 3
19 77 2
52 65 1
27 98 1
35 65 4
33 47 2
28 7 1
78 33 2
79 20 3
70 76 4
55 35 2
3 11 4
28 93 4
37 39 4
26 55 4
78 26 1
21 53 3
28 70 4
67 34 3
46 44 2
54 12 4
16 70 2
68 46 3
80 99 4
63 98 2
1 80 4
97 50 4
6 12 4
83 12 3
97 80 2
45 37 1
15 80 3
88 74 3
40 65 3
2 67 2
1 87 3
2 60 2
48 41 1
98 84 2
88 93 3
38 77 2
4 25 4
88 73 2
56 60 1
58 89 2
77 43 3
73 97 4
92 82 4
95 3 3
77 81 3
75 74 1
90 96 2
68 61 1
45 92 4
16 47 2
16 87 2
90 61 2
75 72 1
41 40 1
14 34 1
0 16 2
48 69 2
60 95 3
77 61 1
86 76 3
38 15 3
60 86 2
14 43 3
25 49 4
73 5 1
57 91 4
49 52 2
75 59 4
98 66 1
43 71 3
23 63 1
9 82 4
49 33 3
13 76 3
88 15 2
30 94 2
73 28 2
81 17 3
78 83 2
43 72 4
83 85 3
19 23 3
61 45 1
46 18 2
74 7 2
11 60 1
58 2 3
5 4 3
16 76 1
32 72 3
74 27 4
86 47 2
50 23 3
33 52 4
39 84 4
76 66 4
94 63 2
23 86 3
11 74 3
3 5 3
29 76 1
20 76 3
78 1 1
75 65 4
24 9 1
10 30 1
35 68 3
12 14 1
62 38 3
18 68 3
4 98 2
67 29 3
39 0 1
67 11 1
25 89 2
41 49 2
35 57 1
39 10 4
7 59 4
85 22 3
7 54 3
65 78 3
83 92 2
17 28 1
82 38 4
83 94 4
82 23 3
86 21 4
68 50 4
14 5 2
4 22 2
48 28 4
32 47 2
70 67 2
27 75 4
38 52 4
76 0 4
26 99 3
23 74 1
97 20 4
63 82 4
28 18 3
97 5 2
30 23 4
44 4 2
4 45 3
3 65 1
10 4 4
91 44 2
16 22 3
53 50 3
40 20 3
49 78 4
99 24 4
5 72 3
85 43 3
55 21 1
45 34 4
52 43 2
56 5 2
28 83 2
40 68 2
92 27 1
77 47 3
84 60 1
74 2 2
23 49 3
46 7 4
32 14 2
9 42 2
79 96 3
75 6 4
82 64 1
74 87 1
81 19 1
4 62 3
70 78 1
33 82 1
58 90 4
62 15 3
65 61 4
48 20 3
16 41 4
87 63 1
59 11 2
58 38 3
76 32 2
84 17 4
93 25 3
34 85 1
55 15 2
33 19 2
33 71 4
21 69 3
0 7 4
59 69 1
81 45 2
26 52 2
97 57 1
5 94 4
97 17 2
10 86 4
29 77 4
11 13 1
26 20 2
91 95 1
47 63 4
95 81 4
69 17 2
22 90 1
97 84 4
3 36 3
96 73 2
62 66 1
26 64 2
89 20 4
68 93 4
12 99 1
54 62 1
42 63 2
84 1 4
84 40 3
53 23 2
0 90 1
79 12 1
87 24 3
22 89 4
75 58 4
22 66 2
50 36 3
43 93 1
9 26 3
75 73 4
63 78 1
52 73 4
41 57 4
26 3 1
81 59 4
51 88 3
3 17 3
72 69 1
46 16 3
58 91 3
8 97 3
1 7 3
75 54 3
8 61 4
97 94 2
22 58 1
53 62 3
6 90 4
84 2 3
81 6 2
15 63 4
15 94 1
99 39 4
10 67 3
19 27 2
99 76 4
16 9 4
87 64 1
81 76 4
96 65 2
87 25 2
23 72 4
79 24 3
71 19 4
19 12 1
98 17 4
92 4 2
50 3 2
55 70 2
25 88 3
68 49 1
89 17 3
66 6 2
27 62 1
36 31 2
50 1 3
98 40 2
44 85 4
84 49 1
11 44 3
93 21 3
16 33 2
66 58 4
43 95 1
87 62 4
40 2 1
99 4 3
97 34 2
49 59 2
21 54 1
92 90 2
90 20 4
80 21 2
38 92 3
76 38 2
99 94 4
32 34 2
16 20 2
62 17 3
82 57 3
56 82 3
76 9 4
21 17 2
19 14 2
16 61 1
79 53 3
90 15 2
24 76 1
75 39 3
54 98 1
1 24 4
70 60 3
72 49 3
3 75 2
18 14 4
77 46 4
23 61 4
37 67 1
31 76 1
2 93 4
53 24 1
55 10 2
92 14 1
6 63 3
61 63 1
21 89 2
93 37 2
32 68 4
15 73 3
27 17 4
56 80 4
17 39 4
44 42 1
34 89 4
38 24 1
88 70 1
41 18 4
3 33 1
44 8 4
38 68 2
77 18 4
3 10 3
41 51 2
7 98 3
26 4 1
43 53 4
43 54 4
89 38 1
73 83 3
79 23 2
59 41 2
13 82 2
83 19 3
11 79 2
76 27 1
22 30 2
99 63 3
63 33 3
70 91 2
89 68 2
8 30 2
15 9 2
14 68 1
90 63 1
28 82 2
86 19 4
29 91 4
5 27 3
89 3 1
78 25 3
80 7 4
26 81 1
48 44 3
30 60 3
6 53 2
86 9 1
14 9 3
43 75 4
55 90 1
92 64 3
77 7 3
91 73 3
37 32 4
39 95 4
7 78 3
93 59 1
51 95 4
1 69 3
22 42 4
39 71 4
31 92 1
0 2 3
19 6 1
41 74 4
13 99 1
46 99 3
50 75 3
57 65 2
10 58 4
19 21 1
87 13 4
20 37 1
69 96 2
51 35 1
56 93 4
83 59 1
91 8 4
12 10 1
11 22 3
33 70 1
76 28 2
8 92 1
4 7 3
57 14 3
14 56 4
69 66 2
7 12 3
38 54 2
1 77 1
30 18 1
7 2 2
67 17 2
16 45 3
69 37 1
6 58 3
10 54 1
57 58 3
53 7 3
76 43 4
16 89 2
90 19 3
12 73 1
88 8 1
52 16 1
12 38 1
96 10 4
73 13 1
7 34 3
4 63 4
92 37 4
37 2 3
89 91 4
38 2 3
63 31 3
22 17 1
94 95 2
97 27 3
21 57 1
49 62 4
17 61 1
59 84 1
41 55 3
56 33 2
64 41 3
47 49 1
24 91 1
38 42 4
30 76 4
85 40 3
75 7 1
30 86 1
54 84 1
11 32 3
12 0 4
28 75 4
11 21 3
45 70 3
57 45 1
31 96 4
52 28 2
58 50 2
68 90 1
62 56 2
99 9 4
39 44 3
16 83 2
88 26 4
87 97 1
64 66 1
95 92 2
78 53 2
34 23 4
99 55 3
56 45 4
56 69 2
36 30 3
35 62 3
62 97 1
61 49 2
37 78 1
77 24 1
69 60 4
53 9 3
63 92 3
90 44 4
41 78 3
91 21 1
14 13 2
56 65 2
74 20 2
66 35 1
95 29 3
23 48 3
87 7 1
30 97 1
43 86 3
23 56 2
87 49 3
61 34 2
67 0 1
39 11 4
24 57 2
75 34 1
16 49 4
31 79 4
94 29 4
84 37 4
30 67 2
35 84 1
35 89 2
77 31 2
54 91 2
99 27 3
72 92 4
20 65 2
58 19 4
32 59 4
19 10 3
84 69 1
23 89 2
66 59 2
29 7 3
25 55 3
98 24 4
66 54 2
16 13 1
17 56 2
68 84 1
5 89 2
61 51 3
69 76 1
67 28 3
84 44 4
33 23 1
87 28 1
64 14 2
39 80 1
33 32 3
44 49 4
45 11 2
92 47 4
60 10 1
38 79 1
61 50 3
56 24 4
34 62 1
3 19 3
15 46 1
74 40 4
6 92 2
21 65 1
21 40 4
87 51 1
51 44 4
55 11 2
96 52 3
40 3 1
10 6 1
44 54 4
67 54 1
35 80 1
87 83 3
73 78 4
59 8 1
9 89 3
70 77 3
4 74 4
30 27 4
44 95 2
99 97 3
66 78 3
26 29 3
46 5 4
79 51 2
41 39 3
82 69 1
58 36 4
42 14 1
41 69 4
7 57 4
59 28 3
65 4 4
36 77 3
30 15 1
11 18 2
54 71 1
98 81 4
70 58 2
2 16 3
35 0 3
1 27 4
10 73 4
62 59 1
29 47 2
56 75 4
47 83 2
22 12 2
44 87 4
57 95 2
56 27 2
42 91 3
23 32 2
66 81 2
31 37 4
35 2 2
59 1 2
70 93 4
37 79 3
76 10 1
7 51 1
67 5 1
18 80 2
36 54 3
85 58 4
73 67 4
72 58 2
8 11 2
97 12 4
5 39 4
12 23 3
51 30 3
72 20 3
65 74 4
13 32 1
43 0 1
46 24 4
86 96 4
8 70 2
22 99 3
13 62 2
43 83 4
16 7 4
84 78 4
96 95 4
51 32 4
35 31 2
38 26 1
81 42 2
56 28 4
13 67 3
31 70 2
44 66 2
81 55 4
28 14 4
89 98 2
73 65 3
16 95 4
85 94 2
72 62 2
65 69 3
89 97 3
8 75 1
40 13 3
75 32 3
39 47 1
47 57 3
86 85 2
28 40 3
61 48 1
14 94 4
25 94 2
71 40 1
94 92 4
71 17 2
61 94 3
96 35 4
15 16 2
27 36 4
45 73 3
93 79 4
71 60 3
52 18 1
91 46 3
96 51 2
90 51 4
74 85 3
64 36 2
81 75 1
1 72 1
79 63 4
60 35 4
96 11 1
45 12 4
79 1 1
14 46 1
68 57 4
45 1 4
54 23 1
39 16 2
18 79 1
43 69 2
37 44 4
54 99 1
87 0 2
3 8 3
23 45 2
19 18 1
1 42 1
24 78 1
86 20 1
3 45 4
34 36 3
51 17 4
42 18 3
72 6 1
85 78 2
70 53 3
91 45 1
40 38 1
89 36 3
3 21 4
31 88 4
29 73 1
39 92 4
85 25 4
27 89 3
67 12 2
68 9 1
10 29 1
94 59 4
34 60 2
7 83 1
71 10 4
43 23 1
41 99 2
78 13 3
68 62 4
89 56 2
3 83 4
27 21 2
93 18 2
94 27 4
94 38 2
98 30 4
28 24 2
26 24 2
87 79 4
95 24 4
30 0 2
34 51 1
63 0 3
97 95 4
12 13 3
9 69 3
65 15 1
2 34 2
68 42 1
98 90 4
64 65 1
91 26 2
96 25 1
66 91 3
26 32 4
44 52 4
19 64 4
55 49 1
86 83 2
38 87 1
9 70 2
17 37 2
98 25 4
68 55 4
41 68 2
33 80 2
83 51 4
51 76 3
16 21 4
58 34 4
37 14 1
60 58 2
10 22 4
38 72 1
12 15 4
79 15 4
0 15 4
88 59 3
23 73 4
7 82 4
35 71 4
52 7 3
93 49 1
24 55 4
37 16 2
51 91 4
6 94 1
0 75 4
84 82 2
40 22 4
71 95 1
0 53 4
22 73 1
82 34 2
90 85 4
38 22 1
12 33 2
44 34 1
43 99 4
79 70 3
2 65 1
66 56 2
19 35 3
64 43 2
61 96 3
1 22 2
46 34 3
59 98 1
62 74 4
47 28 2
92 52 3
89 44 3
67 48 1
55 23 3
98 78 1
88 28 4
29 21 2
0 86 4
18 86 1
27 96 2
0 29 3
2 56 3
31 14 2
46 27 1
63 85 3
39 14 1
83 35 2
15 98 4
96 15 2
23 25 4
7 17 2
78 20 2
42 58 4
49 96 3
45 30 3
52 58 1
5 45 2
36 25 3
17 31 4
85 5 2
30 3 1
52 24 3
4 47 2
33 13 2
39 60 3
53 58 3
66 24 1
72 57 2
51 65 3
22 33 3
64 44 1
49 50 1
17 13 1
16 48 2
80 0 1
35 53 2
66 43 3
2 73 3
75 47 1
17 45 4
17 72 4
72 91 3
60 24 4
18 65 1
3 29 3
75 66 2
27 37 1
43 30 1
50 93 3
46 71 3
43 57 4
6 13 1
53 95 1
44 98 4
71 15 1
57 56 3
63 67 1
22 49 1
80 61 2
89 92 4
98 46 2
66 41 2
70 66 3
64 55 4
77 11 2
69 31 2
37 41 2
50 66 1
33 24 4
4 55 2
72 10 4
49 58 1
78 34 3
39 46 2
62 83 1
38 91 1
82 62 4
56 39 3
49 11 1
18 0 3
84 77 2
21 73 3
59 91 2
78 12 2
35 78 1
20 8 4
7 47 3
83 54 3
26 86 4
73 8 4
63 96 1
17 15 3
70 63 4
21 90 2
80 2 2
21 92 4
74 18 4
53 2 3
37 3 4
43 78 4
90 93 2
29 41 3
93 5 3
36 40 1
45 33 3
94 68 1
30 90 4
41 7 4
94 19 1
97 78 2
87 60 2
99 92 1
97 25 2
38 6 1
19 76 2
7 15 2
96 43 3
33 7 3
69 71 1
17 43 1
86 42 3
92 44 1
63 18 3
19 36 1
50 32 1
85 16 3
88 32 2
53 97 3
78 3 1
66 87 2
24 29 2
19 31 3
94 10 1
48 82 4
17 80 2
17 53 2
90 87 4
8 10 4
56 1 4
16 1 3
60 78 1
20 22 1
53 60 2
90 73 3
41 79 3
19 82 1
8 90 3
59 86 2
91 87 2
43 18 2
25 37 2
69 91 2
7 25 4
70 64 3
37 85 4
42 93 2
94 88 2
19 32 3
18 87 4
48 3 4
21 60 2
29 4 3
4 77 2
18 53 2
71 65 3
75 68 3
13 15 4
83 69 1
30 11 3
12 71 3
70 57 3
32 35 3
0 60 2
66 82 1
70 83 2
48 80 2
6 8 4
6 64 4
27 6 4
88 44 2
12 25 4
74 25 1
72 95 1
48 50 3
15 47 3
34 3 2
30 2 4
82 65 2
63 72 2
4 21 4
31 93 3
8 85 3
46 43 4
43 65 2
99 88 2
57 4 2
2 51 3
29 13 4
22 41 4
68 6 2
33 90 1
53 4 2
27 64 4
30 91 3
36 43 4
63 36 2
55 16 4
99 30 4
62 28 4
20 7 1
15 48 2
64 78 2
55 53 1
63 21 3
33 18 1
76 21 1
49 91 4
50 16 3
50 28 4
50 51 2
5 91 4
9 1 3
31 82 2
37 63 4
72 83 4
33 92 3
5 47 4
32 46 1
82 22 2
18 59 4
47 68 2
98 1 4
83 23 1
34 55 2
49 5 1
4 37 2
89 24 2
40 59 4
6 14 1
73 85 4
76 42 4
83 84 3
29 50 3
35 67 2
90 81 3
72 73 1
57 44 2
47 52 3
77 63 1
42 21 2
79 90 1
94 41 1
12 85 3
69 19 1
72 31 3
61 24 1
34 88 3
27 41 2
80 58 4
64 45 4
16 38 2
2 83 4
18 21 1
55 62 4
91 27 2
27 70 4
60 16 3
48 79 2
88 75 1
39 22 1
52 74 2
36 79 3
11 62 1
90 13 4
78 59 3
39 20 1
90 26 1
51 97 3
21 87 4
36 12 3
31 94 2
12 48 4
37 0 1
19 57 4
83 71 1
95 22 4
62 71 3
7 26 4
38 71 3
40 97 1
77 58 3
6 87 4
98 83 4
7 32 3
51 20 4
2 68 4
62 60 3
59 54 3
45 68 4
68 86 4
3 4 2
53 93 2
37 36 2
41 60 3
43 67 4
64 71 4
8 47 1
22 93 4
47 90 3
80 40 3
91 78 4
14 69 1
94 17 4
5 44 1
79 17 4
60 18 4
70 89 3
6 44 2
71 28 4
57 46 4
94 2 4
32 20 1
16 26 4
77 34 3
24 16 2
65 84 3
47 46 1
1 71 3
34 73 3
63 12 3
88 7 4
3 23 3
67 85 4
96 85 4
75 42 4
74 21 4
5 50 2
67 18 3
59 72 2
25 32 3
65 17 1
71 0 3
51 69 3
86 49 2
35 93 3
95 83 3
17 29 3
29 90 4
53 98 2
69 27 3
23 51 4
61 81 3
33 91 4
58 45 4
0 5 3
41 8 2
13 50 2
1 38 1
8 87 2
11 53 2
62 20 4
62 50 4
77 65 2
40 6 2
98 65 4
76 84 3
34 83 1
63 44 2
96 13 2
33 55 4
87 75 2
34 99 3
94 51 1
70 59 3
82 61 4
33 4 2
45 44 2
71 92 2
7 37 2
12 27 1
71 37 2
87 86 4
78 77 3
81 27 3
4 79 1
98 80 1
77 60 3
0 49 4
62 65 2
54 9 3
71 90 3
74 98 2
2 89 4
64 74 1
94 67 3
80 51 2
91 97 2
70 20 4
66 92 3
51 3 3
94 62 1
67 99 3
93 19 3
65 48 4
51 68 4
31 57 2
58 29 2
68 67 2
12 89 4
45 26 1
39 42 4
58 37 3
80 53 2
4 71 3
50 87 4
85 51 2
39 87 1
67 47 1
20 42 3
81 32 1
6 37 4
85 97 4
52 48 3
39 21 4
88 37 1
46 10 2
3 85 2
78 81 3
22 68 3
57 93 4
47 80 1
11 50 3
50 90 4
15 25 4
24 31 3
22 75 4
84 34 4
95 59 4
80 6 3
55 82 4
12 56 3
91 20 4
84 42 1
68 54 1
21 45 3
77 51 2
14 98 4
75 46 3
78 10 2
73 9 1
63 89 1
12 29 1
41 70 2
35 16 3
1 88 4
91 93 3
40 42 4
98 16 1
95 86 1
44 40 3
26 76 1
92 59 3
17 88 3
29 84 1
23 31 2
14 3 1
76 77 3
24 73 4
87 17 4
79 57 1
1 13 3
77 17 1
64 18 3
70 74 1
47 91 1
80 26 2
51 21 3
24 3 4
96 32 3
36 72 1
55 87 4
15 27 1
89 43 3
97 81 1
65 53 2
11 9 3
31 29 2
93 0 1
89 46 2
61 44 1
66 84 1
5 96 3
8 86 1
93 27 4
11 95 1
85 92 1
74 14 4
71 94 2
62 46 4
8 80 2
11 41 1
78 68 3
72 88 4
16 17 4
74 34 4
14 83 2
7 91 2
88 3 1
57 15 4
37 34 1
4 28 4
85 50 3
1 99 3
85 54 1
2 26 3
26 6 4
9 98 1
49 1 1
11 46 4
11 80 1
74 47 4
55 67 4
63 93 4
26 21 3
26 60 1
12 92 1
53 1 3
1 11 2
1 94 4
28 36 1
57 23 1
51 40 2
32 8 2
86 36 1
46 64 4
17 85 3
1 70 3
32 30 3
79 33 4
90 43 2
41 25 2
21 83 4
53 10 3
16 25 1
18 99 4
31 59 2
99 84 3
45 48 1
9 55 3
78 40 4
20 34 3
32 83 3
55 52 1
49 80 3
64 91 4
43 8 2
85 33 4
88 18 4
27 0 2
52 5 1
42 49 4
59 56 4
96 22 2
84 30 1
40 12 2
40 30 4
16 90 2
54 60 3
96 41 2
24 88 4
49 4 2
91 41 3
81 3 4
48 37 3
44 14 2
36 24 4
91 48 3
90 76 4
79 0 4
85 95 3
64 68 1
2 27 1
70 90 2
35 76 1
63 34 1
40 82 1
56 92 3
75 82 2
75 61 3
86 24 4
62 69 2
88 14 4
77 26 4
85 91 1
41 47 3
90 10 2
89 6 1
45 79 4
73 66 4
94 78 4
74 26 1
16 67 3
4 9 1
73 87 3
33 69 3
66 77 4
26 84 1
8 40 2
99 78 3
58 39 3
96 48 3
35 88 4
50 96 1
0 83 1
37 61 3
0 74 1
50 99 3
84 64 3
93 87 2
95 77 4
52 85 4
29 49 2
33 77 2
98 13 1
8 64 1
69 6 3
18 23 3
60 44 1
9 25 3
28 22 3
23 6 4
13 49 4
61 98 2
55 76 2
17 68 1
65 86 1
98 39 3
20 82 2
51 92 2
3 18 2
40 43 2
6 49 1
40 9 2
93 41 3
49 17 2
75 23 1
69 22 4
82 32 4
58 13 1
24 65 4
29 2 4
15 51 4
40 4 2
72 16 1
21 34 1
26 37 3
81 22 3
72 9 3
33 26 2
83 50 3
48 53 3
89 31 1
98 72 4
63 24 1
86 73 4
64 99 2
44 80 3
35 39 4
86 32 4
91 82 3
22 56 3
34 69 1
4 82 3
56 70 4
36 56 1
0 56 1
88 38 1
82 27 4
9 74 2
32 89 2
30 63 4
29 59 2
49 69 2
25 72 4
91 94 3
55 28 4
30 80 1
77 14 4
6 9 1
4 59 4
84 72 3
36 82 2
14 45 2
79 49 3
62 47 4
52 4 1
84 81 1
80 28 4
62 18 2
35 8 1
96 24 2
26 15 1
95 32 2
15 95 3
38 37 4
53 87 2
44 12 4
54 26 1
67 41 3
70 99 4
37 40 4
88 87 3
0 61 2
67 19 2
25 26 2
26 19 2
87 89 1
94 80 3
1 46 4
89 29 4
42 0 1
73 62 3
15 64 3
33 65 1
97 24 1
14 91 4
40 93 1
32 58 1
98 93 4
80 96 4
76 2 2
55 37 4
96 12 3
28 19 1
5 1 2
91 2 4
42 55 1
69 92 4
49 95 3
40 35 1
1 19 4
47 70 4
74 30 2
31 41 3
91 84 4
86 88 4
98 50 4
60 73 3
6 46 1
38 31 2
89 26 4
95 78 4
13 19 4
75 40 3
65 10 4
61 83 4
88 46 2
6 16 1
88 56 4
98 94 4
94 18 2
60 96 4
8 93 3
50 80 2
50 65 4
59 43 2
67 23 1
97 42 4
57 51 2
73 81 3
13 75 3
70 11 1
73 43 4
11 99 2
55 58 3
25 27 3
81 93 2
76 60 2
51 84 1
65 70 2
81 88 4
13 36 4
74 90 4
95 14 1
98 42 4
95 9 1
96 34 2
15 92 2
70 75 1
65 0 1
61 79 3
1 89 1
3 46 4
61 6 1
81 71 1
18 17 3
87 33 1
27 71 3
37 87 3
97 93 4
85 11 1
75 49 4
70 18 2
73 11 4
60 4 1
92 98 4
29 86 1
25 79 3
94 96 3
62 2 4
82 52 3
77 82 4
60 93 3
28 57 3
19 68 4
10 7 2
54 37 1
59 37 4
36 88 3
2 75 4
18 55 1
65 37 4
38 41 1
80 46 1
29 45 2
43 25 2
27 57 3
6 65 1
65 89 1
66 30 1
8 45 4
15 10 4
88 54 3
15 39 2
70 69 3
84 33 2
23 0 1
98 52 2
57 84 4
46 70 4
67 1 3
85 61 2
19 45 1
64 94 1
60 46 4
15 35 3
62 75 4
64 79 2
54 42 3
21 77 2
53 3 4
19 87 4
56 97 1
95 84 4
58 81 4
90 39 3
94 84 1
12 58 4
98 47 1
38 98 3
87 59 3
99 7 3
8 19 3
88 63 2
84 89 4
76 65 1
80 86 2
62 9 3
31 13 2
56 87 4
81 37 4
96 40 4
35 24 3
89 15 1
28 85 4
26 18 3
72 96 4
89 71 4
14 11 1
20 50 4
47 65 4
87 47 2
62 33 1
51 37 4
69 8 1
87 94 2
8 13 1
34 81 3
89 81 3
96 74 2
85 66 2
13 39 1
26 46 1
20 68 4
47 36 4
0 44 4
2 88 2
36 49 2
96 91 1
41 58 4
85 64 2
43 29 3
57 39 1
65 66 2
42 4 4
35 44 3
64 33 2
43 63 4
61 55 4
36 10 4
85 14 2
86 35 1
76 79 2
5 63 1
91 90 2
45 50 3
89 69 3
79 30 3
93 80 1
4 85 4
58 65 2
14 15 1
50 88 2
29 66 4
23 95 2
31 85 1
70 87 4
64 1 1
1 66 2
26 66 4
3 57 3
30 58 3
69 3 1
5 38 3
0 52 3
5 90 4
54 52 2
82 44 3
92 1 3
8 55 4
63 38 4
63 22 3
73 79 2
17 50 4
13 22 2
13 45 4
2 32 3
87 22 4
67 22 3
31 42 2
52 30 1
80 74 1
51 71 1
31 78 1
17 76 1
0 64 3
3 16 4
26 83 4
88 66 4
64 75 3
37 96 1
79 47 1
24 6 4
47 69 3
96 46 2
90 37 1
53 40 3
18 29 2
9 64 4
95 79 3
61 11 1
7 50 3
10 70 1
59 68 1
23 62 1
85 77 1
10 14 3
22 52 3
50 26 3
8 74 2
79 5 3
94 3 4
10 85 1
37 15 4
58 84 4
65 88 4
66 67 2
70 52 2
95 5 2
83 88 3
57 12 1
60 17 2
65 41 1
15 54 4
15 5 2
42 92 4
14 48 4
70 80 2
75 31 1
2 77 2
64 34 3
36 4 4
40 62 3
40 55 2
46 49 2
4 64 1
77 23 4
72 67 3
19 2 3
64 11 2
24 74 2
92 62 4
98 73 2
41 10 2
32 10 1
40 14 1
81 74 4
78 96 4
35 95 2
96 56 2
84 47 3
70 82 4
25 19 3
40 49 3
25 62 2
87 36 2
48 33 1
13 27 4
58 69 1
38 85 3
46 35 4
36 60 1
34 39 4
70 13 2
19 80 3
54 6 2
9 23 3
61 46 3
20 96 1
79 55 3
99 79 3
50 22 1
10 57 2
27 51 3
75 78 4
58 31 3
68 26 4
67 97 3
34 17 3
37 28 1
38 36 2
28 68 1
54 16 2
98 23 1
76 5 1
14 76 3
34 68 1
19 78 4
18 73 3
92 68 1
44 70 1
0 62 1
47 66 1
29 70 3
20 23 1
0 8 3
53 92 1
94 22 1
7 61 4
2 81 2
31 87 2
56 48 3
52 81 2
94 55 3
50 21 2
8 76 2
51 22 3
41 5 4
8 25 1
76 45 3
46 97 2
5 74 3
0 38 1
30 47 3
53 94 2
63 28 1
55 38 2
80 72 1
88 69 1
56 68 2
62 26 1
36 92 1
10 82 1
9 35 3
70 2 4
12 5 2
55 31 4
33 0 3
42 30 2
56 54 1
86 1 2
69 73 1
68 81 3
90 49 4
19 63 4
36 48 4
93 16 2
7 68 3
35 81 2
3 9 1
95 82 3
82 25 4
68 29 2
32 49 3
51 25 3
58 23 4
62 19 3
77 28 4
85 39 3
84 12 4
25 59 2
25 53 4
88 98 4
76 58 4
61 73 3
31 61 2
44 17 4
60 48 2
28 45 2
25 56 4
94 54 2
34 29 1
52 10 4
35 6 3
53 20 3
7 35 4
24 72 3
48 77 4
81 13 3
28 64 3
49 99 3
15 31 1
77 20 1
15 67 1
47 25 4
78 28 4
65 36 1
41 43 1
8 28 1
1 39 4
47 97 3
88 97 2
95 37 3
72 4 1
1 8 4
71 78 3
16 82 3
5 81 2
55 50 3
20 4 2
18 47 4
67 84 2
66 71 3
92 87 1
21 96 1
26 28 2
77 6 4
72 40 3
58 88 1
20 2 3
28 3 3
3 1 1
15 78 4
99 62 4
45 59 3
50 18 3
18 75 1
91 39 3
62 52 2
1 68 4
8 54 2
39 88 2
3 62 4
68 43 1
29 46 3
97 37 3
43 49 1
69 11 2
69 52 1
59 34 4
44 22 1
51 5 1
4 17 1
0 4 4
98 10 3
40 48 2
5 71 4
21 43 4
10 31 2
87 77 4
58 35 1
68 0 1
18 7 3
81 10 1
20 58 1
67 3 3
28 60 4
70 61 2
41 97 4
32 73 1
85 87 2
39 76 4
43 44 3
35 82 1
16 30 4
94 44 3
40 61 4
1 83 1
32 38 3
60 20 1
90 42 4
59 82 1
36 35 4
55 59 2
77 15 2
65 16 1
29 88 4
98 34 1
45 22 4
18 49 3
9 58 1
53 30 4
63 81 2
8 53 2
88 12 4
95 54 3
90 46 3
18 38 3
78 72 2
64 25 4
59 48 4
29 85 1
65 60 2
14 62 3
76 52 4
86 97 2
32 79 4
43 62 3
37 49 4
52 59 3
11 97 2
70 24 2
66 8 3
93 76 2
11 68 2
31 21 3
48 95 1
52 79 4
79 10 2
20 30 3
27 55 4
64 80 2
37 72 1
53 88 3
93 12 4
40 50 1
9 93 2
8 57 3
65 39 3
80 71 3
3 63 3
42 77 3
73 26 1
61 33 2
56 16 2
89 49 1
64 32 2
29 1 2
73 38 3
94 69 1
30 61 3
35 22 1
44 3 2
60 91 4
3 90 1
72 65 4
29 15 2
59 23 1
17 38 2
95 66 1
93 51 2
23 2 3
76 82 1
46 69 4
9 90 3
88 10 4
82 90 4
78 39 2
24 12 1
69 26 1
79 80 4
14 82 1
3 91 4
36 91 3
9 47 2
20 84 3
92 50 1
69 28 3
2 42 2
34 47 2
59 38 3
70 72 4
41 77 2
22 19 4
0 40 3
69 39 4
92 67 2
60 94 1
85 60 4
94 47 3
47 73 2
98 95 2
61 52 1
23 47 2
37 50 4
42 51 2
89 42 2
31 0 2
23 85 3
48 66 3
70 32 1
27 88 3
57 62 4
5 18 2
14 25 1
59 26 4
35 43 4
74 94 1
6 52 1
47 43 1
74 66 3
35 14 1
35 61 3
92 23 1
97 72 3
52 90 2
32 44 4
36 21 1
61 89 4
82 30 4
1 28 4
57 90 3
79 43 4
44 77 2
7 19 3
54 86 4
60 33 3
18 9 4
58 54 4
37 1 3
63 45 4
92 25 4
48 94 2
38 3 1
74 84 1
52 46 3
31 90 4
58 56 1
17 70 4
37 68 2
99 25 1
41 50 2
18 58 1
99 23 1
25 1 4
56 73 4
32 4 4
16 79 1
80 77 1
6 59 1
24 58 4
25 70 1
81 72 4
45 46 3
67 93 4
9 81 3
42 96 4
13 64 2
50 70 2
23 65 2
83 49 2
83 25 1
91 50 3
94 12 2
69 5 3
85 79 1
64 30 1
10 47 3
80 85 1
10 20 3
88 43 4
6 2 4
33 30 4
74 38 4
81 57 3
81 92 4
97 1 4
38 53 4
29 65 2
21 68 2
2 33 3
52 2 2
0 17 1
60 89 2
55 60 1
40 11 3
64 21 4
18 1 4
18 44 2
23 8 1
12 37 3
32 69 3
81 94 4
60 23 4
50 64 3
83 81 4
28 15 4
16 66 1
33 44 4
50 56 3
4 51 1
35 28 1
69 40 1
36 46 1
69 30 3
77 25 4
41 90 3
9 32 1
31 99 4
75 67 4
41 76 3
94 70 4
50 73 1
53 81 3
53 84 3
86 25 3
33 14 1
34 66 3
95 80 3
61 22 1
70 96 1
84 24 1
88 20 4
6 28 3
20 27 1
80 81 4
64 38 3
35 70 4
7 23 3
96 71 4
60 47 2
83 40 2
78 93 1
92 73 2
98 8 3
8 78 2
5 84 3
7 76 2
25 90 2
75 12 1
7 67 4
80 54 3
90 35 3
49 39 3
43 94 3
7 69 4
59 63 4
65 91 1
57 88 1
5 23 3
38 47 2
1 32 3
81 47 4
18 56 4
20 18 3
80 24 2
68 82 4
30 92 2
67 87 2
44 97 2
6 30 2
44 29 2
59 42 1
20 71 3
89 66 1
64 40 3
40 77 2
33 75 1
92 10 1
9 36 4
49 98 4
75 90 3
20 56 2
62 8 1
54 78 4
88 6 1
26 34 4
78 21 3
61 69 3
75 9 1
45 82 1
28 53 4
83 60 4
50 71 1
4 19 3
50 67 3
95 4 3
92 65 4
86 57 3
35 33 3
36 99 2
65 93 2
51 33 1
75 48 3
26 10 1
84 70 2
41 81 2
78 44 2
8 7 2
52 19 4
70 71 4
4 43 2
28 10 3
34 22 3
51 19 4
74 78 4
21 8 4
4 41 1
58 78 4
98 64 3
45 77 1
73 53 2
95 45 4
94 49 4
13 2 2
37 30 1
54 63 3
0 98 2
20 19 4
52 66 1
20 98 3
36 98 1
83 22 1
70 19 2
55 98 1
33 89 3
63 68 4
49 10 2
47 54 4
1 95 1
47 44 3
61 56 3
87 40 1
64 23 4
83 27 2
71 48 1
3 72 2
2 59 4
12 3 1
24 37 3
19 97 2
8 50 4
40 57 4
75 98 3
8 39 3
9 29 2
48 74 4
46 76 2
42 16 1
25 73 2
56 98 1
19 29 2
10 27 1
70 51 4
18 71 1
21 59 2
49 35 4
97 31 1
19 95 4
17 90 2
85 47 1
64 58 3
64 86 3
43 39 3
22 78 4
76 47 2
45 71 2
66 7 2
81 25 3
10 59 4
95 27 2
97 14 2
9 19 2
92 75 3
54 70 4
48 35 2
43 34 4
66 20 1
2 18 2
84 41 4
99 66 4
26 31 1
51 64 4
63 84 2
53 72 2
83 9 2
60 31 3
44 27 4
84 36 3
78 67 4
24 7 2
77 52 1
51 29 1
17 82 1
61 25 2
11 98 4
98 28 4
62 67 1
90 36 3
68 53 1
31 56 4
61 41 3
24 39 2
9 66 4
63 55 4
31 46 3
22 80 3
22 23 4
43 56 4
5 99 4
6 15 3
24 30 1
27 47 3
26 58 2
88 23 2
23 29 1
49 70 4
16 36 2
31 2 3
57 75 1
84 62 3
21 70 2
32 53 1
23 40 2
1 2 1
12 9 3
19 98 3
54 0 3
7 71 3
37 35 3
92 26 1
62 24 3
62 95 2
93 69 2
0 47 4
65 97 4
67 44 2
17 75 4
97 32 2
64 63 3
43 55 4
90 72 4
73 31 3
93 17 1
5 80 4
22 72 1
34 91 4
8 29 2
21 47 3
59 33 4
55 72 1
52 93 3
52 21 1
33 96 3
95 69 3
56 29 4
93 38 1
80 43 1
62 21 3
11 23 3
65 42 1
19 54 2
60 88 3
54 61 3
27 31 2
58 87 4
77 27 4
86 77 1
12 59 2
93 15 1
77 91 2
18 72 3
1 74 1
96 53 4
59 5 2
61 14 3
21 61 3
21 58 1
82 97 1
86 38 3
5 57 3
1 82 3
42 15 3
43 1 2
20 80 2
56 71 2
57 55 2
75 86 3
55 86 2
81 29 2
91 98 4
4 93 2
19 43 1
6 22 4
77 90 3
24 82 2
67 88 2
73 4 2
59 85 3
24 15 4
52 32 4
77 35 1
2 66 1
52 14 4
29 16 1
21 23 3
48 78 1
95 0 3
29 82 4
85 69 3
36 1 4
25 50 3
38 50 3
63 51 3
59 97 3
39 26 2
53 29 3
16 14 2
69 12 3
22 60 3
13 84 2
31 7 4
74 50 4
50 0 3
73 33 2
82 79 3
16 58 2
2 41 4
31 34 4
56 76 4
24 8 2
4 15 3
57 60 4
30 89 3
56 86 3
42 43 1
42 78 3
76 49 2
92 29 1
66 96 3
37 21 3
85 57 4
41 23 4
66 40 1
22 31 3
84 4 1
96 75 2
2 55 4
48 29 3
34 33 4
75 95 2
72 8 3
25 75 2
27 87 2
0 25 3
99 87 1
2 79 4
16 75 4
44 81 4
84 9 3
57 30 1
95 2 1
33 20 2
66 53 2
89 52 2
41 24 4
2 25 4
25 66 3
43 38 2
27 38 2
17 32 1
81 70 2
56 74 1
11 93 4
83 17 1
12 47 1
52 80 2
82 26 3
67 24 1
35 69 4
20 92 4
76 97 1
93 10 3
85 2 3
3 96 1
75 21 2
1 15 2
54 22 1
26 98 4
77 73 4
97 39 3
96 44 4
18 90 3
70 95 4
28 65 3
16 96 1
62 1 1
24 59 4
1 0 4
73 46 1
8 14 1
40 99 2
53 82 2
45 41 1
83 97 3
96 99 4
89 80 1
20 43 3
75 51 2
45 10 2
9 0 1
61 92 1
67 26 4
85 84 4
38 14 1
2 4 2
41 92 3
94 16 1
81 69 2
44 69 2
72 56 3
77 59 2
23 42 4
47 48 2
73 35 1
56 64 3
55 88 1
41 88 3
15 84 3
70 4 3
56 11 4
63 7 2
77 3 3
57 83 3
56 42 4
45 9 1
41 85 3
91 12 2
10 80 4
3 97 4
60 61 2
29 28 3
70 7 1
35 99 4
46 67 1
92 84 1
55 1 4
8 34 3
92 35 1
52 8 1
51 13 2
11 33 2
54 41 4
95 38 4
85 7 4
10 16 2
5 87 2
99 53 4
34 86 1
71 11 3
29 93 4
76 98 2
27 32 2
34 65 3
64 59 4
42 13 4
61 10 1
88 80 1
25 68 1
34 15 3
65 9 2
18 91 1
35 12 3
70 86 1
7 55 4
71 67 3
36 80 3
1 47 1
45 98 3
8 95 2
36 51 4
51 1 2
91 92 1
9 78 2
72 44 3
10 63 1
0 92 4
90 64 3
51 9 2
68 96 4
41 42 1
25 30 2
67 69 1
64 67 4
30 17 3
57 87 3
20 28 2
41 82 2
12 21 2
15 81 3
45 32 2
3 76 2
24 83 3
1 81 2
67 31 1
42 69 2
66 0 1
11 51 3
52 97 4
57 33 3
76 91 1
63 80 3
89 75 2
67 59 3
84 75 3
94 7 2
67 32 2
38 8 1
46 48 1
62 88 3
72 52 1
58 27 1
24 90 4
43 5 4
95 61 1
6 93 2
12 20 4
25 3 2
79 59 4
34 49 2
33 76 1
98 2 1
1 35 4
14 72 2
63 41 2
29 97 3
95 47 2
32 3 4
79 19 2
91 99 2
79 50 4
10 77 4
24 2 3
80 9 4
50 52 1
12 32 2
52 20 3
19 60 1
68 91 3
88 91 3
14 80 2
60 3 1
59 27 4
31 40 4
82 37 3
81 28 1
60 92 1
88 21 1
19 85 1
42 37 4
74 86 2
83 18 3
21 94 3
2 50 4
20 29 2
49 54 2
73 44 3
59 73 2
84 8 4
47 53 1
61 9 1
86 66 2
86 12 2
64 24 3
17 20 2
13 77 3
66 5 4
81 24 1
41 1 1
15 22 2
29 14 3
51 74 1
41 95 2
3 61 4
67 6 3
57 66 4
85 82 1
32 57 3
25 20 1
25 38 1
28 91 2
75 45 1
19 72 4
74 58 1
41 32 2
47 99 1
32 78 2
85 32 2
88 90 4
5 36 2
8 51 3
34 56 1
52 45 1
55 30 2
88 30 1
32 74 1
98 33 3
79 65 3
43 51 1
5 13 3
54 65 1
63 73 3
75 53 3
33 88 3
95 40 2
33 74 2
19 38 3
46 41 2
47 55 1
45 6 1
67 60 1
54 1 3
78 30 2
98 32 4
38 75 3
79 67 4
61 91 1
64 54 2
94 73 4
44 15 4
4 23 2
18 13 3
4 83 2
64 73 4
28 79 1
89 74 2
12 52 3
79 54 4
79 84 4
43 87 1
4 35 2
2 14 2
39 6 4
10 48 2
66 42 4
12 68 1
51 56 1
96 39 4
92 49 1
32 15 1
56 99 3
99 71 1
14 22 3
71 82 2
10 89 2
95 99 4
49 53 3
40 17 4
93 82 3
26 93 4
34 72 1
76 75 4
97 96 3
48 6 1
5 30 3
65 49 4
4 89 1
71 59 3
50 95 3
56 49 2
6 84 2
42 48 3
15 87 3
23 37 2
51 73 4
18 35 2
48 4 2
27 23 2
24 42 4
95 31 4
85 56 1
82 39 3
99 33 1
80 75 4
76 80 1
63 56 1
61 58 4
31 53 2
29 25 1
44 1 4
1 90 3
22 47 1
61 74 2
14 53 2
45 88 3
8 15 2
17 58 3
62 6 4
85 55 3
97 38 1
87 72 3
93 94 3
75 69 3
37 62 4
32 21 4
38 34 3
84 93 1
10 84 1
93 62 3
24 21 4
10 40 4
52 95 3
31 62 1
48 88 3
76 57 2
2 86 2
98 82 1
61 2 3
76 6 4
43 26 3
14 66 3
60 72 1
74 28 4
54 92 4
92 13 1
57 16 3
48 7 1
26 87 3
32 66 3
68 69 3
18 51 3
41 34 4
51 53 2
67 96 1
91 11 4
48 9 1
13 63 2
35 3 4
84 61 3
5 86 3
97 69 3
89 62 4
53 46 3
60 40 3
47 26 1
43 9 1
92 80 4
98 67 4
54 51 4
35 54 3
74 29 2
21 25 3
13 59 3
30 44 1
65 27 2
45 84 2
4 58 4
12 50 2
40 56 2
34 80 4
14 59 1
59 61 3
16 63 3
80 42 4
68 74 2
26 44 2
49 30 4
93 85 3
79 97 2
69 63 2
99 42 1
32 87 3
1 6 4
6 95 4
5 19 3
6 57 4
55 93 2
90 11 1
79 34 2
93 1 1
18 66 2
77 94 4
56 77 4
67 9 3
18 34 4
52 41 4
55 13 2
34 24 1
30 4 2
13 44 3
6 73 3
40 25 4
30 71 2
31 52 2
13 60 3
31 16 2
76 1 4
59 30 4
45 40 4
52 75 2
63 86 3
95 7 4
28 16 1
19 55 3
78 18 2
32 24 3
25 46 2
90 97 4
50 6 4
74 67 1
73 27 4
9 28 1
12 64 4
1 85 3
51 67 4
53 86 2
23 69 4
73 58 4
4 88 1
45 67 3
30 26 2
70 92 1
33 15 2
57 17 4
99 32 1
14 30 2
22 46 3
60 25 4
51 99 2
21 82 4
87 48 2
67 65 1
38 33 3
26 56 1
54 53 4
19 50 1
92 86 4
56 8 1
51 14 3
88 82 3
43 60 4
98 18 1
37 33 4
23 78 1
94 75 4
43 70 2
51 47 1
69 79 2
33 95 2
77 39 3
46 9 3
11 2 2
74 82 1
34 1 3
6 86 3
94 42 2
52 40 4
94 23 4
43 48 4
20 63 2
16 84 3
62 77 4
71 29 2
95 34 1
42 34 4
79 42 4
52 51 1
77 68 2
85 42 1
51 55 4
48 57 2
6 41 4
38 66 4
14 24 1
93 34 4
37 91 2
94 89 2
32 48 2
29 38 3
80 73 2
78 47 1
57 53 3
46 65 2
10 56 1
58 0 1
42 6 4
2 57 2
45 35 2
71 74 4
26 95 3
27 72 1
53 41 1
45 87 4
93 33 1
11 63 2
2 49 3
68 33 1
32 60 1
56 32 4
5 75 2
28 72 3
45 72 1
23 10 3
32 90 4
49 24 1
48 0 3
3 59 2
35 97 3
51 24 4
8 71 3
80 41 1
64 60 2
76 67 1
64 22 1
72 21 1
81 18 1
21 56 2
64 31 2
21 2 1
80 84 1
96 57 2
76 34 3
82 51 3
39 68 3
77 69 2
23 96 2
13 61 3
43 12 2
41 36 2
99 68 1
24 27 3
86 61 3
54 72 4
72 7 4
55 54 4
83 10 2
17 19 2
35 74 1
23 14 3
98 21 2
66 11 3
15 53 3
26 0 1
13 80 3
65 1 3
70 12 1
42 19 3
53 37 1
4 91 3
92 78 2
81 96 2
29 69 2
30 48 3
29 27 3
87 80 4
99 89 1
38 39 4
47 58 4
74 31 3
68 36 4
76 48 1
97 48 1
47 6 4
6 32 2
31 98 1
73 76 4
19 75 4
45 20 1
59 58 3
7 60 1
19 59 4
76 96 2
81 56 3
77 22 1
49 12 4
28 89 4
9 91 2
24 48 2
46 28 2
16 77 2
33 53 1
73 57 4
57 26 1
17 8 1
15 91 2
75 97 3
86 22 3
24 93 1
11 29 4
89 83 2
7 9 2
11 26 1
22 43 3
49 38 3
12 82 4
73 42 3
54 69 2
84 22 4
17 95 4
27 61 3
6 85 2
61 43 1
59 20 4
70 5 1
76 25 2
95 90 3
45 2 1
74 37 1
58 43 4
59 0 3
17 25 1
38 56 1
9 39 4
44 62 2
31 8 1
4 69 2
37 80 2
87 14 2
69 90 3
94 26 2
65 7 2
5 24 4
60 5 3
30 13 3
57 42 3
75 36 2
3 82 3
57 69 1
74 73 1
80 25 4
33 43 3
62 76 1
3 79 2
70 42 4
7 13 3
4 97 3
83 90 3
38 78 2
31 68 2
19 49 2
82 89 1
98 57 4
81 60 4
89 59 3
95 64 2
76 59 1
99 45 2
24 43 3
63 95 2
20 6 1
26 48 3
57 38 3
67 49 1
66 83 1
2 12 4
13 37 1
88 49 3
24 75 2
54 82 2
8 9 3
66 39 1
63 14 1
69 16 2
42 28 3
11 17 2
59 47 2
34 0 3
22 24 1
95 76 4
99 72 1
71 63 2
74 99 3
42 53 2
53 19 3
46 85 4
13 47 1
41 71 2
11 81 3
13 65 1
63 46 3
35 17 3
83 31 4
17 64 2
51 6 3
52 94 3
29 39 2
5 78 2
62 98 4
50 24 3
14 81 2
61 93 2
77 12 2
82 50 1
90 84 1
70 73 2
98 79 2
33 40 4
27 33 4
36 23 1
81 23 4
63 29 2
5 88 2
77 93 2
87 34 1
38 7 1
71 31 4
48 31 2
19 56 2
84 28 1
45 15 4
81 8 4
52 99 2
96 93 2
9 33 3
29 78 3
7 21 4
26 97 3
22 25 2
74 53 3
65 31 4
48 17 2
39 74 2
64 96 1
68 98 1
16 53 2
18 31 2
85 98 3
54 76 4
64 2 2
75 26 3
92 79 2
68 85 1
35 72 3
82 18 4
46 94 1
61 15 2
27 53 1
15 66 1
91 67 3
11 4 3
70 26 2
49 8 1
89 53 3
61 32 1
25 34 4
92 16 2
38 70 3
20 13 2
51 10 4
40 63 1
63 9 2
86 7 1
60 68 1
96 88 1
38 80 2
2 22 3
88 19 1
24 20 1
38 46 3
11 36 1
74 91 4
82 60 1
95 10 3
84 50 3
71 97 1
39 23 1
19 65 4
11 20 3
25 11 3
84 23 1
54 48 2
82 42 1
86 98 4
37 70 1
76 85 3
55 73 3
72 66 3
27 67 1
82 11 1
18 12 3
1 40 1
78 50 2
78 87 4
96 0 1
19 41 2
33 29 1
96 8 3
39 45 3
34 70 2
16 80 2
6 5 1
3 13 3
16 8 4
48 34 2
87 96 1
80 65 4
13 71 2
56 90 4
5 34 1
96 84 1
10 44 1
72 47 2
8 2 3
65 14 4
12 17 4
20 46 4
13 34 3
33 1 1
59 9 2
81 20 1
80 90 2
13 66 1
5 83 4
13 43 4
85 75 4
54 46 1
81 31 4
89 19 2
16 44 1
54 18 3
49 71 2
13 83 3
3 80 1
35 38 4
66 37 3
7 43 1
7 6 1
89 73 2
38 51 2
59 80 3
79 94 1
55 32 2
64 57 2
0 85 2
18 16 1
25 28 4
61 66 3
99 77 4
64 49 1
17 86 4
62 39 2
1 91 2
53 52 1
54 74 2
35 21 1
18 45 3
82 80 1
42 95 2
78 0 4
96 98 4
30 81 2
93 89 4
81 62 2
53 5 3
55 75 2
76 18 2
42 33 3
27 52 1
14 84 2
97 61 3
48 21 2
24 94 1
71 3 2
24 71 2
56 83 2
92 96 3
57 67 3
53 91 1
77 74 4
79 44 2
47 2 2
45 31 3
15 52 3
42 61 3
10 11 3
75 10 1
17 10 4
94 56 4
69 36 2
44 56 3
14 93 3
74 57 1
40 73 1
0 55 2
70 23 1
95 89 3
82 83 2
26 5 1
11 54 1
14 90 2
24 44 2
21 44 4
34 6 3
76 12 1
23 17 3
16 34 4
39 64 4
3 93 4
54 93 4
9 5 2
53 64 2
73 54 2
43 92 1
49 9 4
35 75 3
71 86 1
81 51 3
62 58 3
27 40 4
12 80 1
68 88 2
16 97 2
77 75 3
7 44 4
95 74 4
80 29 2
52 60 1
55 46 2
78 69 2
58 94 2
45 85 3
87 11 4
31 33 4
82 87 4
24 92 4
44 50 1
33 25 4
99 17 3
93 83 4
84 18 3
43 3 4
19 48 3
96 83 1
64 7 3
25 35 1
48 8 1
90 59 1
17 55 3
34 40 4
92 46 2
21 41 1
14 26 1
15 83 2
51 28 2
90 60 4
36 29 4
20 44 4
48 11 4
50 35 4
94 90 1
47 40 1
55 80 4
44 53 1
19 40 1
49 7 4
42 83 3
66 27 2
46 82 2
54 30 2
47 14 3
25 39 3
3 54 4
59 99 4
1 20 4
22 9 3
44 38 4
15 76 4
36 39 2
35 20 3
14 21 2
83 33 2
76 11 1
83 65 4
79 60 1
9 17 4
45 36 2
19 46 2
54 5 4
44 93 2
45 43 1
86 33 1
7 11 2
36 95 4
13 89 3
66 68 2
94 8 3
13 97 3
75 14 1
94 0 2
10 97 2
2 78 3
72 30 2
83 8 3
22 3 3
83 99 3
72 26 4
10 25 3
28 58 2
78 82 2
24 11 2
65 5 4
77 64 4
21 46 3
90 38 3
0 72 3
27 68 1
67 90 1
13 53 1
34 90 2
13 72 2
49 48 1
42 35 1
36 83 1
32 29 2
71 58 4
42 7 2
89 64 1
99 21 4
36 15 2
4 67 1
87 2 4
99 75 3
21 84 4
57 92 1
10 21 3
21 15 2
89 37 2
99 0 1
48 25 1
89 45 2
31 86 1
98 48 2
54 57 4
90 4 2
11 43 1
3 20 1
76 83 2
36 93 3
11 52 3
31 28 1
67 25 2
78 16 4
65 81 2
97 60 3
17 92 1
56 4 2
55 97 3
65 11 2
97 18 2
37 47 2
89 11 4
66 17 1
99 38 4
33 94 1
86 81 4
79 86 4
62 30 4
40 54 2
26 71 4
5 20 1
45 53 1
77 89 1
4 46 4
89 90 3
53 56 1
28 21 4
82 72 2
18 24 1
82 0 1
85 70 4
27 54 3
5 42 4
80 60 2
1 26 2
71 57 1
48 38 2
79 21 3
80 69 3
34 27 1
8 27 3
79 29 2
89 57 2
12 55 4
22 5 1
50 46 4
9 30 2
10 74 3
93 74 1
74 3 1
92 19 2
21 13 2
55 44 4
96 82 2
15 43 3
12 81 3
91 25 1
90 48 4
84 32 1
19 84 3
46 30 1
40 88 1
97 49 3
42 47 2
35 41 1
43 37 4
60 74 2
66 46 4
86 11 3
90 62 3
98 37 4
41 3 2
65 90 1
15 60 1
97 22 4
99 29 2
9 56 3
4 8 4
41 83 3
8 33 3
14 60 1
50 76 1
51 45 1
14 50 2
15 85 1
69 10 3
96 47 3
53 22 3
31 32 4
0 11 1
68 48 4
4 66 4
12 28 2
67 14 1
19 99 3
15 41 4
47 24 3
21 9 1
82 67 4
47 50 1
2 71 3
49 73 1
38 4 4
22 71 3
12 66 1
56 47 1
53 67 4
46 42 2
30 93 2
24 68 1
4 1 4
12 95 4
69 38 1
92 88 1
16 43 1
33 6 2
39 12 3
42 25 4
91 75 3
66 79 3
9 20 2
65 38 2
44 75 4
9 41 4
73 16 4
17 91 1
84 55 4
78 88 4
13 93 1
27 7 1
31 43 1
75 93 4
10 0 4
74 42 1
95 20 2
42 32 4
69 18 3
63 35 4
92 93 4
42 52 3
89 0 3
96 19 1
71 55 2
56 6 3
43 98 2
81 99 3
56 15 4
78 6 1
57 1 1
54 81 2
67 40 3
17 33 1
71 76 3
89 48 2
92 18 4
10 35 1
25 52 3
48 62 1
54 4 3
93 47 4
41 98 1
87 9 2
63 60 3
81 43 2
68 79 1
76 23 2
81 4 4
63 75 3
3 2 3
18 57 2
31 20 4
79 75 1
18 96 4
17 41 3
17 5 3
51 78 1
52 78 3
50 81 2
0 14 2
58 48 3
4 80 4
1 23 1
23 90 2
44 9 3
71 53 4
99 65 2
29 37 2
69 53 1
86 78 1
89 76 4
61 5 4
77 30 3
1 75 2
52 1 1
65 26 3
85 18 4
27 3 4
15 97 4
66 97 2
14 99 2
94 13 4
5 2 2
28 13 2
82 49 4
15 2 4
86 45 4
74 44 2
42 88 3
20 99 1
3 73 3
45 80 3
24 54 3
67 33 3
71 47 2
13 86 2
34 30 3
31 4 2
81 16 2
74 69 4
48 93 1
30 12 2
98 77 3
30 70 2
23 46 2
96 30 3
95 30 2
7 84 2
64 37 4
52 88 3
70 6 2
39 19 2
87 65 1
3 84 2
28 0 1
87 41 3
2 10 3
77 54 4
68 4 4
66 33 1
0 32 2
22 79 4
38 67 1
36 76 4
73 1 4
38 84 2
14 7 3
6 60 3
79 35 3
93 64 1
22 32 4
63 39 3
75 30 2
27 78 4
93 39 3
84 27 3
79 14 1
7 40 1
11 72 2
46 37 1
54 31 4
25 95 1
8 65 3
36 97 2
56 84 4
69 15 2
93 45 4
49 45 2
3 98 3
83 64 1
40 81 3
58 63 4
6 96 3
36 44 4
35 29 2
79 6 3
16 11 3
30 7 2
46 79 2
98 99 2
36 7 1
21 67 2
71 25 3
39 51 4
29 30 1
42 67 4
87 52 1
3 92 3
41 14 4
89 79 2
56 95 2
4 39 1
91 43 3
10 66 1
3 66 3
34 4 3
40 18 3
30 73 2
89 8 2
96 38 3
35 23 2
20 83 1
89 47 2
29 64 2
40 39 4
50 39 2
11 6 4
81 36 3
19 24 4
66 60 2
42 17 4
61 19 3
86 89 4
7 58 2
73 95 2
20 75 1
31 5 1
48 39 3
31 12 4
73 19 2
16 74 2
7 81 1
42 50 1
40 79 1
44 83 3
52 56 2
78 36 2
6 99 2
70 68 1
82 6 3
87 95 1
8 82 2
91 32 1
86 72 4
45 97 3
9 57 3
10 99 1
71 72 1
17 6 2
86 44 1
55 5 4
77 50 3
26 79 4
87 76 2
4 12 4
96 55 2
51 62 1
13 0 1
20 87 2
75 83 2
65 30 2
96 9 3
31 91 4
67 81 3
51 60 3
87 42 1
46 33 2
93 66 2
85 36 1
65 25 2
1 60 4
19 66 4
29 61 4
55 66 2
96 29 2
5 29 4
17 47 3
81 82 3
76 22 3
1 31 3
85 65 2
86 27 3
25 44 2
63 50 2
8 60 4
7 5 2
92 77 4
59 39 2
28 97 4
16 88 1
23 13 2
42 72 3
3 68 4
58 25 1
12 53 3
0 41 1
96 59 2
89 96 2
39 27 3
98 58 3
34 92 3
91 79 1
17 36 4
98 12 2
42 27 2
3 39 3
13 48 4
17 52 3
99 3 3
60 49 1
63 2 1
28 49 4
33 81 4
8 63 2
72 39 1
37 73 2
47 61 1
12 74 1
92 28 3
27 63 4
6 43 1
47 64 3
15 19 3
0 24 3
22 7 4
36 59 1
99 73 1
