11175 150
0 75 6
75 27 7
27 95 2
27 132 2
75 101 6
95 23 9
23 62 8
0 138 6
132 13 6
27 127 8
0 81 4
101 25 2
13 2 4
101 82 9
25 1 6
138 37 9
132 121 7
101 24 2
82 35 4
1 73 7
25 83 2
2 117 9
37 40 7
121 130 7
117 28 5
95 54 7
130 65 6
81 53 9
13 129 8
1 32 5
23 115 6
40 11 9
82 74 2
74 84 6
83 148 5
0 139 9
121 120 3
11 99 6
121 51 2
127 135 2
0 106 6
0 110 4
62 125 5
139 60 2
130 64 3
64 15 2
120 52 9
84 21 2
115 48 6
73 46 3
132 3 7
60 78 3
11 114 8
13 72 2
25 98 4
81 63 4
127 18 7
1 61 6
129 93 6
127 140 1
110 126 6
54 79 3
93 20 8
93 38 7
53 22 6
24 44 1
125 19 4
125 49 8
106 36 7
117 9 6
11 133 3
40 105 7
23 10 4
130 91 8
1 108 3
91 123 2
64 131 2
148 103 3
123 5 8
95 119 1
120 122 7
91 77 2
119 89 2
81 29 6
28 128 6
61 94 3
23 67 8
94 85 1
49 118 8
67 69 7
148 146 4
103 33 7
61 107 4
15 39 9
39 124 9
54 113 2
44 149 9
117 59 5
105 30 4
122 70 3
40 109 7
110 57 9
131 112 7
62 4 6
4 31 2
78 116 9
28 8 6
73 137 4
148 47 1
2 41 2
110 56 8
48 111 4
25 42 3
115 96 3
32 34 7
33 102 7
63 12 9
84 141 1
115 145 7
52 7 9
124 16 9
29 97 6
81 58 7
59 144 4
62 86 5
56 14 1
72 43 6
79 142 8
118 26 2
0 55 4
118 147 5
21 90 4
141 136 5
95 71 9
46 50 1
149 143 5
14 134 2
71 104 9
137 92 4
50 76 2
95 80 3
114 87 8
22 88 5
32 66 7
13 17 9
111 68 4
1 45 3
71 6 5
142 100 6
68 148 2
73 145 1
54 147 2
110 107 2
113 46 3
57 120 1
66 53 2
138 74 2
91 139 4
94 129 2
39 74 4
54 126 3
115 8 2
84 93 2
149 137 4
143 145 3
47 67 2
66 17 2
93 127 4
23 100 2
93 105 3
128 111 3
0 93 3
90 83 2
33 76 3
116 70 4
107 93 1
13 128 4
7 42 4
134 6 3
95 39 1
140 1 2
32 63 4
88 92 2
138 127 2
104 65 4
41 111 2
35 6 2
85 105 4
99 61 3
135 144 3
136 76 1
128 47 4
94 10 4
95 64 3
54 82 4
9 144 4
20 76 4
10 53 3
142 14 4
115 66 2
72 139 1
141 127 3
104 29 1
144 49 1
141 26 3
122 62 1
53 82 3
36 134 2
11 85 2
114 80 4
112 10 3
97 133 3
7 38 1
146 50 1
68 90 3
72 63 1
65 49 2
146 9 1
88 115 1
57 149 4
110 12 1
1 87 2
64 84 2
33 101 1
45 129 1
52 34 4
139 46 2
115 137 4
81 56 2
17 143 2
103 99 3
31 8 1
113 91 3
124 54 1
119 149 1
81 46 2
83 14 1
82 100 3
132 9 2
28 72 3
57 148 1
5 94 4
59 112 4
97 100 2
35 28 2
80 19 2
42 26 4
43 114 2
79 6 1
2 74 2
106 55 3
66 62 2
97 90 2
46 76 4
140 39 2
52 137 1
106 113 2
20 105 4
57 143 3
92 46 2
94 73 4
99 16 4
13 45 3
61 34 4
17 21 2
0 115 4
121 94 4
117 123 2
40 53 4
144 26 4
58 32 2
2 145 1
64 127 4
129 6 2
133 118 4
72 32 4
13 9 2
77 35 2
43 23 1
112 38 2
49 99 4
68 84 3
106 6 4
109 131 3
66 135 4
28 107 2
88 101 1
115 5 2
63 94 1
71 110 2
57 17 1
65 1 4
103 40 1
56 40 2
17 140 3
88 83 3
5 44 4
148 10 4
32 98 3
134 39 2
84 112 1
89 113 1
18 106 4
89 64 1
24 129 1
3 120 3
136 50 2
3 90 1
129 22 3
72 140 3
142 85 1
145 56 2
93 68 4
29 133 3
115 69 4
135 46 4
49 30 1
127 78 1
14 129 4
70 63 3
8 35 4
97 125 3
118 12 1
141 38 4
128 55 4
122 60 4
20 122 3
92 51 1
104 61 4
106 146 2
83 117 1
25 57 3
33 58 3
107 79 3
148 114 3
130 102 2
94 92 3
84 86 2
97 104 1
149 80 3
129 54 4
104 54 1
147 106 2
83 112 4
100 137 4
67 128 3
133 54 3
3 23 2
62 18 4
132 144 4
69 42 1
53 48 3
138 102 2
48 69 2
59 33 4
87 30 1
6 54 4
81 41 4
45 93 4
106 5 2
25 131 2
80 57 1
104 60 4
124 122 1
147 57 2
134 124 2
92 40 4
95 3 1
96 132 4
54 62 2
56 94 1
148 98 4
145 32 2
103 86 4
102 64 1
100 128 1
66 44 1
13 122 4
118 59 3
54 55 3
73 127 4
11 110 4
64 73 1
137 111 2
141 37 1
12 52 2
122 52 4
11 96 3
78 43 1
36 68 4
124 104 1
104 66 3
40 33 4
120 28 1
127 50 2
8 85 3
86 55 4
33 95 2
44 121 4
110 143 4
44 37 2
35 149 4
62 138 4
130 145 3
7 78 3
48 120 3
57 36 2
142 84 2
9 100 2
53 93 2
2 15 4
96 26 4
131 16 1
1 67 2
20 11 3
55 74 2
31 134 4
105 125 1
104 122 4
100 83 2
144 39 4
120 136 3
26 133 1
62 112 1
40 127 2
39 24 4
71 68 4
115 80 1
147 73 4
12 46 2
18 126 2
6 64 1
146 30 2
89 121 3
77 136 3
90 29 3
140 145 1
25 41 4
98 107 2
138 51 1
115 112 1
46 88 3
27 118 1
71 46 1
15 32 4
135 65 3
136 66 2
95 60 4
92 15 1
58 18 3
11 60 2
132 50 2
103 102 2
29 143 4
106 138 3
45 115 3
118 16 3
33 62 3
34 2 1
117 84 2
67 10 4
51 82 4
91 101 2
133 128 3
111 50 1
2 149 2
121 147 3
141 110 4
135 132 2
45 92 4
55 69 2
73 2 1
86 51 2
58 51 3
40 25 2
17 41 2
94 141 2
106 45 3
71 78 4
0 146 1
102 124 3
143 75 1
140 101 2
39 67 2
24 67 3
23 8 3
6 61 1
129 56 2
7 28 1
72 59 1
35 95 1
86 145 2
114 63 1
134 128 4
136 70 2
57 131 1
10 46 4
108 66 4
81 72 2
118 20 4
49 142 4
133 123 3
96 135 2
33 37 1
73 48 3
118 126 2
8 105 3
40 49 1
128 29 2
125 127 4
70 53 3
103 35 2
31 46 1
63 79 1
44 17 3
121 134 4
92 2 3
99 36 1
94 146 3
57 104 2
73 116 2
64 5 4
141 14 1
122 97 3
98 30 1
9 22 1
141 22 3
65 75 4
76 55 3
119 118 3
66 76 3
49 0 4
65 43 2
74 13 3
47 135 4
145 1 3
66 137 2
30 118 3
124 68 4
84 83 4
70 149 1
29 25 1
92 84 3
107 55 4
61 76 3
86 11 2
59 113 2
14 6 1
87 13 3
36 40 1
68 102 3
9 141 1
90 59 4
119 28 3
144 29 2
89 1 4
147 68 1
93 3 3
123 64 3
21 93 3
76 0 2
26 80 3
66 61 4
101 90 4
4 45 2
97 55 1
129 38 4
57 55 3
80 39 3
104 102 1
98 83 2
22 87 1
134 73 4
52 18 3
130 16 3
147 24 3
62 6 4
53 139 4
129 106 3
78 112 1
140 46 1
91 66 2
50 58 3
27 108 3
102 51 2
117 91 3
13 10 4
113 82 4
95 36 2
46 83 2
126 6 2
122 40 1
15 8 2
8 38 2
129 122 2
94 4 3
144 12 1
58 143 4
70 100 1
35 38 4
126 139 4
6 149 2
149 22 2
129 20 4
126 26 4
12 8 2
22 127 2
45 127 4
118 35 1
83 94 1
99 48 1
29 16 2
141 79 4
104 147 4
37 77 3
49 56 4
115 2 4
34 72 1
128 123 2
129 37 4
99 149 2
113 93 2
47 100 2
24 97 3
34 8 4
34 133 1
86 10 2
148 93 4
47 143 2
87 139 1
97 119 3
42 0 1
129 30 2
146 97 1
86 95 2
51 71 2
126 59 3
80 16 3
108 12 1
135 9 4
39 18 1
29 137 3
120 77 4
137 89 2
139 75 3
71 47 1
121 145 4
140 87 4
35 83 1
114 78 1
21 143 4
127 91 4
96 42 3
146 99 1
76 78 4
142 40 1
67 55 3
115 90 1
49 91 1
24 77 1
103 48 2
93 8 2
5 146 1
107 104 1
88 139 3
41 88 3
92 124 4
116 128 1
66 110 1
23 113 2
110 108 4
93 30 3
88 120 2
148 124 3
51 146 1
83 31 4
40 71 2
11 89 3
87 71 1
75 138 3
104 37 1
38 13 3
54 118 3
121 67 3
52 58 2
134 147 2
50 9 3
74 12 4
69 88 4
14 78 4
20 56 4
148 24 4
17 60 1
47 14 3
53 60 1
116 45 2
114 134 3
101 114 3
1 117 2
92 86 4
76 137 1
70 142 4
65 111 3
21 116 1
59 142 3
105 147 3
136 82 2
121 112 4
124 113 2
42 35 2
64 144 1
102 23 2
101 78 4
146 115 1
14 38 2
66 64 2
33 78 2
106 90 2
44 63 4
124 138 2
143 32 2
95 25 4
48 127 3
16 81 3
146 71 4
7 125 1
33 13 1
82 75 4
79 147 3
88 29 4
56 1 3
17 52 1
38 110 4
33 21 4
32 109 4
47 113 2
29 66 2
38 31 2
87 74 3
124 1 1
146 44 1
74 110 2
6 117 1
98 96 3
119 21 1
115 109 2
63 105 2
10 14 1
65 4 4
19 140 3
45 99 2
83 121 2
134 23 4
140 32 1
149 65 3
117 130 2
1 86 1
145 47 3
108 140 4
119 35 4
44 32 2
89 34 1
120 138 2
87 36 2
47 102 2
108 3 1
45 91 3
144 24 3
121 38 3
93 62 1
121 23 3
34 13 3
94 7 3
57 99 3
19 35 1
43 36 1
131 31 4
107 123 2
107 100 1
11 39 3
30 41 1
60 145 1
30 28 2
112 13 1
97 86 3
71 138 2
28 27 3
85 31 4
130 122 1
27 115 4
109 88 1
92 81 4
89 25 3
9 49 4
138 123 1
35 66 2
92 82 1
120 34 1
112 88 1
42 105 4
36 20 4
107 129 2
149 58 3
18 91 4
108 48 4
45 135 4
1 23 4
62 97 1
6 145 2
39 40 3
2 0 3
118 142 4
119 82 4
120 144 2
92 131 3
22 55 2
108 118 1
137 70 4
54 60 4
21 35 1
32 29 3
140 118 4
120 9 4
15 38 1
125 44 3
123 125 4
45 12 2
10 99 3
68 73 4
79 19 1
102 115 1
5 57 3
103 81 1
34 139 3
20 60 4
20 86 2
49 10 3
3 145 1
58 124 3
135 60 2
81 141 1
61 106 4
131 123 3
17 39 1
41 67 3
67 46 3
28 145 4
146 48 2
46 20 2
110 69 4
136 126 2
64 37 1
17 135 4
70 24 3
95 92 3
131 42 4
61 134 1
105 120 3
64 86 1
108 132 2
67 17 3
17 36 2
19 144 4
25 97 3
95 108 2
22 94 3
24 110 4
108 38 4
53 76 3
6 42 1
83 127 2
89 118 2
120 6 3
93 145 1
136 29 1
57 74 4
27 45 4
40 34 4
12 100 4
100 36 3
7 30 4
14 27 2
107 109 1
16 143 4
55 18 3
46 79 3
35 128 2
123 33 4
60 15 1
3 50 2
149 56 4
116 3 1
138 9 2
65 136 4
13 102 2
40 8 4
58 140 1
2 22 3
78 69 3
87 129 2
124 13 3
29 21 2
54 143 1
1 91 3
20 79 3
128 99 2
120 67 2
53 90 2
137 90 3
23 91 1
144 48 3
13 99 2
52 101 2
134 1 4
61 129 1
134 43 4
132 17 1
132 101 2
137 99 1
115 119 4
120 10 4
37 6 1
147 36 4
80 137 1
134 40 3
62 75 4
134 82 2
92 78 1
53 83 1
105 52 1
131 135 1
59 92 4
49 36 4
1 72 1
81 8 4
39 3 3
39 123 1
143 14 1
104 87 1
109 47 1
85 63 4
17 63 2
64 65 1
59 15 4
88 99 4
2 131 3
0 35 1
8 0 3
51 113 1
133 18 3
17 6 4
103 7 1
129 128 3
75 28 4
96 105 2
63 53 2
135 116 1
146 88 4
0 97 4
74 125 4
96 145 2
33 38 3
94 21 3
15 145 3
37 13 2
26 9 1
143 95 4
90 98 4
115 71 1
10 74 4
11 137 4
127 21 1
136 110 3
86 80 1
31 147 3
137 50 3
53 129 1
97 139 4
118 141 3
23 32 4
135 88 4
40 94 2
98 137 2
99 90 4
41 4 4
1 80 1
90 20 1
132 107 4
122 44 4
70 131 2
66 58 4
137 54 3
2 133 1
30 124 2
4 106 3
43 21 2
104 15 1
149 38 2
79 38 2
44 78 4
46 132 2
11 111 3
68 28 1
96 9 2
86 85 2
49 97 3
82 13 3
95 51 1
13 126 3
20 145 1
34 45 3
117 27 1
88 40 4
24 131 4
88 136 2
77 109 4
2 78 4
110 97 1
32 108 3
67 136 1
7 105 2
135 58 1
136 57 4
141 107 3
92 54 3
33 87 2
53 74 2
89 21 2
61 91 2
61 36 1
137 143 3
97 61 2
104 136 3
28 14 2
62 27 4
129 109 4
48 72 1
123 0 3
14 12 4
28 20 3
17 141 4
48 135 2
41 89 1
36 56 3
96 3 2
72 51 3
68 44 1
0 94 4
112 109 2
82 55 2
48 62 2
39 45 1
146 89 1
148 140 2
84 55 2
49 34 2
141 128 3
72 107 3
78 37 2
107 106 4
90 104 1
91 35 3
50 45 4
41 71 4
9 80 3
58 96 4
63 55 4
137 119 2
1 10 1
125 27 2
121 25 4
91 106 1
23 35 2
130 85 3
49 61 1
131 101 3
77 135 3
109 12 2
71 90 3
3 148 4
132 37 2
65 123 4
27 124 2
48 132 3
106 48 3
149 117 2
40 101 3
97 60 1
1 33 1
44 93 2
40 135 4
64 47 4
48 8 4
52 129 4
18 17 2
139 47 1
35 88 3
10 36 2
15 133 1
145 41 1
122 135 4
124 69 2
149 8 4
110 146 1
133 98 2
22 66 2
131 78 3
145 58 2
144 58 3
121 95 2
54 0 1
98 75 1
137 10 4
84 136 1
39 82 3
9 21 1
21 53 1
50 74 3
88 113 1
131 85 4
104 18 4
26 108 3
83 96 1
53 28 3
87 14 1
26 100 4
106 60 3
90 48 1
4 79 3
94 130 3
52 97 1
64 119 4
124 130 4
30 138 4
117 105 3
30 127 4
17 114 3
92 114 1
141 122 4
95 96 4
122 148 4
59 87 2
4 113 3
148 97 2
111 17 4
39 69 2
48 26 1
127 112 2
122 139 2
14 105 2
26 117 1
47 52 2
9 58 3
60 47 1
144 143 3
103 124 2
110 149 2
65 76 1
8 6 1
140 42 2
64 136 3
117 14 1
26 54 2
46 123 1
55 66 2
39 8 1
40 84 1
20 111 2
74 131 2
113 115 4
13 50 4
40 1 2
100 80 4
95 149 4
35 34 3
85 64 1
70 93 3
111 135 2
108 136 1
136 51 4
138 12 4
15 90 2
16 26 1
89 86 1
117 85 2
33 83 2
97 7 3
25 123 4
3 38 3
15 6 1
149 55 2
60 56 3
90 146 1
6 34 4
15 77 4
130 120 1
67 138 2
85 113 3
145 12 2
148 2 4
7 140 1
61 90 2
32 25 4
34 88 3
132 29 3
22 71 1
51 8 1
94 77 4
18 110 4
46 89 4
20 18 3
82 129 3
91 134 3
54 134 4
114 67 2
109 103 4
78 18 3
139 52 3
63 113 3
44 97 1
99 145 3
134 47 1
0 98 4
132 59 1
47 130 4
47 105 3
130 54 1
58 83 2
41 96 2
35 147 2
149 25 1
65 112 1
27 122 1
79 44 2
138 65 2
105 75 1
74 113 1
9 35 3
51 64 4
53 67 3
107 124 2
9 48 3
0 12 4
102 128 1
143 139 3
55 79 3
95 37 2
114 128 1
127 4 1
20 92 1
139 121 2
47 85 4
33 69 4
46 131 3
140 92 2
28 146 1
67 127 1
31 26 2
43 103 1
99 39 2
8 120 1
63 103 2
149 15 4
133 143 2
52 141 3
91 44 1
12 39 2
105 31 1
23 140 3
56 51 1
102 75 1
0 7 2
10 17 3
52 134 1
56 6 4
19 66 1
29 31 4
70 69 1
90 78 1
101 128 1
108 13 1
125 55 2
98 141 2
41 118 1
146 95 3
83 3 4
73 54 4
122 92 3
31 7 3
37 4 3
112 26 3
145 31 2
116 75 2
18 13 2
139 42 4
44 96 3
33 61 4
35 111 2
147 32 2
77 4 1
73 50 4
83 91 1
35 115 3
107 32 4
131 122 2
89 100 1
78 30 1
75 54 3
90 25 4
120 147 1
94 102 4
140 97 3
100 50 2
25 84 2
116 27 1
15 27 4
36 65 1
43 48 3
77 42 4
146 120 4
57 140 4
23 5 1
70 32 3
83 102 3
100 5 2
99 15 1
12 131 3
97 67 4
69 123 4
7 9 4
144 68 1
93 18 1
92 111 1
67 148 4
77 45 4
116 49 2
4 21 2
100 102 2
129 133 2
69 38 1
10 106 1
107 24 3
108 35 1
68 132 4
8 131 4
117 41 3
62 103 1
139 83 2
72 77 1
69 5 2
81 35 4
107 41 3
53 98 4
56 142 4
94 39 3
26 107 2
117 39 3
117 63 2
136 78 2
13 143 3
13 146 4
87 84 4
54 53 4
36 21 4
37 11 2
99 4 4
136 138 1
142 89 2
4 55 1
96 85 3
136 7 3
92 110 4
3 101 2
60 12 3
143 39 1
52 53 3
72 61 2
127 16 3
19 115 3
52 27 3
81 70 1
30 44 3
135 95 4
123 22 2
27 32 2
146 85 4
39 25 2
92 64 1
0 140 4
30 13 4
0 13 1
25 19 2
141 130 4
57 106 1
62 145 4
124 75 2
24 88 4
124 32 3
4 67 4
124 94 4
25 80 4
147 103 1
83 124 1
99 129 4
61 119 4
112 142 4
63 138 3
16 106 3
21 136 1
64 124 1
115 14 3
134 89 1
10 132 4
61 131 1
101 149 2
26 69 2
56 26 3
88 65 2
16 1 2
77 102 4
145 118 4
93 41 3
128 124 4
71 81 4
63 25 1
118 71 3
26 90 1
117 90 4
1 29 4
6 20 4
85 149 4
58 67 2
60 84 1
92 18 4
77 40 3
15 53 4
106 85 3
77 7 3
133 40 4
132 76 4
106 34 2
132 93 1
29 28 1
98 34 4
129 25 2
30 121 3
139 33 3
20 121 1
72 98 2
80 69 4
35 98 3
127 102 3
43 106 4
52 41 2
139 136 1
140 16 1
148 43 2
50 12 2
46 104 1
50 11 2
105 116 1
3 110 4
46 69 2
96 91 4
104 48 3
72 54 1
126 141 1
41 138 2
118 92 1
134 99 3
56 71 1
8 1 2
72 46 4
123 102 4
89 80 2
127 69 1
56 115 3
111 43 4
26 53 3
33 18 4
133 49 2
79 66 2
73 83 2
1 42 2
125 6 3
5 71 2
78 72 3
54 87 2
22 70 2
1 51 2
104 6 2
49 3 2
120 82 1
118 129 1
9 102 4
78 10 1
111 122 2
105 51 2
13 35 2
136 79 1
32 65 3
16 75 3
41 92 1
111 18 3
81 143 2
71 86 4
59 18 3
106 53 3
59 147 4
105 35 3
32 101 1
101 76 1
120 0 3
144 139 1
122 23 2
88 62 1
115 53 4
38 66 3
6 83 3
37 127 4
48 57 3
86 106 3
23 44 2
81 148 3
85 34 4
93 141 1
96 148 1
23 9 2
81 105 3
148 13 1
64 97 2
23 79 4
141 134 3
69 61 1
103 2 2
133 142 3
99 96 2
17 102 1
24 4 2
140 119 4
62 106 2
141 32 4
87 93 2
133 134 3
73 95 4
90 120 4
104 47 3
125 77 1
108 131 2
26 40 1
60 82 3
143 116 3
105 128 3
5 32 3
11 5 3
57 95 4
57 111 2
60 33 4
111 83 2
43 67 4
141 100 3
90 88 3
21 62 1
51 45 2
26 38 4
45 102 2
31 27 3
104 141 4
107 60 4
60 32 4
118 17 3
43 10 4
33 71 1
21 10 4
19 70 2
3 30 3
8 128 3
81 119 1
106 72 1
5 103 4
49 132 4
34 28 2
139 99 1
73 124 4
19 60 3
98 140 4
106 3 4
145 97 1
42 38 2
115 141 4
94 30 2
126 95 2
36 59 1
0 147 4
55 88 3
65 83 4
66 82 3
97 77 1
36 5 1
94 23 3
13 29 1
92 49 3
59 107 4
83 74 2
90 12 3
26 132 1
109 71 1
23 117 3
103 14 4
64 72 2
115 99 1
27 55 3
143 129 3
27 101 3
130 118 1
86 101 3
107 44 4
140 48 4
68 113 1
72 22 1
76 60 2
120 76 3
142 66 4
55 36 3
79 2 2
47 84 2
101 147 1
119 8 2
56 73 1
15 3 4
37 1 2
68 142 1
92 52 3
118 81 3
79 96 3
121 36 1
5 96 1
30 50 4
28 140 4
19 26 3
42 33 1
0 25 4
44 1 2
94 140 2
49 138 2
108 20 2
126 22 3
100 85 2
77 145 3
149 96 1
97 120 4
144 108 1
93 4 2
83 49 2
68 119 3
50 133 3
31 124 2
57 10 2
9 57 3
47 149 4
142 69 4
135 145 4
145 36 2
22 48 3
82 1 1
78 128 4
35 29 3
42 51 4
148 28 4
122 48 4
75 42 1
6 0 2
147 17 3
138 27 3
23 54 3
49 33 3
59 86 4
7 80 1
25 76 3
34 19 2
102 108 4
103 85 1
4 120 4
96 0 4
42 127 3
101 108 1
35 109 4
10 18 4
44 119 4
87 24 2
87 86 3
120 85 4
18 89 3
130 8 2
5 105 1
141 62 3
129 3 2
17 83 4
92 32 2
127 53 2
25 62 2
147 111 1
145 33 3
70 145 3
28 65 3
149 146 2
125 148 3
118 21 4
66 68 1
121 39 4
115 29 4
42 143 2
97 143 4
31 39 4
126 133 2
20 14 4
64 120 2
146 127 1
121 71 3
38 52 4
16 104 1
1 53 3
87 97 3
77 115 3
133 64 1
102 50 3
63 20 2
16 92 1
71 25 4
138 113 2
50 56 3
83 50 2
139 12 3
123 71 3
14 2 3
128 52 3
11 84 3
129 5 3
6 93 4
87 131 2
46 27 4
144 101 4
131 35 4
62 130 1
104 36 1
86 130 4
129 7 2
22 73 3
11 51 2
51 0 2
71 82 3
8 113 1
35 90 2
77 130 4
28 32 3
51 12 4
47 8 3
50 4 4
82 11 1
103 146 1
35 74 3
139 2 4
56 24 4
120 92 2
94 35 3
85 22 2
98 40 3
8 144 2
110 72 4
73 69 3
13 36 3
30 72 4
72 94 1
50 38 3
59 41 4
77 56 2
125 35 1
53 51 1
144 92 1
4 60 1
72 92 3
90 33 1
96 61 1
36 78 4
121 74 1
23 127 2
43 19 4
147 94 3
0 39 4
34 77 3
140 124 1
145 125 1
129 50 3
37 8 3
91 100 3
106 88 4
106 52 1
74 45 4
62 69 4
58 27 3
24 72 2
84 78 3
144 18 1
60 114 4
142 47 3
143 53 3
50 57 4
50 21 4
92 33 2
11 90 3
16 27 3
66 130 4
5 9 3
33 110 4
59 121 4
45 36 4
54 47 2
13 61 3
144 78 3
136 92 3
16 132 1
1 19 1
128 27 1
49 123 2
5 92 4
9 64 1
141 47 1
62 26 3
67 59 3
47 16 4
108 113 4
76 116 3
30 103 1
116 132 4
53 62 4
77 26 3
86 37 1
73 110 3
16 46 2
140 9 3
18 138 3
116 41 2
135 68 3
56 102 1
25 138 3
113 10 1
55 101 1
49 6 3
59 63 3
57 82 4
31 52 2
26 60 1
109 53 4
147 52 3
131 41 1
32 78 1
23 86 1
72 36 4
58 57 3
48 134 1
109 67 2
116 36 1
68 121 2
139 16 2
88 64 3
137 133 1
140 40 1
43 119 3
20 113 3
18 38 3
133 67 2
88 132 4
32 69 2
19 44 3
112 148 1
32 90 4
1 143 1
20 130 2
130 23 1
42 92 2
81 104 4
54 119 2
83 97 4
96 12 2
13 46 2
45 132 3
8 62 1
113 52 2
111 99 2
117 48 2
94 142 1
49 53 3
114 21 1
20 61 4
37 85 3
110 121 3
4 83 3
98 37 1
67 25 3
31 61 1
11 8 1
16 35 3
148 100 2
45 32 3
7 122 1
129 51 4
88 57 2
147 132 1
2 129 2
4 76 1
131 20 3
0 57 1
122 103 4
99 25 1
103 131 2
126 66 3
114 68 1
66 60 2
27 82 1
59 130 3
42 85 3
12 58 4
149 109 2
93 101 1
64 39 1
120 21 1
81 55 4
137 77 2
59 0 2
46 51 3
12 23 4
104 69 2
137 24 4
85 145 2
134 98 1
33 133 3
78 13 3
142 108 4
25 120 1
58 17 1
42 17 4
82 122 1
101 138 1
118 63 4
16 72 2
43 131 2
17 20 1
66 85 4
49 88 3
4 78 3
139 69 1
39 129 4
98 82 3
117 35 2
142 25 3
59 69 2
1 17 3
121 142 2
56 31 1
9 68 2
35 17 2
20 3 2
114 133 3
47 35 1
5 53 4
12 29 3
26 59 2
35 11 1
32 33 4
94 112 3
55 129 2
12 92 2
127 33 1
19 82 1
28 90 1
94 50 2
106 42 3
136 58 3
73 92 4
88 8 2
107 89 1
91 82 2
116 121 1
50 7 1
42 67 1
104 2 2
2 142 2
86 74 2
79 17 2
51 24 1
24 119 4
77 36 3
88 73 3
101 13 1
108 122 4
120 106 4
126 24 3
30 62 3
104 105 1
50 14 3
18 95 1
39 70 1
74 106 2
121 100 3
105 74 4
46 128 3
108 63 1
24 53 3
59 32 2
78 143 2
97 80 4
79 137 3
3 47 1
16 102 1
15 131 2
98 41 2
140 89 4
134 70 3
55 2 1
79 14 4
0 65 4
114 138 4
117 38 4
100 133 1
12 84 3
132 87 3
69 65 3
113 58 4
41 43 1
69 27 3
139 50 1
148 85 3
63 18 1
63 62 2
74 81 2
21 3 2
33 64 4
60 86 2
95 48 2
109 25 1
61 28 1
64 11 1
64 76 3
18 22 4
123 13 2
1 70 1
97 84 2
48 41 2
82 97 4
6 72 4
80 14 4
30 40 3
141 58 4
26 115 2
123 76 4
72 144 4
25 65 2
50 117 2
116 115 1
139 23 2
107 127 3
119 39 2
144 90 3
124 86 1
22 46 3
3 141 4
126 38 4
62 56 3
80 144 2
81 87 1
34 37 4
1 142 4
60 37 3
18 86 2
40 121 1
31 40 1
112 82 4
27 74 2
92 141 2
133 131 2
77 1 3
24 112 1
27 3 1
55 85 4
36 92 1
76 24 2
86 115 4
111 52 3
52 126 2
12 134 3
130 7 1
117 8 3
101 37 4
96 131 3
52 82 1
106 98 1
9 14 3
54 52 2
123 78 3
31 133 1
40 107 2
104 110 4
139 20 3
117 53 2
138 7 4
149 1 2
8 42 1
22 59 4
106 117 1
149 130 1
34 16 1
9 103 1
121 72 2
37 47 2
13 81 1
2 48 2
93 55 3
1 6 2
115 125 2
59 56 4
0 63 3
96 143 1
98 71 3
4 142 4
29 45 2
38 91 3
75 55 3
48 38 1
50 64 4
64 21 2
119 12 4
139 101 3
44 13 2
131 66 1
140 44 3
99 44 4
123 130 1
102 132 2
108 88 4
68 83 2
78 105 3
87 115 4
3 86 3
39 22 2
120 2 1
11 56 1
140 81 3
125 78 2
90 138 4
69 54 3
75 140 4
139 79 4
7 73 4
94 113 3
97 136 4
14 25 3
59 7 4
5 67 4
5 21 4
84 27 2
92 113 4
110 115 2
94 58 2
137 103 2
117 52 2
2 70 4
86 45 1
149 78 2
7 75 4
82 118 1
67 40 1
1 27 2
26 44 1
46 87 4
118 138 4
143 9 2
66 138 2
77 54 4
103 64 2
16 117 1
115 60 2
85 32 3
72 135 3
16 66 1
141 89 4
102 8 2
137 17 3
98 126 1
16 113 4
126 63 2
60 51 3
107 17 1
104 120 3
83 118 1
0 58 4
32 129 2
46 70 4
83 66 1
24 6 2
90 147 4
5 16 4
3 143 3
11 59 1
148 36 3
68 115 1
100 7 2
1 38 2
27 83 4
12 140 1
8 26 2
57 54 1
43 39 2
18 147 1
28 13 3
58 59 3
122 56 1
143 120 2
65 124 4
44 100 2
130 101 1
4 27 1
78 126 1
26 86 1
95 140 1
140 3 1
75 34 3
141 97 3
130 112 1
61 117 3
40 19 2
134 122 3
41 16 2
49 80 1
40 38 1
87 37 4
112 66 2
122 47 4
142 72 1
139 43 1
15 146 3
134 107 2
130 22 1
52 70 1
133 125 4
74 148 4
57 132 1
87 61 1
121 126 1
44 21 3
14 149 3
128 109 4
119 72 1
29 142 4
111 84 2
126 146 4
68 33 3
48 54 4
118 57 4
48 64 1
52 142 3
12 31 2
118 85 2
78 56 4
125 134 4
32 148 1
128 135 3
7 18 2
12 112 2
20 66 2
3 97 4
138 94 1
147 76 3
33 117 4
47 137 2
104 19 4
54 10 3
94 84 1
112 21 4
81 18 1
55 30 4
40 48 1
126 3 1
31 48 3
46 37 4
44 117 3
108 46 3
61 79 2
64 27 4
134 34 1
60 143 2
143 38 1
91 56 1
109 117 2
84 61 3
29 22 1
127 65 3
86 2 2
93 46 2
137 95 2
43 13 1
24 37 1
107 95 3
72 3 4
147 10 2
32 115 3
140 106 4
56 114 3
43 40 1
76 49 2
92 68 2
60 40 3
63 135 4
7 45 4
91 122 3
67 65 2
149 19 1
4 1 4
36 143 2
120 118 1
130 69 4
26 101 3
14 68 4
0 137 1
61 143 3
67 137 3
120 81 1
104 149 2
7 147 2
88 21 2
89 52 1
77 108 4
18 137 4
94 120 3
49 29 4
140 36 2
95 87 2
16 69 4
73 108 4
74 146 1
96 106 1
31 100 1
60 99 3
125 28 1
16 21 2
31 135 1
68 97 1
100 127 3
65 91 2
31 41 2
55 96 3
60 98 2
122 69 1
107 70 1
79 65 3
79 129 4
68 96 1
75 24 2
78 107 4
142 5 3
135 25 1
124 43 2
70 99 3
139 8 3
64 14 2
5 20 1
50 43 2
116 30 4
45 59 1
82 143 4
111 104 1
85 78 1
135 84 4
128 66 1
125 75 1
47 17 1
126 85 4
111 148 1
101 95 4
6 39 1
93 90 3
84 59 2
34 64 4
90 77 1
143 41 4
128 25 2
33 54 1
109 126 2
124 76 4
113 37 3
33 63 3
149 9 4
68 29 2
129 84 4
37 102 2
118 65 2
3 124 2
75 48 4
109 125 2
79 39 1
21 135 3
44 39 3
81 134 2
149 0 1
17 46 3
10 15 4
131 1 4
60 63 4
94 46 4
23 65 2
111 54 4
74 26 2
52 5 4
117 75 2
141 59 1
40 78 1
91 24 2
136 2 4
67 29 1
92 56 4
101 5 3
16 107 2
148 38 1
8 4 4
61 142 2
29 62 1
122 55 3
118 47 2
43 132 3
44 35 2
19 37 3
85 111 2
5 119 3
74 112 1
88 130 3
126 37 1
135 54 3
56 109 1
35 4 1
102 2 2
99 97 1
63 123 2
50 29 2
15 134 3
74 62 1
51 142 4
15 148 4
12 116 2
51 47 3
142 90 1
56 21 3
44 144 2
55 131 4
55 28 1
29 14 1
17 94 3
88 137 3
7 99 4
76 138 4
68 40 1
109 113 4
13 22 2
146 116 4
10 33 1
142 126 1
101 11 2
132 149 2
98 62 4
109 59 2
9 24 4
84 91 2
133 42 2
22 33 3
11 123 3
27 30 2
148 137 3
19 101 4
19 126 3
0 100 4
145 25 1
13 40 4
0 148 4
1 115 1
41 6 4
89 105 1
107 49 2
121 56 3
101 72 2
87 121 2
129 23 4
19 31 2
16 126 4
67 106 3
9 51 3
36 91 2
5 33 4
40 119 4
73 122 3
100 13 3
62 84 1
146 67 4
8 104 1
20 133 1
48 145 3
2 143 4
129 49 2
7 89 2
71 19 3
74 48 2
34 24 2
128 14 4
95 68 3
75 130 2
0 34 1
50 110 3
132 63 3
96 108 2
140 126 3
90 10 1
83 39 4
99 73 3
42 73 3
137 8 4
0 122 4
132 94 3
122 31 4
7 39 2
118 79 4
103 19 1
17 126 2
80 17 1
20 91 2
119 26 4
5 110 2
19 53 3
6 7 3
31 66 2
65 129 3
88 30 4
93 67 4
29 19 2
53 16 4
133 82 4
141 39 2
18 28 4
123 112 4
94 105 3
107 11 2
139 77 2
41 5 3
129 41 4
16 135 3
9 98 4
40 63 1
16 141 2
36 46 2
119 23 3
78 27 3
32 118 1
11 78 3
111 102 3
73 8 2
115 42 3
25 134 1
53 78 1
22 30 3
57 44 1
51 68 1
136 130 4
108 74 1
48 6 4
37 20 3
96 127 4
5 43 2
60 59 1
24 78 1
128 91 4
102 98 1
75 47 1
103 15 4
131 82 3
34 79 1
124 40 1
110 118 3
85 132 1
84 42 1
79 97 4
69 0 3
130 105 2
70 71 4
23 146 3
148 48 1
94 145 1
4 46 4
95 117 1
113 27 2
29 89 1
16 125 1
15 124 4
87 7 3
49 71 1
13 147 1
35 127 3
5 7 1
49 89 3
30 126 4
85 74 2
16 116 3
15 118 2
3 102 2
60 93 1
96 45 3
135 82 2
7 27 2
53 125 3
94 48 1
115 24 3
142 36 1
76 126 4
6 140 2
67 130 1
75 25 4
48 112 1
14 124 1
0 64 4
51 40 3
19 86 2
106 75 2
76 142 4
134 35 2
51 50 1
9 55 1
76 114 3
134 55 3
113 107 3
24 32 1
14 81 4
2 21 1
128 81 1
149 73 1
30 0 4
92 112 1
3 121 3
84 101 4
149 46 3
99 64 2
131 19 3
115 104 4
126 119 3
23 25 4
145 95 4
123 18 3
96 88 1
37 93 1
34 94 2
73 112 2
132 78 2
100 6 1
114 90 3
22 113 2
132 7 3
16 50 2
120 66 2
99 94 3
18 112 1
88 82 4
44 74 2
73 136 4
72 88 1
10 25 4
59 98 3
48 45 1
15 114 1
71 67 2
94 119 1
144 147 4
117 69 4
9 125 1
30 145 3
31 109 2
39 68 3
80 35 2
137 65 2
5 31 1
104 22 2
53 55 3
31 98 2
29 123 2
111 63 1
21 111 2
143 99 3
40 82 2
61 18 3
37 134 2
119 66 1
107 7 2
33 65 2
93 96 4
142 18 2
14 130 2
98 147 2
142 105 4
36 113 1
12 105 1
18 139 3
145 89 3
67 125 1
132 18 3
81 38 4
61 102 3
2 146 1
114 126 3
72 67 4
64 63 1
66 96 3
68 69 1
129 86 4
32 56 4
90 148 4
116 24 4
38 90 1
138 85 1
24 123 3
7 135 2
28 54 2
75 20 2
92 128 4
53 35 4
88 74 1
138 135 3
95 70 3
29 108 1
124 38 3
66 140 2
60 24 1
77 25 1
132 80 2
127 101 2
107 23 4
42 126 4
92 67 3
28 67 1
30 148 2
14 114 2
61 15 4
52 121 2
68 128 1
72 10 2
24 106 4
36 32 4
42 78 2
125 90 4
109 8 4
41 21 1
111 108 3
67 132 2
112 44 1
1 120 3
2 5 4
140 114 3
33 44 2
114 135 3
13 24 4
118 101 4
58 43 3
74 61 1
75 149 1
52 32 3
90 85 4
51 41 1
58 6 4
118 6 1
17 22 3
77 23 4
39 19 3
41 144 1
91 27 3
67 118 3
70 96 3
91 12 4
3 118 3
4 149 3
11 9 2
128 98 2
17 128 1
68 112 2
131 137 4
116 42 3
74 127 2
131 67 2
10 96 1
145 147 1
28 92 2
1 14 4
20 120 1
114 53 2
134 87 3
64 43 3
10 97 2
76 91 3
119 109 1
109 127 1
146 98 1
23 34 4
2 25 2
122 57 3
49 74 3
142 75 2
115 39 1
40 96 4
124 78 1
5 73 3
134 145 2
97 111 1
119 1 3
10 143 2
90 82 3
96 142 3
30 5 3
69 96 3
18 45 1
76 63 3
9 85 1
132 109 4
135 115 2
24 33 3
90 9 1
55 8 2
103 49 4
146 131 2
45 103 1
143 111 3
53 135 3
70 143 3
89 82 1
132 104 1
140 137 2
71 120 4
147 87 3
3 2 3
95 144 3
130 113 2
62 94 3
56 83 2
111 24 2
136 22 1
94 87 3
36 136 4
74 135 1
96 121 1
55 15 4
16 33 4
146 11 3
120 115 4
22 80 4
80 45 1
74 145 1
45 10 4
135 106 2
125 63 2
56 137 1
111 91 3
64 67 4
31 50 4
97 142 4
27 102 2
14 140 1
83 18 2
127 39 4
137 128 1
64 94 1
101 126 2
29 38 1
34 12 2
16 0 4
128 6 3
141 44 2
132 97 4
140 41 2
40 138 4
46 117 1
68 129 2
33 86 1
26 102 3
24 105 1
38 136 4
48 113 1
54 100 2
55 102 2
31 121 2
127 1 3
16 49 4
55 17 1
10 12 3
80 118 1
122 118 1
69 41 3
98 39 1
100 110 1
58 46 2
110 128 2
68 54 3
118 11 1
40 61 1
73 84 4
132 98 1
119 73 4
86 73 2
55 132 3
100 56 4
131 27 1
58 44 1
72 79 4
19 0 3
78 111 1
90 8 2
133 69 2
8 50 1
51 137 1
40 113 1
85 91 2
114 71 2
11 121 1
133 71 4
129 124 2
96 134 1
111 36 3
124 23 3
102 139 4
109 147 4
34 68 1
80 123 4
82 104 2
148 130 2
72 15 2
36 48 2
15 144 4
49 81 2
112 141 3
143 30 2
51 140 1
6 113 2
57 23 4
62 128 1
141 95 4
88 25 4
65 94 4
87 52 4
131 58 2
100 24 2
117 55 3
32 42 1
135 75 3
24 135 3
79 3 3
89 15 4
69 36 4
124 29 2
78 129 4
49 115 4
87 117 1
55 143 1
46 3 2
88 93 2
8 56 1
148 109 2
72 12 3
14 127 1
2 126 1
13 23 1
58 146 2
29 147 1
140 49 2
98 74 4
47 38 2
82 115 4
52 65 3
93 65 3
129 17 3
78 98 4
90 34 2
40 9 3
6 142 2
128 7 4
20 31 2
111 28 2
142 120 2
58 137 4
123 109 4
140 83 2
139 76 2
8 86 3
87 35 2
55 45 4
80 11 4
119 46 3
24 2 4
120 87 4
106 100 2
21 65 2
139 147 3
64 22 1
97 121 3
120 114 3
141 57 3
16 77 1
129 8 1
69 83 1
128 79 2
136 33 4
129 58 1
52 8 2
88 17 1
149 62 2
72 39 1
77 31 2
118 64 2
17 87 2
50 108 3
66 73 2
84 144 1
93 143 3
56 30 3
2 67 3
148 34 4
143 18 3
127 84 2
18 128 2
30 108 1
111 3 3
137 62 3
61 101 4
9 105 1
59 114 4
124 108 2
75 114 2
89 10 4
143 11 4
122 136 2
79 9 3
30 85 4
8 78 3
60 103 1
50 128 3
17 25 2
82 65 1
119 63 1
25 141 4
112 64 1
126 97 1
25 136 3
107 130 4
10 83 1
3 48 2
32 136 1
91 80 3
49 87 1
90 70 2
54 85 2
37 108 2
97 38 1
121 46 2
103 145 2
37 111 1
102 41 4
118 37 2
20 104 3
70 59 4
79 26 2
30 11 4
119 138 3
119 111 3
65 22 2
125 85 4
29 51 2
2 93 2
140 111 1
134 0 4
131 115 2
122 147 4
87 42 2
90 14 2
82 18 4
109 4 4
31 103 4
58 55 1
65 27 2
3 80 4
56 126 3
113 140 2
39 138 4
42 112 1
40 17 4
141 111 2
107 56 1
112 140 3
97 107 4
67 3 1
105 131 1
143 138 3
2 105 1
145 24 4
123 110 3
135 92 4
136 148 4
144 63 3
125 37 3
45 60 1
28 82 3
7 113 3
124 141 3
72 47 4
38 64 4
107 20 3
4 42 3
118 53 4
87 32 4
108 24 2
125 120 2
71 72 1
109 50 1
143 26 1
59 119 1
103 78 4
59 8 1
27 39 2
22 21 2
82 26 4
77 27 4
92 117 2
142 74 3
83 20 3
133 41 1
140 31 1
73 129 4
42 2 2
18 74 3
139 64 1
135 134 2
135 143 4
76 112 3
50 89 1
101 134 3
132 81 1
85 135 2
58 87 2
142 77 2
49 139 2
83 103 3
33 125 3
72 5 2
142 65 4
2 106 3
10 91 1
69 101 2
124 91 4
58 54 4
148 92 4
52 51 2
70 65 1
98 51 3
143 105 2
103 116 2
20 136 3
49 106 2
83 64 2
149 89 2
33 132 3
26 149 2
141 142 1
116 68 2
5 85 1
137 126 3
35 113 4
86 83 3
89 13 1
118 90 4
107 77 4
121 98 4
103 25 4
66 6 3
7 141 4
59 52 4
121 90 4
38 144 1
110 65 3
110 88 3
130 131 4
127 13 2
12 37 3
127 47 4
100 41 1
49 47 3
122 46 1
74 91 3
83 34 2
109 6 2
130 90 1
84 70 3
133 17 2
52 16 1
63 112 2
137 43 3
44 40 2
114 96 3
12 21 2
134 16 1
97 88 1
64 138 3
136 6 3
17 37 4
141 60 3
114 38 4
141 131 1
75 100 1
128 41 1
47 2 4
96 140 1
141 83 1
29 105 1
103 98 2
44 135 1
119 47 2
146 33 2
85 59 4
81 28 1
54 78 2
71 50 1
10 123 1
85 77 3
59 91 1
115 117 4
105 123 3
39 118 3
93 98 3
133 124 4
65 128 3
109 111 2
58 148 4
66 90 3
68 120 1
10 7 1
74 76 3
133 72 2
82 124 3
137 81 2
119 42 4
16 11 2
59 12 2
89 33 4
17 68 3
14 106 2
37 135 2
130 71 4
73 120 4
8 68 2
87 90 2
1 12 1
79 16 4
103 101 3
141 114 3
22 11 2
31 108 3
23 78 2
42 14 4
58 122 1
78 86 2
95 125 4
81 52 3
6 97 4
86 57 3
98 144 3
134 69 3
50 54 3
60 88 2
23 66 1
131 18 3
133 46 4
135 104 1
51 75 1
120 13 4
138 104 2
43 16 2
89 8 1
45 47 1
104 89 3
71 88 2
31 74 3
125 93 3
72 74 2
32 7 4
103 129 2
85 81 4
113 62 3
83 28 1
146 134 1
140 131 2
11 48 4
138 81 4
2 87 3
92 74 3
16 108 2
67 89 2
114 89 4
120 93 3
25 47 3
94 96 1
128 84 3
97 8 1
11 71 4
36 86 3
66 41 3
16 44 3
105 55 2
112 35 1
143 71 1
7 143 1
84 9 3
47 103 2
138 5 2
36 108 1
125 42 4
74 124 1
91 7 3
3 122 1
43 127 2
7 108 1
68 57 1
44 27 3
7 4 4
0 28 2
106 25 3
133 70 2
106 119 2
123 45 3
15 113 3
145 116 3
147 64 3
36 18 2
2 134 4
14 23 2
86 13 4
95 128 1
75 2 1
146 52 4
57 119 4
61 125 2
15 140 2
48 10 3
128 121 1
136 144 3
50 122 4
117 67 4
6 44 1
70 126 2
114 149 2
20 148 1
30 16 2
39 109 2
81 94 3
56 141 2
8 10 1
109 68 3
142 54 4
121 92 2
86 102 2
78 102 2
58 45 1
51 110 1
80 81 3
71 14 3
92 139 3
133 103 3
102 67 1
89 12 4
93 97 3
116 84 3
2 89 4
42 63 1
33 122 2
8 49 4
109 81 1
22 24 1
67 34 4
135 29 2
17 106 4
23 93 3
91 140 3
76 16 4
140 125 1
148 134 4
146 19 4
137 147 3
62 38 2
65 119 3
94 28 2
90 81 1
65 34 1
32 121 3
34 135 3
39 71 4
15 46 4
127 117 1
22 77 3
57 91 3
141 64 2
78 50 2
7 133 3
125 24 2
84 79 4
20 4 1
4 143 4
37 27 4
60 148 1
46 61 4
84 35 3
59 20 1
87 124 3
60 6 1
8 77 2
146 142 1
0 11 2
72 20 3
70 26 4
96 15 1
84 115 1
115 38 3
124 36 2
59 79 4
137 4 4
0 52 1
115 149 2
29 84 4
17 123 1
15 98 1
82 138 4
93 26 1
66 116 4
120 101 3
81 77 3
52 4 4
33 29 2
140 43 1
115 126 2
54 8 1
32 2 1
41 108 4
62 116 1
52 20 1
13 52 1
87 62 1
124 111 4
130 93 3
4 132 3
13 119 3
86 119 1
13 26 2
0 10 3
22 40 1
110 84 3
10 27 4
109 87 3
75 145 1
82 34 1
139 81 4
135 52 3
18 76 2
70 101 1
149 97 2
84 28 1
48 33 4
129 59 2
46 130 1
146 147 4
82 15 1
71 83 3
25 51 4
89 115 3
92 30 4
70 127 1
57 89 2
41 124 3
49 135 2
32 132 2
63 102 4
57 56 1
29 95 3
50 140 4
72 126 3
69 82 2
107 46 4
105 119 2
101 80 4
57 113 1
29 106 3
135 136 3
17 124 4
23 24 1
103 110 3
133 135 1
89 90 4
72 8 1
121 60 1
0 47 1
41 112 3
125 5 4
136 117 2
44 129 3
20 51 3
89 106 4
17 138 3
6 52 3
99 108 4
1 71 1
32 97 2
113 9 1
41 134 3
22 100 1
35 138 1
47 136 3
30 57 2
136 75 2
147 149 2
124 100 4
116 99 4
59 139 2
78 120 2
114 36 1
103 77 4
47 88 1
97 47 4
80 87 2
149 91 4
144 114 2
73 33 1
127 86 4
49 105 4
101 67 3
31 78 1
113 14 3
74 141 3
123 70 1
26 111 2
73 111 3
88 38 4
21 28 2
62 71 1
73 44 1
56 116 4
97 56 2
37 92 2
92 35 4
63 24 2
41 123 4
54 40 1
83 11 4
21 145 4
16 128 3
115 94 4
146 56 2
61 58 3
23 27 3
63 47 3
70 120 1
121 61 1
134 11 2
54 56 4
64 111 4
137 120 4
84 57 2
92 57 1
135 30 4
114 79 1
14 76 1
94 149 1
141 42 2
127 0 1
32 21 4
40 93 1
53 25 3
103 90 3
23 31 4
14 52 4
136 133 4
146 70 4
34 10 4
47 90 2
11 119 4
10 119 2
19 127 4
56 65 2
37 97 3
107 64 3
123 9 2
8 143 4
10 65 4
77 11 2
48 84 1
128 1 3
89 58 2
96 87 1
75 5 1
0 109 3
113 96 2
58 78 1
134 13 2
82 67 3
47 66 3
6 89 3
85 147 4
92 133 2
14 119 1
65 148 4
116 61 3
66 98 1
16 123 3
57 109 3
137 138 2
121 1 4
115 95 4
31 24 1
43 62 4
101 68 1
43 57 3
65 24 2
92 66 1
66 139 4
108 76 1
74 65 4
84 18 3
60 87 1
98 29 3
80 105 3
56 136 3
9 126 4
139 73 2
10 92 3
146 108 4
138 89 2
44 10 4
41 94 3
9 93 4
35 56 4
72 100 2
121 111 1
7 146 4
54 110 1
148 144 2
16 86 3
117 98 1
59 97 2
52 123 2
118 143 2
8 29 2
134 57 1
36 2 2
21 66 1
107 86 3
61 24 1
39 32 3
68 78 3
94 91 4
17 15 4
47 27 3
117 17 1
55 146 1
111 93 3
34 60 1
80 53 1
28 78 1
99 125 3
7 76 2
88 147 1
8 20 1
0 71 4
37 72 4
23 106 4
53 72 2
94 148 1
99 63 3
1 98 4
123 98 2
147 91 4
123 7 1
138 146 1
28 93 2
113 120 3
95 103 4
72 125 1
68 137 1
141 31 3
22 49 1
42 132 1
42 128 2
74 80 3
81 88 2
73 82 2
49 52 2
12 42 3
63 51 3
41 19 1
122 105 2
107 1 1
145 107 4
3 52 4
11 115 1
105 0 3
40 110 1
51 4 4
54 51 2
44 111 2
125 83 3
82 72 3
114 146 3
136 23 4
143 121 3
76 115 1
82 144 3
80 4 1
132 130 3
0 116 2
64 134 3
39 35 4
147 77 1
142 9 4
101 112 2
105 137 1
11 31 3
147 124 2
116 89 3
57 135 3
103 66 1
78 109 1
53 37 1
119 69 2
125 76 4
32 146 2
110 10 2
66 37 1
79 106 1
116 144 2
84 3 1
35 32 4
85 139 3
4 119 2
105 99 4
69 10 4
42 130 4
48 37 2
114 105 4
81 145 1
135 71 4
81 61 2
71 132 1
18 11 1
78 79 4
122 72 4
123 129 2
136 103 4
69 47 4
107 83 2
148 78 4
133 4 4
55 29 3
25 37 3
90 108 3
1 59 1
36 27 4
17 19 4
30 133 1
48 114 3
85 13 4
28 3 1
17 81 1
0 136 4
13 105 2
34 136 1
139 110 4
15 57 4
133 74 2
27 89 2
79 140 4
90 5 4
1 22 1
62 35 3
63 122 2
25 15 2
25 60 1
42 135 2
26 1 2
145 63 2
138 32 2
47 53 1
89 62 2
3 58 2
113 71 4
110 61 1
67 90 1
77 117 4
89 87 4
57 139 4
45 76 1
131 33 4
52 79 4
4 58 4
141 123 3
79 115 4
126 112 4
37 2 3
10 32 4
72 102 2
43 70 2
61 19 2
86 31 1
133 80 3
58 120 2
17 69 3
91 114 4
2 124 3
101 18 4
141 138 2
141 68 3
101 85 2
92 105 2
5 18 4
26 45 4
5 61 1
124 42 4
105 57 1
147 135 4
27 144 4
37 123 4
16 121 2
106 132 1
71 64 4
132 113 2
132 51 1
66 149 2
88 59 3
144 43 1
141 43 4
43 98 1
26 81 1
128 22 2
91 17 3
103 76 1
99 120 1
137 14 2
52 21 3
91 138 4
123 47 2
49 131 2
45 141 4
66 117 2
100 144 4
29 148 2
28 19 4
41 60 3
42 20 1
139 58 3
106 80 3
112 95 3
7 56 3
111 14 2
9 134 4
79 36 4
134 4 2
122 34 3
60 31 1
22 32 2
102 131 4
142 30 4
65 86 3
16 84 3
15 47 4
53 113 4
134 20 3
88 95 4
108 52 4
61 82 2
142 22 2
3 53 4
22 82 2
85 93 2
54 108 4
120 22 2
130 127 2
24 109 1
34 141 3
144 103 1
130 144 1
117 119 3
30 76 1
67 112 1
54 9 2
141 12 3
26 30 1
46 74 1
21 148 3
34 142 1
97 105 4
130 26 3
14 44 3
130 104 1
3 74 3
72 69 1
2 53 3
95 55 3
41 72 4
28 38 1
40 144 3
141 143 2
133 10 1
19 81 3
145 148 1
36 63 4
142 98 1
66 93 2
64 74 4
57 4 2
119 80 4
7 64 3
76 44 4
86 24 4
23 132 1
20 87 3
11 13 3
98 16 3
41 105 4
79 41 2
64 60 3
29 79 3
77 83 2
91 132 3
24 104 4
116 83 4
93 133 4
74 123 1
4 23 1
137 139 1
47 121 1
123 23 2
103 0 2
142 147 3
57 47 3
45 28 3
145 117 1
72 9 1
129 96 2
146 130 4
70 40 2
29 131 1
18 102 3
120 14 1
133 105 1
15 16 1
52 78 3
121 131 1
80 141 3
31 127 2
61 32 1
132 62 4
116 25 3
129 29 4
74 42 3
9 38 4
31 70 1
75 110 1
21 11 3
34 110 2
20 116 2
148 73 1
95 75 3
93 109 4
28 70 2
66 148 2
68 91 2
71 58 2
13 27 2
79 22 3
144 85 2
91 110 3
94 127 3
80 120 1
50 115 3
36 62 2
61 55 3
64 87 3
54 139 2
8 16 4
84 143 3
2 144 3
108 23 1
32 43 4
93 106 3
61 12 1
13 90 2
38 49 2
131 136 1
25 55 4
118 73 1
132 86 2
86 136 3
143 49 1
76 96 3
117 0 1
0 20 4
104 3 3
138 100 2
93 82 1
98 61 2
77 39 4
92 129 2
143 72 1
99 130 1
71 4 2
19 123 4
28 11 3
100 33 3
14 57 1
134 136 3
22 58 4
149 39 3
144 22 3
17 12 1
31 33 2
76 143 3
9 124 2
3 12 3
45 52 1
45 111 4
87 19 3
98 23 4
53 89 2
8 84 3
102 149 2
114 111 1
16 89 1
39 2 2
35 30 1
57 96 2
115 122 2
125 141 2
74 139 3
52 24 3
145 78 4
65 140 2
137 59 1
88 10 2
138 109 4
42 136 3
122 95 4
0 22 2
95 105 2
62 134 1
16 17 2
113 39 2
3 125 1
9 25 1
54 45 4
142 46 4
15 41 2
127 55 3
69 37 4
120 59 2
130 128 2
83 24 1
105 148 3
28 130 3
33 75 3
25 70 3
38 6 3
83 47 2
5 13 3
82 24 1
101 56 1
107 88 4
31 34 4
141 19 4
37 112 1
121 9 1
49 120 2
51 127 2
139 129 3
99 92 4
86 137 3
131 50 4
45 9 3
15 48 2
108 87 3
94 45 2
47 82 3
101 106 2
43 86 4
95 106 2
98 38 1
79 56 1
73 63 1
75 81 2
6 132 4
12 55 2
102 85 1
81 47 3
123 51 4
48 87 3
148 50 3
78 12 3
39 14 2
65 84 1
9 94 4
61 139 3
100 149 1
88 98 2
141 41 4
106 21 3
123 111 1
75 109 3
48 56 1
12 75 3
112 71 1
46 134 3
11 36 4
83 52 4
142 35 1
119 27 3
126 20 4
96 71 3
149 87 3
121 10 2
113 134 1
70 38 1
12 77 3
127 90 2
103 41 1
17 54 3
124 10 4
36 50 1
143 12 2
59 111 4
147 38 4
57 112 3
49 37 1
70 33 4
74 100 3
130 109 1
111 80 2
11 76 2
119 123 3
10 60 2
146 37 4
14 55 3
68 18 2
147 63 2
88 127 3
49 126 4
29 20 2
119 2 4
114 65 4
7 82 1
11 112 3
100 25 2
139 37 4
120 46 2
22 86 3
62 50 3
141 88 3
70 75 4
66 127 1
2 128 4
144 115 3
110 22 2
130 98 2
32 40 3
135 73 1
75 93 2
82 5 2
94 36 4
77 106 4
45 82 1
33 85 2
23 70 4
127 105 3
38 138 1
65 57 4
125 41 2
119 33 1
52 91 1
110 52 4
147 130 1
16 105 3
40 74 4
88 138 1
122 86 4
133 76 2
107 118 2
121 124 2
123 143 2
18 67 2
56 22 1
75 118 2
63 133 2
22 134 1
93 36 4
88 144 3
25 108 4
142 81 3
79 83 4
63 107 1
135 140 2
121 42 3
76 148 1
56 52 1
27 21 2
7 69 1
4 69 4
34 39 2
146 122 4
127 36 3
128 142 3
103 17 3
112 100 4
123 43 4
99 133 1
105 141 1
51 74 2
75 37 1
8 71 1
101 2 1
59 46 4
2 61 3
117 134 4
12 68 2
99 3 3
127 95 3
114 24 4
136 111 4
16 100 2
32 12 2
79 101 4
119 60 1
99 53 2
119 16 3
1 109 4
19 65 2
51 70 1
15 97 1
144 5 3
20 2 4
77 113 3
52 25 2
52 99 2
24 79 4
76 81 2
100 140 4
104 99 2
7 47 4
19 94 1
113 29 2
114 100 2
91 71 3
4 64 1
80 104 3
106 20 2
64 149 4
46 63 2
23 37 2
47 77 3
103 139 1
97 14 2
0 113 4
106 121 4
80 107 1
5 145 3
71 97 2
30 43 2
125 136 1
118 7 2
117 57 4
93 126 2
87 69 3
51 101 1
35 45 2
114 19 2
73 18 3
142 115 3
63 14 4
11 19 3
57 45 4
92 127 2
48 107 4
111 117 2
99 118 3
91 15 1
10 103 4
9 28 1
146 121 2
131 94 1
109 7 2
19 42 3
23 125 1
128 26 3
116 35 2
73 21 2
62 78 3
83 72 2
131 5 2
76 5 3
17 109 1
24 141 2
75 91 4
127 7 4
109 10 3
76 48 3
112 22 4
137 5 3
47 101 4
52 98 4
140 82 2
29 61 3
2 8 4
68 138 4
78 100 1
128 9 2
66 113 3
26 136 3
52 100 3
20 23 4
87 16 2
113 146 1
100 146 2
15 100 2
13 121 1
76 87 3
31 75 2
136 142 1
74 34 4
72 136 2
29 64 2
89 37 4
135 107 3
31 118 3
39 116 2
25 3 3
17 5 3
6 32 3
69 85 3
41 64 1
18 135 3
70 141 1
101 57 2
12 135 3
10 126 1
125 87 4
104 139 1
105 28 2
138 52 1
36 122 2
100 126 1
128 20 1
100 139 3
45 100 2
80 76 3
103 125 1
101 73 2
23 76 1
39 131 3
63 146 2
45 64 2
59 47 2
76 15 2
58 60 3
20 114 2
96 97 3
44 98 4
24 50 3
0 1 2
55 110 2
69 22 4
58 70 3
47 126 4
9 33 4
50 119 3
124 0 3
4 72 3
17 93 2
114 50 4
80 67 2
23 45 2
88 123 4
29 30 4
53 32 1
76 22 1
145 110 1
52 44 3
97 40 2
40 149 3
43 104 3
72 103 4
90 36 2
51 90 3
1 114 1
14 61 1
118 43 2
110 134 2
35 86 3
136 52 2
5 135 3
75 99 3
137 117 4
140 107 2
128 49 3
24 59 2
45 149 1
56 80 3
68 106 1
30 140 1
83 146 4
145 11 3
67 149 4
134 115 3
45 89 2
59 116 1
143 46 2
47 55 1
12 137 4
111 60 3
64 31 3
79 143 4
80 40 1
16 146 3
147 61 4
91 98 1
118 70 1
96 101 4
60 23 2
66 10 1
122 26 2
7 106 4
139 78 4
77 123 2
67 126 3
35 140 4
124 90 4
1 126 4
59 100 4
67 44 2
45 44 1
131 134 1
84 89 1
127 17 4
108 86 4
123 144 1
132 21 3
90 128 4
33 17 2
145 43 3
98 27 1
28 118 2
1 85 2
83 62 2
118 0 3
120 108 3
25 8 2
99 69 2
94 106 4
67 78 4
25 13 3
103 94 2
147 6 4
141 35 4
19 18 3
53 122 1
7 120 4
65 38 1
58 76 2
52 93 3
91 126 4
41 24 2
137 82 4
142 43 3
143 148 1
2 45 1
7 124 1
7 71 3
93 147 4
123 75 3
80 48 2
127 87 1
61 88 4
31 13 2
111 101 4
27 57 2
116 8 2
44 70 3
68 126 4
29 69 3
124 33 2
74 21 2
86 25 4
43 28 4
127 137 3
21 87 1
5 121 3
17 84 2
104 77 1
125 88 2
109 30 3
109 134 2
61 54 3
98 109 1
51 89 3
31 53 4
122 16 3
10 6 4
146 145 3
52 115 3
57 8 4
89 77 3
95 99 4
55 40 4
41 42 1
60 52 1
139 118 2
129 148 1
114 61 4
124 125 1
68 143 4
95 148 2
90 122 4
43 92 4
123 120 1
74 15 2
15 36 4
135 1 1
102 81 2
6 110 2
67 16 1
66 133 4
55 98 1
84 148 1
5 49 1
59 122 1
55 142 2
125 64 3
73 43 1
6 26 2
81 101 4
68 64 1
72 84 2
61 60 3
110 144 4
8 110 1
68 52 1
87 128 4
4 2 1
141 113 1
98 124 2
23 19 3
107 91 3
135 91 3
71 59 4
103 61 1
63 56 3
53 75 1
89 65 1
40 128 1
9 63 2
6 4 3
4 122 4
79 42 4
21 34 3
10 31 1
11 15 1
53 120 2
119 6 3
92 63 2
19 73 2
126 15 2
68 2 3
103 65 4
30 99 1
136 27 1
69 60 4
104 53 2
143 113 1
74 95 3
85 60 2
68 49 4
3 134 3
109 104 2
116 101 2
134 38 2
54 5 1
47 50 2
61 144 2
102 144 3
13 93 4
77 148 1
106 142 2
38 95 3
40 21 1
148 87 2
127 80 4
47 65 2
67 37 1
14 98 2
94 69 4
44 113 1
139 63 4
84 2 2
56 2 2
130 74 4
43 38 3
124 144 1
102 0 3
78 19 2
104 92 2
43 3 4
61 7 4
53 42 2
48 137 4
55 43 4
3 66 2
126 106 1
129 95 4
99 23 1
38 132 1
12 86 4
58 16 2
64 143 1
125 101 1
52 72 4
106 143 4
115 106 3
107 62 4
81 9 3
13 135 3
116 31 1
19 50 4
64 26 2
54 117 4
94 116 3
27 106 3
126 86 3
18 31 3
124 61 4
104 75 1
6 122 2
129 102 4
111 34 1
79 0 2
87 3 3
61 120 3
73 38 4
96 122 3
15 19 4
121 102 1
91 25 1
73 104 2
130 129 3
44 46 1
108 67 2
24 26 4
28 71 1
53 132 2
55 130 4
18 14 1
49 35 1
112 113 3
45 110 3
50 55 2
106 26 2
27 90 1
141 15 1
4 89 4
58 63 4
38 59 2
91 103 3
72 86 2
6 81 1
136 83 3
94 114 4
92 143 4
125 11 3
32 133 2
82 32 4
5 80 1
117 21 1
119 136 3
124 5 4
8 45 4
99 82 2
7 26 3
76 88 2
109 21 4
132 99 2
118 146 1
56 140 3
45 143 4
19 54 4
32 127 3
68 104 4
107 19 4
59 135 2
106 33 4
89 85 4
91 146 1
69 63 3
117 10 4
104 128 2
100 125 4
14 45 4
107 51 4
147 138 2
31 120 1
73 26 2
48 30 3
41 136 1
68 77 4
95 42 3
81 83 3
13 64 3
37 140 2
93 131 3
50 61 3
66 81 4
29 65 2
12 25 4
133 106 2
104 51 2
60 38 3
104 32 2
116 97 4
86 104 3
10 58 2
1 46 2
94 137 2
45 119 1
38 101 3
63 8 3
60 120 1
138 73 3
85 67 4
140 62 3
17 61 1
91 9 1
6 92 3
80 145 3
24 128 2
44 60 2
70 112 3
120 111 3
86 94 4
148 11 3
100 37 4
145 119 4
80 43 1
148 88 3
149 60 3
16 144 3
149 120 2
85 84 4
6 80 1
5 91 4
141 27 4
23 120 3
86 67 1
47 87 1
130 53 1
70 125 3
50 34 4
84 37 1
33 52 3
143 56 3
116 141 1
74 70 2
149 148 1
119 135 1
7 117 3
144 93 2
41 50 2
100 21 3
105 67 2
92 98 2
148 101 2
80 103 1
99 50 2
105 82 1
73 60 4
82 48 3
132 103 2
48 12 1
85 7 1
32 0 1
31 129 3
149 136 3
86 138 2
59 125 3
117 135 1
59 13 1
107 144 2
17 90 4
17 78 1
30 42 1
112 30 3
1 139 2
46 29 3
95 53 4
74 78 1
87 0 3
130 37 2
33 112 4
126 92 3
110 60 2
135 97 2
142 23 3
118 111 4
29 52 4
73 55 4
90 62 2
67 49 2
103 106 4
44 82 3
62 79 1
23 80 1
138 61 2
9 118 4
27 107 1
52 37 1
80 113 4
94 118 4
128 33 2
102 36 1
92 109 4
127 3 2
17 11 4
55 65 1
134 120 2
21 8 3
27 121 1
40 69 2
54 146 3
69 140 1
36 76 4
134 51 1
32 54 2
46 38 1
129 90 1
18 99 1
23 73 2
30 122 3
15 34 1
121 138 4
136 89 1
20 127 3
142 24 1
141 65 4
5 55 2
78 48 3
85 26 2
136 132 4
83 70 2
139 116 2
63 23 3
96 80 2
122 49 2
82 58 4
112 132 1
62 34 1
41 68 1
111 149 2
128 56 4
39 88 4
19 27 1
115 92 4
13 107 4
116 122 1
44 110 2
136 81 4
141 55 4
119 76 1
121 55 4
13 142 3
47 24 3
137 21 2
7 62 4
114 34 4
57 93 1
105 132 3
19 2 4
62 105 2
110 17 2
98 73 3
1 141 1
40 83 3
113 67 2
25 110 3
44 104 4
62 110 2
142 80 2
142 8 4
35 79 1
144 111 3
27 71 3
108 55 4
98 99 1
144 36 2
80 139 4
56 69 2
79 109 4
79 148 1
3 70 1
113 122 1
140 71 4
140 149 4
120 112 3
14 54 1
49 95 3
93 72 1
57 73 2
96 90 4
75 103 3
13 51 1
134 88 3
70 117 2
90 43 3
139 123 2
87 123 4
74 56 3
108 82 2
94 88 2
19 56 2
111 133 3
36 82 1
145 87 3
91 90 4
8 127 1
43 82 4
101 133 4
36 64 4
67 75 1
65 14 2
140 45 3
94 110 2
30 19 2
97 16 4
8 99 2
97 73 2
103 44 2
39 73 4
11 109 4
28 52 1
71 84 2
54 101 2
61 145 1
18 69 1
35 61 3
37 147 4
82 106 1
29 5 4
96 125 2
26 148 4
96 65 2
33 91 4
104 112 1
107 101 2
147 42 4
1 104 3
9 137 1
14 75 1
76 105 3
68 127 4
42 148 2
72 149 2
137 144 3
91 48 2
14 96 4
35 107 4
51 2 1
145 112 4
83 55 1
144 35 4
72 117 2
97 113 2
14 84 4
120 40 3
27 88 4
38 128 2
25 61 2
97 43 1
96 81 1
62 22 2
68 4 1
96 141 3
94 55 3
117 18 3
17 96 2
74 24 1
51 114 4
100 1 1
89 23 1
100 40 1
126 116 1
46 90 4
117 94 3
51 7 1
119 74 2
87 118 4
34 123 1
30 47 4
51 43 1
1 63 3
14 123 2
146 61 2
31 123 3
115 121 4
76 121 3
98 24 1
88 37 2
46 99 1
128 12 2
137 113 2
120 133 2
118 8 1
26 105 2
75 131 4
6 76 1
80 126 2
46 91 2
66 63 2
79 112 2
131 76 3
95 32 4
139 17 3
81 123 4
106 149 3
63 141 2
74 129 4
140 60 3
66 40 4
85 110 2
28 80 1
49 27 4
34 80 2
47 70 1
52 116 2
76 59 1
49 70 2
78 140 1
25 69 4
43 17 4
26 52 1
98 42 2
40 145 1
33 114 3
144 105 3
132 28 3
51 78 4
116 117 2
130 18 1
56 0 3
5 112 4
96 13 2
5 95 1
8 87 4
25 122 3
22 31 1
117 43 2
80 122 4
31 44 2
103 29 4
143 24 3
13 68 3
114 64 3
68 88 1
99 78 1
46 97 1
27 145 2
71 116 2
45 98 2
87 72 3
49 130 4
26 39 1
84 50 3
108 9 2
81 54 3
139 29 3
42 22 3
82 2 3
34 87 1
19 10 1
116 34 1
114 119 2
13 149 3
110 42 3
4 95 1
110 95 2
86 77 3
18 46 1
124 112 3
4 88 2
128 144 3
7 79 1
22 146 1
106 130 3
88 0 4
37 103 2
89 98 3
42 134 2
110 4 2
63 130 1
131 114 1
15 79 2
128 34 3
19 67 1
7 13 2
99 27 3
68 56 2
66 43 3
27 70 3
108 49 2
89 17 2
78 110 4
141 140 4
41 115 2
29 119 2
57 11 1
104 11 2
132 134 2
3 4 1
69 71 1
66 111 1
11 67 4
44 61 2
56 34 4
12 24 2
9 1 1
145 39 4
58 97 1
92 91 2
112 45 1
7 115 3
57 16 1
118 149 1
109 16 2
26 51 3
15 67 2
23 22 3
5 136 3
69 132 2
87 39 4
24 66 2
132 72 2
91 81 4
53 107 3
52 131 2
128 21 1
46 145 2
91 11 3
103 42 2
112 96 2
24 48 1
125 108 3
45 147 4
43 0 2
89 131 3
138 97 2
19 120 1
30 83 4
135 0 3
89 135 1
37 39 1
106 137 2
117 120 4
116 140 3
105 138 4
23 144 4
141 148 4
78 63 4
87 142 2
22 38 3
15 69 4
100 101 4
55 51 4
82 114 4
35 41 3
89 132 2
39 33 4
99 29 4
145 10 4
36 38 3
139 124 2
109 27 2
8 148 3
85 140 2
38 119 2
17 131 3
100 94 4
103 26 2
148 139 2
79 149 2
71 119 3
21 15 1
23 90 2
62 133 2
52 133 2
45 81 4
72 56 1
46 23 4
96 34 1
25 7 2
36 85 4
45 85 1
83 21 2
140 139 3
146 124 4
100 129 2
96 16 4
32 41 2
106 73 4
22 119 4
6 46 1
44 101 3
104 127 4
7 66 2
36 149 2
37 63 3
129 71 2
2 91 1
62 45 3
63 96 1
88 66 3
63 38 1
34 125 4
54 106 2
95 9 4
145 113 4
64 100 4
81 33 4
50 149 2
10 84 1
39 97 4
125 106 1
143 40 4
49 28 4
21 134 2
42 39 1
6 33 2
93 86 3
116 63 4
60 50 2
91 3 2
0 119 1
83 57 1
103 92 3
85 6 3
16 114 1
75 147 4
128 76 3
54 15 4
4 85 4
14 125 2
79 91 4
57 64 4
45 69 3
25 11 2
75 90 3
12 15 2
39 4 4
101 10 4
89 20 3
66 141 2
23 104 4
127 148 3
134 84 1
15 136 4
90 37 4
99 117 4
65 98 4
33 109 2
71 53 3
29 48 1
10 102 4
131 139 3
18 23 2
69 95 2
6 124 2
29 149 3
102 97 3
14 92 4
100 19 2
79 89 4
48 138 1
77 132 4
131 128 4
90 18 1
51 6 4
58 69 2
57 38 2
87 67 3
68 74 3
94 74 1
77 101 4
126 108 4
21 46 1
112 125 2
62 80 4
8 44 1
141 33 4
92 17 2
27 67 1
115 72 2
120 75 4
95 133 2
49 147 3
80 54 1
121 137 4
6 5 3
77 59 2
60 21 1
48 131 2
11 29 4
36 139 2
73 85 1
146 53 1
61 23 1
22 19 1
59 49 1
46 129 3
66 48 3
22 74 2
147 125 3
81 108 3
128 11 3
44 59 2
142 109 2
6 13 2
132 70 2
34 143 3
13 48 1
15 101 3
24 57 4
75 63 3
139 95 3
52 62 4
5 66 1
51 57 1
97 35 4
129 97 4
50 17 4
74 73 3
100 99 3
130 79 4
3 75 2
13 80 1
100 88 3
17 130 3
116 58 1
65 3 4
7 111 2
120 5 4
42 89 4
138 3 2
137 75 2
106 50 4
55 42 3
3 14 2
40 28 2
9 147 1
69 135 4
19 47 3
14 46 2
99 89 3
118 144 2
125 51 2
89 127 1
87 70 1
95 59 3
72 26 1
98 112 2
35 130 2
17 59 1
18 70 3
36 83 1
84 80 3
33 134 2
97 18 2
44 130 2
73 78 3
115 78 2
75 77 3
132 11 3
67 45 3
65 18 3
148 75 3
70 104 1
5 70 1
72 99 2
34 121 4
64 90 1
21 18 1
102 49 2
9 32 4
36 44 4
12 106 4
3 85 2
27 139 1
130 30 2
17 65 1
103 118 1
12 120 4
102 112 1
46 60 3
118 2 4
99 35 3
17 30 3
7 144 3
48 32 3
149 82 1
139 55 1
7 88 2
139 113 4
78 61 1
103 113 4
56 84 3
127 44 2
77 51 1
33 142 4
50 86 3
6 31 2
121 35 3
131 120 3
45 21 1
67 66 3
126 60 4
58 23 3
62 67 1
24 10 2
54 128 1
107 34 3
43 129 2
32 142 2
7 21 1
101 104 2
66 52 1
112 23 3
16 91 4
31 45 4
10 40 1
32 83 2
111 62 1
24 29 3
140 122 2
76 135 1
59 4 1
132 44 1
80 52 2
39 146 2
47 33 1
56 98 3
42 83 4
144 122 1
54 35 1
149 37 4
100 135 3
50 85 4
128 132 2
5 40 3
96 37 3
122 101 1
1 54 1
124 53 4
21 48 2
10 130 2
45 6 3
1 11 1
76 104 1
39 55 2
146 31 2
33 74 2
144 113 1
7 119 3
102 114 4
3 64 1
111 76 4
118 98 4
55 99 3
107 5 2
7 12 1
96 32 3
51 149 2
5 134 3
76 41 2
23 149 2
23 0 3
65 59 2
30 128 3
13 109 2
99 123 1
4 32 1
3 128 1
46 62 2
119 113 4
94 82 3
4 147 1
41 18 3
114 5 4
22 137 1
102 147 3
68 16 4
76 130 2
76 146 4
125 149 3
8 17 4
60 118 3
63 97 4
140 133 2
0 141 2
148 80 3
132 139 4
48 20 1
122 106 2
92 77 3
48 19 1
117 36 3
114 2 2
14 136 1
20 146 4
50 81 3
74 4 2
60 8 3
90 55 4
121 107 2
128 85 3
2 147 4
107 47 1
110 114 2
70 10 2
113 17 3
126 4 1
98 46 3
137 45 1
85 80 3
58 68 2
11 2 3
129 112 1
99 85 4
106 41 1
26 37 4
94 29 1
4 40 4
146 102 2
45 37 3
1 92 2
121 85 1
123 100 2
27 17 2
116 120 4
10 134 4
6 141 1
64 70 2
130 126 3
62 73 4
100 73 1
62 3 4
52 96 3
85 39 2
117 20 1
123 134 4
123 15 3
42 54 2
1 66 1
14 31 4
99 121 1
105 70 1
110 89 4
50 97 2
84 113 2
43 46 3
122 83 2
1 90 3
67 95 3
47 116 4
27 79 4
27 87 3
64 30 3
117 144 1
40 57 3
73 125 4
109 20 4
124 119 3
116 9 2
19 77 4
37 83 4
111 125 2
70 21 2
119 121 4
25 112 2
139 25 1
144 140 1
100 34 4
24 118 1
17 99 3
35 51 3
117 97 2
4 15 2
26 15 1
49 31 2
99 119 4
34 112 3
30 70 1
29 102 3
54 13 3
103 111 3
126 147 1
129 33 3
57 62 3
53 23 2
11 127 3
149 69 3
107 67 3
93 108 4
103 54 3
12 13 1
46 52 2
105 149 3
73 133 1
69 1 3
144 42 2
116 74 3
103 107 4
10 149 4
55 148 4
116 92 1
83 137 4
107 149 1
77 32 1
33 116 3
79 102 4
98 85 3
39 114 4
69 138 3
88 149 1
131 40 1
77 126 1
43 147 2
149 43 4
37 22 2
75 129 4
101 0 1
134 86 4
100 119 2
120 89 3
88 12 2
53 13 1
125 114 4
7 57 1
9 83 2
0 66 4
132 20 1
125 13 1
114 99 2
130 41 4
94 1 4
39 54 1
7 1 1
111 23 1
59 2 4
0 73 4
144 109 4
125 92 3
11 49 1
46 105 1
71 43 3
106 39 1
133 16 4
99 113 2
127 63 2
53 33 4
136 43 4
108 11 3
38 20 3
65 122 3
47 48 1
76 86 4
54 88 1
10 5 4
33 51 3
137 132 2
142 42 4
111 127 4
97 65 1
93 61 4
94 68 1
139 149 4
134 127 3
130 81 3
58 108 3
84 121 3
133 28 3
91 129 2
60 29 3
138 19 2
97 48 2
24 92 2
128 127 1
34 36 4
76 141 2
50 77 1
125 12 2
46 78 3
119 144 1
47 44 3
13 140 4
122 121 2
69 92 1
22 116 1
120 27 4
127 10 1
20 123 2
19 116 4
133 58 3
20 144 3
140 134 3
100 3 1
108 69 4
30 144 2
60 9 2
37 14 3
40 108 3
99 102 4
83 16 4
49 113 2
38 100 2
91 21 3
42 3 3
82 41 2
43 12 1
94 57 4
119 53 1
109 69 4
5 81 3
67 61 3
28 100 4
26 2 2
136 69 2
71 147 4
56 10 3
54 144 2
67 84 4
23 82 4
124 110 4
128 115 2
90 133 3
13 63 1
0 3 2
18 94 1
121 37 3
31 128 3
138 6 4
64 129 3
74 47 1
125 126 3
99 66 2
121 63 3
1 55 3
115 21 2
102 66 2
12 56 3
45 124 2
93 33 1
122 142 4
2 141 4
58 47 3
52 9 2
51 14 4
84 39 1
120 51 3
111 51 3
12 97 4
41 44 3
16 45 1
147 47 1
46 34 2
108 75 1
84 88 4
148 1 2
71 44 1
90 80 4
80 64 4
96 62 3
71 106 2
65 109 2
108 92 3
88 91 4
57 98 3
54 12 2
54 90 4
67 9 3
41 8 1
54 21 4
66 146 2
141 75 2
29 76 2
7 49 4
66 46 3
116 124 2
90 45 2
137 44 1
55 7 4
72 65 3
66 74 1
16 64 2
91 37 2
55 24 4
74 5 4
124 81 4
138 126 3
90 100 1
6 115 4
33 149 3
109 105 1
107 147 1
145 0 3
119 41 2
65 15 1
70 34 1
6 133 2
140 132 3
30 60 3
145 23 3
107 22 2
149 7 1
68 75 3
7 83 3
2 17 2
137 64 2
122 10 4
55 91 2
18 140 2
144 37 2
116 86 2
96 8 3
107 39 4
51 30 4
39 105 1
47 120 1
106 38 1
117 132 1
64 49 1
123 142 4
122 89 1
25 74 2
77 60 3
109 55 2
111 87 4
113 65 4
50 44 1
66 72 4
18 125 3
29 4 3
23 128 4
78 21 4
45 63 4
88 77 4
35 26 4
98 7 3
113 121 1
119 148 1
29 92 4
6 91 2
135 6 2
52 2 3
19 24 1
3 13 1
21 101 4
7 63 2
99 76 2
93 73 2
20 88 1
49 23 2
67 145 4
11 81 2
32 75 4
16 40 3
112 108 1
29 53 3
39 86 2
27 8 4
15 121 2
47 91 4
12 124 2
60 72 4
86 0 3
104 58 1
82 79 1
118 136 1
71 85 3
16 78 4
28 98 1
34 53 2
62 19 1
36 30 3
35 104 1
77 124 4
22 36 4
80 125 1
28 4 4
108 83 4
5 24 2
55 116 3
74 11 1
8 145 3
30 59 4
120 42 3
30 104 1
148 33 2
60 7 2
49 96 1
84 140 1
38 123 3
92 87 2
87 143 4
51 117 1
39 1 4
97 134 3
58 121 1
54 20 3
95 58 2
98 138 1
120 86 1
60 70 3
42 27 2
73 36 2
105 139 2
114 115 1
127 49 1
122 145 4
37 109 1
98 122 2
29 44 2
119 146 1
134 102 4
22 68 3
110 70 1
132 79 3
110 87 3
26 67 3
57 22 2
58 93 3
21 58 1
133 87 2
64 32 2
17 148 4
86 142 3
96 126 2
36 74 3
33 26 3
40 123 4
102 40 4
127 142 1
108 129 3
94 70 1
65 99 2
120 84 1
27 18 3
4 19 1
7 44 1
72 11 3
62 39 2
19 88 2
89 95 3
25 125 3
30 96 2
49 134 3
42 91 1
136 4 1
97 33 3
103 22 1
9 27 4
72 55 2
50 87 3
102 92 3
95 10 1
99 136 4
10 140 3
142 57 2
59 140 4
134 30 1
73 34 1
94 143 4
17 149 3
133 75 2
102 74 2
108 22 3
136 140 3
111 27 2
37 0 1
129 125 3
110 16 4
90 41 4
108 5 2
13 94 1
138 142 1
92 90 4
24 20 3
8 53 4
47 29 2
112 39 4
126 62 4
80 10 3
70 66 3
85 114 3
105 18 4
74 103 3
0 68 2
85 35 2
3 94 4
35 5 1
50 22 2
60 92 1
73 90 4
46 32 4
127 56 3
87 57 1
126 122 3
88 105 4
24 62 1
123 135 3
11 98 1
42 48 3
147 16 1
75 44 2
61 9 3
134 83 4
0 9 1
4 144 2
78 135 4
43 130 4
112 6 1
113 75 1
80 98 1
126 0 3
98 136 4
27 147 2
125 107 4
146 10 2
13 20 3
73 132 1
55 68 4
143 88 4
97 57 1
106 13 4
11 24 3
2 7 4
129 26 3
40 12 3
92 71 2
31 136 3
110 83 2
75 64 2
96 24 2
149 122 1
92 146 1
42 52 1
52 84 3
34 92 3
15 23 4
130 138 1
55 103 4
96 77 3
33 14 1
65 45 3
102 106 1
43 128 2
83 143 2
110 35 3
136 24 2
38 104 2
104 88 3
129 135 2
113 105 4
78 0 2
41 120 3
140 77 4
83 128 1
101 8 3
74 52 1
29 58 2
131 80 1
144 86 2
147 113 3
9 16 1
141 82 4
80 61 1
48 63 1
123 121 1
34 118 1
68 72 4
61 113 4
54 37 4
38 17 4
66 114 1
96 89 1
5 140 3
22 143 2
129 127 1
71 45 2
114 142 4
137 85 2
14 26 1
15 110 4
147 33 3
7 95 2
76 100 1
59 127 4
3 117 4
111 71 1
17 4 2
102 109 2
97 42 1
87 138 4
127 139 4
0 91 3
140 38 2
77 33 3
149 112 1
81 79 4
53 121 3
33 118 3
116 53 4
109 85 4
98 22 1
108 84 2
7 14 2
4 63 3
103 11 4
9 89 3
62 95 3
104 91 2
112 56 2
119 49 4
130 125 4
143 125 1
13 103 4
43 25 2
131 4 2
101 28 2
107 43 2
31 91 1
98 12 2
3 60 2
51 119 1
141 51 3
29 127 4
121 57 3
65 30 1
124 99 2
76 3 1
33 55 2
103 46 1
77 65 3
12 142 4
90 7 2
91 40 3
72 134 4
29 0 2
149 121 2
128 57 3
70 78 3
143 126 1
114 107 2
46 146 3
117 93 1
91 70 4
79 31 1
26 138 3
75 74 3
126 53 4
73 87 2
67 143 4
112 81 2
61 41 1
146 27 4
65 132 4
17 146 4
67 94 2
76 89 1
0 89 3
34 71 3
68 98 3
57 41 4
71 127 3
106 35 2
99 34 4
148 54 2
34 11 3
60 13 3
104 148 2
97 9 1
135 64 4
82 84 2
32 110 3
58 5 4
79 47 2
118 13 1
90 52 2
80 79 1
44 95 3
19 49 2
80 51 2
45 41 1
110 138 3
64 115 4
114 84 3
73 81 2
46 82 2
73 126 3
110 41 3
47 56 1
4 73 3
70 48 4
122 51 4
75 107 3
136 28 4
103 4 3
48 51 1
55 119 1
117 118 1
9 4 2
98 48 1
42 93 4
97 30 3
20 98 4
49 78 3
31 0 4
127 46 3
51 69 4
27 76 2
87 29 3
142 101 4
57 72 1
73 117 4
48 7 3
15 51 1
8 7 4
57 42 1
120 29 1
35 72 4
130 52 1
18 2 2
72 91 1
117 140 3
66 49 4
122 37 1
28 142 3
43 34 4
26 47 4
48 16 1
36 103 1
57 70 2
53 103 4
143 131 2
11 79 2
145 69 1
12 104 1
87 107 3
67 111 4
33 135 1
128 80 1
33 66 3
121 45 2
38 44 2
54 44 2
117 15 3
98 114 1
64 132 3
41 121 4
76 84 1
139 130 1
16 148 3
122 45 4
69 147 2
44 138 3
67 13 2
59 5 4
80 31 1
74 77 3
144 125 3
48 85 2
42 46 1
130 1 4
79 90 2
107 74 1
84 4 1
2 94 2
31 9 4
105 115 3
65 131 2
127 77 3
19 99 1
30 111 1
60 133 3
98 69 3
73 121 2
138 103 2
50 116 1
141 87 3
73 10 4
54 67 1
58 86 3
124 118 2
47 11 4
101 98 1
77 57 1
94 42 2
50 75 2
116 137 3
7 58 3
68 110 4
113 45 4
146 26 2
77 134 1
22 99 2
11 45 3
36 129 2
37 31 4
53 56 2
55 104 1
130 80 3
84 131 2
100 69 1
148 113 2
89 88 1
144 89 1
64 98 3
95 19 4
39 51 1
17 105 2
117 129 1
74 63 1
117 128 2
44 72 3
67 31 4
4 101 1
62 121 2
86 46 2
84 147 2
130 137 1
0 130 4
76 93 1
23 83 3
77 121 3
143 27 4
116 96 4
107 108 1
79 60 2
0 112 4
101 94 4
112 137 1
84 100 3
94 26 4
40 106 2
10 87 2
75 132 4
82 38 1
73 59 2
27 29 1
77 13 2
119 143 2
144 65 3
80 41 2
35 146 4
54 49 1
5 93 3
92 19 2
41 99 1
106 124 4
141 8 1
114 139 1
92 75 2
102 42 1
57 144 3
119 131 1
100 118 2
12 9 4
115 46 4
11 62 3
92 100 3
79 25 4
22 35 3
43 81 4
110 117 4
44 83 2
43 74 4
139 98 2
134 75 1
50 40 3
14 30 1
104 39 4
15 112 4
12 4 1
111 42 4
116 82 1
122 137 4
69 120 3
145 16 2
21 39 4
70 13 3
54 127 4
125 89 3
73 143 3
46 39 3
123 95 1
99 42 1
148 118 4
130 119 4
76 21 3
76 12 3
141 72 3
78 119 4
131 63 1
112 1 1
12 115 2
15 24 1
95 61 4
75 73 4
142 104 1
36 70 4
39 38 1
72 130 1
57 108 4
132 31 3
131 99 4
27 33 3
91 63 2
22 67 1
10 63 4
91 64 2
91 112 2
119 87 4
14 135 1
124 96 3
93 140 4
120 128 3
100 20 3
87 82 4
63 68 2
97 27 2
23 29 2
91 136 1
88 50 2
27 2 2
147 44 4
127 15 2
49 114 1
118 104 2
36 133 4
125 21 3
84 63 2
51 23 4
7 93 2
86 53 1
88 122 4
99 21 4
142 92 1
47 78 4
138 42 3
79 93 2
64 122 3
22 28 3
113 149 1
50 26 4
145 64 2
58 117 1
40 23 1
15 109 4
30 75 2
11 26 3
101 65 2
125 32 4
132 115 1
100 43 3
66 25 3
21 26 1
114 30 1
41 78 4
79 64 4
12 129 3
122 128 1
71 32 1
2 121 4
5 12 2
137 57 4
57 39 3
142 113 1
136 116 1
118 123 3
20 27 1
83 147 4
42 123 1
71 126 3
16 85 4
30 77 1
86 14 2
66 56 4
85 61 1
48 46 2
32 55 4
8 70 4
142 64 3
0 92 3
5 83 2
42 101 2
31 125 1
31 84 4
2 107 2
18 32 2
130 135 3
26 127 4
6 111 1
88 56 3
132 30 4
12 6 1
129 11 4
31 73 2
142 135 4
57 103 2
135 90 3
136 123 2
130 29 3
32 137 1
95 82 1
80 108 4
49 85 1
5 50 1
137 16 1
40 112 4
134 65 4
92 38 3
126 79 3
12 114 3
67 79 4
65 46 1
54 105 2
1 93 2
104 64 3
143 147 2
141 61 4
43 9 2
21 121 3
2 100 1
108 47 4
95 132 2
41 63 4
135 11 1
21 61 1
123 104 4
82 25 3
36 42 4
59 53 3
122 74 2
93 69 2
37 76 3
61 4 4
52 102 4
124 47 1
112 111 2
42 5 2
53 94 2
46 0 1
2 9 3
76 149 4
56 134 4
114 6 3
35 57 1
61 122 3
89 117 4
9 42 2
17 9 3
75 146 1
19 16 4
21 138 3
21 85 4
35 114 2
87 137 2
128 106 4
109 9 2
148 41 2
49 79 3
28 89 2
106 116 4
71 134 3
127 123 3
30 137 1
130 92 2
89 73 3
67 91 2
44 109 4
149 31 1
52 145 4
12 127 1
102 89 3
38 86 3
92 25 2
111 4 3
25 21 3
69 6 2
109 145 4
24 36 4
113 18 3
118 38 2
34 76 4
130 97 2
14 91 1
100 113 3
30 147 1
38 76 4
47 41 4
63 16 2
41 126 3
132 90 1
34 66 1
57 69 1
106 97 2
105 27 1
113 81 3
37 73 2
3 11 2
62 60 4
16 149 3
23 30 3
122 79 3
45 126 4
96 31 4
3 51 2
90 6 4
110 80 4
110 102 4
26 12 4
55 113 1
20 95 2
123 108 2
92 11 4
107 21 4
32 116 3
21 140 4
102 24 2
63 49 1
60 117 1
124 37 2
106 22 2
107 139 1
6 87 3
49 75 4
36 19 3
86 99 3
116 107 4
23 110 3
64 56 1
72 118 2
82 128 3
74 93 2
57 146 2
95 24 4
96 111 2
26 98 3
10 79 2
39 128 4
21 82 4
72 17 2
123 101 3
81 106 3
92 9 3
54 7 4
99 56 3
5 46 2
92 123 4
34 115 2
10 75 3
6 144 3
43 8 1
73 70 1
38 19 3
1 57 4
132 146 1
96 136 4
44 105 3
128 75 1
5 111 4
94 133 3
46 114 2
111 115 2
103 21 1
70 41 2
34 4 4
58 42 3
138 84 2
101 23 4
119 98 2
48 116 1
43 2 3
23 75 4
65 107 1
116 130 3
25 56 2
48 100 4
102 137 4
30 139 3
42 31 4
131 32 1
5 4 4
58 102 3
41 58 2
8 91 2
42 145 4
81 67 1
48 109 4
143 44 2
45 117 1
97 112 2
64 8 2
27 93 3
106 104 2
144 67 4
39 52 4
62 49 2
12 70 2
149 49 1
3 8 4
109 140 3
17 29 1
10 76 3
22 145 4
61 37 3
107 112 1
56 90 2
101 146 4
25 33 4
135 80 1
137 146 2
109 38 4
13 113 2
21 147 1
146 78 1
129 81 2
82 64 3
27 12 3
6 101 4
61 43 3
56 111 3
137 123 3
104 33 1
143 33 3
127 34 2
67 122 1
91 87 3
108 143 4
117 104 2
84 119 4
26 140 3
21 113 2
27 56 2
61 39 2
133 48 2
78 82 3
102 28 1
51 130 1
34 20 4
120 107 1
41 33 2
41 11 2
80 124 2
105 68 4
97 101 1
143 89 3
129 28 3
16 36 3
31 93 1
72 145 3
74 54 1
17 56 1
31 87 1
95 21 4
103 56 2
29 10 4
114 57 3
46 64 2
34 91 1
7 139 2
102 105 3
66 18 3
103 50 3
39 137 1
79 70 2
51 143 3
109 143 4
19 57 4
80 8 3
139 39 3
84 38 3
102 95 1
110 105 1
3 109 3
75 80 2
118 76 4
114 74 2
41 14 1
12 99 4
30 25 2
43 146 2
148 51 2
93 95 4
62 61 4
11 105 1
73 3 3
48 39 1
74 8 4
53 64 2
19 5 3
18 50 4
122 117 1
95 65 4
145 138 3
134 28 4
134 138 2
24 17 3
13 110 2
138 23 4
74 111 2
147 78 2
1 116 2
61 10 1
118 135 1
82 77 3
112 43 4
111 113 2
24 103 4
61 75 3
1 133 2
122 100 3
27 54 3
101 39 1
20 53 2
11 61 2
6 9 3
3 144 1
86 96 4
17 14 4
23 105 3
128 147 1
99 43 3
19 20 2
21 1 1
20 22 3
137 145 2
56 123 3
13 88 3
34 3 2
145 142 2
24 132 1
26 92 2
115 51 4
25 147 3
87 78 4
60 91 4
122 41 2
15 29 1
101 141 4
113 135 4
82 121 4
130 9 3
106 66 4
86 111 1
14 13 1
78 93 4
47 28 2
138 129 1
105 4 4
149 28 4
82 17 4
91 50 3
113 38 3
59 50 3
75 19 3
21 24 4
46 8 1
65 5 1
28 104 1
49 26 1
56 120 2
103 104 1
26 104 4
31 142 3
38 16 4
20 119 2
128 107 4
113 129 4
91 28 3
30 66 3
115 47 2
20 25 4
24 69 1
132 2 2
45 79 1
2 12 3
75 40 3
137 53 1
1 60 4
91 133 4
98 8 1
103 126 3
98 50 2
73 102 1
139 19 1
29 9 2
127 118 4
52 67 1
58 138 2
145 76 3
53 147 3
96 118 4
36 1 1
42 76 4
137 6 4
87 79 3
88 79 3
88 133 3
40 79 2
3 103 2
27 73 3
11 6 1
144 126 3
45 72 2
0 4 3
100 108 3
31 126 2
108 10 4
5 37 1
67 32 2
64 42 4
4 115 2
133 85 2
72 25 1
23 133 3
99 62 3
38 68 1
49 82 1
80 68 2
146 64 2
112 90 2
3 9 2
53 30 2
113 104 4
148 14 2
108 138 1
91 86 4
20 73 1
5 126 3
124 145 2
117 133 1
117 81 3
70 147 1
134 94 1
28 79 1
28 17 4
5 122 1
84 26 4
10 82 3
72 19 3
96 46 2
136 59 1
115 98 1
80 102 1
10 107 3
75 72 4
17 76 1
44 34 2
55 89 3
30 37 3
145 54 4
140 70 2
125 138 4
0 70 1
74 20 2
95 76 2
75 58 4
92 145 1
45 134 3
48 142 3
41 7 4
71 30 2
35 14 4
92 48 3
21 79 2
77 0 1
10 85 2
73 11 4
74 38 2
35 93 4
106 11 1
43 31 1
84 99 1
22 138 2
18 0 2
28 99 4
5 128 4
35 137 2
148 71 4
35 148 1
109 34 4
1 81 1
128 15 3
105 87 1
120 98 4
118 25 1
66 87 1
42 47 2
89 68 1
4 26 4
20 99 3
109 82 3
112 19 1
72 123 1
126 117 2
59 68 4
99 91 4
35 89 2
28 37 2
63 31 3
70 9 4
105 38 1
130 143 2
89 123 2
97 23 2
43 59 3
53 102 3
126 129 3
36 66 4
51 116 4
47 111 2
123 54 4
29 122 2
26 76 2
62 131 4
139 51 3
99 135 2
89 26 3
29 107 1
99 54 4
77 93 4
139 134 1
43 22 3
139 142 2
4 33 3
112 3 3
34 54 3
121 80 1
69 105 3
79 71 4
101 99 1
64 19 4
136 39 4
20 21 4
96 123 2
29 36 3
113 128 2
105 118 3
84 133 2
30 90 1
57 28 3
102 22 2
101 87 4
66 14 2
119 70 4
32 139 2
135 126 2
38 131 1
42 113 2
60 27 4
111 49 4
112 85 4
80 32 2
127 115 2
7 3 3
129 140 3
16 60 1
14 110 1
54 122 3
111 130 3
99 32 1
116 147 4
143 19 1
32 103 3
67 119 3
145 37 3
22 95 1
149 129 1
74 79 3
89 60 4
119 31 1
5 62 3
37 99 1
66 27 1
89 111 4
95 136 1
128 72 4
117 11 2
25 16 2
106 145 2
21 146 3
131 30 1
77 87 1
59 110 3
8 124 2
115 70 4
98 108 4
40 85 1
121 18 4
17 3 1
9 145 1
139 109 3
53 101 3
42 82 2
107 58 2
43 76 4
100 18 3
114 41 4
102 125 3
118 128 2
100 111 2
22 105 3
1 20 3
79 111 4
98 3 2
54 141 1
109 42 4
9 112 2
44 89 2
3 137 4
26 125 1
68 45 2
147 55 3
88 58 4
118 97 4
117 80 1
136 68 2
70 108 4
108 64 2
40 18 4
76 98 1
129 62 2
124 20 4
131 79 1
108 0 1
66 2 1
5 14 2
16 4 4
28 96 2
26 137 4
45 78 2
26 22 2
107 76 2
94 6 4
38 54 4
27 48 3
82 125 4
107 131 3
97 2 1
3 41 3
65 42 1
138 47 2
6 95 3
144 141 2
45 105 3
115 28 1
101 74 4
34 1 1
22 115 2
46 84 1
128 145 1
142 62 4
120 110 1
13 83 3
146 38 4
78 1 4
44 69 4
54 43 1
27 61 2
44 145 4
90 86 4
101 113 1
136 105 2
81 116 2
133 113 2
37 62 1
95 77 4
74 99 1
57 116 1
31 69 4
118 61 2
149 21 2
25 85 4
52 1 1
26 27 1
12 121 1
73 41 1
68 15 3
84 75 2
126 35 4
91 39 4
24 58 3
7 36 1
17 116 2
83 135 4
72 116 2
132 119 4
2 69 2
49 72 1
114 113 2
95 113 1
23 50 4
121 104 3
61 140 3
77 146 4
124 60 3
17 142 3
25 28 2
70 16 4
3 18 4
136 44 3
69 112 2
142 124 3
143 114 2
33 15 4
98 47 2
147 97 1
83 45 2
15 73 4
39 50 3
76 68 1
144 75 3
61 112 3
30 54 2
57 61 4
56 118 2
92 61 3
93 128 4
1 84 1
27 114 2
2 23 2
132 110 1
145 136 2
2 76 1
67 21 2
141 67 1
24 73 4
125 8 1
53 84 2
101 135 3
119 52 1
107 73 4
100 98 3
48 124 3
62 147 3
50 90 2
61 71 1
29 100 1
117 5 4
102 60 2
45 97 1
30 113 2
69 128 1
59 25 3
90 39 2
117 79 4
133 79 2
105 50 1
58 142 1
78 55 3
121 136 3
103 112 1
87 113 4
11 46 1
36 107 1
88 48 2
43 125 2
125 36 3
22 101 4
128 146 3
108 79 4
96 147 3
54 89 1
43 4 4
118 18 1
85 43 2
31 72 2
149 12 1
119 85 3
17 136 4
40 129 1
107 52 1
104 5 1
30 101 2
2 98 3
10 59 1
27 34 2
91 4 1
32 111 2
38 51 4
58 134 2
37 15 3
124 51 3
18 51 4
84 125 3
101 136 1
118 95 2
124 11 1
104 126 4
91 121 4
141 73 4
58 40 1
18 103 4
125 29 1
96 50 1
35 50 1
146 86 2
89 81 2
59 106 1
94 71 3
92 50 4
23 96 4
101 83 4
50 25 2
34 146 4
57 63 3
24 133 2
55 19 2
109 84 2
112 116 2
130 61 4
35 7 1
143 74 3
107 50 2
81 84 4
144 83 2
7 114 2
100 87 4
66 145 3
114 132 1
102 116 1
101 124 4
27 112 1
12 132 3
4 56 3
11 113 3
83 15 2
121 108 3
89 124 1
26 134 1
85 68 2
143 65 1
117 107 2
20 102 1
139 10 2
10 26 4
99 140 2
58 119 1
140 138 1
47 68 4
106 141 4
25 36 4
114 31 3
84 106 3
31 17 4
71 80 4
38 45 2
115 81 1
46 102 4
32 3 2
132 142 3
43 45 4
11 88 4
84 69 2
43 6 1
89 40 2
71 37 2
44 106 1
48 93 4
103 34 4
109 43 2
38 30 4
147 22 3
49 69 1
135 39 2
126 40 2
7 34 4
136 49 4
10 37 1
5 130 2
134 68 3
9 122 3
56 139 3
28 48 3
50 20 3
59 64 4
78 75 1
105 64 3
29 86 1
131 144 3
55 144 2
6 88 3
81 57 1
123 126 1
53 100 2
129 27 3
18 9 2
44 22 3
113 76 3
39 122 2
26 110 2
22 84 4
83 145 4
28 138 1
115 37 4
109 18 2
97 36 1
94 126 4
100 115 1
79 92 4
128 64 1
57 2 2
90 116 3
83 29 4
105 25 3
7 134 1
48 17 4
44 48 3
118 74 3
132 15 3
43 75 1
55 44 1
129 85 2
56 89 2
108 91 4
49 13 1
8 18 3
112 86 4
54 98 1
66 65 1
129 70 3
17 73 3
97 34 2
19 135 3
0 133 3
15 9 3
65 100 1
23 74 2
136 45 1
131 138 3
50 130 3
63 52 4
68 11 1
146 42 3
100 42 1
53 68 2
100 32 4
10 142 4
68 70 4
110 27 4
52 36 1
96 60 2
145 79 1
4 70 2
26 120 3
45 70 1
69 148 1
67 134 3
6 102 1
107 4 3
45 19 4
34 101 3
67 104 3
4 123 4
41 54 3
80 147 4
85 83 4
96 109 4
90 94 4
68 50 2
77 6 4
148 135 1
41 87 2
79 124 4
7 116 3
12 103 4
114 127 4
57 71 1
54 64 3
92 107 1
2 38 1
35 78 1
38 24 1
77 114 1
89 128 3
135 28 1
75 39 1
64 113 3
117 103 4
120 62 3
82 62 4
76 102 3
108 34 1
131 106 1
146 93 1
14 109 2
15 129 2
60 146 2
143 80 1
43 83 4
132 133 4
108 147 2
57 59 3
9 8 3
93 103 2
94 104 1
32 62 4
74 115 1
66 95 4
105 126 4
110 9 4
137 13 3
64 10 3
7 37 2
89 14 3
58 118 2
118 109 2
86 82 4
20 58 2
20 137 2
144 1 3
4 18 2
55 77 4
85 108 3
75 89 3
85 127 4
15 84 2
70 42 1
94 139 4
49 121 1
48 0 2
111 107 1
10 98 1
23 42 1
97 70 1
69 90 1
6 18 1
95 124 3
73 65 1
108 53 4
18 49 3
91 78 3
92 21 3
23 28 4
13 41 1
71 117 4
37 56 2
75 96 2
132 22 1
112 55 2
60 71 3
105 145 1
34 22 1
3 61 4
41 104 1
43 101 1
63 28 4
1 47 3
31 130 4
59 108 2
2 46 3
106 56 2
137 118 2
73 128 3
37 32 3
83 131 1
50 48 1
112 117 4
39 66 4
125 22 3
31 97 4
101 31 4
10 104 4
78 137 3
33 20 1
16 2 4
46 54 1
10 42 1
26 23 1
74 96 3
24 40 3
83 95 2
4 97 4
85 141 4
149 126 1
118 84 4
140 22 2
57 129 2
93 92 4
128 37 3
87 106 2
130 95 3
94 135 3
85 122 2
36 4 2
34 42 3
11 63 2
128 58 2
6 57 4
80 44 1
83 104 2
79 138 3
42 56 2
86 149 2
32 30 2
12 93 4
149 52 4
105 124 1
105 79 2
37 68 3
75 35 1
129 114 3
141 23 1
79 8 1
132 145 1
68 1 3
105 43 3
136 109 2
72 40 2
40 139 1
29 37 4
61 108 4
133 77 4
61 52 2
15 116 2
17 71 2
18 25 4
12 57 4
105 146 1
131 51 1
28 88 1
82 103 2
6 82 4
59 3 1
112 106 1
32 112 1
77 144 4
91 116 4
105 37 4
23 131 2
13 65 1
3 107 3
9 78 1
14 16 4
41 53 3
102 133 1
95 98 1
120 145 3
94 79 3
28 15 2
63 67 3
149 41 2
126 132 2
16 20 3
2 95 1
108 68 3
118 50 1
142 140 2
140 143 1
65 6 1
43 24 1
116 138 4
23 88 4
82 147 4
144 33 4
62 77 1
59 94 4
23 69 4
130 39 2
108 94 1
76 52 2
115 44 2
134 74 2
75 127 2
121 125 1
128 97 1
57 138 4
59 105 1
45 3 2
19 132 2
90 111 1
99 81 4
7 16 1
95 91 1
26 71 1
84 146 1
79 85 1
81 3 3
63 77 4
31 106 2
56 58 4
30 18 2
57 85 2
79 68 3
119 101 2
72 0 1
96 130 4
92 62 4
13 117 4
40 62 2
95 40 1
63 83 1
27 133 1
91 54 2
71 141 2
114 97 2
15 120 3
63 120 1
5 89 3
25 94 2
31 30 4
113 102 1
149 54 3
17 86 4
95 12 1
130 68 2
59 82 4
147 34 2
87 83 2
22 78 2
81 21 2
105 53 3
37 107 4
145 18 4
48 149 1
41 55 4
82 80 2
104 63 1
121 4 3
90 141 2
78 108 1
30 102 3
146 144 3
109 70 3
38 27 1
68 140 2
84 6 1
94 136 3
43 53 1
110 81 1
36 109 2
33 43 2
75 36 2
129 101 3
84 23 4
84 58 4
88 80 4
59 102 1
102 107 1
11 14 4
86 41 4
20 84 2
23 36 1
117 62 1
139 89 1
92 27 2
18 34 2
62 44 3
117 141 1
123 44 1
36 110 1
130 89 2
52 43 3
20 149 2
129 98 3
35 60 2
89 48 2
135 62 1
107 90 1
148 12 1
63 35 3
123 35 3
19 74 4
43 138 2
97 127 2
69 114 1
8 67 1
105 108 2
133 25 3
24 124 3
20 81 2
20 55 3
125 139 4
144 0 1
132 143 4
111 132 2
122 75 1
93 136 3
70 15 2
147 60 2
127 144 2
108 106 4
131 145 1
19 9 2
3 1 1
74 59 3
45 17 1
129 60 4
57 126 2
6 121 3
21 130 3
83 1 4
30 61 1
18 64 4
119 125 1
87 85 3
78 96 2
8 61 4
122 42 4
12 94 4
10 51 3
9 88 1
57 67 3
114 37 2
141 146 4
11 23 2
30 74 4
26 41 2
48 96 3
18 119 1
102 82 4
103 70 4
86 40 2
109 124 4
25 5 4
110 98 3
99 24 2
51 93 3
146 139 3
64 109 4
145 45 4
83 114 4
2 113 1
147 127 2
83 93 3
143 37 4
139 90 1
57 37 2
56 131 2
66 71 3
149 127 4
27 81 2
45 114 4
135 38 2
115 83 1
14 22 4
80 37 4
114 44 1
138 11 2
142 148 1
50 63 1
27 53 2
130 25 2
139 135 4
125 86 3
67 116 4
19 117 4
59 131 4
135 125 1
43 26 2
141 139 2
102 93 4
129 146 3
56 29 2
106 19 2
37 116 3
61 148 1
120 126 2
64 126 2
26 36 4
115 40 3
39 30 3
68 23 4
98 33 2
6 146 1
124 34 1
72 138 4
133 121 2
81 133 4
78 26 2
77 49 2
36 54 4
123 122 4
135 110 3
85 95 1
116 113 1
108 28 1
98 79 4
37 142 3
67 74 4
59 103 1
70 14 3
139 13 3
39 47 1
56 3 1
61 63 1
31 104 3
25 102 1
39 132 1
133 122 2
44 4 2
110 129 4
117 12 4
53 123 2
75 121 2
23 56 2
100 61 2
123 84 2
127 98 3
119 83 1
16 65 4
30 34 2
82 148 4
135 35 3
117 78 2
11 93 2
76 144 1
38 12 4
21 105 3
39 16 1
43 108 2
28 144 1
136 40 4
137 7 2
107 143 2
127 6 1
129 42 1
92 4 1
46 24 1
12 71 4
113 56 4
20 143 4
31 35 4
41 1 1
34 84 3
118 102 1
36 105 1
20 39 4
134 112 2
84 107 1
126 148 3
7 145 2
100 27 1
35 120 1
86 128 3
6 67 2
63 142 3
71 31 2
27 11 2
147 92 2
26 91 4
38 145 4
41 146 1
145 126 2
34 93 2
41 40 3
13 111 1
53 92 2
82 146 3
114 55 2
133 68 3
11 12 1
149 24 4
46 53 2
129 141 1
35 139 4
83 67 3
73 49 1
60 127 2
107 142 4
22 133 3
118 86 2
125 47 2
62 0 1
51 91 2
72 137 2
51 145 4
66 50 4
112 17 2
126 83 1
97 78 4
65 50 2
138 99 2
56 38 4
80 60 2
124 59 4
106 15 2
110 93 2
57 60 1
49 86 1
73 80 3
38 130 1
22 3 3
20 10 3
4 25 4
41 142 2
4 82 4
81 60 4
100 60 1
103 105 1
32 76 4
24 85 2
21 72 2
122 43 1
110 64 2
147 11 4
128 59 1
12 81 3
63 137 1
69 137 1
50 123 3
22 96 1
57 79 4
144 99 2
4 90 3
82 127 3
126 51 3
144 51 3
76 92 1
89 24 1
143 102 4
56 138 2
65 68 4
86 140 2
136 60 1
6 2 4
55 123 4
43 121 1
48 59 4
19 68 4
101 9 3
35 129 4
107 12 1
78 29 4
102 15 3
23 47 4
76 129 1
126 14 2
117 76 3
106 64 4
65 108 3
96 38 1
21 19 2
90 19 4
87 136 3
72 124 1
88 53 3
16 61 2
11 7 2
148 132 1
75 21 4
27 80 2
24 134 2
71 107 3
147 133 1
93 29 2
13 79 1
138 93 3
17 70 3
132 54 4
77 98 4
9 106 2
82 20 3
5 97 2
97 28 1
24 64 1
30 33 2
45 84 1
66 51 4
125 132 3
13 76 1
96 43 4
62 108 4
22 81 4
101 105 4
16 62 3
110 131 1
142 60 3
39 147 3
117 49 2
85 27 3
122 28 3
16 120 2
101 46 3
99 109 4
80 18 4
36 118 3
131 125 1
13 56 2
121 17 3
41 137 1
8 24 1
51 108 4
45 42 1
119 30 3
12 130 1
149 11 1
143 6 2
38 142 3
85 38 4
43 77 2
144 46 2
53 145 1
99 47 2
59 19 4
71 93 4
71 89 2
121 81 3
14 107 2
127 124 2
19 134 2
11 55 1
100 81 2
103 16 4
145 102 2
53 138 4
45 53 3
55 137 3
115 13 3
75 83 3
59 40 2
67 60 4
138 34 1
139 62 3
75 66 1
104 74 4
135 2 2
44 64 4
99 80 1
30 21 3
9 36 1
85 75 4
86 105 1
68 67 1
20 68 4
1 79 1
142 111 2
33 115 1
133 86 4
24 27 1
94 27 2
80 140 3
49 24 1
56 132 1
47 62 2
49 101 2
87 63 1
138 122 3
10 22 1
98 111 3
43 84 2
131 142 2
89 103 2
89 22 3
62 55 2
138 46 2
84 102 2
148 6 2
147 67 3
63 3 3
148 89 1
66 8 4
129 1 3
45 73 2
86 141 1
28 51 3
6 23 1
85 52 3
75 126 1
113 26 2
96 120 1
147 114 2
118 88 1
33 99 1
38 53 3
83 149 1
95 17 3
146 117 4
86 143 1
3 33 2
117 86 3
79 144 3
134 149 4
48 143 3
83 2 1
99 122 2
123 12 4
85 53 2
132 141 1
39 56 4
81 59 4
31 21 4
39 23 3
123 94 3
15 35 2
149 84 4
116 28 4
3 40 4
1 76 4
97 137 1
23 33 2
100 105 3
22 52 1
91 141 2
121 28 3
46 110 2
84 44 1
68 81 4
8 107 3
149 90 4
20 67 1
112 52 3
149 142 4
85 107 4
97 76 4
22 51 1
55 100 1
58 2 2
47 73 1
95 104 2
131 97 4
8 36 2
110 106 3
121 29 3
114 23 4
139 108 1
116 133 4
56 105 2
64 101 1
16 56 4
22 60 2
13 116 3
78 106 2
136 13 1
32 122 3
10 30 4
99 127 1
1 13 1
109 89 3
30 82 1
72 147 1
95 63 4
115 130 3
19 108 3
54 84 2
24 30 2
14 21 4
3 88 4
57 32 4
145 90 3
115 140 3
140 8 3
95 97 3
19 51 4
135 149 2
124 22 2
89 38 2
59 35 2
72 113 2
10 4 3
5 99 2
117 24 1
148 63 2
90 40 4
53 0 3
45 130 2
83 38 1
39 53 3
103 100 3
51 128 3
51 31 1
133 8 4
36 51 1
2 108 3
107 146 2
90 131 3
15 111 1
112 135 1
63 71 4
109 106 2
5 3 1
27 137 4
78 88 3
148 110 3
45 138 3
7 96 1
134 44 4
124 19 1
125 113 2
145 50 4
18 60 3
21 139 4
96 128 2
49 145 3
147 56 2
2 122 1
22 54 4
95 81 2
45 0 2
87 28 4
97 22 2
34 119 1
28 44 4
148 46 4
116 54 4
58 127 3
44 43 4
143 59 1
15 22 2
111 110 2
65 48 2
38 23 1
43 79 3
27 5 3
33 140 2
116 5 3
138 54 4
48 52 4
134 92 2
127 41 4
115 136 3
70 20 1
149 68 4
27 142 3
95 46 1
77 100 3
30 84 1
41 9 3
69 14 1
121 70 2
64 81 3
148 44 2
108 134 2
30 63 1
3 37 1
149 27 2
133 5 1
57 127 4
146 1 1
93 115 3
32 91 3
24 113 4
83 106 1
62 59 2
51 84 1
99 148 1
109 122 3
64 52 4
132 60 4
76 82 2
119 133 2
6 86 3
143 134 2
87 40 4
65 106 2
25 78 4
127 38 1
117 142 2
129 137 1
146 40 1
115 138 4
114 73 1
50 69 2
90 140 3
105 48 1
61 0 2
69 86 3
65 40 1
144 149 4
110 19 1
83 19 2
45 131 1
5 26 2
91 125 1
57 123 2
125 142 4
73 131 1
59 148 3
116 10 2
72 50 4
58 65 4
72 95 3
109 100 4
71 144 3
79 69 3
70 76 3
73 12 3
70 62 4
9 46 4
143 85 3
28 56 2
113 90 2
92 7 1
25 144 3
3 114 1
144 60 2
109 5 4
87 4 1
3 89 3
118 112 1
2 140 1
141 40 3
47 20 1
72 27 2
77 105 3
30 1 4
10 71 3
107 18 2
42 108 4
93 56 3
96 102 4
3 55 4
127 81 4
118 42 2
50 138 4
101 45 1
141 121 4
33 56 4
30 68 1
123 62 1
93 24 4
122 112 2
31 115 3
14 43 2
43 115 2
22 111 4
103 58 1
59 27 2
32 81 4
16 111 1
6 107 1
6 108 2
133 14 1
19 147 3
26 123 1
91 109 1
113 73 2
34 55 2
51 49 1
147 65 1
125 118 3
100 132 2
51 37 1
4 114 2
139 117 4
138 107 1
5 1 1
122 78 4
147 8 3
99 106 4
4 13 1
59 51 3
38 116 2
40 117 4
126 88 1
102 140 1
33 45 3
58 38 1
8 122 4
135 103 3
62 10 4
38 80 3
58 123 1
97 85 4
141 108 4
74 9 3
12 122 4
96 103 2
14 104 3
114 54 4
55 145 3
56 55 2
55 10 1
52 40 4
115 17 1
98 19 2
45 144 2
25 114 3
101 20 3
103 23 3
123 85 4
46 25 3
71 3 1
58 35 1
120 44 4
70 67 1
69 89 3
95 41 3
72 42 3
105 134 3
71 24 4
129 115 4
77 29 2
69 20 4
125 2 2
135 105 3
24 138 4
123 27 3
148 117 3
89 66 2
19 133 2
37 65 2
103 115 1
42 40 1
101 121 3
119 88 3
131 0 3
112 144 2
2 49 2
68 86 1
32 51 1
131 129 3
15 107 4
123 3 3
40 137 2
111 95 2
16 42 4
37 133 4
91 137 2
71 23 3
130 114 4
53 131 2
135 70 3
27 40 2
92 138 1
50 79 3
25 93 4
67 33 2
9 65 3
4 53 3
115 16 1
109 46 4
85 17 4
116 14 4
55 126 3
147 89 2
113 98 4
98 104 1
138 144 1
58 90 3
145 141 2
8 94 1
36 53 4
54 76 4
77 129 3
98 70 4
101 137 1
87 15 3
83 138 1
121 50 4
125 20 1
87 38 2
67 51 2
87 135 1
112 136 2
0 85 4
88 121 4
52 69 2
117 22 3
37 9 4
15 85 3
55 92 2
99 58 2
113 118 1
124 25 3
147 95 4
116 119 4
120 109 1
105 32 2
101 63 4
3 31 4
32 84 4
5 63 4
5 51 4
108 119 4
12 35 4
42 43 3
97 74 4
25 117 4
134 80 1
32 93 2
107 119 4
86 81 4
42 149 1
133 35 4
37 136 3
145 133 4
33 108 4
85 14 3
96 144 1
108 56 3
74 90 2
87 103 2
102 65 2
31 89 3
112 49 2
22 148 4
11 95 4
97 103 2
149 81 4
114 10 4
25 96 3
55 48 4
84 130 1
112 58 2
121 65 1
32 8 1
86 147 3
118 78 2
84 36 1
54 136 2
30 46 3
12 80 4
48 136 4
147 14 2
54 4 2
21 13 1
142 103 1
80 94 4
138 59 2
3 131 3
17 101 3
140 103 4
28 64 1
1 75 4
49 146 3
102 19 4
31 137 4
96 139 3
36 119 4
86 131 1
100 58 4
120 139 1
114 62 1
31 143 4
31 62 3
27 104 2
76 85 3
91 62 2
4 104 2
148 107 3
29 112 2
15 75 1
23 118 1
13 141 4
107 99 3
1 147 3
4 135 3
4 148 3
86 9 4
36 137 1
16 71 4
145 71 2
44 51 2
69 121 2
118 115 1
55 13 2
12 102 3
59 78 2
96 59 4
118 1 4
10 2 4
87 51 1
140 63 3
92 149 3
33 2 2
2 111 2
37 38 2
120 72 2
3 92 3
138 96 1
148 19 2
147 110 4
8 82 3
20 44 4
25 81 1
52 118 2
47 22 3
6 70 3
80 46 3
97 144 2
58 147 1
73 58 4
116 108 1
117 100 1
131 116 3
11 4 2
24 81 2
71 9 3
64 148 2
24 127 4
75 87 1
70 54 2
65 117 1
67 123 2
41 39 4
129 9 4
100 95 3
142 73 2
72 76 3
67 142 2
10 52 3
146 36 1
1 15 3
24 140 2
17 51 2
110 47 4
109 28 1
81 78 2
82 126 3
123 2 4
66 80 2
145 108 4
67 140 4
124 52 1
109 62 2
69 129 1
95 15 4
136 35 2
29 141 1
49 58 1
148 23 4
100 79 2
122 127 4
76 57 4
95 31 3
131 88 1
72 85 2
36 98 2
147 40 3
53 87 4
6 105 4
81 30 3
17 134 1
60 83 1
148 116 2
86 79 1
41 46 1
9 69 4
95 116 3
36 31 4
59 101 1
10 141 4
141 78 4
34 26 3
55 120 1
100 35 2
13 91 4
136 137 3
45 25 1
63 93 4
49 94 2
3 24 2
79 120 2
139 31 3
107 30 3
67 73 2
97 89 1
47 9 1
132 52 2
104 59 1
40 7 1
25 143 4
113 32 4
70 77 3
11 42 3
137 84 1
132 35 3
10 136 3
9 10 4
94 44 3
5 127 3
131 21 2
96 19 4
113 136 4
102 7 1
129 134 4
147 5 1
109 66 3
103 84 1
126 46 1
5 48 1
98 18 2
90 136 4
38 10 2
122 125 1
134 104 4
126 50 2
118 5 2
117 29 2
40 0 3
144 17 3
130 6 1
125 71 3
35 43 4
29 6 1
6 27 4
19 128 1
42 15 2
52 103 1
13 133 4
21 77 3
59 54 4
79 134 4
68 131 4
103 73 2
2 81 2
11 44 3
28 127 2
36 101 4
100 130 1
36 131 3
112 93 1
149 103 3
24 130 1
133 9 1
135 10 4
64 77 3
124 93 1
125 69 4
62 17 1
20 71 4
4 139 3
84 13 3
15 88 2
41 85 2
58 105 1
6 47 3
16 94 1
14 118 1
80 59 1
116 6 2
68 103 4
85 58 4
9 131 2
79 127 3
71 99 1
103 123 3
66 100 1
146 65 4
82 0 3
70 85 2
130 78 2
121 8 4
2 65 1
127 132 3
114 26 4
110 125 1
70 89 4
117 125 4
145 91 1
74 147 2
26 109 2
127 61 4
28 62 2
35 27 2
90 2 1
58 110 2
11 94 2
86 139 4
83 142 1
43 120 4
51 100 1
14 77 1
46 137 2
97 1 1
30 115 3
34 29 2
22 75 4
11 142 4
99 147 3
141 28 2
66 147 4
87 5 1
75 57 3
52 86 1
140 74 2
29 101 4
82 14 3
36 67 2
127 126 3
121 103 2
2 110 2
60 131 2
140 123 4
119 141 2
81 23 1
78 113 1
2 88 1
70 29 4
116 87 4
105 33 4
70 111 1
6 78 4
70 124 1
26 61 3
80 136 1
108 148 1
75 97 4
33 111 4
77 10 4
126 7 1
123 8 4
120 33 3
68 31 1
78 142 3
116 2 3
70 56 4
8 111 1
118 93 1
117 143 3
22 25 3
89 126 2
77 9 3
80 72 1
52 140 1
125 15 2
136 85 3
138 128 2
42 24 3
140 147 3
51 34 2
69 126 1
122 21 2
34 129 1
122 11 4
2 138 2
61 83 3
0 111 2
8 103 4
97 17 1
39 13 4
3 115 3
43 56 3
134 142 1
31 54 3
17 75 3
8 65 4
81 7 1
51 85 3
65 41 1
126 65 4
60 113 1
39 36 4
89 47 3
55 21 1
141 99 3
102 126 4
71 75 1
58 125 1
95 84 3
4 38 1
90 105 4
119 91 1
12 65 1
85 116 2
95 14 2
115 75 3
146 47 1
4 47 1
122 15 2
89 129 1
137 33 4
50 6 1
20 7 2
66 123 3
0 95 4
73 9 4
77 112 2
113 123 4
134 137 4
21 102 3
92 119 1
81 69 2
103 130 4
76 39 4
102 71 1
59 66 1
132 36 2
18 87 3
114 112 1
112 119 1
146 79 3
16 59 4
18 124 3
140 104 4
18 148 4
126 111 3
59 123 4
96 67 1
3 6 3
135 102 2
114 137 2
38 122 4
22 109 3
127 119 3
136 9 4
44 124 1
38 120 2
144 10 1
9 114 1
9 56 3
79 37 2
136 30 2
64 61 2
26 121 1
63 149 2
118 91 3
53 11 1
26 29 4
139 84 4
18 37 2
50 67 3
113 126 1
108 149 2
22 131 1
66 129 2
138 117 2
13 144 2
99 112 3
88 45 1
138 132 1
115 55 1
133 51 1
72 109 4
42 21 3
120 95 4
65 31 4
45 146 3
46 33 4
37 148 1
7 70 2
124 71 2
142 99 4
117 56 3
64 17 4
97 69 2
104 79 2
3 135 2
73 115 4
43 68 3
144 47 2
64 116 4
111 139 1
67 88 3
26 25 1
137 42 2
112 72 2
101 102 3
20 85 4
97 26 2
90 22 1
55 70 4
57 90 3
92 65 1
142 95 3
123 36 3
87 65 3
106 148 4
120 124 3
96 72 3
78 20 1
3 19 3
34 105 4
47 5 4
81 144 3
53 144 4
73 32 1
93 149 1
87 99 2
28 126 4
147 46 4
66 84 1
16 54 4
127 108 4
138 148 3
59 34 2
96 82 4
142 50 4
31 148 1
77 5 3
78 133 3
14 112 1
137 135 3
22 5 3
129 121 2
126 32 4
104 84 1
19 97 4
136 114 2
36 88 4
0 84 1
146 81 3
59 6 2
99 110 2
3 133 2
134 100 2
51 81 4
102 69 3
128 77 3
92 70 1
55 64 1
18 96 4
9 30 3
1 110 3
118 46 4
61 126 4
72 97 3
24 80 1
129 147 1
57 21 4
71 142 1
144 94 2
33 72 2
98 149 3
34 17 2
58 130 2
7 53 3
31 76 3
26 32 1
31 90 2
125 45 4
116 88 3
14 32 4
119 3 4
14 102 3
0 14 3
137 19 4
123 82 2
15 5 2
128 36 2
97 109 2
37 131 4
50 112 2
66 143 3
19 136 1
84 124 4
111 31 1
100 14 4
34 5 3
71 35 3
41 37 3
26 145 2
108 15 3
50 37 1
62 12 2
102 57 2
105 83 3
44 2 4
117 42 3
35 33 2
42 60 3
28 10 1
76 122 1
8 5 3
24 122 3
79 121 4
71 139 1
20 147 1
48 68 2
28 139 2
38 71 2
38 32 4
148 147 1
20 96 1
69 143 1
62 1 4
35 36 4
137 71 1
101 145 3
69 30 3
28 143 3
139 112 2
16 24 3
45 20 3
14 99 4
73 6 1
66 86 4
147 41 1
48 23 1
41 23 4
124 62 4
96 47 2
139 45 1
81 36 2
117 30 3
100 68 2
7 72 4
36 60 1
18 116 2
92 39 4
0 142 3
80 116 4
24 146 4
135 56 4
90 143 3
65 20 2
95 78 2
3 147 3
104 143 1
118 62 2
101 117 2
91 120 4
29 43 1
106 134 1
68 123 4
90 134 4
50 49 3
4 130 2
16 74 1
29 2 3
139 106 2
16 129 3
23 16 2
116 129 1
34 104 3
149 124 2
140 64 1
114 32 4
77 99 4
94 93 1
26 46 4
116 98 1
127 145 3
74 14 4
32 134 3
124 88 1
105 112 1
132 84 4
81 37 4
96 29 3
120 39 3
68 3 4
7 112 3
62 2 4
139 133 3
90 110 2
46 47 2
77 73 1
2 85 3
92 83 4
26 142 2
134 111 2
95 43 1
10 39 2
4 124 3
47 31 4
109 141 2
54 83 1
48 121 1
75 119 1
42 61 2
116 93 2
96 73 1
92 8 1
84 19 3
118 45 2
73 29 2
98 145 1
49 44 2
109 54 4
130 40 3
136 16 2
80 36 4
148 121 2
139 6 1
62 14 4
34 41 1
75 94 3
79 33 1
41 20 4
50 1 1
11 52 2
34 9 2
125 60 4
105 66 1
35 25 3
129 83 4
62 51 4
141 53 4
149 133 4
138 31 3
43 60 3
89 72 4
60 94 3
50 125 2
98 13 3
134 60 4
62 76 1
128 0 1
70 80 2
146 109 1
95 50 2
77 38 2
93 89 2
130 87 4
20 80 1
88 18 4
133 108 3
100 62 4
141 36 2
78 3 4
139 41 2
36 6 3
18 54 2
11 131 4
9 148 4
114 13 2
81 48 2
26 135 4
11 126 2
90 24 3
26 83 4
21 97 1
44 108 2
21 142 1
34 47 2
14 73 3
81 107 1
104 145 4
38 5 3
144 91 2
45 107 2
133 44 2
23 55 3
22 41 2
67 129 3
109 52 2
60 138 4
49 42 4
149 74 3
146 72 1
107 57 2
104 7 3
11 130 2
129 145 4
33 7 3
48 79 4
54 96 4
89 78 1
96 2 3
120 18 2
134 78 3
43 63 2
34 132 3
45 87 4
88 5 1
46 85 1
99 79 2
21 80 2
86 75 1
139 93 3
97 13 1
50 70 3
54 24 1
66 4 4
30 73 3
20 26 4
4 129 2
119 25 4
17 104 3
13 32 3
77 84 4
42 37 1
49 41 4
32 49 2
66 54 2
27 103 1
18 48 4
34 130 4
86 30 2
104 96 3
145 82 1
104 45 2
27 134 3
19 130 3
134 66 1
87 126 3
134 50 4
128 140 3
110 86 4
98 49 2
66 124 4
126 39 3
106 105 2
112 110 3
95 30 1
76 106 1
36 89 1
130 73 4
127 72 1
89 108 1
0 26 1
98 58 3
56 124 1
1 122 4
130 108 1
56 144 4
6 68 3
90 123 4
35 64 2
75 26 4
127 133 3
75 88 1
101 1 2
39 89 2
108 60 2
109 41 2
24 120 2
12 133 3
16 101 2
57 46 1
120 132 3
1 99 2
48 123 3
132 118 4
82 85 3
28 73 3
36 58 1
4 108 4
5 148 4
121 135 4
40 29 2
120 141 4
5 98 4
113 31 1
134 103 1
45 46 4
92 44 4
138 55 4
81 10 3
15 45 4
115 107 4
139 22 2
42 114 2
59 145 2
70 82 1
66 57 1
43 113 2
45 128 4
30 123 4
26 147 1
107 137 3
35 37 3
148 40 3
136 8 1
21 98 3
139 38 2
23 17 3
116 142 2
21 63 2
69 11 4
139 70 2
105 91 1
136 12 2
24 139 3
40 99 3
5 78 4
2 30 4
57 133 3
38 94 4
143 77 4
92 22 1
96 21 2
39 29 3
81 62 1
15 143 3
35 48 1
34 126 1
71 36 4
41 38 3
0 125 4
86 114 4
7 148 4
114 18 2
5 149 3
5 45 2
0 143 1
129 63 1
58 80 2
28 6 4
117 47 3
82 9 2
52 75 4
144 87 2
57 125 4
76 51 4
1 106 2
147 117 4
131 28 2
74 120 2
147 81 2
43 88 3
18 122 3
141 102 2
126 29 2
32 102 2
122 71 4
50 143 4
104 0 1
101 62 4
38 78 4
128 112 2
133 61 4
14 132 2
2 40 1
88 114 1
80 138 1
0 21 3
109 19 4
38 21 1
102 31 4
117 124 4
72 62 3
137 15 1
63 136 3
114 0 3
101 60 2
89 91 2
65 71 2
72 14 3
76 9 1
34 14 1
43 47 1
123 148 4
103 120 4
66 69 1
62 136 3
116 118 4
136 102 2
44 3 2
102 90 3
80 146 2
6 30 2
124 136 3
42 104 1
117 4 3
69 106 2
114 109 1
89 61 3
123 115 4
60 28 3
1 35 2
70 138 4
82 37 1
23 147 1
51 118 1
78 121 4
111 19 1
127 131 2
88 128 2
117 108 2
128 4 4
111 12 3
115 124 2
140 11 2
45 49 1
34 69 3
101 14 2
98 105 1
23 64 1
88 86 2
97 51 2
34 145 1
52 143 2
48 130 3
48 139 1
16 6 4
35 67 1
53 17 4
101 109 1
57 115 3
67 12 1
120 37 3
25 146 2
107 105 2
107 126 1
139 119 2
31 99 3
80 112 2
98 131 2
89 83 3
115 25 2
86 44 4
115 9 3
103 28 3
94 14 1
115 15 2
94 47 1
4 14 1
142 143 2
44 90 2
88 42 1
148 128 4
92 97 3
40 114 3
12 44 3
130 33 3
125 46 2
8 83 4
116 127 2
131 7 4
49 104 4
2 54 1
61 123 1
122 17 3
68 10 3
116 4 4
127 25 2
75 4 2
88 63 2
104 40 4
12 66 2
77 53 4
131 147 4
78 80 3
123 86 1
134 116 1
103 6 2
43 49 2
121 7 1
118 121 1
120 100 4
126 58 4
51 135 4
87 26 2
142 45 4
112 46 3
72 129 4
89 59 3
120 148 1
34 25 3
80 129 3
1 123 3
108 45 2
34 86 3
118 19 1
122 66 2
145 19 2
80 15 1
10 93 4
43 102 1
124 21 3
10 128 1
133 38 4
44 131 1
57 3 2
1 74 4
4 30 2
122 84 1
13 42 4
67 56 2
28 1 1
32 117 1
136 100 3
139 67 2
103 143 4
33 82 4
82 68 4
43 89 1
143 98 3
22 121 4
128 70 2
92 13 3
2 63 4
128 139 2
63 124 2
63 86 1
13 8 1
28 50 2
30 58 1
37 110 4
34 58 2
118 66 1
62 41 3
19 85 3
145 29 1
113 70 2
39 100 1
22 8 1
7 142 2
54 93 1
1 24 3
75 79 2
12 30 3
0 44 3
44 85 4
103 128 1
104 52 2
62 144 1
52 55 1
114 95 1
111 46 3
102 11 1
108 115 4
115 148 4
35 55 4
131 26 4
82 29 2
106 51 4
109 83 2
40 20 4
106 70 3
19 91 1
34 78 1
91 58 4
38 61 1
65 51 1
12 53 4
119 147 3
105 140 1
35 101 3
58 132 2
4 141 4
1 31 1
85 92 3
11 58 1
13 16 4
52 19 3
122 114 4
51 109 2
70 130 3
35 69 1
96 92 1
9 139 3
8 69 2
116 100 3
118 77 1
140 120 3
16 88 3
110 43 1
104 119 1
148 72 4
79 77 3
98 97 2
56 125 2
86 109 3
35 73 2
107 9 4
48 147 2
53 140 4
134 29 3
13 73 3
56 44 3
51 27 2
135 8 3
58 31 2
65 26 2
38 72 2
36 3 2
93 19 1
37 94 2
114 22 3
53 44 1
44 128 3
133 45 4
18 108 1
122 107 2
12 36 1
54 11 1
43 69 3
136 106 4
15 31 2
70 61 1
50 104 3
73 123 3
31 28 2
112 51 3
126 21 2
62 65 3
93 119 4
138 29 4
35 3 3
61 45 3
61 149 4
102 4 3
93 114 3
49 12 3
69 28 4
86 28 2
75 76 1
5 143 3
112 75 3
132 124 2
112 146 2
51 83 1
71 103 4
148 91 2
57 124 2
13 131 3
113 131 1
63 6 1
106 127 1
37 36 4
87 44 3
56 15 3
0 83 1
39 49 1
141 49 1
28 66 1
54 107 2
19 63 3
105 1 3
71 13 3
68 7 3
23 135 2
21 69 1
40 111 2
23 52 1
112 87 3
80 50 3
8 146 3
88 51 4
3 16 3
111 61 1
55 71 2
50 52 4
63 98 1
47 112 2
61 86 3
83 133 2
108 39 2
52 125 1
71 73 1
36 47 1
96 133 2
95 26 2
68 46 4
40 76 1
97 124 4
142 137 4
19 69 2
144 34 2
60 5 2
15 119 4
145 139 4
47 132 2
119 17 4
111 116 1
125 104 2
98 94 3
29 63 2
95 79 4
62 58 3
10 129 1
118 4 1
87 98 2
145 114 3
77 18 3
48 77 3
25 148 3
33 36 2
53 136 3
69 76 4
50 27 3
108 109 2
15 78 2
94 52 3
88 31 2
138 15 1
49 1 2
112 16 2
6 96 2
89 94 1
87 56 1
74 117 2
58 53 1
117 31 1
96 39 2
129 19 2
83 123 3
94 51 4
32 31 1
81 40 3
120 30 1
104 137 2
113 41 4
53 110 2
119 134 4
18 24 4
102 142 4
57 29 4
116 125 3
117 113 2
124 26 2
136 1 2
79 18 2
80 2 4
9 119 2
96 53 3
68 146 2
28 5 3
123 79 4
91 102 1
16 10 3
93 59 1
57 18 3
135 98 4
47 13 3
112 54 3
95 138 4
85 124 4
55 60 2
25 54 2
97 108 3
90 16 4
140 4 3
95 28 4
100 63 3
141 50 4
14 24 2
103 108 1
124 55 2
93 100 3
16 142 4
76 67 1
127 62 4
92 101 4
141 20 1
56 86 1
112 143 2
0 38 3
2 137 4
105 84 2
137 108 2
37 74 2
32 17 4
42 29 1
137 125 3
86 148 1
14 67 1
66 15 3
135 55 3
70 37 2
68 61 1
18 16 4
149 138 1
4 81 3
11 43 2
113 110 1
123 146 4
116 11 1
72 105 3
61 105 3
63 90 3
16 138 2
144 11 4
132 131 4
126 44 3
4 98 2
44 88 1
57 100 4
92 23 1
128 61 1
74 69 4
118 48 3
54 125 1
75 41 3
83 120 2
81 98 3
22 91 1
60 49 4
125 68 2
54 29 3
131 47 4
141 48 3
47 95 1
43 91 4
91 41 2
84 90 4
97 20 1
88 142 1
92 47 2
135 141 2
61 51 1
112 28 3
30 20 3
124 123 1
11 75 3
91 30 1
91 143 2
132 1 4
44 65 1
34 95 3
139 26 3
133 39 2
28 59 4
45 66 2
54 102 4
132 82 1
10 11 3
126 27 3
131 91 2
117 121 3
143 100 3
74 60 1
75 45 2
6 75 2
88 26 4
84 33 4
34 81 2
81 111 2
21 37 3
71 15 4
4 86 3
49 137 2
46 106 3
27 86 1
108 71 4
146 111 3
76 56 2
30 79 4
96 27 1
115 63 3
104 114 3
99 68 4
138 133 1
65 125 2
25 27 2
77 80 3
95 94 2
64 2 2
2 1 3
43 87 2
81 82 2
2 127 2
48 71 2
10 41 2
108 114 3
31 57 1
66 77 1
67 98 4
114 121 3
46 7 4
72 90 3
128 48 2
4 138 1
39 148 4
69 141 1
48 49 3
123 93 4
89 63 1
21 51 2
8 14 4
0 33 3
80 109 2
24 121 4
125 17 1
142 129 1
141 77 1
38 103 4
79 135 4
106 63 1
84 5 2
146 135 4
20 15 3
129 48 3
58 101 4
12 79 1
25 113 2
95 134 2
26 63 2
47 32 3
53 133 1
120 65 1
105 111 4
115 20 3
68 27 4
100 49 1
13 95 2
143 146 2
84 145 3
107 96 2
37 119 1
144 106 2
147 141 1
112 36 3
41 84 1
131 54 4
123 132 1
20 103 3
128 71 1
33 126 3
45 40 2
79 73 4
102 62 4
26 58 1
107 38 4
28 42 3
23 87 2
114 118 1
17 26 3
96 110 4
111 72 1
96 84 1
58 15 2
58 13 4
126 74 1
145 57 3
20 140 3
100 8 1
113 34 1
67 124 4
8 106 4
43 143 3
93 134 2
13 57 4
66 97 2
131 118 2
14 40 3
119 120 4
149 131 1
65 139 2
136 107 1
144 133 4
119 129 1
67 48 1
30 125 1
65 11 1
51 96 3
147 112 3
15 93 3
5 139 4
114 116 2
11 33 4
124 143 2
100 131 1
142 3 4
119 90 4
18 56 4
83 130 3
97 41 1
52 127 2
129 105 4
55 136 2
22 16 4
30 80 2
68 32 1
75 111 3
3 29 2
1 125 1
7 17 2
8 126 2
50 144 2
33 113 3
7 15 2
145 68 4
148 56 2
33 34 1
102 122 3
113 127 3
56 45 1
99 51 1
125 40 3
2 71 3
143 62 2
18 149 2
112 20 1
119 122 3
114 72 1
125 98 3
29 74 4
82 12 4
48 119 2
34 137 2
57 53 1
30 106 4
88 33 3
76 94 2
119 19 1
53 9 2
0 24 2
94 20 2
16 28 4
107 69 3
117 37 4
90 95 3
111 25 3
96 119 1
8 134 2
10 105 4
138 78 2
114 47 1
53 73 1
22 4 4
140 88 3
115 101 2
40 35 3
51 103 4
41 28 4
49 20 3
25 31 3
24 94 2
58 72 4
23 21 4
60 68 2
112 133 4
103 114 1
48 25 2
39 103 2
48 125 2
74 144 4
137 110 3
37 58 2
95 1 4
99 67 2
65 35 2
90 126 3
113 5 4
85 23 2
102 120 3
60 109 4
131 69 2
135 120 1
68 117 1
46 136 4
83 82 2
139 15 2
32 19 3
114 70 2
148 52 1
85 115 1
8 138 1
27 43 4
28 46 3
12 41 3
104 133 2
7 43 4
41 56 1
140 110 1
109 58 3
54 86 2
50 2 2
61 136 2
94 122 1
142 93 1
132 25 2
116 65 3
10 35 2
131 14 1
35 68 2
61 77 3
99 38 4
24 7 3
38 102 3
56 95 3
83 41 4
22 61 1
44 18 1
81 126 4
132 122 2
37 59 4
44 139 4
88 85 3
21 59 3
55 59 1
42 107 4
74 128 1
16 73 4
118 40 1
76 47 3
140 25 3
47 93 4
119 62 1
8 95 2
127 136 4
56 46 3
105 60 1
9 127 4
89 133 4
86 113 2
143 35 1
74 71 2
138 111 1
2 31 3
89 30 1
64 25 4
70 72 1
90 76 4
95 131 2
133 130 2
101 89 3
84 7 3
58 64 2
11 136 1
20 135 4
115 54 2
28 74 1
102 35 3
82 31 2
116 23 1
28 123 2
112 138 2
96 36 4
63 22 1
56 75 2
38 55 1
136 74 2
80 55 2
86 21 3
44 25 4
137 109 1
78 66 1
74 17 3
27 63 1
83 132 2
60 14 2
124 135 1
33 19 3
0 27 2
138 20 1
110 127 2
136 18 4
132 66 4
18 29 3
83 80 4
45 148 2
146 96 1
26 99 4
145 88 4
96 35 4
90 0 3
128 149 4
49 21 2
104 85 4
48 1 3
60 128 1
128 108 4
73 146 4
129 21 2
69 64 2
73 52 3
85 134 1
88 111 3
148 49 3
40 6 2
54 65 1
149 123 4
85 18 2
43 20 4
28 33 3
133 148 3
45 30 2
15 40 4
111 145 1
10 111 4
132 74 3
27 130 1
108 8 1
32 119 3
87 102 1
47 140 1
26 18 4
128 119 2
142 119 2
75 9 1
69 144 3
33 57 2
104 93 4
54 94 4
118 44 3
116 60 3
17 98 3
65 105 4
37 16 4
126 124 3
10 131 1
125 94 4
80 63 3
92 31 4
139 3 1
109 45 3
103 141 3
86 48 2
104 116 3
86 42 1
50 93 3
28 12 2
65 115 2
39 5 3
47 21 1
136 128 3
141 133 4
137 60 4
63 110 2
68 42 4
53 69 3
112 4 4
58 39 4
64 96 2
112 89 3
123 21 1
40 73 4
58 114 3
94 66 2
142 15 3
138 139 4
140 146 4
104 9 4
36 0 2
84 126 4
39 142 1
94 78 4
16 51 2
15 50 1
42 59 3
96 117 1
58 115 2
130 60 1
39 59 2
55 118 1
52 95 2
2 112 3
18 12 3
114 123 3
86 98 3
131 104 1
146 12 1
14 138 1
6 131 4
30 15 2
33 138 1
70 11 2
35 46 1
145 13 3
48 60 4
87 12 2
76 79 1
89 32 2
28 85 4
39 81 2
77 69 1
137 28 4
53 65 2
53 61 4
144 145 4
110 28 1
50 147 4
106 32 2
53 148 1
31 110 1
8 132 2
48 83 3
72 18 2
108 21 2
139 82 1
28 58 2
135 81 3
63 34 2
95 16 3
11 32 2
50 10 1
49 93 2
77 119 3
129 120 3
33 12 3
110 21 2
122 81 3
102 44 1
35 122 1
114 29 3
73 76 1
94 33 4
71 105 2
120 11 4
57 34 1
25 137 1
141 46 1
50 32 1
115 133 1
61 65 3
55 87 2
79 119 4
81 125 3
100 71 4
46 49 4
119 102 2
68 139 4
59 31 2
25 126 3
148 70 1
69 118 3
72 108 1
125 4 4
79 116 3
53 6 4
36 138 2
44 15 1
3 82 1
77 20 4
55 49 2
32 149 1
48 126 2
94 43 4
77 58 1
75 46 2
77 122 2
42 50 4
49 90 4
12 16 4
60 123 2
135 61 2
132 5 3
110 142 1
58 48 2
47 106 2
40 116 4
19 76 3
83 99 4
67 135 3
29 41 3
68 26 2
146 59 2
104 144 3
110 49 4
146 136 3
59 75 4
21 133 2
4 146 1
48 34 2
105 3 4
106 118 2
134 18 2
36 126 3
102 88 2
121 144 3
16 55 4
5 68 4
124 50 2
64 93 3
134 76 2
140 73 1
100 10 1
14 139 1
70 144 2
16 31 3
59 115 2
21 71 2
49 15 1
146 125 1
113 79 1
66 101 3
111 82 3
66 107 3
30 52 3
114 52 4
31 112 1
28 36 1
101 41 1
68 87 2
131 77 3
2 77 4
101 110 1
3 26 3
68 118 2
65 39 4
25 87 2
88 70 4
9 44 2
61 48 3
116 44 3
113 1 4
99 93 4
19 105 3
73 144 2
144 21 2
29 72 4
40 46 2
145 149 3
147 123 2
48 110 1
50 82 3
81 131 3
65 7 1
69 116 1
25 68 2
14 53 3
117 102 3
142 20 2
51 73 4
130 36 3
5 79 2
29 146 2
135 41 3
7 101 2
19 8 2
1 88 4
130 110 4
92 106 3
69 111 4
149 77 3
35 24 2
145 123 3
44 81 4
11 100 4
83 78 2
74 32 1
32 79 4
39 9 1
33 96 3
32 20 2
120 127 4
1 102 4
27 135 3
34 140 2
140 27 1
130 32 3
115 61 4
53 91 1
131 148 1
149 30 1
48 4 1
84 98 4
94 32 4
75 8 4
124 131 4
97 11 4
134 118 2
63 143 4
3 54 2
0 121 4
59 149 2
104 62 1
96 56 3
115 143 3
17 77 3
46 116 4
73 61 2
38 34 4
53 142 3
134 130 3
38 125 3
18 71 2
29 110 3
0 107 3
124 46 1
76 28 1
88 87 3
12 85 4
10 138 1
112 8 3
2 60 4
97 91 1
97 94 1
114 106 1
103 79 4
32 120 4
2 109 2
129 144 3
7 110 1
101 143 4
14 49 4
7 23 3
104 100 1
32 135 1
9 59 4
53 18 4
53 134 4
47 129 2
42 80 3
13 62 3
15 52 1
146 14 1
115 67 1
104 108 2
23 72 1
91 115 1
62 146 2
100 96 1
86 47 3
22 83 1
19 58 2
12 101 3
148 27 1
55 133 4
61 59 3
110 119 3
9 20 2
34 149 2
137 61 3
33 107 4
64 62 3
71 77 2
111 58 1
2 130 1
15 147 3
78 65 2
18 35 1
14 15 3
129 0 1
75 18 2
7 22 4
142 91 2
66 121 1
58 79 1
106 37 2
70 35 3
146 18 4
31 94 2
140 130 2
8 30 1
14 88 4
29 140 1
145 4 2
123 116 1
62 42 4
123 6 2
90 42 1
115 36 3
65 133 2
25 24 2
67 7 3
21 6 1
141 149 2
138 1 3
74 58 2
41 27 4
137 23 4
85 65 2
104 25 3
69 3 3
17 0 4
15 135 3
148 102 1
10 3 1
97 115 1
24 68 1
15 130 3
56 61 4
1 64 2
63 128 1
47 12 3
19 6 3
99 9 3
87 11 4
133 59 3
44 42 4
140 76 2
2 35 2
36 120 1
122 19 1
52 144 2
124 28 3
11 141 3
130 82 4
108 135 4
77 110 2
52 71 4
29 118 2
121 127 4
99 0 2
99 2 3
15 63 2
50 53 4
111 38 1
111 9 2
67 30 4
134 59 3
74 137 2
14 58 2
111 29 3
129 132 1
71 131 2
126 134 2
13 104 2
31 144 1
77 41 3
89 74 4
96 1 3
88 52 4
127 76 1
105 121 2
93 121 3
124 114 4
100 4 2
147 12 1
134 144 4
72 131 4
139 115 2
77 44 3
119 103 2
28 106 4
33 8 1
107 94 2
34 102 3
83 76 2
43 37 1
75 60 3
39 111 3
93 137 2
8 76 2
128 143 2
72 73 1
82 117 1
123 32 2
108 14 2
111 129 3
97 54 3
54 63 1
109 121 2
69 103 3
110 39 1
82 56 3
114 28 4
33 80 4
22 6 4
127 143 1
116 29 3
147 136 1
78 39 4
41 132 4
67 103 1
124 137 3
101 50 1
53 79 1
77 28 2
97 81 2
5 102 3
93 91 4
142 44 2
24 84 1
22 27 1
57 26 2
77 76 3
55 37 2
39 60 1
12 20 4
92 132 3
117 88 3
14 122 2
71 29 4
93 135 2
43 135 2
74 109 1
9 87 1
121 33 4
32 88 4
64 117 3
46 100 4
76 109 3
78 64 2
86 135 4
57 52 4
15 94 1
125 39 1
113 3 3
111 1 4
20 110 1
136 71 4
7 86 3
55 6 1
86 32 1
61 47 4
47 133 4
2 28 1
77 111 1
100 147 2
54 71 4
55 111 1
132 40 1
117 114 1
1 58 1
76 110 4
41 36 1
6 98 4
66 26 3
50 120 2
57 49 2
97 123 4
43 126 1
88 129 2
137 38 4
37 137 3
0 80 4
26 116 2
130 13 3
57 20 3
100 86 1
65 90 3
10 125 2
80 92 3
149 71 1
25 58 4
47 40 3
54 140 1
102 48 4
146 133 2
14 145 2
101 48 2
109 135 4
18 47 4
60 112 2
103 88 4
39 102 4
83 12 4
85 29 1
54 121 4
30 100 2
40 64 3
114 8 1
147 28 2
126 131 3
70 86 3
146 104 1
22 135 1
0 132 3
38 75 4
81 114 3
1 18 4
1 103 2
35 76 4
136 143 2
21 104 1
65 81 2
109 29 1
15 86 1
16 82 3
113 50 2
105 15 3
3 149 3
140 121 4
56 85 1
19 14 2
50 0 1
25 73 3
90 109 3
80 93 2
60 65 3
53 128 4
110 79 3
59 29 3
78 77 3
63 82 4
15 81 1
121 14 3
58 92 4
38 11 4
102 70 2
55 46 4
93 122 4
142 130 3
7 74 1
93 14 2
145 100 1
65 145 2
110 82 3
146 87 1
4 49 4
113 12 2
9 66 1
139 11 4
0 67 4
80 29 3
45 24 1
46 77 2
96 137 1
53 97 3
80 47 2
67 110 3
22 118 4
49 84 3
23 126 2
62 20 2
122 87 4
109 73 2
66 42 2
143 23 3
56 133 2
106 58 2
140 55 2
149 53 1
141 30 3
101 71 4
137 1 4
93 16 1
63 39 1
43 133 3
82 107 3
58 8 1
109 95 1
33 50 4
25 38 2
62 9 4
56 119 4
91 73 4
31 81 4
15 43 1
113 83 2
13 75 1
62 85 1
30 110 2
13 66 3
109 49 2
5 86 4
141 137 4
122 143 3
116 43 4
39 28 4
34 117 1
109 23 1
94 111 1
116 149 1
21 141 1
121 19 3
15 62 2
148 62 1
73 105 3
45 120 3
52 77 4
135 36 4
54 120 3
113 28 3
126 99 1
17 49 2
141 5 2
107 25 2
63 134 2
3 136 4
110 116 4
59 99 1
67 77 3
35 20 2
35 124 4
51 79 2
0 74 4
91 29 4
34 131 4
122 110 3
0 41 2
10 118 4
60 0 1
69 146 1
135 50 3
130 56 2
120 17 4
62 68 1
130 57 2
133 110 3
13 19 1
12 64 2
78 57 4
13 15 2
18 15 2
67 100 4
110 109 1
109 94 3
91 69 4
0 15 4
109 63 4
122 22 1
109 116 1
69 75 2
132 61 1
31 55 4
25 6 1
32 128 4
111 106 2
21 68 4
75 29 4
28 26 3
19 89 1
25 49 1
95 45 1
68 107 1
141 18 2
46 19 4
130 3 3
74 41 3
42 71 2
142 82 3
93 22 4
111 131 3
18 129 3
125 66 1
5 0 2
59 14 2
47 10 3
76 71 2
7 29 4
146 3 4
107 133 4
121 86 1
129 104 3
111 53 2
22 45 3
138 13 4
81 42 4
104 78 3
65 63 3
5 56 2
127 103 3
32 16 2
107 31 2
4 96 4
93 43 3
72 104 4
136 129 2
115 18 4
42 18 4
3 77 2
2 72 4
147 115 2
43 18 4
11 66 2
125 79 4
23 59 1
112 53 1
81 93 1
138 77 3
62 115 4
59 83 1
147 51 2
20 64 3
43 1 2
77 116 2
69 13 4
109 61 3
35 145 2
69 113 4
122 68 4
144 14 4
104 56 4
113 19 3
19 12 4
12 22 4
144 142 2
39 93 1
142 19 1
115 10 4
121 64 3
36 14 2
123 106 2
12 126 3
128 94 1
69 12 2
144 66 3
124 49 2
128 125 4
128 126 2
7 19 3
14 48 2
17 108 4
60 90 4
109 133 4
92 89 3
55 26 4
145 17 1
6 99 2
144 32 1
38 67 4
28 24 4
6 74 2
80 65 4
117 131 1
35 52 3
100 17 1
