11175 150
0 39 1
0 136 6
0 68 5
39 121 2
68 145 8
68 133 1
136 114 4
68 118 9
121 94 3
114 106 3
133 50 2
0 123 6
68 28 7
114 55 2
50 89 6
145 31 7
136 95 4
118 119 9
28 69 6
50 72 2
121 42 5
133 91 2
72 57 6
57 36 8
106 43 7
118 22 2
57 103 6
94 122 7
103 111 5
118 12 2
69 1 2
145 96 3
95 8 8
39 34 7
28 61 8
121 110 7
0 88 2
95 60 1
31 107 7
36 23 2
110 37 6
68 137 5
22 24 1
55 14 1
24 83 2
28 138 1
50 100 6
95 120 7
68 141 8
22 6 8
0 140 8
60 74 5
23 75 3
96 4 6
31 70 1
136 67 1
68 108 5
68 59 5
43 128 8
107 65 3
136 109 6
31 18 3
141 76 5
18 54 8
57 33 8
119 44 6
0 130 4
133 20 3
8 41 9
100 80 2
76 26 6
94 5 5
74 71 2
26 3 5
96 101 4
114 105 4
136 131 9
54 38 9
55 13 3
95 146 1
61 98 6
60 143 6
59 58 3
107 62 5
20 15 4
122 30 6
91 104 6
98 148 9
141 19 1
146 46 2
136 92 9
136 78 5
138 113 4
111 139 4
122 79 8
118 134 4
91 90 2
42 51 5
37 16 2
95 129 6
122 66 1
90 149 7
113 10 4
30 40 5
30 142 1
101 117 8
44 7 1
111 124 2
141 56 1
30 52 7
146 86 9
44 93 1
80 135 5
70 82 8
39 144 1
6 87 7
78 97 6
60 47 1
46 127 4
101 85 2
71 125 3
113 77 6
111 126 9
105 25 5
139 2 9
86 63 3
71 17 9
105 73 1
144 32 5
117 116 2
63 45 8
109 48 8
46 29 5
86 11 5
87 147 6
91 49 2
42 64 2
105 53 2
55 115 1
62 9 7
58 102 1
102 21 9
93 132 9
39 84 7
113 27 9
142 99 9
58 112 9
52 81 6
83 35 1
99 126 2
146 60 3
49 33 2
72 142 3
22 68 2
111 108 2
125 148 4
39 53 3
61 146 3
88 9 1
39 124 1
97 42 1
97 105 1
123 10 1
93 142 2
112 138 1
121 99 3
85 66 4
118 40 4
41 53 4
6 112 2
33 107 1
141 84 4
126 6 1
11 85 3
28 128 4
133 28 1
92 126 3
28 33 2
137 115 4
141 65 1
60 54 4
88 92 1
146 24 4
98 144 2
40 95 1
140 85 1
136 139 4
61 55 4
148 78 3
12 27 1
28 111 1
79 138 2
110 30 2
35 133 1
147 88 4
60 59 2
77 128 1
128 85 1
6 34 3
141 43 3
88 4 4
41 73 4
29 69 3
32 107 3
123 95 4
64 128 1
37 116 1
74 79 3
30 118 4
2 82 4
65 39 3
42 120 1
139 135 3
129 18 2
11 31 2
123 54 4
63 12 3
16 44 2
104 85 2
24 97 1
87 12 3
16 22 1
67 10 2
113 53 2
31 111 3
24 49 4
105 26 1
1 39 3
131 109 3
105 31 2
1 134 1
72 136 1
72 140 2
78 120 3
122 57 4
66 52 1
36 99 3
142 26 4
132 8 3
33 27 4
3 101 4
120 76 3
45 1 1
47 101 3
49 27 2
37 38 2
33 92 2
81 26 2
68 70 3
120 148 3
93 99 3
128 84 2
130 78 4
112 117 2
17 126 3
3 19 3
104 95 4
105 68 1
21 133 1
98 23 2
19 76 2
41 84 4
2 93 4
105 122 1
33 96 2
123 60 3
27 39 1
81 95 2
133 14 1
134 137 1
88 144 3
31 83 4
111 50 4
21 105 3
140 8 3
11 116 4
53 50 3
20 149 2
42 26 4
5 82 4
66 71 1
72 43 2
144 126 4
41 132 3
100 108 2
147 131 4
141 91 4
73 36 2
25 18 3
39 106 3
14 53 4
46 63 3
32 71 1
74 5 3
11 65 4
30 9 3
87 138 4
72 103 4
31 49 1
94 116 1
56 130 1
99 19 3
9 52 1
124 41 1
147 41 2
72 95 2
111 114 3
15 69 3
111 149 4
18 1 4
12 21 4
42 149 1
108 14 2
47 91 2
69 148 4
9 31 1
10 124 3
111 143 1
99 30 1
54 125 1
122 142 3
81 143 3
5 29 4
130 43 4
58 23 4
73 51 3
145 61 3
39 149 4
145 52 3
110 57 1
23 103 1
140 128 1
93 64 3
120 123 2
36 110 2
130 47 4
79 53 2
116 49 1
112 92 3
83 131 3
69 54 1
39 37 3
45 139 4
49 37 4
55 90 3
111 87 4
58 40 3
3 38 4
95 103 4
14 73 1
35 49 3
95 21 4
120 122 1
127 18 4
145 87 4
132 119 3
33 93 2
70 75 1
20 81 4
130 7 2
11 128 2
8 3 4
56 85 1
130 123 1
49 25 4
121 47 4
49 68 4
83 44 1
25 101 3
38 140 3
122 135 2
99 37 2
68 13 4
89 20 1
9 58 1
68 7 4
95 126 3
2 84 1
94 90 4
119 35 4
26 70 4
30 107 4
41 6 1
70 85 2
34 104 3
28 0 4
27 43 4
130 131 2
107 44 2
65 129 4
84 147 2
57 95 1
93 148 3
38 67 2
78 144 1
8 137 4
31 66 3
135 113 4
22 4 1
37 73 2
7 39 1
140 142 4
31 20 4
83 11 2
110 95 2
86 102 1
54 78 2
149 120 4
27 144 2
37 29 4
37 10 3
44 60 2
109 51 2
108 9 2
37 84 2
130 142 2
45 77 1
46 14 3
23 112 1
14 10 2
124 34 1
51 43 2
96 131 3
30 5 1
58 71 4
70 50 1
61 20 3
122 54 1
141 80 4
95 134 1
140 37 2
39 45 1
107 40 2
6 12 2
127 135 1
110 15 3
128 94 1
137 14 1
14 58 2
36 40 4
24 66 2
77 65 2
34 18 4
133 41 2
149 99 3
75 82 1
139 117 2
132 45 1
88 61 3
20 128 2
4 146 4
148 27 1
143 16 1
73 132 1
30 71 3
145 67 3
126 84 3
114 23 3
96 10 3
104 67 1
113 140 4
92 20 4
85 139 2
51 100 3
103 3 4
38 47 2
71 85 4
138 34 4
14 78 4
146 25 4
56 91 1
54 72 3
131 132 2
76 15 4
130 35 1
16 96 1
4 65 3
119 48 3
111 117 4
109 106 4
55 122 2
131 34 4
143 12 2
138 105 2
36 114 1
24 103 1
21 115 2
20 146 4
99 139 1
107 37 2
98 145 3
118 32 2
66 13 3
83 41 2
22 88 4
93 82 4
62 27 3
114 45 1
104 31 1
2 54 4
15 93 1
103 63 4
27 6 2
48 51 3
96 133 2
126 125 2
38 57 3
39 46 3
98 68 1
97 119 4
64 56 1
78 24 2
114 100 3
12 111 4
67 17 3
51 108 4
91 107 3
107 114 1
29 81 1
130 64 3
83 47 2
8 90 4
123 37 2
55 82 1
68 27 1
130 69 4
123 147 3
11 146 4
24 33 3
27 108 2
51 104 4
79 140 4
24 19 3
81 5 4
118 34 3
148 33 1
61 144 3
44 86 4
140 19 2
129 45 1
11 123 4
58 16 1
110 128 1
33 147 2
41 146 2
131 97 1
123 21 1
133 30 3
90 32 3
51 122 4
14 112 3
100 105 2
50 22 4
27 129 1
84 58 1
120 31 2
142 8 3
123 89 1
137 98 4
71 124 3
33 3 3
92 134 4
84 49 1
29 55 2
13 15 1
18 14 2
8 96 2
30 73 1
85 109 1
114 71 2
84 82 3
45 79 2
14 147 1
61 142 1
39 91 4
44 68 2
56 82 1
2 110 2
81 146 2
34 147 2
72 39 2
84 52 4
64 122 4
112 103 3
22 134 3
98 88 1
61 51 2
42 58 2
88 86 3
91 82 2
125 127 2
144 2 3
46 57 3
69 103 4
71 99 2
1 98 4
36 138 4
138 21 3
30 12 4
81 34 3
124 87 4
69 64 2
90 74 4
8 2 1
119 5 1
85 99 2
32 55 1
114 134 3
62 115 2
45 97 3
51 50 3
67 53 2
10 4 1
19 143 2
71 141 4
29 35 4
56 76 2
12 47 4
10 141 4
142 88 3
35 50 4
142 10 1
97 139 3
108 133 1
44 53 3
146 13 3
3 113 4
40 12 3
118 115 3
132 51 2
41 49 3
85 51 1
34 41 1
96 67 1
148 67 1
120 15 3
67 94 2
36 142 2
3 135 4
13 0 4
71 37 3
32 140 3
92 51 3
104 12 4
43 65 4
108 56 4
80 4 3
36 94 4
147 44 1
52 102 2
16 139 4
87 139 1
122 5 2
73 101 4
85 138 1
13 128 4
32 85 2
87 114 4
148 68 3
101 64 3
121 103 1
131 22 2
9 33 1
24 31 4
112 81 2
134 31 3
114 88 4
83 9 4
101 33 2
119 54 1
99 47 1
13 33 2
132 143 3
137 122 1
46 8 4
15 132 1
85 8 2
77 78 3
102 88 3
60 80 2
105 120 1
22 66 2
71 80 2
67 46 2
33 143 2
45 128 2
90 123 3
25 42 3
67 60 3
141 32 4
6 117 4
128 8 1
108 69 4
46 125 4
127 71 4
82 8 2
5 37 4
76 62 2
120 140 4
129 115 3
2 77 4
29 6 3
123 61 3
7 128 2
19 127 4
132 64 1
69 19 4
138 99 2
143 130 3
149 48 1
73 58 1
141 38 4
25 33 1
5 44 3
125 44 1
17 21 4
107 94 4
15 149 2
49 52 1
90 81 2
17 20 2
46 48 1
84 20 3
90 113 4
53 10 3
104 90 3
33 109 4
97 80 3
130 39 1
69 125 2
88 60 3
64 14 2
54 50 3
93 135 2
102 74 2
149 117 4
13 90 2
25 74 1
78 10 3
58 46 2
13 27 3
20 102 2
50 80 1
5 50 1
37 36 4
82 3 1
118 90 3
60 32 1
22 105 3
66 36 1
140 147 2
60 90 1
138 74 3
111 23 1
126 112 1
142 110 4
40 93 1
49 93 2
146 14 2
83 103 4
70 77 1
130 138 2
45 146 3
86 112 1
100 24 1
60 84 3
124 83 1
50 13 3
102 134 4
10 137 2
121 16 1
71 6 4
7 72 3
113 68 4
12 106 3
9 124 3
120 121 3
37 143 4
129 37 3
105 79 2
36 97 4
66 8 3
144 33 2
54 34 3
82 52 1
121 138 2
61 90 3
75 30 4
140 92 2
89 54 4
124 104 4
82 131 2
14 67 1
60 72 4
102 103 3
52 42 1
47 29 2
57 32 4
81 13 4
6 11 3
70 131 2
108 95 4
111 33 1
67 2 2
13 31 2
107 143 2
80 73 4
124 1 4
34 111 3
79 130 3
28 129 1
57 35 2
108 16 3
128 90 4
96 43 4
4 35 3
127 56 1
24 139 3
3 1 3
27 87 2
73 28 2
73 97 4
132 128 2
18 97 3
89 105 1
29 100 2
91 79 2
125 75 2
4 17 3
8 75 1
53 52 3
119 73 1
55 123 3
23 141 4
139 83 4
34 38 1
90 126 4
134 41 2
142 111 1
114 19 1
134 75 4
132 22 3
115 48 4
126 78 1
143 77 1
105 27 4
95 37 2
11 14 4
146 122 3
128 36 4
2 33 3
71 81 2
149 144 2
42 148 3
58 108 1
72 111 1
84 33 1
68 117 3
43 49 1
133 1 4
10 131 2
115 130 3
28 18 2
48 12 3
64 102 3
5 136 4
20 147 3
117 70 3
138 145 2
95 83 1
33 21 4
29 50 2
55 69 4
1 101 4
45 10 3
94 51 3
105 37 4
129 9 3
103 116 1
70 136 3
31 60 1
62 39 2
23 54 2
81 111 2
63 41 3
36 80 4
144 24 1
142 38 4
90 36 3
109 55 3
110 62 1
50 12 4
5 53 2
55 101 4
47 17 4
75 116 4
134 15 3
76 132 2
69 22 3
71 52 3
34 128 1
4 56 1
13 45 3
29 149 1
132 127 3
113 24 1
12 105 4
35 60 1
60 26 4
40 148 2
140 126 4
135 28 3
122 0 4
18 58 4
127 0 1
112 61 1
113 55 3
37 145 2
71 111 4
54 87 4
57 111 1
90 88 3
30 4 1
110 12 3
6 26 3
131 54 1
91 100 2
41 88 4
144 63 3
10 65 1
17 109 3
71 77 1
99 96 2
27 146 1
69 81 4
96 87 2
14 100 2
109 120 3
123 25 2
70 66 1
131 125 4
126 59 3
77 59 3
12 61 2
36 75 3
124 75 4
107 26 2
25 132 2
10 69 4
63 107 3
42 96 1
122 32 2
129 71 2
57 25 3
118 123 2
55 58 2
95 33 1
137 9 3
17 124 2
114 77 3
129 47 2
109 4 2
104 138 1
77 55 2
143 20 1
103 91 2
52 100 4
83 60 4
31 88 2
63 37 2
106 58 2
23 125 4
14 2 3
57 52 4
22 49 3
65 52 4
31 140 3
61 79 2
103 30 1
89 24 3
58 121 2
96 84 3
42 100 1
83 16 3
72 149 3
61 17 4
124 19 2
34 109 4
47 49 2
9 24 2
137 36 2
31 73 2
59 29 1
80 48 3
100 6 2
73 62 3
1 49 1
147 129 1
142 35 3
138 66 4
136 6 2
125 136 1
0 108 3
115 64 2
83 88 4
105 117 3
112 49 2
121 95 1
113 8 4
147 126 2
30 34 3
75 93 2
30 21 2
100 31 3
88 36 4
40 52 4
46 114 1
47 77 1
95 141 3
53 121 2
5 55 4
37 109 2
5 123 1
35 104 2
125 94 3
56 66 4
137 143 3
100 37 4
43 16 2
64 52 2
126 121 1
58 1 3
51 60 3
86 113 4
144 37 4
100 131 3
2 65 3
98 108 1
110 35 4
55 3 4
26 94 2
66 45 1
78 131 2
12 137 2
30 88 1
122 72 3
41 75 2
97 92 3
113 30 1
69 34 3
72 87 2
11 28 2
121 9 2
116 55 1
38 89 2
26 20 2
42 36 4
58 76 4
43 58 1
66 40 1
145 14 3
106 105 3
83 145 4
118 20 3
118 42 3
32 130 1
32 142 1
52 116 1
16 2 4
85 77 1
12 49 4
132 94 2
122 35 1
112 38 4
128 53 1
44 95 4
141 14 1
26 79 3
137 132 3
82 35 4
101 23 1
52 28 3
70 69 2
35 129 4
136 20 3
84 83 2
147 19 1
93 13 2
32 78 1
1 22 1
28 146 1
128 122 1
16 46 1
67 41 4
58 64 1
134 117 3
128 0 1
131 17 2
125 128 1
108 2 2
111 83 3
12 85 3
133 137 2
108 43 1
117 56 4
113 46 1
47 87 2
49 120 4
137 138 1
23 136 2
37 103 4
79 28 4
118 121 1
99 120 1
100 144 2
19 37 4
147 35 4
96 19 4
30 10 1
27 59 4
67 132 3
41 85 2
64 116 4
70 141 2
117 43 4
81 130 1
117 54 1
11 58 4
47 118 4
97 127 3
87 106 1
101 125 3
3 128 1
48 88 1
115 99 3
49 85 2
22 55 3
134 54 4
82 106 4
115 149 3
42 32 1
33 110 1
48 84 3
11 117 3
84 120 1
100 3 1
25 129 3
23 4 3
52 6 1
147 39 4
135 97 2
33 35 2
116 31 1
52 4 1
61 103 4
123 35 1
47 1 3
63 34 1
75 40 1
97 5 4
107 137 4
23 20 1
80 26 2
133 119 2
107 146 2
139 110 2
56 32 4
141 33 4
83 91 3
82 0 1
70 148 1
124 107 2
66 86 2
100 135 4
6 104 1
9 37 3
45 133 4
148 107 2
143 89 4
25 21 4
104 136 4
145 82 2
71 9 2
120 90 2
56 140 4
95 18 2
73 144 1
102 92 4
57 5 4
37 146 3
61 8 3
66 140 2
3 119 2
71 95 2
74 55 4
11 102 2
120 102 4
118 79 4
20 41 4
46 135 2
116 105 4
78 11 1
89 127 1
23 117 2
69 80 2
104 100 1
68 116 3
8 29 4
115 24 1
138 33 1
134 26 1
29 102 4
80 40 3
21 125 1
81 15 2
15 121 4
143 149 2
79 126 2
21 129 2
124 86 3
145 149 4
84 115 1
143 109 1
56 83 2
23 37 2
120 4 4
72 91 3
117 61 4
19 104 4
90 21 3
93 65 3
138 4 3
127 30 2
106 54 4
20 11 1
142 126 2
116 33 1
140 124 2
111 43 1
83 141 3
89 139 2
58 35 4
53 80 3
125 93 4
28 92 2
134 17 2
61 125 4
37 106 3
10 2 1
141 139 2
41 148 4
4 58 4
35 81 2
129 54 2
129 60 2
40 101 1
129 111 1
36 126 1
41 109 2
55 91 1
1 129 2
33 113 3
80 74 3
88 137 2
120 9 4
88 23 3
141 52 2
79 55 3
111 65 3
87 10 1
59 36 2
81 93 1
31 136 4
69 139 2
145 1 3
58 47 1
24 102 1
47 18 3
44 46 4
127 24 3
43 63 1
29 107 3
31 130 4
127 118 2
32 126 2
70 21 2
3 79 1
4 89 1
36 144 1
6 130 1
139 26 4
92 105 3
140 84 4
121 6 4
113 58 4
146 33 3
43 134 3
4 28 4
69 143 3
127 1 3
149 28 4
21 28 2
19 93 4
23 149 4
104 68 3
82 29 2
149 55 4
118 41 1
132 9 1
132 82 1
110 131 1
50 18 1
46 88 1
145 73 3
90 112 1
74 112 1
19 132 1
65 101 2
89 88 2
86 33 4
44 58 1
26 50 1
16 133 2
110 29 1
50 85 3
84 51 2
129 43 2
131 117 2
40 132 2
146 51 2
94 115 4
16 17 4
149 139 2
148 26 4
39 11 4
29 43 4
144 58 2
30 6 1
101 112 4
124 44 4
65 45 1
27 133 1
66 97 3
119 90 4
144 17 2
38 19 3
23 83 1
28 142 4
101 76 4
135 11 1
26 51 4
70 8 3
95 27 1
114 13 1
69 142 3
23 15 3
13 71 3
10 121 3
39 138 1
65 133 1
103 47 3
30 128 4
9 32 3
4 15 1
0 144 3
125 81 3
124 93 2
71 1 3
1 2 1
144 20 2
113 4 2
74 137 4
119 58 4
10 146 2
33 103 3
80 84 2
88 58 2
68 14 3
23 116 3
85 78 1
51 12 4
76 46 4
97 34 3
31 132 3
26 99 3
128 119 3
23 44 2
115 119 2
71 64 2
148 85 2
59 21 1
119 31 1
106 69 2
102 144 2
95 143 3
0 34 3
62 135 2
102 60 1
114 0 4
66 69 1
115 47 1
143 11 2
94 82 4
48 90 2
135 73 4
138 123 4
99 112 3
118 114 1
140 146 3
135 143 1
101 81 4
85 31 4
53 57 2
42 144 2
53 144 4
13 123 3
122 102 2
38 134 2
0 46 4
142 5 1
128 89 2
67 114 2
137 119 1
72 55 3
55 119 2
46 115 2
127 35 2
74 36 2
138 71 4
79 103 1
107 140 3
11 2 4
28 147 1
70 63 3
50 105 4
107 96 3
143 76 3
129 139 1
123 139 3
134 68 1
83 106 2
140 111 3
34 29 1
56 99 2
6 128 1
61 38 1
40 33 2
92 48 3
98 37 3
116 97 4
145 86 1
114 98 1
12 77 1
57 137 4
37 148 3
110 44 4
18 10 3
45 14 1
94 119 1
68 25 3
79 93 3
120 68 3
84 109 3
2 15 2
3 122 3
53 59 2
123 91 4
56 53 2
7 50 4
67 54 4
118 62 4
148 16 1
117 115 1
87 16 3
107 77 4
30 72 3
5 111 2
28 12 1
58 117 4
117 106 3
142 31 1
63 18 4
97 26 3
72 56 4
73 115 1
9 135 2
46 139 2
45 15 4
68 16 1
0 149 3
127 147 2
51 119 3
67 140 4
2 97 4
138 133 3
37 51 1
130 104 3
73 82 3
124 18 2
9 16 4
106 122 1
100 148 3
5 76 3
9 77 1
126 42 1
38 22 3
116 72 1
94 149 4
6 20 2
2 49 3
122 141 2
48 39 4
71 143 1
126 109 4
77 83 3
149 134 3
136 10 2
134 136 2
121 65 3
120 107 2
103 136 1
53 131 3
108 131 3
43 89 2
141 74 3
46 86 4
106 56 2
99 122 4
79 147 2
82 92 1
53 93 1
2 28 2
37 22 1
76 12 1
130 107 2
118 78 1
105 66 2
40 28 3
60 23 2
77 131 2
110 65 2
68 34 2
0 5 4
73 93 2
44 48 1
59 51 3
3 88 2
109 61 2
52 47 1
108 62 2
9 56 1
31 45 2
29 112 4
50 76 4
25 9 4
63 118 3
132 48 3
127 134 4
44 3 2
41 123 3
8 50 3
30 45 4
104 5 3
124 118 1
89 44 1
11 84 2
21 31 1
16 146 2
117 39 4
135 38 3
83 120 2
37 24 1
38 148 2
105 39 4
93 55 2
10 117 3
1 79 4
133 5 2
92 139 3
126 35 1
132 52 1
115 92 2
56 110 4
114 99 2
149 77 3
37 7 2
56 96 1
54 45 1
113 1 1
149 38 3
124 72 4
3 52 2
109 69 3
136 142 3
147 141 1
142 106 1
108 18 2
78 41 1
11 100 2
76 37 4
90 121 1
94 45 2
79 64 2
138 42 1
108 70 2
55 118 2
145 126 3
2 27 3
67 97 3
2 59 1
72 3 3
40 131 2
145 100 4
100 106 3
95 79 4
38 7 3
126 123 4
96 58 4
85 42 1
85 81 1
104 9 1
16 134 4
125 56 3
119 41 4
117 135 3
96 35 1
12 19 4
118 48 3
96 92 2
56 26 3
99 45 4
53 46 2
119 143 2
21 130 3
97 95 4
147 54 3
88 123 4
127 53 3
120 104 1
23 121 3
69 112 1
134 140 3
20 27 3
94 39 1
100 113 3
133 76 2
138 132 4
127 42 1
96 125 3
49 108 4
30 39 3
84 77 2
109 44 3
0 106 3
4 81 3
125 70 4
78 114 1
44 92 2
118 117 1
41 31 1
60 73 4
36 26 1
99 20 1
83 4 4
80 13 4
48 55 3
126 114 4
68 100 1
20 4 4
136 40 3
75 126 4
18 6 4
145 146 3
70 54 1
41 60 3
1 44 4
14 148 4
99 22 1
124 32 2
146 149 3
34 10 2
103 35 2
147 105 3
94 120 4
146 3 1
3 90 3
95 63 2
73 19 1
21 40 4
12 9 1
26 116 1
36 67 1
23 39 1
13 119 4
10 86 1
138 140 1
36 11 4
43 138 4
97 114 2
72 121 1
95 117 2
104 149 1
65 29 4
128 83 4
85 65 4
53 54 4
119 46 1
78 90 1
40 70 4
149 137 2
76 126 4
47 69 1
34 61 3
78 95 1
114 93 1
40 149 2
137 91 4
147 135 2
124 58 3
78 12 3
15 30 4
65 55 3
137 103 3
91 60 1
103 149 3
37 82 2
48 116 4
93 28 2
36 1 4
148 10 2
11 105 1
45 103 1
49 97 4
70 17 3
78 129 3
62 69 1
87 146 1
39 137 3
73 32 4
116 104 4
25 48 1
32 20 2
35 8 4
0 16 4
111 22 4
142 37 2
59 30 4
66 137 2
20 76 3
113 126 4
85 111 3
52 129 1
59 20 4
26 62 3
144 13 2
62 75 2
34 126 3
134 106 4
97 75 3
109 74 4
42 21 1
61 119 2
44 97 3
129 6 3
100 81 4
65 103 2
116 9 1
16 94 2
103 117 4
15 28 3
7 27 3
126 97 3
64 49 1
129 41 1
128 12 1
59 122 3
143 148 1
47 72 2
97 22 1
136 26 4
87 48 3
131 99 1
53 101 1
127 65 2
37 64 3
145 7 2
147 107 1
97 110 4
143 39 3
29 130 2
128 103 3
7 17 4
88 56 4
70 18 2
78 39 2
123 50 1
12 125 4
141 101 1
69 59 3
120 33 1
11 43 3
16 48 3
18 81 1
49 123 2
0 53 4
146 123 4
1 119 1
108 130 1
76 14 1
21 74 4
28 121 1
109 57 1
129 91 1
5 99 1
89 145 1
119 22 3
76 35 1
103 5 4
58 138 3
78 2 2
18 57 2
86 83 4
104 132 3
5 110 2
108 13 2
111 11 3
133 67 4
51 23 3
43 91 1
8 39 3
3 77 4
89 115 2
89 74 4
32 106 3
57 59 2
45 141 4
17 38 4
79 16 2
109 117 1
143 131 1
143 74 4
9 78 4
56 62 3
65 56 4
67 135 2
81 43 3
40 19 4
77 136 3
0 23 4
115 123 4
13 72 4
26 92 4
76 31 2
102 149 3
61 19 1
1 76 3
58 50 4
148 56 4
70 145 4
17 29 2
68 99 3
144 16 4
18 43 2
101 24 2
49 87 2
124 51 4
131 72 1
39 95 3
17 48 1
39 52 4
46 51 1
13 111 4
134 6 1
44 12 3
23 24 4
4 43 1
20 43 3
133 89 1
87 26 2
50 23 2
56 51 2
83 116 2
56 37 2
48 85 4
139 143 2
47 20 3
19 5 4
83 140 2
126 85 1
36 16 3
127 109 1
71 136 3
137 23 1
25 76 4
113 11 3
126 82 2
143 68 2
15 88 2
142 112 3
2 30 3
113 49 1
61 1 2
29 27 1
118 64 4
21 104 4
138 27 3
126 62 3
9 106 2
10 28 4
28 47 3
135 12 1
41 68 1
44 102 2
38 101 1
124 80 2
48 136 1
13 74 4
49 6 3
132 2 3
133 44 4
20 148 3
133 111 2
38 53 3
101 140 2
149 56 2
146 97 3
23 139 1
107 92 1
77 4 1
84 23 2
63 55 2
18 84 1
61 25 2
99 54 1
111 134 3
2 94 2
17 90 3
11 66 2
94 23 1
133 147 3
128 92 2
9 35 4
140 99 3
52 126 4
79 75 2
111 97 2
75 0 2
2 123 4
79 88 3
89 14 3
52 14 2
123 75 2
15 129 4
45 60 3
20 114 3
83 14 4
132 59 4
94 130 4
136 58 2
63 32 2
128 51 1
143 38 3
53 21 2
94 134 4
102 70 3
90 71 1
19 7 3
47 31 4
143 147 1
76 66 1
119 86 4
1 137 3
135 61 1
92 24 4
129 110 4
71 67 2
75 136 3
29 49 4
36 104 1
96 5 2
101 92 4
1 115 1
81 49 2
31 109 3
78 38 3
109 105 2
106 14 1
23 148 1
125 40 3
70 149 3
1 94 4
18 132 4
10 73 3
71 2 3
16 45 4
103 75 2
2 129 4
144 4 1
9 85 4
26 120 2
114 68 4
66 48 4
13 56 3
99 125 1
130 54 3
97 120 3
0 55 3
84 59 4
56 79 2
15 5 4
42 50 2
83 117 1
42 132 3
84 100 1
33 118 2
21 120 1
52 120 3
74 37 4
12 65 4
53 23 1
25 58 3
57 80 2
28 85 1
114 143 2
138 120 1
69 4 2
48 82 1
108 15 1
145 140 1
133 87 2
30 78 2
46 1 1
6 53 2
42 128 4
134 145 4
3 73 4
15 43 4
103 101 4
43 54 1
15 73 3
143 29 1
71 0 1
59 85 3
78 15 1
105 136 4
59 76 2
24 6 2
141 132 2
34 31 1
3 102 1
16 28 1
65 108 2
81 64 1
125 124 4
137 47 3
74 38 1
134 85 3
121 38 4
102 118 1
139 44 1
12 109 2
25 135 4
131 104 1
89 138 3
92 41 2
83 53 1
143 78 4
18 82 1
86 36 3
92 69 4
14 61 1
129 12 1
89 36 4
25 14 4
61 70 1
102 56 3
38 98 3
15 113 4
71 69 1
52 15 1
44 73 2
116 77 1
65 140 4
5 18 4
54 27 2
37 31 3
43 2 1
9 46 2
124 45 2
103 115 1
42 140 2
108 32 3
119 148 1
40 39 2
98 149 2
21 124 1
80 14 2
7 105 4
112 3 1
53 20 2
102 146 1
92 11 1
35 115 3
50 95 1
93 4 1
22 56 3
75 81 2
69 134 2
20 10 2
137 125 1
32 74 1
60 61 2
70 122 3
109 132 4
143 85 3
128 121 2
60 39 1
59 26 2
113 112 1
96 28 3
137 93 3
64 82 1
108 126 4
111 4 1
149 60 4
95 102 3
63 62 1
97 11 3
23 6 3
133 74 4
87 78 4
120 130 2
131 103 3
88 133 1
64 121 1
40 130 1
45 27 1
106 16 1
147 81 4
4 123 1
117 25 2
53 135 3
100 107 4
119 65 2
100 59 1
144 112 3
29 103 1
72 125 3
5 125 4
11 125 4
55 146 2
123 48 3
49 129 1
38 145 2
12 113 1
143 18 2
66 47 3
22 84 3
114 52 2
88 76 2
94 95 4
68 6 3
135 124 1
76 45 2
132 147 2
91 105 1
16 99 1
108 42 3
144 134 3
127 90 4
45 43 3
9 13 1
46 117 2
98 8 4
38 122 3
145 108 3
30 120 2
82 76 3
103 124 3
91 38 1
4 44 4
99 41 3
145 6 2
64 27 1
80 144 1
83 25 1
91 122 2
124 113 1
109 123 2
55 6 2
57 134 1
133 121 2
108 33 3
34 87 1
66 54 4
10 29 2
76 24 4
26 72 1
125 2 2
53 26 1
122 83 2
84 79 4
65 149 2
110 25 3
52 119 2
97 48 4
23 85 1
77 68 1
80 41 1
0 120 4
91 48 3
73 107 3
83 112 4
25 45 4
36 4 4
14 19 3
91 50 2
139 40 1
19 50 2
63 143 2
14 86 3
123 22 3
139 9 3
69 50 2
132 21 2
17 136 3
143 0 4
93 48 4
62 36 2
98 116 4
60 7 1
114 89 3
107 74 3
93 76 3
86 57 3
70 98 1
120 29 2
57 113 3
60 117 4
128 47 2
137 129 1
78 146 2
135 138 3
80 68 3
61 124 1
85 92 4
103 84 3
30 87 3
118 87 2
40 2 1
116 65 1
3 105 1
68 54 1
15 106 2
117 37 1
84 50 1
99 87 2
11 82 3
5 8 3
10 26 2
7 122 1
21 24 4
76 4 2
47 34 1
141 126 1
20 138 4
74 19 2
21 10 4
110 118 2
124 24 2
113 137 1
59 45 2
13 52 4
116 18 1
131 50 1
29 70 3
106 19 1
133 11 3
35 72 2
84 73 4
73 96 1
44 43 1
16 34 1
132 11 1
57 0 4
29 23 3
94 73 3
68 69 1
137 126 3
78 34 4
61 93 1
26 132 2
63 148 1
86 51 2
129 36 3
142 33 4
50 144 4
149 45 1
9 66 2
39 129 4
144 55 2
70 9 4
32 21 3
18 126 4
0 90 4
146 116 2
83 73 1
74 87 2
41 103 1
31 72 3
25 8 3
146 73 3
137 62 4
21 92 4
107 19 2
26 13 3
75 35 1
123 16 2
49 65 1
94 57 2
137 46 4
31 69 2
65 68 2
104 14 3
92 116 4
98 141 1
98 48 2
65 14 4
44 22 1
32 136 2
96 123 4
40 74 2
97 100 1
29 30 2
66 55 3
126 19 3
54 59 2
92 10 4
119 79 1
115 77 3
113 133 2
147 30 3
62 106 4
81 141 1
105 55 1
102 136 4
6 69 3
82 129 3
78 31 3
144 74 3
18 144 4
130 99 3
149 113 3
47 64 1
105 44 3
3 50 1
130 18 4
82 14 1
111 77 1
30 146 3
139 109 4
87 85 1
136 33 1
83 89 1
46 110 1
74 67 1
2 58 2
28 70 2
14 23 1
114 27 3
8 139 2
6 5 1
110 94 1
138 12 1
31 40 2
3 16 2
122 36 3
52 0 3
57 105 1
141 35 2
144 68 1
3 51 3
68 102 2
79 111 4
50 65 2
24 133 4
12 122 2
92 143 1
99 143 1
47 112 2
24 20 2
143 48 4
32 27 3
136 63 2
25 137 1
80 58 4
142 85 4
35 38 3
34 32 4
60 66 4
89 71 1
126 146 4
146 115 1
92 61 4
45 78 1
136 107 3
2 102 3
63 1 2
45 137 3
101 89 3
56 109 2
13 34 2
47 110 4
21 128 3
37 50 4
75 71 1
68 94 3
20 72 1
121 117 1
62 40 4
64 146 4
5 33 1
77 101 3
102 6 3
64 90 2
147 18 4
140 97 1
43 70 3
60 25 2
42 101 4
142 148 3
104 23 3
94 100 3
96 3 1
15 99 1
121 137 3
46 23 4
18 131 4
124 98 2
5 92 3
84 42 1
83 52 2
127 111 1
113 94 3
85 40 4
2 105 4
120 17 3
75 17 4
98 103 3
146 53 3
79 114 1
43 82 2
23 64 4
115 14 4
125 74 1
0 133 1
145 139 1
41 61 2
71 36 2
135 19 1
123 132 3
13 2 1
41 23 2
111 29 3
107 36 1
103 143 3
100 110 1
1 24 4
32 54 2
131 114 1
19 144 4
100 10 3
51 110 4
75 27 1
7 41 4
97 32 2
139 114 4
3 2 4
108 99 3
82 41 3
65 19 4
86 27 1
91 1 4
32 103 4
41 57 3
71 91 1
78 115 3
141 88 2
59 87 1
144 25 3
149 80 3
60 116 3
134 81 2
54 8 4
62 50 4
0 51 4
63 6 3
104 122 4
135 114 3
121 48 4
71 12 4
80 6 3
41 29 3
8 114 1
143 14 1
45 109 1
96 120 1
11 140 2
36 78 3
49 126 3
130 5 3
97 82 1
121 25 1
61 54 4
52 89 1
141 13 1
75 55 1
117 76 1
17 1 3
105 4 1
148 77 4
134 132 2
65 75 3
133 126 3
48 13 1
10 75 3
62 35 1
96 52 2
13 127 4
50 63 4
8 135 4
79 57 2
42 109 1
119 19 1
13 58 3
3 29 2
149 97 2
45 80 4
14 40 2
113 91 1
44 32 1
52 59 2
75 34 1
37 72 2
63 58 4
46 91 3
91 101 2
69 42 1
34 113 4
4 78 2
0 74 2
39 32 2
90 62 1
2 46 2
117 123 1
134 130 2
39 81 2
58 38 1
113 50 2
54 56 1
28 75 3
143 97 3
117 92 4
31 133 3
113 105 4
136 135 3
70 27 4
100 63 3
13 41 4
138 2 4
56 90 3
122 132 4
112 5 2
7 66 4
58 116 1
76 34 2
76 105 1
39 10 3
48 142 4
37 70 3
24 99 1
116 22 1
18 39 3
91 25 4
115 111 1
126 136 4
98 62 3
124 23 1
89 92 4
31 144 2
95 55 4
131 73 3
98 82 3
71 109 1
138 114 1
16 20 2
10 62 3
69 145 2
134 113 3
136 86 3
90 82 3
123 107 4
146 148 4
60 21 3
122 103 3
118 81 1
145 147 3
132 140 4
36 111 4
101 135 4
99 82 4
1 33 1
79 80 3
129 74 4
107 20 2
92 83 3
105 40 1
30 0 4
93 62 2
14 116 4
135 36 2
53 81 2
24 13 3
82 111 3
33 71 4
92 23 3
139 50 4
63 68 1
130 116 2
91 99 1
6 64 3
44 40 1
109 128 4
110 68 1
11 41 3
66 72 4
107 97 3
5 115 3
39 44 2
56 1 4
104 141 4
99 33 2
143 22 3
41 110 2
13 57 4
34 1 3
75 89 4
61 126 2
137 145 4
29 12 2
14 91 2
139 17 2
116 35 1
3 35 3
34 85 3
99 13 2
120 75 4
106 2 3
29 75 3
32 137 2
5 13 4
130 76 1
16 102 3
37 149 4
52 11 2
65 7 3
56 5 3
119 108 2
31 17 4
69 38 2
122 37 4
52 77 3
16 53 4
46 10 4
116 32 1
120 131 1
23 120 4
111 41 1
85 63 4
9 10 4
141 1 1
89 1 4
44 79 4
131 118 2
16 105 1
40 123 4
65 78 3
33 58 4
32 70 2
103 140 4
97 141 3
109 40 2
78 145 3
89 90 3
22 81 4
100 60 3
92 52 1
1 77 3
49 20 4
22 76 3
127 12 4
124 55 2
135 13 4
20 103 4
145 113 3
60 34 3
124 20 4
49 100 1
146 114 3
125 50 3
80 88 3
26 108 4
33 7 4
10 72 2
77 91 2
60 127 3
29 140 4
6 76 1
11 137 3
9 89 3
86 50 1
70 113 3
60 92 3
31 108 3
117 140 4
104 139 3
101 131 4
100 4 3
72 115 1
70 74 4
84 138 3
101 63 4
5 41 3
105 45 3
115 100 1
149 33 3
85 129 4
107 42 3
131 106 4
29 83 3
142 145 4
144 49 2
148 75 3
22 124 2
34 86 2
72 113 4
4 61 1
133 80 3
19 134 4
35 66 3
98 43 4
15 144 3
4 126 1
21 85 4
120 135 3
67 98 3
115 139 1
42 15 4
45 61 2
91 146 4
56 33 1
74 114 3
106 33 4
70 42 3
98 93 4
132 38 4
14 81 2
82 21 1
112 123 4
105 77 1
6 44 4
105 85 4
113 99 2
50 109 4
95 113 2
54 6 3
84 65 4
16 78 4
91 131 3
30 97 1
20 121 4
131 121 1
45 44 3
90 95 4
26 83 2
81 79 4
101 94 4
89 41 1
142 76 3
117 126 4
2 17 1
133 103 4
66 39 4
21 146 4
140 49 3
67 72 1
142 143 4
52 137 2
111 105 3
142 75 3
147 72 3
120 67 3
115 98 3
58 142 2
59 13 1
11 54 1
80 115 1
126 124 2
6 123 1
9 101 4
125 51 2
70 60 2
127 11 3
124 95 4
149 121 3
129 133 3
1 96 1
33 105 3
40 8 1
12 57 4
46 7 3
24 108 1
1 75 3
96 110 4
79 107 2
145 71 1
45 40 4
143 32 1
8 37 4
70 138 3
95 9 2
61 116 1
62 15 4
8 123 2
112 94 1
3 13 3
3 37 1
7 90 2
53 141 3
13 103 2
126 72 2
38 76 2
17 10 3
125 20 1
42 34 3
39 140 3
77 140 4
95 91 1
108 120 2
46 140 2
85 0 3
65 145 1
125 48 4
26 86 4
35 48 1
121 32 1
9 99 4
62 82 2
57 17 4
124 132 3
98 127 2
121 86 1
125 39 2
3 111 3
85 30 3
15 24 3
133 12 4
119 50 4
101 120 1
63 65 3
13 7 1
23 57 4
62 38 1
102 4 1
7 139 1
120 57 4
99 51 3
118 27 2
92 63 3
48 6 1
86 134 3
60 114 1
129 61 1
101 16 2
97 14 2
134 98 3
129 132 2
37 0 3
64 0 2
27 35 1
64 134 3
12 140 4
14 50 4
66 38 2
84 26 4
142 43 1
85 73 1
90 107 4
99 88 2
116 122 4
40 16 4
41 141 4
58 53 3
139 103 1
104 44 3
38 4 1
15 87 1
134 116 2
91 5 4
77 126 1
96 20 4
5 11 1
107 23 3
139 116 3
63 9 2
84 53 1
2 23 3
14 95 1
119 4 2
21 109 4
138 61 3
14 16 2
124 43 2
5 69 4
57 108 4
87 116 4
145 111 2
34 7 4
45 85 4
144 138 1
28 63 1
1 148 1
141 7 1
91 20 2
132 70 3
94 64 1
103 76 3
24 63 3
52 97 2
120 35 2
114 117 3
72 90 1
142 104 1
32 77 4
78 117 3
59 120 1
116 112 4
113 116 1
141 8 4
55 129 3
88 7 1
108 76 2
119 91 3
142 138 4
74 20 2
74 9 2
72 23 1
132 60 2
124 139 1
16 145 2
28 41 1
115 22 4
1 74 3
37 126 4
99 100 3
3 11 2
73 103 4
21 73 4
72 110 4
101 35 2
103 145 2
3 116 2
122 115 3
40 29 4
98 29 3
71 59 4
72 46 2
28 55 3
38 12 1
11 96 3
68 78 2
141 54 1
21 108 3
14 118 2
115 39 3
27 125 4
95 19 1
32 36 2
13 21 4
4 31 4
129 30 3
56 101 2
2 32 3
26 12 1
60 141 3
101 82 1
14 92 3
104 112 3
33 41 4
53 15 1
40 59 1
87 137 1
145 4 2
121 3 3
149 5 4
30 105 1
147 27 3
15 125 1
46 129 1
107 121 3
54 35 2
79 92 2
98 90 3
137 38 3
72 40 3
142 17 4
107 103 4
31 138 2
52 88 2
106 108 2
119 89 2
21 107 3
110 3 3
80 7 3
45 26 4
37 120 3
69 16 3
33 140 4
35 78 2
144 51 3
3 17 1
16 117 4
16 10 2
49 8 1
145 133 3
58 31 2
22 148 4
100 103 4
52 135 2
135 132 1
51 127 1
89 19 3
144 11 1
67 149 1
48 147 3
97 54 3
27 55 1
116 102 1
107 34 2
17 80 3
48 50 1
23 65 1
54 36 3
100 79 3
116 129 3
27 84 1
102 111 3
133 58 2
110 75 2
0 69 2
23 38 3
23 31 3
148 105 2
78 27 3
71 35 1
115 52 1
72 143 3
85 24 4
86 56 1
148 66 4
46 93 2
9 51 1
23 105 4
7 113 4
1 128 4
15 104 3
127 15 3
55 26 1
97 27 2
101 99 3
85 116 3
103 97 1
72 21 2
0 117 2
21 49 3
67 49 4
66 2 3
7 10 1
76 148 2
21 142 1
129 50 4
57 65 1
54 95 1
27 139 3
75 147 1
48 108 2
143 118 4
71 51 2
94 15 1
128 88 1
36 46 1
1 108 2
74 86 2
108 139 3
147 45 4
38 44 4
40 18 1
90 142 3
120 92 1
28 107 2
116 38 4
149 87 1
85 17 3
149 88 4
37 147 2
141 92 1
63 5 2
17 132 4
95 35 2
71 107 4
123 137 1
19 103 2
127 137 4
113 35 2
22 13 4
26 88 1
5 25 3
19 109 2
60 22 3
79 39 1
44 26 1
36 41 3
91 66 2
81 6 3
83 138 2
102 108 4
1 81 1
4 136 1
124 30 3
34 71 1
34 96 1
6 78 2
61 136 2
105 49 2
116 21 3
6 7 1
68 81 3
116 88 2
118 148 3
107 18 1
41 74 1
32 115 2
7 0 4
21 80 3
34 100 1
37 80 1
46 101 4
129 3 4
126 38 2
89 78 4
121 5 1
145 22 1
144 107 4
20 51 2
147 61 1
46 142 3
3 93 3
135 65 2
16 60 2
80 117 3
5 45 2
57 73 1
11 95 1
131 36 4
95 98 4
1 146 1
53 30 4
92 34 2
46 71 4
31 131 3
120 20 4
140 57 4
68 24 3
63 40 4
18 140 2
115 40 2
95 23 3
33 79 3
32 29 3
131 105 4
136 88 2
8 84 3
140 47 1
135 68 2
134 46 3
126 43 3
98 78 2
7 86 3
36 24 4
92 67 3
24 57 1
108 39 4
47 42 2
96 105 2
111 38 1
26 135 4
46 60 4
97 81 2
88 73 4
40 51 3
50 24 2
88 2 2
130 16 1
40 128 2
14 94 3
80 99 4
81 58 1
36 50 2
92 64 2
54 71 2
149 138 2
145 91 1
44 120 3
45 120 2
42 35 4
141 111 2
33 100 3
60 76 2
139 0 2
133 19 2
141 29 4
9 149 2
120 60 2
125 130 1
107 139 1
68 136 4
86 149 4
129 84 4
136 38 3
90 2 4
91 108 3
55 4 1
30 125 1
58 147 1
141 131 4
14 125 4
46 145 3
99 127 2
122 14 4
8 133 1
98 13 2
114 32 1
43 19 3
76 43 3
0 107 3
73 16 3
26 122 4
123 103 4
133 23 1
34 43 2
64 26 3
38 79 4
48 63 4
120 132 1
92 131 2
44 100 1
51 88 1
86 107 4
104 106 3
81 139 2
63 57 1
67 1 3
68 89 4
102 112 1
145 29 4
21 134 1
15 26 1
94 129 2
46 43 1
141 47 4
104 25 4
59 80 2
132 110 2
44 47 4
84 91 2
70 96 3
93 42 3
149 123 2
65 16 4
117 38 3
83 76 1
16 109 4
18 45 1
2 18 4
118 17 3
95 139 4
147 68 3
141 118 4
28 13 2
93 30 1
126 13 4
7 103 3
124 92 4
87 3 4
13 43 4
27 130 3
46 130 1
21 26 4
34 64 4
94 123 4
61 80 4
34 115 3
49 58 1
107 85 1
25 97 4
29 14 2
132 23 2
28 19 1
15 97 3
2 103 4
19 149 3
10 90 1
119 87 3
19 85 1
92 57 4
40 65 3
134 87 2
65 42 1
104 43 4
49 3 3
131 74 2
94 52 4
0 126 2
7 132 4
130 113 3
42 79 3
130 67 3
104 7 1
21 100 4
122 127 2
28 144 1
106 113 3
148 101 1
58 54 1
97 59 2
104 103 3
85 83 3
58 74 3
95 85 3
128 91 1
63 67 1
91 106 3
96 6 4
106 81 1
122 34 4
30 64 2
122 25 4
3 21 4
126 135 2
70 23 4
70 25 3
90 131 2
149 1 3
121 52 3
144 142 1
89 39 4
51 15 2
5 145 4
60 121 2
55 52 3
8 109 2
28 44 1
19 9 1
18 8 3
43 135 4
132 92 4
74 95 4
64 57 3
4 24 2
33 18 4
30 95 2
84 12 1
13 47 2
18 102 4
79 32 2
23 8 2
138 106 4
61 74 2
1 86 1
90 5 2
140 14 3
41 145 3
30 115 4
96 9 3
63 113 2
56 135 1
33 17 3
55 40 2
123 33 4
23 90 1
132 83 1
4 6 2
72 61 2
91 81 4
68 64 1
54 49 3
136 47 1
66 46 3
144 131 4
27 60 1
88 97 2
26 127 4
1 140 1
83 147 3
11 40 4
32 47 4
94 3 3
4 91 2
17 43 4
56 104 3
146 93 3
143 70 3
79 98 3
117 49 4
63 115 1
116 39 1
97 96 1
113 117 1
112 40 3
79 22 2
131 41 1
136 87 1
0 63 1
144 111 4
84 45 3
91 147 3
53 34 2
132 33 1
67 35 4
10 66 3
70 11 2
77 106 3
34 9 3
13 63 3
98 102 2
21 44 4
97 20 2
74 66 1
125 34 3
106 40 3
53 130 1
25 143 4
97 9 2
13 37 1
43 90 2
13 20 1
90 31 3
61 111 2
31 126 4
21 71 1
32 40 4
98 30 1
149 24 4
18 41 2
149 81 1
97 7 3
142 118 1
65 132 4
88 87 3
139 65 4
89 148 3
125 122 3
71 45 2
140 122 1
85 88 4
89 49 2
125 119 4
36 30 1
32 50 4
93 10 3
83 133 2
145 56 4
10 50 4
54 114 1
42 87 2
97 144 4
52 149 4
16 33 4
100 130 4
80 10 3
42 94 3
47 53 3
96 24 1
121 87 4
33 42 2
91 54 4
33 90 3
135 32 4
100 38 2
143 13 2
112 133 4
29 11 4
70 116 4
89 129 3
100 66 4
96 12 1
79 20 4
95 87 2
3 41 2
49 23 2
83 61 4
14 75 1
44 49 4
74 23 1
136 73 1
94 141 4
64 107 4
99 62 3
59 41 1
23 126 4
140 133 2
109 27 4
107 53 4
63 38 4
45 37 4
45 142 3
67 123 2
87 77 2
21 56 2
107 7 1
47 134 4
19 48 3
12 73 1
5 144 1
110 108 3
142 6 1
134 146 4
20 57 2
137 67 2
70 52 2
31 115 3
143 116 3
16 52 4
5 70 2
111 125 4
134 126 4
24 41 4
136 121 1
79 18 1
94 44 1
19 25 1
70 90 4
69 141 3
9 92 4
11 109 1
42 133 3
142 100 4
117 20 2
3 98 1
41 144 4
68 93 4
33 128 2
99 109 4
29 9 4
129 103 1
115 79 3
148 84 1
80 89 2
91 45 1
130 15 4
60 99 3
124 96 2
46 96 4
137 97 2
48 77 1
121 62 2
68 8 1
29 80 1
91 125 2
68 111 4
6 60 2
110 70 4
33 114 3
52 79 3
68 142 3
77 62 3
86 131 1
73 1 3
5 62 2
12 144 1
85 114 2
55 31 2
98 51 2
78 116 4
1 62 4
18 3 3
39 85 3
79 109 2
147 25 3
98 118 4
63 89 2
119 102 2
129 69 2
26 37 1
142 22 3
91 17 2
111 96 2
4 16 1
65 126 4
17 98 2
149 35 1
101 133 2
106 30 1
134 84 1
69 133 4
8 83 1
48 54 3
145 123 2
65 136 1
62 81 3
104 63 4
70 109 3
101 113 1
37 118 3
33 51 3
129 59 3
12 43 1
7 126 3
125 133 2
89 3 2
126 148 4
118 59 3
42 37 4
86 75 2
92 93 4
61 57 3
135 77 3
127 14 1
80 39 1
85 102 2
17 23 2
86 22 3
106 55 3
105 129 4
86 38 4
109 62 4
142 47 2
7 133 4
45 32 2
115 144 4
8 104 3
85 74 1
119 18 3
74 94 1
122 148 1
92 32 3
13 130 1
49 40 4
21 106 4
9 93 1
140 104 2
60 137 3
27 10 2
13 85 3
66 121 4
18 111 1
44 63 4
31 59 3
101 7 3
140 121 4
103 146 3
11 55 4
25 23 4
55 47 2
50 136 1
140 40 4
72 27 2
110 43 3
79 90 1
58 141 2
52 148 3
56 144 4
4 141 1
23 115 3
111 106 3
44 78 4
32 145 3
63 110 4
30 111 3
12 25 2
76 89 2
124 120 2
45 51 2
80 129 3
53 3 4
90 147 1
123 45 3
91 97 4
67 106 2
91 16 2
115 42 4
29 135 4
36 145 3
55 20 3
44 14 4
9 64 1
19 26 2
6 56 2
124 90 1
64 72 1
104 29 3
122 60 4
11 61 1
58 99 4
112 55 2
58 143 1
128 61 2
42 48 3
89 94 3
133 57 1
11 110 4
69 87 4
94 34 2
16 63 2
145 19 4
147 121 3
145 30 1
143 75 2
43 147 3
109 118 4
107 76 1
9 59 2
41 87 2
66 84 4
134 131 3
67 124 3
149 85 4
121 98 2
126 139 2
119 138 3
106 89 3
120 18 1
25 120 3
112 108 1
35 55 1
79 141 2
134 35 1
19 2 4
140 91 4
144 146 2
112 88 3
94 6 1
138 102 2
90 137 3
106 1 1
147 53 3
139 21 1
13 124 4
131 87 4
117 36 3
41 56 1
82 103 4
73 134 3
125 59 4
118 107 1
10 106 2
93 25 2
44 111 3
67 128 4
70 147 2
29 124 1
93 91 2
25 125 3
147 49 1
49 56 1
133 26 1
1 82 1
28 82 1
38 49 1
113 111 4
60 29 1
118 139 3
43 79 4
103 109 2
99 52 2
18 128 1
59 1 4
101 18 3
78 101 2
134 93 1
126 28 4
12 117 3
106 123 4
47 24 3
53 129 3
47 79 3
57 2 1
5 23 3
6 148 4
137 117 4
2 115 1
16 136 4
85 27 2
46 17 2
140 89 2
7 136 1
91 70 3
36 44 4
111 20 2
148 8 1
54 24 3
7 121 2
90 77 2
35 56 1
62 60 4
62 52 2
42 0 4
128 87 2
7 91 3
87 102 3
63 145 4
125 86 3
55 9 1
94 56 3
13 35 1
146 58 2
48 21 4
75 76 1
140 45 1
113 0 1
53 19 4
58 126 3
10 70 1
128 65 3
98 16 2
59 144 4
95 107 3
42 2 2
39 55 1
98 35 3
62 112 3
37 93 1
30 41 2
55 100 4
139 72 4
98 101 1
62 128 4
70 123 1
30 11 1
50 120 2
84 34 1
46 75 4
18 12 4
31 32 3
32 28 2
147 116 1
105 52 4
85 61 3
26 43 1
17 64 1
79 25 1
28 1 1
88 94 3
64 51 2
79 66 1
65 71 4
138 16 3
95 92 2
122 43 2
66 149 3
90 134 1
49 121 2
56 57 3
146 71 2
135 23 3
54 10 2
35 121 3
38 144 1
121 8 1
101 110 2
17 84 1
53 12 2
71 144 2
82 6 3
129 122 4
12 102 3
100 27 1
33 54 1
13 60 2
99 61 3
53 22 3
117 91 3
15 56 1
113 59 2
57 51 3
83 50 4
80 67 1
126 22 1
49 110 3
11 71 2
94 48 2
108 118 1
126 104 3
16 35 1
74 96 2
52 35 2
142 114 1
45 33 2
20 14 2
44 64 4
118 5 3
78 113 3
72 148 2
59 5 3
36 76 1
84 132 3
79 49 2
4 143 1
136 80 2
69 14 2
129 29 3
87 40 3
49 26 1
96 122 2
138 97 1
119 69 2
79 23 4
130 14 2
117 15 1
84 31 1
1 35 1
82 13 4
137 111 1
138 69 3
80 86 4
54 74 3
32 94 2
42 38 4
58 137 3
22 12 3
30 57 3
116 101 1
105 14 1
0 56 4
1 126 4
78 96 1
49 122 1
113 142 3
97 16 4
19 44 3
142 128 1
109 82 3
44 75 4
107 83 2
54 101 2
57 15 3
22 108 2
44 117 4
101 59 1
59 109 4
113 75 2
135 40 2
69 93 3
52 110 1
52 78 1
54 52 4
47 144 4
103 52 3
83 114 1
86 59 3
147 51 4
100 43 4
112 4 1
149 57 2
138 88 2
141 62 4
30 83 3
70 48 4
67 39 2
136 149 2
133 17 3
110 20 2
14 79 2
2 104 4
2 56 2
68 138 3
117 130 2
7 67 1
145 20 3
25 127 4
37 68 4
59 50 3
78 29 1
6 132 1
91 8 3
110 99 3
32 25 3
133 18 3
74 139 1
74 124 1
91 31 2
24 88 2
45 127 3
80 9 1
87 39 2
148 53 2
73 109 3
60 9 1
10 74 4
79 133 2
98 41 4
105 24 3
20 70 1
105 70 1
86 15 2
77 19 4
36 15 2
29 92 3
103 81 1
146 90 2
25 92 4
7 70 1
71 16 2
91 22 3
66 93 3
2 61 1
104 41 2
135 119 3
88 101 3
126 116 2
123 3 4
42 147 4
136 120 3
121 34 3
23 128 2
53 71 1
145 105 2
121 146 4
71 56 2
57 121 1
46 128 1
141 21 1
149 110 4
49 149 3
11 114 1
79 27 3
68 87 1
88 82 4
48 65 2
94 117 1
108 11 3
145 57 2
10 77 1
38 82 1
88 39 4
81 131 3
100 53 4
9 76 1
61 148 1
65 124 3
7 148 4
40 78 4
142 16 4
34 19 4
61 65 4
86 39 3
116 1 1
109 141 4
114 69 4
8 108 3
128 57 2
100 77 2
133 32 1
4 63 3
25 141 2
135 123 4
143 6 4
118 39 4
84 19 2
28 30 2
32 49 1
33 59 2
61 100 1
93 95 1
146 132 3
122 56 1
74 2 3
91 73 3
65 90 2
51 133 4
107 61 2
89 56 2
19 97 3
15 40 1
38 72 2
106 61 1
79 4 4
59 95 1
82 50 4
81 142 4
131 123 3
121 102 2
30 14 3
49 139 2
5 78 2
22 35 3
119 12 2
121 97 4
86 91 4
83 46 3
142 78 2
143 91 2
138 148 3
136 30 3
110 26 1
29 62 3
62 4 2
107 46 4
130 38 4
67 76 2
2 6 2
145 10 2
121 139 4
48 128 2
31 26 4
81 67 3
90 105 2
53 145 1
22 102 3
112 34 4
22 107 1
94 54 1
99 57 3
138 15 3
93 101 1
64 105 2
105 28 4
139 47 3
36 115 1
61 71 4
60 93 1
2 48 4
110 107 3
106 31 4
30 126 2
53 65 4
0 141 4
120 117 2
145 117 4
30 130 2
51 11 1
129 4 4
31 51 2
114 3 4
10 111 3
46 27 4
20 56 3
115 131 4
23 52 1
59 81 1
33 83 2
13 104 3
4 118 1
58 148 3
71 29 2
109 87 4
102 80 2
81 144 1
93 5 4
8 63 1
146 136 3
1 136 2
30 82 4
88 145 4
144 48 1
80 120 3
72 45 4
74 45 2
105 6 1
113 60 1
96 116 2
118 104 3
114 35 4
26 35 2
110 104 2
129 87 1
9 38 4
59 43 2
66 104 4
24 107 1
68 88 3
128 15 3
85 29 4
71 10 1
26 100 1
41 58 4
128 69 1
27 121 3
41 69 2
24 77 2
24 17 1
69 21 2
140 34 2
106 148 2
37 41 3
118 15 1
7 93 1
92 16 4
133 37 4
17 34 2
19 137 1
2 95 2
132 88 1
127 84 1
122 45 4
75 78 2
116 57 3
89 147 3
16 67 2
100 16 3
96 68 3
63 133 2
12 123 4
26 130 1
81 27 1
133 107 2
93 90 4
127 102 2
14 15 3
80 1 2
44 72 2
59 67 1
13 131 1
17 107 4
34 129 1
27 149 1
63 35 3
73 118 3
114 59 3
65 80 3
134 11 4
41 108 3
109 114 3
60 89 1
97 37 4
141 28 1
147 36 4
42 4 3
67 12 4
44 138 2
147 138 1
134 14 1
74 126 2
102 99 4
23 131 2
96 146 4
3 65 1
62 83 3
125 66 1
97 29 4
75 25 1
52 63 2
72 32 1
51 113 4
93 39 1
13 53 3
1 25 4
15 107 3
67 100 2
106 6 4
21 64 4
78 19 3
106 27 1
99 134 1
77 124 3
95 42 4
136 62 1
10 122 1
28 140 1
73 34 2
89 116 2
109 14 3
54 14 2
63 26 3
112 21 3
34 70 2
77 72 2
25 11 4
59 25 4
146 80 4
17 114 4
148 11 4
139 51 2
107 50 1
147 56 3
25 69 1
82 68 1
28 94 1
58 62 1
133 48 3
62 51 1
86 89 2
44 121 1
52 118 3
86 148 1
148 91 2
56 40 3
113 76 4
7 108 3
119 67 4
147 2 1
117 26 2
9 11 1
22 11 3
125 117 3
121 2 4
3 97 4
24 109 2
48 120 2
138 92 2
5 48 1
65 115 1
67 43 1
105 108 2
128 56 1
77 112 3
56 12 1
19 88 3
100 109 1
27 127 4
77 76 3
77 110 1
55 111 1
134 34 2
56 44 1
35 143 2
145 110 2
48 64 1
125 145 4
53 18 4
84 118 1
130 1 1
98 36 3
127 59 4
121 56 4
93 63 1
39 26 4
37 2 2
144 114 1
84 32 4
79 29 1
64 73 2
94 79 3
19 55 3
4 2 4
48 113 4
80 42 4
105 141 1
97 71 1
130 36 4
93 116 1
141 55 1
45 35 3
136 124 3
121 108 2
100 117 2
126 107 2
2 99 3
134 120 1
102 125 2
105 144 4
111 25 4
134 12 1
15 105 3
128 35 3
85 113 1
15 21 3
86 76 2
58 57 4
111 66 2
13 44 3
114 64 4
64 136 1
106 98 3
91 61 2
89 13 3
14 144 3
126 50 3
112 127 2
149 17 3
34 110 4
136 108 1
116 13 4
109 134 4
38 28 4
70 137 1
19 42 4
74 16 3
55 38 1
21 5 4
33 119 3
91 41 1
77 74 4
131 68 3
57 66 1
80 47 3
32 64 3
40 108 3
57 146 1
123 26 3
14 132 1
27 142 1
38 64 1
49 133 3
3 106 2
73 6 4
32 111 2
122 107 2
71 128 2
28 119 1
23 113 1
127 130 2
135 98 1
70 14 2
10 114 3
79 106 3
18 15 2
147 29 1
111 73 3
94 24 3
8 87 4
15 90 2
27 4 4
8 33 2
146 82 4
121 50 3
124 31 1
72 130 3
81 82 3
145 80 3
112 52 3
94 61 4
18 90 3
77 23 1
77 42 1
49 0 3
112 31 1
147 7 2
123 15 1
102 139 3
85 3 4
69 96 1
111 26 3
138 109 4
109 75 1
127 86 2
0 11 1
131 39 4
92 127 4
133 128 4
145 39 2
120 126 1
59 6 1
103 113 4
128 9 3
9 44 1
25 73 2
23 61 3
1 99 2
26 71 3
31 65 3
139 41 4
76 137 3
17 146 1
46 81 2
59 92 2
9 81 1
43 97 4
102 41 2
15 38 1
26 141 2
59 93 1
80 85 3
37 66 4
123 83 4
39 139 4
110 78 2
110 136 1
5 139 1
137 28 3
85 46 1
9 130 4
45 135 2
63 94 4
42 53 3
92 71 3
141 99 2
133 75 4
26 24 1
89 72 4
97 41 2
100 30 2
0 72 2
17 100 4
76 61 1
143 42 3
90 50 4
80 92 1
50 47 1
26 93 1
135 137 3
69 124 4
82 39 4
141 46 1
5 71 1
76 44 2
71 72 3
52 41 3
17 117 2
91 42 4
102 97 3
57 49 3
79 58 2
16 119 1
96 76 1
144 108 2
143 129 4
5 7 1
116 131 3
80 140 2
9 57 3
130 122 2
90 1 3
149 148 3
113 127 4
30 132 3
145 11 2
44 66 1
7 127 1
67 143 2
82 134 4
53 109 3
126 93 1
70 6 2
16 75 4
119 141 1
74 47 2
6 93 2
141 113 3
58 129 2
145 94 4
44 69 1
142 57 2
145 144 4
2 52 2
7 15 1
118 99 1
127 22 1
36 92 3
3 136 1
116 25 1
105 59 1
112 63 4
10 144 1
0 17 4
124 78 2
112 85 1
50 104 4
126 91 3
83 39 3
124 109 3
9 68 4
78 100 1
137 73 3
114 103 3
99 73 4
87 51 3
131 80 3
67 95 2
49 98 3
60 77 3
64 120 2
25 24 1
99 124 1
103 68 4
90 143 2
39 133 1
19 110 2
106 53 1
140 115 3
127 77 2
119 139 4
118 135 2
74 72 1
137 20 3
149 106 1
3 46 1
129 117 3
100 28 3
101 136 2
22 2 4
65 118 3
138 110 2
10 107 3
35 7 3
43 120 3
126 10 4
60 52 4
28 48 1
146 29 4
10 139 1
75 9 2
126 24 4
134 52 2
43 145 1
85 15 2
120 103 2
49 101 1
3 80 4
83 28 3
29 16 2
76 131 4
68 128 1
75 38 1
59 111 1
66 128 4
17 103 2
64 1 3
62 131 3
87 67 2
42 56 4
147 85 3
102 77 4
106 7 4
143 84 4
39 74 3
92 149 4
79 51 2
71 41 2
108 125 2
18 94 4
23 32 4
131 69 2
96 90 4
73 148 2
40 97 3
78 122 4
96 7 4
136 42 4
113 61 3
105 143 1
21 89 2
111 75 2
59 140 1
33 131 1
57 118 3
17 25 3
31 42 3
130 112 4
86 19 4
89 121 4
76 13 3
121 1 2
25 40 4
72 82 1
40 48 2
62 94 4
143 27 2
65 143 3
129 120 3
68 124 3
67 3 4
16 15 2
116 111 4
5 86 1
141 50 4
24 114 3
102 148 1
74 106 3
35 14 3
117 65 4
110 40 3
95 64 1
57 148 1
63 123 1
42 54 1
53 63 2
95 127 3
56 14 4
119 145 3
130 136 4
103 27 4
70 97 3
123 142 4
146 18 4
19 6 4
86 104 1
126 9 4
41 21 1
84 40 4
78 51 4
25 96 3
109 112 2
106 47 3
58 140 1
13 107 2
54 19 4
29 91 3
86 4 2
81 12 3
68 107 3
68 149 1
142 107 1
149 112 1
134 55 4
72 33 2
96 149 2
145 124 2
73 33 3
102 35 2
78 64 2
61 67 4
17 68 2
6 31 1
131 139 2
104 78 4
135 21 4
99 145 2
53 138 4
138 100 1
83 102 3
137 21 2
88 44 3
77 134 3
90 97 3
4 148 4
66 68 4
49 137 3
22 3 1
66 90 4
29 64 4
133 13 3
47 39 1
17 26 3
32 127 2
71 40 2
136 148 3
85 91 4
46 47 3
0 131 1
66 130 1
141 66 1
108 38 4
85 118 4
29 89 3
144 99 4
116 110 2
126 41 2
35 59 2
47 3 2
67 22 4
57 106 2
88 126 1
15 11 2
38 87 4
119 7 1
139 130 3
115 145 4
70 92 4
79 134 3
63 59 2
77 89 2
111 107 3
87 71 1
146 113 1
106 5 1
63 17 3
25 37 2
92 6 4
146 110 4
121 40 1
113 81 4
111 136 4
55 51 1
22 17 1
115 9 4
39 4 4
140 26 1
18 138 4
93 54 2
35 39 4
121 69 2
18 27 3
106 132 1
98 89 1
60 79 1
95 69 3
118 6 3
94 143 1
15 8 1
102 129 1
92 62 4
89 6 2
130 82 2
45 121 4
54 65 1
13 106 1
99 43 4
119 9 2
146 141 2
86 138 2
13 49 1
137 16 3
68 121 3
105 139 3
17 115 1
44 114 4
126 143 2
36 141 4
55 98 1
67 24 1
129 73 2
74 142 3
96 114 1
10 49 3
109 26 1
100 83 3
41 0 4
46 4 2
1 8 4
13 69 3
81 117 2
134 18 3
120 86 3
92 76 2
119 43 2
83 63 3
112 41 1
11 93 4
6 119 3
109 6 4
146 12 4
63 69 2
21 114 1
3 78 4
101 72 1
31 12 1
146 117 4
90 111 3
95 119 1
136 118 3
55 41 4
128 41 3
109 91 1
147 50 2
48 36 2
122 95 1
17 122 2
65 95 4
43 57 1
55 133 1
39 59 4
32 3 1
47 36 2
10 84 3
24 11 1
61 127 1
98 34 1
131 42 1
94 135 4
92 121 1
122 145 4
32 30 3
116 125 1
105 19 1
45 113 2
33 76 2
142 53 2
20 63 3
77 67 2
117 99 1
74 135 3
70 101 3
56 28 2
88 108 4
137 43 1
17 79 1
65 74 4
102 14 1
72 70 2
87 148 3
14 117 3
52 38 4
71 103 3
46 15 4
130 126 2
114 15 1
107 119 4
38 25 3
141 148 4
124 49 1
114 110 4
90 12 4
132 69 4
137 120 4
89 120 3
0 145 4
8 138 4
86 58 3
141 75 2
123 62 3
5 58 2
23 99 4
69 45 2
19 138 4
102 9 3
1 147 1
16 86 1
92 55 2
30 17 4
111 148 3
25 148 1
96 81 1
86 67 3
38 84 4
133 52 1
106 45 1
55 128 2
127 6 1
134 148 1
103 6 2
62 129 4
34 89 2
88 10 2
147 92 1
33 124 4
105 75 3
102 49 3
133 122 1
144 29 4
27 48 1
34 133 2
29 138 3
135 35 1
122 100 2
96 137 4
116 43 1
125 143 1
66 124 3
37 102 1
45 17 1
22 7 4
59 136 4
125 53 2
123 121 2
60 106 1
84 111 4
120 72 3
58 19 3
26 61 2
49 11 3
14 126 4
117 127 4
12 69 1
93 88 4
108 103 4
64 139 2
86 31 4
81 7 1
76 42 2
134 133 2
31 127 4
98 6 2
3 108 1
147 64 1
59 137 1
16 70 3
58 65 2
138 22 2
18 136 4
44 20 3
143 28 3
24 148 1
14 66 3
135 70 2
140 41 3
114 2 1
60 105 2
42 67 4
99 146 2
51 123 4
84 101 4
65 91 1
106 23 2
134 45 1
103 9 3
42 20 4
118 45 3
28 53 4
112 132 2
64 70 4
67 28 2
48 140 4
84 107 3
114 62 4
18 117 3
31 16 1
128 144 4
43 36 2
14 85 4
15 66 4
28 23 1
55 17 2
145 23 4
80 147 4
70 30 1
26 149 3
122 136 4
5 14 4
37 54 1
25 44 1
18 118 2
14 36 2
55 131 4
14 121 4
8 136 1
95 13 1
33 121 4
26 30 1
37 130 1
3 30 3
83 130 3
42 59 2
90 51 4
18 72 2
103 31 4
54 108 3
137 118 3
120 79 4
147 101 3
81 110 2
110 58 2
86 100 4
52 72 2
57 22 4
102 0 4
25 65 3
32 125 4
120 65 1
2 0 1
55 42 4
90 29 3
139 90 1
10 59 4
2 141 1
96 91 3
96 60 4
28 113 4
20 50 2
43 42 1
90 45 1
97 104 3
33 137 4
72 49 3
129 57 1
146 138 3
60 48 3
50 0 1
112 13 4
83 75 3
41 25 3
148 124 2
34 66 4
41 100 1
38 94 1
75 58 4
107 72 1
139 120 3
47 149 4
96 72 2
104 75 2
77 95 2
105 43 1
90 73 1
88 8 2
102 69 4
49 70 3
91 134 4
100 20 1
38 114 1
108 64 1
146 9 1
128 78 4
96 53 4
53 86 2
82 125 3
149 4 3
82 89 3
72 102 4
40 61 2
102 55 2
116 30 3
89 124 2
101 29 4
113 25 3
65 86 3
82 31 4
85 84 2
74 101 3
89 26 4
143 57 4
108 4 4
48 31 3
85 127 3
56 123 2
84 146 2
68 33 4
63 23 3
106 44 2
40 5 4
5 28 3
102 147 4
143 101 1
108 129 1
51 5 4
69 100 2
147 95 4
126 71 2
99 7 4
111 48 2
69 137 3
32 1 1
107 51 1
125 95 3
95 82 4
37 15 3
34 12 3
88 77 4
21 52 1
20 101 2
138 54 3
125 38 4
65 99 3
59 82 3
82 25 1
5 36 4
50 99 1
17 6 3
149 126 4
51 131 4
17 40 1
8 34 2
54 51 1
44 145 2
42 46 4
85 124 4
136 19 3
27 47 3
83 99 2
130 133 3
59 72 4
35 28 1
122 97 3
100 101 4
127 17 3
32 38 3
86 141 2
70 128 3
73 102 4
65 122 3
143 64 3
8 60 2
43 114 3
17 72 4
119 39 1
104 69 2
36 149 3
44 116 4
73 98 1
90 16 1
70 47 1
130 141 1
24 138 2
148 21 3
91 127 1
79 69 2
40 102 4
42 125 2
84 90 4
88 107 4
133 10 3
119 21 4
34 135 4
92 66 4
98 86 3
95 106 3
12 83 2
66 112 2
65 37 2
85 69 2
15 131 1
97 64 1
77 11 3
134 121 4
21 39 2
4 51 3
122 52 3
69 86 2
15 0 2
63 125 3
74 50 1
54 44 3
99 92 3
11 94 2
80 70 3
116 36 3
148 9 4
25 52 3
144 64 1
75 20 1
130 90 2
106 146 1
13 101 4
129 123 3
15 22 1
138 55 4
71 70 1
113 84 1
65 18 3
31 117 3
136 140 3
32 99 3
129 56 4
144 139 3
118 29 1
65 20 4
122 101 2
86 12 1
24 86 2
129 66 2
104 109 4
82 108 4
139 28 1
22 71 4
11 37 4
144 110 4
7 115 1
132 55 4
139 56 4
90 11 1
42 75 3
131 2 2
13 97 3
70 51 4
147 114 3
19 63 3
128 4 4
30 79 4
124 81 1
70 4 4
24 42 1
107 66 2
42 66 4
118 97 1
82 69 4
82 113 4
58 91 3
83 54 4
105 9 4
104 87 1
134 53 1
58 98 3
67 141 3
120 115 4
12 147 1
10 48 2
26 68 3
95 137 1
37 90 1
87 22 4
61 97 3
125 18 3
23 73 2
137 100 4
82 128 1
100 8 3
130 58 1
127 49 4
11 142 4
40 68 4
57 60 4
56 31 1
69 73 3
17 39 3
33 81 4
93 22 3
4 74 2
5 100 2
8 12 2
28 72 1
8 111 3
13 4 2
40 26 2
131 25 1
14 88 3
115 113 1
6 140 1
142 12 4
62 127 2
65 148 1
125 135 3
145 13 2
17 60 2
119 66 2
109 65 4
113 42 2
135 83 2
50 132 1
98 76 3
60 133 2
8 119 3
92 72 3
67 83 1
148 48 4
89 57 3
2 98 2
61 15 2
104 72 1
74 122 3
129 76 2
75 66 1
64 106 4
109 35 4
24 71 3
127 43 3
113 40 1
67 19 1
8 69 3
25 56 4
86 40 3
60 63 2
29 87 4
131 32 1
129 0 3
92 8 4
96 129 3
30 19 4
118 91 4
127 119 2
0 25 4
102 7 3
66 101 3
100 71 1
67 99 1
64 8 2
46 11 3
98 126 1
45 34 1
88 127 1
9 15 4
133 98 3
146 124 3
121 106 3
100 98 3
126 64 3
118 26 1
33 133 2
67 121 1
122 58 3
98 54 3
105 61 3
72 65 4
71 78 3
15 141 2
28 125 4
124 7 1
101 124 4
89 84 3
120 55 1
7 56 4
45 21 3
48 110 1
61 104 2
51 81 2
106 72 3
118 51 2
95 5 4
76 7 2
72 144 2
126 96 4
110 141 1
141 11 4
140 112 2
17 94 4
111 78 2
140 141 1
142 87 2
132 85 2
137 144 3
54 75 3
63 134 4
95 61 3
53 119 4
50 11 1
126 73 2
82 47 2
20 115 3
86 116 1
76 109 4
84 30 2
50 16 3
18 44 2
70 1 4
38 26 4
37 78 3
34 143 4
57 132 3
7 146 3
53 126 2
115 127 3
21 98 4
50 66 3
51 91 4
1 5 3
52 147 1
145 33 4
19 123 2
0 73 2
95 148 1
84 43 3
144 30 2
2 122 4
81 36 2
80 63 1
27 135 4
76 127 4
21 54 3
122 19 4
82 143 2
139 112 2
34 103 2
46 45 3
34 26 1
19 16 4
36 105 2
148 45 3
116 20 2
94 49 3
38 128 4
1 52 4
143 133 3
47 4 4
65 97 1
96 36 4
57 91 3
68 125 1
125 62 3
119 45 2
23 22 2
74 120 4
137 141 4
134 105 1
128 59 3
43 53 3
9 1 1
124 149 1
145 45 1
131 111 2
85 97 2
148 110 3
102 59 3
13 40 2
73 121 4
92 35 4
119 20 2
21 34 3
103 44 1
59 44 4
142 34 1
118 149 3
14 59 2
28 34 4
59 79 4
98 24 1
14 43 4
93 41 4
80 8 3
137 65 3
74 128 1
104 148 3
31 92 1
24 128 4
84 98 4
106 71 1
12 91 1
18 89 4
49 125 4
52 46 1
57 135 4
135 89 2
13 118 4
89 130 2
116 27 3
73 50 2
49 88 3
100 102 2
43 32 3
45 81 4
27 74 2
11 68 3
95 15 2
50 146 2
61 102 4
106 99 2
135 1 2
97 98 2
76 51 1
116 80 3
69 126 2
41 2 1
27 50 2
1 50 4
145 58 3
49 82 3
102 54 2
38 60 3
6 137 2
48 11 3
140 22 1
145 25 4
147 62 1
110 125 2
22 85 4
66 23 1
9 94 4
63 33 1
48 34 4
131 26 4
33 11 2
50 88 3
99 64 2
107 116 3
31 53 4
30 96 1
95 51 3
118 38 1
7 117 1
29 0 4
90 9 1
43 75 4
42 73 1
39 54 4
113 118 4
4 94 2
18 96 4
67 64 2
69 88 2
43 77 3
10 132 4
97 99 3
103 89 4
26 128 4
138 128 1
64 75 1
15 65 2
63 90 2
74 91 2
55 107 3
124 36 3
45 50 4
8 115 4
146 38 3
46 98 4
24 91 3
105 34 4
14 113 2
11 56 1
45 36 1
53 68 4
4 107 2
75 60 1
142 1 2
82 4 4
127 64 3
49 83 2
78 28 1
76 111 1
10 55 4
33 61 2
118 1 1
141 133 1
22 52 1
116 5 3
130 49 1
129 16 3
60 125 1
116 121 2
84 0 2
137 136 4
113 110 2
91 149 1
55 103 3
41 42 3
17 130 3
31 8 3
125 92 3
56 30 1
133 135 4
64 54 3
104 79 3
26 77 3
93 120 3
58 101 2
107 49 1
34 123 4
135 15 4
124 63 1
135 7 3
89 85 4
25 80 2
65 17 1
120 87 2
52 20 2
118 122 4
52 26 3
45 82 4
37 17 2
122 93 3
4 139 4
114 40 1
8 19 1
93 147 3
132 103 1
61 120 4
17 59 2
136 13 1
84 110 3
61 82 2
122 77 4
119 29 2
17 54 3
37 32 1
104 76 4
106 48 2
60 111 3
51 117 1
85 136 4
91 102 4
1 41 1
51 66 2
47 86 1
139 94 3
6 66 1
70 84 2
85 64 4
105 102 2
149 93 2
33 29 4
118 23 2
89 122 4
46 92 1
132 108 4
145 28 3
11 130 2
75 56 3
48 96 2
55 94 2
128 111 3
98 64 4
66 29 4
74 63 3
61 137 2
110 92 4
127 108 1
81 25 1
112 10 1
114 149 3
33 67 1
10 23 4
37 141 2
78 103 4
56 131 4
47 67 1
64 5 2
127 47 4
100 74 1
118 25 4
111 67 2
148 44 1
59 38 3
50 31 4
141 61 1
1 123 1
76 140 4
130 137 2
119 2 2
75 48 2
16 1 2
73 54 3
147 144 2
137 3 1
99 74 1
6 45 4
95 116 2
13 84 4
113 39 4
50 46 1
9 136 4
109 64 2
112 87 3
43 139 3
141 34 3
12 149 2
140 5 1
77 120 3
40 104 4
27 137 2
66 83 3
83 129 3
124 40 2
87 57 4
117 148 4
106 68 2
40 47 4
102 19 1
66 120 2
116 7 1
75 7 1
126 102 1
131 98 3
129 10 2
63 21 1
64 62 3
130 98 2
31 63 1
95 56 3
20 130 1
5 75 2
83 57 3
135 49 3
98 143 3
128 10 3
26 113 4
116 16 3
73 123 4
98 10 1
76 116 1
41 95 4
123 100 4
123 76 1
69 116 4
136 97 4
134 23 1
110 90 3
121 82 2
31 28 3
128 44 1
8 94 2
68 112 2
106 90 1
47 48 4
140 119 1
55 68 4
51 135 3
62 12 2
125 141 1
85 10 4
17 140 1
132 79 1
9 91 1
13 115 4
23 102 3
135 18 4
71 98 1
96 136 2
16 110 2
20 21 3
142 133 1
88 146 4
126 127 2
2 100 4
115 54 2
2 21 1
129 124 2
9 23 2
26 69 3
41 117 2
83 72 4
38 13 4
109 67 2
141 51 3
143 46 2
13 148 1
70 13 3
44 134 1
1 102 3
108 92 2
138 122 4
73 127 3
130 106 4
61 115 2
20 122 1
140 127 2
123 110 1
92 17 3
105 65 2
144 119 3
143 123 4
132 136 3
37 132 3
66 89 3
108 86 2
86 133 2
49 106 2
130 73 2
90 22 1
61 5 3
124 25 2
83 104 4
133 59 1
134 61 3
14 60 2
118 120 2
66 132 4
99 25 2
41 105 4
120 116 2
74 78 3
36 106 1
98 85 4
65 27 4
101 12 1
106 133 1
111 86 2
116 142 1
6 8 1
50 138 2
51 35 3
138 126 4
62 122 1
86 144 1
64 22 1
149 16 2
49 14 3
119 34 1
5 84 2
58 92 3
84 122 2
79 83 1
106 73 2
145 35 1
72 80 3
117 108 1
7 110 2
24 2 4
80 55 4
64 125 2
146 62 1
131 1 3
112 35 1
126 45 3
146 143 1
94 72 3
126 87 3
90 46 3
36 28 3
57 138 2
65 94 4
84 92 2
122 21 2
6 146 4
142 134 1
3 95 3
131 45 2
54 30 4
54 26 4
70 134 2
103 56 1
103 46 3
81 65 1
72 62 2
48 58 1
62 149 3
72 78 3
105 149 2
119 83 4
89 62 4
75 68 4
47 37 2
128 124 4
64 103 1
86 0 3
0 58 1
39 38 2
30 149 3
81 63 4
132 29 4
80 31 2
101 8 4
70 115 1
67 117 1
4 130 3
85 120 3
49 148 2
109 78 2
113 139 1
42 141 3
89 28 3
8 97 1
103 135 3
62 88 1
32 129 4
55 2 3
79 67 4
112 17 4
134 42 2
124 64 2
42 3 3
134 48 4
50 81 2
114 115 4
115 110 4
21 68 1
10 79 3
45 138 3
21 140 2
71 28 4
86 90 2
142 67 2
42 105 2
60 97 2
130 57 2
33 62 4
124 53 4
40 50 3
59 0 4
65 6 4
105 103 4
18 104 3
103 99 2
34 67 2
20 142 1
15 89 3
32 101 4
92 42 2
84 121 3
12 68 4
56 39 4
145 85 2
63 7 4
133 85 4
1 13 4
144 123 3
62 16 2
135 88 1
5 108 1
111 101 1
62 41 4
131 149 4
62 46 3
111 74 1
133 53 2
69 78 1
79 37 4
33 82 4
28 118 4
76 23 1
149 82 1
121 61 1
97 31 2
2 87 2
131 67 1
46 109 3
37 77 2
2 12 4
35 2 4
149 11 4
99 77 2
66 3 1
33 117 4
102 43 3
21 127 4
67 11 1
80 46 3
115 96 4
30 18 2
99 148 3
58 97 2
73 38 4
28 22 3
99 104 1
49 45 4
74 104 4
20 62 3
91 53 2
72 127 3
75 119 3
117 86 2
124 94 1
64 43 3
44 136 1
6 88 2
13 149 4
63 140 4
23 27 3
116 47 1
28 64 1
69 46 1
119 130 4
140 4 4
12 7 2
35 31 1
20 139 1
141 114 4
17 88 4
133 132 4
41 22 1
70 106 1
149 74 1
114 133 1
88 57 1
77 96 3
6 21 1
142 55 4
61 36 2
137 94 4
0 79 3
86 135 2
1 40 4
114 34 4
37 134 1
67 66 4
97 113 2
21 97 2
111 6 3
75 33 4
11 19 4
89 95 2
101 123 1
73 27 1
127 36 2
83 3 2
22 125 4
5 114 2
28 86 4
92 30 2
14 13 3
24 75 2
145 109 4
60 78 3
15 92 3
89 131 3
104 60 3
80 28 2
48 9 4
45 56 1
125 115 2
65 41 4
109 147 2
67 4 4
7 84 1
131 128 1
12 80 3
69 35 3
58 69 1
79 113 4
13 147 4
131 61 3
48 57 1
65 24 4
86 25 4
142 121 2
138 91 4
104 146 2
39 14 4
68 5 2
13 62 2
70 83 2
148 103 1
41 48 4
135 75 1
65 33 3
66 65 3
114 26 4
50 137 3
4 90 1
15 139 4
50 97 2
6 139 3
10 43 3
107 11 3
87 82 3
55 139 3
80 78 3
93 108 4
39 136 1
23 26 4
94 86 2
93 35 4
117 71 3
89 96 2
44 81 1
3 61 3
22 40 2
57 50 4
25 72 4
95 16 4
4 60 2
35 79 2
130 88 4
129 126 4
123 127 4
28 17 4
18 11 2
99 34 3
43 131 3
127 87 3
44 122 3
138 143 4
65 73 4
10 25 1
92 4 3
127 94 4
23 68 4
101 83 4
121 31 1
53 99 2
65 38 2
104 45 2
144 91 3
148 19 4
108 114 2
78 17 4
12 41 1
29 36 2
67 40 4
121 122 4
5 138 4
88 104 1
140 135 1
123 7 4
135 30 2
24 7 4
52 32 3
146 52 2
98 33 2
12 92 2
121 76 4
120 6 4
103 127 3
31 137 1
40 3 2
99 95 1
128 127 2
132 142 4
18 69 2
26 16 3
22 120 2
125 19 4
18 148 4
112 42 4
3 56 3
64 83 3
19 81 2
87 0 3
52 51 1
117 13 4
59 99 2
81 99 4
43 73 4
34 127 2
102 145 4
29 127 2
118 106 3
75 45 3
129 13 2
27 110 4
144 66 1
77 41 1
107 3 1
111 35 2
62 6 2
2 135 1
37 35 2
44 132 3
144 3 2
5 42 3
120 8 3
77 20 1
16 140 4
14 47 1
77 104 3
127 83 1
77 61 2
116 119 1
1 11 4
132 13 2
117 132 3
90 141 1
143 59 2
64 13 1
38 51 1
128 99 2
35 11 1
132 28 1
94 84 1
131 126 1
67 37 2
109 97 2
79 116 4
109 23 2
6 10 3
134 59 1
48 24 4
61 39 4
18 9 2
87 143 1
27 88 4
139 13 2
69 115 4
4 3 2
72 79 2
110 10 4
77 86 1
41 137 3
82 120 3
24 79 3
118 100 3
24 46 2
47 148 1
22 149 3
57 102 1
43 61 4
143 50 1
115 71 4
126 57 3
1 4 2
51 2 1
115 93 3
61 16 2
46 149 2
43 107 3
101 108 3
96 55 1
119 99 4
106 78 3
87 117 4
39 100 2
35 64 3
108 28 2
56 84 4
110 98 4
29 38 2
68 84 2
69 99 2
135 47 2
84 1 4
89 45 3
123 124 4
85 25 4
19 116 2
129 22 3
121 4 2
82 139 4
17 128 2
8 42 1
23 59 1
39 68 4
118 147 3
67 13 3
68 74 3
100 111 2
128 130 4
141 12 1
57 76 4
79 36 2
46 120 2
138 1 2
144 62 2
77 109 4
83 45 1
6 58 3
25 136 3
95 22 1
62 79 1
149 34 4
54 105 4
7 69 2
98 65 1
62 132 1
52 69 4
3 23 4
35 44 3
111 56 3
73 72 2
32 110 3
58 68 2
45 12 2
38 99 3
12 145 2
111 51 4
22 59 2
18 24 4
49 74 3
59 115 2
84 97 4
128 73 4
71 42 4
82 17 4
5 146 2
96 100 2
29 25 1
142 109 3
15 84 3
7 143 2
50 79 4
22 26 2
135 76 4
12 23 3
143 30 4
62 44 2
62 57 3
39 42 3
135 20 4
104 127 1
114 104 3
101 0 3
43 92 2
115 134 1
144 54 1
13 96 1
27 112 3
86 62 2
97 145 2
82 115 1
109 25 2
55 110 4
43 109 4
145 24 3
102 26 2
96 102 3
30 44 1
116 24 3
75 15 1
7 94 1
107 2 2
83 137 4
104 119 2
68 67 4
20 12 1
28 97 4
65 35 4
111 147 2
0 97 4
138 7 3
20 123 1
111 98 2
47 113 1
64 19 3
146 76 2
143 61 2
13 113 2
62 61 2
8 102 2
142 42 2
103 130 1
73 95 3
141 48 4
148 92 1
42 98 4
26 7 2
111 109 3
110 106 1
112 59 1
114 140 2
33 47 2
141 18 3
44 113 1
95 138 2
22 30 1
41 4 1
39 64 2
10 95 1
92 90 4
0 54 1
14 48 1
95 58 3
63 10 2
129 128 3
0 116 4
70 45 3
136 69 1
71 86 1
26 65 4
55 148 3
112 143 4
32 51 3
18 122 3
146 32 4
54 107 1
22 121 3
85 47 4
4 45 2
126 119 1
143 55 4
108 122 1
139 147 2
36 118 2
42 13 4
101 31 4
34 72 4
59 145 3
83 113 1
113 123 3
53 89 1
25 140 1
47 71 2
71 7 1
13 11 1
138 25 3
58 104 4
113 125 3
27 145 1
84 105 4
15 96 4
114 37 2
31 93 1
74 69 3
5 77 4
14 74 3
113 64 4
57 125 3
102 46 2
45 117 3
4 26 4
143 26 1
19 113 4
25 149 4
38 68 3
33 91 4
100 121 3
21 67 1
37 21 3
14 34 2
20 113 1
89 31 3
137 30 3
60 136 2
85 4 3
48 112 3
116 34 2
133 94 2
117 107 3
87 7 3
96 127 1
17 113 3
27 98 1
80 121 3
119 49 1
121 144 1
29 63 4
28 3 1
18 56 3
104 54 3
69 118 3
143 113 1
115 41 2
131 5 4
5 129 3
42 111 1
52 128 2
26 5 3
39 123 2
38 81 2
87 9 2
72 99 4
122 124 4
112 124 1
102 115 2
13 77 4
24 141 2
2 5 1
28 112 1
102 128 2
54 137 2
64 135 3
53 104 2
71 149 3
76 73 4
18 88 4
133 104 2
77 79 4
123 27 2
135 17 3
73 75 2
101 48 1
114 57 2
46 65 4
6 84 3
39 77 2
69 98 4
1 6 4
89 146 4
39 33 4
20 3 2
144 23 1
2 47 4
19 120 1
123 69 3
45 8 2
6 72 3
117 52 1
94 142 1
30 101 4
91 142 3
23 21 4
73 104 2
121 113 1
59 104 1
135 66 3
32 76 2
8 74 4
129 19 2
26 25 4
99 17 4
44 80 3
89 91 4
81 56 1
23 89 1
138 65 2
7 111 2
125 4 1
2 137 4
46 19 3
130 24 1
93 14 2
123 79 1
130 2 4
53 77 4
136 82 1
74 64 1
136 54 3
116 90 4
123 119 3
98 14 1
143 106 4
121 37 2
135 50 4
16 56 1
29 2 4
15 55 3
79 136 3
124 115 4
24 8 1
121 83 1
52 10 4
143 56 1
58 90 2
101 15 1
83 126 2
127 100 2
42 83 1
37 20 3
54 9 4
40 81 2
51 83 4
122 28 3
85 115 2
81 148 3
41 81 3
62 28 2
64 66 2
25 43 2
81 129 2
41 106 1
13 12 2
142 39 2
38 139 2
99 111 1
61 108 1
128 22 3
29 74 3
31 7 2
66 43 3
112 73 3
83 148 1
55 125 1
112 20 3
16 8 4
7 57 4
119 106 4
108 25 1
67 73 3
33 64 1
142 129 3
72 98 1
7 3 4
85 110 4
146 139 3
121 105 2
112 121 4
49 46 3
44 131 1
145 51 2
114 101 4
42 122 2
43 8 3
42 74 2
11 27 4
57 77 1
127 20 2
102 135 2
8 65 1
64 61 2
56 80 4
43 123 4
37 34 2
52 43 4
142 84 1
73 47 3
80 32 2
60 85 1
27 141 3
114 73 4
110 130 3
116 84 4
40 120 4
144 70 1
112 97 2
82 67 1
90 103 4
20 28 4
67 69 1
119 47 1
94 144 1
36 70 2
21 19 2
132 87 3
135 5 4
25 102 4
144 95 1
4 49 2
29 76 2
57 82 4
18 60 4
34 91 3
50 55 4
127 75 2
5 113 1
26 41 3
62 95 2
78 1 3
77 146 3
42 14 3
57 42 1
62 101 2
120 32 2
132 34 1
98 96 4
58 89 4
28 51 4
17 141 3
30 55 3
13 121 2
96 17 2
118 133 4
19 83 4
128 63 3
14 120 1
122 139 3
113 108 1
93 78 4
32 4 1
134 110 1
81 70 2
20 98 2
19 92 4
79 76 2
127 144 3
67 29 4
137 35 1
135 16 4
70 99 1
95 68 1
59 48 3
70 86 2
45 98 4
27 126 3
15 122 2
33 88 2
80 143 2
35 24 2
40 122 1
39 104 4
38 104 1
9 50 3
85 106 1
79 87 3
132 78 2
20 60 1
22 65 3
5 52 3
51 8 3
31 25 2
130 51 4
107 131 1
3 60 2
31 3 4
137 34 2
32 119 2
24 28 1
3 70 4
102 42 1
123 66 4
148 113 2
138 73 2
86 109 3
18 87 2
41 149 1
82 124 1
9 84 1
21 118 1
145 62 4
109 5 2
51 7 3
112 44 2
90 67 4
97 1 3
29 61 3
16 12 2
68 30 3
62 23 4
10 5 1
118 130 2
82 53 1
80 19 1
89 132 2
109 148 3
48 135 4
55 8 3
122 92 4
100 120 3
137 24 4
33 4 2
131 38 4
10 61 3
88 118 1
67 52 3
93 71 4
131 30 1
113 56 3
119 72 4
124 133 3
121 104 4
147 82 2
145 76 3
119 78 2
56 134 4
106 96 3
122 71 2
27 67 4
54 82 2
41 114 3
57 123 2
115 142 2
2 72 1
8 21 2
104 92 1
91 15 1
93 51 1
106 101 4
79 11 4
102 109 2
114 132 1
8 72 4
67 45 1
21 77 2
110 109 3
77 8 2
84 62 1
105 119 4
136 84 4
17 50 4
40 69 2
149 21 4
29 108 3
56 29 4
24 5 2
71 84 4
124 60 3
139 137 3
102 143 1
7 61 3
49 128 4
111 88 3
52 143 3
68 46 2
46 122 3
99 48 3
116 8 4
9 142 3
11 73 2
54 135 4
5 98 3
31 110 3
54 113 1
41 43 2
37 53 3
149 132 3
74 57 3
62 25 1
91 32 1
96 37 2
90 25 2
149 147 2
113 80 1
42 82 4
101 22 4
38 2 1
54 145 2
114 30 4
85 6 4
114 116 3
106 115 4
141 106 3
91 136 1
8 20 2
101 69 4
55 60 1
95 70 4
74 140 4
80 127 4
142 19 3
25 30 4
147 67 1
124 26 3
147 17 4
68 31 4
105 112 1
117 28 1
44 57 3
140 102 3
101 10 2
45 87 2
5 89 1
15 124 4
17 52 1
80 64 1
19 1 1
142 70 4
63 105 4
94 114 3
101 5 3
6 149 2
9 53 2
23 67 2
7 77 2
0 132 3
94 105 4
147 115 3
88 13 1
94 19 2
30 42 2
89 113 2
138 136 3
57 55 1
115 0 3
125 120 2
25 35 1
102 48 2
9 40 4
84 95 1
114 66 2
23 140 1
71 96 2
54 118 1
31 54 2
107 128 1
108 137 3
93 23 1
81 105 1
18 78 3
35 87 1
136 112 4
93 12 1
128 96 4
24 140 4
74 105 1
101 61 4
118 76 2
10 130 1
75 84 1
12 107 4
80 94 2
107 56 3
109 133 2
128 113 4
101 102 4
114 127 2
101 51 3
8 130 1
124 137 1
118 70 2
54 16 2
28 98 1
123 17 4
120 142 1
104 137 3
94 138 2
137 37 2
149 2 1
35 17 2
81 47 2
93 144 2
115 104 1
135 149 4
37 124 4
2 79 1
33 53 4
145 112 1
11 81 2
133 115 2
32 16 2
149 61 4
50 124 1
43 78 1
81 21 4
35 99 2
1 88 3
82 44 3
104 4 4
19 101 1
60 81 3
118 8 3
44 34 3
112 79 4
128 126 3
4 72 4
75 115 3
89 64 2
70 130 2
32 17 3
131 11 2
63 71 3
111 122 1
52 139 4
34 82 3
74 113 1
108 134 4
141 116 1
16 6 1
99 98 3
100 57 2
135 60 2
124 59 3
12 131 2
113 29 3
6 135 2
87 66 2
84 67 2
70 120 2
36 65 3
36 33 2
62 48 1
110 89 3
52 98 4
17 83 2
110 147 2
62 97 1
85 93 2
144 109 2
132 107 2
30 16 4
102 53 4
47 10 4
63 91 4
106 26 1
48 127 2
101 52 3
123 141 4
21 111 4
63 122 2
55 18 3
7 78 1
67 6 3
82 110 1
2 26 1
148 116 2
30 46 1
96 27 2
58 131 4
139 12 2
21 94 2
36 108 2
83 18 2
47 145 4
149 75 3
9 2 1
109 13 1
59 139 1
68 50 3
19 0 1
130 97 4
100 85 1
63 120 2
113 69 3
2 86 3
60 115 2
105 62 2
10 38 2
99 8 3
54 46 2
128 108 3
26 0 4
96 54 3
66 16 4
149 141 2
35 0 1
115 67 1
54 41 4
64 137 3
123 140 4
149 59 3
54 120 4
93 0 2
10 91 3
92 7 2
106 92 4
89 73 3
17 41 4
86 32 4
112 15 1
129 42 3
101 97 2
58 52 4
81 116 4
47 111 1
7 2 4
143 120 2
60 118 2
62 91 3
46 35 4
33 23 4
69 61 1
31 139 3
18 38 2
38 24 4
82 12 1
134 33 2
127 16 2
47 63 3
135 91 2
116 106 3
15 71 3
27 16 1
113 88 2
118 53 2
146 127 1
45 2 1
19 39 4
51 44 4
93 109 1
8 59 1
36 68 2
124 48 1
40 96 1
30 119 3
13 19 1
96 94 4
99 86 4
62 130 4
147 76 1
63 129 3
121 74 1
42 18 4
127 101 2
108 44 4
39 110 3
115 112 3
119 109 2
86 52 2
38 120 4
80 16 4
116 56 4
64 131 3
101 139 1
55 99 2
69 107 4
36 31 1
104 93 2
100 72 4
51 39 4
7 40 1
2 68 2
26 47 3
77 44 1
25 89 1
63 78 3
27 51 2
57 37 3
127 23 2
39 102 1
105 127 3
46 121 3
9 21 3
78 86 4
115 26 4
13 87 1
38 1 4
17 125 2
85 1 4
145 64 2
137 92 2
125 84 2
147 9 1
96 64 1
148 62 1
77 92 2
112 50 4
27 136 1
39 24 2
54 103 4
90 108 3
127 10 1
102 117 2
33 78 4
121 124 1
128 120 1
6 91 2
46 95 2
38 138 1
4 48 3
110 73 3
43 7 2
76 40 2
87 92 3
3 91 1
92 49 2
73 86 3
74 108 1
98 11 2
35 21 2
79 97 3
28 114 3
20 90 3
96 51 2
123 14 4
124 73 1
118 2 3
109 36 1
28 77 1
49 114 4
12 124 3
50 103 3
119 62 3
131 102 1
74 110 4
82 112 3
115 116 3
27 69 3
115 136 1
31 64 2
18 59 3
67 5 4
70 133 1
42 29 2
86 23 2
144 129 1
109 68 1
139 134 4
122 11 3
84 87 4
30 94 1
72 128 2
107 104 1
95 135 2
43 71 3
14 12 4
124 143 3
69 9 3
27 134 3
53 97 1
77 27 1
24 122 2
119 124 4
78 46 2
93 129 4
61 68 1
66 95 4
120 47 4
36 55 4
96 143 2
126 40 4
146 48 3
145 15 4
97 4 1
101 75 2
51 24 3
108 115 4
82 46 1
79 135 2
146 2 1
148 108 1
112 2 4
10 143 1
112 76 2
39 98 2
113 43 3
47 98 2
30 35 1
95 101 2
116 109 1
104 28 1
25 130 3
117 3 2
60 109 1
89 48 1
4 5 4
37 30 3
110 0 2
146 135 4
37 111 2
63 77 2
134 122 1
63 39 3
131 20 2
40 64 2
75 52 4
41 116 3
34 2 3
101 14 3
102 30 3
69 20 2
49 134 1
59 73 4
139 140 3
28 123 3
28 91 3
109 7 2
40 100 2
89 61 2
20 2 4
18 105 2
93 110 1
3 58 4
84 104 3
66 17 3
12 15 2
60 12 3
63 102 4
118 112 1
8 143 2
98 104 4
53 55 3
2 50 4
38 127 2
87 122 4
1 29 3
61 32 1
17 111 1
47 138 1
45 48 2
142 4 2
140 68 2
51 106 1
110 67 1
140 2 1
138 67 2
102 89 1
80 38 3
106 137 2
84 88 3
9 36 3
3 99 4
26 46 4
81 121 4
74 6 4
133 61 1
29 125 3
142 105 3
58 20 4
116 144 2
54 29 4
21 16 4
72 5 3
18 115 4
5 39 3
4 132 3
11 47 2
133 36 1
93 45 4
88 16 2
129 51 3
56 112 1
119 117 4
48 72 4
115 4 3
137 48 4
142 96 2
41 19 4
122 29 2
55 43 4
22 58 1
53 136 4
51 49 2
24 61 3
149 127 2
90 26 2
30 8 1
10 11 3
24 143 1
19 70 3
101 34 4
32 96 3
36 64 3
115 37 3
40 79 2
106 125 1
92 37 4
46 100 4
43 86 1
44 55 2
40 60 2
131 8 2
149 51 2
109 18 4
38 56 2
47 100 2
40 103 4
12 70 4
3 10 3
14 139 3
5 117 3
47 22 4
44 129 3
55 130 2
77 137 4
15 77 3
147 57 2
76 11 1
130 92 2
98 142 1
136 83 1
101 36 1
143 115 2
34 62 3
47 105 4
75 98 2
95 52 4
62 80 3
50 71 4
44 141 2
32 18 1
102 81 1
24 82 4
86 3 3
75 139 2
112 119 4
81 42 4
118 10 4
93 38 1
148 51 1
5 17 3
96 86 3
142 127 4
70 41 3
125 65 3
62 37 2
102 123 2
131 148 3
86 8 1
47 93 1
58 128 4
71 105 3
49 103 4
142 13 3
86 97 3
89 65 2
16 111 4
149 95 2
55 70 3
0 76 1
18 17 3
83 105 1
116 118 3
27 30 4
71 14 3
20 67 3
101 109 1
75 92 2
5 79 4
90 129 3
72 69 3
71 82 1
33 127 1
60 58 4
138 37 3
88 129 3
35 40 1
86 68 1
95 130 1
33 44 2
29 94 2
66 26 1
8 58 4
81 92 4
63 131 3
12 4 1
28 46 3
27 14 1
50 21 4
143 79 2
89 69 1
53 116 3
33 77 1
146 34 3
0 121 3
134 89 1
48 68 2
144 46 3
40 145 2
77 75 2
81 78 3
98 22 4
114 42 4
7 142 3
143 128 4
129 48 4
38 124 4
38 92 4
96 95 3
6 90 2
6 97 3
25 27 3
137 84 1
9 133 3
106 52 2
8 17 3
67 116 2
68 42 4
131 46 1
59 130 4
66 116 3
107 93 3
134 28 2
72 123 3
128 39 2
46 89 2
131 75 3
46 132 2
69 33 3
40 83 3
55 108 4
20 64 1
7 55 1
80 118 3
135 58 1
117 29 2
76 3 4
113 96 2
87 90 4
96 139 3
30 117 3
38 147 2
128 25 1
4 110 2
116 10 3
62 71 3
127 129 4
92 56 2
110 1 2
103 77 4
81 98 1
59 147 3
111 130 3
44 149 2
87 36 2
25 2 2
9 86 3
129 23 4
26 48 3
136 116 1
0 83 1
79 6 1
119 98 4
18 121 4
62 87 1
126 66 2
91 68 4
61 0 3
47 84 4
86 82 3
70 24 4
126 70 3
63 147 1
66 59 1
4 7 3
80 119 3
9 0 3
23 81 2
133 148 3
133 4 1
51 82 2
130 48 1
40 91 4
135 33 2
46 84 4
21 46 4
39 29 3
117 66 2
125 100 3
33 6 3
8 48 1
32 67 3
34 27 4
129 68 1
50 142 3
55 117 3
30 89 4
70 15 3
25 71 2
36 134 1
88 96 2
13 91 4
31 96 2
108 23 2
44 74 1
11 88 2
41 16 4
21 117 1
133 123 3
80 122 4
128 115 4
104 144 4
29 18 3
90 41 2
100 134 4
63 30 1
76 27 1
36 2 3
127 67 3
49 115 2
68 90 1
85 20 1
4 147 1
75 146 1
4 64 4
78 94 2
80 106 2
84 117 1
36 22 2
7 47 2
124 105 2
111 39 4
142 137 4
40 146 2
13 100 3
124 0 4
63 54 4
7 23 4
12 79 2
21 93 1
74 136 2
22 25 2
13 92 2
31 71 3
49 109 3
81 30 4
87 123 4
0 31 2
12 3 4
103 125 1
22 104 4
127 141 3
31 143 3
16 38 3
107 108 4
40 99 4
93 36 3
74 3 1
14 124 4
24 135 2
69 36 2
15 80 1
70 93 2
88 103 3
138 129 1
50 34 3
5 80 4
63 2 3
110 112 4
87 32 2
75 47 4
51 80 2
77 40 2
99 89 1
125 0 1
22 130 3
81 135 2
149 89 3
98 138 2
12 11 1
10 103 3
73 61 3
81 114 3
55 64 1
111 91 4
59 146 2
148 64 1
69 39 4
28 26 1
93 131 1
135 96 3
109 129 1
97 23 3
28 130 4
125 132 4
9 122 2
117 93 1
46 34 3
81 17 3
121 91 4
129 148 3
127 138 1
49 90 2
100 141 2
63 117 3
117 32 3
13 29 1
39 97 1
6 14 3
140 125 3
14 41 2
37 55 3
55 45 4
68 18 4
55 87 1
115 16 4
110 24 3
118 50 1
36 49 4
99 44 3
140 87 2
64 41 1
74 83 2
42 119 1
105 8 1
90 122 3
149 125 4
119 25 3
61 48 1
75 100 1
62 67 2
49 42 3
112 131 4
89 55 4
25 13 2
97 134 3
135 99 3
27 1 4
101 27 1
141 138 2
72 134 3
139 58 4
98 94 1
79 34 3
53 137 2
136 11 3
43 6 2
138 77 2
58 103 1
19 56 4
145 120 4
108 140 1
8 56 4
119 85 4
55 145 2
6 107 2
121 43 1
117 9 3
133 25 2
52 37 4
109 22 2
112 106 4
78 26 4
21 1 1
36 63 3
121 54 2
58 100 4
94 50 1
84 124 2
137 147 4
131 88 3
38 109 2
27 131 4
144 34 1
105 140 1
3 115 1
55 85 4
79 137 4
30 65 1
8 9 1
72 41 3
133 82 2
86 6 2
133 99 1
61 13 3
143 54 2
27 26 3
46 25 2
0 137 4
49 5 3
138 59 3
1 100 1
51 53 1
91 35 2
73 55 4
57 3 3
101 144 1
37 58 4
140 51 3
73 68 2
35 88 3
141 112 4
21 65 4
91 116 1
24 125 4
3 9 1
58 118 3
97 83 1
9 145 3
82 85 2
94 146 4
60 2 3
48 107 4
76 99 4
76 149 4
81 32 4
138 32 3
39 49 4
116 127 4
91 2 2
72 76 1
54 126 1
61 6 2
31 123 3
31 67 2
15 39 1
39 114 4
0 65 2
27 111 4
93 139 1
100 132 4
13 140 4
140 64 4
51 120 2
2 96 2
149 119 3
91 27 4
87 130 2
23 146 2
112 120 4
69 91 4
64 123 2
81 73 1
114 124 2
42 135 3
111 92 3
107 27 1
148 43 3
129 26 2
143 66 2
140 106 4
9 131 4
61 22 3
84 108 1
146 35 4
78 53 2
64 87 2
73 120 2
62 49 3
75 18 4
29 115 4
20 39 4
101 115 4
29 131 1
110 135 4
145 135 4
0 48 1
136 15 1
127 78 3
37 61 2
15 25 2
5 3 1
52 7 4
72 105 4
132 72 4
71 94 2
26 57 2
87 70 3
129 64 4
107 67 2
34 65 3
117 27 2
78 66 1
143 9 3
135 128 4
134 0 4
141 63 4
123 71 4
44 0 1
149 129 3
60 56 3
72 109 3
15 34 4
127 55 2
53 40 4
77 129 2
74 84 3
76 144 4
101 126 2
26 14 1
92 0 1
6 114 4
115 51 3
32 62 1
134 51 1
90 30 1
113 136 3
80 18 2
19 71 2
94 53 3
82 19 1
71 118 3
44 15 2
126 33 4
44 31 3
71 134 3
143 47 4
49 111 1
75 4 3
103 21 3
31 125 2
18 71 2
55 23 4
82 79 2
112 51 2
23 71 1
60 0 3
40 129 1
36 102 1
31 148 2
88 25 2
8 67 1
42 10 2
27 19 3
127 52 4
0 38 2
74 132 4
147 5 1
73 5 3
95 114 2
133 127 2
71 4 3
108 96 1
58 70 3
45 86 4
53 1 2
31 33 1
78 0 2
51 29 1
86 30 2
25 64 1
121 70 2
6 32 1
122 119 4
15 32 3
29 20 3
103 0 1
38 129 2
27 36 1
127 74 4
39 134 4
107 60 2
76 115 4
104 0 1
114 82 2
85 44 1
79 99 3
136 123 1
116 145 1
139 73 1
33 46 4
125 76 3
102 104 1
53 120 3
93 32 1
145 127 3
93 83 3
68 32 3
127 3 3
138 108 1
9 4 1
15 109 1
108 46 3
107 57 2
71 55 3
144 9 2
12 148 2
131 146 3
54 3 4
101 146 1
18 93 2
141 117 1
92 3 1
138 115 3
110 71 1
103 67 1
74 147 4
36 38 2
96 39 2
42 104 3
86 85 3
46 20 2
11 26 1
128 148 3
19 68 3
67 134 2
84 29 1
46 116 4
59 141 2
23 80 2
0 146 4
70 73 2
126 115 2
109 29 3
112 95 3
145 84 4
43 83 1
118 0 4
46 38 1
100 56 4
105 5 1
97 12 1
140 52 1
106 124 4
22 20 4
125 37 2
142 73 3
144 133 3
115 15 1
74 18 1
132 95 2
35 148 1
28 25 1
37 135 1
40 34 4
143 51 3
59 96 3
139 3 1
29 45 2
144 44 4
13 138 2
145 141 3
137 105 1
117 40 3
62 8 1
99 123 4
7 82 2
115 97 1
124 6 4
70 22 1
146 31 3
64 117 1
46 74 3
57 29 3
112 67 3
115 74 3
95 80 3
105 125 2
115 107 4
45 108 3
49 53 1
29 142 4
7 100 3
6 3 3
110 18 3
48 126 3
138 51 1
105 56 4
134 5 3
75 50 1
123 23 4
142 125 4
45 52 3
33 15 4
50 117 2
100 128 4
83 59 2
37 86 3
142 25 3
57 19 3
69 120 2
12 89 3
34 4 4
98 7 3
125 85 1
24 84 4
16 57 4
20 132 3
145 131 3
79 15 3
132 53 2
50 25 2
32 148 1
43 38 1
136 129 1
149 78 4
148 132 3
77 123 2
48 1 4
129 118 4
41 10 4
69 17 3
75 112 3
81 54 4
134 24 2
101 43 4
67 55 1
49 138 4
119 100 2
121 132 4
106 35 4
45 115 1
132 144 1
105 58 4
127 107 3
75 88 3
117 124 4
69 105 2
46 61 4
10 57 1
43 21 1
82 144 3
92 119 2
11 32 1
110 126 1
129 106 4
124 4 4
121 135 3
59 148 1
47 132 1
119 37 1
136 56 3
108 50 1
86 143 4
136 90 1
45 57 3
136 144 3
82 123 1
70 56 3
14 62 1
93 100 3
141 142 3
108 66 2
147 40 3
64 65 1
73 100 1
120 88 1
24 131 3
9 43 1
85 72 1
31 149 1
135 84 1
98 136 4
104 101 1
7 134 3
13 120 2
26 125 1
93 80 1
28 124 2
113 37 3
20 78 3
120 5 2
48 22 1
116 45 2
106 76 4
93 118 4
4 68 2
69 48 3
82 142 1
66 73 2
79 46 3
129 145 1
45 3 1
9 61 1
114 7 3
108 47 2
60 53 3
70 65 1
14 63 2
5 143 2
105 17 1
89 111 4
15 1 4
118 75 1
112 7 1
139 77 2
7 89 2
16 141 4
15 133 1
138 118 2
18 62 1
130 109 2
60 64 3
57 101 2
70 76 1
8 107 2
99 105 2
92 73 3
29 19 1
27 140 1
122 69 3
79 127 4
80 105 2
25 126 3
71 38 1
122 22 4
85 103 1
114 113 3
45 111 3
69 94 2
124 2 1
112 36 3
41 15 3
114 53 2
133 6 4
116 28 3
28 65 4
129 135 2
51 102 2
90 44 4
53 95 1
76 30 2
127 120 3
64 50 1
110 143 3
140 9 3
135 104 1
144 135 2
134 2 1
35 138 3
60 140 4
18 114 2
132 36 1
83 68 1
65 87 1
94 97 1
39 28 2
72 36 1
27 37 4
69 117 2
149 14 4
59 64 2
71 48 2
108 85 1
102 137 4
61 110 1
14 107 4
6 75 2
136 52 4
77 56 1
65 62 4
8 125 3
38 96 1
82 63 2
27 119 3
7 21 4
88 121 3
19 117 3
1 23 1
14 1 2
131 66 4
34 49 1
79 21 1
148 46 1
115 109 4
40 142 2
2 89 3
17 51 3
54 57 3
119 121 2
117 57 2
132 145 2
35 20 3
42 145 1
146 128 2
37 48 2
124 88 4
11 8 1
145 26 1
1 92 3
131 37 1
39 99 2
82 137 2
95 111 2
127 121 1
103 36 1
14 33 1
79 63 4
43 146 3
137 81 3
139 42 4
45 92 1
73 74 3
16 49 4
136 119 4
112 12 2
53 85 2
53 140 4
83 134 1
38 88 2
35 89 2
18 26 4
101 149 2
17 110 1
99 84 3
142 131 1
39 90 4
101 130 4
7 120 2
17 87 2
124 130 2
128 147 2
41 121 3
93 17 4
94 108 4
140 100 2
124 47 1
62 7 3
0 3 3
109 88 1
21 113 1
145 128 3
72 63 1
101 80 2
89 79 2
76 110 1
65 83 1
133 100 4
36 148 4
114 84 4
6 35 4
29 24 1
101 118 2
44 67 4
94 111 1
106 8 4
90 109 1
34 120 2
29 99 4
46 13 3
140 70 1
143 62 4
3 63 2
10 149 4
22 75 4
139 67 2
21 147 2
25 55 2
63 56 2
113 129 2
14 136 1
75 51 3
33 130 3
47 43 4
143 36 3
80 96 1
1 109 1
77 22 2
129 104 2
87 76 3
148 82 1
90 42 1
48 30 1
5 66 1
134 125 1
146 67 2
140 88 2
108 149 1
43 149 4
77 73 3
24 147 2
44 2 3
145 34 1
83 10 3
65 5 3
130 121 2
37 75 1
43 103 3
38 90 1
24 10 3
35 47 1
41 136 3
144 106 1
117 90 1
84 55 3
46 55 1
37 87 4
59 28 4
139 66 3
122 47 4
11 38 3
136 66 1
10 89 4
55 56 4
147 146 2
147 103 4
119 70 3
99 94 2
54 111 2
90 115 1
4 59 2
141 129 1
27 61 2
123 32 1
8 57 4
15 119 3
62 103 3
11 62 4
48 53 2
89 125 4
48 29 3
85 2 2
37 59 1
67 51 2
43 24 2
28 84 2
112 1 1
140 82 1
105 20 1
63 49 4
111 53 3
107 81 2
76 65 1
123 80 3
32 59 3
46 59 2
114 12 3
27 104 3
26 58 2
147 32 3
144 45 2
70 104 2
93 119 2
130 132 4
105 135 1
44 137 2
127 143 4
87 50 3
93 56 1
85 52 4
47 68 2
88 64 3
87 89 2
78 108 4
113 120 4
28 54 1
104 24 2
44 37 3
21 99 1
143 2 3
142 79 4
16 93 3
138 41 3
24 118 3
100 116 2
35 139 4
34 90 1
81 88 3
98 25 2
142 60 3
108 10 3
89 141 1
98 139 1
103 134 4
142 54 1
47 5 1
104 16 1
52 144 2
137 4 4
87 53 3
144 7 1
0 1 3
102 65 2
49 17 1
91 67 1
21 87 4
31 29 2
90 40 3
5 43 2
21 126 2
21 36 1
44 27 2
53 108 4
46 70 1
75 130 2
66 1 1
106 63 1
23 30 4
62 78 2
38 119 1
110 8 3
122 144 4
57 84 4
45 53 3
140 90 3
74 12 4
77 132 4
10 31 2
25 20 4
123 59 1
39 132 1
73 79 2
144 57 1
14 138 3
132 105 2
117 136 2
103 119 1
22 63 3
75 129 3
108 6 1
77 108 4
52 24 3
100 149 2
46 94 1
112 78 4
132 139 3
116 135 3
116 50 4
77 118 4
132 35 4
134 135 2
47 25 3
68 127 4
88 34 4
133 47 1
48 32 2
95 115 2
105 86 3
6 125 4
120 24 3
115 141 3
112 107 1
65 60 2
77 14 3
76 122 1
124 3 4
144 69 3
128 123 2
37 128 1
54 110 4
82 16 2
97 33 1
60 145 4
41 44 2
76 68 4
62 111 2
5 54 3
43 140 2
32 14 4
85 121 2
113 71 2
61 122 4
15 19 2
87 19 3
57 21 4
80 75 3
145 136 1
95 25 3
9 41 4
58 51 4
74 53 2
43 80 1
113 38 2
53 8 1
4 114 2
33 87 1
54 116 1
62 19 4
62 66 1
45 0 3
76 119 2
63 98 2
15 31 3
139 22 4
18 22 2
93 105 1
101 128 1
16 114 4
93 52 2
63 138 2
35 36 4
119 114 2
146 130 2
139 106 3
125 88 3
108 19 4
96 82 3
13 105 1
23 48 1
15 98 1
57 98 3
131 84 3
60 98 2
89 40 1
75 39 2
75 117 2
27 71 2
137 116 3
79 8 1
25 4 3
134 29 1
25 6 4
24 87 3
61 86 4
78 133 4
98 66 1
94 83 4
69 111 2
91 87 1
147 46 3
72 84 4
121 125 2
5 60 2
29 139 4
52 108 1
113 67 2
34 148 1
89 22 1
108 72 1
104 1 1
71 131 4
11 45 1
132 80 3
117 77 2
82 36 3
96 79 1
61 84 2
110 140 4
59 108 1
112 91 2
43 23 3
69 11 2
36 119 4
97 47 4
100 129 4
10 125 4
52 44 4
81 123 1
44 8 2
18 139 3
138 134 2
113 92 2
45 110 1
34 59 2
78 105 1
68 35 4
10 105 2
54 124 2
4 135 1
102 79 2
129 8 2
53 139 2
6 99 2
129 107 1
68 56 4
145 121 3
89 32 1
89 137 1
42 28 1
59 47 1
120 2 4
85 58 2
93 67 1
21 91 3
62 102 2
93 84 4
73 53 3
136 147 3
148 115 2
80 11 2
129 97 4
47 125 2
76 138 2
123 148 3
133 139 1
4 57 1
56 34 1
38 77 4
23 91 3
89 33 2
0 148 4
132 12 2
137 112 1
72 11 4
9 111 3
106 4 1
62 31 1
88 59 4
79 146 4
10 81 4
75 67 4
25 66 2
1 55 3
12 5 4
77 130 1
74 28 3
41 32 4
115 38 3
70 111 1
58 111 4
98 107 3
123 52 2
11 44 4
67 89 3
138 56 4
31 61 1
93 74 3
7 58 4
17 95 3
132 54 2
108 97 3
141 5 3
143 104 2
98 112 4
81 128 4
142 2 4
4 134 3
95 105 1
136 94 4
115 58 3
140 55 4
90 114 4
59 11 3
22 72 3
63 66 3
59 75 1
53 123 4
69 32 2
27 24 1
70 124 4
0 33 2
143 144 2
1 7 2
100 19 3
131 129 3
94 13 1
122 68 2
68 62 1
93 123 1
4 101 2
145 2 3
14 131 1
122 81 3
47 65 2
80 139 4
129 146 2
94 102 4
70 94 3
90 133 1
117 89 2
125 41 4
61 78 2
134 76 2
42 130 4
65 113 4
107 135 4
37 83 3
19 47 3
124 8 4
103 80 1
73 113 1
68 79 2
104 20 3
6 0 1
80 128 1
112 128 4
84 139 4
66 147 2
133 38 1
104 49 4
17 42 3
46 40 2
56 17 1
47 90 1
143 134 3
3 142 4
2 80 4
38 31 1
42 9 2
94 104 2
98 129 3
54 133 4
34 58 3
65 69 2
32 98 4
125 118 3
0 18 3
76 84 4
1 95 4
92 144 3
40 41 2
144 1 2
149 64 2
96 29 2
60 130 1
106 86 2
105 128 4
124 100 3
63 127 1
122 8 1
93 133 3
96 63 3
147 3 4
36 85 1
75 49 2
22 141 4
19 10 3
15 27 2
62 43 4
25 115 1
39 50 4
86 64 1
21 14 1
142 0 3
106 145 3
11 119 2
44 127 1
20 134 2
20 1 1
75 122 2
62 53 1
128 104 3
6 101 4
97 117 1
40 141 4
33 34 3
94 33 1
32 149 2
127 5 3
131 124 3
17 138 4
118 49 3
79 139 1
54 109 3
38 33 3
23 40 4
90 76 1
55 24 2
31 52 2
27 90 2
11 4 1
72 24 1
79 7 4
126 81 4
68 1 4
148 144 4
57 78 1
28 8 1
140 109 1
18 7 2
101 68 3
30 43 1
138 78 1
50 96 3
43 95 3
22 10 4
124 35 4
36 52 1
135 71 4
70 139 2
95 109 3
22 73 2
102 17 1
110 66 1
19 91 1
54 84 1
54 7 3
36 139 4
102 84 3
15 29 1
103 126 3
116 51 2
81 132 3
112 8 3
10 135 2
142 119 3
1 143 2
131 3 1
66 28 1
74 81 2
52 104 4
115 28 4
114 128 2
76 49 3
145 8 4
71 20 3
20 48 4
141 3 3
98 18 3
130 34 4
112 30 1
16 103 3
111 0 1
32 75 2
36 146 4
22 14 1
76 136 4
56 61 2
147 124 4
131 47 3
133 66 3
22 51 4
5 124 3
136 49 2
139 1 4
37 91 4
116 63 1
103 142 2
108 109 2
20 5 1
36 60 3
112 39 4
85 57 3
118 35 2
70 100 3
40 54 1
42 86 3
131 65 3
59 116 4
73 87 2
111 132 3
7 42 1
139 100 4
131 57 4
126 68 3
118 146 4
90 35 3
67 85 2
125 45 4
43 40 3
118 44 1
27 56 3
105 104 4
141 144 1
16 118 2
82 118 3
34 5 2
17 76 1
15 59 4
76 91 3
7 32 3
2 53 4
133 97 3
24 62 2
35 77 1
88 63 2
75 19 4
139 142 2
32 95 2
141 78 2
57 67 2
11 53 1
39 101 1
48 131 4
56 120 1
126 55 4
86 29 4
8 103 2
18 4 2
72 93 3
115 53 1
119 84 3
60 144 4
22 92 2
61 30 3
2 109 4
140 69 2
47 96 2
125 7 3
48 100 1
34 20 3
76 53 1
92 50 2
137 114 4
28 103 4
81 0 4
112 100 4
18 67 1
47 109 2
65 32 3
125 123 4
76 80 4
80 22 4
89 0 4
44 42 3
62 2 1
69 97 3
140 30 3
16 132 4
57 124 3
135 22 2
46 133 3
140 129 3
124 116 4
6 138 4
113 102 1
123 9 3
98 56 3
32 134 2
73 17 1
68 119 4
121 24 1
9 22 4
102 114 4
140 86 3
72 88 1
83 7 1
13 18 1
53 24 2
107 106 3
21 38 2
93 138 3
57 115 2
6 113 3
130 44 3
50 110 4
87 1 3
64 100 2
26 137 3
115 81 1
50 44 4
87 31 1
142 92 4
38 50 3
142 101 2
5 148 4
87 61 4
21 0 2
123 46 3
43 118 4
6 28 1
28 50 1
131 7 4
36 136 4
59 61 1
77 141 3
39 31 4
118 66 3
127 39 4
49 19 2
123 38 3
57 39 3
140 10 2
91 115 3
28 109 3
23 45 1
108 146 3
53 112 2
80 104 2
11 104 2
8 22 1
11 147 3
69 30 3
119 77 1
8 52 4
77 81 4
83 36 1
77 46 1
103 66 1
128 31 2
3 75 4
83 81 2
115 10 3
77 80 4
89 47 3
68 20 2
56 23 1
146 74 2
129 79 1
108 35 1
51 105 3
147 106 1
83 82 2
51 142 2
147 120 2
141 143 1
7 149 4
38 20 3
114 148 4
101 11 1
138 82 2
16 147 2
126 100 1
33 70 1
50 6 2
87 103 3
20 94 1
46 64 2
54 62 2
38 95 2
107 149 4
18 137 1
103 93 1
103 48 3
82 116 3
54 127 3
33 85 4
119 71 2
23 138 1
102 67 2
4 99 2
113 66 1
149 140 3
71 142 4
118 7 2
80 83 2
12 52 3
96 23 1
22 74 4
31 75 2
78 70 2
42 110 4
39 70 4
30 139 2
92 145 4
34 57 2
72 1 4
64 2 2
60 131 2
91 36 1
8 127 2
81 48 3
77 29 2
51 30 2
15 17 4
32 139 4
18 61 4
147 99 1
12 24 1
109 107 1
141 6 1
144 140 1
29 148 4
82 104 3
98 125 3
110 119 2
105 82 3
90 148 3
111 123 2
82 32 2
53 92 4
58 125 1
104 123 4
92 109 4
139 76 4
90 53 2
62 100 3
75 99 1
8 13 1
122 1 3
126 67 1
85 144 3
29 136 3
13 134 1
7 74 2
128 116 1
4 98 4
97 142 3
98 123 2
148 147 2
53 36 1
148 139 1
59 131 2
87 44 2
84 112 4
91 0 2
13 36 1
82 10 4
83 38 3
132 126 3
131 35 3
18 51 4
80 33 4
109 20 1
111 40 3
143 40 4
79 148 4
23 34 2
64 133 2
138 72 1
109 122 2
67 122 3
69 84 2
63 11 3
84 14 2
43 85 3
87 11 1
140 95 2
114 123 3
68 97 3
64 15 4
129 11 4
109 96 3
112 111 4
84 21 2
44 61 2
75 132 3
94 92 2
76 52 1
94 77 3
102 132 1
100 92 1
16 51 1
79 48 4
38 85 4
20 30 1
32 105 1
46 56 2
14 142 3
26 119 1
98 83 3
100 95 3
104 32 4
138 101 4
85 96 1
29 52 2
18 46 2
88 54 2
81 127 4
104 96 3
76 124 2
78 59 2
20 33 4
70 67 1
107 145 4
47 117 4
109 66 3
1 83 3
144 96 1
98 109 1
109 149 3
49 71 3
27 3 2
60 15 1
146 100 2
40 116 2
88 32 3
32 26 4
72 146 4
3 43 1
26 104 1
91 44 3
30 138 1
31 43 4
123 47 1
24 117 4
55 136 1
31 77 4
83 5 2
93 111 4
101 26 3
111 46 1
108 147 3
51 14 3
52 33 2
52 138 2
25 63 2
86 132 4
99 42 4
29 121 3
107 70 2
147 26 2
1 12 4
112 135 4
53 70 3
47 51 1
5 38 3
12 58 4
107 75 4
49 55 2
47 78 4
45 107 2
72 42 4
73 149 1
49 146 4
59 55 1
39 25 3
87 43 4
112 70 2
90 100 4
144 118 4
27 82 2
40 42 3
0 99 3
12 95 3
133 136 4
2 83 1
149 79 2
17 44 4
144 65 4
116 73 3
98 31 4
114 75 3
43 69 3
38 107 4
110 122 3
69 49 3
30 121 4
77 133 2
136 81 1
47 88 2
134 101 2
105 38 3
10 138 1
117 53 3
49 60 1
130 61 4
97 87 3
48 67 1
68 132 4
113 2 1
115 68 4
140 44 1
94 140 4
16 89 2
75 144 3
77 121 1
121 148 3
106 46 1
36 25 2
102 13 1
6 36 4
126 105 4
110 13 3
0 8 1
83 22 3
14 128 2
144 103 3
84 78 2
106 75 1
75 57 1
147 6 4
85 90 3
100 143 1
110 87 2
123 44 1
49 28 1
144 8 4
95 49 2
73 108 1
142 89 4
0 77 2
28 29 1
83 109 1
19 23 2
130 50 3
5 35 1
64 119 1
133 71 4
30 104 3
108 75 1
19 128 4
149 83 1
15 116 2
67 118 1
22 43 3
87 80 4
48 33 1
5 87 4
75 11 4
8 7 4
2 126 1
50 77 4
14 0 1
2 75 1
20 106 2
38 27 2
83 48 3
26 98 3
46 22 1
138 26 3
104 62 1
1 51 2
131 127 2
87 115 4
120 91 4
7 95 3
98 59 1
48 7 3
123 74 4
85 137 4
108 79 3
142 66 3
80 35 3
90 138 4
39 58 2
52 142 4
5 126 1
9 5 4
95 47 4
31 141 1
43 125 1
76 8 2
35 74 4
33 66 1
71 44 1
78 22 1
21 58 4
5 128 1
40 119 2
131 4 3
95 36 1
6 77 3
110 22 1
12 17 4
136 22 1
1 132 3
56 97 2
0 47 3
30 74 1
27 57 3
133 95 1
76 102 1
49 7 4
94 22 1
59 94 4
66 21 2
54 25 4
145 104 4
21 22 3
75 12 2
96 141 2
114 50 1
52 18 3
81 145 3
118 140 2
131 137 1
38 103 4
85 123 1
60 112 2
142 64 4
107 59 2
114 47 2
143 45 4
52 48 1
11 106 4
124 16 4
90 57 3
110 83 1
96 112 4
147 47 1
142 124 4
63 108 3
104 125 2
0 20 4
41 130 3
90 28 2
132 71 4
33 112 2
71 83 1
69 51 2
43 60 3
112 32 4
83 90 1
18 103 1
87 60 4
21 131 2
117 104 2
47 76 1
10 40 1
58 72 4
112 147 3
94 0 2
46 37 4
27 80 4
66 96 2
71 112 3
65 104 3
111 80 4
17 104 4
11 34 3
100 87 1
58 32 1
104 81 2
61 114 4
60 10 1
29 58 3
109 58 3
50 93 4
30 91 4
69 135 4
110 127 4
119 10 3
79 128 1
142 108 2
129 31 4
45 41 1
63 121 4
66 27 4
129 130 1
133 2 4
108 34 2
141 57 1
84 3 4
12 115 4
56 146 2
140 61 1
90 54 2
71 140 4
107 99 4
16 120 2
118 92 1
98 87 3
106 93 4
77 36 2
21 83 1
0 70 1
37 60 4
121 71 2
124 46 2
26 73 2
89 42 1
23 142 2
26 8 2
106 120 1
24 80 1
68 10 1
39 16 2
145 143 4
78 23 2
67 101 3
23 147 4
14 90 3
52 80 3
77 18 3
81 80 1
83 87 4
146 8 4
99 136 3
92 78 3
136 106 2
57 14 2
109 52 1
105 123 3
140 98 1
117 128 1
32 0 3
95 75 4
32 19 1
60 42 2
36 18 4
127 50 2
129 20 1
58 78 2
126 56 4
6 42 1
86 114 1
112 46 2
19 60 3
55 81 2
17 27 3
66 80 4
71 104 4
124 138 3
146 44 3
105 88 1
142 135 3
115 11 1
80 137 2
80 107 2
126 44 2
69 83 4
110 86 4
57 96 4
8 36 2
105 107 4
1 103 3
139 25 4
89 93 1
24 58 4
85 131 4
35 94 3
63 109 3
45 62 4
56 115 4
76 28 2
135 82 2
147 8 2
97 46 4
30 50 1
149 116 2
101 129 4
109 121 3
22 0 1
142 44 2
30 58 1
145 74 1
19 33 2
106 103 3
2 101 2
12 55 3
137 75 4
63 119 4
94 109 3
76 10 1
148 88 1
10 102 2
122 112 4
32 33 2
133 3 2
112 24 4
109 146 3
121 55 4
1 120 3
105 146 3
121 12 3
72 135 3
57 69 4
51 114 1
30 67 4
145 130 4
123 68 3
118 105 1
68 51 1
62 134 3
79 131 3
139 127 2
110 38 1
31 118 3
148 140 4
145 101 3
115 86 2
62 22 4
29 123 1
16 55 2
41 127 4
148 50 2
149 8 3
75 94 2
47 61 1
101 87 1
50 67 4
5 88 4
58 83 3
74 88 4
65 100 1
29 93 3
124 42 2
86 92 1
69 110 2
65 142 1
112 22 1
72 51 4
16 13 1
28 57 4
52 125 1
135 87 1
143 43 4
54 47 2
108 12 2
53 98 4
93 43 1
117 85 1
62 70 1
93 136 2
56 132 1
9 141 3
134 3 3
87 141 3
72 75 3
123 78 2
100 136 3
20 93 2
126 20 2
96 117 2
37 14 2
17 116 4
36 125 2
30 31 1
139 62 3
98 74 2
36 10 1
13 78 1
141 93 2
122 113 3
47 146 4
46 87 4
67 65 3
83 146 3
7 64 3
96 147 2
52 61 3
17 137 2
10 15 1
28 95 2
71 3 3
84 4 2
26 96 4
105 133 3
73 46 3
46 118 2
129 14 3
144 77 1
52 124 4
130 12 4
0 98 3
74 62 2
12 33 1
61 66 1
88 53 4
88 43 3
132 63 2
16 25 3
134 25 2
99 116 3
147 119 2
123 92 1
3 120 1
21 11 2
85 68 4
33 60 2
122 48 4
119 120 2
128 93 3
3 126 1
61 139 3
81 120 1
13 125 4
1 114 2
31 22 3
8 4 2
116 74 3
30 134 1
32 102 4
27 99 1
52 27 3
141 30 2
131 122 1
78 49 1
5 16 3
57 1 3
73 4 4
138 139 2
133 102 4
138 0 3
82 74 2
40 20 1
22 133 3
2 148 4
11 91 1
65 13 3
3 81 3
15 111 4
9 82 3
88 42 1
126 39 2
64 53 1
100 23 4
112 72 4
146 92 4
59 16 2
30 108 3
51 126 4
76 85 4
134 65 1
125 83 4
3 143 3
36 121 2
143 49 2
36 113 3
12 59 2
79 9 2
50 149 1
32 46 1
47 57 4
94 118 3
50 49 1
137 109 4
13 75 4
27 28 1
100 82 2
98 146 3
44 24 1
78 88 1
127 37 4
26 33 4
103 25 3
68 146 4
133 149 2
3 39 2
34 51 2
57 136 2
66 53 2
16 85 1
97 106 1
92 65 2
62 59 4
25 114 3
134 8 2
63 149 1
92 2 2
124 79 3
140 54 1
81 37 4
37 94 4
31 2 4
34 24 2
59 89 2
17 145 3
107 39 3
147 22 2
40 37 3
89 37 3
106 65 3
24 74 3
136 12 2
136 141 3
85 7 3
64 91 4
62 42 2
115 44 1
94 103 1
16 131 1
59 117 2
98 92 2
125 147 4
143 73 4
134 40 2
2 73 2
3 69 1
52 73 1
2 136 1
135 31 1
11 118 2
98 12 3
8 47 4
27 58 2
20 19 4
88 139 3
97 93 4
37 139 3
10 32 1
43 74 2
41 113 4
16 76 1
116 2 1
40 24 2
47 6 1
96 134 4
99 11 1
27 8 3
142 80 4
131 94 2
126 94 2
101 21 3
25 107 2
48 86 1
142 77 4
135 111 3
82 66 2
88 91 3
141 85 3
101 79 1
31 57 4
148 137 1
103 141 1
79 117 4
106 59 1
12 36 1
10 1 4
54 86 1
128 137 1
4 14 2
114 76 2
15 143 1
75 90 1
19 111 1
125 107 3
1 111 3
127 9 1
71 116 1
139 91 4
79 145 3
60 82 2
73 13 1
112 80 2
65 82 3
96 103 4
148 17 4
10 64 4
53 75 4
147 130 2
1 42 4
38 30 3
36 20 3
34 77 3
147 65 1
77 69 2
90 80 3
127 40 2
73 133 1
33 37 1
5 22 4
102 124 1
38 14 1
103 74 4
3 34 1
20 9 2
99 132 1
95 142 4
119 101 3
72 114 2
18 35 4
40 88 4
137 101 4
73 147 1
92 68 1
134 124 2
104 57 2
90 19 3
97 55 1
120 146 1
114 14 4
18 85 2
122 23 3
121 59 3
149 3 2
100 12 2
99 63 3
21 51 2
88 71 4
89 144 1
99 46 1
91 130 4
72 81 4
24 60 2
21 96 3
56 59 3
11 138 4
9 73 1
14 3 4
18 37 2
148 71 1
111 64 3
43 48 1
79 13 4
24 111 4
51 74 4
112 25 1
90 125 4
112 11 2
7 45 1
56 48 2
2 69 2
149 128 4
81 119 3
147 31 4
81 8 4
59 90 1
116 108 2
33 10 2
85 54 2
48 95 1
49 86 4
110 79 1
85 79 1
78 99 3
22 54 4
14 31 1
13 6 4
17 77 4
81 89 2
94 40 2
123 36 2
17 129 1
114 56 3
127 82 1
84 106 3
0 109 2
30 7 4
27 120 1
94 60 2
74 26 3
20 45 4
147 10 3
65 114 2
99 28 3
109 10 2
9 47 1
74 75 1
18 49 3
9 26 4
52 34 1
92 135 3
78 25 1
28 88 3
108 67 2
58 123 1
126 63 2
59 7 3
24 95 4
148 80 4
45 96 4
122 16 1
12 35 3
138 64 1
49 59 4
27 9 3
130 148 2
71 108 4
147 97 3
95 4 4
101 132 4
91 110 4
110 6 3
74 15 4
8 71 4
132 97 4
80 49 4
108 37 3
42 11 3
88 115 2
77 58 3
58 127 1
13 137 3
118 95 3
130 23 1
63 73 3
38 41 4
78 82 4
41 76 1
71 60 2
147 113 1
31 94 3
95 29 1
89 107 4
103 53 2
127 66 4
86 84 2
24 90 2
41 107 2
10 12 1
39 2 4
73 125 3
114 120 3
88 119 4
138 40 4
39 41 2
53 69 1
137 146 1
18 76 3
120 110 1
32 132 3
146 85 1
66 30 2
81 24 4
145 93 4
77 25 4
139 57 2
7 16 3
66 49 4
40 57 3
57 81 2
31 27 3
126 47 2
14 87 4
85 135 3
86 20 3
42 45 3
107 52 4
107 5 3
112 89 3
86 103 4
10 35 2
41 47 1
136 128 2
44 96 2
140 50 4
101 86 1
69 23 1
100 22 1
39 43 4
69 146 1
123 134 4
83 118 3
78 137 2
41 101 3
141 64 2
21 145 1
100 15 2
62 3 2
21 110 3
39 103 2
17 121 1
122 85 3
29 72 3
127 57 3
23 119 2
81 61 1
102 71 1
73 29 3
111 63 2
69 75 4
18 100 1
130 65 3
116 12 3
44 143 3
93 127 4
54 12 4
45 88 3
62 124 2
70 2 1
114 70 2
22 96 2
102 31 3
102 50 3
140 3 3
43 68 2
27 93 4
126 26 1
146 119 1
88 65 4
61 63 2
142 24 4
122 126 4
18 66 1
82 26 4
104 108 2
86 21 4
23 143 1
78 147 1
111 146 1
53 61 2
89 109 1
94 66 1
52 87 4
38 102 1
41 94 1
61 118 2
117 142 1
121 75 3
35 100 4
63 130 3
28 58 3
18 149 3
37 4 2
27 63 4
13 10 2
92 40 1
79 70 2
7 73 4
23 42 2
58 93 3
62 96 2
125 87 3
137 51 4
131 113 3
12 120 2
32 128 1
35 105 3
77 66 4
138 9 4
82 20 3
53 143 1
55 88 1
112 19 1
3 25 4
123 108 4
115 121 1
62 0 3
35 23 2
1 93 3
26 1 2
29 114 2
45 19 3
11 64 3
76 63 4
3 36 2
110 105 2
4 54 4
104 134 3
122 27 1
120 111 1
10 0 3
40 6 2
65 96 1
119 60 4
35 84 2
67 58 3
82 119 1
98 117 1
48 74 1
19 79 2
28 110 3
72 53 2
78 79 2
125 67 3
73 56 4
28 60 1
31 46 4
9 110 1
5 46 3
66 146 1
86 130 4
56 47 4
92 91 2
74 31 2
111 138 2
14 8 4
137 56 1
66 81 2
103 22 1
17 58 4
25 87 4
54 80 1
125 112 1
43 136 3
72 86 4
45 95 3
145 18 2
88 70 2
64 63 3
98 120 4
135 55 2
72 14 4
66 20 3
56 124 4
0 66 4
58 94 2
86 126 2
133 131 2
17 74 2
42 123 2
137 140 3
142 102 4
148 94 1
107 47 4
140 96 4
116 132 1
126 89 2
49 141 2
118 19 4
131 95 2
24 93 2
7 25 4
139 68 2
43 28 3
129 24 3
43 144 4
98 132 1
73 39 3
36 51 4
112 57 1
47 30 3
40 27 1
5 31 2
72 118 1
63 139 4
119 134 4
39 71 4
102 75 1
54 139 3
121 114 2
137 42 1
55 86 3
29 137 2
88 106 1
27 128 4
144 84 3
107 16 3
5 85 1
69 149 3
62 142 2
80 82 3
28 148 1
60 68 4
9 109 2
24 32 1
139 78 3
54 100 4
51 89 2
96 119 3
39 135 1
35 41 4
32 83 3
91 132 3
100 25 3
45 130 3
101 60 1
141 72 1
142 149 1
129 114 4
147 100 3
16 113 3
121 143 2
73 45 4
98 113 3
70 59 2
124 91 3
68 29 4
113 9 3
47 62 3
117 144 2
104 55 2
15 63 1
97 128 4
20 80 3
83 78 1
6 39 2
83 20 4
88 95 2
142 41 3
23 18 2
76 100 1
6 116 1
78 140 2
143 17 2
27 42 3
131 6 3
122 39 2
56 78 1
53 17 3
117 88 1
53 149 1
124 110 4
143 117 2
131 119 3
86 129 4
103 110 2
132 115 1
135 115 3
75 26 2
17 97 4
2 117 3
15 103 3
39 141 4
90 145 3
31 122 3
7 137 3
116 4 2
18 20 1
46 136 2
147 15 1
34 117 3
148 15 1
86 79 2
17 9 4
103 60 3
58 36 4
116 29 4
89 97 3
114 125 2
60 86 2
15 35 1
88 122 2
114 9 3
87 58 1
137 63 2
133 43 1
50 52 1
17 119 1
87 86 4
22 29 1
113 52 1
22 114 2
78 102 2
25 84 3
3 59 2
98 80 1
121 129 2
138 80 2
10 8 4
0 100 1
142 146 3
112 45 4
117 35 3
147 71 2
126 12 2
74 33 2
123 122 4
21 144 3
91 80 3
131 52 3
102 141 3
17 106 2
125 79 1
81 87 3
82 102 3
12 66 3
81 108 3
48 15 1
78 55 1
147 77 3
100 45 1
117 122 1
76 128 2
147 0 2
120 39 4
102 47 3
147 86 4
58 10 3
96 118 2
131 138 2
120 144 4
109 81 3
37 104 2
99 129 1
3 109 3
56 142 3
101 37 1
142 83 1
101 50 2
55 21 1
74 34 3
128 141 4
40 137 4
43 37 4
54 20 4
95 26 1
113 22 4
133 146 2
34 102 1
44 84 1
49 145 1
13 39 3
77 30 3
42 63 1
65 1 1
40 144 4
43 50 2
78 125 1
146 39 4
132 43 1
128 134 3
106 38 1
98 44 3
18 91 1
6 57 4
19 131 1
142 59 4
104 46 2
48 3 4
10 44 4
69 127 3
67 78 3
56 74 4
33 139 4
97 72 3
77 98 2
58 132 3
112 54 1
130 135 2
104 89 3
101 105 2
48 76 4
68 45 4
46 126 2
44 135 2
28 120 3
47 16 2
3 68 2
132 61 4
65 9 4
114 122 3
56 52 3
21 29 2
14 99 3
146 70 1
45 102 1
35 85 1
58 15 2
93 86 4
111 52 2
19 52 4
74 130 3
88 100 1
91 78 3
125 35 1
0 36 3
37 1 4
56 36 4
13 30 4
56 67 3
88 29 2
20 7 4
73 140 4
24 73 2
19 146 2
134 129 2
60 69 1
120 36 4
4 122 2
14 110 3
148 97 2
102 90 3
38 48 1
132 49 3
95 86 4
30 24 3
62 21 1
145 50 2
127 106 3
28 136 4
40 82 4
119 57 2
19 115 3
2 127 4
54 1 4
3 148 2
3 118 4
62 140 1
57 93 2
65 79 1
16 81 2
122 82 3
61 75 3
4 103 1
91 52 2
141 135 4
53 32 3
134 107 4
22 32 1
71 79 1
58 120 2
67 129 2
106 135 4
130 140 3
89 118 3
35 70 1
91 94 1
26 146 4
24 56 1
62 55 2
22 27 3
29 105 3
67 144 3
114 112 2
58 56 3
78 42 3
41 66 3
58 149 4
9 125 1
121 21 4
10 120 4
48 105 3
16 126 3
71 137 1
11 23 2
6 144 4
8 78 4
51 136 3
76 69 3
72 19 2
15 6 3
103 26 2
72 117 1
78 135 1
128 2 4
142 86 3
85 37 3
45 38 3
71 130 1
9 39 3
72 68 2
121 78 1
119 113 4
127 124 4
67 15 1
86 118 2
97 63 4
118 128 3
93 8 4
60 126 2
70 129 1
123 24 1
46 12 4
93 87 2
15 137 4
13 122 2
84 130 1
32 8 1
26 29 2
7 140 3
1 31 1
59 110 3
134 88 4
21 18 2
109 30 3
112 0 4
88 143 2
34 35 2
75 128 4
72 137 1
139 60 2
17 19 4
115 105 1
136 35 3
11 89 3
44 29 1
47 15 2
144 124 4
93 130 4
71 120 1
96 49 3
134 112 1
66 88 2
93 77 2
96 138 3
1 30 1
0 95 1
122 6 1
96 61 1
9 49 4
14 135 4
140 131 4
3 130 3
56 133 1
42 22 3
80 108 4
97 76 2
48 114 4
134 58 1
110 88 4
148 39 2
30 80 3
34 80 1
64 18 4
77 51 2
81 94 4
128 16 4
45 64 3
116 140 4
83 27 4
53 4 4
103 14 3
67 105 3
26 85 1
87 23 1
102 15 4
119 56 1
34 106 2
0 80 2
120 133 2
134 10 1
97 74 1
113 144 2
96 93 1
144 83 4
126 106 2
17 11 3
4 87 1
107 82 3
102 33 1
27 21 4
134 9 2
109 32 3
121 51 4
18 86 3
75 85 3
130 96 3
40 38 3
52 74 4
3 145 3
73 78 1
98 147 2
128 86 3
124 97 4
144 79 1
118 126 3
21 4 3
80 125 1
45 24 4
113 104 1
46 105 4
15 49 2
76 54 1
73 49 3
101 45 1
83 34 3
6 115 4
17 36 1
98 91 3
137 99 2
134 74 4
118 74 4
15 142 2
76 2 1
94 47 2
92 114 1
77 54 3
63 135 2
129 119 1
122 33 1
137 86 3
83 55 2
80 130 2
114 63 1
141 82 1
10 99 1
12 42 3
56 43 4
38 8 3
94 10 2
148 74 4
48 139 2
89 136 1
128 95 2
63 146 2
12 88 4
104 111 4
28 131 3
34 93 4
88 20 2
14 17 3
122 143 3
19 22 3
145 95 3
53 25 2
147 142 3
134 66 4
92 54 4
139 71 4
143 41 1
50 4 3
58 66 3
13 51 2
103 118 1
16 42 1
15 82 4
42 61 2
48 145 4
84 123 4
86 17 1
146 42 4
37 136 2
41 50 4
124 27 1
18 73 4
124 11 1
117 147 2
125 3 2
141 134 2
53 7 2
98 50 2
113 62 3
64 84 4
127 136 4
27 0 1
31 19 3
112 43 3
33 50 4
143 140 1
107 58 2
0 67 2
71 76 4
146 15 4
0 40 3
132 3 1
148 96 1
12 64 2
129 7 3
89 100 1
142 49 2
13 54 2
102 106 4
132 90 1
83 96 1
87 144 1
31 95 2
73 8 2
18 123 2
89 108 1
50 134 3
148 112 1
101 17 2
13 23 4
101 28 3
49 131 3
60 30 1
19 121 3
122 73 4
18 112 4
127 4 3
64 77 4
108 20 2
66 99 4
4 19 4
128 139 4
53 122 4
107 1 2
135 41 4
92 47 3
129 33 1
135 59 4
112 93 2
62 85 4
35 86 2
33 22 2
76 39 4
18 92 4
125 138 3
72 12 4
69 90 3
140 75 4
33 104 3
99 90 1
115 43 1
20 73 4
140 20 1
101 44 3
26 144 2
24 69 1
40 4 2
28 102 1
47 23 3
28 106 1
78 21 2
29 128 4
70 38 1
94 25 4
53 35 2
37 88 1
31 79 4
13 17 3
39 22 2
133 117 3
9 72 4
22 45 2
78 107 2
6 37 3
50 128 4
39 36 2
90 135 2
9 45 1
138 62 2
87 94 3
121 26 2
101 90 4
111 119 1
81 140 3
108 17 1
138 81 2
147 134 2
24 16 2
61 35 2
60 147 2
12 0 1
145 118 2
45 28 2
113 31 4
28 7 4
110 23 1
84 63 2
11 16 4
147 104 1
66 145 3
21 88 1
96 132 3
86 41 1
94 76 1
68 52 3
78 48 3
144 22 3
95 76 2
121 93 2
84 16 1
31 81 4
15 72 2
34 139 2
16 18 3
62 30 2
54 79 2
12 39 4
141 20 2
82 117 4
105 130 3
54 55 4
143 83 2
145 114 3
97 77 2
53 29 1
91 26 1
143 108 4
42 116 1
76 55 4
27 94 4
73 71 3
104 10 4
133 92 4
5 137 2
9 6 2
87 105 1
34 136 3
46 138 2
21 61 1
41 96 2
47 45 1
98 9 3
106 25 2
20 95 2
107 87 4
118 132 2
11 57 3
62 133 2
62 120 2
140 36 3
0 24 2
11 139 4
138 107 3
106 94 4
75 91 2
125 144 4
129 112 3
6 95 4
15 83 3
145 75 2
114 91 4
35 43 1
120 11 1
120 41 4
55 147 4
50 15 3
21 75 2
98 19 2
64 104 1
125 77 4
133 29 1
57 71 2
33 55 4
12 103 3
117 22 3
16 77 3
124 141 3
13 86 2
21 143 3
12 32 3
112 16 3
18 48 3
83 13 2
130 144 3
33 115 2
119 59 2
3 15 4
128 54 1
0 43 4
77 145 3
51 63 4
82 58 2
56 50 3
135 148 1
60 1 4
34 22 1
84 81 4
85 130 3
28 81 3
103 70 2
70 127 1
110 117 4
14 28 1
55 34 3
74 92 2
35 140 3
0 96 3
54 15 3
33 30 2
97 123 3
52 90 3
59 91 1
76 81 2
9 28 4
37 69 3
84 133 1
117 8 4
56 10 2
132 5 4
62 116 4
109 135 2
133 40 1
35 73 3
87 113 4
87 63 4
51 103 4
5 102 4
108 83 3
102 27 4
35 107 4
10 97 3
6 83 2
37 12 2
147 94 2
90 144 3
42 117 4
113 107 2
126 80 3
101 71 3
101 121 4
75 138 1
104 3 4
14 9 1
67 25 1
73 48 1
34 95 4
112 64 2
58 61 4
19 59 4
100 36 2
0 135 2
118 111 3
141 108 1
66 4 4
113 109 2
39 109 1
51 25 4
116 138 3
96 14 3
138 60 2
117 62 4
121 96 3
72 145 3
45 58 3
70 44 3
53 110 4
11 126 3
6 38 4
73 40 3
125 1 4
4 29 4
70 89 4
57 97 3
37 112 1
2 81 2
35 32 2
49 77 4
17 62 3
133 72 2
36 19 4
28 37 1
54 149 2
97 38 3
27 115 1
74 117 1
93 143 1
19 18 3
80 114 4
50 61 4
138 3 1
99 12 3
125 33 4
126 29 4
70 57 1
109 80 4
83 115 4
92 129 2
3 64 2
142 18 1
75 87 1
60 148 3
43 1 2
3 24 2
123 116 2
42 103 3
46 6 1
66 102 2
9 100 4
126 15 2
126 8 4
144 35 4
4 117 1
36 34 1
73 141 3
103 11 1
121 11 3
106 22 3
6 51 2
85 94 1
84 149 2
67 26 2
112 26 1
24 106 1
41 122 1
127 28 2
108 124 1
113 132 3
87 56 3
141 120 4
148 30 4
114 58 2
102 93 3
13 32 4
35 19 2
128 60 1
138 103 2
136 143 3
0 105 3
107 102 1
106 42 1
84 36 3
21 76 1
55 137 1
146 125 4
113 18 3
139 125 1
134 60 4
9 67 2
9 7 3
27 132 3
49 61 2
51 41 2
130 19 1
63 75 2
119 24 2
32 5 4
0 119 1
112 65 4
40 98 1
98 105 1
59 74 3
7 29 3
140 93 3
14 24 3
113 32 1
76 74 4
22 82 2
79 121 2
102 130 2
25 34 2
101 107 3
16 64 1
51 19 2
146 54 1
19 66 1
4 0 2
27 92 3
127 148 1
32 100 4
125 129 1
21 136 2
88 67 4
9 107 4
49 30 4
146 65 1
141 121 4
51 65 2
33 43 2
104 48 2
59 24 1
12 94 4
122 50 4
115 50 1
43 94 1
111 2 2
89 8 4
130 52 3
117 48 2
146 22 4
139 19 4
135 108 4
103 59 3
65 59 2
53 27 1
148 145 3
32 66 3
119 14 2
117 73 4
47 104 1
123 65 2
102 110 4
130 68 1
128 98 2
97 35 2
93 94 4
117 1 3
99 49 1
123 86 4
7 36 3
63 142 4
119 74 4
49 48 2
16 72 2
111 110 3
132 24 1
56 69 4
138 48 4
137 110 3
68 15 3
51 97 3
105 1 2
60 110 2
114 130 1
56 118 4
76 64 4
18 106 1
30 123 3
39 92 2
69 147 3
57 68 2
28 87 3
114 31 2
86 81 2
66 106 2
147 122 4
10 51 3
103 92 4
82 77 3
117 138 1
50 60 4
11 60 1
45 136 1
16 23 4
146 112 3
71 68 4
125 16 1
113 93 4
109 125 1
97 125 1
133 81 2
122 149 3
133 110 4
31 99 3
18 99 3
111 121 1
5 27 1
65 44 2
21 47 2
79 41 1
122 86 3
107 141 4
64 110 4
17 89 3
110 80 4
11 74 3
76 78 1
22 137 4
131 135 3
116 133 3
15 140 3
122 98 3
27 89 3
106 50 1
46 41 1
54 148 3
134 80 1
23 82 1
7 14 2
96 75 2
111 14 4
60 108 2
87 108 1
118 9 1
64 24 2
78 134 3
29 106 4
20 87 3
106 128 2
86 139 4
72 129 1
50 78 3
112 9 3
27 41 4
66 115 4
130 149 3
7 11 3
24 136 2
