11175 150
0 85 5
0 133 7
85 99 2
133 5 4
85 19 4
0 50 3
19 98 6
133 44 7
99 34 1
99 138 1
19 132 1
85 53 2
99 143 8
5 112 6
85 12 7
50 46 2
112 131 6
5 18 3
132 97 1
19 110 5
19 92 8
34 128 1
44 116 1
5 140 7
12 20 1
132 123 8
110 82 5
110 57 8
0 66 5
53 29 6
53 124 7
50 89 2
44 1 5
89 136 9
131 90 7
131 87 9
140 56 9
92 48 1
133 40 5
19 9 8
12 65 7
18 115 6
66 117 4
138 74 1
48 15 2
34 100 1
112 94 6
56 81 1
18 41 5
19 139 3
89 76 1
131 78 8
97 58 4
78 17 7
97 107 6
74 121 4
50 6 9
92 52 5
41 103 1
53 146 9
52 135 2
146 23 3
85 119 5
136 137 8
17 71 8
139 114 1
146 106 8
114 109 7
119 77 9
53 45 7
114 113 2
56 25 6
71 28 1
58 36 1
133 134 3
107 8 7
57 31 1
138 4 8
123 148 4
9 70 4
12 83 2
116 68 5
106 69 1
66 88 3
17 120 4
100 101 1
140 91 9
66 51 8
78 61 4
131 104 8
53 129 9
46 10 8
146 144 4
112 59 7
134 47 8
120 126 2
78 62 4
109 11 6
90 35 9
66 60 9
144 54 8
25 3 4
132 111 4
48 75 1
83 38 2
89 108 6
45 130 2
115 7 2
71 30 8
20 125 6
4 145 5
131 37 8
132 141 5
7 149 6
115 32 2
87 63 6
10 67 9
17 14 7
6 64 8
66 33 1
8 43 3
124 93 2
17 72 2
25 2 5
119 42 5
126 118 9
40 127 1
74 105 1
92 22 3
89 96 5
71 142 3
107 95 9
126 27 3
92 102 4
59 21 4
113 147 7
125 80 8
146 73 2
142 24 5
43 49 1
23 55 4
59 86 4
73 13 1
45 16 6
113 122 7
116 26 4
65 84 4
134 79 7
101 39 6
136 25 4
81 74 4
144 143 2
144 110 4
131 81 3
53 106 4
55 64 3
32 134 4
102 27 4
85 145 2
93 17 2
132 55 3
62 0 2
145 99 4
80 108 3
88 113 4
65 125 2
104 98 3
148 7 2
105 6 4
53 111 3
142 15 3
45 25 2
128 8 1
68 95 2
118 115 4
76 36 2
59 1 2
56 90 2
91 14 2
141 117 3
88 139 3
21 23 1
119 62 4
118 44 2
106 46 4
77 10 3
78 54 2
65 138 2
142 85 2
105 142 3
145 134 1
74 84 2
80 95 1
137 62 3
77 5 1
10 89 2
66 121 1
88 141 3
79 125 4
91 111 4
102 148 2
123 12 1
119 48 1
126 96 4
102 6 1
43 65 3
75 23 3
2 36 3
134 135 4
39 115 2
125 69 4
145 89 2
39 50 3
10 15 3
7 50 2
82 148 2
54 45 2
59 60 3
87 39 1
6 107 3
115 109 3
59 136 4
48 6 1
32 78 1
70 130 1
95 63 1
26 71 3
66 28 4
108 67 2
42 38 3
84 25 2
75 74 3
129 49 3
123 140 3
146 60 4
63 85 1
136 58 1
105 96 2
145 30 1
86 16 3
42 41 3
135 20 4
47 108 3
86 93 3
93 14 4
111 98 4
123 52 1
57 2 2
71 93 1
47 131 3
59 53 1
79 63 2
70 88 3
132 128 4
135 36 3
22 144 2
128 145 2
143 65 3
16 13 1
69 112 3
39 52 2
21 16 4
93 83 4
86 45 3
99 68 2
24 99 4
64 88 3
141 105 3
28 101 4
122 29 2
53 8 2
68 129 4
47 30 3
1 34 2
66 48 4
83 120 2
91 82 4
139 103 1
59 2 3
58 75 4
20 112 4
129 33 2
2 112 2
5 37 3
53 95 4
102 96 4
46 18 1
29 104 2
104 119 3
55 61 4
72 79 1
4 105 4
92 96 1
106 111 3
74 103 1
115 121 3
135 17 3
144 76 4
148 119 1
122 80 3
65 2 2
44 13 4
78 57 4
141 149 4
43 135 3
143 130 2
29 0 2
116 142 4
12 24 1
53 90 3
60 145 4
50 78 2
10 131 2
84 142 4
42 143 1
45 75 1
54 117 4
71 124 3
121 28 3
53 12 4
45 27 4
15 125 2
124 42 1
143 24 2
112 141 1
17 68 1
117 1 2
81 49 3
63 91 1
0 124 2
45 132 1
105 132 1
9 1 4
103 124 2
2 73 4
101 125 1
77 137 4
32 62 1
64 73 4
70 14 4
107 26 4
120 61 3
114 146 3
104 128 4
19 59 3
116 55 3
0 108 2
126 81 2
56 16 2
19 56 3
20 0 1
135 35 1
110 76 2
26 8 3
138 13 3
68 94 1
31 137 4
39 121 4
81 125 4
24 13 2
71 41 4
77 116 3
136 113 4
85 31 3
42 97 4
7 8 2
6 76 1
17 146 2
77 1 2
146 112 1
46 146 3
60 142 3
53 100 3
29 4 4
99 32 2
129 104 3
100 117 3
25 128 4
111 125 2
88 125 4
38 142 1
79 31 2
143 12 3
67 73 1
15 140 3
55 137 1
68 54 1
83 144 1
2 48 4
115 62 4
21 53 1
46 23 1
71 52 2
71 44 1
61 1 2
65 94 4
125 121 4
79 10 2
96 27 2
15 47 3
20 28 1
55 56 2
70 104 2
117 82 3
115 43 3
81 100 3
103 108 3
55 40 4
94 28 1
99 48 4
48 97 3
3 24 3
125 134 2
14 144 1
87 18 2
1 104 3
14 138 1
122 39 3
69 136 3
78 87 3
113 121 4
15 61 2
145 121 3
106 89 4
8 60 1
2 115 4
55 37 1
10 144 1
145 12 4
84 92 2
90 27 4
128 15 2
37 9 1
69 129 3
31 19 3
25 41 3
51 143 4
31 22 3
69 47 4
56 76 4
79 20 3
42 4 1
144 30 3
143 114 4
81 36 3
43 108 4
74 48 2
129 96 4
70 109 2
28 33 2
49 111 2
32 128 4
119 112 2
3 116 1
30 32 2
3 132 1
148 144 1
104 94 2
46 127 4
83 39 4
105 26 1
6 145 4
147 123 4
93 16 1
138 63 1
64 0 1
64 87 4
122 41 2
8 149 3
4 73 3
63 98 3
24 76 2
22 48 1
27 9 4
57 84 1
68 81 3
112 66 1
60 21 2
108 66 4
36 78 4
131 53 1
5 41 4
93 80 3
32 139 2
127 15 2
100 55 2
99 115 4
48 65 1
109 73 1
85 47 2
40 19 1
115 22 3
13 143 4
43 122 1
115 122 4
71 102 2
0 8 2
46 12 4
75 101 1
41 130 1
106 74 3
39 134 3
59 141 4
133 100 4
31 38 2
147 81 4
118 144 3
149 29 1
84 104 2
26 133 2
58 37 3
52 109 4
128 106 1
1 13 1
41 24 3
47 58 2
31 70 1
131 126 3
5 22 3
59 119 1
127 88 3
52 78 2
3 19 2
32 15 2
106 45 3
110 108 2
112 102 3
26 103 3
61 36 2
103 42 1
85 32 2
60 130 1
77 52 3
149 50 2
96 63 2
21 18 1
39 68 4
35 25 2
76 57 4
93 146 2
90 40 1
41 111 1
88 112 3
0 89 3
90 96 3
149 137 1
101 96 2
86 27 4
110 95 3
27 36 4
3 31 3
10 50 3
40 34 3
102 144 3
46 71 2
32 45 3
106 103 1
104 61 4
50 54 4
103 8 3
12 104 4
72 63 1
142 123 4
124 109 3
25 134 1
26 108 3
43 24 1
93 59 4
142 1 3
105 75 1
104 145 2
83 124 3
101 82 3
89 139 2
14 61 4
82 73 3
101 95 4
47 2 3
107 42 1
122 56 4
23 22 4
53 10 3
92 73 3
102 133 4
72 59 4
56 88 1
83 23 2
11 35 1
50 106 1
30 141 4
57 19 2
81 137 1
2 88 4
130 75 3
68 38 2
74 26 4
43 143 1
85 39 2
3 74 2
20 93 4
123 48 1
120 68 1
13 121 1
119 65 4
87 73 3
56 64 3
79 100 2
129 38 4
9 130 1
25 33 3
45 107 4
20 62 1
1 75 1
92 35 4
29 97 2
97 68 4
0 51 3
51 70 3
74 78 4
117 130 3
67 139 3
107 68 2
121 88 2
77 87 3
93 77 1
115 71 1
37 49 1
44 24 4
18 82 3
73 91 2
119 56 1
68 21 2
21 126 1
100 67 4
125 116 3
125 37 2
56 7 1
61 24 4
32 51 2
30 42 1
125 103 4
55 81 1
33 144 1
141 102 3
97 27 1
44 145 3
127 31 2
147 99 2
141 78 2
29 145 3
30 110 2
0 31 1
67 123 3
136 13 1
90 23 2
133 39 3
95 75 2
82 98 4
140 1 4
148 141 4
33 94 4
31 67 2
80 142 1
9 39 4
46 34 4
22 106 3
94 30 4
51 44 2
100 66 2
74 109 3
83 133 3
123 128 4
72 19 3
145 69 3
39 29 4
29 62 2
0 71 1
26 66 1
106 63 2
93 148 3
17 41 3
23 142 1
45 126 3
2 140 4
45 82 4
129 89 3
99 62 1
14 53 4
138 80 2
7 35 3
84 124 2
124 58 2
9 77 2
19 78 1
144 111 2
75 80 3
88 50 3
78 34 3
95 58 1
121 9 2
73 145 2
87 55 2
4 12 2
44 77 1
36 137 2
87 53 1
46 74 3
26 62 2
120 125 2
93 21 4
6 67 4
56 77 4
83 147 1
88 148 1
76 11 2
60 128 3
63 30 4
66 68 3
5 111 3
44 75 3
30 126 1
0 90 1
147 82 2
77 124 2
80 65 2
47 94 2
125 94 2
17 126 3
75 94 3
20 84 1
147 138 4
114 71 3
30 35 3
7 26 3
82 58 3
138 89 1
49 23 2
101 14 4
59 39 2
78 71 2
31 122 4
116 47 3
25 124 4
18 61 3
96 57 3
100 68 4
55 123 1
35 19 2
15 5 1
51 50 2
56 73 2
26 90 4
74 118 1
24 112 3
79 87 1
146 76 4
139 131 3
28 125 1
15 148 2
81 129 3
24 70 3
118 82 3
49 8 4
106 8 4
21 19 2
38 138 4
0 68 1
147 87 1
129 24 4
131 49 3
116 84 3
29 58 1
8 90 2
119 10 2
29 22 2
123 66 2
2 15 3
122 101 4
59 56 1
59 144 2
66 95 1
107 100 3
88 131 1
148 114 3
107 120 2
39 58 4
12 122 1
112 70 2
101 102 1
120 103 1
81 84 3
50 59 2
121 2 3
86 46 3
7 55 3
100 4 3
133 147 1
7 96 3
120 66 1
56 111 2
83 98 2
76 126 3
133 63 3
118 133 4
5 127 3
140 54 4
116 32 1
81 102 4
45 58 2
17 59 3
137 14 3
75 33 4
3 44 4
136 95 1
70 64 3
87 3 4
118 108 1
61 112 1
148 19 1
29 21 2
120 81 1
123 73 2
18 144 2
15 120 4
109 135 1
125 9 1
32 10 2
102 11 4
89 91 2
139 38 3
18 121 4
120 9 4
85 72 1
83 94 1
137 40 4
38 130 3
3 93 3
129 61 3
145 94 2
15 58 3
107 43 3
98 45 2
88 104 3
73 49 2
90 146 4
90 72 1
57 1 4
111 124 3
91 92 2
21 149 4
56 143 2
7 142 2
68 133 3
120 129 1
61 6 1
139 1 1
46 35 2
93 90 2
76 86 2
43 87 2
119 67 2
143 55 4
138 143 3
116 72 1
3 29 3
101 19 1
122 89 2
61 66 3
141 12 3
88 28 4
126 9 2
10 34 2
100 33 2
20 89 1
123 35 2
14 147 4
16 143 2
88 31 1
129 70 2
129 141 4
18 124 3
112 74 2
112 79 3
104 10 3
43 3 4
120 133 1
118 33 1
43 89 2
54 111 2
31 148 4
46 24 3
129 11 3
23 7 3
108 64 3
25 116 2
6 27 3
55 5 4
69 80 1
106 102 4
55 70 4
82 46 3
62 82 3
28 91 4
9 17 4
146 113 2
46 47 2
56 3 3
3 131 2
96 31 2
76 132 4
40 28 2
119 81 2
77 107 1
111 1 2
105 52 3
40 23 1
133 148 4
45 62 4
125 5 1
48 11 1
147 146 1
81 17 1
31 118 2
62 120 1
87 133 4
24 55 3
32 107 4
55 125 2
134 126 2
15 49 3
99 77 1
56 54 1
97 134 3
34 142 4
84 112 1
75 83 4
13 91 2
34 39 3
5 28 1
135 32 4
87 101 1
109 46 1
107 129 3
33 79 3
65 121 2
50 82 4
128 4 4
55 14 4
123 126 2
115 98 4
113 49 3
53 144 4
135 73 4
85 71 3
11 70 3
71 81 1
53 0 1
1 131 4
113 111 2
6 80 1
5 40 2
73 139 3
21 41 2
125 138 1
145 119 3
44 62 4
102 142 2
102 84 4
97 20 4
90 13 4
102 93 3
142 13 3
51 73 3
107 104 1
111 81 3
139 69 4
28 89 2
141 23 3
63 45 3
2 27 3
28 37 4
138 72 2
142 136 4
48 32 1
144 147 4
23 93 1
136 107 2
3 94 3
73 23 2
64 77 3
23 14 3
117 132 4
54 114 3
144 38 4
6 79 3
116 140 4
54 118 2
92 108 3
5 39 1
64 125 3
26 143 3
19 144 3
97 115 2
117 108 4
54 139 4
29 94 4
36 107 3
75 135 2
62 75 4
123 43 4
73 44 4
33 90 4
92 126 1
26 11 3
74 27 3
28 49 3
70 136 1
136 56 1
71 47 4
55 62 3
100 9 2
138 131 2
6 136 3
112 12 1
17 110 3
142 115 1
90 71 1
32 90 4
84 129 2
54 149 1
113 67 3
29 121 3
44 95 4
117 113 4
74 45 1
57 90 4
92 36 2
62 89 1
138 24 1
72 3 1
84 90 3
28 99 1
130 34 4
83 47 1
64 132 3
134 34 3
73 74 1
5 145 4
11 91 3
40 56 3
17 1 2
75 47 1
59 68 1
25 101 2
48 58 1
3 14 1
105 122 4
74 134 2
57 14 4
64 84 1
91 75 3
36 13 2
62 131 2
126 103 2
72 34 3
114 18 4
101 110 1
116 106 4
80 112 3
124 30 1
90 70 1
149 25 2
29 16 1
46 101 3
12 115 2
26 18 1
28 50 1
119 71 4
137 118 3
58 50 3
109 18 3
91 145 2
98 78 1
126 36 3
134 49 3
96 121 2
76 131 2
85 116 3
24 4 2
64 92 4
38 3 2
17 12 4
24 66 2
67 111 2
50 1 1
109 27 2
23 101 2
53 135 2
41 32 1
34 125 1
75 18 4
51 91 1
29 135 3
147 64 2
119 29 3
29 129 2
106 65 4
121 57 3
57 102 3
26 145 3
32 86 1
25 98 2
125 144 4
135 79 2
59 128 1
147 121 4
141 73 1
47 84 2
26 84 2
149 126 4
145 130 3
91 1 2
14 59 3
148 51 3
44 144 3
130 110 4
9 141 2
135 85 2
66 1 1
79 32 2
37 117 2
66 116 4
103 99 1
119 3 4
71 123 3
128 68 3
72 114 3
143 102 4
22 140 2
144 11 3
35 120 4
6 16 1
75 134 4
111 31 2
96 12 1
110 67 3
97 31 4
94 61 4
97 110 2
79 77 3
19 122 4
43 26 2
146 71 3
77 125 3
81 96 2
27 67 2
11 64 1
30 51 1
59 6 1
5 143 3
56 13 2
43 146 1
65 148 3
119 39 1
57 98 3
62 48 1
143 133 2
85 149 1
48 110 4
9 51 4
24 59 3
147 33 2
46 55 2
71 53 1
110 31 2
122 148 1
110 20 1
36 124 3
14 118 1
16 68 3
116 137 3
8 116 2
42 112 4
64 17 4
6 144 1
61 16 2
103 61 2
42 12 3
79 145 3
21 73 1
22 52 4
133 139 4
6 4 3
13 87 4
115 25 2
110 32 1
85 38 3
37 108 1
15 11 3
54 76 4
57 62 2
148 125 3
14 126 1
145 10 1
113 98 3
141 58 2
102 83 2
75 46 2
3 136 3
45 149 3
60 15 1
4 123 4
146 83 2
71 79 2
142 44 2
29 91 4
133 115 3
1 87 2
58 59 2
116 59 3
53 128 2
132 52 2
50 127 1
14 109 2
9 84 1
55 48 4
10 49 4
58 103 3
44 10 4
115 104 3
49 80 1
35 86 3
76 136 1
56 118 1
86 49 1
6 138 4
91 50 4
141 24 2
65 47 2
96 33 2
90 140 3
145 133 4
7 97 1
67 46 4
70 73 1
71 11 2
136 57 2
84 93 4
83 15 1
7 119 1
25 21 1
83 78 4
3 23 2
22 119 3
20 83 1
115 70 4
31 142 4
25 125 4
134 31 2
17 86 1
127 122 1
1 35 1
39 74 1
71 98 3
81 58 4
109 2 4
143 73 2
56 138 3
12 121 4
121 1 3
114 61 2
31 90 4
132 32 3
78 100 2
59 23 1
78 112 4
54 142 3
90 137 3
23 81 2
85 141 4
74 115 2
87 119 1
149 17 3
58 104 1
141 63 2
10 87 1
96 73 1
14 36 3
74 124 1
44 104 2
112 52 1
114 132 4
60 53 1
70 131 3
89 32 2
0 61 3
145 113 3
114 29 3
79 92 4
13 109 4
90 30 1
116 128 4
88 38 1
86 144 1
109 42 4
140 72 4
49 42 3
42 21 1
94 15 3
99 65 3
124 122 3
79 64 4
98 58 4
0 94 1
18 45 3
44 40 4
30 116 2
115 46 2
40 9 1
28 65 2
143 10 2
113 137 3
69 38 1
141 125 2
20 71 1
98 10 1
131 74 4
141 52 2
69 81 3
93 111 4
0 35 4
100 51 4
111 142 2
23 137 4
98 73 3
79 136 2
13 12 1
49 79 2
15 42 1
46 64 2
145 117 1
119 84 1
107 134 1
3 113 4
105 87 1
32 68 1
82 20 1
135 31 4
121 19 1
1 133 2
81 22 1
86 125 1
129 126 4
60 31 1
95 46 1
127 75 3
127 35 3
107 2 1
140 24 2
104 146 4
20 113 3
29 51 2
19 64 4
117 11 4
33 10 3
88 17 1
2 94 3
112 143 3
112 25 4
99 64 3
103 100 3
73 80 2
61 90 1
59 127 2
51 101 3
103 83 3
105 73 2
86 82 2
53 145 3
144 142 1
43 62 3
39 89 1
118 89 3
76 94 1
37 140 1
89 66 4
122 135 1
88 73 4
1 64 2
48 27 4
42 135 1
16 144 4
56 146 4
102 140 2
108 149 2
66 99 2
1 86 4
144 64 3
128 138 3
131 93 1
21 54 1
51 57 1
66 67 1
2 55 4
13 52 4
90 16 2
134 6 3
143 106 3
72 25 2
119 98 4
62 21 1
13 62 2
8 135 2
50 107 2
28 38 4
92 3 1
137 75 3
84 60 3
121 11 2
123 24 4
0 55 1
137 3 3
58 139 2
51 68 3
69 133 4
134 88 4
24 85 2
37 31 4
78 37 2
67 82 4
136 34 1
38 22 1
122 66 1
139 102 3
108 112 1
93 98 1
65 21 3
132 127 1
93 82 4
149 103 4
3 49 4
116 7 1
61 21 4
116 83 3
90 74 2
74 126 3
131 31 3
133 16 4
53 63 3
104 50 3
133 146 1
101 68 1
91 60 4
120 135 3
125 118 2
26 31 4
90 124 2
40 49 2
24 144 3
142 20 1
55 97 4
59 137 1
1 96 2
18 78 1
55 15 1
108 5 2
127 53 1
144 41 1
25 111 4
135 64 4
96 125 1
26 139 1
120 64 1
68 105 1
132 144 4
85 125 2
64 51 3
71 101 1
89 99 3
98 107 3
75 60 3
16 88 4
110 43 1
146 8 1
105 69 4
92 148 4
122 75 2
4 78 3
53 61 4
90 65 1
70 82 1
89 53 3
71 128 1
48 12 4
108 60 3
146 111 3
67 77 4
90 112 2
46 70 3
125 33 3
29 27 3
9 61 2
61 133 2
100 11 2
103 135 2
83 54 2
86 119 2
37 123 2
89 141 1
25 122 1
93 52 4
147 111 1
103 43 3
115 8 4
41 43 1
104 92 2
74 102 4
138 142 4
15 6 4
76 42 3
124 113 3
71 38 1
74 149 4
36 109 2
67 101 2
101 48 3
99 123 2
136 92 1
39 57 4
10 120 3
136 55 4
90 125 2
38 90 3
5 93 1
118 20 2
54 40 3
130 141 1
6 26 2
131 12 2
140 112 1
6 52 1
49 30 4
111 117 4
34 86 4
116 107 4
48 104 4
78 81 2
94 128 4
70 43 3
88 87 4
5 42 4
74 50 3
98 61 4
97 46 4
114 11 1
146 45 3
141 147 1
121 102 2
130 76 4
119 102 1
107 117 2
128 37 1
64 100 3
85 33 4
85 8 2
125 126 4
32 52 1
132 86 2
89 63 3
10 99 2
56 32 4
45 101 1
58 49 4
34 107 1
49 91 2
28 146 4
47 122 2
14 67 2
49 112 3
50 5 3
104 0 1
33 39 3
98 126 3
104 69 2
37 149 4
129 77 3
89 135 2
14 21 2
125 51 4
24 79 1
41 12 3
89 86 3
81 8 4
89 56 3
12 6 4
135 24 1
23 67 3
8 99 1
32 25 1
149 116 2
0 113 2
50 113 3
22 3 4
68 10 3
92 45 3
109 87 4
108 15 3
22 56 2
148 130 2
23 129 3
31 77 1
45 83 1
42 72 3
16 38 3
119 120 4
100 135 3
142 104 4
106 94 3
114 145 2
66 133 4
83 100 2
141 69 3
69 33 4
125 58 2
42 59 1
45 88 3
89 1 2
124 64 3
25 129 2
27 11 4
97 91 1
95 10 2
57 148 4
81 35 4
84 130 4
103 28 3
19 106 1
110 135 2
56 69 2
104 51 1
146 11 1
111 139 4
30 3 2
126 100 1
111 50 3
59 20 2
65 120 2
69 9 2
98 74 4
149 81 1
37 106 4
124 136 1
96 60 2
78 121 2
37 94 3
114 14 4
11 4 1
118 2 4
50 108 2
60 97 1
100 138 1
62 34 3
103 123 3
105 55 4
13 65 1
11 3 3
12 93 3
147 140 1
106 99 3
89 37 4
20 72 2
112 48 2
75 49 4
34 123 3
9 65 4
51 54 4
99 41 1
106 25 4
87 120 1
100 24 3
138 141 4
139 140 1
36 90 3
51 127 1
15 8 4
59 135 2
114 52 4
103 71 4
111 127 4
1 7 4
63 65 4
95 88 2
132 73 3
6 51 2
125 53 3
57 143 4
111 110 3
100 62 2
31 36 2
42 105 1
2 124 4
65 83 1
133 8 3
9 2 4
125 40 2
147 91 3
93 31 3
97 146 1
41 147 1
76 49 4
128 38 3
86 10 1
147 115 2
107 24 2
125 42 3
64 30 1
28 14 1
59 102 2
121 129 3
147 118 4
72 1 4
69 75 1
92 81 4
145 8 3
42 113 1
76 108 4
18 35 2
22 70 1
38 12 2
52 36 2
19 89 3
20 40 3
34 129 3
147 5 2
53 109 1
91 76 3
71 110 1
53 105 3
138 5 2
102 73 3
114 31 4
40 43 1
36 106 3
128 11 2
130 88 4
8 109 1
61 13 4
107 113 3
101 145 4
149 69 4
141 133 3
37 12 4
127 100 3
94 97 4
115 67 3
33 78 1
124 13 2
103 56 3
44 123 2
80 145 4
4 70 1
63 142 1
31 33 4
56 116 3
106 15 1
29 90 3
115 108 3
44 20 2
1 141 1
105 46 4
45 93 3
54 43 3
48 72 4
138 53 1
17 34 1
79 5 3
104 13 4
123 68 1
38 92 3
74 129 2
1 62 2
23 70 3
117 138 1
50 23 2
62 118 3
19 18 1
96 64 1
85 131 3
59 133 1
6 149 1
12 130 2
17 140 3
83 67 4
136 130 4
118 141 4
2 24 4
71 66 3
145 67 2
36 116 3
97 113 2
89 90 2
123 14 3
141 29 2
62 69 3
89 97 1
9 5 1
136 129 3
39 82 1
52 64 2
140 133 2
57 38 2
128 64 3
122 133 4
64 97 1
10 122 2
92 14 4
44 33 3
21 82 4
39 113 4
28 6 2
99 93 1
28 106 1
83 55 3
4 40 1
123 38 1
68 31 1
118 114 3
140 34 2
19 28 2
47 118 3
7 60 3
9 76 3
105 85 3
98 36 1
142 137 1
133 78 1
83 129 4
33 23 1
138 108 2
49 72 1
72 46 3
106 107 2
68 126 3
147 100 4
72 102 2
118 120 4
132 62 3
0 67 4
119 117 3
108 2 1
15 41 4
125 0 4
86 147 2
84 117 1
18 139 1
129 134 2
17 144 3
78 118 2
45 76 3
65 75 1
119 45 3
145 75 3
108 3 3
45 121 3
133 124 4
21 43 1
63 44 3
147 15 1
42 91 4
113 60 4
128 67 1
112 76 2
109 83 4
94 102 4
97 108 1
131 130 4
5 148 3
21 56 3
70 127 4
145 41 3
44 140 4
45 141 4
93 145 4
64 38 1
104 80 1
18 29 4
121 119 3
22 90 2
97 17 1
91 83 4
31 87 2
95 119 2
61 10 2
86 41 2
107 62 2
3 103 1
19 50 1
123 149 2
101 47 2
90 73 1
144 82 1
43 28 2
70 12 1
120 54 2
59 145 1
53 141 4
49 149 2
85 106 4
129 108 1
144 96 2
110 138 1
142 12 4
7 91 2
44 134 4
116 134 1
95 102 2
129 56 1
53 2 1
105 10 2
111 22 1
24 91 4
141 20 2
8 104 4
143 28 1
113 27 3
25 62 1
39 86 4
80 5 4
10 72 1
54 146 2
111 76 1
21 113 3
87 140 4
64 93 1
100 110 4
134 45 2
125 74 2
105 7 2
92 107 4
101 61 3
145 23 1
21 106 4
65 95 1
53 119 1
10 2 3
82 48 3
54 88 4
104 63 2
33 41 4
124 116 1
30 0 1
84 29 4
130 68 4
132 16 4
140 21 4
55 126 4
129 55 1
82 140 2
75 35 1
40 83 3
116 133 3
120 27 4
58 10 1
88 119 1
0 13 4
147 96 3
96 113 2
77 66 4
9 68 3
81 47 2
41 72 3
143 75 3
35 83 2
1 33 3
58 92 4
113 65 3
83 82 4
83 56 2
122 119 4
46 38 2
96 72 3
65 49 2
53 79 2
98 137 1
0 4 4
121 25 4
36 94 4
77 127 4
98 138 3
3 39 2
121 81 2
91 109 2
109 84 2
77 147 4
80 115 2
116 38 3
100 21 3
69 98 1
16 120 3
106 139 2
79 139 3
64 104 2
56 135 3
24 27 1
61 42 4
114 47 1
56 14 2
63 14 4
11 69 3
11 6 1
110 53 4
83 44 2
141 33 4
59 131 4
56 34 1
61 93 4
36 34 3
88 98 3
56 53 4
113 28 3
42 66 4
76 137 4
69 58 4
122 147 2
129 102 4
143 19 1
31 66 2
28 96 2
83 18 2
52 83 1
72 120 2
135 149 3
36 69 2
116 11 3
138 35 4
108 79 1
120 144 2
140 14 2
130 119 1
129 47 3
97 74 2
25 58 3
100 30 4
41 13 3
84 103 2
87 2 2
72 39 4
16 100 4
135 51 4
86 142 1
34 85 1
139 138 3
141 6 2
54 32 1
115 59 4
111 102 4
149 59 2
43 53 3
47 119 2
31 146 3
91 45 3
145 115 2
101 97 3
2 93 2
3 4 4
77 12 3
52 61 1
12 124 2
62 134 4
16 7 3
99 109 2
139 29 4
84 135 4
112 55 3
147 55 3
38 127 3
137 6 4
1 23 4
130 19 2
124 62 1
82 57 3
21 128 1
27 42 3
73 60 3
98 142 3
88 149 2
50 41 1
121 71 4
29 147 3
50 13 2
16 139 1
114 128 3
38 147 3
30 52 2
76 129 3
38 17 1
102 15 4
49 95 2
99 132 1
8 40 3
98 101 2
21 116 2
68 89 3
119 2 1
23 11 4
140 115 2
60 134 1
109 127 3
96 49 1
104 116 4
94 42 3
0 60 4
82 146 3
42 145 2
73 9 4
67 102 3
130 32 4
16 74 1
16 64 4
38 107 1
144 42 2
86 18 1
7 107 4
47 3 3
33 146 3
33 49 3
119 38 2
53 118 2
54 131 2
145 34 2
13 107 4
56 43 1
64 18 2
60 109 4
12 76 1
43 148 3
34 70 4
118 106 3
92 101 1
18 132 4
60 139 3
72 127 2
138 104 4
145 14 3
63 83 1
5 2 4
130 39 4
118 86 2
47 78 4
4 82 4
44 146 1
95 123 4
69 24 2
100 86 1
81 44 1
86 124 3
111 103 2
79 23 4
66 101 3
77 68 2
17 62 2
45 49 4
109 62 2
62 113 2
123 94 2
109 1 4
146 86 1
79 131 4
80 19 2
125 41 4
40 139 2
132 72 1
74 72 4
109 28 1
98 54 2
49 24 2
35 66 3
85 89 1
79 149 3
21 7 4
46 81 3
146 123 3
52 86 3
83 121 3
27 82 4
34 31 1
119 12 1
107 61 1
31 48 4
138 127 4
117 15 2
18 30 3
4 81 1
147 107 3
73 120 3
140 62 4
125 130 4
50 96 1
18 72 3
139 11 1
131 106 1
141 126 3
149 129 2
127 74 3
133 137 2
47 121 1
2 137 1
81 31 4
105 121 2
145 2 4
137 107 2
141 74 2
144 81 3
97 145 1
35 16 4
35 15 3
76 100 4
124 108 3
87 36 3
121 110 3
71 70 3
115 77 4
91 120 2
121 7 1
140 9 3
93 63 4
36 66 4
143 118 1
77 17 1
67 80 2
63 48 1
102 115 3
52 68 4
62 104 2
149 97 2
145 149 1
42 58 1
103 12 3
82 36 1
4 1 4
92 140 3
7 51 2
131 9 3
66 27 4
82 54 1
10 140 1
99 75 2
115 149 4
125 143 1
49 22 3
81 60 4
112 89 3
109 146 2
80 59 4
113 112 1
42 111 2
112 67 2
78 89 4
112 103 1
46 76 2
66 7 1
14 130 4
17 148 2
55 114 1
22 120 3
87 127 3
20 69 1
15 114 4
138 109 3
140 120 1
103 13 3
27 68 4
88 86 3
95 103 1
52 59 2
146 51 3
32 92 2
5 134 1
5 69 4
14 41 4
72 88 3
59 28 4
81 89 2
20 1 4
49 53 2
4 65 1
17 26 3
112 120 1
50 69 2
128 97 2
135 65 2
25 27 1
62 130 3
115 101 4
76 104 3
111 85 1
47 53 3
131 48 1
134 33 3
121 49 3
21 77 3
121 98 2
0 10 3
141 121 4
67 44 2
53 4 4
105 33 2
132 17 2
99 140 4
134 102 1
58 68 3
97 148 1
126 38 4
89 98 2
6 91 2
127 52 3
59 36 2
82 15 3
1 6 3
134 117 2
19 39 4
130 91 4
81 91 3
31 95 1
21 115 2
83 126 1
72 98 1
23 139 4
144 92 2
98 38 1
45 116 3
90 21 3
28 51 1
6 7 1
16 125 4
54 75 3
60 83 1
2 132 3
83 69 2
26 60 1
149 26 4
11 95 2
80 55 3
5 48 1
49 132 1
36 56 3
31 41 3
143 38 3
19 2 4
129 99 1
51 34 4
111 143 2
56 141 4
22 25 3
50 24 2
139 112 3
55 94 4
62 116 1
128 14 4
132 124 1
116 9 1
6 148 1
20 41 2
138 28 1
19 61 4
107 55 3
23 71 2
103 133 4
147 50 4
113 108 1
10 117 1
2 82 1
103 11 3
54 47 3
147 12 2
89 75 2
75 133 4
1 37 4
110 66 3
26 33 2
73 66 4
48 88 1
30 46 2
33 67 3
56 46 2
67 16 2
60 122 4
43 77 1
91 108 1
96 2 4
15 141 4
132 146 2
59 26 2
85 95 4
80 46 3
21 99 3
42 96 3
6 18 1
20 65 3
131 65 2
117 146 2
12 98 2
109 50 3
79 60 2
12 11 4
125 57 4
49 25 3
100 57 3
111 128 3
34 33 2
51 90 3
107 130 3
15 19 4
25 99 3
130 15 3
43 27 2
54 93 4
137 86 1
13 49 2
145 11 4
16 94 4
124 39 4
16 58 2
97 12 4
70 0 3
18 85 1
58 55 4
34 132 2
55 145 4
119 110 4
40 27 1
20 106 1
15 53 3
56 132 2
11 79 1
129 80 2
28 35 3
147 119 2
146 95 3
132 48 3
23 10 1
102 89 4
131 52 4
128 5 2
48 102 3
123 125 4
130 99 2
10 101 2
78 127 3
105 127 3
68 74 2
98 13 1
72 35 2
84 62 4
68 8 2
36 75 2
52 108 2
77 146 3
4 59 2
114 82 3
8 72 4
65 77 2
17 5 1
11 68 4
51 42 4
56 112 4
67 74 3
54 52 3
99 36 3
1 80 2
32 113 1
12 57 1
4 77 3
80 22 3
19 33 3
123 3 1
8 56 1
51 133 3
135 118 3
128 61 1
37 75 3
132 22 1
18 134 1
99 1 3
122 67 3
40 135 1
32 39 3
68 147 2
67 70 3
148 95 3
35 26 1
72 62 3
148 58 4
84 42 4
61 130 4
19 48 2
53 82 1
66 16 2
54 85 3
37 112 2
48 0 3
44 29 2
140 45 1
49 71 4
85 129 4
102 88 3
134 29 4
3 80 1
47 55 1
92 94 3
55 25 1
30 19 1
55 133 1
37 93 4
69 119 1
69 59 2
130 29 1
28 117 3
26 86 1
127 6 1
24 40 1
147 148 2
13 133 2
108 147 3
26 13 1
60 63 3
15 31 3
91 98 2
73 43 2
114 87 1
40 93 3
131 86 4
126 18 4
120 3 2
9 47 4
93 120 2
12 1 3
93 135 3
118 5 3
89 36 2
141 65 1
13 144 4
103 146 1
104 9 3
71 64 3
70 62 2
11 9 4
23 120 2
41 138 2
38 134 2
31 25 2
67 62 2
54 127 4
56 109 1
39 14 3
48 43 3
127 58 4
44 106 1
8 52 1
82 125 4
65 31 1
86 6 3
133 125 4
39 120 2
48 130 3
124 85 1
100 106 1
13 40 1
50 129 4
21 145 2
146 119 1
88 106 2
90 111 4
39 147 4
89 35 3
63 41 1
123 25 2
63 13 1
87 108 2
10 19 1
10 78 1
95 138 1
74 89 2
10 125 3
36 47 3
94 135 2
69 55 3
4 89 1
110 26 2
5 68 1
82 0 4
118 117 2
64 23 3
52 81 2
103 67 4
136 128 3
68 88 4
20 57 2
106 124 3
147 62 3
50 49 4
88 126 4
115 135 4
121 109 2
9 42 2
15 77 2
136 4 3
9 54 4
140 111 1
32 119 1
81 142 1
34 117 3
52 107 2
116 60 3
6 46 4
37 77 2
136 77 3
119 136 3
133 23 3
117 148 4
136 141 3
135 147 4
52 63 4
87 42 2
7 43 3
84 71 1
60 12 3
6 55 4
133 65 3
115 27 3
13 14 3
75 119 1
89 51 3
37 126 4
53 46 4
15 144 3
52 139 3
140 100 2
98 106 1
88 137 1
74 128 3
114 23 4
26 144 4
136 1 1
15 26 1
53 112 3
57 116 1
126 99 4
0 11 4
24 17 3
114 74 3
143 32 4
101 107 3
76 121 3
41 52 2
134 55 1
27 84 4
34 103 4
111 73 4
26 70 2
136 40 4
47 50 2
27 58 1
40 85 4
108 36 1
37 81 1
54 103 3
32 60 2
138 116 1
76 18 3
85 121 3
12 116 3
33 77 4
62 10 3
48 44 3
123 80 1
22 97 2
3 58 1
12 61 1
116 145 2
37 109 1
85 103 3
53 68 1
146 107 4
43 131 4
138 81 2
146 75 3
127 140 4
18 142 3
113 29 4
48 16 2
80 68 4
0 147 3
138 57 3
124 68 1
122 51 1
65 105 3
67 136 2
74 49 1
56 95 2
45 26 2
33 27 1
4 147 3
134 12 4
140 51 2
137 61 4
88 114 3
61 81 4
70 48 3
1 19 2
63 54 3
139 141 3
114 134 2
7 129 3
35 143 3
7 134 4
13 2 1
119 131 4
55 124 3
11 41 4
95 15 4
40 21 2
123 7 4
25 117 4
21 105 4
141 94 2
66 135 4
53 104 2
120 8 4
131 29 2
111 95 2
109 26 2
39 56 4
105 149 4
52 21 4
122 99 4
110 92 3
115 20 2
116 86 4
63 77 4
145 81 2
128 12 3
127 32 2
127 10 2
36 123 2
90 60 3
10 43 2
49 78 3
44 122 2
7 40 1
135 123 4
123 104 4
91 125 1
83 106 3
55 43 4
124 125 2
26 141 4
84 121 4
109 112 4
12 43 2
117 3 2
101 12 1
35 106 3
65 52 1
22 65 3
116 103 4
37 27 1
121 69 2
19 133 3
99 114 4
110 27 3
18 68 2
46 124 3
77 144 1
66 142 2
14 29 4
66 3 1
48 45 3
95 50 3
130 11 2
108 35 3
19 25 2
128 117 3
67 125 3
40 148 3
49 85 1
107 133 2
124 51 3
62 59 3
33 99 3
80 13 4
43 15 4
33 76 1
99 135 3
48 24 2
83 64 4
107 119 3
57 145 4
89 17 3
14 60 1
105 1 4
28 12 4
55 67 1
4 95 4
118 98 3
34 105 2
72 64 2
146 25 4
135 88 3
138 111 2
111 40 1
9 79 4
146 80 4
144 25 3
125 59 2
49 128 3
75 39 2
19 126 1
0 114 2
110 24 4
54 65 3
70 119 3
22 88 2
35 41 1
79 95 1
0 73 3
16 84 4
64 101 1
26 46 4
100 17 4
84 45 3
123 120 2
9 20 2
102 46 2
86 127 1
39 99 3
64 109 2
65 27 4
134 132 1
37 118 4
58 56 3
37 138 1
122 114 4
75 98 4
24 57 1
129 88 2
39 2 1
31 102 2
111 45 1
14 52 3
71 7 4
17 53 2
122 145 1
85 17 3
98 64 1
118 92 3
2 14 4
128 63 2
48 69 1
49 36 4
58 93 4
2 12 4
53 69 3
28 148 4
146 27 3
124 104 1
73 53 4
117 46 3
66 63 3
129 113 2
79 104 2
86 133 3
35 71 4
92 97 1
133 111 1
121 10 3
18 67 2
21 1 3
85 10 1
79 143 1
24 18 3
89 144 2
98 129 4
117 32 4
29 26 3
113 58 4
46 0 2
53 136 2
47 29 3
100 92 3
92 39 2
103 129 3
145 124 3
77 134 4
132 94 4
3 77 3
145 7 1
27 100 2
82 38 4
142 139 2
122 1 3
110 14 2
103 59 2
142 32 2
77 62 2
88 5 2
66 81 4
135 49 2
29 25 1
2 149 4
63 27 2
129 106 4
120 88 2
68 70 4
94 137 1
73 41 2
93 104 3
93 110 4
141 135 4
44 137 3
125 39 4
68 45 2
32 105 4
43 106 2
15 25 1
70 106 2
4 52 3
72 14 1
74 119 4
149 117 3
119 72 1
115 13 3
37 120 4
70 16 4
58 143 4
70 41 4
1 52 2
37 122 2
28 16 2
99 47 3
79 52 4
113 91 2
43 90 3
89 84 2
55 89 2
32 26 1
69 77 4
62 144 4
69 31 3
40 38 1
41 75 1
37 127 3
117 136 4
61 41 2
117 121 3
85 65 2
73 46 1
18 125 2
47 18 2
80 45 1
123 26 3
18 149 3
82 119 4
23 69 1
118 64 3
69 34 3
45 122 1
131 22 3
95 61 4
37 35 4
91 9 2
43 58 3
65 114 2
38 105 2
66 65 4
48 144 3
82 49 4
44 41 4
138 3 2
134 14 2
126 87 4
72 22 1
117 26 3
135 21 4
148 4 3
36 120 3
90 120 2
64 143 3
145 132 4
100 13 4
138 18 2
104 47 2
79 91 1
132 95 1
35 126 1
70 91 1
77 117 3
59 126 3
30 10 2
70 95 3
50 4 3
19 105 4
83 31 2
11 87 2
62 122 1
27 69 3
23 4 4
105 118 3
92 69 3
58 23 3
48 148 4
94 49 2
113 35 4
130 8 1
128 2 4
126 119 2
132 125 1
94 138 3
11 74 2
102 86 2
68 28 4
43 57 1
103 81 3
100 77 3
71 141 2
85 26 3
66 50 4
60 70 2
26 100 2
27 56 1
63 76 3
12 114 1
23 16 2
8 121 2
100 52 1
54 145 1
139 135 4
76 102 2
44 138 3
20 127 4
77 24 4
144 56 3
95 93 4
62 18 3
146 61 2
149 39 2
106 4 4
5 124 1
13 89 3
31 105 4
130 65 2
69 64 4
117 35 3
13 120 1
92 111 3
110 139 3
101 112 2
13 92 3
45 104 2
129 138 2
117 97 1
9 83 2
52 58 4
107 131 4
124 23 2
102 49 2
54 35 3
64 149 1
3 63 2
50 119 1
35 64 1
6 147 2
53 132 1
93 24 3
129 44 3
11 78 1
64 31 3
123 89 3
146 3 2
120 136 1
22 105 3
45 117 1
97 109 4
74 0 4
96 71 4
63 101 2
45 12 2
15 45 4
56 44 4
17 70 1
20 107 3
32 40 1
66 104 2
52 103 1
142 5 3
104 86 4
92 138 1
77 6 1
113 44 4
146 124 1
90 14 1
120 84 2
95 143 2
88 61 4
141 48 4
19 104 1
27 118 1
98 108 2
102 45 2
75 115 3
17 36 3
34 19 2
110 106 4
76 58 1
140 19 1
136 149 4
83 85 1
10 75 3
124 100 4
148 63 2
63 17 3
93 68 3
149 80 2
35 145 4
31 143 2
142 70 4
77 139 4
70 103 1
111 37 2
24 45 1
98 56 3
42 46 4
106 14 1
145 32 3
137 123 3
67 2 4
13 127 4
84 55 1
22 86 4
9 80 1
109 144 3
44 93 4
142 21 1
107 142 4
145 31 4
47 106 1
147 69 2
11 111 2
15 7 2
108 54 2
140 52 2
73 106 1
104 34 1
14 139 4
58 31 2
38 74 4
112 13 1
31 55 4
21 110 4
139 55 4
135 44 3
65 109 4
136 91 2
77 103 2
66 41 4
87 51 4
110 140 4
73 113 1
73 6 4
82 40 3
94 80 3
26 49 1
46 63 2
41 67 1
114 129 3
104 90 2
31 72 3
146 30 4
35 100 2
114 50 3
111 51 2
11 7 4
14 38 1
4 141 4
40 130 1
21 8 1
108 49 3
107 53 2
142 101 2
103 7 3
120 77 1
120 89 1
6 123 2
84 37 1
49 38 2
44 141 4
33 29 1
68 136 4
21 38 4
7 93 3
66 82 4
99 5 1
87 17 2
58 91 2
73 97 4
134 53 2
134 11 2
17 75 1
27 59 1
69 57 4
102 90 1
131 45 3
99 79 4
100 95 3
140 68 4
145 45 2
50 42 1
128 43 3
95 121 4
102 62 3
81 75 4
61 149 1
102 78 2
71 107 3
96 13 1
67 97 4
109 7 4
139 87 2
32 59 2
114 105 2
61 33 4
103 30 2
41 87 4
84 128 2
7 94 3
144 31 1
103 127 2
60 24 4
132 23 3
119 133 4
39 45 1
74 71 3
50 83 4
72 75 4
112 40 1
79 48 2
74 135 2
128 142 3
98 139 1
64 102 4
36 32 1
128 115 3
12 74 3
14 146 4
131 111 3
59 8 4
107 124 1
26 82 4
39 28 4
101 114 3
4 75 3
73 31 4
113 89 3
137 130 2
114 117 2
118 36 1
90 115 1
97 77 4
63 111 2
84 56 4
139 30 1
85 1 3
27 143 2
67 75 1
111 64 1
126 46 4
32 19 3
17 23 4
139 68 2
108 16 4
25 24 2
72 70 1
44 66 4
85 108 1
112 27 3
77 80 3
30 86 4
61 138 4
82 103 4
88 11 2
135 4 1
93 19 3
24 83 3
1 54 3
90 103 3
30 77 3
101 84 3
72 53 4
117 147 2
68 19 2
114 57 3
57 81 3
69 13 2
96 118 3
40 65 2
125 76 3
90 134 1
58 80 3
96 87 2
132 61 2
129 133 4
128 17 3
79 102 2
117 20 2
134 26 3
75 59 1
104 101 4
25 37 2
85 43 3
40 149 4
105 61 4
132 51 1
130 71 3
123 112 1
13 60 1
134 147 2
98 31 4
34 68 4
113 47 3
40 80 2
97 106 3
127 102 3
8 112 2
100 54 2
54 129 1
133 35 4
146 6 1
81 130 4
2 32 2
9 89 3
14 42 3
114 28 2
3 143 1
99 74 4
55 121 1
40 16 2
48 86 3
86 40 4
15 107 1
84 69 2
93 141 3
133 101 2
102 40 1
101 126 4
105 104 3
116 119 1
112 39 1
5 13 2
142 135 3
25 114 4
90 19 3
99 98 3
88 62 2
42 37 2
102 91 3
34 74 3
11 43 1
62 95 3
119 96 2
102 58 2
57 139 3
92 10 3
83 34 2
35 132 1
107 99 2
39 117 2
70 56 3
146 126 3
92 130 3
96 149 2
120 42 1
141 123 1
110 109 3
106 42 4
105 137 4
73 117 4
29 106 4
0 139 3
30 13 2
30 57 4
68 12 1
3 121 2
103 102 1
123 79 4
20 144 1
43 34 3
86 58 3
26 80 3
128 109 4
103 107 3
96 103 3
38 117 3
1 102 2
20 22 1
113 66 4
72 33 4
44 18 1
73 93 3
79 126 2
1 5 3
38 115 1
72 133 2
15 71 2
91 66 1
63 121 2
16 57 1
93 27 3
69 19 2
119 61 4
62 139 2
28 87 2
42 53 4
141 116 3
58 44 3
35 105 3
103 88 4
81 114 3
8 62 1
5 81 3
143 123 1
115 16 3
108 44 4
132 110 4
33 115 1
3 125 4
143 139 4
18 79 1
93 85 1
80 16 4
16 59 1
128 139 4
26 142 1
107 40 4
40 115 2
73 126 4
57 83 3
52 19 2
82 113 1
69 115 3
27 78 1
116 51 2
43 141 1
34 77 4
94 93 2
65 35 4
108 18 2
131 67 4
67 56 3
115 35 2
43 117 2
24 96 3
5 76 2
41 109 4
39 37 4
25 127 4
118 76 2
92 99 1
127 82 4
23 35 3
23 148 2
35 139 2
59 41 3
101 50 3
58 9 4
103 75 1
65 23 1
134 54 1
75 120 1
124 22 2
31 86 1
69 117 2
59 129 4
115 85 1
106 68 4
92 66 3
6 122 3
52 74 3
0 98 1
86 74 4
103 97 4
4 48 2
26 95 2
66 85 2
0 22 3
36 45 4
98 144 3
91 142 1
81 2 1
56 24 3
128 3 2
133 37 2
29 81 4
65 51 2
123 60 1
12 8 3
133 82 2
61 106 1
72 142 3
82 69 3
78 12 1
143 91 3
131 34 4
124 117 1
71 106 1
70 32 4
80 18 1
110 69 4
80 86 3
95 135 4
143 116 1
21 146 1
19 95 1
46 93 2
97 39 1
103 60 4
117 81 1
11 61 3
142 110 2
76 3 2
32 98 2
99 141 2
58 90 3
17 3 2
88 128 2
22 130 3
60 28 3
87 112 2
34 113 1
71 37 1
10 113 4
122 144 1
102 25 1
132 101 2
93 107 3
23 18 3
50 144 3
73 144 4
68 24 4
97 21 2
89 92 3
28 108 2
48 137 3
123 57 3
126 105 2
149 27 2
75 136 3
138 30 3
45 136 2
48 3 4
44 31 1
72 136 4
71 3 4
149 111 3
22 147 3
62 133 1
144 71 4
134 83 2
104 32 3
113 94 3
25 28 1
16 32 1
92 106 2
49 126 4
8 131 1
136 41 4
27 107 1
133 30 1
99 69 4
67 142 2
15 34 2
76 29 4
78 28 3
108 71 1
82 51 3
113 22 2
6 129 2
142 52 2
110 58 2
32 23 3
8 89 4
80 15 3
14 82 4
24 97 4
128 40 4
123 76 4
105 11 3
80 25 3
85 76 1
102 98 3
136 15 3
16 126 3
83 128 3
13 137 3
21 50 4
81 0 4
69 116 1
1 28 2
76 96 1
104 6 1
126 82 3
41 100 2
121 91 2
72 26 4
118 124 3
141 115 4
17 74 4
91 61 2
51 76 4
4 84 1
3 98 1
79 116 1
97 131 2
28 127 4
117 63 2
120 100 4
39 77 3
62 83 3
53 130 3
81 16 3
86 96 1
89 65 2
63 84 2
12 107 2
147 65 3
56 108 4
53 88 4
140 94 4
140 76 2
87 82 3
10 108 1
54 148 4
90 17 2
5 135 4
104 141 2
129 78 2
107 141 1
129 64 3
94 130 3
19 137 1
93 76 3
133 130 1
140 104 3
99 51 3
67 135 2
73 84 3
72 60 1
20 68 4
42 126 2
73 8 4
20 39 2
30 96 3
143 39 3
38 76 4
127 137 3
122 63 4
109 33 2
85 27 4
105 62 3
95 83 3
27 105 1
59 142 2
116 54 3
110 145 3
133 32 4
112 71 1
109 0 3
62 50 4
125 46 2
52 28 2
119 41 3
29 17 1
9 50 1
35 4 1
44 45 3
149 72 1
146 130 4
25 64 3
37 33 1
106 34 4
24 65 4
7 83 2
27 49 2
5 26 3
48 143 2
145 37 3
60 3 3
137 85 3
142 90 1
25 68 3
100 94 4
10 88 1
137 42 4
5 6 3
140 77 2
3 55 3
122 125 3
36 138 3
105 91 3
130 72 3
143 69 2
78 44 4
130 93 2
118 11 3
114 86 2
139 129 1
94 67 1
12 32 2
68 22 3
103 23 1
96 148 4
37 64 1
0 101 3
99 4 4
9 45 2
12 23 2
86 8 1
3 107 4
116 10 2
61 85 4
116 64 2
81 15 2
99 46 2
131 14 4
11 119 2
93 13 1
117 112 2
63 38 3
90 119 2
143 146 2
43 6 4
89 31 1
82 75 4
109 38 3
10 48 4
102 135 1
94 64 2
42 68 1
35 116 3
105 92 1
15 66 2
76 44 1
43 13 3
92 0 2
65 37 2
11 22 3
105 40 2
135 62 2
47 140 2
144 12 3
47 13 3
125 30 2
101 42 2
18 1 3
11 80 3
6 23 2
16 97 2
104 16 3
127 47 4
43 64 2
14 85 1
134 42 1
83 105 1
101 69 4
43 104 4
132 50 1
33 136 1
10 80 3
107 144 2
149 68 2
39 55 3
25 79 3
119 68 2
114 97 1
79 115 1
99 26 1
69 123 2
52 137 4
25 82 3
130 95 2
19 87 4
119 49 2
105 56 4
51 24 1
95 41 4
53 122 1
95 39 4
20 18 3
31 125 3
25 38 4
3 114 2
139 80 4
132 59 2
35 43 4
9 62 4
103 53 4
120 49 2
64 10 3
131 142 2
101 86 1
25 137 1
33 73 2
113 78 2
66 2 3
106 72 3
27 26 2
115 28 1
60 125 1
57 107 2
53 149 2
76 98 2
109 107 3
112 16 3
130 0 1
40 97 3
133 33 1
66 25 4
57 59 1
133 47 1
9 35 4
66 130 3
131 18 3
99 76 1
54 42 1
11 75 3
127 101 1
23 43 2
105 76 4
83 51 2
136 123 2
57 42 3
30 65 3
41 2 3
128 58 2
114 20 2
75 106 2
91 119 3
10 134 2
110 141 2
96 52 1
10 138 1
76 35 4
22 32 3
142 6 1
70 85 1
104 126 4
55 49 2
30 131 2
72 78 2
21 88 2
20 80 4
28 21 2
84 15 2
27 10 3
96 130 3
124 4 2
110 143 2
14 73 1
36 141 3
17 82 2
121 89 3
35 55 3
50 68 1
13 45 1
120 92 3
44 107 1
141 27 2
61 64 1
69 4 1
12 87 3
132 63 2
17 91 4
27 15 3
66 84 2
17 22 2
23 115 3
128 146 3
139 85 4
113 38 2
100 46 3
50 116 4
73 19 2
92 18 1
81 113 3
81 118 2
115 116 3
129 26 4
0 134 4
142 46 1
126 112 4
3 73 2
88 80 1
44 69 4
41 34 2
60 99 3
9 66 4
139 116 1
113 80 2
85 138 2
89 57 4
71 137 1
41 39 1
53 16 2
131 149 2
7 22 3
117 79 1
56 107 3
38 124 1
2 30 3
118 109 1
32 13 4
44 49 4
97 75 1
98 43 3
105 145 4
16 147 4
132 138 1
18 37 2
36 110 1
58 106 3
11 31 1
33 131 4
120 124 1
79 129 3
122 126 1
38 9 1
125 72 3
11 49 2
57 60 3
19 53 1
72 104 4
143 67 4
12 26 3
145 82 1
4 41 1
43 14 1
63 69 2
42 83 4
111 72 3
18 32 1
148 139 2
38 93 3
5 47 2
80 87 4
76 70 2
88 84 2
9 4 3
123 41 4
130 4 2
132 4 3
48 100 3
102 80 1
31 24 1
105 106 2
50 43 1
45 10 1
18 84 1
124 78 2
34 108 2
81 97 3
37 17 2
5 114 3
44 36 2
54 99 4
50 80 1
59 124 4
83 73 3
43 78 2
29 98 2
37 8 1
34 9 2
71 87 2
65 33 1
7 108 4
48 53 2
91 71 4
42 149 1
23 9 2
27 138 4
147 139 4
54 123 4
101 147 2
113 77 1
122 36 1
132 40 2
34 92 1
137 51 2
122 109 2
97 102 3
62 51 4
98 27 1
23 47 1
49 47 3
111 70 2
149 67 2
145 144 4
71 133 1
60 78 1
141 39 3
56 31 4
32 129 4
49 0 4
125 66 3
116 2 2
83 148 1
100 142 1
114 138 3
128 52 3
143 115 3
131 95 3
32 111 4
119 34 3
81 51 3
29 85 1
53 52 2
33 22 4
32 4 3
51 77 2
112 33 3
15 145 3
24 62 3
148 78 2
42 98 2
3 21 2
52 90 1
33 45 3
19 17 4
27 137 3
5 36 1
84 122 1
38 106 2
67 32 4
138 102 2
135 46 2
139 107 4
29 15 2
121 21 3
54 62 4
124 10 4
68 67 4
34 13 2
101 135 2
29 105 4
122 91 3
21 131 1
70 33 2
44 98 2
14 66 2
39 23 4
112 51 3
88 4 1
132 96 1
14 34 1
7 86 1
134 19 3
86 115 3
45 142 4
146 1 4
124 8 2
71 135 4
26 38 4
62 40 2
28 128 4
64 119 3
79 146 1
5 21 1
108 55 4
60 76 2
117 49 1
88 85 4
31 47 4
34 52 2
117 75 1
27 132 2
108 40 3
117 42 1
130 82 1
32 44 4
58 88 2
55 144 3
41 107 4
59 37 3
67 140 3
25 104 3
40 37 2
67 134 4
133 43 4
30 106 3
1 32 2
18 110 3
35 119 4
48 49 3
11 20 1
5 23 3
6 2 2
113 76 2
121 61 3
21 89 4
140 42 4
76 62 1
41 88 3
22 34 4
2 77 4
57 101 2
111 148 2
40 31 4
64 145 3
9 147 4
74 10 4
36 121 1
89 23 1
12 111 3
62 65 1
18 140 3
75 27 3
44 89 3
143 17 4
54 55 2
96 23 3
132 5 4
102 104 2
110 68 4
108 77 3
61 62 3
136 97 1
111 39 1
131 113 1
84 85 3
96 65 3
22 63 4
13 83 1
76 74 4
149 65 4
55 13 3
76 149 3
124 126 2
51 128 1
145 61 2
111 9 1
83 111 4
127 12 4
5 72 4
137 140 4
144 87 3
137 10 1
26 135 1
57 73 3
38 7 2
8 45 2
28 36 1
147 114 1
90 113 4
118 111 1
38 43 1
149 60 2
94 98 1
141 54 4
3 115 3
8 34 3
88 55 4
0 149 2
102 122 2
56 142 4
119 21 2
91 126 4
10 141 4
53 147 2
143 149 4
102 109 1
109 30 1
70 96 1
18 107 3
26 52 4
81 11 1
63 2 1
37 85 4
126 89 1
71 62 3
1 48 2
61 125 1
130 111 3
68 47 4
26 48 2
60 39 3
140 31 4
86 44 2
15 50 3
57 88 3
115 48 4
79 78 1
142 57 3
148 134 3
139 17 2
51 8 3
147 109 1
148 52 2
47 21 4
37 51 2
52 0 1
116 0 2
58 33 3
127 9 4
5 92 3
99 111 1
136 146 4
0 93 1
148 59 3
53 58 4
32 3 2
148 91 4
16 2 2
127 114 1
87 134 3
136 87 2
94 111 2
100 105 2
65 11 3
97 143 3
90 98 1
130 103 4
37 13 1
83 113 1
145 63 3
51 60 2
99 31 4
110 13 1
70 15 1
10 26 1
120 85 3
84 126 2
46 40 2
98 87 4
33 82 4
148 128 2
67 99 4
68 82 3
13 27 2
141 68 2
134 149 1
125 11 2
116 148 3
20 103 4
101 52 4
41 108 2
20 81 3
45 69 4
45 3 3
5 136 1
123 42 2
39 6 1
17 130 1
7 20 2
51 126 3
41 105 3
45 11 3
4 45 4
6 65 2
68 57 1
6 83 2
58 120 4
29 35 2
89 46 1
77 55 3
17 107 4
71 80 3
145 138 4
112 93 3
15 65 2
123 107 3
131 35 4
97 28 2
75 2 4
91 33 1
33 127 2
145 18 3
125 73 4
123 130 4
8 87 2
10 7 4
134 106 2
56 41 1
146 121 4
146 26 3
56 38 2
69 146 1
8 108 1
103 122 1
62 96 1
29 31 2
148 53 1
66 138 1
54 102 1
18 136 2
16 77 2
141 114 4
65 91 2
23 62 4
36 115 4
102 8 2
89 130 1
101 116 1
2 68 1
23 125 3
84 24 4
99 17 2
17 105 4
60 129 3
143 105 2
79 119 4
65 59 4
13 126 3
8 148 3
143 53 1
136 93 1
53 13 4
98 112 1
130 20 1
0 63 2
102 108 2
1 43 3
15 131 3
46 52 1
24 82 3
141 37 1
149 91 1
93 74 2
18 97 1
4 107 3
26 50 2
100 88 1
22 43 3
39 46 4
13 59 4
54 22 2
142 28 4
93 92 4
86 108 1
143 63 2
38 137 4
103 138 2
94 77 3
19 114 2
61 83 3
0 28 4
140 11 4
10 17 3
105 93 3
4 146 3
143 33 4
20 86 3
28 139 2
66 58 1
1 98 1
57 95 2
62 68 4
44 148 2
145 83 4
74 144 3
21 11 3
105 136 3
117 44 3
77 98 4
63 58 2
72 80 3
58 105 3
24 26 3
61 17 3
44 14 2
66 114 1
21 85 3
116 98 3
77 49 1
64 122 3
113 119 1
87 91 3
140 27 3
45 56 2
89 109 4
50 138 2
42 88 1
103 17 3
104 42 4
104 33 3
14 81 1
46 16 1
54 64 1
11 110 1
56 130 2
71 88 3
39 144 3
38 78 3
48 106 2
113 23 3
102 61 1
98 131 3
123 5 1
54 132 3
106 11 1
25 40 2
93 144 2
124 147 2
11 73 1
37 113 1
89 124 1
17 95 2
43 113 1
135 55 2
118 122 4
91 43 1
87 118 3
60 23 2
117 116 4
25 93 3
38 102 3
98 62 4
10 111 4
12 135 3
90 64 4
121 41 4
124 139 4
74 116 4
80 61 1
79 61 3
105 88 1
110 88 1
88 39 3
130 54 2
76 115 2
19 131 2
37 83 4
96 107 3
72 94 3
66 119 3
15 105 1
20 126 2
120 122 3
126 43 3
34 49 2
147 110 3
116 37 4
10 126 4
78 63 3
10 14 4
49 98 1
17 11 3
24 36 4
95 40 2
36 19 2
87 94 1
120 25 1
93 43 2
96 8 4
113 116 2
43 140 3
57 97 1
93 67 1
87 58 2
41 116 2
100 1 3
110 29 4
13 11 1
124 56 3
107 148 1
121 112 3
1 101 3
109 105 1
56 63 1
98 51 3
89 22 2
81 124 1
126 138 2
40 3 4
19 42 4
40 106 3
96 116 2
87 26 4
132 70 3
118 39 1
44 25 2
31 75 4
130 97 2
105 101 1
46 20 4
95 78 3
98 100 1
148 2 2
65 115 4
101 65 2
130 139 3
126 61 3
91 8 3
130 98 2
138 39 4
106 62 3
15 99 3
29 40 2
144 69 3
71 45 1
121 122 2
103 48 4
146 67 1
120 34 1
70 122 4
120 130 3
28 105 3
21 37 2
139 137 4
82 28 1
104 111 3
18 81 2
120 113 2
112 136 2
1 83 3
65 136 3
30 129 3
83 14 4
84 141 2
118 41 2
65 116 1
127 119 1
127 63 1
80 99 4
111 59 1
17 42 2
80 141 1
145 65 3
54 79 3
40 0 1
96 104 4
121 27 4
47 103 1
3 27 1
60 87 4
105 63 2
69 61 1
46 65 2
53 30 1
19 79 4
124 97 3
149 52 1
123 62 4
22 40 1
98 117 4
16 76 1
147 71 1
51 61 3
28 112 4
130 69 2
135 130 1
118 84 3
100 19 1
143 4 4
21 13 2
131 125 1
5 139 4
98 30 1
63 62 3
121 94 4
40 51 2
42 79 3
86 126 1
14 12 4
42 45 1
69 93 2
4 149 4
37 143 1
105 111 4
83 28 4
118 99 2
88 25 1
20 134 3
141 131 2
123 88 3
21 72 4
19 62 2
116 33 1
12 54 1
69 3 1
91 112 4
4 119 3
61 143 2
92 29 3
34 3 2
144 51 1
9 105 2
114 103 2
79 83 1
77 90 4
71 109 4
111 17 2
73 86 3
16 33 4
103 0 4
110 61 1
16 96 3
26 91 1
82 104 4
126 114 2
125 112 1
26 0 3
128 108 2
107 19 4
63 126 4
148 46 1
119 19 3
98 23 1
148 136 4
58 28 2
57 4 3
146 20 3
61 54 4
86 15 3
117 27 1
72 77 2
13 82 3
94 127 3
73 45 4
129 87 2
37 11 1
36 40 3
145 76 1
42 80 2
61 113 4
86 50 3
57 122 2
137 93 4
147 66 3
8 100 3
21 22 2
95 91 3
23 63 4
21 58 2
94 54 4
57 149 1
41 3 3
33 142 2
75 42 4
120 108 1
88 76 3
90 136 3
59 96 4
14 99 4
73 35 4
80 62 2
54 105 4
143 8 2
22 46 2
91 39 1
13 17 1
64 82 3
6 106 2
148 137 3
106 90 2
27 81 3
113 144 2
137 143 2
39 96 3
79 109 1
85 57 4
128 98 1
30 70 1
106 122 2
126 53 4
141 66 2
1 71 4
69 90 3
95 16 2
92 141 4
29 86 3
34 18 2
134 3 4
86 68 3
120 12 4
56 139 1
86 43 1
9 87 3
34 30 3
99 97 2
72 121 4
66 128 4
132 81 3
69 18 4
83 3 1
26 53 1
57 124 4
128 131 2
49 127 1
145 38 2
43 92 4
62 73 2
41 53 3
62 39 4
26 20 4
10 90 3
24 28 2
73 20 1
28 29 3
42 16 1
108 1 4
101 5 1
68 65 3
115 138 1
0 5 3
24 8 3
39 4 3
107 105 3
101 148 4
114 6 1
138 149 3
114 63 4
13 118 3
23 116 4
44 88 1
19 108 2
86 143 4
85 148 3
60 22 3
61 115 3
91 85 2
46 122 2
99 83 2
81 19 4
131 124 4
143 85 3
97 65 2
33 11 1
120 132 3
66 126 1
110 37 2
45 81 4
128 41 2
3 0 4
138 146 4
84 6 4
44 11 4
90 68 2
23 24 2
93 79 3
72 61 4
106 126 2
75 73 3
28 48 4
92 134 3
56 48 4
63 118 2
0 99 1
48 127 4
102 55 2
43 137 2
136 44 3
137 28 1
87 95 1
97 144 2
68 48 1
134 63 1
78 136 3
54 115 4
13 122 4
113 56 2
24 64 1
9 123 4
34 65 3
89 142 3
63 26 2
20 119 3
45 147 2
7 139 3
75 93 1
134 16 4
139 2 2
58 65 3
100 44 4
94 108 2
98 5 3
93 118 1
74 133 4
1 49 4
95 76 2
67 22 3
76 71 4
103 55 2
127 131 3
85 20 2
72 134 1
112 105 3
20 5 1
51 49 3
110 127 2
40 64 4
14 129 2
109 126 4
131 92 1
142 47 3
138 140 3
35 128 2
134 108 3
4 120 3
25 10 2
38 103 2
98 127 3
5 109 3
33 17 1
147 54 1
87 141 1
40 129 2
21 49 3
108 140 2
6 62 1
62 14 1
125 56 3
26 122 2
35 101 2
66 139 2
75 107 3
106 60 2
102 26 2
97 34 4
26 9 3
79 66 4
60 93 1
145 131 2
73 121 1
67 114 1
100 128 2
135 114 2
41 26 2
32 37 2
140 33 1
111 101 1
64 136 4
46 45 1
114 79 4
6 9 4
134 95 4
25 78 4
122 0 4
52 24 2
102 114 3
5 102 1
25 8 4
9 117 3
75 125 1
32 57 2
27 8 3
43 76 2
6 103 2
56 110 3
120 24 2
122 132 4
2 28 2
77 138 4
65 8 3
45 135 1
63 119 2
75 100 1
16 110 3
86 140 4
104 4 4
4 114 2
127 65 2
46 140 3
59 31 3
112 138 1
38 133 3
122 38 3
101 59 1
127 134 1
7 31 4
121 114 4
37 63 1
28 95 2
122 9 3
91 46 3
8 137 4
79 56 3
75 116 3
91 94 3
58 11 4
136 88 4
141 101 3
24 14 4
52 85 2
32 121 2
25 83 1
106 39 4
21 136 3
46 136 4
17 60 2
24 126 1
107 60 2
116 15 3
140 53 3
20 16 1
54 126 4
137 64 3
18 36 1
89 49 4
118 0 4
71 29 3
68 115 4
146 57 1
42 121 4
84 76 1
57 37 2
107 21 2
79 103 1
98 133 3
57 0 2
137 65 1
146 91 4
145 49 4
64 148 3
113 133 4
22 75 1
40 119 2
5 78 1
71 143 2
97 50 2
103 1 2
52 10 4
12 140 3
105 49 1
69 138 2
5 46 3
28 122 3
84 111 4
123 110 4
142 132 4
52 44 3
88 108 1
120 109 4
81 87 2
109 130 3
108 93 2
39 65 4
70 13 4
149 28 2
46 11 1
67 13 1
61 25 2
127 91 3
137 109 2
113 6 1
46 36 3
105 130 3
90 6 1
127 130 1
5 53 3
7 138 4
3 28 2
6 24 2
6 53 1
52 119 1
6 95 1
119 44 4
147 51 3
131 68 2
34 82 2
132 148 2
111 108 4
123 96 3
118 52 2
17 2 3
62 92 4
88 90 4
53 20 3
48 30 3
132 46 3
86 109 3
75 126 3
112 134 3
95 86 1
117 2 4
146 72 3
8 127 4
28 15 1
14 122 2
122 21 4
28 77 4
6 38 2
19 11 4
135 145 4
26 58 1
56 148 4
149 93 4
38 65 2
134 85 2
106 120 4
6 131 1
46 15 1
135 106 2
78 111 3
109 94 4
114 73 1
128 6 4
114 58 1
97 112 2
96 85 4
71 120 3
136 35 1
120 43 4
96 4 2
123 64 4
8 22 4
33 84 4
143 107 1
125 105 3
62 97 4
87 86 3
85 16 1
3 110 3
22 139 4
109 24 3
20 67 1
41 16 1
20 120 3
85 114 3
118 146 2
52 5 1
69 65 2
117 71 3
102 37 4
30 143 1
52 23 2
145 147 4
25 74 2
112 118 1
141 90 4
24 125 3
59 81 3
133 24 1
35 42 3
120 80 1
71 16 3
84 115 4
30 99 2
143 15 4
25 48 2
3 127 2
47 62 2
60 69 4
100 38 2
51 107 1
2 123 2
110 117 4
38 104 1
16 124 3
16 111 2
116 100 3
39 70 4
130 25 2
57 144 1
35 148 3
68 63 3
117 8 2
102 39 1
7 128 3
111 15 1
74 9 3
107 149 1
59 99 4
73 29 2
10 129 4
48 73 3
46 7 4
36 64 2
67 89 1
19 77 4
113 135 4
127 125 1
61 5 1
132 106 4
48 139 1
22 101 1
77 41 3
138 45 2
12 75 3
89 6 4
115 81 2
65 1 1
121 67 3
104 75 4
97 120 2
70 81 4
107 111 3
68 84 1
23 82 2
86 11 1
86 55 1
133 53 2
137 4 4
51 94 3
54 17 4
13 76 4
73 89 1
27 94 1
25 16 3
78 84 3
6 88 2
7 76 4
64 105 3
127 108 2
107 58 1
64 60 1
124 11 2
6 125 4
59 35 3
56 66 3
1 116 3
98 68 3
84 80 1
110 7 3
135 13 2
8 95 4
124 130 4
69 70 2
143 22 3
119 128 1
80 124 3
107 126 4
135 3 1
29 65 1
138 29 2
58 145 1
101 77 3
61 58 1
53 64 4
4 94 4
98 26 4
137 15 1
15 51 4
43 71 1
119 103 4
75 149 3
116 67 3
139 50 3
44 68 2
148 36 2
13 57 4
33 24 2
75 111 4
123 21 2
140 128 1
93 65 2
44 37 4
6 60 1
38 148 1
87 84 2
5 116 4
109 58 3
124 20 2
120 30 4
52 60 3
7 99 2
63 88 4
87 116 4
48 76 4
123 131 4
57 108 4
51 134 1
21 137 2
73 78 3
97 79 2
127 0 4
98 50 1
40 45 1
123 139 4
82 42 1
86 75 2
129 125 2
1 31 3
64 117 3
84 110 1
57 147 2
27 128 3
81 146 1
88 93 2
134 23 2
140 3 2
113 141 1
100 22 4
83 17 3
73 104 2
84 61 2
21 78 1
8 38 4
10 82 4
94 110 1
96 68 4
26 61 4
75 5 1
9 32 4
55 66 2
120 56 2
16 98 4
128 13 3
41 57 2
126 140 4
19 83 4
127 118 2
71 77 3
51 105 4
34 98 3
7 81 3
116 14 3
140 38 1
57 118 4
122 79 3
121 99 2
99 6 3
77 121 4
149 78 4
102 68 4
128 91 3
120 53 1
21 138 1
47 109 3
69 79 3
14 68 1
75 148 3
80 85 1
67 76 4
31 39 2
141 14 2
52 69 4
26 137 3
76 26 3
7 61 3
106 33 3
41 46 2
6 85 3
35 2 1
88 77 4
131 27 4
12 86 1
111 126 3
76 97 2
119 111 1
27 145 3
109 92 2
101 90 3
96 61 2
143 49 1
4 25 4
26 97 2
35 87 4
92 115 3
1 114 1
78 64 3
124 135 3
105 82 2
99 104 1
128 149 1
87 52 2
15 16 2
88 146 4
41 110 2
135 0 1
147 106 3
55 101 2
65 16 3
108 133 3
135 104 2
126 147 2
134 105 2
136 52 2
28 119 4
107 0 2
65 0 4
133 67 4
121 26 1
39 51 4
139 41 1
37 6 1
7 72 1
114 75 1
83 135 4
63 50 2
102 99 2
3 1 4
1 42 1
48 98 3
140 122 4
120 116 4
89 137 4
13 6 1
111 62 2
120 18 1
127 24 1
107 46 2
101 62 1
130 78 2
55 22 1
112 4 2
96 142 1
122 88 4
110 115 4
40 58 2
19 54 1
82 74 1
101 9 1
60 101 3
2 130 2
12 31 4
48 47 1
100 2 1
33 48 4
48 124 1
63 29 4
2 33 2
88 33 1
144 43 4
42 146 4
117 94 1
80 81 2
19 113 4
130 87 4
30 149 2
83 119 2
66 5 2
6 94 1
4 20 2
49 19 1
5 70 3
49 130 1
68 87 3
110 72 4
120 55 4
91 84 4
89 132 3
9 60 3
42 73 2
29 59 4
111 26 1
85 147 1
143 117 1
77 126 2
82 129 3
137 57 4
85 136 3
127 60 1
38 62 4
80 56 2
25 103 3
75 19 1
21 87 4
2 92 3
113 63 3
132 139 3
14 71 2
137 73 3
133 27 4
98 103 2
6 42 3
133 52 4
13 148 4
43 81 1
121 68 4
118 59 1
11 83 3
72 45 2
11 90 4
54 104 4
120 96 2
145 136 1
83 22 2
54 29 3
105 86 4
106 31 1
76 109 2
86 57 1
85 41 3
22 58 4
43 138 4
65 32 2
66 144 1
97 83 2
25 132 4
140 95 4
83 137 2
127 41 3
84 5 4
128 33 3
91 16 2
69 78 1
105 66 4
66 34 3
99 100 4
87 89 4
10 69 1
149 125 1
13 54 3
3 7 3
34 61 2
50 112 1
52 70 4
129 35 4
131 105 3
78 116 4
23 26 3
134 136 3
90 149 1
112 14 3
27 72 4
15 118 2
20 61 3
85 107 1
130 138 2
85 104 4
116 39 2
12 118 1
66 115 2
70 100 3
74 5 4
55 131 2
48 17 4
70 28 3
104 49 3
137 60 2
139 43 2
59 66 3
137 141 1
138 97 3
21 117 1
22 136 2
14 6 1
27 134 2
54 60 2
129 20 3
38 39 2
52 16 4
109 3 4
38 73 2
72 131 3
42 39 1
129 94 4
8 16 4
101 136 3
75 34 3
137 110 2
99 58 1
38 53 2
34 122 4
49 54 3
86 14 4
99 91 3
120 128 4
103 57 3
54 121 2
10 36 4
129 31 2
112 128 1
16 89 2
149 133 3
124 95 1
33 137 4
113 36 1
11 53 3
89 79 3
78 97 2
55 117 3
34 118 3
66 53 4
32 58 1
59 43 3
13 111 2
107 83 1
18 141 2
93 6 1
18 93 1
89 29 1
84 36 1
55 119 1
14 108 3
139 145 1
26 30 1
27 99 3
10 35 4
71 48 2
110 74 3
92 12 4
20 17 3
32 126 1
12 94 4
3 142 4
10 66 4
141 32 1
129 109 3
74 70 2
7 124 3
118 23 3
42 31 2
101 117 1
108 61 3
118 6 2
41 98 4
75 76 1
75 128 2
101 89 3
133 64 2
81 76 2
10 37 2
15 89 3
79 147 4
82 61 2
59 104 2
65 19 1
2 31 4
82 97 2
8 19 1
102 52 4
69 85 2
100 12 2
86 13 2
132 79 3
51 139 4
34 111 4
76 80 3
100 93 3
79 43 1
63 18 4
57 66 1
116 97 2
5 7 4
148 11 1
95 37 2
114 38 1
19 141 2
135 140 1
44 2 4
9 78 3
31 9 2
136 94 1
57 45 4
20 63 2
123 101 4
16 142 3
74 146 3
55 45 4
82 44 1
57 93 2
107 138 1
43 33 3
123 63 2
66 29 2
139 84 4
73 59 3
21 26 4
79 137 4
71 40 2
92 41 3
6 21 2
30 113 4
50 120 4
97 33 3
92 145 3
106 66 1
79 118 4
5 86 4
126 67 4
129 52 2
74 113 1
59 97 1
121 34 4
93 127 3
97 56 1
29 88 1
73 149 1
97 15 2
134 98 4
81 28 2
134 35 4
80 28 3
91 129 4
22 14 1
144 4 2
7 74 4
141 82 4
59 89 1
147 3 2
43 63 1
51 75 3
142 103 4
119 76 2
97 139 1
129 132 3
144 65 2
76 27 3
123 93 3
39 17 1
60 95 1
54 122 2
36 73 4
48 18 3
141 51 4
131 56 1
146 137 4
63 55 2
5 56 3
18 113 1
37 16 3
145 62 1
46 68 4
142 108 4
91 18 1
140 28 3
35 88 4
21 66 2
123 27 1
141 61 2
59 12 1
97 53 3
95 89 3
89 110 4
43 32 1
37 90 2
138 26 2
118 9 2
18 50 1
21 132 2
82 1 1
120 145 2
48 135 3
10 94 3
40 100 1
83 118 3
51 95 2
39 79 4
119 94 2
148 106 3
29 127 2
74 145 3
69 28 4
110 35 4
51 138 2
122 94 4
34 93 3
78 135 1
66 43 2
81 48 4
14 45 1
0 2 1
51 46 1
13 113 2
145 140 2
22 41 1
99 43 3
145 46 4
135 105 1
60 48 3
123 78 3
57 36 1
21 17 4
102 126 4
130 7 3
3 124 4
99 131 3
144 70 3
137 120 1
6 0 4
54 74 3
111 79 3
62 37 4
98 33 4
138 83 2
94 69 2
143 62 4
22 39 3
39 10 3
95 97 3
15 21 3
76 50 2
145 0 3
47 144 2
146 145 4
19 128 3
57 26 4
22 13 2
19 0 2
53 9 2
5 45 1
95 32 3
74 137 2
17 66 2
8 35 2
87 142 1
45 128 1
141 72 1
82 3 1
10 31 4
62 58 3
56 115 1
98 141 1
34 57 1
20 45 1
95 33 3
102 50 2
37 38 1
121 0 4
123 90 3
74 43 1
45 1 1
112 96 4
138 120 4
22 137 1
17 45 3
140 118 4
131 17 2
23 119 2
8 4 4
99 72 4
71 39 4
81 143 3
52 106 2
148 115 4
0 43 2
18 133 4
3 130 3
104 36 4
28 63 1
16 106 4
73 131 4
115 4 4
148 109 2
128 93 1
35 91 1
15 14 2
70 140 4
20 137 3
73 103 4
77 27 4
140 79 2
134 119 3
58 140 4
25 135 3
142 143 4
38 35 3
24 73 2
16 18 1
33 63 3
52 2 2
8 97 1
76 32 4
115 37 4
72 128 2
54 33 2
58 72 1
46 143 1
84 40 4
74 15 3
24 0 3
49 29 3
107 135 4
103 69 2
4 83 3
18 57 3
29 107 2
124 102 2
84 21 2
70 99 4
27 114 1
35 24 4
69 16 3
26 119 1
35 79 2
100 36 3
31 119 4
16 99 2
83 104 2
39 25 3
34 133 1
48 8 1
30 136 3
14 49 3
69 124 4
52 143 2
144 108 3
96 67 1
74 69 1
113 45 2
37 19 3
141 3 4
104 89 4
18 147 2
67 60 4
118 138 4
140 63 3
23 112 4
64 141 4
66 72 2
71 100 4
59 63 3
10 148 1
51 20 3
104 11 2
87 146 1
93 55 4
94 79 1
132 77 3
34 102 2
111 52 1
118 95 4
138 58 3
148 29 1
135 18 3
138 55 1
124 41 4
88 18 2
90 100 2
15 3 4
60 43 1
17 127 2
129 48 2
101 49 3
14 31 4
100 15 3
45 60 1
21 34 1
96 54 1
44 97 2
37 34 2
114 24 2
60 68 2
120 134 1
82 115 4
107 118 4
77 84 2
143 18 3
103 132 2
42 40 3
65 104 3
32 11 2
133 106 2
123 77 2
71 113 2
48 38 1
140 57 2
114 35 3
74 79 3
60 20 2
139 6 2
16 43 3
96 14 4
56 18 4
15 18 2
48 34 4
44 8 4
39 47 2
122 123 2
130 27 1
55 38 2
55 128 2
89 7 3
35 124 3
48 134 4
4 67 4
97 30 4
80 0 1
27 136 3
56 104 1
53 116 2
63 25 2
107 14 4
52 75 2
42 89 1
53 78 3
132 39 2
144 138 1
78 15 1
135 143 1
49 99 1
96 46 3
125 21 3
81 38 2
8 141 3
74 130 4
135 129 2
83 59 1
139 63 1
21 79 2
13 79 3
107 84 2
40 52 1
129 148 3
24 15 4
70 35 4
103 121 1
10 6 2
135 97 3
136 127 2
2 90 3
118 94 4
49 140 3
13 102 2
4 34 1
120 104 4
97 47 4
132 126 2
43 80 1
131 101 2
103 144 3
49 68 4
110 47 3
51 136 4
86 78 4
127 115 3
129 21 1
110 85 4
45 7 1
13 28 2
48 52 1
17 125 3
131 116 2
26 1 1
7 122 1
9 43 4
113 85 2
18 14 3
127 19 2
45 28 4
13 97 2
67 9 3
6 111 3
23 57 3
108 130 1
46 32 2
33 93 3
29 108 2
57 77 2
0 76 2
102 22 4
104 134 4
20 25 4
118 103 2
95 23 1
130 128 2
73 15 2
92 27 3
103 29 4
53 96 2
88 145 2
69 91 3
86 84 2
64 4 2
103 10 1
132 107 1
114 8 1
47 57 1
49 62 4
118 101 3
136 144 1
127 68 1
31 141 4
81 39 2
53 121 3
88 26 1
77 142 2
126 70 2
77 145 2
0 47 3
31 117 4
51 96 4
25 12 4
33 119 2
108 82 1
20 116 1
38 32 4
88 133 1
96 84 3
57 49 4
3 26 3
137 80 2
104 103 3
25 139 2
133 135 3
114 7 1
8 94 1
44 105 3
77 45 1
13 66 3
132 67 4
134 1 2
143 6 3
76 21 2
57 61 1
87 67 3
50 87 3
82 128 3
66 52 1
5 131 3
87 97 4
37 119 4
91 107 3
20 75 4
106 93 1
24 47 3
113 40 1
126 148 4
119 114 3
127 135 1
64 13 2
45 123 1
129 58 4
92 17 4
125 4 2
49 32 4
148 22 1
30 83 2
53 1 3
93 122 3
5 62 4
116 28 4
126 58 2
35 21 4
83 115 2
132 37 2
56 149 2
147 63 1
116 63 3
67 95 3
10 16 1
37 136 4
130 47 4
48 20 1
35 51 3
132 91 3
90 128 3
63 92 4
40 48 1
128 48 2
86 28 1
144 78 1
33 12 2
125 62 3
75 25 3
119 123 3
33 130 1
105 90 3
106 84 1
81 30 3
130 83 3
36 23 4
23 0 4
36 93 3
72 13 2
101 18 4
87 135 4
14 8 3
135 22 2
123 116 3
90 80 1
16 135 2
51 56 2
111 134 1
115 88 1
53 81 2
81 54 3
55 34 3
30 147 4
131 108 1
87 20 1
33 64 1
97 11 4
109 59 3
83 86 2
69 108 3
135 37 3
129 111 1
100 102 4
67 52 3
35 77 2
55 78 3
20 23 2
139 117 3
88 79 1
124 148 4
38 97 4
124 24 3
74 96 4
67 98 1
30 127 2
42 114 2
90 28 1
66 12 3
141 124 4
2 113 1
24 87 4
5 106 2
100 74 4
20 47 3
101 38 1
64 48 3
55 26 4
63 97 2
148 105 2
33 15 4
135 58 1
120 149 3
129 116 3
46 114 4
14 125 4
91 30 2
38 59 2
138 8 3
120 45 1
38 125 1
45 78 3
70 94 3
80 47 3
43 17 4
120 1 3
33 71 1
44 72 1
124 49 2
40 63 2
98 109 4
91 20 2
125 145 4
100 59 2
123 75 4
70 148 1
109 113 1
137 125 1
139 136 3
119 51 2
95 43 4
105 30 3
60 126 4
23 42 1
90 95 3
58 64 1
137 17 3
71 86 3
123 83 4
117 40 2
135 98 4
108 12 1
130 122 4
122 69 1
80 130 2
105 16 4
135 144 4
79 40 2
146 5 1
73 112 1
106 115 4
97 19 3
142 120 3
28 34 4
88 109 2
35 84 1
94 107 3
149 86 1
110 125 3
71 42 2
25 51 3
104 108 1
49 35 3
120 47 2
17 122 2
37 15 3
11 149 3
29 123 3
72 47 4
92 128 1
52 20 1
22 51 3
10 73 1
117 140 4
56 127 3
88 3 2
109 25 2
76 82 2
7 37 3
76 22 2
80 60 3
20 13 3
10 123 3
44 16 2
146 99 1
55 104 1
71 139 1
59 139 1
53 57 1
18 39 4
41 64 1
95 55 1
27 21 3
135 81 2
75 21 4
97 125 3
84 13 1
116 18 2
41 29 1
138 49 3
80 105 1
16 113 4
126 40 4
46 62 4
18 104 2
79 3 3
86 4 3
32 17 1
97 122 2
45 64 2
89 134 1
34 12 1
23 144 1
134 61 1
138 25 2
12 7 3
52 115 3
126 121 2
61 131 2
21 143 3
138 148 1
118 139 1
105 124 1
14 69 3
2 133 3
0 146 1
115 42 4
4 92 1
96 91 2
65 17 4
31 108 2
52 11 1
80 52 3
2 110 4
30 78 1
29 115 2
122 32 2
119 9 4
77 46 2
1 30 4
80 133 4
51 59 2
10 1 3
82 112 1
101 58 4
107 63 3
17 133 4
35 32 3
42 100 4
96 94 1
81 86 1
2 97 2
40 145 2
78 68 1
146 84 2
79 38 2
32 20 3
7 125 3
131 71 1
51 113 2
115 113 2
121 52 1
60 49 4
73 16 3
11 84 4
120 19 2
136 29 4
23 68 1
91 134 4
19 116 1
53 18 4
117 120 3
115 58 1
84 44 1
55 79 2
85 44 2
3 50 2
149 101 2
47 32 4
141 41 3
58 100 4
69 72 4
86 91 1
145 143 2
55 1 2
9 106 2
124 37 3
101 124 4
39 53 2
42 95 4
113 33 4
82 92 2
140 148 1
133 25 4
134 84 3
86 117 3
122 137 3
140 131 2
80 27 4
99 55 1
66 18 4
115 117 4
21 71 2
36 41 4
149 47 3
86 9 1
55 10 1
115 15 1
97 127 1
84 82 3
91 36 3
36 103 3
121 5 2
122 87 4
72 37 3
68 114 2
104 95 3
68 118 3
80 66 3
51 19 2
113 57 3
60 62 3
0 91 1
3 118 2
6 29 1
36 95 3
142 61 4
67 130 3
46 116 4
122 142 2
131 63 2
120 148 3
75 30 4
135 112 4
117 90 4
115 55 4
93 42 2
40 35 4
33 92 3
68 117 1
19 145 3
33 62 1
2 85 1
43 72 2
142 39 4
52 9 2
8 123 1
132 112 3
52 43 4
77 86 3
94 126 1
116 127 2
78 122 1
124 50 3
28 100 1
19 86 3
137 106 3
61 100 2
65 118 1
122 72 2
113 93 4
117 19 3
88 101 1
32 146 3
149 22 4
110 15 3
111 2 2
94 115 2
31 115 1
104 122 3
107 67 4
75 26 2
38 15 2
1 78 4
29 12 4
119 8 3
58 19 1
77 61 4
7 36 2
118 35 3
62 42 2
132 88 3
99 148 1
63 49 2
105 94 3
73 50 3
133 93 2
132 1 3
4 98 4
134 46 4
21 33 3
9 109 1
56 12 4
95 126 1
143 14 1
129 144 4
121 107 1
38 118 1
23 131 3
145 20 1
31 17 3
138 20 4
47 148 2
8 83 1
96 10 2
14 19 3
27 116 1
56 37 3
84 30 1
94 52 1
114 116 2
33 111 1
41 68 3
114 98 1
142 17 2
54 113 3
31 16 4
119 109 1
75 77 1
93 138 3
138 71 2
16 121 2
41 90 4
68 29 2
146 116 1
103 147 2
84 14 2
44 110 1
13 108 3
127 128 1
41 76 2
71 145 4
78 140 3
143 94 4
121 64 4
11 92 2
56 30 4
12 35 4
127 129 3
34 89 2
13 129 2
30 104 2
18 112 3
30 88 2
60 1 3
63 16 4
134 37 1
105 59 1
52 76 2
48 54 2
66 6 2
146 59 1
120 102 2
91 78 1
32 0 4
61 109 2
119 16 3
14 100 4
40 110 3
132 149 4
141 5 2
34 5 3
72 126 3
95 34 1
84 17 1
90 107 4
120 70 4
148 87 2
28 98 2
73 5 1
96 110 1
138 9 3
70 75 3
39 98 1
55 19 3
127 95 1
133 20 2
54 91 4
78 20 2
78 138 2
62 52 3
132 13 2
145 142 2
148 16 4
100 43 3
129 124 2
122 143 3
49 109 3
132 43 3
91 118 4
128 87 3
146 35 3
39 48 1
80 23 2
42 128 2
12 67 2
110 54 2
76 77 3
92 70 3
44 59 2
90 47 2
49 69 1
48 35 1
75 32 1
104 130 4
131 129 1
141 100 3
24 38 4
104 149 1
117 59 3
0 33 4
111 7 4
149 1 3
50 94 1
24 63 1
97 43 2
78 59 2
123 91 1
21 130 1
60 102 2
83 48 2
57 141 4
10 83 3
117 131 2
142 78 1
139 53 1
18 90 1
79 133 2
5 32 4
144 88 4
75 112 1
37 107 1
39 54 4
65 122 2
77 0 1
142 130 4
6 135 1
49 114 1
144 3 1
65 26 2
34 63 1
117 122 2
30 115 2
148 118 4
121 135 2
100 149 3
34 148 4
66 107 1
5 120 2
52 72 2
12 55 4
81 32 2
134 103 4
27 44 3
61 28 2
83 77 2
135 11 3
118 43 1
113 130 1
122 74 2
120 2 3
65 111 1
128 54 2
75 64 2
50 27 2
137 70 4
82 132 1
3 102 4
36 38 1
139 47 3
71 31 1
147 21 1
29 75 2
26 51 1
59 49 1
4 108 2
72 97 3
24 104 1
25 23 2
73 95 3
68 61 3
104 14 2
0 45 2
143 141 4
37 147 4
98 15 3
111 58 3
148 50 3
38 120 2
133 112 4
41 48 1
4 121 4
100 65 3
134 8 4
63 15 2
76 106 4
15 85 4
23 8 2
140 121 1
132 7 4
73 72 4
135 1 3
46 19 1
121 137 4
114 17 1
102 65 4
92 117 3
48 23 3
103 4 2
27 91 2
66 74 4
64 14 2
13 38 1
127 1 4
63 103 3
141 142 4
67 144 1
93 89 2
17 69 4
114 13 1
124 75 2
129 43 4
119 141 2
1 63 2
141 70 1
111 141 2
98 79 3
101 143 2
4 46 1
26 78 2
53 123 1
70 21 4
34 23 3
47 34 3
55 91 4
107 112 3
30 24 3
137 7 3
142 121 4
25 36 1
35 98 4
57 9 1
61 144 3
78 67 3
50 30 4
108 135 4
113 70 1
132 130 2
128 95 2
8 57 3
12 90 4
90 20 4
60 147 4
109 35 1
2 3 1
5 89 4
112 32 2
84 114 4
75 24 4
139 44 1
22 107 4
7 32 3
106 123 1
134 101 2
104 100 2
114 93 3
86 51 1
31 30 4
30 16 1
21 32 2
7 17 2
80 82 2
149 98 1
115 129 1
50 8 3
113 105 1
81 1 2
6 31 1
7 101 1
115 41 1
56 134 4
118 70 1
76 139 1
22 128 3
21 127 4
17 47 4
122 95 2
149 109 4
68 146 1
4 33 4
142 9 1
15 79 1
33 5 2
34 115 3
91 144 4
22 16 1
74 120 3
19 135 2
100 137 4
44 74 4
69 127 4
128 30 2
121 124 4
16 123 4
117 51 1
54 106 1
138 59 4
24 103 3
0 148 2
45 115 3
129 27 4
32 14 1
55 74 4
80 132 3
29 120 1
43 119 1
104 137 1
125 84 1
58 54 2
23 92 2
111 47 2
117 133 2
45 133 3
118 42 4
99 108 2
89 77 1
4 74 1
3 57 1
73 32 2
147 93 2
84 147 3
9 102 4
72 2 2
109 68 4
12 105 2
148 98 2
120 131 1
24 113 3
92 127 1
14 27 3
36 86 2
79 110 3
147 130 4
140 119 3
56 123 3
67 40 4
95 35 2
26 67 1
131 28 2
90 114 3
122 146 4
2 122 4
143 96 3
14 16 2
50 134 4
85 46 4
146 89 1
4 21 3
116 144 1
92 86 2
88 142 4
54 109 1
121 130 3
113 123 4
135 27 4
115 17 1
56 29 3
56 49 1
108 100 3
14 133 4
103 68 2
9 113 4
24 21 4
90 138 2
124 98 3
119 60 3
86 63 4
4 68 1
144 79 3
8 78 4
118 134 1
32 72 1
69 0 4
77 143 1
14 48 4
118 16 3
80 31 2
5 64 2
15 39 3
133 95 4
78 146 4
96 66 1
84 132 1
3 8 4
119 92 1
23 149 3
58 20 2
21 112 3
149 92 3
94 21 1
133 12 2
28 123 3
43 125 1
148 42 1
97 5 3
55 113 2
127 80 2
148 60 2
96 26 4
72 144 1
111 120 1
93 140 2
117 17 3
1 46 1
50 35 1
98 59 3
7 84 1
71 32 4
44 47 4
97 126 3
37 47 3
136 82 3
36 8 1
3 84 3
12 137 1
3 65 3
110 59 2
83 142 3
87 5 4
121 80 3
28 18 4
13 140 3
132 116 2
96 131 4
50 64 1
104 87 4
103 109 2
47 67 1
92 78 2
106 142 4
3 9 4
66 148 2
48 67 4
37 100 4
147 56 2
20 109 2
30 44 2
127 90 4
84 46 1
104 112 4
147 2 3
129 86 4
62 15 1
121 106 4
25 5 4
62 35 1
19 125 1
26 106 3
135 50 2
63 75 2
138 47 2
11 115 2
55 4 4
33 46 1
34 143 3
96 114 4
40 114 2
143 66 2
9 135 4
91 114 2
125 119 1
108 17 3
11 85 4
130 51 4
39 80 1
18 12 1
145 112 1
5 10 4
98 96 2
116 82 2
67 8 2
128 70 1
41 106 2
26 68 3
88 107 3
111 86 1
50 131 2
19 67 1
19 71 2
47 95 4
62 53 4
115 136 3
139 127 2
69 43 3
91 64 2
134 41 1
37 97 2
12 79 4
26 40 1
74 23 4
2 49 2
25 142 4
77 38 2
87 38 4
85 75 2
95 9 2
12 16 2
26 25 1
94 48 4
85 45 1
106 109 3
106 32 1
47 8 4
16 55 2
140 97 3
142 75 3
17 73 1
11 142 1
21 101 1
20 27 3
33 83 3
113 31 2
64 95 3
140 114 3
108 101 1
131 121 3
4 10 4
32 8 4
2 98 1
81 67 1
138 68 3
37 76 1
4 113 2
105 43 1
22 1 2
103 110 3
10 57 3
126 50 1
147 142 2
28 118 3
33 80 2
32 124 3
142 113 1
82 5 3
116 111 4
70 108 4
5 63 1
141 96 3
39 145 4
108 143 3
85 78 3
88 49 3
47 14 2
21 9 2
8 80 1
75 109 2
44 34 1
114 70 4
7 133 2
124 60 2
118 17 3
64 113 4
21 104 4
96 115 2
21 114 1
101 27 1
36 55 2
41 137 4
38 50 3
74 57 2
149 147 3
73 81 1
77 60 1
133 15 1
8 142 3
107 11 2
5 115 4
60 30 4
128 147 4
108 25 2
111 0 1
92 83 4
40 98 4
137 78 3
107 9 4
51 1 3
56 99 2
94 146 4
109 16 4
126 113 2
91 19 4
138 122 4
36 146 1
28 126 1
102 136 2
77 14 2
4 63 1
133 77 4
121 139 4
40 72 2
139 119 2
78 80 3
16 54 3
103 113 3
78 14 2
23 128 1
68 71 2
16 3 2
139 65 3
68 55 3
102 35 2
83 76 3
15 96 4
140 107 2
124 63 1
81 122 4
106 24 1
69 32 1
22 94 3
135 54 3
28 72 2
42 2 4
93 49 2
30 22 2
50 14 1
22 133 3
135 34 1
66 140 4
7 144 2
11 60 1
10 8 2
89 149 2
93 119 2
80 17 1
135 2 4
42 86 2
29 67 1
142 48 3
137 56 4
26 104 2
25 7 1
69 21 4
50 146 4
149 33 4
32 31 2
2 26 4
139 93 2
134 76 4
22 84 4
79 141 1
116 48 4
19 129 1
32 63 4
148 20 4
5 129 2
144 99 4
94 59 2
40 17 4
10 128 3
90 148 2
147 136 4
110 60 4
66 136 3
48 29 1
25 77 4
49 103 3
37 98 1
147 127 3
110 12 3
4 28 3
126 39 4
83 125 4
47 79 2
107 1 2
0 117 2
125 27 2
53 137 4
53 35 4
27 70 1
13 85 1
106 79 2
7 102 3
9 56 3
89 107 1
118 21 2
143 9 4
133 28 1
124 40 2
82 100 2
139 95 1
56 11 3
65 140 4
5 103 1
23 106 3
136 114 3
24 148 4
119 18 1
149 5 1
57 70 2
52 146 3
135 117 3
5 43 3
104 106 3
65 53 1
31 124 1
92 21 2
95 1 4
108 20 2
49 133 3
27 144 4
54 92 2
110 45 2
129 147 4
95 25 1
25 140 1
103 21 2
91 88 1
96 78 2
134 130 2
121 87 4
52 38 3
89 48 4
22 47 1
88 124 4
133 97 1
136 100 4
129 117 3
23 138 2
68 111 3
33 102 4
22 109 3
111 115 4
69 109 1
132 29 3
20 36 3
24 119 3
48 7 2
81 21 4
40 39 1
91 141 1
29 111 3
57 126 3
41 89 1
17 104 4
98 20 2
10 65 3
29 102 3
6 120 3
74 147 2
82 85 2
5 11 4
22 85 4
68 134 2
141 46 4
147 28 2
124 72 3
48 121 2
138 101 2
71 105 1
143 104 1
115 93 1
77 109 2
8 71 3
47 19 2
147 34 3
34 27 3
127 55 4
32 82 3
80 96 2
138 135 4
106 77 3
65 71 1
108 38 2
111 3 1
24 5 4
33 32 4
99 78 4
82 99 1
97 100 2
100 20 1
55 106 3
60 104 4
75 147 4
93 22 2
88 12 1
23 111 3
128 118 4
130 101 4
93 29 1
91 41 1
78 42 2
127 23 2
99 44 1
127 79 1
84 113 3
148 77 3
75 16 3
58 24 3
7 120 4
96 41 3
10 22 4
59 10 1
104 144 3
60 111 1
46 121 2
62 148 1
148 69 3
142 35 4
98 70 2
2 58 3
70 87 1
43 101 1
37 66 2
23 140 3
121 101 4
48 118 3
40 18 4
6 96 1
115 120 1
31 27 1
101 29 1
30 39 2
134 64 4
39 107 1
74 30 2
68 56 2
22 36 3
37 88 4
50 137 4
47 10 4
60 5 4
117 96 1
28 132 4
123 98 4
123 138 2
27 108 2
33 59 4
62 41 1
143 41 3
149 31 3
126 71 1
108 137 2
45 95 4
44 128 4
30 82 1
93 125 1
101 80 2
139 12 1
146 7 1
32 149 3
18 54 3
61 97 1
121 82 3
94 73 3
45 94 3
133 4 4
96 135 3
85 132 1
96 58 3
96 134 4
30 8 2
51 53 1
29 140 3
68 83 4
15 135 4
122 92 3
146 105 1
117 105 2
149 87 4
105 115 4
64 107 4
148 135 2
13 77 2
23 78 3
10 135 2
8 125 2
149 146 1
18 33 3
129 18 1
77 74 4
13 117 4
115 131 2
132 66 4
123 50 4
54 70 1
24 19 4
42 48 1
50 92 4
53 83 3
37 80 1
92 16 4
147 27 3
83 58 3
53 99 2
58 7 3
13 19 1
94 99 1
108 83 1
44 60 4
121 128 3
70 49 3
3 85 1
64 21 3
104 133 2
74 13 1
128 62 3
107 72 1
125 44 2
52 91 3
67 15 1
38 66 1
47 43 4
104 117 3
138 124 4
92 90 2
58 4 1
126 115 4
50 2 1
60 18 2
95 116 4
7 106 1
43 116 3
101 73 1
63 99 4
92 77 2
77 114 4
2 138 3
135 47 4
63 70 4
149 55 4
141 67 3
143 93 1
67 64 1
67 21 1
84 98 1
145 126 2
121 143 2
133 84 4
128 144 3
80 38 2
22 114 2
83 0 4
71 118 3
64 138 3
67 35 2
5 58 3
52 18 4
53 3 4
131 38 4
51 4 4
74 35 2
79 29 2
52 145 1
105 98 1
45 124 2
30 27 1
110 136 1
95 113 1
127 81 2
121 104 2
132 58 4
17 129 3
87 46 1
30 69 2
59 91 4
21 20 3
84 140 1
75 66 4
30 142 3
39 128 4
2 62 4
132 47 4
128 80 2
7 98 1
14 58 4
13 42 2
94 66 2
43 51 1
18 7 1
4 18 1
72 86 4
22 123 2
1 88 2
6 25 1
92 147 2
0 142 2
94 13 1
144 0 3
95 27 2
108 59 2
51 106 3
89 103 3
84 136 3
2 69 1
70 97 4
74 143 3
44 80 1
3 12 2
78 75 3
35 85 1
74 2 4
126 8 4
117 22 3
76 17 4
134 36 2
132 93 3
39 100 3
145 43 3
6 117 1
53 75 1
75 140 3
39 7 2
12 0 3
86 99 3
45 37 3
89 30 2
106 141 4
129 97 2
84 95 4
113 25 3
28 41 4
49 115 1
110 102 2
73 58 1
82 106 4
99 40 2
106 86 3
47 125 4
44 23 3
52 35 1
76 30 3
18 13 1
94 5 4
120 95 1
20 123 4
46 44 1
65 7 4
35 104 2
128 36 4
71 18 1
113 1 4
92 24 1
123 58 4
12 136 4
138 22 2
33 13 2
129 15 4
72 15 4
34 96 3
127 57 1
82 41 4
54 7 1
10 146 2
100 134 3
23 41 3
71 10 3
3 97 1
47 87 3
90 44 2
51 115 4
24 88 1
33 117 4
52 73 1
71 9 3
37 36 1
82 95 2
131 16 3
123 65 3
111 44 1
9 112 1
110 99 4
127 64 1
133 54 4
10 106 3
123 61 3
124 92 3
126 34 3
113 15 1
67 45 1
130 52 2
14 97 2
82 149 2
23 107 4
52 82 4
127 26 1
57 40 4
42 127 2
94 88 1
148 143 3
71 125 1
21 124 4
125 128 3
46 27 1
147 125 4
67 34 4
21 139 3
60 35 1
100 85 4
56 23 2
95 48 3
112 149 2
50 81 1
74 91 1
107 49 3
108 51 1
91 138 2
74 19 3
111 55 4
40 146 4
99 13 3
135 119 3
74 56 1
126 5 1
142 22 1
131 80 3
148 108 1
127 120 2
132 36 4
88 15 1
81 140 2
4 26 1
51 78 3
23 87 4
135 80 2
126 108 3
128 0 1
78 107 3
107 115 3
57 44 1
144 114 1
15 138 1
0 140 3
37 79 3
133 11 2
90 135 2
64 7 3
44 55 4
141 2 3
83 32 4
94 86 1
91 117 1
29 70 4
67 17 2
36 101 4
17 0 2
35 22 3
11 38 2
135 63 1
98 55 2
28 9 2
139 108 4
39 8 4
49 39 4
109 17 4
93 47 3
54 36 2
137 69 4
0 37 3
68 92 4
25 9 2
146 135 3
42 32 1
37 137 2
79 82 1
76 61 4
11 59 4
109 67 2
87 76 2
78 101 3
60 38 2
76 122 1
88 23 2
25 43 3
117 126 1
72 117 1
81 104 1
50 140 4
13 35 1
11 67 2
71 22 4
66 146 4
137 145 3
114 107 4
42 69 1
91 56 1
91 124 4
131 40 3
104 2 3
71 67 4
48 37 3
77 105 2
109 29 4
132 68 4
149 119 1
62 142 1
86 97 2
127 148 4
58 67 4
141 60 1
8 139 4
94 85 2
142 2 2
139 61 4
78 3 2
137 32 4
86 38 3
14 98 1
99 9 3
99 125 4
72 56 1
23 27 1
94 84 3
48 145 1
15 52 1
88 75 3
52 144 4
78 77 1
38 110 4
52 12 2
146 139 4
18 51 4
10 118 3
120 78 3
95 21 3
84 148 1
112 38 1
84 137 2
2 64 4
50 93 1
120 33 4
69 26 1
78 48 2
35 107 1
102 63 4
19 124 4
39 63 1
110 105 4
4 79 4
47 147 4
23 105 3
60 55 1
44 65 2
134 140 1
122 73 1
73 115 1
100 63 3
121 22 3
77 73 4
24 78 4
69 100 3
86 107 4
84 108 4
56 133 1
8 75 4
73 140 3
121 20 4
125 142 2
44 17 3
129 46 4
123 114 4
55 52 4
76 138 4
126 6 3
6 87 1
23 19 4
54 46 3
138 82 2
22 15 3
85 140 2
141 97 3
134 93 4
44 26 2
96 108 4
43 94 2
51 93 1
20 6 4
86 121 3
145 66 1
65 74 1
111 96 4
79 124 1
116 42 3
117 61 1
8 11 1
23 15 4
52 3 3
91 40 3
133 81 3
112 122 2
114 34 2
127 73 1
80 79 3
123 102 2
11 89 1
95 18 4
19 60 4
90 3 2
115 91 3
18 65 3
105 119 1
134 138 2
13 141 3
81 112 3
46 49 2
110 70 2
39 105 4
84 123 4
48 36 4
83 2 3
55 42 4
29 142 1
117 36 4
104 71 1
135 38 1
13 51 4
60 100 4
12 149 4
10 29 2
8 98 4
17 112 2
102 10 3
22 146 3
105 50 3
125 98 4
60 50 3
35 63 3
28 53 3
44 91 4
148 113 2
92 121 4
102 87 2
146 48 1
29 87 1
85 127 3
143 1 1
149 99 1
81 107 4
63 109 2
15 36 1
91 10 3
39 148 2
66 131 1
41 112 1
81 110 4
74 108 3
109 125 2
145 16 3
134 137 3
30 62 2
30 137 1
71 92 4
46 3 3
121 59 2
112 47 1
51 97 2
134 70 3
85 126 1
35 103 4
27 87 4
9 136 3
88 52 2
80 36 1
2 79 1
31 128 1
103 140 1
144 126 2
36 125 2
10 20 1
73 119 4
4 49 2
38 72 4
146 19 4
28 8 2
80 147 4
35 14 3
94 71 3
132 118 3
120 86 1
103 15 1
55 90 3
129 146 2
76 19 2
52 51 2
83 141 3
56 50 2
4 71 2
5 95 3
47 92 4
24 115 3
56 85 3
86 130 1
20 8 2
89 47 3
28 44 4
139 13 1
11 30 1
72 29 3
109 133 3
50 145 2
122 131 4
96 138 4
93 9 4
71 129 1
92 56 4
99 19 1
96 109 3
28 104 1
142 53 2
43 44 4
146 24 1
87 75 2
114 94 4
69 95 2
23 102 1
96 124 1
27 71 1
147 19 3
25 17 4
5 49 4
87 132 2
64 76 3
61 22 4
4 37 4
90 75 1
47 11 4
56 60 2
76 2 4
0 9 2
80 51 3
41 1 4
129 118 4
107 59 2
26 19 3
43 82 3
119 5 3
37 67 2
32 77 4
129 8 3
129 143 4
57 5 4
46 131 1
141 120 2
130 18 1
48 50 4
66 40 1
129 137 4
1 38 1
42 60 2
74 21 2
66 102 1
59 79 2
43 124 3
13 39 2
144 85 4
38 19 3
40 30 3
124 14 2
80 57 4
25 89 4
115 60 1
133 126 2
132 137 1
149 15 4
108 125 3
30 72 2
124 73 3
86 136 1
104 15 3
1 124 1
1 47 2
107 82 1
146 62 1
129 105 4
129 9 1
5 137 4
51 71 3
82 16 1
75 0 1
3 54 2
124 28 3
29 116 3
7 126 2
106 95 2
49 18 2
103 22 1
64 22 1
127 117 3
37 105 1
105 57 1
42 142 4
82 56 3
105 139 4
143 80 2
134 43 3
46 2 3
62 94 1
122 50 2
127 16 4
42 20 2
5 104 4
129 66 1
27 124 1
69 22 1
78 105 1
127 123 2
95 94 3
23 31 1
40 76 1
104 20 1
54 44 1
123 19 1
80 106 3
138 73 1
40 1 4
93 56 3
53 23 4
129 65 2
131 4 3
148 41 2
45 38 1
98 147 2
3 81 4
93 78 3
53 40 3
133 121 3
19 102 1
57 99 3
146 140 2
38 10 1
59 30 4
19 138 4
0 88 3
122 108 2
7 63 1
132 113 3
85 97 2
14 87 4
68 73 4
2 86 3
40 104 2
110 8 1
9 132 4
0 44 1
20 140 3
127 66 4
1 106 2
142 92 3
147 46 4
127 141 3
99 90 2
11 50 3
2 84 4
57 133 1
98 18 4
9 134 4
39 24 2
109 39 3
79 27 1
89 61 3
13 149 2
10 41 4
57 58 2
15 119 3
105 147 4
90 48 4
44 131 3
126 130 3
3 96 1
34 16 3
100 84 1
126 143 3
79 26 1
100 7 3
25 100 2
69 71 2
2 134 3
83 66 4
143 140 2
26 93 1
53 86 2
140 59 2
45 118 2
2 45 2
88 46 4
114 45 4
102 105 3
107 122 1
3 99 3
34 60 1
110 78 3
146 141 2
86 113 3
90 130 1
33 30 4
40 96 3
147 40 2
95 117 4
4 66 3
106 149 4
128 81 2
140 71 1
80 148 2
1 76 1
120 121 4
58 0 4
122 42 2
129 101 4
88 74 4
3 51 3
117 123 3
106 12 3
71 97 3
73 100 4
23 126 4
14 113 2
30 107 1
22 73 3
93 117 2
2 129 1
149 19 1
23 13 2
34 45 2
119 100 4
18 0 1
129 45 1
130 79 4
87 138 4
51 123 4
132 136 2
134 142 3
13 9 1
51 21 2
99 116 4
49 122 2
103 86 2
87 65 1
13 147 1
60 10 4
131 135 3
112 35 2
17 52 4
50 22 3
146 58 3
128 124 4
24 131 3
132 115 3
24 128 1
51 31 1
43 111 3
114 89 3
91 34 2
60 33 3
60 135 4
34 90 1
42 47 3
31 103 2
33 47 3
53 70 1
103 39 2
59 25 4
148 33 1
16 72 2
47 107 4
54 27 4
53 24 4
141 103 4
9 85 2
34 58 1
120 44 1
147 94 4
0 72 3
18 122 3
74 29 4
39 127 4
11 40 1
41 133 4
19 70 4
25 50 4
136 81 1
94 25 3
146 131 2
140 41 1
34 124 3
37 26 4
128 69 1
82 120 3
133 3 1
2 37 2
53 113 4
79 14 1
68 91 2
130 36 1
58 131 1
42 85 1
97 142 2
27 111 2
1 15 2
7 2 3
132 102 1
36 6 2
55 146 1
83 46 1
78 29 3
86 139 2
110 112 1
1 90 3
142 99 1
147 102 2
118 40 2
95 20 4
6 70 3
49 31 2
74 53 4
142 37 4
93 81 4
5 54 4
57 91 4
90 78 3
62 93 2
73 12 2
3 129 3
52 122 2
83 71 4
7 13 3
59 67 2
102 28 1
102 70 1
84 127 2
4 16 1
2 78 2
149 46 4
89 14 1
30 101 3
33 9 3
114 26 2
57 111 4
74 123 3
50 128 4
50 133 3
80 4 2
54 25 3
127 112 3
54 89 2
101 17 3
117 103 1
9 88 1
124 99 1
10 130 1
51 23 3
38 41 2
124 9 2
20 143 1
12 69 4
100 125 1
1 125 3
67 90 4
38 5 1
148 49 1
102 85 2
35 69 4
29 1 4
27 47 4
78 104 1
66 109 2
147 67 4
47 45 3
6 45 4
147 32 1
40 60 3
27 0 1
15 124 1
24 16 3
124 65 3
37 61 3
73 130 3
80 111 4
25 110 1
59 106 3
99 2 1
20 128 4
51 16 4
128 26 4
110 128 3
66 19 2
23 147 3
28 64 1
20 66 4
75 92 4
99 37 4
59 15 2
22 44 3
125 22 1
30 79 4
3 105 4
31 139 3
32 87 1
30 111 3
81 25 1
22 27 1
135 137 3
2 146 1
115 103 3
75 9 2
98 66 4
121 144 3
94 1 3
141 75 3
48 114 1
38 67 4
113 79 3
99 52 4
64 3 1
142 69 2
101 44 1
141 109 3
25 46 3
99 139 2
71 75 3
32 96 2
52 97 1
65 132 3
5 51 4
117 99 4
18 106 2
59 85 2
16 117 1
137 101 1
139 45 3
34 138 1
27 53 4
100 5 3
142 140 3
49 90 2
92 137 4
114 125 4
148 32 2
108 121 2
57 75 1
99 134 3
5 30 1
30 37 4
52 50 4
15 12 2
62 141 1
77 141 3
41 78 1
119 144 1
18 70 2
82 142 2
30 117 4
87 15 4
115 53 3
81 72 3
67 137 2
110 120 3
148 55 4
94 14 3
10 133 3
149 122 1
92 146 1
64 26 3
56 1 3
132 109 3
93 39 2
24 20 3
133 6 1
23 135 1
130 129 3
132 131 3
52 45 2
81 85 1
32 84 4
37 60 4
82 7 4
42 108 3
105 95 4
140 48 1
91 12 3
102 146 3
104 74 4
146 39 1
70 105 3
69 73 3
84 97 4
144 139 4
56 101 2
29 146 1
81 98 1
104 148 1
61 44 4
0 138 4
118 18 2
52 57 4
121 93 1
145 111 1
103 91 4
26 94 3
39 76 1
9 115 2
111 89 2
34 84 3
17 55 2
95 114 3
11 113 4
110 98 3
63 71 4
87 93 2
3 100 4
139 94 1
11 28 2
142 119 3
15 0 1
111 24 3
36 102 4
4 19 3
108 107 4
25 42 3
42 90 4
139 37 1
82 22 2
29 57 2
137 124 4
90 54 4
64 62 1
17 6 2
18 103 2
117 12 4
95 115 3
29 52 4
72 55 3
15 139 1
136 98 3
110 87 3
40 61 4
134 122 2
96 106 1
133 99 3
113 110 3
92 87 1
143 36 1
130 114 1
6 74 1
28 47 1
92 116 4
4 101 1
26 22 2
8 64 4
112 0 3
117 76 1
45 22 2
76 31 1
114 149 3
144 127 4
37 3 2
46 123 3
49 146 3
57 33 1
144 105 3
54 28 4
22 126 1
69 7 2
80 144 1
7 27 4
83 21 4
100 47 1
101 144 3
36 53 3
128 76 3
68 148 3
100 131 1
3 42 4
120 63 2
28 120 1
93 97 2
39 140 1
105 13 2
144 21 4
49 20 1
58 30 3
8 66 1
26 132 2
66 124 4
58 41 3
136 49 1
14 135 2
30 121 3
67 85 1
61 63 1
0 105 3
110 75 2
135 136 2
142 73 3
36 79 1
31 120 4
20 35 3
10 11 4
121 6 3
128 133 3
95 149 3
148 3 3
41 83 3
72 84 3
52 117 3
96 75 2
50 141 1
142 148 4
121 90 3
125 136 4
149 14 1
81 108 1
81 40 3
30 41 3
145 86 3
64 9 2
77 53 4
85 79 3
41 55 2
97 123 1
73 18 2
97 54 3
47 137 2
84 28 3
37 43 1
112 54 4
139 10 3
147 52 4
129 128 3
130 5 4
80 53 3
144 131 3
53 25 1
10 9 1
7 141 3
36 145 2
116 94 1
142 93 4
144 124 4
83 143 3
29 24 3
12 64 1
45 89 3
62 110 1
119 6 3
57 131 3
58 89 3
43 114 4
42 34 3
122 40 2
141 122 2
144 133 4
83 110 3
111 135 3
36 1 1
136 23 3
55 141 2
65 14 1
149 66 2
127 36 2
4 60 1
118 149 3
10 93 2
23 130 1
86 110 1
65 107 4
132 33 1
9 110 1
145 70 2
107 10 3
74 28 1
2 23 4
143 103 3
95 99 2
66 45 3
94 131 2
109 101 1
7 88 4
65 36 1
71 57 1
128 56 3
127 142 4
126 4 1
55 28 1
10 100 1
111 137 1
109 78 3
44 109 1
144 45 1
36 63 1
116 31 3
15 9 4
82 139 4
37 101 2
124 119 1
116 122 3
21 46 4
22 129 4
73 54 3
87 115 1
81 105 1
118 67 1
130 24 2
72 76 2
7 112 2
59 87 2
73 128 4
41 45 1
13 88 2
46 14 4
145 72 4
121 149 2
139 104 1
4 15 2
41 126 4
94 39 3
30 140 2
82 111 4
7 143 4
25 47 4
24 105 4
51 41 1
59 46 2
97 35 2
80 30 2
67 43 3
127 133 1
48 108 4
0 120 1
6 32 2
88 147 3
23 37 2
73 134 4
24 90 2
99 12 3
98 47 2
50 103 2
143 2 1
87 143 1
52 47 1
88 97 2
59 123 1
72 105 3
13 29 4
87 83 4
48 138 3
133 91 3
71 95 1
144 95 2
39 43 2
125 117 1
46 139 2
31 82 1
9 72 3
141 144 4
85 4 4
145 103 3
145 107 3
36 68 3
48 85 3
102 4 1
24 72 3
136 131 1
46 8 3
66 46 4
60 58 3
92 129 2
129 57 3
36 83 2
72 89 2
23 45 1
24 98 3
49 147 2
106 114 1
62 56 4
97 119 1
31 62 1
23 72 3
10 24 4
49 9 2
73 79 2
120 94 2
148 1 4
145 108 2
96 36 2
94 31 4
1 144 1
68 7 3
31 92 1
46 112 2
119 30 2
92 95 3
58 18 4
30 55 1
118 46 1
136 54 3
3 13 2
11 2 4
12 27 1
12 10 4
146 120 4
120 60 4
22 118 1
7 24 4
8 29 1
18 89 2
53 102 2
12 58 4
119 101 3
41 129 4
38 141 4
59 5 2
6 63 2
50 61 3
9 114 3
21 134 3
90 4 3
131 25 1
102 17 3
26 54 1
88 36 2
111 123 4
149 71 1
78 65 1
62 127 2
143 44 3
17 50 1
110 6 4
121 17 3
60 74 1
124 82 2
8 132 2
94 41 4
47 82 2
92 61 3
64 142 3
130 13 4
121 100 4
57 63 1
85 87 1
89 125 4
127 18 1
65 67 4
138 121 4
72 118 4
5 91 4
40 14 4
112 148 3
106 27 2
52 56 4
22 66 4
45 137 4
31 45 2
77 58 1
139 96 1
122 5 3
45 65 4
18 77 2
49 52 1
127 121 2
74 51 3
39 26 4
75 129 4
90 87 1
136 133 2
77 42 2
59 74 4
30 9 4
35 141 2
31 18 2
62 129 4
13 145 3
47 102 3
26 118 1
42 139 3
62 136 4
21 141 4
104 113 2
48 51 4
143 120 2
118 7 4
124 127 1
13 4 2
9 96 3
28 67 3
135 77 3
142 58 4
144 84 1
142 129 4
101 8 2
103 45 3
117 142 3
75 108 2
54 14 2
103 14 3
100 31 1
6 132 1
26 34 2
23 104 4
67 84 1
113 26 2
84 99 3
105 45 3
142 74 1
86 21 2
17 79 4
67 120 2
115 0 3
66 76 2
144 100 2
47 74 2
145 1 1
53 117 2
117 41 4
28 57 4
1 69 4
110 133 2
34 73 3
48 96 1
1 11 3
96 21 3
4 97 1
23 100 1
22 78 3
112 64 2
71 36 1
18 74 1
80 103 4
110 5 3
36 3 3
127 71 3
99 42 2
20 74 4
72 109 2
84 59 4
101 128 2
91 2 4
92 42 1
134 52 2
74 41 3
8 111 3
64 29 2
51 2 3
93 15 2
88 140 2
23 85 3
39 90 2
72 147 2
34 50 4
53 101 2
54 10 1
80 35 1
13 119 2
48 84 3
122 55 4
2 1 4
25 86 2
141 22 4
27 55 2
0 78 4
114 62 4
140 7 4
41 132 3
92 7 2
34 80 2
4 27 3
36 147 4
111 71 4
103 19 1
50 121 3
104 68 3
23 28 4
77 7 2
149 140 3
127 89 2
81 95 2
20 55 1
54 87 3
120 139 2
137 91 1
83 49 3
20 31 4
74 64 1
58 1 4
115 6 4
83 70 1
32 88 2
68 15 4
92 88 1
31 53 1
24 132 4
132 74 3
80 119 2
127 4 4
86 64 4
76 141 2
50 117 2
119 14 3
70 8 4
75 121 1
53 22 1
60 71 4
70 65 4
109 82 3
41 49 4
129 122 2
56 47 3
35 3 3
34 20 4
76 143 3
44 50 2
121 97 3
30 68 3
36 140 4
14 105 2
147 26 4
148 89 1
29 11 1
126 48 2
98 132 3
122 128 2
105 84 3
2 4 3
74 33 3
63 64 4
109 57 3
78 114 1
103 16 2
64 15 1
148 61 3
47 145 4
96 55 1
57 55 3
109 117 2
55 33 2
140 83 1
59 147 4
82 135 4
117 5 3
3 18 1
53 54 2
10 28 3
2 131 3
108 11 3
104 132 3
104 114 1
87 48 4
102 107 3
37 130 2
4 7 2
92 103 1
33 8 3
18 38 1
102 77 2
14 111 3
49 123 2
109 32 3
75 131 3
86 148 3
72 71 3
24 86 4
112 77 4
121 148 4
104 57 1
42 56 2
114 120 3
76 147 1
80 110 4
114 33 1
113 8 1
128 103 1
67 127 1
136 0 3
22 99 2
28 62 3
143 134 4
71 50 1
59 76 4
37 148 4
92 1 4
102 113 4
62 36 4
97 9 4
59 7 3
47 126 4
138 17 4
70 2 2
46 60 2
7 136 3
71 58 1
137 66 4
2 40 1
92 28 1
102 42 4
46 78 3
98 6 1
94 57 3
22 91 4
130 55 1
45 96 4
3 33 3
47 86 1
80 24 2
4 118 1
83 90 3
103 64 1
131 89 4
12 146 4
8 2 1
102 0 1
119 46 4
16 1 3
18 10 3
15 134 3
144 37 1
77 20 2
113 118 3
140 98 3
67 72 3
36 114 3
71 13 3
125 45 3
75 113 1
35 36 4
117 62 4
103 72 3
30 132 4
43 121 2
109 48 3
130 50 4
68 64 1
61 39 3
14 95 4
68 35 4
36 139 4
110 49 3
88 20 1
96 88 4
57 92 4
46 79 1
13 81 3
27 51 1
63 136 3
89 128 4
43 18 4
46 120 1
11 14 2
143 25 4
89 143 2
72 82 4
123 70 4
122 139 2
44 112 4
60 89 2
41 54 3
124 134 3
20 33 4
124 140 4
145 102 4
143 72 3
4 111 1
86 122 4
81 33 3
81 88 4
131 137 3
36 21 1
96 79 1
5 35 3
83 81 4
78 66 2
84 51 3
42 52 4
77 23 1
137 9 4
42 141 3
23 91 1
79 58 2
85 101 3
39 129 2
10 21 1
136 10 1
48 133 1
29 128 4
127 104 4
96 5 2
9 16 1
92 55 1
106 145 2
115 14 3
138 119 1
128 46 4
61 111 1
146 134 1
31 104 2
78 56 4
92 59 2
80 74 4
12 72 3
111 66 3
49 141 3
51 14 4
125 63 2
14 74 1
109 4 4
49 144 3
47 143 4
90 86 3
122 77 2
120 69 1
10 142 2
92 72 4
101 24 1
117 56 1
112 95 2
73 47 2
116 17 3
91 21 3
37 73 3
118 25 1
34 25 3
62 126 1
29 82 4
122 61 4
37 69 1
23 109 2
58 147 4
129 1 4
34 127 3
80 2 4
131 64 2
58 46 1
116 61 1
73 116 4
58 35 2
16 87 4
84 70 4
27 39 3
69 89 1
123 118 4
3 62 3
68 145 1
23 117 3
61 48 4
25 90 2
98 86 1
30 130 4
97 147 3
148 45 3
100 132 2
118 24 2
46 9 4
59 130 2
97 49 1
107 110 3
130 44 2
35 31 4
14 20 1
138 75 1
37 46 1
126 80 4
144 75 3
99 11 4
109 43 2
37 86 2
124 143 3
122 22 2
122 15 1
95 77 4
16 50 4
114 2 2
9 146 2
83 80 4
53 34 4
82 143 2
136 74 3
143 60 3
121 15 1
27 5 4
44 149 1
116 76 2
90 143 1
70 78 4
110 34 4
56 33 4
53 92 1
106 87 4
86 69 1
134 58 3
73 1 3
139 109 3
92 80 4
68 125 4
33 139 1
101 99 1
45 61 1
64 27 1
84 39 2
100 146 1
121 37 2
52 116 4
33 35 2
84 49 2
147 11 4
84 58 2
72 36 4
101 13 2
39 44 3
134 57 1
50 67 4
33 14 2
41 135 4
121 111 2
95 7 4
2 106 4
4 122 2
98 145 1
23 108 3
28 85 3
29 144 1
29 96 4
12 113 3
83 43 2
63 80 1
34 2 3
52 95 3
41 93 3
60 105 3
47 4 3
127 14 3
11 94 2
5 14 4
139 81 1
55 75 1
62 81 1
65 82 2
95 30 2
85 51 3
66 97 4
69 8 1
87 49 3
29 69 3
12 129 3
19 45 3
88 117 3
108 90 1
126 116 4
7 52 4
100 129 3
115 26 2
127 107 3
82 88 4
2 101 2
100 49 2
123 17 4
86 3 3
57 7 1
13 8 3
82 134 3
65 41 3
96 19 4
15 17 1
31 91 2
111 136 4
34 35 2
29 43 2
61 8 3
11 66 3
98 52 4
114 115 2
131 83 1
8 147 3
90 126 1
29 9 1
31 147 1
92 26 1
7 29 1
24 149 2
50 53 3
16 146 1
149 62 2
11 93 3
99 29 4
60 133 4
89 2 2
76 53 3
40 94 1
147 44 1
56 2 3
120 40 2
13 15 1
22 96 3
94 63 1
17 30 1
90 144 1
143 78 4
16 101 3
129 63 2
47 88 4
123 108 3
63 115 1
136 19 2
30 66 3
90 76 3
86 135 2
145 78 1
123 115 4
16 114 3
40 74 2
90 94 2
81 42 3
79 128 1
108 45 2
67 104 3
111 19 3
25 105 2
60 92 2
127 149 2
37 96 2
106 127 2
4 43 3
9 128 3
148 94 3
111 74 2
95 59 3
27 35 3
99 128 4
39 66 4
92 46 3
106 78 4
95 13 1
148 30 1
28 27 4
26 140 3
114 142 2
96 56 1
122 111 2
108 6 2
32 27 4
147 95 3
138 88 3
38 4 4
70 58 1
16 149 4
81 82 2
120 59 1
132 108 4
53 67 2
11 98 1
111 100 2
16 128 4
72 112 2
1 138 2
119 89 2
84 143 2
74 139 3
77 118 1
136 31 4
149 113 2
38 34 2
85 98 3
100 80 3
138 33 2
149 20 4
41 7 4
27 57 1
114 80 1
147 131 4
21 111 3
47 59 2
127 146 3
113 125 4
13 106 2
128 65 4
30 108 4
38 96 4
104 27 2
30 28 2
2 127 1
70 149 4
45 97 2
112 43 4
109 19 4
12 47 3
147 10 3
100 91 1
54 71 2
97 36 4
148 12 1
65 81 3
101 70 1
65 25 4
15 76 2
74 1 1
61 86 3
104 136 3
76 114 1
4 22 1
21 45 4
105 79 1
79 68 4
69 114 3
100 72 1
3 106 2
82 19 1
72 139 4
28 136 4
48 147 1
2 20 4
90 46 2
126 93 3
66 64 2
24 117 3
130 64 2
134 13 3
6 68 4
146 148 2
69 135 3
109 136 1
130 35 3
16 102 4
137 63 2
4 14 2
101 81 4
76 133 3
55 71 3
85 123 1
149 124 2
144 5 1
122 8 4
74 36 3
2 43 4
6 82 4
70 10 4
138 133 2
101 120 2
98 65 2
53 37 4
87 44 2
106 138 4
82 37 1
118 49 4
26 148 3
102 18 3
14 25 4
140 89 2
20 38 2
49 125 4
7 90 4
108 116 2
70 59 3
71 148 2
142 79 4
77 96 4
89 82 4
47 26 4
108 65 3
76 65 1
91 72 2
118 80 2
132 90 1
15 132 2
97 118 3
103 65 4
65 126 2
110 104 4
102 12 3
35 56 3
5 19 3
140 144 4
136 17 3
32 101 1
129 90 1
136 39 2
51 121 1
10 76 4
42 129 2
143 88 4
67 57 2
43 96 2
57 56 1
68 69 2
11 127 1
114 37 3
97 98 1
107 16 1
110 39 3
101 3 4
66 23 2
114 39 1
44 7 4
38 47 4
5 31 4
80 98 3
94 18 2
144 106 3
102 117 4
25 57 4
52 110 3
112 3 4
91 104 2
50 33 4
42 44 2
111 88 1
136 73 4
24 89 2
62 27 1
101 79 1
109 45 2
126 135 2
41 80 3
55 65 1
87 69 4
96 18 2
80 54 2
72 115 2
87 4 1
149 51 4
51 109 2
50 99 2
20 30 4
134 22 1
12 63 3
115 47 1
2 18 2
55 142 2
116 34 4
20 43 1
123 92 2
71 99 4
127 44 2
11 24 2
59 3 1
96 25 2
31 54 1
92 51 4
74 42 1
17 98 4
8 6 3
112 11 2
135 7 4
61 29 4
140 113 4
115 144 2
11 126 3
113 68 2
35 94 4
30 43 4
92 74 2
57 50 1
82 63 1
18 42 2
95 98 4
60 132 1
12 22 1
8 42 2
10 3 4
2 21 2
86 0 1
50 70 4
104 39 2
69 96 3
32 131 4
91 67 4
125 92 2
78 139 3
30 73 2
145 3 3
130 112 1
83 132 2
34 137 3
106 49 2
54 125 3
110 4 2
73 71 3
45 43 2
45 100 4
62 79 1
30 123 1
56 75 4
141 11 2
9 18 3
7 113 2
74 95 4
22 74 1
17 28 4
110 1 4
96 140 1
56 86 2
37 103 2
117 29 3
32 80 1
38 84 4
64 106 4
50 79 2
77 36 1
53 108 4
9 8 3
128 1 4
73 26 3
92 8 1
69 113 3
143 128 2
121 40 1
11 143 4
40 50 1
137 58 3
124 61 3
49 92 3
57 17 3
94 23 3
90 85 4
51 102 4
91 25 1
112 62 4
6 140 3
88 116 1
129 36 4
26 14 2
22 59 3
95 125 2
138 136 2
15 56 4
40 6 4
67 92 1
34 32 1
26 120 1
136 36 1
111 20 3
109 55 1
7 78 3
149 41 3
24 102 2
144 149 2
3 126 1
72 6 1
131 110 1
144 36 2
25 87 3
95 38 3
7 34 4
105 120 4
46 13 4
46 69 4
86 79 1
122 20 4
149 94 3
60 136 1
115 134 4
126 64 1
88 118 4
101 33 4
23 54 4
127 113 4
89 94 3
119 57 1
80 7 2
106 112 2
101 72 2
122 110 2
15 44 3
123 145 2
120 147 3
49 116 2
77 104 1
77 26 2
2 102 3
7 28 1
30 4 1
116 24 2
125 70 1
139 83 3
142 27 1
25 0 2
34 76 4
29 38 4
119 1 3
88 65 4
137 46 3
39 78 2
107 76 3
48 93 1
142 95 1
28 31 3
26 131 3
136 32 1
51 72 2
112 22 2
6 35 4
57 135 1
146 47 4
18 128 4
38 61 3
47 117 4
45 30 2
32 120 4
102 30 4
100 96 1
41 120 1
29 95 4
69 39 3
42 10 2
126 136 4
7 70 3
30 61 1
77 128 4
48 105 2
33 121 2
5 29 4
67 148 1
1 0 4
102 130 4
118 61 2
31 84 3
2 29 2
36 0 1
131 60 2
63 8 4
144 58 1
60 117 1
96 133 4
30 67 3
59 113 2
34 71 2
69 118 4
12 89 4
35 17 3
8 18 3
36 42 1
70 36 2
112 144 1
60 144 3
109 85 3
33 124 2
16 83 2
53 32 2
100 115 3
47 96 3
40 89 2
135 132 2
87 66 4
60 16 4
136 16 1
69 140 2
104 7 3
73 129 3
80 134 4
114 133 2
13 146 4
77 91 2
133 85 3
87 145 2
15 112 4
35 137 1
116 102 1
20 102 3
6 92 2
38 149 1
25 141 2
92 37 2
128 135 1
68 142 4
58 85 4
59 45 4
131 51 1
100 114 3
47 76 2
132 11 1
60 86 4
80 70 3
43 36 1
31 8 4
79 1 1
20 136 2
102 14 3
32 29 4
102 41 1
27 61 2
2 126 4
131 84 2
70 37 4
143 70 4
104 125 2
134 78 4
68 143 1
7 67 3
123 31 4
130 1 2
83 89 2
130 115 2
38 99 3
7 131 4
126 29 4
131 11 1
126 0 2
19 115 2
78 128 2
59 48 3
47 136 4
118 30 1
17 96 2
114 110 1
124 47 2
105 116 1
102 56 3
33 145 3
33 135 2
47 63 4
26 124 3
138 40 4
55 11 4
35 78 2
11 123 2
124 17 3
38 54 1
146 18 1
81 63 4
26 130 4
74 32 1
33 108 4
63 110 1
39 35 3
62 91 1
114 137 4
112 129 4
50 36 3
14 30 2
54 138 1
99 88 2
127 7 4
55 82 4
46 43 2
16 122 4
6 81 2
9 139 1
111 35 4
22 2 4
83 136 2
137 68 1
86 138 3
34 149 3
144 46 2
64 89 4
27 88 1
57 54 2
35 44 2
136 71 2
11 63 4
82 59 3
133 70 2
40 77 4
76 4 4
54 69 1
17 134 2
26 83 2
23 143 3
113 101 2
107 33 1
68 108 2
29 46 4
75 61 1
42 133 3
122 85 4
0 131 3
88 8 1
102 137 2
142 50 3
7 49 4
44 21 1
5 83 2
48 125 4
142 65 2
133 92 3
107 31 2
112 68 2
56 94 1
37 14 4
38 2 2
7 117 4
44 79 4
129 72 3
91 37 2
12 9 2
4 62 1
37 129 4
67 54 1
73 63 4
7 53 2
8 105 3
121 116 1
133 58 4
101 139 3
59 55 1
30 114 3
87 62 1
124 94 3
90 110 3
122 90 4
95 12 2
67 5 1
118 142 3
95 54 3
75 40 1
122 100 3
105 2 1
100 109 3
132 71 1
85 62 2
120 51 1
137 54 2
60 88 2
12 49 4
99 81 4
98 21 3
25 92 3
12 44 3
31 4 4
9 14 1
79 28 2
73 107 2
3 89 1
50 65 2
110 51 4
123 124 1
131 133 2
136 48 4
61 32 3
95 137 2
58 8 3
85 92 3
60 138 1
109 108 4
32 125 4
130 118 2
38 94 3
70 38 1
61 56 2
138 42 1
95 108 1
51 63 4
46 113 3
22 18 2
73 85 1
134 24 1
100 56 3
126 137 4
4 129 4
50 55 1
103 105 3
43 61 3
62 86 2
139 125 2
131 82 1
100 113 3
40 142 1
85 112 4
108 105 2
120 52 2
73 65 4
149 36 1
134 30 2
20 50 1
108 141 3
73 147 1
22 62 1
13 58 4
114 41 1
136 103 3
28 26 3
116 4 2
11 82 3
61 23 2
52 126 3
109 143 1
40 12 4
12 39 1
38 146 1
109 142 3
36 142 3
18 111 3
145 51 1
49 137 3
82 123 1
70 93 1
24 1 2
81 79 3
109 90 4
88 34 2
25 107 3
10 51 2
29 118 1
119 115 4
110 0 4
3 68 3
87 99 3
114 56 2
110 91 2
73 40 4
28 56 4
77 22 1
61 147 3
74 148 3
52 37 1
112 29 1
137 99 4
49 142 4
112 60 1
113 143 3
116 81 4
71 12 4
134 123 4
130 16 1
130 58 1
67 124 2
109 111 4
112 111 1
11 122 2
108 21 4
143 100 3
122 24 2
122 96 3
124 54 1
43 75 1
6 56 1
20 37 3
138 79 2
74 62 4
60 47 4
142 124 1
13 48 1
91 106 3
89 26 4
134 86 1
45 127 2
24 137 2
7 47 1
119 143 3
105 67 3
56 121 3
66 70 2
76 120 1
86 54 2
110 118 4
28 42 4
30 21 2
84 19 2
15 92 3
40 92 3
15 91 3
75 28 2
88 83 1
59 54 4
135 30 3
29 45 2
47 70 4
86 112 1
137 144 2
140 80 4
78 132 3
144 68 2
117 89 3
5 65 2
144 8 4
121 14 4
44 70 2
21 31 4
2 125 4
101 93 4
93 1 2
62 121 1
9 59 3
11 36 3
124 6 1
17 46 1
5 12 1
47 77 2
143 45 2
49 139 2
42 11 2
61 74 2
103 27 4
54 66 1
77 8 1
130 77 2
24 95 1
115 125 4
120 21 1
59 0 1
43 136 2
134 66 4
16 129 1
42 110 1
64 59 4
20 54 1
36 133 2
90 118 2
117 67 1
97 25 4
94 9 2
138 31 2
82 102 2
32 138 3
78 82 3
2 144 2
102 75 3
110 23 2
15 30 2
30 38 4
7 147 3
44 92 2
79 75 2
140 55 2
112 99 4
77 70 1
6 30 3
65 61 4
86 33 3
3 20 3
50 136 4
13 10 2
10 40 2
61 49 3
65 110 1
112 142 1
66 93 1
129 28 1
84 145 4
94 24 2
91 48 4
149 84 1
140 8 1
139 64 2
41 146 1
82 94 4
110 55 2
136 118 3
19 112 1
27 1 4
13 123 4
51 11 2
40 123 1
125 50 3
50 84 4
52 31 3
42 65 2
121 132 4
116 110 1
89 70 1
20 139 1
70 20 1
127 143 2
78 108 4
0 141 4
137 115 1
28 73 2
35 140 3
86 123 4
119 58 1
18 27 4
136 106 1
46 108 2
13 131 3
93 91 2
69 40 1
42 132 4
19 22 1
123 87 3
4 54 4
148 145 2
140 129 4
128 96 2
38 27 1
20 56 1
3 6 2
3 61 3
87 61 4
128 141 3
12 30 2
61 47 4
135 72 2
73 99 1
112 137 2
96 95 3
23 86 2
6 19 4
124 52 1
121 79 1
26 126 2
37 50 3
104 109 2
90 147 3
112 92 3
20 64 2
43 42 4
8 84 2
56 106 1
94 134 3
120 48 2
92 9 3
17 106 1
141 81 3
61 59 3
8 1 3
93 109 4
131 41 2
103 51 1
101 146 4
137 119 4
71 89 2
3 70 4
15 90 2
110 148 2
145 17 2
17 141 1
69 88 3
140 64 3
131 118 4
116 80 3
51 17 4
115 146 4
80 109 1
143 136 2
47 105 3
103 94 2
105 97 4
136 2 3
69 41 2
1 25 2
81 148 1
7 73 4
113 134 3
149 142 1
108 62 3
142 76 1
108 114 1
17 113 2
10 110 4
131 148 4
4 36 4
73 55 3
126 142 2
23 30 4
22 37 1
145 90 4
134 110 4
97 32 4
9 24 1
125 146 2
88 14 4
148 14 1
90 9 4
63 10 2
77 54 2
21 133 1
43 31 2
103 93 4
27 148 2
36 39 4
143 98 4
31 126 1
140 136 4
87 117 3
60 2 1
128 85 3
103 62 2
133 9 4
87 30 1
16 78 2
94 19 4
44 126 2
147 25 4
94 101 2
54 143 1
121 35 3
0 143 2
95 72 2
133 29 3
35 147 4
81 12 3
39 139 2
134 141 4
12 125 1
60 114 3
90 81 1
90 66 3
61 46 1
62 12 1
89 147 2
35 82 4
14 136 2
76 68 2
52 113 2
107 69 3
1 118 4
27 83 3
27 139 4
54 0 1
85 60 3
24 81 2
132 57 4
125 107 3
64 49 1
33 126 3
122 27 4
92 20 3
43 130 1
137 29 1
115 78 2
57 106 1
100 87 3
79 148 1
103 87 1
0 100 4
111 69 3
65 146 2
28 111 2
24 145 4
74 101 3
71 25 1
46 104 1
75 3 3
39 1 4
10 149 2
19 88 3
98 92 2
58 78 1
88 51 2
75 84 4
138 113 2
14 7 4
65 117 2
139 34 3
83 149 3
29 80 2
112 116 1
51 114 2
137 117 1
108 119 2
112 115 4
0 16 3
113 72 4
136 8 3
19 27 2
44 132 4
14 117 1
105 99 4
90 50 4
1 97 4
51 69 2
64 115 2
10 115 4
141 47 3
53 91 1
32 103 1
107 79 4
91 47 2
80 48 1
115 124 2
32 144 2
22 9 1
4 17 3
16 79 2
24 22 2
72 83 2
1 112 1
32 55 1
33 110 1
101 54 1
19 41 3
69 134 4
29 77 2
107 5 1
124 76 2
50 85 4
25 126 1
58 112 3
96 137 3
25 70 1
133 94 4
100 18 2
83 112 3
101 40 4
149 35 3
105 123 1
126 127 3
115 57 4
29 36 4
55 8 4
140 105 2
38 44 1
65 72 1
11 54 2
146 34 2
134 4 3
109 140 3
111 114 2
79 8 1
14 0 4
122 35 4
79 70 2
147 137 1
56 87 1
45 35 4
23 29 1
112 147 4
83 101 4
79 0 4
147 78 3
74 85 3
146 142 1
136 42 3
0 21 4
15 123 3
58 122 2
136 80 3
122 48 4
100 112 4
38 89 4
3 5 1
20 15 2
26 42 3
63 21 2
50 115 1
21 80 4
5 90 1
32 50 2
108 58 1
126 56 2
109 134 2
36 9 3
145 129 2
43 19 1
147 24 3
94 142 4
62 16 3
7 85 2
76 28 1
34 109 3
60 41 4
71 5 2
116 6 3
17 56 4
128 113 4
126 69 3
34 81 1
126 139 3
17 147 2
75 132 3
72 148 4
48 46 2
148 149 1
88 89 2
148 100 4
48 111 3
99 120 4
6 109 2
64 114 3
16 47 1
95 22 1
40 87 1
65 86 4
15 146 4
50 143 3
40 88 4
149 48 3
121 134 2
81 26 3
79 120 4
51 36 2
47 123 3
73 76 1
138 70 3
63 149 3
9 48 1
48 107 3
19 44 1
22 108 2
118 102 2
113 106 4
110 77 3
24 74 1
140 32 4
90 116 4
15 126 3
136 116 4
63 130 2
101 15 1
127 99 4
23 84 1
106 119 2
34 59 3
15 54 1
6 22 4
74 58 2
80 117 4
85 86 1
49 66 1
51 129 1
116 58 1
25 30 2
130 149 2
135 92 4
95 3 2
130 116 2
105 20 4
94 44 2
117 106 3
11 120 2
4 91 4
117 4 3
43 68 4
128 47 3
36 112 2
12 82 3
142 43 3
35 96 1
123 0 3
142 133 3
0 132 4
43 149 3
50 118 2
39 123 4
31 109 3
0 7 2
105 36 3
37 104 3
70 146 3
137 138 3
114 124 4
28 93 2
38 33 2
53 84 2
57 35 4
115 89 4
54 24 2
9 41 3
64 81 4
79 22 4
95 141 2
91 139 4
17 27 4
114 131 3
91 135 2
91 32 3
127 22 4
0 137 4
61 136 2
28 107 3
139 24 2
0 34 3
92 132 3
45 99 4
53 114 2
18 59 1
109 81 1
141 40 1
21 39 2
138 62 1
38 75 4
139 3 1
71 24 1
84 79 3
54 107 4
15 69 2
93 96 2
21 12 4
22 145 1
111 87 2
27 16 1
51 142 2
149 139 2
72 50 1
49 67 2
129 95 2
26 16 1
110 149 3
114 10 3
143 40 4
145 109 2
34 24 1
103 9 2
123 18 1
11 62 4
6 44 3
69 6 2
96 97 2
22 104 2
57 130 4
125 26 4
58 17 3
17 119 1
54 6 3
77 48 4
78 13 3
55 18 3
65 57 1
72 57 2
39 67 4
145 28 3
149 102 2
138 16 2
99 136 4
25 67 2
87 45 2
16 17 4
131 20 1
5 105 2
26 101 4
99 119 2
77 59 2
130 42 4
122 82 3
68 75 4
22 87 4
145 141 4
85 30 2
14 1 2
149 9 3
37 146 1
74 87 3
33 7 4
145 95 2
139 4 4
94 20 3
140 16 4
71 6 3
134 59 1
57 6 3
84 43 1
46 57 1
10 97 4
96 44 3
19 63 1
36 67 3
33 87 4
19 118 2
84 1 3
97 41 3
12 84 2
48 57 1
139 115 2
131 103 2
11 39 4
27 52 1
142 41 2
102 44 2
57 64 3
34 144 2
148 103 2
8 54 4
112 34 2
50 31 3
94 53 2
112 114 4
73 133 1
82 8 3
34 94 1
143 92 4
18 25 2
140 60 4
78 125 4
79 34 3
6 34 4
32 100 4
110 46 4
88 43 4
107 74 4
48 117 4
117 18 2
134 139 3
53 93 2
99 35 3
49 16 4
104 52 1
137 82 3
116 89 2
69 66 4
132 69 2
32 94 2
99 23 3
137 103 4
14 75 1
136 121 2
72 54 1
8 93 4
81 106 2
124 44 1
108 73 1
25 52 1
41 6 2
11 136 4
137 16 1
112 57 4
110 22 4
127 43 4
1 68 1
11 72 3
84 138 1
80 91 3
52 125 4
91 116 2
117 144 1
67 42 1
139 75 1
40 33 2
51 58 1
42 131 1
138 11 1
67 88 1
145 127 1
137 97 3
65 60 4
31 63 3
25 13 1
2 61 2
88 59 4
34 101 4
75 118 1
103 101 2
141 140 2
64 85 4
75 15 1
108 9 4
139 113 2
119 78 3
77 131 2
41 0 2
33 123 2
112 10 3
122 71 3
45 79 3
39 64 4
12 138 3
119 118 1
118 100 1
144 28 3
69 76 1
89 105 3
108 63 3
3 104 2
108 24 3
60 118 1
76 127 2
10 109 1
118 8 1
46 133 2
31 13 3
53 98 4
106 125 4
117 70 4
96 127 3
94 74 2
48 21 3
34 64 1
41 40 1
36 60 1
8 76 3
131 36 2
74 31 3
67 3 3
54 30 4
63 42 1
50 29 2
25 85 3
101 140 3
90 82 2
113 87 1
9 98 4
29 100 3
11 18 4
21 102 1
20 96 4
31 61 1
117 57 4
44 53 1
106 0 3
67 61 3
35 125 4
101 11 3
46 138 1
74 37 2
33 42 4
40 109 1
132 133 4
39 16 1
144 134 2
36 26 3
17 94 1
51 118 1
10 132 4
76 14 3
65 134 1
38 132 4
67 69 3
30 93 3
21 55 2
116 93 1
24 32 2
71 61 1
123 121 3
134 71 4
85 68 1
86 70 1
65 56 4
81 134 1
81 94 3
0 97 2
5 44 2
80 89 2
47 35 2
7 62 2
40 78 1
79 65 2
120 14 1
12 19 3
1 70 2
141 34 3
37 29 4
118 32 1
29 30 2
48 113 4
147 132 1
117 58 3
3 122 2
29 55 4
29 20 3
100 130 1
42 22 4
32 123 2
121 44 2
95 109 1
61 70 2
38 23 3
103 76 1
101 6 2
1 123 4
25 76 4
79 90 4
40 47 3
84 41 2
2 54 1
51 12 2
73 25 4
29 143 4
121 23 4
3 149 4
122 83 3
124 87 4
108 106 1
58 38 3
52 33 3
87 107 4
97 90 3
91 90 1
80 97 2
37 24 2
53 55 2
11 77 4
145 25 1
25 60 1
116 71 4
28 135 3
4 142 3
57 87 3
116 70 3
128 102 2
95 2 1
2 71 1
103 46 4
29 19 3
8 74 4
36 12 2
147 42 3
122 30 1
58 6 4
56 71 1
21 109 4
66 32 3
28 22 3
61 140 1
111 77 3
23 97 1
67 106 2
100 89 2
130 46 4
94 78 4
132 14 1
109 131 4
123 72 4
84 54 4
121 70 2
70 124 3
49 6 3
146 108 1
16 11 3
38 111 2
83 84 3
85 5 3
42 0 3
46 28 4
32 108 3
4 72 2
12 126 1
74 117 4
18 105 2
80 12 3
13 75 1
129 110 3
53 33 3
31 130 3
149 58 4
47 41 2
87 72 4
61 127 4
109 12 2
23 123 1
112 45 1
86 67 4
136 108 2
94 144 1
55 51 3
33 122 2
24 121 4
140 132 3
86 66 2
109 15 1
0 119 3
29 60 4
32 93 2
131 69 4
87 7 4
125 29 4
14 142 4
85 117 2
101 106 1
134 131 4
130 140 3
92 114 3
57 11 3
112 26 1
137 39 1
87 37 4
18 137 2
143 147 2
6 75 2
85 118 1
25 148 3
96 146 1
21 148 2
119 36 4
93 4 4
128 126 3
17 49 1
64 32 3
70 147 2
113 99 2
107 128 3
61 73 4
144 123 3
98 122 1
87 0 1
24 67 4
81 9 1
61 4 1
55 118 2
1 67 3
107 80 2
21 57 2
130 28 1
20 99 3
116 147 2
147 104 4
137 128 2
64 65 1
138 105 4
85 146 2
70 139 2
90 133 3
90 59 2
78 103 3
79 76 1
84 10 3
17 18 4
7 42 2
41 113 2
43 147 1
139 100 3
118 104 4
76 92 2
107 70 3
93 129 3
44 114 3
41 27 1
38 51 2
9 145 3
89 33 3
44 64 3
92 139 4
72 68 1
121 60 1
10 56 3
65 92 4
46 94 4
60 82 3
51 33 2
24 136 2
109 123 1
112 30 3
4 140 2
59 122 2
58 121 4
56 145 3
126 110 2
135 116 2
38 91 3
89 27 2
126 78 4
29 83 4
146 63 1
108 39 3
70 135 2
116 118 4
52 84 3
52 138 1
129 119 1
41 104 1
19 142 1
112 65 2
38 136 1
94 60 2
44 103 4
47 66 3
79 7 2
6 100 2
68 37 4
146 64 1
30 7 1
19 16 1
8 41 2
122 23 3
94 58 4
34 11 1
110 146 1
137 72 4
144 40 1
34 29 4
8 5 1
70 42 4
116 40 3
45 51 4
99 61 1
0 56 4
93 72 4
110 28 1
123 133 2
136 96 1
119 27 3
132 31 3
136 122 3
111 97 4
82 96 4
19 7 4
51 47 4
6 78 2
131 143 3
34 87 3
135 39 3
76 78 2
73 27 2
83 74 1
125 87 2
36 85 2
112 63 2
77 81 2
90 139 4
91 101 4
20 76 4
60 98 1
83 96 1
37 54 3
40 103 4
124 112 4
59 114 1
114 83 4
32 102 3
104 97 4
89 52 3
25 11 1
117 83 1
31 46 3
22 57 2
33 68 4
110 64 2
33 103 3
61 135 2
148 76 1
63 90 1
14 80 2
31 78 2
6 130 1
36 30 2
71 82 2
102 131 1
41 37 2
47 64 2
44 9 4
87 137 1
71 59 4
88 78 3
31 112 1
145 100 2
50 75 1
40 134 1
7 9 1
67 63 3
109 116 2
9 82 1
57 79 1
20 132 2
123 129 1
3 91 2
64 80 4
96 145 1
98 22 2
50 110 4
102 125 3
147 1 4
6 112 3
70 45 2
124 110 2
20 19 3
81 123 3
134 128 1
82 77 1
35 93 4
131 39 4
69 102 1
119 25 4
147 20 2
13 125 2
36 16 1
13 68 4
11 96 1
45 50 4
73 148 2
103 66 2
31 133 2
113 5 3
89 133 1
111 46 4
1 126 3
146 98 2
47 6 4
97 69 2
76 55 2
117 78 2
2 103 3
123 100 4
108 72 1
60 61 2
42 64 3
81 10 2
61 35 3
55 85 4
31 101 4
125 140 1
54 34 1
86 141 3
74 63 4
77 50 4
118 121 2
63 144 3
7 75 1
97 6 4
144 9 2
120 57 4
16 116 4
110 73 2
32 114 1
79 41 4
67 51 1
0 129 1
129 67 3
68 122 2
133 105 3
141 16 4
44 115 4
92 30 2
141 28 3
57 15 4
119 54 2
51 79 1
143 59 4
9 148 3
95 0 1
43 102 2
98 46 4
85 130 1
83 127 2
128 86 3
38 121 4
118 58 4
6 33 2
59 40 3
0 96 4
77 149 2
22 116 1
57 128 1
28 32 3
56 26 4
144 130 3
96 99 2
111 36 4
127 27 1
131 91 1
16 5 4
99 18 1
50 12 1
67 79 3
101 20 3
101 41 4
81 41 4
92 113 4
132 12 2
15 40 4
90 45 2
140 106 4
60 27 2
116 13 4
135 125 1
144 35 1
28 134 2
66 62 4
135 68 4
76 23 3
39 73 3
4 56 1
143 132 2
73 118 2
29 42 4
67 138 4
17 8 1
121 31 2
50 100 4
70 40 2
106 130 3
42 24 2
55 9 1
38 0 1
39 0 1
0 84 4
137 1 3
62 90 2
148 18 3
29 124 4
5 4 2
76 135 1
40 140 2
137 11 2
101 76 3
44 4 2
40 68 2
136 26 2
132 119 1
140 74 3
118 66 1
85 77 4
98 120 2
145 118 3
128 105 2
9 63 3
1 115 4
69 25 1
33 36 2
