11175 150
0 110 2
110 64 8
64 21 6
21 102 9
0 49 3
21 2 6
2 65 4
102 34 4
34 39 4
64 44 5
34 59 3
39 40 7
34 116 7
110 139 3
59 136 8
136 38 7
49 27 7
27 63 9
63 133 6
38 12 4
12 13 8
2 111 5
2 67 5
136 142 1
2 81 9
34 98 9
34 18 5
98 146 9
98 26 6
34 99 9
110 54 6
102 94 9
40 51 8
67 120 2
81 78 5
2 74 9
139 62 2
98 140 3
0 104 5
12 130 8
59 19 4
38 43 3
104 9 5
19 23 3
38 95 8
104 53 6
130 58 4
59 105 7
139 141 1
43 71 2
38 76 2
99 123 1
120 100 9
76 127 8
74 35 3
21 28 1
74 89 5
21 25 5
94 56 5
64 42 7
53 135 3
35 30 4
133 117 2
59 61 5
21 47 5
39 48 9
39 137 6
59 124 7
39 57 2
62 93 9
47 77 3
100 17 2
44 33 2
140 109 8
95 20 5
58 126 2
30 1 4
38 87 4
111 125 4
89 131 3
102 73 2
30 118 8
118 129 2
142 7 9
94 106 6
78 70 6
28 83 2
47 36 9
33 16 1
99 114 6
111 85 9
25 128 9
74 6 7
87 46 7
17 32 5
130 22 7
142 50 9
27 143 6
123 101 1
53 112 3
0 97 2
146 72 7
34 4 2
57 122 1
99 121 7
49 108 8
21 88 5
124 5 5
93 68 3
5 132 7
67 31 6
89 15 3
120 96 4
4 103 5
78 92 2
95 55 3
68 144 9
72 86 3
70 82 2
98 113 3
23 37 9
127 45 2
40 10 6
54 148 4
101 107 6
132 29 5
62 90 8
104 79 6
117 24 6
77 75 4
40 84 8
118 11 6
131 119 9
58 145 7
93 134 3
38 91 9
56 14 9
108 147 7
24 3 9
46 52 5
55 66 3
65 41 1
12 8 4
120 60 4
140 80 4
110 69 5
7 115 7
126 138 9
37 149 7
105 70 2
82 114 4
47 89 1
82 121 1
68 49 1
63 136 4
102 49 2
120 69 3
77 16 4
74 22 2
58 82 2
19 75 4
24 62 1
67 141 4
69 125 1
136 100 2
40 132 4
11 111 1
60 92 3
113 136 1
44 146 4
90 93 1
121 50 1
127 93 3
5 113 4
103 148 2
116 128 1
22 133 3
84 32 1
12 30 1
141 62 1
130 40 2
120 26 2
4 87 4
118 102 1
75 49 1
31 60 3
71 139 1
79 113 2
138 62 2
84 53 2
98 137 2
21 36 2
33 4 2
12 36 3
131 66 1
109 46 3
32 144 2
135 60 1
66 91 2
67 64 2
7 71 2
17 36 4
140 149 1
34 5 4
131 28 3
47 143 2
75 38 2
138 105 2
73 47 3
96 32 4
58 136 4
88 112 2
43 141 4
134 116 4
103 133 4
117 115 2
112 128 1
132 89 3
24 143 2
20 111 2
106 62 2
111 46 1
8 96 1
81 74 3
15 18 3
30 21 4
105 30 1
86 31 1
12 127 4
42 44 3
87 63 1
121 113 1
8 128 1
15 119 1
140 74 4
108 34 1
31 115 3
12 74 3
13 57 1
8 19 4
47 148 1
80 43 3
10 26 3
1 89 3
117 120 4
30 110 4
108 149 3
0 56 2
57 86 2
147 30 1
17 138 2
69 62 4
54 80 1
132 122 1
149 46 4
26 43 3
64 11 4
17 33 3
19 133 4
107 27 1
140 104 4
85 35 4
149 28 1
138 117 1
38 40 3
98 111 1
68 51 1
3 123 3
38 28 1
125 103 3
41 43 2
59 45 1
87 107 4
72 29 2
58 50 4
107 31 3
82 30 4
142 37 3
87 1 4
56 116 4
7 119 1
60 149 1
40 126 4
27 125 3
26 65 2
62 104 2
43 19 3
118 68 3
0 142 2
139 27 1
33 97 4
37 148 2
122 81 1
91 117 4
43 48 1
89 101 2
20 43 1
103 0 1
21 48 3
29 7 1
5 1 3
109 79 1
54 57 3
3 12 3
93 135 1
24 29 1
106 0 3
48 3 2
52 93 4
123 2 4
43 143 1
34 72 4
75 5 1
6 4 3
43 57 2
56 146 2
0 75 1
68 128 3
24 134 2
122 97 2
67 136 3
67 40 3
126 19 4
42 28 4
9 62 3
31 90 3
75 93 4
138 93 4
143 9 1
21 11 2
35 141 3
142 40 2
8 42 1
67 19 3
21 129 2
95 83 4
128 54 4
37 114 3
26 116 1
99 87 3
99 22 4
43 148 1
124 39 4
120 108 3
15 129 4
7 143 4
131 108 4
34 93 2
5 15 4
113 118 1
72 140 1
110 52 2
105 78 1
149 146 1
74 88 4
103 23 3
109 43 1
139 95 4
117 53 2
127 16 3
28 34 4
16 39 4
98 69 2
6 139 3
78 119 4
133 84 1
93 133 1
115 81 1
1 147 4
15 116 2
14 8 4
38 49 2
35 77 1
57 5 2
120 8 3
51 101 4
130 30 1
128 80 3
99 5 1
41 28 4
51 69 1
148 75 1
148 135 4
5 131 3
140 11 3
37 88 4
117 44 4
18 75 2
67 1 1
131 148 1
54 11 1
67 86 3
55 63 3
103 110 3
122 56 2
119 74 3
51 139 3
28 116 2
43 146 2
148 41 3
149 45 3
36 101 1
119 24 1
38 37 2
82 92 1
34 10 4
67 137 4
3 137 3
55 9 4
43 133 1
121 34 4
18 97 3
101 39 4
3 111 4
105 66 4
5 97 1
21 39 2
87 105 2
36 67 3
132 145 1
91 139 1
11 91 2
57 10 4
128 53 2
138 141 2
9 3 1
143 8 3
70 31 2
72 87 3
30 6 2
57 18 3
3 75 1
16 41 2
41 9 2
11 31 2
56 86 4
47 117 2
134 80 2
136 65 3
66 65 2
76 138 2
97 12 1
95 62 1
86 90 3
98 57 2
47 30 3
61 0 1
96 82 2
11 66 4
13 48 2
39 135 1
56 91 1
55 1 2
71 112 4
141 25 3
73 42 1
41 125 4
74 10 2
50 136 3
91 128 4
33 135 2
83 87 1
82 144 1
132 70 4
42 93 1
145 107 3
121 37 2
102 131 2
32 103 3
90 28 1
117 148 2
138 97 4
46 61 1
87 69 2
67 4 1
122 94 3
72 43 3
26 64 3
132 76 4
25 61 1
90 94 2
1 93 2
120 86 2
6 26 2
137 120 4
36 149 2
59 84 4
91 0 1
85 110 4
126 119 4
17 125 2
16 50 2
70 4 3
11 33 1
117 125 4
28 43 1
20 94 4
87 106 4
48 57 3
63 103 2
111 128 3
105 45 2
111 17 3
74 130 3
100 52 2
75 15 4
112 15 4
124 78 4
22 40 1
74 39 1
46 90 4
115 3 2
141 117 4
149 112 4
76 78 4
124 134 2
6 1 2
80 38 3
26 105 3
73 79 2
116 19 4
72 33 2
121 85 2
128 35 4
27 120 3
98 81 2
117 142 4
59 5 4
128 127 3
53 89 2
39 102 3
48 8 3
55 127 2
37 137 4
45 55 1
126 45 2
23 11 4
127 20 1
139 30 2
113 114 2
37 26 2
34 35 3
9 144 2
56 25 4
104 13 1
62 83 2
138 4 2
67 145 3
137 148 1
51 80 4
68 11 4
102 103 3
149 76 2
43 44 3
22 12 2
108 42 4
145 24 3
143 93 3
136 56 4
77 136 2
88 2 1
123 105 1
5 112 2
117 114 4
73 89 1
120 149 1
111 73 4
139 111 4
100 113 2
103 70 2
74 144 1
100 135 3
68 47 4
101 42 1
128 78 4
79 86 2
146 129 4
52 142 4
43 132 4
2 48 1
106 38 1
7 114 2
77 138 4
61 104 1
29 105 4
139 103 1
48 91 2
141 59 2
52 124 2
88 31 1
96 0 4
78 132 4
59 121 3
124 13 2
22 128 2
27 138 4
108 118 4
99 23 2
7 145 1
60 50 4
42 50 2
123 130 2
72 48 2
102 17 3
88 87 4
65 112 2
86 85 2
41 30 4
83 130 4
139 134 4
17 85 4
137 8 4
105 72 3
54 30 1
119 43 3
149 8 1
33 93 3
126 106 1
112 9 3
13 47 3
13 100 2
67 30 3
7 102 3
123 64 2
138 121 2
40 64 3
2 55 3
67 70 3
120 46 2
9 107 3
43 37 4
142 75 2
70 44 4
35 68 4
146 116 2
111 99 4
121 64 3
64 104 1
61 109 1
141 53 3
23 39 2
18 66 1
84 54 1
19 137 4
57 66 2
2 30 3
132 33 3
26 62 4
71 46 3
43 45 1
46 0 1
136 92 2
146 88 1
131 65 2
67 93 4
114 63 2
99 106 4
75 61 1
116 0 3
102 99 3
72 119 3
12 53 3
27 97 2
89 149 4
74 1 1
53 144 3
84 16 3
20 91 2
105 149 3
127 125 1
113 145 3
47 121 4
70 81 2
0 7 2
28 74 3
113 116 3
87 10 4
7 68 4
100 108 3
42 94 2
94 138 4
82 93 3
122 118 1
105 69 3
136 52 1
107 108 3
134 120 2
117 122 4
122 93 4
62 34 3
118 130 4
77 67 2
96 122 2
58 2 3
66 64 1
117 108 4
84 120 1
142 70 2
145 88 3
112 52 1
103 117 4
86 41 3
112 92 1
58 101 3
141 148 1
44 114 3
64 96 3
127 28 4
63 30 1
40 9 1
67 97 3
104 41 4
88 106 1
26 24 4
109 64 4
4 66 2
30 142 4
87 98 3
71 2 2
14 18 1
86 144 1
64 128 2
46 39 1
35 15 4
66 133 4
58 83 3
145 83 1
126 10 3
138 35 4
96 146 1
117 123 4
67 76 4
129 3 3
1 37 1
136 89 3
17 47 2
108 137 4
135 34 2
19 79 1
64 5 2
86 69 4
46 14 4
127 19 1
75 138 4
16 105 3
41 84 1
133 105 4
87 130 3
17 66 3
47 70 3
142 131 4
48 71 4
105 40 1
6 103 1
97 141 1
148 67 2
139 90 2
3 139 3
120 10 2
122 2 4
131 46 4
17 120 4
107 117 2
49 107 3
12 144 2
128 55 3
106 130 3
128 109 2
106 146 1
48 47 1
84 114 3
63 37 4
21 61 1
48 14 1
1 4 3
51 132 1
103 69 1
141 100 4
12 98 1
107 130 2
32 7 3
65 35 1
46 112 2
135 136 1
31 52 1
63 122 4
40 141 3
17 77 4
23 73 4
97 38 4
56 88 1
25 67 4
136 99 2
15 79 1
14 72 2
76 83 1
128 67 4
143 81 3
65 32 1
106 137 4
19 103 3
30 86 4
62 35 4
27 110 2
132 52 3
26 3 4
115 20 2
90 110 3
13 145 2
62 149 4
74 146 2
54 147 1
21 119 1
80 110 1
131 127 4
8 112 1
76 79 4
85 33 2
32 95 3
104 23 2
130 99 3
74 83 1
13 76 2
100 9 4
110 47 1
117 112 1
28 104 2
17 104 4
99 51 1
90 12 2
107 143 3
124 42 2
104 19 1
106 13 1
100 74 3
43 79 3
122 136 4
127 14 4
78 106 2
59 123 3
56 23 4
25 45 1
138 13 3
62 113 2
99 145 3
105 60 4
86 9 4
100 142 3
29 134 3
12 68 4
148 24 2
149 74 2
19 13 4
112 39 3
117 84 1
68 140 2
107 68 3
63 105 2
1 18 3
75 84 4
99 95 2
39 60 1
14 29 4
47 144 2
131 147 2
92 137 4
54 121 2
17 1 3
149 5 4
129 51 3
53 61 4
51 36 3
70 113 2
63 119 4
3 15 4
78 26 2
73 33 4
33 21 2
92 70 2
129 12 3
103 54 2
36 109 3
27 131 4
24 95 4
123 8 3
104 117 1
62 89 4
139 146 3
5 20 4
123 78 1
43 47 2
77 95 1
98 54 1
4 42 4
106 29 2
147 4 1
84 74 1
19 123 3
11 69 3
143 61 3
35 130 3
38 61 3
15 68 4
95 146 2
7 18 1
11 59 2
104 18 4
131 62 3
1 15 4
95 68 4
134 30 1
49 1 4
47 124 1
95 23 2
28 119 4
28 110 3
120 142 2
39 38 1
114 0 4
17 21 2
46 9 3
50 82 1
125 84 4
129 2 3
114 108 1
125 1 3
127 51 2
95 131 4
109 39 1
53 119 3
49 34 4
18 4 1
75 102 4
95 47 3
3 16 1
148 84 1
127 2 4
111 16 4
41 132 4
3 51 3
83 40 4
16 109 3
33 29 3
116 38 4
129 74 1
15 81 4
99 60 4
147 67 2
25 6 4
62 116 3
141 42 1
17 68 1
52 92 1
9 120 2
23 115 1
81 53 3
87 138 4
60 65 3
109 30 2
47 84 1
148 74 4
143 60 2
148 12 1
136 101 3
122 5 1
114 39 2
137 97 3
137 116 2
8 51 1
52 102 1
88 130 1
51 32 2
16 120 4
138 91 1
70 16 4
72 52 3
133 116 2
64 28 4
140 64 2
137 23 2
72 16 1
14 125 2
109 5 2
42 67 1
63 42 4
117 145 3
48 17 2
89 133 3
65 127 3
30 49 1
20 37 3
44 143 3
91 26 3
18 61 2
16 131 3
20 87 4
58 80 3
109 31 1
27 95 4
112 86 2
50 53 1
20 15 2
67 133 4
142 23 1
76 112 2
39 18 2
102 71 1
97 40 3
121 35 2
104 121 1
30 4 4
126 21 4
75 111 2
50 31 3
112 144 2
26 99 2
117 111 1
55 30 3
55 147 4
89 51 1
106 45 4
77 4 3
115 40 1
145 62 1
1 111 1
118 123 3
138 50 3
87 40 4
129 55 3
23 147 3
102 44 1
121 97 3
96 26 4
99 71 1
51 70 3
24 22 3
105 104 4
108 20 4
1 14 3
90 69 1
83 51 1
141 129 4
7 128 4
113 39 4
78 7 1
116 92 3
122 35 2
78 114 4
73 41 2
34 122 2
36 78 3
33 80 3
44 136 3
5 58 4
9 117 4
103 77 4
48 33 1
12 147 1
131 3 3
85 96 1
139 26 1
52 118 2
27 146 2
39 43 2
56 102 3
114 34 3
15 118 4
34 89 2
41 56 2
12 5 4
12 52 2
78 2 1
37 128 1
44 128 2
23 41 4
116 24 4
64 65 1
49 149 4
19 34 1
45 51 1
92 47 4
90 79 3
113 148 2
121 5 1
15 135 3
4 116 2
121 125 3
109 10 2
66 143 3
85 77 1
146 15 1
51 42 4
40 59 2
125 88 3
32 20 4
114 56 4
141 125 4
28 1 3
139 42 1
1 58 4
99 46 3
88 114 4
3 128 2
97 143 1
144 67 1
132 3 4
115 2 4
45 22 1
106 2 4
68 101 2
25 18 4
44 38 3
50 54 1
18 44 2
149 124 2
16 74 2
125 120 3
19 42 3
135 48 1
114 85 4
8 121 2
76 58 4
134 63 3
73 94 1
7 87 2
145 149 1
115 119 2
120 23 4
75 124 1
10 2 4
90 45 3
91 87 1
77 29 2
58 109 2
0 43 1
67 83 4
61 47 4
25 119 4
106 63 3
58 20 2
117 49 3
131 36 3
35 149 4
66 144 1
130 142 1
11 116 2
69 95 3
83 148 2
147 46 3
15 149 1
120 43 1
107 90 4
42 142 3
95 147 3
21 90 1
127 17 4
60 4 1
88 54 3
146 4 4
133 45 4
81 100 1
41 99 4
8 100 3
49 134 3
20 112 1
59 38 4
120 25 4
34 46 3
60 131 3
122 11 3
79 64 3
35 17 2
50 30 2
106 16 3
24 70 3
111 59 1
57 79 1
18 56 3
81 118 2
105 141 3
35 26 2
92 10 1
64 76 2
23 43 2
32 77 4
140 67 4
116 115 4
55 124 1
139 119 3
70 129 1
71 141 3
88 81 1
141 103 1
53 13 1
0 111 1
17 41 2
147 138 2
137 79 1
32 21 1
93 3 1
86 18 4
52 45 2
130 144 2
0 69 3
17 34 4
0 65 1
89 40 1
58 63 1
123 62 2
123 114 2
122 86 3
103 50 4
20 122 3
56 96 2
3 138 4
7 28 3
6 23 1
42 135 2
24 23 1
99 10 1
94 46 2
51 10 4
90 114 3
13 61 1
1 40 3
95 94 4
53 35 3
50 23 4
103 24 1
100 45 3
48 0 4
56 55 1
56 70 4
45 131 1
25 146 2
123 23 1
118 1 1
103 116 1
119 26 3
140 129 4
107 19 2
75 14 4
149 116 3
54 113 1
47 109 2
69 126 1
49 17 4
11 24 2
20 75 3
75 12 1
145 112 1
66 63 3
131 78 1
139 120 3
129 95 4
66 54 3
26 45 2
99 64 3
111 142 4
113 96 3
134 44 4
46 65 3
81 29 2
85 20 3
12 103 2
57 127 3
140 135 3
102 40 3
125 36 4
6 55 2
3 25 1
66 22 2
115 148 2
70 89 3
74 9 3
44 75 2
134 90 3
80 91 3
95 81 2
90 75 1
142 48 1
16 10 2
102 3 4
88 32 2
87 64 4
62 96 2
111 23 1
22 56 2
145 81 2
101 94 3
147 97 2
97 64 2
23 140 2
101 100 4
66 89 2
13 14 2
13 8 3
64 83 3
114 86 4
111 69 4
95 29 2
124 44 1
104 107 3
47 145 4
97 59 1
98 118 1
130 60 1
123 146 3
128 6 1
9 61 3
2 1 2
46 51 3
144 79 2
26 136 3
12 131 3
16 115 1
84 44 1
31 122 2
104 89 4
33 137 1
4 95 3
135 105 3
67 24 4
13 103 1
48 30 2
85 95 2
19 149 1
47 19 4
44 129 3
23 106 1
16 117 4
105 13 4
3 92 1
22 135 2
74 69 1
58 90 2
144 40 1
142 139 3
2 40 4
98 132 1
128 26 3
27 135 2
117 85 2
116 54 3
46 73 3
148 87 2
0 2 4
44 79 2
70 87 3
108 57 2
36 27 1
90 30 3
22 91 4
58 140 2
56 31 3
38 53 4
119 51 3
112 136 1
17 140 1
118 132 1
42 10 3
37 58 2
128 0 3
120 72 2
134 77 2
20 28 2
145 10 2
33 39 1
122 43 4
63 146 1
66 135 1
66 84 1
117 140 3
117 6 4
31 114 3
31 77 4
19 93 1
111 129 3
50 127 2
14 79 1
77 34 4
139 136 3
44 140 2
60 113 1
74 77 3
123 106 3
57 140 2
79 117 4
42 12 2
19 54 2
86 100 3
71 30 4
44 113 3
57 6 3
51 87 1
128 49 1
103 129 1
22 44 2
22 32 3
60 43 1
121 132 2
140 108 2
28 70 2
24 130 1
137 60 4
53 147 1
106 101 3
30 93 2
88 127 4
38 11 2
28 128 2
66 87 4
137 46 2
20 116 4
113 66 3
94 114 4
52 55 4
140 107 3
63 120 3
36 115 3
2 23 2
85 55 1
9 111 1
58 93 4
7 81 1
96 104 2
85 134 3
31 111 1
134 74 3
117 68 1
45 6 1
104 85 1
70 6 3
58 74 4
18 50 2
91 49 4
118 63 1
77 52 3
136 128 4
93 71 1
98 77 4
23 98 1
142 39 4
102 59 4
96 38 4
132 86 3
122 18 3
49 63 1
24 15 1
36 85 4
65 148 2
2 32 2
35 37 3
139 10 2
52 11 4
68 42 3
20 138 4
27 103 3
143 125 2
9 81 1
84 101 3
15 6 3
86 44 3
75 22 1
62 42 3
126 141 2
46 123 1
125 110 1
120 79 4
27 57 2
1 61 1
88 141 1
117 8 2
144 148 3
57 89 2
20 119 1
115 55 4
87 142 3
32 94 1
85 46 3
83 108 4
111 121 2
57 14 4
72 144 1
86 60 3
59 137 1
32 41 1
110 88 2
0 12 4
34 33 2
141 73 4
21 145 3
17 119 3
38 128 2
50 81 2
75 86 1
123 131 4
97 103 4
119 89 3
28 81 3
31 5 4
77 36 3
30 88 2
132 136 1
113 109 1
52 74 1
40 7 1
95 119 3
116 61 3
145 63 1
38 83 3
134 111 2
57 29 4
14 105 4
17 129 2
123 68 2
116 89 2
47 88 1
63 71 3
129 105 3
95 125 1
79 129 3
16 82 2
9 130 1
66 94 4
92 123 3
57 63 3
122 54 4
82 80 4
90 85 1
100 80 3
113 97 3
86 32 1
43 64 2
27 12 2
75 121 1
51 38 2
98 5 4
143 85 2
65 107 2
104 12 1
99 143 3
101 108 4
113 119 4
39 7 4
13 101 4
139 84 1
61 43 2
30 17 1
124 63 2
45 72 3
49 25 4
57 144 4
18 74 3
27 28 1
134 127 2
6 63 4
129 117 1
95 96 3
67 44 2
108 53 2
77 115 4
115 101 4
149 95 2
82 49 3
31 48 3
128 108 4
35 23 2
109 63 1
72 56 1
3 95 4
10 122 4
37 60 2
60 25 2
4 99 3
90 130 2
20 3 3
66 77 2
80 78 1
29 118 3
72 71 3
141 77 4
8 0 2
10 112 1
66 62 2
82 115 2
40 0 2
146 118 2
95 92 1
103 134 3
84 46 3
11 75 1
95 140 3
47 71 3
75 128 1
32 134 4
86 74 4
63 140 2
144 2 1
82 119 1
113 72 1
132 94 1
128 93 1
12 64 2
99 7 2
43 7 2
52 94 2
72 109 2
124 107 2
27 69 2
125 124 1
135 75 1
105 140 4
4 145 3
22 42 4
36 93 4
59 143 4
32 82 2
70 109 2
19 10 3
15 73 2
143 2 2
32 80 2
49 7 2
95 6 3
5 117 2
105 124 3
145 57 3
78 5 1
9 134 1
10 117 1
109 126 1
82 102 1
109 116 4
125 132 1
137 125 3
50 125 3
135 137 4
63 127 3
123 89 2
146 36 1
123 147 2
120 81 4
34 24 2
124 108 2
105 15 2
114 102 1
62 14 4
56 142 3
115 133 3
94 31 4
50 15 4
80 69 2
56 1 3
70 19 3
82 117 4
10 100 1
125 67 4
56 89 3
106 100 1
42 85 3
12 92 4
41 142 2
53 86 1
35 49 3
48 73 4
46 108 2
149 56 4
54 146 3
3 114 4
74 137 2
92 0 4
59 68 4
121 58 1
5 108 1
65 77 1
13 70 4
85 133 2
36 95 3
94 61 2
40 54 4
50 86 3
58 18 2
68 109 2
107 137 4
132 74 1
28 53 2
10 132 3
50 35 3
72 6 1
105 43 1
108 32 4
64 59 4
120 22 2
127 107 4
77 80 3
3 117 1
50 97 4
74 4 1
148 68 1
129 87 2
100 115 4
100 133 4
61 117 4
120 103 2
65 11 4
58 104 3
43 86 3
67 102 3
30 117 1
142 72 3
0 58 4
8 102 1
67 108 2
137 11 3
144 60 2
106 135 3
22 58 1
2 39 3
31 97 2
101 4 2
70 36 1
145 96 2
85 67 4
115 34 4
54 27 2
137 100 1
103 56 3
63 117 4
58 147 3
19 143 1
142 148 2
30 107 4
127 61 1
49 2 4
13 141 2
149 80 1
120 87 3
105 98 3
86 38 1
137 58 1
122 146 4
112 24 4
37 71 3
119 12 1
25 72 3
6 31 1
63 50 3
122 89 3
127 86 4
131 84 3
110 66 1
39 134 3
8 5 2
24 5 3
29 137 3
90 123 3
20 53 2
101 1 4
87 92 2
127 110 2
108 61 4
41 117 4
111 7 3
52 63 2
114 54 1
13 78 4
61 39 2
15 90 4
138 56 1
83 120 1
111 67 4
54 143 2
149 52 4
40 77 1
85 18 3
37 13 4
124 1 4
149 66 1
14 100 1
12 110 4
64 34 3
96 86 2
113 74 2
106 108 1
128 81 1
25 13 3
32 31 4
144 5 4
52 35 4
98 11 4
11 147 1
141 11 2
109 28 3
50 93 4
148 89 3
10 25 4
106 37 2
82 6 1
17 99 1
105 11 3
92 23 3
100 83 4
8 142 4
127 9 4
62 122 3
149 148 4
5 93 1
107 64 3
44 53 1
53 2 2
8 29 3
102 127 4
9 28 2
94 53 1
71 14 1
85 65 4
128 57 2
69 81 2
34 7 1
132 119 1
73 96 3
40 29 3
125 113 2
0 67 2
10 56 3
22 17 3
40 146 4
3 127 4
144 126 3
125 104 1
141 102 2
76 113 2
130 2 3
40 35 1
17 16 3
133 0 4
99 110 3
124 114 1
117 20 3
9 102 3
20 141 2
133 59 1
149 27 2
35 11 1
82 146 3
69 15 1
12 99 3
10 38 4
71 13 1
145 147 1
111 132 4
25 74 2
26 72 1
87 6 1
100 23 2
72 13 2
137 91 4
148 130 1
73 6 3
88 147 1
14 143 3
29 125 4
48 26 3
53 143 1
34 75 2
111 130 1
46 119 3
37 86 2
71 119 1
79 60 4
127 5 1
19 53 2
52 27 4
100 130 1
1 144 4
10 88 2
115 54 4
34 78 1
122 106 4
146 105 2
127 10 1
89 16 2
9 65 1
8 45 1
4 78 2
122 33 4
137 121 2
13 58 4
82 104 4
3 82 4
90 36 3
18 40 3
26 126 4
85 83 4
34 139 2
20 73 1
3 140 4
145 30 1
21 98 2
136 104 1
126 118 4
38 7 1
38 60 2
0 126 2
10 105 2
54 28 2
99 53 1
102 144 4
4 36 2
64 6 3
4 38 1
61 27 2
109 146 4
22 80 1
103 41 1
149 32 2
76 141 3
136 57 4
48 104 3
121 109 3
102 97 1
99 149 1
133 16 1
55 65 1
62 147 4
44 119 3
78 129 3
67 12 4
66 124 4
110 106 1
138 129 1
2 114 2
112 141 1
83 66 1
5 142 1
10 32 2
74 79 1
88 9 2
31 138 3
1 19 4
45 66 4
2 97 4
138 127 2
96 117 4
49 142 3
100 124 1
129 34 2
23 17 1
122 3 3
62 112 2
142 34 1
114 57 3
144 31 3
39 136 3
133 48 4
136 108 3
126 43 2
5 82 3
31 110 4
105 22 1
2 116 3
73 138 1
70 88 1
66 50 2
17 20 4
4 110 2
39 98 2
20 103 4
115 50 1
72 114 1
98 71 1
116 118 4
99 20 3
107 16 1
6 126 3
133 58 1
114 43 2
88 18 3
61 90 3
82 123 4
144 65 2
112 139 2
71 60 1
77 13 2
49 79 2
123 31 1
117 147 2
123 71 2
143 36 1
87 112 1
68 26 4
67 65 3
44 100 3
49 15 2
59 110 1
66 23 1
45 57 3
79 59 3
43 103 3
110 45 2
9 60 4
132 102 2
89 126 1
98 17 3
114 135 4
81 59 1
94 55 2
66 102 2
64 149 1
115 135 4
20 36 3
62 120 2
106 67 4
128 85 3
53 130 4
86 145 3
111 29 1
128 87 1
128 47 1
31 74 4
62 20 3
116 3 3
69 20 3
3 37 1
19 3 2
55 0 4
105 3 4
128 126 4
68 77 3
109 92 2
91 103 3
8 140 1
14 93 2
119 27 1
148 14 4
25 66 1
148 132 3
20 51 1
4 31 3
76 134 4
70 63 4
90 29 3
96 103 3
0 27 4
100 55 2
15 108 4
25 135 3
125 42 2
125 7 2
60 58 3
56 64 2
7 131 4
108 102 4
79 32 3
98 107 2
119 86 2
121 83 4
55 117 1
4 126 1
10 86 2
41 129 1
113 149 4
25 76 2
134 122 4
144 46 2
4 52 4
0 81 2
116 125 1
149 75 1
104 69 3
91 71 4
45 12 4
19 74 4
109 73 3
15 100 2
9 94 4
77 79 1
1 128 4
126 14 2
119 37 2
100 19 2
70 55 2
22 57 2
0 108 2
23 84 3
61 118 1
63 12 2
11 13 1
4 53 3
81 147 3
82 64 3
84 126 2
2 4 1
121 129 1
122 53 2
64 144 1
70 86 4
61 51 3
133 90 2
113 140 1
44 82 4
89 26 2
57 35 1
115 137 1
97 65 2
99 0 2
12 87 4
94 143 4
11 146 3
63 128 4
49 86 4
124 65 4
96 71 4
47 32 3
137 50 2
17 8 4
134 89 3
74 21 3
93 88 4
71 90 2
1 53 2
83 135 4
118 74 1
145 38 3
131 4 2
54 3 3
98 128 2
62 32 4
61 67 2
102 24 4
20 136 1
81 67 4
47 23 1
115 112 2
88 8 3
60 40 3
21 45 3
33 120 1
98 37 1
45 31 1
56 75 3
113 112 2
22 109 1
131 144 4
0 148 2
25 12 3
55 133 1
49 76 2
115 6 2
105 122 4
82 67 2
74 97 1
81 23 1
11 112 2
21 35 3
56 106 1
124 8 3
102 109 2
66 109 1
64 93 4
63 116 1
63 53 3
25 84 2
131 14 4
117 87 4
25 104 3
102 57 1
140 93 3
30 43 3
133 86 2
128 36 2
44 20 3
143 110 4
51 7 4
121 10 4
130 117 4
66 132 1
6 110 4
82 63 1
93 131 1
105 107 3
122 9 2
43 77 4
105 136 2
36 59 4
136 119 1
130 41 2
83 23 4
41 7 1
1 137 3
131 31 4
0 132 3
14 97 2
51 14 2
9 47 3
149 125 3
77 140 3
10 65 2
140 126 4
142 91 2
6 81 3
81 136 1
89 48 3
92 128 4
81 140 4
138 109 4
115 80 3
85 7 4
53 138 4
139 13 1
5 55 4
16 7 1
124 4 3
68 32 3
18 107 2
144 109 2
68 58 4
35 84 4
12 26 2
106 82 1
87 62 2
132 96 3
41 62 2
129 60 2
122 69 3
81 132 1
103 93 2
4 25 3
42 17 3
78 125 3
102 70 3
27 64 1
65 72 3
116 86 2
140 82 2
33 109 1
69 116 1
125 134 3
83 13 3
93 111 2
137 54 4
54 7 4
116 106 2
83 30 3
29 140 1
29 75 1
82 8 1
43 129 4
119 103 1
16 140 3
39 75 1
10 113 2
101 35 1
42 138 1
97 84 1
106 69 2
71 75 3
47 97 2
60 142 4
81 20 1
144 17 1
102 111 2
70 99 1
120 19 3
16 59 4
96 112 2
50 141 3
17 54 4
12 14 2
24 147 4
30 0 3
140 96 3
51 67 4
136 51 2
25 100 3
116 36 3
59 127 3
144 136 1
116 130 3
69 66 2
57 75 1
63 64 4
17 106 3
108 98 2
52 62 1
67 80 4
20 126 3
84 11 2
11 95 1
130 98 1
53 111 4
103 45 4
98 35 4
33 8 4
54 26 1
121 21 2
3 79 2
122 50 4
145 111 1
100 94 3
41 114 3
41 0 4
43 25 2
135 77 2
17 107 4
110 9 1
72 46 2
112 50 2
58 138 1
10 47 1
36 32 1
62 121 4
51 90 1
83 91 4
58 119 1
67 37 4
135 119 1
99 76 3
33 118 3
144 104 4
8 114 3
111 50 2
39 27 2
74 50 3
138 36 3
103 131 4
64 45 4
123 91 3
146 84 3
13 52 4
10 13 3
142 99 4
134 106 1
81 39 4
56 111 1
147 80 3
47 93 2
29 128 1
90 35 3
145 68 2
120 126 4
140 138 2
129 10 4
38 71 3
109 98 4
120 114 3
133 135 4
126 78 2
72 100 4
12 102 1
57 62 4
5 47 1
24 28 2
141 136 1
87 75 4
64 91 4
70 27 4
39 30 3
145 143 3
83 43 2
24 33 2
11 50 2
69 29 1
31 53 2
105 85 3
94 75 3
116 18 1
50 123 2
60 55 2
147 20 3
16 104 2
130 68 3
43 2 1
133 15 1
17 56 2
14 110 2
56 45 2
95 101 4
77 128 4
45 4 1
110 17 4
73 132 4
51 59 2
87 68 2
31 127 2
50 114 1
16 64 3
35 87 1
4 122 3
6 133 2
99 148 2
95 120 4
7 13 3
69 118 4
91 52 2
50 128 1
27 15 3
139 29 3
6 85 3
38 42 3
40 93 1
102 104 4
123 95 4
94 36 1
12 93 3
27 81 2
73 13 2
81 48 2
82 95 3
64 39 1
137 129 2
95 107 3
106 70 4
42 26 1
134 33 4
133 134 4
38 79 3
147 105 2
121 7 4
75 74 4
131 58 2
59 131 2
115 47 1
40 145 4
135 92 4
23 60 3
145 140 3
13 134 3
48 52 2
96 79 2
25 101 1
99 100 2
84 64 1
46 107 2
109 123 4
96 2 3
60 45 3
61 69 1
77 127 4
113 78 4
103 66 2
8 58 1
128 90 3
59 56 2
7 8 2
121 72 4
117 113 1
115 74 3
7 136 4
125 107 3
20 86 4
35 76 2
17 46 2
6 17 1
32 50 4
95 7 4
148 96 4
78 49 2
58 17 2
84 80 1
66 123 2
96 6 3
2 13 4
19 44 4
116 101 3
145 130 2
37 100 3
8 61 1
74 23 2
95 5 2
76 43 2
108 123 3
143 12 1
138 34 2
37 44 1
109 0 1
139 106 1
122 101 3
28 11 4
0 21 3
17 93 4
73 29 1
37 30 3
134 26 4
135 126 2
27 20 2
122 133 3
2 112 3
129 62 3
136 84 3
71 36 2
12 44 1
43 137 4
127 104 3
0 127 3
9 10 2
54 46 2
75 100 4
40 50 2
85 141 2
99 91 1
55 131 3
6 86 2
81 42 2
4 32 3
84 27 3
68 119 4
62 127 1
113 22 3
6 10 2
69 41 1
111 143 2
82 54 2
35 12 1
28 144 4
112 118 4
68 94 4
94 23 4
131 70 3
58 112 4
132 83 1
46 32 1
87 95 3
76 61 4
8 95 1
75 64 2
3 23 3
147 115 1
130 16 4
105 108 1
140 62 4
56 126 4
13 66 4
13 9 1
90 8 3
44 141 4
148 28 3
33 112 4
110 21 1
115 93 4
79 23 3
1 112 1
25 147 2
67 8 2
38 65 3
6 65 2
46 110 1
14 77 4
61 55 1
47 120 4
3 110 2
28 13 1
7 2 4
127 29 3
104 59 4
59 92 1
39 127 2
34 74 3
116 102 1
32 70 2
98 126 4
120 102 2
78 138 2
65 117 3
132 25 3
40 69 1
72 124 1
95 9 2
94 136 3
27 4 1
102 46 2
104 34 3
21 60 3
91 17 3
8 18 4
101 8 3
46 104 4
68 81 3
26 148 4
70 100 2
116 48 4
125 66 3
73 53 2
135 30 2
33 140 1
112 85 1
144 21 1
139 70 2
3 5 2
142 10 4
139 83 2
122 129 4
1 102 1
34 8 2
131 72 3
64 124 3
56 147 4
99 55 4
112 148 4
49 129 4
138 67 2
130 147 2
110 32 4
16 5 2
27 85 1
47 75 2
122 68 1
21 55 4
25 51 4
127 105 4
133 74 4
62 103 2
34 55 4
35 144 2
47 52 1
128 11 3
129 33 2
64 14 2
138 112 2
1 46 2
111 96 4
15 117 1
73 83 4
92 43 4
136 85 4
79 45 2
99 13 4
18 70 1
63 20 2
5 18 1
98 73 4
22 126 3
16 80 1
35 24 3
56 110 3
88 91 2
131 69 1
67 49 3
144 15 1
73 7 2
6 29 2
140 88 2
138 74 2
13 89 4
58 31 2
95 128 3
2 82 2
102 96 2
68 127 3
125 89 1
88 14 1
42 140 2
102 62 3
40 76 3
62 59 2
1 66 4
68 116 3
128 52 3
39 52 4
12 146 2
139 19 4
5 74 2
26 81 1
63 97 3
116 127 1
15 28 3
19 118 1
112 79 2
96 138 1
126 115 1
64 138 4
14 92 4
118 141 2
102 123 3
89 61 4
121 146 3
9 52 2
74 111 2
54 132 4
67 101 4
107 142 1
107 37 4
114 17 2
89 81 3
139 53 2
68 103 3
36 87 1
62 97 4
69 23 4
24 91 2
101 142 2
79 149 3
24 108 2
118 109 1
90 146 4
42 134 2
6 129 1
23 22 3
104 92 2
120 148 2
145 48 1
98 45 1
68 106 4
142 9 1
41 54 4
92 144 3
22 95 2
97 86 4
142 141 3
36 79 4
7 70 4
114 52 3
124 139 1
137 103 2
89 10 2
119 110 1
19 2 3
13 144 4
53 76 1
69 13 3
102 142 4
73 149 4
23 32 1
49 95 2
114 140 1
4 114 1
68 33 4
5 73 3
88 57 2
60 90 3
21 24 3
38 33 1
30 132 3
8 65 3
36 42 4
105 62 2
50 100 3
76 94 3
34 69 2
15 31 2
139 104 4
108 65 4
63 69 1
102 68 2
145 136 4
23 5 3
47 96 3
124 74 3
101 7 1
62 15 4
84 112 1
28 79 1
110 135 3
146 32 2
41 72 1
89 25 3
86 111 4
73 114 2
137 96 3
148 57 2
66 99 1
23 51 4
34 149 4
22 62 3
118 79 1
81 13 1
148 92 2
59 106 4
43 142 2
146 81 3
79 18 4
108 54 1
130 136 2
76 91 4
19 145 1
54 0 1
72 57 1
16 116 3
9 132 2
114 18 3
48 65 3
64 98 3
40 101 3
35 114 4
66 48 2
147 13 3
124 34 3
73 70 4
124 36 2
43 112 4
136 13 2
125 77 1
32 49 1
40 14 1
24 65 1
37 5 4
91 114 3
85 4 3
46 93 3
51 81 4
107 76 2
94 108 3
72 69 1
22 134 4
57 46 4
44 144 2
28 112 2
134 91 4
136 70 4
102 125 4
66 49 1
112 129 1
4 117 2
121 122 3
51 122 1
53 97 1
59 85 4
87 131 4
24 85 1
34 112 1
4 9 1
16 88 3
15 30 4
99 144 3
75 132 2
42 1 4
140 132 2
132 138 4
65 94 2
96 4 2
21 37 2
148 139 3
36 3 2
33 95 2
72 36 3
39 139 3
56 125 1
92 25 1
43 58 2
88 58 4
104 116 3
95 91 3
2 73 3
17 118 1
111 57 2
45 67 4
31 102 1
132 139 1
105 39 2
18 99 3
137 9 2
32 54 1
132 59 1
7 37 1
95 39 1
108 113 4
70 96 4
13 79 2
26 147 3
122 14 1
105 20 4
60 115 3
54 104 1
62 2 1
47 0 3
89 46 1
67 29 3
63 75 3
65 34 2
44 51 4
121 139 2
47 44 2
32 128 1
66 85 1
25 77 3
47 111 4
69 39 4
108 22 2
124 128 4
39 54 3
4 82 1
99 112 2
77 83 4
149 91 1
20 61 1
21 52 3
36 122 2
93 32 3
28 92 1
89 33 4
112 26 2
44 48 1
147 6 2
7 104 3
110 72 4
44 49 1
50 65 1
141 132 4
124 70 4
72 53 3
25 127 4
68 91 4
101 138 1
41 147 3
24 2 4
25 46 2
28 96 1
85 116 1
133 123 4
93 80 1
112 23 4
118 100 1
89 29 1
133 1 1
63 100 4
71 56 3
82 145 1
15 120 1
143 78 2
96 51 1
134 104 3
132 61 3
30 38 1
124 2 4
4 143 4
65 76 1
133 37 2
100 4 3
104 33 2
58 103 4
16 71 1
91 110 3
72 141 4
60 133 1
79 51 2
135 91 3
48 79 4
129 20 2
28 63 1
118 115 2
100 49 4
107 1 1
77 63 1
98 20 2
129 135 3
119 42 3
98 102 2
37 64 2
114 1 2
116 82 2
133 130 3
134 54 2
81 123 2
110 121 4
29 18 4
108 39 1
105 113 1
86 36 2
7 74 4
124 111 3
149 129 4
17 0 4
124 122 2
65 5 3
24 113 1
69 148 3
130 89 2
5 67 3
70 110 2
106 54 4
8 134 2
2 64 3
6 24 2
109 108 2
99 115 1
20 49 1
84 1 3
41 22 3
39 110 3
33 98 4
9 24 3
97 46 1
147 127 4
42 16 4
14 49 3
69 53 3
84 29 4
79 128 2
21 65 4
137 73 1
6 76 2
90 125 1
40 52 1
85 54 4
106 124 1
61 35 2
54 139 1
75 130 1
71 19 3
102 101 4
68 88 2
143 126 1
2 103 4
86 5 4
128 131 2
52 126 2
3 119 2
118 43 3
147 73 1
138 84 2
130 8 2
97 29 2
121 147 3
74 95 2
31 29 2
16 138 2
78 25 3
144 125 1
115 42 1
103 48 1
107 40 4
145 118 4
75 45 2
31 79 4
77 121 3
49 136 2
48 141 3
95 21 1
73 0 3
147 135 3
99 9 2
88 42 2
79 22 2
29 47 3
55 87 2
112 38 1
26 50 3
3 103 3
148 123 4
56 131 2
14 78 1
134 45 2
98 97 4
137 122 1
125 37 1
116 97 1
32 39 3
119 128 2
68 113 3
146 35 1
82 73 3
117 54 1
59 22 4
8 132 1
103 55 2
14 61 1
42 49 3
42 39 4
54 145 3
58 132 1
25 55 2
26 8 1
143 48 4
131 34 1
86 147 1
16 141 3
48 16 2
27 75 3
37 46 2
5 76 4
85 135 4
73 52 4
104 132 3
46 45 4
0 4 3
89 60 2
73 61 3
92 4 2
7 146 4
25 140 1
32 120 2
1 59 1
86 62 3
58 106 2
107 71 1
143 129 3
135 139 3
76 63 1
15 125 3
26 131 2
93 86 3
76 69 4
47 113 3
134 79 3
68 83 2
48 77 3
107 32 4
14 41 3
21 84 2
87 15 1
137 53 1
65 109 1
102 76 1
73 120 1
80 29 4
9 128 4
29 60 4
105 65 2
44 34 4
28 141 4
7 80 2
82 124 1
80 127 3
115 26 4
129 65 3
47 146 4
14 17 1
117 94 3
124 24 1
142 21 1
70 40 2
144 97 1
145 64 3
41 11 1
140 123 2
48 64 3
133 140 1
89 63 2
29 56 4
138 21 4
33 43 1
7 55 2
46 6 2
42 66 1
99 89 2
25 145 3
7 63 1
32 52 2
87 73 3
21 13 4
50 55 4
121 131 2
0 143 1
114 10 1
42 15 4
85 97 2
28 57 2
38 56 3
94 29 4
41 133 3
64 31 1
95 84 3
127 67 4
73 31 4
143 41 4
95 48 4
25 144 3
55 51 2
25 31 4
15 71 2
30 91 1
83 10 3
96 125 3
146 45 1
100 112 2
116 39 4
19 6 1
89 121 1
89 96 2
48 113 3
89 9 3
135 4 1
109 24 4
45 104 3
143 114 1
67 47 3
33 130 2
123 129 2
78 6 1
140 27 4
111 51 2
44 65 1
85 9 2
80 17 2
131 17 2
130 13 2
27 40 3
107 73 4
127 129 1
137 113 2
115 94 3
82 24 1
145 34 3
27 78 1
5 140 3
70 119 1
14 28 3
22 13 1
4 19 1
117 105 4
69 8 4
105 103 3
120 65 4
20 13 4
66 97 1
25 42 3
37 16 2
113 57 1
15 7 3
58 75 2
63 59 1
1 145 1
42 21 4
125 122 1
97 72 4
127 40 4
123 135 1
114 64 4
139 52 3
92 54 2
10 76 1
49 5 4
146 16 1
133 118 4
43 6 1
85 94 2
34 136 1
5 116 2
101 71 1
104 111 1
79 135 3
130 82 3
138 108 1
43 87 2
147 64 1
130 108 2
126 28 4
45 144 1
65 102 4
137 139 2
17 124 1
1 113 1
121 145 3
28 145 1
120 135 4
94 69 1
86 29 4
135 41 3
8 76 2
67 149 4
60 116 4
50 143 4
94 135 1
45 81 2
63 144 1
72 22 4
24 121 1
81 49 3
67 90 2
50 88 1
123 134 3
6 97 4
40 34 2
128 72 3
29 115 4
79 33 3
47 82 4
55 22 3
77 93 3
37 22 3
2 77 2
42 136 4
64 36 1
18 52 4
121 116 2
63 2 2
84 73 2
120 0 1
56 82 3
59 43 1
50 118 2
104 84 1
92 141 1
29 41 4
134 121 4
66 37 4
125 60 3
44 0 2
99 117 1
18 123 3
134 92 3
55 86 4
135 88 3
22 8 1
33 66 3
131 77 2
13 6 2
82 52 4
114 98 4
30 111 2
40 5 1
149 100 3
77 119 1
38 88 1
71 6 2
42 31 2
74 80 3
36 13 3
140 59 1
76 4 3
57 81 3
3 100 4
19 35 2
132 15 4
37 146 3
71 4 1
111 147 4
7 21 1
114 137 1
75 143 4
40 49 1
45 95 3
111 58 3
39 93 3
47 53 3
147 43 2
92 149 2
139 49 2
8 77 1
28 111 1
35 99 3
96 42 1
147 40 2
113 65 1
51 138 4
96 57 4
86 19 4
141 63 3
8 89 4
66 121 4
82 27 3
58 85 3
53 7 2
110 114 1
43 8 1
65 149 2
74 94 4
33 12 1
6 33 4
107 15 4
87 116 3
147 84 1
8 24 4
85 138 2
102 122 4
35 139 4
50 149 4
6 53 1
147 104 3
131 44 2
47 58 4
69 9 4
145 45 4
32 18 4
21 22 4
111 37 3
70 127 1
104 10 1
0 51 2
31 98 4
73 145 4
8 56 3
135 61 4
14 60 3
78 65 1
119 117 1
29 133 1
61 41 3
141 75 2
103 107 3
11 29 2
15 17 3
147 83 1
38 16 4
17 13 4
93 0 4
94 130 4
67 134 3
88 35 4
137 132 2
143 37 1
120 3 4
94 81 1
97 104 2
35 118 3
110 29 2
99 101 2
29 148 1
30 27 3
20 104 3
113 43 4
32 136 1
76 87 1
5 130 3
75 89 4
134 70 1
85 119 4
39 20 1
133 138 3
131 109 1
84 20 1
104 4 3
33 106 3
15 19 2
142 108 4
91 67 4
18 12 1
125 55 3
56 118 1
59 94 4
80 28 3
65 69 1
41 144 4
90 91 1
52 75 1
140 130 1
63 84 2
44 57 1
102 121 3
12 114 4
26 121 2
31 43 1
138 135 1
100 12 1
17 87 4
35 13 4
68 41 3
51 53 2
129 109 1
19 66 1
87 135 1
104 76 1
108 36 3
12 1 2
106 90 2
55 89 1
134 108 1
104 21 4
34 100 2
11 121 2
56 28 2
75 66 1
3 83 4
99 82 4
125 106 2
25 102 4
146 76 4
140 101 3
55 8 2
128 138 2
40 21 4
149 2 4
76 47 1
101 53 3
118 142 2
4 23 2
141 83 1
32 8 4
38 129 1
51 118 4
75 139 4
8 133 1
85 91 3
29 59 3
49 101 1
126 103 2
3 10 3
120 74 1
80 129 1
127 90 1
87 103 1
53 22 4
32 121 2
137 131 4
107 20 4
83 116 3
118 72 1
0 131 4
115 105 1
107 54 1
114 33 2
139 96 1
128 107 2
140 69 1
101 29 2
82 88 4
125 85 4
34 54 2
107 123 1
23 96 1
4 119 4
103 127 1
101 119 1
144 94 1
33 74 2
4 62 2
127 32 1
19 21 1
61 77 1
15 41 4
82 74 4
20 118 3
125 114 2
135 143 3
32 60 1
91 146 2
83 16 2
76 89 4
131 71 2
53 90 2
78 23 1
77 92 4
53 30 2
13 75 1
144 54 1
109 15 4
62 0 1
36 65 2
3 47 3
103 16 2
43 98 2
60 47 3
41 89 4
87 3 4
73 90 4
65 47 1
96 19 2
55 44 3
141 78 3
55 144 1
45 7 3
12 76 2
51 142 2
41 1 1
91 28 1
31 23 2
97 23 4
59 67 4
68 52 2
96 135 2
147 103 3
50 48 4
50 109 3
105 64 2
137 123 1
11 92 3
13 107 1
112 54 1
48 131 3
141 94 1
5 77 3
75 21 1
92 79 2
15 8 3
49 110 4
96 74 1
19 109 3
74 27 4
5 9 1
147 149 2
136 30 4
99 113 3
84 145 1
33 83 3
73 1 3
134 96 3
6 77 2
112 36 2
39 4 2
33 102 4
40 129 4
38 67 3
72 24 2
134 81 1
138 81 3
6 8 2
87 49 2
50 101 3
114 130 3
65 119 4
4 97 2
110 132 1
36 106 4
143 30 3
135 99 1
35 103 2
106 149 3
130 109 3
112 106 3
21 128 2
91 105 3
132 16 2
4 50 2
45 65 4
17 84 3
44 56 2
10 46 4
89 36 2
72 27 3
123 40 4
78 95 2
94 16 2
49 16 2
104 14 2
49 50 4
29 35 4
4 140 4
96 43 3
75 69 4
55 114 2
35 39 3
38 21 3
15 40 3
138 119 2
149 94 2
42 24 4
21 46 4
116 25 4
64 72 4
59 100 4
76 57 4
30 85 4
53 62 1
56 124 4
27 123 1
123 36 4
92 113 2
48 62 4
0 100 4
63 138 1
20 121 2
90 138 2
25 20 3
127 7 3
69 91 2
73 131 1
41 85 1
42 61 4
128 17 4
68 43 2
70 145 2
47 63 2
139 89 4
134 17 3
57 7 4
10 80 4
41 64 4
20 11 1
80 142 1
77 58 1
71 149 4
12 54 2
93 48 4
11 8 1
149 121 1
11 145 2
81 121 4
75 67 4
104 37 3
65 56 1
79 7 4
4 41 1
19 25 4
102 5 4
7 9 2
72 10 4
54 75 3
142 124 3
7 12 4
33 58 1
39 5 2
143 49 1
104 1 2
67 98 2
34 26 2
66 120 2
85 102 2
9 33 4
42 100 3
55 69 4
23 143 2
63 1 1
81 126 3
48 121 1
136 62 2
7 123 4
83 69 1
14 96 3
49 47 2
96 15 1
2 8 4
11 62 1
55 23 4
72 89 1
35 70 1
9 109 2
78 61 2
11 100 3
68 40 3
84 69 2
29 4 2
95 109 2
126 139 1
32 42 2
14 6 3
8 47 2
48 144 1
127 112 4
29 62 2
101 23 4
76 23 2
144 59 3
25 5 2
132 67 2
18 2 2
24 45 4
147 139 3
7 65 1
18 63 2
3 146 1
1 92 2
107 97 4
18 95 1
123 32 3
43 101 2
66 39 2
126 1 4
97 142 3
80 23 1
34 6 2
36 55 2
73 125 2
58 78 2
69 25 1
99 69 1
132 57 1
148 13 1
68 48 1
92 63 4
134 95 4
80 112 4
44 39 4
109 6 3
50 79 2
146 140 3
54 35 4
64 23 4
43 69 3
14 103 1
22 117 2
68 65 4
104 6 1
18 106 4
26 2 4
95 44 2
91 79 4
44 97 1
27 1 3
43 94 2
33 31 3
97 110 1
33 124 1
109 91 2
115 129 1
47 38 2
53 92 3
30 146 3
22 16 4
124 127 2
140 14 3
81 8 4
62 144 2
85 0 4
105 9 2
97 25 2
85 80 1
5 103 1
90 136 2
114 67 1
53 8 3
5 45 2
121 87 3
3 68 1
24 59 3
78 73 4
96 77 4
33 127 1
93 73 3
20 88 1
4 61 1
0 98 3
11 93 2
101 97 2
34 9 4
146 28 2
9 51 1
138 82 4
77 26 2
120 7 3
136 97 4
22 144 1
118 83 3
117 132 1
58 110 4
119 18 2
88 143 3
96 24 1
122 80 2
63 41 1
142 112 1
137 27 4
33 45 3
49 121 4
27 44 2
58 79 1
55 24 2
33 91 4
54 48 4
68 18 3
51 117 1
79 5 4
21 69 4
2 42 2
93 118 3
138 59 4
50 83 4
58 55 4
131 76 2
80 136 4
9 93 2
123 145 2
2 61 1
28 31 1
76 86 1
126 9 3
146 65 2
33 121 4
71 129 4
127 98 3
82 41 3
40 20 3
62 82 2
121 9 3
27 142 2
69 36 4
34 113 3
47 132 3
97 112 3
124 7 4
20 38 2
12 124 1
47 90 3
111 83 3
146 77 3
65 30 2
126 122 1
51 50 4
97 10 4
34 42 2
104 42 4
38 109 2
5 143 1
119 92 2
121 53 4
123 33 2
138 149 4
9 64 4
124 104 4
96 67 3
31 47 4
41 57 3
4 35 1
136 41 2
106 144 1
11 148 2
40 116 3
60 73 2
80 3 1
30 106 4
71 24 3
24 142 3
13 102 3
42 137 4
142 76 2
49 61 3
81 97 1
122 8 4
85 21 2
46 76 3
25 110 1
62 118 3
131 86 3
90 68 1
107 58 4
81 5 1
45 141 2
146 9 1
9 129 1
136 48 3
34 110 2
18 55 4
128 120 2
98 14 1
141 5 2
143 73 3
64 115 4
121 73 3
7 126 4
61 82 4
124 80 2
106 131 3
142 98 1
132 120 3
30 69 1
123 79 3
99 137 2
112 143 1
134 62 1
82 78 3
85 108 4
139 21 2
16 98 1
142 133 1
114 81 1
31 2 2
61 142 2
79 114 3
41 146 1
18 142 1
0 140 4
70 126 1
50 10 4
106 61 2
11 130 3
23 12 3
27 34 3
131 133 4
90 108 1
63 121 1
128 140 2
93 121 4
145 100 3
35 95 4
128 15 2
142 110 1
130 48 4
43 89 3
100 30 2
123 67 2
54 47 3
13 29 1
149 18 2
134 131 4
79 84 2
37 91 3
19 132 3
139 80 1
11 10 3
133 146 3
22 19 4
66 96 1
125 61 4
131 9 2
62 21 4
18 134 4
136 69 3
33 62 1
141 39 1
18 46 1
136 115 1
110 144 2
134 84 3
104 47 3
51 58 4
72 117 4
35 116 1
91 141 3
42 3 1
22 101 3
68 146 2
91 32 3
55 28 3
106 21 3
117 35 1
77 108 1
75 91 2
3 52 3
14 30 1
131 90 3
143 13 1
42 70 4
50 133 3
71 146 3
64 81 1
74 70 4
36 96 1
30 18 1
18 127 1
37 80 3
77 50 3
82 25 4
99 83 3
132 90 2
88 134 2
93 37 1
10 75 4
101 91 3
63 23 2
23 102 4
116 140 3
48 100 1
2 46 2
92 102 4
53 11 4
47 140 3
69 14 4
35 126 3
28 99 4
60 83 3
108 104 4
98 123 1
30 102 1
128 130 4
61 103 2
41 122 1
76 125 3
17 136 2
87 58 4
145 39 1
86 130 3
31 38 4
0 37 4
84 100 4
75 78 2
118 48 1
50 12 2
20 101 2
112 119 1
78 117 3
1 141 3
32 61 3
90 97 3
117 36 2
124 91 1
75 116 1
112 134 1
44 96 2
135 16 1
28 130 2
87 2 3
100 107 2
15 22 4
84 6 2
125 140 1
27 121 2
36 26 2
12 101 1
57 59 2
97 16 3
108 9 1
12 73 4
102 63 4
62 100 4
82 141 3
63 45 4
64 35 1
98 136 3
77 27 2
23 52 3
92 69 4
94 119 4
78 115 4
9 37 2
114 132 1
143 28 3
126 73 1
16 87 1
13 97 1
0 33 1
66 16 3
66 145 1
22 5 4
52 53 4
85 71 3
1 91 2
103 115 2
136 121 4
29 45 2
73 81 2
52 56 3
33 64 3
1 121 3
85 82 1
76 133 3
102 64 1
66 15 3
141 122 1
73 110 1
115 70 4
39 67 4
74 15 1
117 38 1
145 37 2
59 120 4
81 107 4
120 71 4
18 141 4
27 35 1
81 63 4
125 147 3
72 82 2
60 18 1
109 34 1
124 93 1
10 149 3
65 98 3
21 1 1
18 54 2
79 6 2
82 43 2
84 49 2
67 43 3
83 20 4
135 10 4
108 126 4
147 2 2
143 69 1
2 33 4
30 99 1
65 39 2
47 79 3
114 145 3
129 81 4
3 66 2
126 65 4
66 40 4
133 36 2
29 34 1
31 18 1
10 7 4
81 102 4
117 73 3
58 39 4
64 46 3
124 85 3
94 13 4
86 22 4
106 3 4
128 62 4
62 70 3
14 76 3
129 100 4
70 58 4
104 146 2
85 139 4
140 106 3
32 104 1
52 106 1
115 106 1
78 122 4
39 26 2
130 91 2
9 73 3
19 124 3
97 77 3
54 105 2
32 55 3
14 144 4
134 0 1
102 113 1
87 147 1
67 115 1
18 73 4
90 77 4
27 66 4
101 72 3
11 43 4
16 91 3
73 119 2
46 62 2
58 71 4
109 20 4
130 134 1
89 45 1
76 110 2
0 101 2
65 115 3
0 24 4
54 1 4
58 81 1
97 133 2
66 76 1
111 55 1
39 82 1
24 111 2
25 91 1
74 0 3
38 57 1
71 105 3
80 19 3
76 68 1
105 119 4
107 135 1
47 64 2
125 8 4
127 54 2
57 93 1
36 111 2
149 78 3
131 140 4
73 103 4
31 61 1
14 107 4
132 69 1
146 50 2
37 89 2
117 39 2
103 33 2
80 36 1
87 141 3
4 115 3
12 55 2
113 41 4
95 1 4
37 126 1
30 108 2
128 73 4
122 22 2
127 8 4
61 101 1
20 71 4
107 80 1
58 67 4
124 25 4
116 139 3
27 96 4
136 114 4
45 125 3
133 57 3
100 97 2
137 75 2
29 119 2
38 122 4
141 134 3
25 50 3
26 20 1
116 142 3
146 26 1
92 38 1
138 123 4
97 127 2
48 49 4
130 59 2
143 147 2
131 117 4
104 49 2
77 24 4
15 86 4
146 102 2
3 6 4
15 58 4
13 0 3
118 99 1
85 56 2
56 67 3
16 100 2
97 131 1
103 85 2
138 130 4
82 75 3
135 9 4
138 114 3
63 73 2
60 93 2
109 14 1
60 69 1
126 42 4
40 90 1
101 96 2
48 138 3
4 109 2
140 78 2
72 23 4
66 43 3
22 88 4
50 29 3
64 8 1
64 111 2
66 31 2
14 0 2
139 88 2
111 71 4
10 147 2
92 108 1
88 51 3
63 149 1
119 143 2
57 15 1
135 70 4
146 29 1
64 61 2
75 65 2
5 105 3
32 125 4
69 68 3
108 99 4
55 140 4
37 79 1
80 108 1
40 112 2
28 117 2
87 18 2
16 144 4
84 18 3
149 17 4
123 84 4
127 101 3
84 37 2
16 32 2
134 28 3
76 28 4
104 38 3
60 80 4
38 119 3
133 3 3
144 142 4
57 56 2
76 44 4
65 18 2
35 100 3
142 121 1
48 110 2
31 69 1
48 9 1
115 14 3
38 23 2
10 27 3
131 80 1
95 122 3
112 30 2
58 134 3
108 122 1
54 101 3
82 122 4
68 129 2
51 15 2
82 46 1
50 69 1
102 124 1
132 72 1
38 9 4
142 126 4
130 55 3
99 16 4
136 0 4
26 57 2
59 112 2
45 102 1
104 133 4
75 107 1
80 53 1
39 104 2
61 146 1
9 136 1
149 144 4
60 138 4
149 115 2
71 53 1
41 34 3
137 101 1
41 36 2
5 17 1
59 126 4
47 138 2
38 146 2
80 97 3
146 134 3
108 135 3
146 48 4
87 110 1
82 34 2
92 147 1
29 93 1
113 138 4
108 72 2
88 49 1
98 3 4
83 70 2
33 69 1
111 113 1
87 27 1
147 19 3
103 38 1
22 92 1
74 143 4
92 64 4
39 31 2
138 95 3
126 25 2
135 63 1
120 24 4
113 25 2
86 48 3
56 50 1
109 69 2
44 108 2
44 16 4
90 140 3
48 34 1
68 67 2
30 97 2
21 116 2
22 145 2
5 62 1
9 8 4
50 9 3
41 78 4
68 70 3
115 140 3
126 110 3
73 122 4
44 11 1
92 145 4
9 43 4
139 73 2
46 35 4
23 135 4
16 119 2
28 125 1
42 122 3
108 14 4
107 0 4
0 34 4
75 129 4
70 46 2
117 37 3
135 116 3
48 60 3
71 17 2
86 13 4
85 15 4
122 76 2
135 81 2
141 131 4
54 62 2
30 70 1
137 95 1
15 59 2
9 79 2
134 66 2
111 141 3
37 81 1
105 93 2
25 9 2
79 116 1
43 35 1
142 15 2
45 18 4
106 96 3
132 101 4
59 114 4
74 142 2
16 61 1
6 52 3
54 102 4
12 11 3
55 122 2
144 119 4
142 149 4
78 60 3
85 118 2
24 39 3
144 124 1
122 111 1
124 137 2
4 37 1
13 65 2
111 114 4
94 33 3
0 63 1
3 29 3
38 22 2
25 0 3
128 56 3
70 72 2
47 125 1
77 118 2
45 111 2
118 88 2
138 139 2
73 105 2
105 2 3
100 119 4
123 56 3
49 109 2
90 105 2
125 126 4
142 88 1
125 49 3
126 116 2
44 9 2
5 70 3
54 64 2
98 42 2
17 88 1
89 19 4
111 6 4
54 33 1
66 46 2
77 45 3
149 40 2
118 16 3
81 35 4
138 106 1
115 30 3
65 3 4
15 93 4
59 88 3
56 69 2
3 86 1
14 3 4
97 42 4
26 19 4
65 43 4
10 55 2
50 96 3
116 30 3
102 77 3
13 50 4
91 4 1
86 115 2
77 20 3
99 54 4
8 28 3
74 72 2
118 9 4
52 50 4
76 73 2
18 112 4
25 2 3
2 70 1
92 7 2
22 98 3
2 135 4
43 21 4
128 13 3
147 85 3
145 79 4
20 114 2
96 91 4
85 32 3
114 131 3
109 132 3
0 6 1
70 120 3
54 149 1
68 60 2
65 121 4
91 82 2
124 73 3
62 108 2
1 76 2
31 105 4
60 11 4
117 93 4
118 119 2
87 102 2
87 101 1
35 107 4
1 78 2
28 23 3
106 72 1
76 136 4
121 19 4
146 66 3
130 104 2
24 104 1
140 71 4
63 132 3
24 138 1
58 9 4
0 129 1
40 45 4
98 62 3
19 38 1
137 80 3
127 26 4
96 98 2
51 73 4
66 56 1
78 84 4
121 140 4
113 20 2
115 96 3
97 22 2
77 55 4
46 29 2
56 7 1
77 42 2
94 120 2
0 130 2
12 59 3
86 95 4
139 122 2
84 34 4
80 12 1
49 122 1
52 103 2
17 74 1
69 144 2
76 100 3
61 22 1
7 66 1
20 106 2
52 122 1
31 3 4
85 51 4
34 11 3
141 69 1
96 88 1
125 44 1
81 34 2
96 142 2
138 80 3
133 10 4
148 31 1
62 109 2
123 143 1
13 122 4
75 70 4
42 37 2
117 109 4
36 103 3
118 96 4
37 24 2
112 89 1
60 140 3
136 133 2
50 41 2
83 47 4
36 98 2
91 42 2
83 1 2
117 70 2
23 34 3
89 145 2
99 81 3
127 30 2
145 103 4
102 50 4
95 89 3
62 8 1
50 107 4
70 122 1
96 46 2
71 135 4
15 34 2
52 147 1
1 94 3
14 136 1
77 7 2
41 140 3
1 26 4
20 128 1
71 89 2
92 49 4
147 33 1
22 143 2
122 148 2
22 81 3
37 94 1
91 10 3
7 75 1
138 110 4
66 26 2
76 117 2
103 88 2
13 123 1
128 149 1
22 27 1
57 30 3
125 92 1
89 52 4
145 98 4
53 40 3
146 8 3
28 45 4
71 68 3
38 48 4
96 22 1
13 49 2
89 67 1
5 92 1
59 95 3
111 126 4
128 18 4
119 56 4
144 75 2
47 6 4
148 77 3
133 81 3
12 9 4
0 84 4
125 62 3
101 32 1
34 101 2
100 7 3
133 31 3
67 84 2
52 36 3
78 87 2
81 116 3
65 4 2
33 146 2
119 122 3
131 57 4
94 109 2
103 132 1
47 33 4
120 115 1
100 125 4
2 17 3
95 98 2
53 93 2
94 118 4
103 109 3
101 92 1
112 25 2
148 133 3
29 9 3
133 42 3
33 37 4
18 82 2
121 91 4
144 38 3
30 137 3
145 87 2
100 132 4
82 28 2
18 113 1
144 101 1
114 58 4
84 88 4
108 133 3
103 39 4
27 145 4
48 120 3
145 35 3
11 61 4
21 5 3
137 56 4
106 73 4
20 145 4
53 98 2
71 35 2
84 89 3
63 101 4
107 61 1
17 11 3
23 27 2
75 126 2
59 87 4
37 31 1
142 132 1
76 148 2
142 68 4
110 10 3
115 71 3
62 137 2
62 67 4
40 124 2
126 94 1
78 74 2
108 13 2
63 21 4
116 17 4
147 31 4
63 43 1
53 109 3
72 37 1
7 94 3
148 128 1
72 11 3
31 30 2
145 59 1
102 143 3
81 47 4
136 88 2
32 12 4
62 31 1
13 18 3
63 62 2
28 95 3
52 84 1
33 119 2
111 25 4
5 129 4
46 13 2
80 118 2
6 142 2
84 90 1
142 113 1
66 78 1
136 79 1
4 20 2
40 75 1
80 113 2
133 35 1
34 71 2
60 112 4
125 43 3
145 14 4
65 54 1
33 92 3
45 68 3
8 38 1
27 76 2
7 135 4
17 135 2
145 0 3
58 45 2
8 106 2
127 100 3
76 135 3
96 105 4
99 90 2
126 61 4
114 68 1
83 36 2
74 109 1
3 130 4
88 85 2
75 33 1
71 25 1
125 65 1
124 98 3
4 133 1
11 101 3
54 125 4
85 25 4
117 31 4
27 116 3
74 53 1
24 13 4
63 112 4
55 112 4
13 63 4
137 0 2
49 39 1
24 107 3
137 12 2
49 26 3
100 51 4
70 15 1
79 115 2
49 131 2
51 1 4
137 35 3
9 133 3
69 121 3
58 4 1
41 102 2
14 91 3
14 116 1
78 146 2
130 129 4
131 42 1
31 10 3
99 109 1
112 109 2
8 25 3
101 104 4
65 81 1
26 85 4
66 142 2
110 8 3
79 40 2
23 71 1
93 31 3
81 82 4
97 115 3
63 51 1
39 132 4
82 139 4
85 49 3
52 65 3
18 100 4
118 39 1
53 32 2
22 30 4
111 149 3
46 43 3
79 88 1
46 126 1
81 43 4
46 121 1
127 114 1
111 79 3
86 80 2
134 51 3
109 106 4
19 37 4
115 19 1
34 66 1
118 3 1
79 63 3
147 35 4
54 61 4
105 12 2
44 107 3
69 19 4
53 14 3
83 107 2
148 21 4
145 94 3
61 110 1
66 41 3
25 106 4
59 142 3
9 22 3
26 83 1
136 6 1
59 39 2
37 27 3
51 98 4
37 57 3
70 84 1
44 50 1
24 4 2
144 3 3
19 51 3
133 99 4
129 54 2
128 82 1
147 14 2
30 34 2
17 141 3
99 88 2
80 4 2
72 81 2
54 25 3
116 77 1
108 16 2
32 147 3
143 40 2
9 87 2
37 108 1
108 121 3
20 47 1
4 142 1
55 84 1
129 96 2
29 100 1
4 26 4
67 107 4
25 40 4
74 55 2
13 62 3
135 46 1
71 77 1
6 37 2
74 59 3
46 130 2
121 60 4
57 137 2
29 12 3
66 126 3
109 83 4
109 105 3
99 126 4
6 146 4
15 0 4
90 7 1
132 23 3
42 143 2
114 51 4
30 28 3
68 5 2
28 52 1
79 127 2
121 38 4
111 112 3
119 23 3
149 77 3
141 55 2
113 75 3
27 109 2
145 23 3
43 84 3
13 27 2
52 49 3
48 51 1
100 82 2
101 55 2
139 23 3
0 3 4
45 41 4
19 105 3
134 6 2
81 62 2
6 22 1
86 68 2
32 72 1
44 45 2
67 74 1
41 115 4
52 105 2
14 114 4
112 135 2
128 5 1
6 145 1
110 2 4
108 1 4
9 68 4
81 17 2
0 95 4
79 105 3
83 112 1
115 57 1
139 8 2
114 70 2
144 73 3
124 61 3
126 76 1
100 65 4
9 20 4
77 1 4
44 85 3
54 51 4
39 79 4
35 63 1
15 131 3
0 29 3
123 110 1
85 48 4
83 110 3
3 21 3
145 134 1
41 108 1
38 93 3
51 107 2
139 92 3
67 46 4
132 144 4
149 39 3
14 63 3
17 26 4
139 140 4
96 53 3
27 26 4
23 65 2
70 29 2
131 10 4
30 33 1
117 21 2
29 36 3
96 80 4
77 53 3
104 8 2
92 126 2
39 126 2
32 66 3
6 2 3
134 19 4
85 113 3
88 123 3
76 11 4
10 20 2
48 132 4
64 86 2
70 128 1
14 123 3
54 10 1
19 111 2
51 108 3
95 70 4
78 56 1
107 82 3
97 19 1
136 146 1
94 140 1
13 92 3
40 92 4
4 43 2
88 13 2
69 57 3
38 108 1
106 50 3
148 25 2
20 67 1
116 42 2
39 121 3
58 86 2
83 97 1
40 24 2
22 123 1
104 29 3
122 12 4
61 62 2
136 118 2
134 12 4
124 68 4
60 54 4
31 103 2
80 114 2
137 5 2
27 122 3
105 126 4
85 64 3
3 56 4
135 40 1
107 43 2
1 20 1
63 9 1
137 145 4
123 136 2
53 17 2
42 41 1
114 115 1
3 11 4
27 59 2
57 61 3
58 100 4
114 30 1
114 107 2
76 77 1
83 63 2
131 20 2
120 127 1
11 32 2
48 6 3
124 95 4
139 56 1
6 12 4
132 4 4
51 66 4
138 92 3
114 149 3
137 24 2
47 119 2
115 28 3
41 121 3
102 6 2
91 6 4
54 22 2
18 0 2
90 9 2
113 0 3
3 38 3
58 97 4
45 23 4
104 50 3
91 57 1
97 11 1
61 23 1
81 105 2
75 68 1
105 132 1
137 143 4
141 135 3
148 30 3
52 141 2
102 38 3
1 3 4
11 117 4
144 23 3
1 116 4
98 86 2
71 57 3
41 20 3
139 76 2
83 101 4
147 118 1
124 31 1
95 114 3
3 58 3
93 54 1
95 16 2
118 24 2
90 149 4
117 88 2
132 20 3
75 2 3
14 117 1
94 147 4
46 24 3
90 80 4
75 4 3
85 120 3
148 80 1
60 59 1
7 23 3
105 55 4
149 127 1
55 132 1
87 137 2
129 90 2
146 17 3
116 71 2
144 91 1
72 137 2
68 139 1
66 148 2
20 70 3
81 1 4
72 35 4
113 17 2
132 93 2
56 84 2
75 80 1
6 122 3
4 21 1
87 53 4
144 51 2
34 60 3
118 135 3
64 119 3
51 130 1
47 25 4
116 88 2
62 117 3
1 36 4
137 22 4
148 109 4
128 12 3
13 3 1
90 5 2
104 2 4
41 96 2
19 95 3
19 94 3
29 123 2
28 147 4
44 61 1
32 129 2
84 39 4
78 116 4
56 127 4
24 51 1
71 21 4
40 140 3
111 94 2
72 28 1
122 144 4
122 100 2
101 139 1
21 72 4
128 39 4
129 99 2
100 47 2
17 18 2
26 97 2
127 81 3
145 93 4
19 64 2
40 106 3
138 115 2
91 53 3
15 25 2
75 109 2
16 12 3
36 11 1
77 33 3
49 98 2
139 47 4
138 37 3
134 143 1
88 89 3
37 61 4
84 4 4
141 23 1
66 100 1
89 98 4
77 124 3
45 19 1
127 95 2
103 144 4
38 14 2
63 3 2
6 127 4
7 27 3
25 81 4
18 81 2
34 95 4
146 10 2
98 144 1
88 24 3
123 127 4
121 101 2
67 3 2
149 38 3
129 66 2
139 58 4
98 91 3
117 102 4
89 143 2
103 90 3
55 17 4
49 90 2
76 62 2
36 136 2
112 126 3
49 10 2
53 39 1
79 119 3
67 33 4
49 65 1
58 66 1
56 80 1
123 116 1
36 66 2
77 144 2
25 22 2
144 29 3
29 130 4
0 139 4
38 82 3
128 66 4
47 1 2
13 67 4
62 10 3
46 138 2
46 5 4
104 83 1
16 24 3
89 108 4
62 49 1
145 56 4
112 105 3
69 88 4
10 79 2
80 14 2
48 97 3
38 24 1
30 98 3
111 61 3
123 54 1
65 99 2
29 53 1
131 116 2
18 93 1
92 131 1
102 60 4
121 55 4
21 23 3
122 88 1
86 88 3
145 141 3
28 100 1
116 96 2
141 120 2
81 46 1
38 85 3
68 138 3
50 39 2
5 96 2
142 123 1
138 72 1
33 81 2
21 113 1
139 63 1
17 78 1
27 3 4
83 142 3
133 47 4
98 90 4
132 53 1
5 66 2
106 71 3
7 140 1
131 39 2
146 144 4
25 26 4
45 1 1
26 125 1
134 7 3
83 125 4
92 20 1
110 118 1
5 110 1
51 113 4
34 56 1
127 130 4
108 145 3
105 134 1
26 110 1
77 147 2
101 86 4
25 39 3
64 131 3
16 23 3
147 119 2
40 28 4
23 124 4
3 73 2
99 19 4
120 38 2
84 36 1
145 17 4
46 16 3
24 99 1
142 65 3
71 9 3
98 46 1
143 149 3
136 27 1
133 13 1
25 99 3
50 85 3
142 92 1
74 49 1
125 5 4
31 135 1
17 109 4
102 139 3
86 73 3
77 122 1
114 101 1
9 67 1
65 87 3
0 31 2
23 105 4
4 64 4
19 18 3
113 40 1
80 47 1
32 1 3
42 149 4
30 94 4
67 60 4
70 53 3
148 136 2
123 74 2
3 74 4
44 78 4
67 119 2
60 72 3
105 118 1
35 25 4
119 66 4
36 45 1
24 63 1
93 66 2
11 0 4
48 24 4
116 10 2
136 25 3
99 78 2
35 143 4
127 145 3
146 1 3
130 34 2
36 63 4
92 9 3
118 5 4
56 95 3
133 38 2
134 34 3
110 36 4
65 14 4
114 128 4
144 70 2
40 3 3
135 84 4
68 39 4
148 64 4
120 68 3
24 94 4
127 1 4
137 70 4
31 81 1
82 20 4
74 45 3
142 14 4
4 137 4
5 120 1
45 20 4
31 145 2
123 97 2
47 59 2
87 126 1
115 68 1
146 127 4
109 88 3
130 17 2
68 89 4
117 33 4
131 53 1
91 43 1
77 100 4
136 127 1
8 35 3
85 12 4
54 136 1
4 112 3
6 51 3
26 67 1
83 59 1
103 65 4
92 103 3
113 127 1
44 30 2
143 56 1
39 92 2
27 46 3
39 83 4
80 73 3
19 9 1
147 144 2
103 106 4
109 41 4
129 11 2
16 68 1
19 48 1
46 136 4
0 32 2
73 8 3
133 149 4
121 18 4
104 30 1
96 108 3
62 1 1
75 76 3
54 58 2
75 133 4
52 108 4
71 134 2
43 106 3
126 72 3
1 143 4
89 20 4
46 139 1
56 144 1
27 19 4
16 129 4
25 75 1
129 101 2
57 125 1
94 116 3
139 22 4
55 93 2
2 120 1
133 112 2
109 142 1
58 65 3
36 91 2
100 69 3
27 147 2
121 28 2
19 106 3
43 15 4
79 132 1
48 129 3
141 70 3
47 106 4
91 15 2
104 131 1
38 0 2
91 60 3
31 8 3
75 85 2
76 21 4
140 148 1
17 103 3
76 29 4
29 22 4
101 78 4
26 55 3
98 143 3
137 141 1
35 9 3
65 132 3
28 86 4
96 3 4
93 114 1
6 93 2
79 142 3
17 31 3
102 126 1
143 57 1
43 145 1
83 56 1
130 76 3
17 64 2
126 32 4
26 33 1
36 119 3
36 24 2
127 22 1
99 50 1
37 102 4
30 87 4
43 34 1
99 27 3
82 148 2
76 2 2
79 125 3
19 114 2
99 146 4
18 43 1
137 142 3
135 62 3
135 21 2
13 26 1
120 138 4
142 44 2
19 73 3
141 68 1
103 80 2
57 139 1
21 87 3
47 137 3
38 107 4
90 6 1
73 10 3
133 96 2
128 144 4
87 22 4
110 89 1
19 131 4
41 141 4
50 62 3
32 29 4
75 23 3
110 146 1
103 15 1
63 80 3
115 18 4
88 78 3
8 30 3
42 146 4
39 94 4
2 102 4
87 143 2
73 71 4
86 14 1
59 42 2
61 87 3
80 44 4
25 105 3
5 10 4
50 21 2
92 46 4
0 35 1
5 28 1
110 40 4
139 45 4
81 14 3
28 49 2
88 6 4
42 71 3
138 145 3
149 98 1
130 70 4
27 50 2
135 37 4
88 7 3
1 70 1
50 135 4
5 50 4
85 45 4
66 24 1
61 148 3
52 10 4
132 149 4
109 110 1
82 48 3
55 73 4
36 23 4
15 38 3
2 95 4
61 144 1
51 91 3
115 108 4
20 74 1
115 139 3
134 99 3
131 67 2
105 4 2
17 67 3
43 102 3
9 27 4
133 141 1
117 75 4
122 74 1
19 135 3
125 30 4
81 93 1
3 43 2
63 86 3
87 32 1
107 110 1
119 124 4
147 126 2
55 123 1
35 78 3
1 123 1
108 7 2
70 54 4
140 144 1
66 139 1
32 111 3
73 101 1
127 24 4
141 146 2
42 65 4
79 16 2
49 89 3
118 0 1
132 115 1
109 101 4
22 67 4
66 108 4
64 106 3
18 109 4
34 147 2
36 102 2
13 41 2
0 94 2
63 142 3
36 33 1
138 148 1
5 29 1
78 112 3
91 106 3
112 12 3
68 13 4
82 55 2
104 70 3
16 96 2
42 107 3
1 25 1
115 52 3
82 40 3
30 120 3
20 55 3
106 60 4
139 55 3
101 74 4
52 101 1
8 70 1
117 143 1
67 99 4
103 60 2
75 8 4
125 86 4
51 105 1
111 88 1
52 5 3
107 119 4
141 15 4
59 107 2
143 83 4
44 111 3
20 66 2
32 138 2
26 122 3
107 148 3
48 28 2
29 51 4
113 71 3
1 60 2
51 31 1
86 105 1
113 36 2
22 71 4
140 76 4
128 27 1
85 52 3
148 5 4
98 76 1
46 28 2
64 122 1
5 84 4
123 76 1
111 27 1
33 59 2
43 5 4
8 16 3
149 70 4
119 134 4
25 52 2
126 55 3
24 10 1
68 20 2
134 5 1
42 33 1
137 136 2
124 0 4
116 67 2
37 136 1
83 32 1
96 13 2
59 75 4
122 142 2
7 62 4
33 57 3
138 146 3
101 28 1
44 133 3
129 92 3
99 61 1
3 134 2
102 32 2
143 101 2
24 84 1
42 145 1
102 27 3
29 20 2
94 44 4
101 117 4
125 97 4
56 5 1
127 49 1
17 61 4
65 82 1
124 148 3
82 125 4
125 145 2
120 124 3
33 131 4
28 10 3
97 106 4
0 68 2
80 66 4
56 112 4
17 142 2
115 73 4
130 52 3
127 21 1
113 35 4
76 137 1
72 107 2
67 103 1
14 94 4
51 72 3
28 118 4
81 30 3
117 134 2
50 134 1
49 41 4
30 89 1
109 104 2
82 71 2
24 81 2
27 51 3
54 133 3
63 22 3
104 43 4
42 120 3
149 24 4
57 126 2
68 6 2
118 53 2
59 30 3
37 32 1
133 25 3
68 99 1
105 75 3
120 118 2
146 114 3
33 116 4
31 19 1
27 105 2
127 83 1
149 55 3
69 67 1
54 90 1
134 113 3
113 45 4
48 125 3
72 145 2
80 15 4
78 147 1
88 101 1
114 103 1
149 131 4
133 46 4
99 43 4
25 115 1
24 110 2
21 53 2
73 123 4
147 22 1
56 42 2
70 140 4
22 50 4
128 24 2
95 14 2
58 102 3
31 146 2
92 34 4
122 40 4
143 18 3
31 139 1
63 60 2
56 101 4
86 92 2
86 25 3
86 16 2
1 69 3
43 111 3
147 48 3
144 85 1
0 53 2
32 130 3
101 57 3
65 104 4
106 15 1
2 128 2
126 12 2
123 30 2
115 143 4
32 57 1
120 78 1
35 41 2
99 42 1
81 144 4
31 40 1
106 66 2
135 69 4
147 42 4
4 79 3
140 20 4
57 97 1
147 140 2
25 57 3
104 5 4
15 44 3
2 50 2
30 61 3
94 47 4
130 66 1
109 7 1
8 72 4
87 84 3
9 78 2
18 41 1
12 72 3
128 31 4
140 6 2
84 137 4
37 47 1
110 141 3
57 73 2
83 48 2
100 98 2
148 55 1
143 100 4
77 104 2
110 41 2
144 19 4
99 140 1
28 107 2
33 105 2
77 114 1
119 106 3
126 30 3
141 4 2
135 55 3
125 2 1
116 6 3
120 64 3
84 60 2
35 124 4
114 28 2
116 98 2
122 37 3
3 60 3
140 97 2
47 101 4
4 83 1
34 45 2
97 132 1
148 100 4
95 80 4
37 70 4
148 58 1
4 69 2
66 117 1
19 49 4
145 126 2
59 86 1
86 139 4
7 30 4
10 41 3
58 44 4
49 23 4
129 67 3
138 99 4
28 36 2
107 33 3
116 55 3
76 24 2
85 149 3
148 36 1
61 36 2
54 24 4
120 76 3
10 134 3
47 85 4
64 117 2
63 85 4
48 94 4
26 79 2
19 119 1
149 12 3
59 48 3
62 101 2
0 87 3
29 19 3
132 18 1
117 48 2
133 79 4
64 57 4
40 6 3
53 23 3
74 30 4
77 137 2
94 34 2
136 72 1
128 97 3
104 26 4
55 48 3
120 56 3
52 17 4
58 26 4
99 77 3
60 17 4
71 31 1
50 7 3
70 123 3
75 97 1
143 6 1
77 142 4
122 131 4
146 53 4
18 76 2
58 59 1
129 46 4
131 107 2
125 23 3
48 7 4
123 48 2
15 104 1
8 36 2
47 2 4
126 130 4
0 146 2
77 0 2
0 86 3
56 90 2
122 30 4
79 107 3
103 118 4
23 59 3
7 26 4
21 97 1
20 16 1
141 34 1
145 90 2
119 11 1
115 127 3
35 28 3
77 110 3
95 72 4
89 85 4
26 90 4
25 24 1
71 100 2
22 110 1
55 136 2
98 44 3
87 115 4
81 96 3
113 130 1
31 116 3
146 79 2
117 42 3
30 96 4
129 56 2
49 77 4
66 68 3
136 19 1
16 136 1
62 40 3
143 26 2
109 25 2
70 77 4
109 90 3
58 29 4
97 41 2
19 112 1
97 24 4
145 12 4
32 124 2
55 83 2
90 76 1
84 8 4
14 82 2
113 7 2
146 59 3
57 31 3
107 121 1
93 61 1
26 53 3
59 78 3
7 35 2
118 128 3
111 100 3
139 98 4
130 84 3
93 95 2
117 43 1
85 23 1
106 32 1
133 27 2
28 39 4
81 142 2
95 61 1
93 22 2
141 109 3
122 92 4
40 103 4
75 125 1
27 80 2
0 78 2
21 96 4
19 55 2
40 118 3
91 61 3
128 139 3
121 119 2
139 36 3
51 106 3
130 23 1
3 99 3
46 118 1
106 44 4
12 39 1
26 88 4
29 98 3
113 16 2
126 86 4
148 2 1
36 130 1
94 84 1
141 58 1
51 116 4
15 10 1
104 67 4
60 26 2
107 94 2
117 124 4
27 29 2
108 93 4
124 81 3
30 144 4
83 106 3
137 69 4
138 49 2
107 132 2
9 36 4
56 63 4
21 51 4
76 70 1
88 95 3
79 69 4
33 110 1
53 48 3
15 37 4
19 92 3
132 71 4
41 92 3
101 46 2
147 134 2
86 77 4
16 11 1
101 44 4
94 142 1
31 92 3
107 111 2
22 121 1
115 32 1
111 40 2
132 126 1
88 133 1
140 26 2
75 98 2
25 83 2
143 108 2
60 77 3
99 33 1
23 44 2
80 41 4
146 19 3
69 7 3
102 18 2
90 101 1
13 116 1
103 128 4
56 16 1
79 0 1
34 144 2
4 47 1
15 101 4
86 117 4
14 139 3
45 107 3
59 125 1
11 131 1
40 139 2
115 95 4
9 125 1
28 58 2
54 74 4
19 98 4
79 70 2
71 136 4
112 6 2
119 2 4
81 109 2
51 86 1
36 0 4
147 44 2
59 0 4
29 87 3
80 79 2
122 143 2
129 63 4
106 65 3
136 11 2
60 148 1
72 116 4
40 98 1
131 111 4
108 148 4
61 6 1
128 40 3
129 116 4
16 90 1
129 125 2
55 71 3
36 38 1
60 101 4
129 133 4
121 36 1
52 22 4
51 47 2
75 50 2
144 11 2
50 0 1
11 74 2
66 118 2
47 102 3
142 38 3
69 32 4
146 111 2
146 119 3
93 116 4
130 121 2
65 96 1
89 14 2
53 16 1
102 61 3
82 110 2
88 94 1
12 138 1
5 71 2
27 32 1
79 95 4
55 118 3
69 146 3
34 63 3
118 107 1
40 13 4
128 65 1
52 127 2
97 60 2
104 57 1
78 45 2
127 148 4
44 13 1
68 23 1
99 93 4
54 20 3
73 38 4
53 149 1
143 82 1
93 10 3
83 92 4
111 18 1
106 1 3
32 112 4
59 9 2
146 145 3
141 0 3
69 102 1
116 91 1
53 24 1
52 143 3
39 19 3
101 98 1
28 12 3
93 63 2
112 108 4
8 103 1
22 94 2
22 26 4
36 49 4
80 83 1
1 149 4
107 77 4
72 93 3
148 10 1
40 72 2
14 99 3
86 137 2
96 97 1
82 13 1
32 114 3
118 22 1
85 62 2
60 0 1
69 77 3
112 82 4
56 134 1
117 81 2
113 31 1
127 13 4
20 146 1
101 10 4
131 110 1
42 14 4
139 50 3
80 146 2
123 49 4
136 2 2
10 66 2
57 12 2
125 0 2
127 144 2
54 67 4
107 89 4
103 26 2
65 140 2
65 89 2
17 126 4
42 105 4
91 27 4
25 142 2
25 134 1
130 61 2
38 46 1
122 109 1
103 25 3
3 141 4
141 99 2
55 76 3
76 31 3
12 123 3
16 2 3
34 118 4
95 118 1
100 36 3
105 1 1
53 145 4
136 75 1
82 10 4
132 84 3
84 121 3
117 71 4
35 79 4
76 45 3
34 87 4
96 34 1
142 1 3
100 61 2
73 75 3
17 108 1
11 109 3
96 90 4
139 32 4
21 124 3
15 143 2
37 96 2
91 140 2
60 114 2
69 73 2
133 12 3
114 83 3
96 48 4
142 47 4
97 126 3
21 131 4
45 0 1
131 6 2
131 83 4
20 2 3
78 16 2
128 113 1
141 143 1
135 49 1
137 94 3
23 70 3
62 78 4
36 144 2
67 135 1
120 121 1
139 113 3
40 26 3
139 79 1
92 90 4
83 72 4
43 42 2
106 6 2
94 26 1
74 63 2
42 9 2
91 93 4
19 77 1
103 9 2
76 41 2
24 17 1
54 9 2
67 139 1
1 117 3
129 94 2
121 13 1
126 113 3
42 90 2
79 101 3
32 43 4
64 73 4
88 23 4
132 92 1
104 119 2
99 32 1
90 57 4
113 93 4
7 33 4
19 63 4
102 26 2
80 132 2
37 51 3
135 102 3
64 60 2
16 51 4
34 148 1
66 92 1
112 41 2
41 123 2
75 81 4
11 71 1
51 49 2
99 44 4
83 96 4
129 120 4
73 56 1
18 144 2
90 144 3
16 13 3
11 90 3
15 97 1
137 14 3
113 120 2
48 42 1
82 57 3
102 130 1
65 40 2
77 73 4
110 108 2
36 10 4
28 6 2
40 74 4
141 24 2
92 27 2
20 21 1
53 115 1
104 114 3
142 67 4
77 106 3
29 43 4
49 6 4
12 15 4
146 131 3
124 88 2
30 76 3
15 76 1
132 133 4
130 43 4
87 139 4
49 56 1
62 72 2
27 24 3
62 133 3
138 43 3
62 91 2
55 47 4
10 84 1
41 127 3
104 60 1
48 109 1
143 32 3
56 148 1
121 80 1
64 126 3
8 135 3
62 79 4
99 84 3
45 109 2
133 111 3
148 125 1
97 89 1
29 30 3
130 110 1
107 112 3
81 36 3
24 98 4
103 75 4
75 99 1
121 78 4
112 57 3
90 25 2
53 126 1
9 75 3
82 126 2
61 129 4
118 42 2
120 21 4
130 25 1
113 56 1
67 121 1
128 102 4
139 149 4
38 134 4
4 81 2
85 76 1
74 121 2
85 70 3
115 92 4
5 72 3
111 10 4
135 149 3
68 111 4
86 149 4
132 124 4
13 39 3
123 65 2
71 69 4
114 112 4
95 130 1
17 137 4
109 147 3
44 29 2
140 87 4
84 61 2
100 60 2
135 12 3
131 29 3
50 91 1
123 149 2
75 79 1
28 68 3
119 111 3
65 79 4
138 57 4
94 82 2
100 144 1
62 143 1
69 49 4
28 129 2
119 108 1
113 64 2
131 25 3
84 76 3
26 46 4
146 89 4
30 78 3
102 129 1
64 53 2
83 53 2
79 97 4
135 90 4
48 126 4
49 73 3
133 5 3
94 86 4
7 133 3
121 118 2
69 107 2
147 122 1
101 147 4
119 149 3
143 116 4
54 49 1
76 88 1
4 73 4
97 148 3
32 25 3
94 99 2
77 3 3
6 39 3
19 24 4
88 19 2
130 132 4
81 66 2
21 81 1
45 121 4
45 84 3
81 104 3
41 128 1
94 72 4
25 11 2
103 136 4
34 51 1
146 55 3
8 111 1
1 109 2
126 71 2
50 145 3
149 69 2
86 146 3
63 78 2
7 83 1
27 6 4
87 133 2
21 108 4
71 148 3
45 82 4
4 40 3
0 16 4
29 17 4
73 65 4
140 79 4
56 2 4
86 71 1
128 33 4
65 86 2
140 143 3
79 29 2
30 13 1
52 43 1
3 32 3
143 51 4
61 149 2
50 24 4
86 17 2
31 78 2
84 19 4
96 63 3
34 90 3
62 110 3
12 82 3
127 140 4
30 58 4
19 16 2
66 47 4
78 55 4
23 33 2
139 97 2
102 16 3
27 108 4
100 54 1
13 56 4
15 54 1
14 25 3
30 32 1
123 113 4
140 10 1
28 60 3
51 41 4
143 80 4
128 101 3
141 61 1
29 10 1
124 15 3
10 138 4
62 132 3
97 87 3
98 59 1
23 107 2
94 71 2
142 57 1
30 60 1
29 68 2
11 63 2
40 114 2
22 65 4
3 104 2
6 135 1
99 8 3
104 71 2
76 17 4
35 131 1
25 68 1
18 145 4
123 121 4
144 71 4
6 59 4
140 66 3
139 72 1
145 15 1
26 129 1
137 112 2
106 31 4
103 79 1
90 100 1
121 144 4
128 142 1
99 107 2
37 131 4
92 48 2
80 57 3
78 102 1
49 83 1
2 44 4
99 15 3
100 139 1
74 41 1
55 75 3
105 37 3
21 118 1
82 77 4
27 127 2
36 40 3
50 148 4
18 38 1
19 72 2
3 90 2
59 134 3
2 60 2
9 70 3
70 98 3
72 73 4
143 64 4
13 112 1
7 20 4
90 0 1
107 3 1
131 94 2
49 43 4
74 62 4
132 2 4
49 106 2
65 17 4
15 115 3
94 18 2
114 122 2
124 84 4
9 84 3
56 104 1
64 3 4
37 141 4
126 93 4
41 93 2
134 132 4
35 32 4
93 149 1
123 6 4
1 65 1
102 133 4
93 106 1
71 0 3
124 45 3
64 103 3
81 139 2
149 118 1
108 45 4
23 129 3
132 37 3
106 145 3
134 149 4
31 108 1
104 118 2
93 51 1
78 42 1
90 63 3
131 24 2
109 71 2
81 19 3
116 99 4
130 85 2
127 48 2
2 133 3
116 8 4
31 118 1
52 29 2
19 85 3
147 3 1
98 47 4
121 17 2
112 74 2
26 14 3
133 91 3
25 87 3
5 60 3
73 135 2
88 113 1
104 93 2
6 130 1
33 14 1
61 26 2
80 64 1
108 111 2
12 40 3
57 3 1
130 54 4
10 68 2
80 120 3
37 103 2
127 69 1
90 27 3
51 71 1
12 69 3
125 13 3
51 126 4
53 127 4
89 39 3
57 2 2
107 22 2
93 109 3
21 92 4
58 52 1
125 64 4
73 32 4
111 140 4
109 139 3
124 87 3
39 120 4
58 123 3
26 41 2
118 54 1
145 2 4
23 131 2
67 48 3
48 69 2
89 91 3
23 146 1
48 32 2
55 72 1
83 6 2
60 61 2
81 44 1
5 147 4
130 135 2
75 118 3
104 80 1
24 75 3
83 11 3
100 126 2
44 93 1
69 45 4
74 141 1
80 109 1
89 58 3
96 61 3
123 86 3
38 101 3
26 74 4
72 38 1
128 110 4
105 116 1
148 85 4
97 130 1
124 62 2
113 132 3
50 113 2
85 1 1
59 116 2
68 110 3
63 147 4
118 27 1
99 85 2
142 11 3
116 112 4
98 85 4
87 50 3
138 111 4
82 101 4
37 52 3
111 97 2
63 17 4
107 147 3
40 125 3
21 111 1
146 24 4
49 53 4
94 27 3
79 100 2
112 14 1
11 5 4
69 129 1
76 22 3
132 82 2
129 76 3
64 94 2
149 57 2
110 113 1
8 126 3
15 29 2
63 33 3
138 44 3
148 62 2
16 126 3
127 72 4
39 86 4
68 104 4
9 72 1
97 95 3
82 42 4
79 30 4
123 144 3
125 74 1
115 24 2
25 139 1
135 97 2
86 33 1
73 108 3
81 130 3
38 64 4
141 27 4
119 41 4
42 132 1
107 63 3
86 140 3
111 109 1
3 2 3
115 8 1
79 41 4
136 60 2
2 121 3
122 46 1
64 13 1
58 142 1
103 140 4
72 134 2
93 89 4
139 108 2
113 19 1
69 128 4
22 90 2
61 66 2
118 32 3
0 23 4
86 129 1
136 131 3
77 28 4
17 122 2
77 21 2
132 13 4
86 27 3
15 130 1
110 120 4
148 40 2
64 30 3
113 52 3
22 100 2
100 93 3
6 21 2
100 2 3
138 28 3
129 57 1
47 35 3
41 44 3
30 68 3
96 9 1
71 121 1
115 51 4
133 144 4
121 42 1
108 48 2
75 32 3
5 48 2
32 5 4
82 135 3
101 14 4
60 20 1
41 116 1
45 94 3
58 23 4
40 109 1
38 139 3
60 122 1
147 128 3
111 82 1
117 13 1
105 94 2
29 85 2
15 32 4
50 76 4
13 54 4
86 66 2
79 83 4
20 64 4
86 103 4
144 118 1
129 64 1
128 132 2
21 101 2
3 135 4
113 95 1
80 76 3
132 143 1
105 7 2
26 0 1
43 10 3
108 23 4
125 3 4
57 84 2
144 129 1
62 60 1
56 109 4
41 126 3
79 34 2
88 121 4
125 38 3
2 41 2
128 134 4
14 118 2
147 15 4
93 25 1
141 98 4
32 132 3
126 60 2
87 113 1
11 86 1
134 73 1
119 1 2
119 61 3
81 110 3
77 12 1
105 145 3
46 114 4
58 36 2
126 44 3
139 127 4
101 3 4
143 67 1
78 142 1
105 35 2
115 146 1
29 66 2
10 137 2
58 96 1
71 108 2
138 54 4
49 137 3
120 106 3
3 62 4
117 50 4
129 147 3
36 19 3
77 59 2
145 32 2
24 73 2
57 24 3
102 86 3
89 109 3
103 21 4
141 49 2
60 49 4
123 26 3
136 5 3
52 0 1
130 50 1
21 12 3
80 94 4
2 14 1
147 75 1
130 56 3
125 20 4
45 32 3
114 116 2
119 102 2
51 120 2
39 125 1
148 22 2
42 11 2
124 20 3
52 78 3
76 109 4
64 51 3
24 1 2
30 51 2
9 113 4
21 78 1
88 73 1
71 12 4
85 14 1
1 135 1
22 48 4
139 94 3
77 23 4
135 98 4
37 116 3
128 61 1
7 76 3
96 76 1
147 132 1
93 101 4
100 73 3
97 82 1
126 38 1
34 52 4
11 9 1
66 67 3
141 79 3
101 17 1
85 142 1
145 119 3
127 37 1
19 82 3
72 0 1
140 119 4
65 111 2
65 139 1
115 141 1
9 97 1
31 75 1
15 102 1
78 54 1
90 120 2
61 65 4
13 55 3
71 33 1
76 33 4
50 67 1
13 59 2
46 113 1
11 19 2
48 40 3
35 75 4
138 142 3
46 115 3
68 21 1
30 131 4
44 54 4
28 50 3
52 57 4
59 148 1
30 138 2
111 118 1
36 145 2
29 147 4
134 98 1
7 137 3
148 8 3
146 128 2
98 13 2
116 44 1
69 17 1
141 66 3
73 62 4
33 111 2
51 137 4
117 92 3
77 57 3
142 140 1
15 48 2
31 21 1
6 9 2
63 110 1
148 39 1
55 49 1
76 26 4
88 77 2
1 136 2
72 59 3
94 91 1
85 10 3
54 52 1
124 89 4
90 95 1
98 103 3
92 6 2
20 6 2
78 109 4
12 89 4
127 133 4
139 7 4
59 10 1
47 87 2
57 141 1
27 68 4
95 54 3
80 68 1
17 147 2
146 92 4
67 109 4
38 140 4
10 98 2
52 146 1
134 27 1
55 16 4
96 40 2
37 83 3
12 81 3
110 55 4
60 107 4
41 75 4
132 12 3
62 58 1
90 37 2
82 134 1
131 75 1
6 114 4
35 38 3
86 110 4
81 112 2
42 72 3
106 26 4
94 5 4
91 129 3
33 148 1
109 85 2
120 57 3
111 4 3
5 35 2
67 32 2
69 35 3
9 30 3
104 141 4
67 92 2
31 20 3
59 76 3
20 130 4
52 90 1
65 122 3
49 145 4
72 66 4
6 119 4
145 74 4
83 133 4
100 21 4
2 93 3
60 74 2
139 5 4
95 40 2
134 138 2
62 68 1
144 26 1
18 53 4
55 62 4
149 103 2
60 35 4
51 2 3
67 95 4
23 122 4
46 86 2
125 115 3
41 39 1
27 130 1
129 58 3
112 75 4
26 86 1
124 101 4
43 88 2
4 89 4
81 55 1
37 55 4
14 44 2
49 124 2
85 72 2
68 121 3
27 55 4
11 4 3
26 109 3
39 133 1
142 62 3
132 99 3
117 80 1
128 135 2
59 18 3
128 123 3
80 101 4
112 0 3
44 87 3
120 13 1
35 22 1
64 108 3
113 82 4
14 73 1
61 52 1
111 116 3
25 79 1
46 47 2
76 103 1
118 41 3
67 117 2
126 31 3
125 11 1
110 65 3
66 21 4
131 38 2
109 8 2
60 95 2
36 46 3
39 45 2
61 98 4
33 96 1
16 1 1
95 65 4
45 119 1
56 53 4
87 57 2
67 14 3
86 35 4
143 25 4
105 121 4
11 107 4
110 19 2
26 93 3
74 68 2
31 140 4
78 39 4
131 50 3
90 74 4
47 15 2
149 43 1
73 43 3
101 133 1
93 43 3
15 136 1
60 87 3
21 107 1
129 84 2
88 4 1
77 133 3
97 94 4
45 143 1
5 26 4
10 124 2
78 20 3
9 80 2
32 26 3
145 60 1
142 28 4
141 33 3
45 122 2
11 58 4
89 54 3
13 114 3
108 81 3
58 144 4
109 32 4
7 3 3
68 133 4
121 98 3
24 78 4
0 117 4
48 76 1
42 27 2
51 84 3
41 98 3
140 1 1
135 45 3
149 0 4
89 118 2
59 21 2
82 118 3
45 47 3
33 53 3
13 137 2
45 61 4
117 69 4
21 56 1
120 91 4
39 76 3
83 27 3
60 118 3
130 57 3
90 4 3
52 138 2
46 69 1
141 7 4
52 33 3
96 93 1
149 81 2
88 131 1
79 148 4
36 104 3
22 112 1
51 146 1
42 74 2
111 81 3
133 21 2
20 23 2
115 83 3
48 114 4
123 139 1
130 124 2
8 87 2
147 90 2
51 128 2
32 141 1
96 7 2
115 76 1
88 138 2
61 58 4
107 122 3
76 72 2
88 102 4
106 48 1
105 114 2
25 65 4
10 35 3
14 32 2
143 118 1
124 43 2
98 4 4
122 140 1
133 49 1
15 111 3
133 128 2
72 3 2
91 111 4
136 111 2
50 3 4
98 79 1
63 108 2
81 11 4
74 44 3
38 130 3
128 83 1
1 31 4
33 139 3
120 31 3
53 27 1
98 15 4
138 45 4
109 77 4
45 11 3
54 31 3
3 149 4
21 10 3
31 91 1
47 24 4
141 119 1
9 57 2
41 124 2
9 139 3
41 101 3
127 91 4
55 43 4
107 146 2
100 123 1
55 108 2
22 125 1
124 133 1
23 82 4
48 139 1
10 39 2
112 132 1
114 121 2
11 14 1
108 2 1
35 112 4
21 79 3
10 44 3
40 8 1
17 123 2
59 3 2
83 34 3
25 36 3
103 78 1
88 126 1
18 64 3
117 135 1
27 38 2
100 41 2
99 125 2
62 92 1
62 146 3
118 97 3
92 56 4
16 139 4
97 7 4
12 116 4
34 57 4
102 35 2
38 148 3
137 138 2
14 10 1
25 44 2
28 0 4
108 3 2
61 71 3
55 33 4
95 52 1
70 125 1
64 10 3
78 50 1
100 85 4
52 14 3
57 100 3
47 86 4
37 62 1
14 5 4
126 27 1
19 30 4
8 27 2
118 57 1
43 13 1
123 43 2
149 30 4
32 97 2
54 111 2
102 115 1
113 106 4
75 16 1
149 117 4
20 97 3
27 144 2
74 64 3
100 128 2
120 98 1
41 37 3
37 56 3
19 56 4
57 0 4
109 59 1
29 1 3
138 19 3
16 25 3
1 139 3
29 64 3
45 142 1
134 2 2
26 84 2
110 116 2
61 40 3
43 95 2
21 83 3
22 73 1
24 100 2
122 1 1
55 90 4
14 66 1
72 135 1
121 40 2
0 22 2
1 148 4
1 68 4
149 4 2
78 111 2
122 85 1
98 80 3
92 118 3
5 89 1
20 56 2
49 93 2
17 115 4
66 82 3
100 92 2
117 77 4
12 94 4
146 83 1
1 35 4
71 130 3
127 108 3
140 49 3
50 46 2
83 71 3
107 149 3
125 98 3
4 129 1
139 99 3
134 47 3
149 109 1
7 52 2
9 83 4
133 72 1
71 138 4
135 58 4
89 18 4
44 123 4
49 12 1
77 129 4
35 48 1
54 63 1
129 25 2
72 49 1
53 116 1
17 40 3
92 50 1
85 68 3
124 135 1
87 134 3
71 67 4
6 94 3
115 145 1
22 89 1
137 64 3
17 59 1
113 49 4
144 8 1
146 148 3
68 100 2
78 72 3
20 34 3
134 41 2
98 48 1
129 124 1
90 118 3
45 30 3
35 58 2
125 25 3
82 127 1
31 83 2
146 143 3
137 130 1
9 26 4
51 39 4
17 38 1
132 36 1
44 120 3
99 11 1
35 51 2
111 26 3
102 10 3
3 89 4
131 54 3
104 11 3
59 103 4
36 107 1
139 11 4
38 6 4
107 129 2
1 132 3
70 59 4
93 125 4
49 80 3
61 86 4
100 95 2
103 123 4
82 129 2
98 131 3
130 105 2
135 29 2
86 148 1
73 99 3
9 115 1
8 131 3
110 67 3
40 73 1
63 94 2
114 65 1
5 41 1
148 101 3
35 3 3
84 13 4
69 142 4
69 114 2
4 63 3
17 44 1
10 90 4
130 78 2
80 59 3
73 36 1
111 39 3
129 113 2
125 109 2
0 122 4
128 99 2
143 142 3
49 144 4
34 3 1
147 39 4
11 48 2
40 86 2
22 132 2
42 47 1
118 134 1
107 141 4
46 68 3
54 68 4
91 104 3
107 29 4
73 16 4
115 134 1
137 126 1
32 131 4
96 59 2
77 37 4
135 122 4
53 120 3
105 58 1
97 28 1
91 41 3
95 104 3
127 142 4
61 19 2
148 15 1
82 89 4
131 18 1
49 71 2
65 33 4
47 7 2
120 136 1
108 75 2
72 18 2
140 48 4
143 84 3
36 92 1
118 38 2
135 86 3
129 59 2
85 137 2
121 112 4
112 130 3
23 46 3
60 76 3
56 33 2
37 65 2
140 61 3
32 92 2
124 50 3
89 140 2
124 103 3
84 14 4
121 30 1
84 116 2
6 32 2
12 107 1
85 69 4
70 80 4
70 14 3
5 146 2
19 50 4
24 60 3
32 38 4
19 128 4
81 85 1
82 21 2
36 99 2
83 8 3
72 112 1
21 49 4
95 141 4
89 32 1
60 110 4
64 89 3
94 93 2
148 53 2
44 35 4
72 130 2
83 65 1
13 32 3
141 84 4
43 136 2
59 52 4
57 116 2
81 76 3
46 74 3
119 14 3
140 46 3
43 16 3
60 51 4
79 46 3
141 2 2
83 98 4
23 117 2
90 13 1
1 7 3
119 123 4
76 9 3
33 78 3
124 22 1
38 5 1
119 116 4
32 133 4
70 101 3
113 94 3
126 68 1
17 45 3
48 128 2
75 92 1
57 117 4
128 125 2
8 91 3
124 69 3
27 25 2
52 2 4
79 11 4
137 81 4
37 40 4
132 116 1
76 54 2
84 77 3
147 7 1
98 28 1
14 102 1
16 9 2
75 123 4
90 126 2
76 124 2
49 99 3
97 114 3
88 48 3
58 117 1
60 123 4
12 125 4
140 30 1
114 21 4
57 8 3
120 1 3
21 15 1
59 2 2
45 10 1
81 3 2
71 32 2
127 46 3
63 130 1
91 72 2
137 6 3
97 1 3
48 74 3
33 50 3
10 123 4
37 140 4
4 86 2
94 51 1
84 3 1
137 16 4
89 11 1
5 63 2
142 93 3
19 122 2
112 98 2
108 11 1
125 112 2
105 83 1
34 2 4
115 48 2
12 113 4
0 39 2
33 133 3
136 40 2
145 78 3
75 140 3
125 33 3
46 56 1
16 36 4
137 68 1
110 16 2
23 29 4
64 134 2
138 38 4
72 67 3
138 33 1
4 14 2
101 24 2
133 82 4
36 134 2
105 48 3
9 23 1
102 51 3
92 45 3
142 55 1
113 33 4
52 96 1
93 137 3
95 148 1
143 106 2
120 112 2
120 92 3
143 65 2
11 124 4
142 114 3
8 39 1
94 104 1
110 102 1
34 37 4
57 49 3
58 108 3
105 68 4
110 1 2
84 31 3
120 52 4
148 3 2
57 23 4
25 149 1
106 57 4
54 53 1
34 31 2
55 53 2
70 12 4
25 107 2
140 43 2
110 147 4
119 22 4
20 76 3
37 75 2
141 96 1
91 19 1
34 120 1
138 107 2
36 56 4
72 148 1
68 82 1
124 110 1
56 98 4
7 86 1
86 113 4
6 108 2
66 111 3
34 132 2
26 133 1
2 118 4
121 135 2
144 89 4
115 66 2
42 52 1
123 122 3
58 25 3
54 29 4
100 134 4
32 137 4
11 126 1
89 129 3
113 13 1
2 36 3
45 15 1
140 24 3
45 48 3
50 17 1
11 87 4
56 81 1
106 46 4
25 48 2
33 90 2
36 118 3
93 97 1
48 37 4
67 21 3
132 123 4
61 81 4
7 25 2
40 16 1
65 147 1
19 14 3
110 96 4
8 108 2
88 83 4
95 142 3
133 110 4
13 146 3
143 148 2
110 92 4
94 4 1
113 107 4
78 48 2
12 111 3
136 4 1
133 121 1
37 50 2
111 13 3
15 84 4
98 115 4
38 26 1
41 25 1
26 73 3
117 34 3
18 148 4
59 28 1
126 114 3
77 143 4
13 126 2
0 115 2
100 5 4
46 63 2
135 32 2
104 110 4
89 28 4
67 146 1
122 99 1
31 16 4
42 114 4
39 73 3
134 43 2
61 5 2
112 49 4
141 124 1
47 126 2
93 76 4
77 78 3
129 131 1
104 78 2
102 74 2
97 51 3
66 2 4
24 69 4
104 90 4
60 117 1
131 130 1
45 88 4
61 68 4
16 26 2
141 127 3
94 2 4
65 91 1
134 53 2
69 134 1
54 94 1
37 147 1
57 51 4
21 149 4
78 90 4
19 142 4
19 28 1
73 11 4
125 119 4
97 68 1
73 17 1
20 72 3
91 58 3
49 64 1
143 16 4
64 69 2
98 78 4
96 12 2
33 25 3
113 26 2
49 116 1
85 92 2
42 6 4
42 40 2
29 88 2
139 143 1
142 54 3
100 138 2
122 130 3
34 76 2
38 127 2
10 136 2
130 120 4
45 73 2
2 83 2
117 12 2
72 30 2
103 30 2
88 12 2
27 114 1
38 124 1
9 15 2
56 133 4
25 63 2
70 121 3
111 76 1
101 113 3
62 30 3
87 108 3
87 71 1
115 107 3
112 90 2
123 72 2
141 64 4
111 95 4
107 133 1
14 87 1
56 141 3
133 17 1
137 89 3
124 109 4
109 2 1
120 119 3
72 68 3
89 147 4
100 26 2
31 141 4
59 44 2
104 148 3
2 91 4
137 2 2
145 52 1
95 135 2
80 72 4
82 1 1
26 11 2
113 42 4
53 136 3
18 48 1
16 112 1
17 97 3
33 61 1
21 109 4
13 42 4
87 93 2
136 147 3
124 118 1
29 92 3
99 147 4
120 49 4
72 98 3
3 136 1
79 42 2
7 44 2
35 56 2
142 12 4
135 13 4
139 43 2
30 25 1
4 125 2
1 88 3
76 0 3
136 138 2
49 18 1
140 84 3
147 106 4
90 59 4
24 122 2
88 25 4
133 109 1
31 80 4
113 23 4
141 22 3
89 94 1
86 124 4
19 41 2
18 130 1
8 1 1
75 145 3
140 19 3
58 92 1
147 38 3
34 47 3
83 149 3
128 122 3
123 115 3
41 48 2
14 39 2
86 34 3
141 128 4
10 61 2
56 87 1
76 51 4
103 82 4
136 82 2
88 15 3
148 17 3
129 93 1
64 135 4
77 11 4
65 57 3
90 115 4
24 106 4
136 12 1
21 122 1
36 120 2
23 13 2
59 117 1
79 82 4
2 15 1
23 90 1
85 13 3
18 77 1
11 138 4
21 86 2
146 58 2
123 20 1
40 133 1
145 128 2
112 27 1
16 62 1
16 92 1
62 99 1
6 67 2
15 138 4
26 142 2
62 130 3
16 47 1
35 104 1
66 90 1
10 22 3
72 50 3
118 106 2
20 102 3
128 71 1
44 32 4
125 58 2
103 57 2
103 121 4
31 36 3
72 58 3
68 37 4
122 72 2
124 92 2
54 97 2
34 25 3
37 2 4
48 58 3
65 145 4
64 68 2
131 124 1
52 125 2
85 57 3
33 70 1
82 147 3
56 97 3
134 86 2
28 33 1
103 72 4
52 83 4
72 90 4
106 27 3
57 121 1
34 97 3
110 20 4
7 6 1
110 112 4
26 56 1
43 74 4
69 138 2
115 12 4
75 114 1
30 46 4
30 5 2
128 94 1
138 61 1
127 85 1
59 73 2
9 123 2
109 3 1
109 100 1
31 9 1
126 79 1
78 91 4
98 18 1
52 117 1
22 49 1
52 104 4
89 78 2
119 129 2
147 18 1
24 89 4
122 103 3
145 120 4
78 8 2
80 105 2
57 99 4
72 79 2
83 113 3
118 4 3
116 141 2
18 108 2
99 38 1
110 122 4
101 110 1
2 107 1
76 19 4
59 66 2
79 124 2
7 117 2
54 71 1
6 120 1
51 28 3
119 0 1
56 32 2
62 45 4
13 33 3
96 121 3
93 27 2
78 118 3
39 63 1
106 81 3
91 44 1
85 115 4
140 52 2
34 127 3
126 136 1
87 132 4
24 7 3
144 88 2
139 125 3
54 72 3
119 55 3
67 63 3
24 86 3
19 12 3
33 40 1
133 52 2
25 117 3
88 60 2
133 119 1
108 26 4
125 87 1
126 83 3
91 77 1
27 2 1
85 61 1
36 18 4
42 128 3
107 106 2
2 90 4
93 20 1
69 5 3
121 16 3
91 73 2
149 47 3
7 61 4
62 27 2
21 146 4
123 5 2
21 89 4
10 118 4
51 11 1
89 102 1
108 25 3
118 137 1
131 81 1
55 91 4
85 28 1
58 34 2
15 52 3
56 4 1
5 33 3
23 133 2
68 134 2
19 78 1
14 138 1
93 78 3
73 148 3
113 8 2
105 89 1
83 46 4
122 104 1
53 125 1
114 24 2
138 29 1
26 21 3
51 148 4
75 146 3
101 2 1
94 148 1
17 43 4
19 5 3
106 5 4
61 88 3
12 34 1
120 97 1
105 110 2
119 88 2
133 61 3
59 89 1
52 135 1
146 22 2
127 11 2
137 21 2
99 59 4
106 4 1
27 115 2
23 121 3
29 49 1
138 89 3
113 115 2
108 56 4
126 96 1
45 14 4
10 106 4
53 75 3
131 139 2
94 50 1
138 25 3
28 102 4
52 97 2
121 12 2
31 149 4
76 52 4
76 3 1
39 100 4
51 124 1
103 74 3
4 107 2
37 8 3
50 98 4
12 66 2
129 128 3
38 123 2
111 5 2
38 141 1
104 22 3
63 29 4
90 142 1
70 107 3
94 127 4
24 74 3
137 44 1
99 2 3
116 73 1
120 37 2
32 63 4
139 117 2
71 59 1
16 93 1
110 111 3
57 109 3
56 93 2
22 69 3
101 77 1
54 6 4
149 104 1
117 74 2
69 139 2
127 47 1
94 25 3
55 145 3
78 11 3
14 90 3
48 122 3
120 105 4
97 35 1
8 105 4
93 74 4
24 132 2
36 39 2
34 85 3
147 124 3
110 57 4
41 38 4
59 101 3
31 68 4
138 124 4
121 25 3
16 76 1
146 113 3
105 106 1
86 99 4
43 135 1
147 116 4
145 109 4
134 11 2
121 4 2
93 65 4
109 44 1
115 89 3
145 102 3
53 142 3
111 103 2
71 84 3
56 39 2
78 32 1
137 117 2
98 68 2
68 19 1
31 95 3
71 97 1
54 91 1
104 74 1
26 59 1
128 45 3
33 32 1
92 17 1
80 71 2
102 53 2
78 108 2
34 128 4
16 149 4
63 48 4
142 104 1
79 99 4
88 108 4
132 108 2
104 120 3
49 45 2
74 136 4
122 58 1
127 23 1
144 78 3
97 3 2
32 76 1
126 49 4
64 1 3
90 81 2
114 147 2
94 133 4
56 121 2
16 81 2
54 109 4
81 41 2
103 18 4
77 120 2
89 113 3
84 128 2
111 115 1
130 10 3
23 89 3
27 43 4
143 131 4
61 122 2
45 38 4
114 16 1
136 29 1
36 114 3
20 135 1
145 110 1
65 90 4
105 67 1
103 89 1
84 119 2
93 148 3
22 28 2
129 104 3
40 30 3
19 87 4
87 48 1
6 50 3
140 136 3
101 126 4
23 26 1
115 128 1
47 141 4
89 92 3
8 141 4
6 60 2
117 40 4
78 57 4
137 61 1
28 136 2
87 136 4
138 18 3
36 35 3
23 91 3
71 95 3
96 124 3
36 105 4
17 117 4
125 136 3
84 48 4
65 59 2
85 107 4
67 55 1
51 140 3
105 84 2
62 94 4
44 83 2
43 24 2
1 103 4
120 140 2
88 62 2
63 65 3
16 145 4
136 31 2
47 74 1
18 9 1
112 66 2
124 9 4
45 2 1
103 42 1
57 95 3
119 48 2
117 110 1
112 3 1
139 59 3
76 71 2
139 61 4
38 110 2
92 97 2
43 131 4
73 37 2
115 124 3
124 67 3
77 22 3
19 130 3
62 39 3
53 140 3
60 15 2
103 71 1
131 79 2
131 126 4
28 44 2
45 3 4
28 103 3
54 43 2
68 79 1
1 131 4
63 95 2
89 6 3
116 9 4
107 120 3
148 9 4
51 133 2
103 95 3
138 8 1
29 61 4
2 69 3
60 111 4
68 131 1
47 112 4
142 147 1
74 73 2
65 116 4
89 100 2
141 108 4
146 142 1
126 74 1
136 18 1
54 69 4
79 87 4
149 137 3
99 31 2
88 27 2
138 104 2
8 46 4
65 29 2
35 16 1
81 148 2
104 115 4
119 148 3
92 81 3
62 111 3
18 140 2
97 124 2
3 91 2
6 80 3
49 59 2
80 30 1
35 42 4
81 60 3
47 18 1
21 54 4
134 97 1
8 107 1
42 102 2
125 108 4
13 38 4
143 121 3
104 40 3
18 22 3
89 17 1
20 30 3
86 107 2
108 79 3
20 148 2
66 8 4
60 44 2
125 138 1
24 30 1
133 71 4
68 73 3
141 60 4
0 105 4
85 129 2
121 92 2
101 31 1
44 24 4
84 106 2
31 7 3
112 68 3
147 61 1
58 57 1
74 37 3
134 148 2
95 136 3
70 25 2
78 12 2
29 91 4
16 28 3
125 6 2
116 76 4
22 149 2
69 52 4
108 60 2
101 76 4
18 126 3
60 98 2
44 145 2
10 125 1
58 41 1
128 88 1
67 57 3
83 61 4
88 53 4
69 101 2
102 138 4
71 40 1
90 141 2
134 40 1
95 75 1
53 85 3
130 101 2
45 93 2
22 78 3
140 35 2
93 79 3
44 71 3
127 111 2
14 15 3
26 52 3
1 99 1
38 135 3
28 139 4
132 135 2
63 148 4
23 8 4
140 22 1
116 80 3
121 148 4
92 61 2
45 140 4
92 15 1
41 77 2
102 90 4
132 64 1
39 11 3
13 131 1
26 132 1
10 108 1
45 132 4
117 136 3
105 56 2
145 69 2
80 0 3
85 31 2
133 53 4
62 107 4
8 93 4
7 19 3
134 14 4
134 101 3
145 46 3
58 6 4
146 137 1
53 42 2
72 147 3
66 52 4
138 131 3
111 52 2
109 143 4
126 117 1
14 128 1
0 144 2
101 66 2
12 140 3
30 26 2
118 70 2
23 25 4
96 109 4
77 10 4
36 141 3
122 84 3
26 70 2
135 131 1
27 148 2
56 9 2
102 136 3
26 63 2
85 16 3
57 11 2
53 78 2
100 56 2
91 84 3
41 145 4
11 37 4
125 63 1
114 87 2
71 74 2
19 46 3
131 145 3
6 5 4
46 134 3
50 132 2
72 102 3
147 8 4
146 2 3
37 18 3
98 93 1
37 36 1
34 146 2
16 101 3
43 40 4
106 133 2
11 102 2
10 53 4
24 83 4
119 93 4
98 32 4
135 18 3
40 108 4
87 123 1
101 45 3
41 70 2
123 39 3
37 49 4
7 148 4
134 142 4
86 108 4
79 52 1
147 68 3
142 103 1
126 104 4
96 144 1
38 143 3
137 28 2
29 102 3
51 147 2
22 102 3
132 146 3
4 8 1
1 90 3
123 94 4
52 70 4
0 138 4
107 102 2
56 6 2
128 4 4
60 46 4
109 107 1
121 127 4
87 149 4
16 14 1
92 72 3
105 142 1
136 33 4
56 74 1
86 128 4
68 38 3
84 81 3
91 115 3
42 45 2
118 49 1
110 98 2
110 95 1
92 106 2
16 15 3
125 51 1
71 45 3
27 11 3
17 25 4
87 5 4
131 85 1
77 46 4
1 38 3
78 136 3
36 76 1
84 118 2
39 9 2
27 73 2
50 108 4
103 49 3
16 6 3
130 21 3
87 23 4
40 120 2
33 100 2
68 132 1
42 30 4
147 98 2
26 87 1
18 118 3
100 105 2
107 66 1
2 131 2
84 38 3
64 90 1
42 127 2
46 100 4
110 137 2
59 25 2
135 57 2
46 3 4
10 78 2
77 54 1
134 110 1
99 21 1
129 45 2
117 2 2
86 118 4
114 26 1
45 83 2
6 148 3
3 126 2
101 37 2
139 78 3
28 67 2
79 106 3
129 148 2
117 32 2
131 74 3
83 134 2
61 115 1
12 106 4
31 13 1
92 68 2
129 39 1
8 85 4
29 71 1
15 77 3
70 71 1
118 87 3
80 133 2
21 94 1
90 38 4
3 61 4
48 102 3
114 5 2
43 127 1
142 2 2
115 37 4
91 112 3
46 48 1
89 90 1
53 65 4
37 76 2
111 123 3
132 27 2
27 129 2
9 66 2
116 95 2
22 116 4
5 119 3
129 97 1
128 143 4
122 66 4
83 117 2
89 38 3
105 88 2
43 14 1
101 75 2
70 66 1
127 4 1
3 94 2
108 116 2
8 52 3
144 42 4
127 71 1
130 67 2
87 74 4
123 16 1
38 100 1
80 11 4
104 145 1
136 45 2
88 72 1
38 137 3
16 18 4
106 95 3
127 99 1
84 102 4
49 132 2
7 67 1
92 130 1
72 17 2
52 38 1
83 75 2
28 135 1
26 71 1
14 9 3
71 145 2
71 78 3
12 84 3
90 32 3
99 29 2
132 46 4
144 137 1
113 53 3
144 95 4
81 103 3
13 4 4
132 91 2
27 31 3
106 89 4
124 121 1
17 28 2
34 53 1
95 51 2
129 73 2
52 99 3
146 100 3
78 43 3
6 132 2
64 24 2
37 82 3
26 138 2
67 118 4
119 59 1
13 5 1
105 101 2
38 77 4
119 9 4
64 15 1
100 87 1
139 93 2
25 122 4
124 94 3
9 17 4
79 102 1
133 70 2
92 111 3
83 86 4
54 86 1
93 136 3
89 114 4
58 32 1
67 41 2
98 94 4
132 17 2
82 29 4
95 37 1
85 79 2
27 89 4
80 40 1
33 82 2
131 112 3
75 115 1
70 94 2
92 44 2
19 141 2
15 61 1
112 70 2
70 11 3
141 26 4
78 64 1
138 116 4
129 53 4
80 46 3
13 91 3
100 53 4
100 64 2
94 57 3
8 49 2
1 57 1
121 15 2
115 43 2
8 79 3
145 139 1
17 27 4
34 13 3
113 63 3
137 127 2
41 60 3
4 148 4
145 29 1
137 71 1
31 65 3
28 66 1
56 132 1
29 37 1
72 96 2
42 69 2
135 56 2
92 94 3
79 54 1
33 88 4
66 114 2
144 135 3
130 93 4
136 24 3
129 98 1
16 128 2
31 132 3
79 56 2
48 124 1
64 25 1
129 145 2
118 138 2
110 94 1
24 49 4
103 94 3
112 93 1
64 136 1
117 56 4
85 146 3
95 58 1
72 31 1
123 126 4
60 13 2
129 29 3
112 95 4
55 107 2
10 63 1
47 41 2
1 11 4
42 106 3
20 24 3
47 114 2
140 73 1
133 69 4
145 3 2
50 64 2
125 105 2
80 26 2
143 105 3
28 93 2
58 94 3
122 87 2
65 51 2
142 46 3
111 120 2
5 135 1
22 83 3
10 58 2
61 145 1
19 0 4
123 34 4
127 78 2
47 131 4
98 138 2
106 132 2
23 116 3
101 81 3
95 25 3
56 58 3
11 110 4
47 14 4
23 54 1
141 29 1
39 107 3
61 74 3
34 68 1
55 134 4
83 12 3
70 39 1
91 147 2
135 109 2
61 79 1
96 25 3
76 119 4
24 31 4
125 21 2
34 103 3
58 118 1
109 114 4
51 5 3
66 74 4
114 45 3
2 89 2
144 87 1
94 17 2
93 13 2
59 20 4
100 91 3
57 47 4
4 44 1
73 113 3
138 83 2
80 102 3
53 60 4
30 52 2
99 48 4
44 52 2
30 101 2
67 73 1
123 77 4
141 86 2
90 44 3
51 17 3
101 48 4
38 78 3
141 6 3
75 17 3
135 68 2
82 131 1
121 51 4
64 127 3
83 89 4
147 112 4
52 144 2
149 130 4
106 22 4
148 44 2
116 66 1
67 122 3
92 91 3
103 138 1
46 44 4
9 53 2
133 143 4
31 112 1
35 148 3
79 89 4
56 47 4
60 146 2
3 143 3
33 101 2
134 52 4
102 106 4
66 136 1
131 96 4
58 116 4
134 57 2
129 134 1
122 112 1
8 129 4
84 86 2
36 50 2
91 40 3
38 63 2
4 28 4
0 88 2
63 137 2
70 34 1
114 76 3
132 85 2
139 12 1
22 70 3
139 2 3
52 16 2
74 91 2
67 126 2
85 101 1
59 147 3
143 70 3
42 123 3
69 112 3
118 71 1
117 146 4
116 46 1
71 79 2
7 60 1
32 40 3
47 91 3
116 107 3
70 148 2
33 19 2
149 110 2
64 7 3
32 113 3
63 72 4
91 35 3
27 5 4
33 1 2
29 21 4
123 4 2
36 60 2
80 126 2
28 62 4
96 130 2
60 119 4
39 143 4
137 25 1
21 140 3
25 37 4
133 114 1
88 65 1
38 115 2
113 2 1
123 53 4
22 136 3
83 84 2
149 84 1
138 70 4
60 27 2
107 6 3
83 129 2
23 128 3
88 63 3
121 44 3
135 113 4
114 9 4
90 24 3
60 57 3
104 75 2
18 96 1
62 18 4
52 129 1
56 30 4
9 98 2
31 49 3
88 64 1
80 123 3
125 91 4
47 69 1
88 46 2
90 43 2
15 55 2
10 94 3
147 93 2
141 54 2
88 97 4
74 135 1
74 36 2
19 148 4
39 91 2
126 134 3
27 47 1
93 21 1
100 103 3
126 124 4
94 60 3
69 16 3
101 135 1
114 139 4
10 107 4
73 21 3
85 78 4
42 92 3
91 122 2
48 148 4
57 83 1
44 66 4
62 12 4
115 10 4
50 105 4
104 99 4
105 77 4
88 75 2
12 4 4
125 118 4
125 130 3
71 65 3
28 84 1
37 144 4
22 142 1
59 14 4
46 7 3
61 105 2
133 147 4
139 130 1
114 129 2
67 18 4
86 1 3
3 28 3
147 69 1
82 17 1
114 134 3
49 146 1
29 116 1
111 48 4
42 112 1
98 106 2
50 71 3
134 136 3
107 84 2
144 139 4
46 141 2
122 59 2
86 142 4
73 30 1
125 135 4
60 124 2
96 54 3
120 147 1
34 38 3
136 86 1
79 110 2
146 125 4
36 142 4
12 118 1
120 131 1
27 41 1
84 68 2
112 67 1
28 65 2
12 46 2
10 96 3
113 103 1
45 86 3
14 141 2
135 145 4
85 84 4
99 92 2
37 28 4
142 33 4
73 85 4
31 142 3
39 140 1
29 126 2
78 148 1
120 29 4
124 140 4
41 33 1
11 94 2
70 60 1
105 131 2
20 100 4
19 125 2
44 62 1
100 121 4
49 148 3
99 6 4
42 129 4
82 9 2
125 46 3
73 34 2
71 8 4
46 124 2
144 33 1
127 73 3
43 85 2
95 117 2
149 68 1
101 149 4
61 113 4
118 25 2
83 5 1
3 121 2
31 121 2
69 18 4
40 46 4
84 144 3
72 143 1
99 105 3
21 70 3
99 124 3
114 74 1
137 65 1
145 95 4
111 101 4
63 31 1
143 21 4
51 131 3
145 144 1
61 123 2
7 58 1
29 122 1
82 120 3
71 62 1
62 19 2
74 8 3
118 64 2
97 61 2
115 63 1
6 144 1
101 103 3
33 108 3
96 49 4
7 129 4
115 109 4
114 53 2
23 114 1
129 31 3
105 139 4
35 80 4
127 89 4
136 143 1
134 109 4
42 54 1
50 95 3
80 92 1
66 98 1
116 148 2
129 36 3
69 130 2
84 62 2
15 114 4
65 134 3
78 94 2
26 47 2
104 86 4
5 91 3
45 99 4
53 107 4
91 18 1
60 139 1
60 22 3
95 46 4
31 143 4
148 90 1
37 69 1
15 134 4
15 23 2
102 140 2
25 29 2
20 137 2
39 71 3
119 69 3
50 20 3
104 103 1
22 131 1
57 4 3
95 105 1
109 84 4
0 102 2
4 49 1
60 19 4
135 11 1
70 147 2
87 31 2
81 125 4
112 17 4
28 105 3
35 96 2
126 146 4
78 40 4
142 29 2
135 111 2
37 134 2
57 124 3
117 19 2
148 98 1
113 141 4
65 118 2
59 149 4
70 97 3
19 102 1
45 115 1
112 73 3
47 130 1
110 78 4
106 104 1
29 42 3
5 85 2
17 139 2
53 79 4
145 33 1
45 112 2
14 31 3
92 2 4
119 83 4
13 87 2
74 105 3
52 80 1
126 121 3
87 54 2
143 58 2
109 55 3
115 5 3
19 52 2
51 104 1
108 129 2
143 130 1
61 48 4
122 32 3
99 119 2
42 75 3
28 133 3
116 90 4
27 113 2
133 126 1
148 147 1
19 90 3
142 89 3
37 99 2
40 81 2
1 134 4
145 80 3
8 94 4
55 11 1
112 61 3
126 23 1
85 2 3
101 146 2
40 99 4
22 111 4
27 56 4
8 118 2
47 12 3
34 105 1
53 5 3
13 118 2
89 77 3
51 4 3
121 52 4
5 101 2
88 132 2
78 97 4
20 134 1
144 138 3
139 107 1
104 55 3
54 140 2
108 28 1
127 117 1
3 124 3
124 146 2
34 50 1
127 96 4
51 33 1
25 123 1
33 20 1
137 111 3
36 30 4
58 113 2
138 23 4
126 15 1
18 78 2
147 0 1
111 63 3
84 58 4
50 70 4
45 50 4
92 105 4
2 5 4
52 88 3
8 41 1
139 129 2
55 64 2
119 34 2
91 86 4
28 132 4
145 133 1
1 43 1
122 28 1
129 14 2
104 135 1
104 72 3
50 140 2
72 4 2
43 70 1
119 130 1
81 141 3
103 135 1
2 86 1
50 84 4
67 79 3
21 16 1
117 27 3
124 136 2
148 102 1
119 49 4
35 119 3
59 41 2
143 120 4
79 20 4
23 14 2
37 39 4
76 128 4
58 19 3
98 7 4
120 55 2
53 3 1
0 135 3
69 97 3
95 66 3
20 22 2
98 74 1
17 70 4
66 60 2
89 117 3
103 46 4
36 97 4
37 113 3
23 62 2
24 80 3
92 18 3
28 2 2
7 14 2
3 33 4
115 110 2
72 84 4
108 82 3
38 54 4
131 99 4
12 31 3
30 10 4
99 56 2
9 91 4
146 108 3
54 124 1
36 44 3
62 77 2
122 115 3
66 35 4
14 20 1
35 127 4
99 58 2
34 140 4
34 22 4
129 72 4
46 41 2
50 89 1
119 109 4
121 79 2
95 64 4
107 78 1
59 118 1
12 58 3
42 84 1
67 27 4
42 20 2
10 144 3
53 105 3
14 35 4
26 118 2
118 45 3
147 79 2
106 76 1
138 40 3
13 74 2
34 67 1
35 115 3
105 21 1
7 144 1
90 83 3
89 135 3
10 70 2
59 7 2
64 142 4
126 148 3
138 55 3
36 147 3
119 50 3
146 103 4
120 11 2
84 33 2
73 35 1
69 70 3
143 34 1
15 33 2
40 47 3
27 21 1
143 68 4
139 64 1
126 34 2
103 83 2
55 96 3
135 51 3
77 112 4
130 26 3
92 37 3
82 84 1
69 82 3
55 14 1
103 51 1
16 29 1
98 122 4
149 126 3
115 39 3
39 87 2
74 107 3
58 127 2
73 146 2
73 50 1
33 126 2
96 147 2
45 116 1
143 103 3
78 137 1
129 132 3
43 36 3
54 37 3
48 27 1
133 78 4
113 6 4
88 80 2
71 66 1
143 76 4
24 125 4
144 93 1
58 124 2
88 34 3
79 55 1
110 71 3
127 132 3
18 24 4
13 119 3
16 57 3
99 96 2
110 23 1
75 62 1
35 142 1
135 14 1
52 41 2
67 78 1
28 78 1
26 69 3
70 61 2
114 144 4
140 15 3
110 44 3
94 134 3
8 21 4
1 72 2
98 88 3
61 134 4
86 8 4
88 137 1
143 104 2
88 36 1
149 6 1
71 3 3
43 121 4
137 40 1
58 27 1
59 4 1
72 111 2
64 146 4
60 109 2
145 26 2
129 126 2
143 138 1
60 82 3
38 105 4
29 74 3
113 133 1
106 111 2
7 116 4
27 16 1
17 39 1
56 51 1
73 133 2
147 57 4
9 49 3
75 122 1
22 114 1
103 7 4
122 44 4
72 75 3
73 58 1
31 137 1
7 106 4
122 79 3
120 20 4
2 38 4
48 23 2
44 21 3
85 11 2
111 49 3
32 142 1
120 89 3
95 30 2
129 110 1
44 130 1
43 51 2
120 14 1
136 91 4
149 82 4
41 31 4
88 92 1
73 97 1
24 87 4
117 98 1
37 118 4
127 87 3
56 61 3
86 52 1
0 20 1
12 48 4
51 26 3
106 39 4
76 42 3
81 86 3
38 29 2
3 49 4
10 33 4
16 45 3
126 36 3
42 89 3
66 104 3
87 85 3
124 28 3
55 41 2
28 69 4
27 79 2
62 36 1
58 14 2
84 92 4
114 148 2
120 4 4
97 145 3
47 108 2
2 35 4
96 17 3
27 18 4
139 41 2
94 40 3
47 129 4
142 16 1
21 115 4
142 125 3
62 64 1
13 95 1
91 126 1
149 44 3
56 76 3
14 124 2
122 83 1
26 82 4
13 129 2
91 45 1
17 83 1
71 10 1
120 88 2
40 19 2
1 115 3
5 44 3
118 23 4
17 4 2
110 37 2
147 141 1
34 106 4
116 47 4
62 65 1
60 12 3
138 22 4
1 39 3
75 48 3
15 113 4
125 123 3
55 88 4
35 92 2
14 24 1
35 89 3
28 75 4
43 53 2
122 16 3
136 96 3
107 134 2
122 39 4
130 79 2
35 132 3
32 64 4
108 19 3
11 47 4
50 1 2
137 134 4
58 46 3
85 22 4
54 55 1
80 34 4
10 48 2
91 7 3
93 4 1
6 100 4
71 122 1
147 71 1
28 94 2
95 10 1
42 58 1
123 21 4
21 80 1
63 126 1
96 1 1
120 58 2
6 66 1
135 44 1
31 104 4
146 87 1
109 35 2
141 80 2
149 51 1
97 149 1
135 65 3
38 94 3
53 95 4
107 5 3
11 143 3
15 95 4
72 61 4
98 82 2
99 120 3
22 31 2
62 114 1
0 70 3
70 38 1
81 54 3
18 124 2
31 46 3
15 82 3
148 23 4
124 6 1
82 36 2
126 5 4
18 137 3
108 70 1
146 97 1
106 55 4
27 101 4
39 15 1
17 3 3
58 40 4
8 20 2
143 92 4
124 27 1
146 120 3
24 79 3
7 42 2
20 35 1
12 17 1
18 120 1
6 121 4
2 54 4
76 97 4
107 136 2
88 5 2
81 38 4
80 5 4
138 65 2
50 116 3
138 5 1
41 3 1
94 77 3
149 136 3
95 76 2
133 95 3
35 55 4
2 68 4
92 76 2
45 9 3
11 123 4
98 63 1
25 80 4
135 146 2
105 18 1
104 112 2
67 52 3
96 39 1
44 139 3
139 4 3
81 71 3
33 49 4
54 83 2
39 88 1
115 144 1
12 37 1
65 130 1
55 29 4
4 54 2
135 26 4
72 99 1
57 107 1
138 9 3
132 14 1
118 131 3
132 60 2
48 4 4
75 96 2
15 127 1
124 30 3
56 54 2
106 129 2
31 134 1
55 137 2
11 30 2
60 75 4
118 91 3
4 10 2
41 87 3
100 27 4
128 43 1
112 37 3
117 45 4
113 124 3
104 27 1
92 98 4
21 136 2
41 107 4
55 59 2
69 10 3
141 101 3
119 142 3
141 149 2
29 143 2
86 23 1
73 66 3
106 53 2
65 133 1
75 46 3
30 129 1
92 8 2
86 78 4
46 22 2
108 91 3
80 87 1
107 52 3
86 138 2
35 59 1
15 122 3
100 116 4
23 149 4
42 57 3
131 63 3
24 135 2
119 114 4
144 105 2
84 103 3
125 133 3
93 123 2
84 7 2
128 74 3
144 113 4
20 46 1
98 25 1
90 48 1
7 22 2
50 126 3
74 99 1
145 116 4
75 134 4
22 33 2
105 24 2
77 30 4
143 96 3
75 26 1
52 131 4
117 90 4
32 116 4
56 11 2
59 37 4
1 23 4
12 95 2
84 127 2
132 44 2
119 30 4
59 8 1
100 40 1
35 123 4
10 8 3
106 14 2
123 141 4
80 61 3
8 54 2
98 99 2
149 72 4
82 142 2
83 78 3
90 122 2
35 111 4
94 35 1
10 0 3
76 121 4
127 66 4
0 42 4
91 81 3
18 80 3
57 146 4
88 115 4
2 84 3
29 124 2
98 2 3
92 96 1
74 106 3
21 147 4
108 76 4
112 102 1
3 78 3
132 77 3
42 18 1
130 31 3
108 144 4
90 121 3
103 130 4
59 115 1
100 110 1
143 17 4
22 3 3
52 119 4
75 51 3
28 32 3
68 55 4
12 2 1
99 97 3
17 57 2
92 55 2
119 10 4
68 108 1
16 63 3
3 18 1
24 144 4
149 26 2
59 82 4
71 114 3
78 100 3
144 20 3
111 34 4
56 115 4
104 128 1
128 60 4
17 10 3
46 53 1
140 134 1
46 78 2
44 104 2
53 67 4
30 128 2
8 50 4
24 52 3
55 40 1
79 12 1
44 6 1
40 131 1
124 53 2
79 81 1
18 139 2
99 39 4
39 85 3
28 29 4
119 57 2
127 44 3
105 137 2
138 7 3
101 18 4
77 56 1
43 116 3
17 105 3
74 127 2
137 41 3
60 33 1
135 134 4
7 149 4
29 39 4
87 111 4
51 110 2
135 142 1
81 87 4
42 95 1
40 85 2
147 74 2
45 37 4
147 50 4
68 96 3
97 91 4
64 52 1
40 56 3
109 29 4
130 141 1
2 11 1
136 8 3
83 140 2
92 114 2
149 11 1
35 108 4
115 13 4
57 21 1
122 120 3
131 125 4
34 36 4
100 147 3
73 28 1
105 102 4
135 47 1
5 0 1
130 77 1
104 88 4
79 17 2
113 81 2
137 48 4
125 101 3
59 113 4
98 52 2
116 70 1
7 4 4
111 148 3
36 140 4
85 140 4
88 40 3
28 123 2
96 60 1
53 58 3
33 149 1
22 84 4
3 69 2
77 44 3
97 8 2
47 123 2
44 72 1
90 39 3
52 20 2
64 116 2
121 29 3
130 4 1
58 69 2
73 104 4
118 101 2
6 35 2
144 111 4
109 51 4
84 93 1
111 80 2
143 63 1
63 68 1
106 148 4
83 94 4
25 62 4
77 145 3
146 70 3
36 68 4
140 141 4
4 113 4
113 69 1
22 39 2
68 56 1
77 126 1
16 125 4
5 7 2
144 80 4
44 88 3
108 97 3
120 12 1
120 41 3
137 15 1
39 72 2
85 74 1
134 21 2
100 67 1
24 32 1
145 85 3
29 78 1
127 36 1
45 80 3
52 1 4
90 41 2
83 81 2
15 67 2
147 60 4
119 62 4
22 1 1
105 49 1
138 66 1
77 72 2
23 67 1
114 118 2
141 21 3
41 149 1
32 34 1
26 117 3
53 25 4
26 92 2
70 48 3
71 124 2
26 28 2
7 11 1
20 133 1
102 55 1
44 26 2
136 73 3
58 115 2
128 105 3
6 36 3
8 3 2
31 59 1
92 73 2
0 1 2
146 14 2
90 119 3
129 19 1
31 44 2
80 135 2
87 77 3
76 74 3
83 136 3
130 146 3
74 65 3
61 63 1
48 1 2
82 53 1
46 59 4
143 46 3
1 34 1
31 89 2
113 143 2
119 87 4
30 92 3
62 38 1
113 67 4
27 65 3
132 21 4
67 16 2
109 127 1
54 59 4
117 46 3
23 10 4
38 55 3
108 103 3
48 56 4
25 114 2
104 123 1
32 9 1
11 67 4
47 62 2
129 136 1
1 130 4
47 78 4
29 149 2
77 64 1
43 12 4
69 78 1
77 51 1
94 112 2
137 83 2
62 126 3
101 9 4
127 92 2
87 109 3
29 48 2
149 122 3
96 11 1
50 120 3
91 119 2
106 80 4
6 41 3
101 145 1
140 2 4
92 107 2
44 68 2
128 59 3
88 71 3
62 115 1
90 70 4
130 7 2
118 7 2
56 107 2
123 24 2
121 95 3
30 75 4
89 44 4
128 10 2
43 97 4
4 108 2
63 91 2
118 47 2
80 1 1
93 24 2
3 44 2
101 112 3
22 129 4
53 66 1
9 147 2
8 44 4
89 111 3
55 143 2
54 73 2
80 39 2
120 123 2
60 16 4
147 66 3
19 32 1
134 144 3
116 117 2
145 9 1
44 69 3
2 126 1
114 29 2
102 100 4
84 113 2
50 14 3
43 62 1
41 95 2
133 120 3
130 37 2
37 85 2
105 44 1
18 26 1
20 96 4
42 87 4
149 102 4
32 140 1
0 121 1
138 122 3
37 124 1
94 96 1
67 35 2
114 11 4
84 108 4
44 73 1
33 35 1
147 45 2
140 137 4
113 28 4
27 45 2
34 14 1
59 50 1
109 120 2
45 137 3
106 114 3
56 43 3
45 120 2
89 7 3
30 66 3
15 13 2
76 144 1
144 116 4
77 39 3
106 11 2
111 70 1
85 60 1
87 45 1
15 123 4
24 58 4
131 41 2
84 115 2
59 91 4
80 13 1
18 6 2
15 36 4
112 48 2
142 129 1
82 86 2
115 44 3
64 22 2
141 89 1
40 11 3
32 100 4
86 143 3
144 4 3
58 21 1
17 95 3
67 87 4
127 126 1
9 0 2
131 61 2
59 108 4
15 11 3
82 87 3
42 55 1
50 61 2
109 137 4
63 15 1
46 4 4
35 110 2
42 80 4
12 41 4
81 32 4
100 104 4
83 123 2
138 39 2
29 103 3
121 61 4
18 33 1
51 52 4
87 33 2
87 96 2
119 32 3
88 148 2
41 106 1
100 88 1
9 140 4
16 4 4
34 107 1
68 125 3
145 8 3
1 75 1
45 53 3
111 105 1
113 147 2
12 109 1
52 109 2
136 116 4
93 120 4
96 29 3
55 39 4
74 14 3
4 22 1
47 147 4
17 62 1
93 83 1
55 113 2
41 53 2
30 16 1
59 69 3
127 143 4
61 28 4
27 98 4
138 41 3
92 74 2
66 0 2
54 5 2
22 2 1
75 120 1
93 35 1
45 54 3
37 139 3
34 137 4
63 8 2
13 45 4
127 122 2
26 101 4
107 26 3
123 112 4
93 141 2
57 53 1
84 65 4
102 134 1
119 97 1
143 20 4
145 122 4
136 110 2
52 148 3
8 68 1
98 119 3
71 28 3
50 144 4
88 11 2
103 47 3
22 43 4
10 141 2
93 146 2
119 40 1
123 96 3
149 13 2
121 106 3
117 97 2
8 119 4
88 149 3
132 95 4
52 116 2
93 102 2
43 50 4
109 136 3
127 106 2
94 146 1
123 69 1
87 90 3
89 80 1
4 55 4
91 21 3
17 90 3
43 108 3
70 64 1
51 18 4
98 104 2
113 91 3
14 149 2
83 14 2
68 136 3
41 71 1
145 5 1
100 31 1
19 83 3
51 123 3
42 46 4
68 53 2
16 65 4
15 72 4
29 108 4
149 20 4
100 117 3
126 85 4
128 117 1
107 126 2
134 78 1
137 26 2
1 71 2
24 139 1
133 137 3
80 125 3
148 105 2
56 140 1
59 32 3
92 140 1
53 110 3
22 115 2
20 18 3
30 3 3
8 80 2
26 15 4
41 21 3
31 119 3
12 91 2
3 88 1
106 136 4
65 101 4
0 82 3
115 33 2
2 9 3
93 7 2
20 80 2
6 62 1
146 112 2
117 144 3
68 24 2
105 46 1
15 4 4
90 82 1
87 86 3
76 105 3
117 29 1
85 106 4
132 7 4
26 31 4
95 26 1
102 4 3
125 18 4
46 91 1
81 10 4
86 109 3
116 122 3
53 59 3
36 53 1
38 66 3
98 8 4
106 128 1
3 70 2
81 119 2
91 143 2
71 27 3
66 88 2
117 118 1
22 14 3
146 39 1
137 119 3
51 62 2
54 36 1
29 113 3
20 90 1
139 77 3
34 21 2
106 86 4
27 14 2
109 42 3
148 16 1
137 102 1
10 103 1
25 73 3
101 64 4
71 125 3
23 40 4
51 112 4
32 148 2
83 124 3
75 43 4
93 107 4
10 37 3
83 0 2
130 14 3
92 57 2
87 94 1
124 143 4
42 110 3
18 90 1
9 106 1
120 101 1
104 63 1
38 98 1
4 5 3
22 11 3
37 97 2
20 65 1
93 69 4
123 63 1
68 14 4
97 105 3
81 77 4
112 29 1
84 96 4
84 30 4
29 26 3
70 57 3
102 91 2
25 28 1
20 48 4
109 23 1
93 23 4
50 68 4
31 55 4
47 107 1
75 6 3
127 135 3
72 47 1
97 39 4
140 110 1
118 44 2
33 27 3
107 144 4
143 144 2
54 119 4
93 70 4
82 83 2
45 148 3
11 6 3
95 108 4
18 71 1
58 98 2
34 125 3
134 60 2
93 85 2
141 121 4
69 108 2
128 137 2
75 106 4
12 61 4
76 118 1
6 69 3
114 61 3
70 91 2
1 129 1
44 103 2
57 36 4
142 20 1
57 68 2
88 28 2
86 42 1
55 3 2
60 56 2
103 11 4
111 41 1
133 30 3
60 42 3
141 65 4
24 126 1
106 141 3
80 48 4
110 84 1
6 105 3
48 149 3
115 121 4
99 103 3
23 18 1
148 91 4
56 15 4
52 137 1
13 51 3
92 24 4
80 119 4
135 59 4
73 118 4
43 110 2
80 2 2
47 28 3
39 3 1
35 83 3
149 96 2
60 52 4
119 96 1
1 98 2
79 1 3
19 101 3
88 107 1
137 36 3
56 12 1
96 100 3
117 18 1
31 35 1
134 4 1
141 51 2
58 16 3
42 23 4
70 49 4
41 94 1
28 87 1
138 79 3
118 127 3
82 137 2
18 83 1
83 42 3
115 131 2
15 83 1
51 22 4
3 85 2
68 78 4
70 65 1
139 133 2
135 54 2
98 55 3
109 37 2
143 10 1
11 113 3
24 41 4
64 0 2
106 142 2
94 15 2
104 113 2
36 5 2
139 118 1
9 1 3
39 144 4
99 47 2
38 114 2
108 12 2
90 143 2
145 142 3
78 37 4
19 57 2
67 94 4
105 57 3
18 10 4
116 124 3
126 54 1
146 46 2
1 44 4
95 73 3
138 2 3
14 121 1
12 20 3
124 16 4
145 148 4
125 35 1
37 87 2
90 88 1
91 34 3
23 136 4
88 67 1
60 10 2
83 102 2
133 92 2
127 60 3
121 94 1
130 39 2
75 110 2
49 58 1
128 89 4
78 135 2
95 102 2
124 90 2
29 2 2
105 82 4
130 42 2
82 31 4
65 92 2
26 124 3
120 116 1
77 113 1
51 74 3
69 115 1
55 46 1
14 36 1
122 7 1
54 16 3
88 129 3
47 122 2
52 71 4
58 149 4
130 73 3
90 111 4
40 57 1
12 10 3
7 112 1
137 147 4
109 97 3
49 130 2
56 62 3
46 33 4
61 34 2
98 133 4
74 57 2
14 133 2
6 138 3
70 45 3
1 100 1
18 21 1
121 128 4
18 133 3
79 78 2
77 9 1
22 82 2
41 83 4
136 35 1
35 129 1
36 135 2
50 47 1
18 146 2
31 96 3
83 144 1
89 87 1
79 94 2
9 21 1
50 90 4
38 111 1
82 11 2
148 46 2
35 82 1
14 54 4
118 140 1
45 35 2
89 86 3
91 107 3
46 15 3
52 87 4
55 80 4
143 33 2
36 22 2
139 15 3
114 100 2
119 75 3
4 3 1
24 61 1
76 145 1
144 141 2
11 115 2
120 54 3
1 138 1
32 74 4
47 39 3
132 38 4
28 120 4
67 10 3
50 110 4
1 13 4
139 20 4
52 123 3
61 120 4
36 75 3
2 72 1
88 41 4
22 103 2
93 59 1
16 34 4
142 115 2
124 145 1
113 14 2
17 7 3
64 133 1
22 47 1
10 1 1
42 111 4
123 85 3
51 145 4
80 130 2
116 74 1
15 65 3
113 131 2
44 112 3
11 49 4
121 86 1
110 74 1
90 137 1
58 38 4
15 53 1
24 56 4
134 23 2
9 141 1
68 4 4
53 103 1
92 93 1
82 109 3
108 74 3
47 105 1
119 127 2
69 89 1
131 101 4
35 18 2
52 81 4
58 128 3
55 97 4
102 147 3
107 7 1
134 16 2
37 123 1
62 80 4
74 139 4
7 110 1
106 117 2
64 58 1
66 79 4
133 24 4
80 65 3
113 90 4
96 114 3
96 69 2
72 125 1
39 119 2
50 129 4
16 147 2
99 63 4
141 12 2
131 91 2
128 46 1
51 92 1
122 113 2
82 76 4
30 113 2
110 18 4
0 89 4
11 133 3
17 37 1
71 64 4
3 113 3
132 131 2
53 37 2
78 15 3
105 32 1
101 6 4
13 109 2
14 111 2
71 143 2
30 141 3
5 42 2
110 93 4
64 112 1
130 45 1
57 123 3
78 96 4
75 127 1
136 47 4
21 14 2
118 148 3
99 80 3
46 49 2
40 63 3
148 110 3
48 107 1
131 100 4
100 140 3
129 18 1
113 38 4
24 12 2
111 77 4
96 45 3
123 124 3
72 7 1
118 6 3
69 38 1
95 126 1
132 11 2
147 49 1
95 143 3
134 48 1
96 128 2
81 80 4
137 66 1
80 50 4
23 30 2
120 144 2
29 83 2
78 51 4
49 115 2
104 137 1
9 149 1
125 94 1
19 65 3
142 3 4
110 15 3
35 134 1
123 45 3
106 35 2
40 44 4
38 50 2
111 84 4
20 19 3
60 8 2
17 19 3
49 97 4
13 110 2
130 64 2
124 112 2
74 38 4
114 141 3
146 147 1
97 45 1
145 91 2
18 11 4
123 0 3
76 147 3
14 37 2
112 21 3
82 51 1
129 37 4
115 72 1
105 41 2
28 140 1
98 6 1
65 12 1
106 28 3
41 40 1
135 35 4
107 96 4
100 43 2
148 42 1
114 49 3
79 143 3
103 112 1
36 48 1
12 51 1
142 13 4
7 82 1
136 61 1
112 140 1
104 87 2
31 125 4
84 142 2
79 2 3
49 94 2
50 57 3
142 71 3
43 144 3
28 18 4
117 121 3
57 55 3
63 44 2
7 36 4
120 35 2
12 86 1
115 130 4
20 57 4
13 140 4
73 142 1
98 84 1
34 133 1
25 38 3
129 24 4
22 68 4
11 46 1
92 71 1
