2475 100
0 81 1
1 11 1
2 80 1
3 31 5
4 56 7
5 23 2
6 52 2
7 19 2
8 26 5
9 69 8
10 74 6
11 61 4
12 38 4
13 28 9
14 62 1
15 80 4
16 76 9
17 16 2
18 36 3
19 99 3
20 15 9
21 10 4
22 37 9
23 81 6
24 16 3
25 86 8
26 58 3
27 33 1
28 86 3
29 88 1
30 67 1
31 83 7
32 67 7
33 87 9
34 53 5
35 92 8
36 33 3
37 56 7
38 45 6
39 88 8
40 29 6
41 82 1
42 58 2
43 77 1
44 11 8
45 42 3
46 42 7
47 22 6
48 79 5
49 90 9
50 78 2
51 34 9
52 28 6
53 78 9
54 66 7
55 8 3
56 70 2
57 69 1
58 28 1
59 66 1
60 26 2
61 16 4
62 30 6
63 4 9
64 25 2
65 74 4
66 48 5
67 47 4
68 36 7
69 0 1
70 52 8
71 84 9
72 63 3
73 2 9
74 15 4
75 29 2
76 19 6
77 26 3
78 99 3
79 66 9
80 40 1
81 61 1
82 90 4
83 14 8
84 7 8
85 67 7
86 12 8
87 8 3
88 71 7
89 5 4
90 4 6
91 23 3
92 15 5
93 79 2
94 70 5
95 44 1
96 52 8
97 88 3
98 50 5
99 68 2
59 75 3
31 17 4
35 5 3
97 64 1
79 32 2
54 79 2
0 38 4
20 70 1
34 97 2
76 39 3
75 66 1
57 70 2
20 46 2
0 4 2
27 15 3
7 61 1
78 31 4
77 88 1
46 14 3
47 71 3
9 46 1
87 24 3
38 43 4
60 68 2
84 1 3
93 0 2
1 39 1
43 42 1
51 6 1
89 64 1
62 98 4
66 67 3
31 84 3
67 43 4
8 96 3
69 32 3
77 44 1
69 25 3
13 35 4
0 84 1
14 41 3
14 52 1
24 77 1
37 67 1
96 3 2
9 68 4
10 44 1
43 0 2
37 63 1
21 98 3
77 52 4
30 39 2
59 31 1
39 18 4
89 23 2
95 71 3
26 46 4
11 94 2
31 97 4
19 24 1
10 73 3
73 68 3
84 23 2
61 48 2
76 14 4
84 8 1
95 87 4
67 25 3
52 84 2
44 5 3
76 69 2
84 68 1
96 56 1
69 2 4
10 4 3
91 49 3
41 48 2
95 55 4
57 83 2
96 41 4
47 54 2
80 64 1
26 96 4
83 17 1
2 46 2
30 17 2
8 29 3
36 54 4
31 42 1
42 23 1
99 22 4
70 24 4
36 27 2
72 81 4
40 24 4
16 27 2
99 25 3
85 5 4
51 88 3
57 50 3
43 73 4
69 18 3
19 67 2
15 9 3
2 98 4
69 67 4
51 82 3
87 21 3
34 30 3
46 64 3
77 76 3
51 60 4
2 23 1
68 30 2
24 81 3
44 16 2
80 86 3
13 75 3
35 33 2
61 65 2
56 45 4
60 75 2
5 82 4
69 63 2
47 42 4
69 66 3
11 31 1
99 54 4
78 70 2
21 57 2
79 16 4
88 23 3
75 83 2
78 41 4
20 17 2
63 3 4
64 92 3
64 93 4
1 43 3
10 12 4
46 90 4
39 10 2
21 16 2
39 84 1
35 42 2
43 75 2
41 9 1
86 56 4
30 49 4
29 27 4
28 16 4
33 81 1
87 77 1
57 85 2
71 87 3
98 86 3
91 17 2
17 39 4
35 4 1
84 9 3
82 85 3
48 14 1
18 58 3
31 73 4
11 83 4
38 81 3
82 39 2
53 25 1
20 89 2
67 80 4
0 13 4
40 6 1
53 7 3
74 40 3
80 98 1
50 44 4
2 18 3
25 83 2
15 90 2
21 94 4
0 53 3
78 36 1
4 92 1
13 10 3
92 87 3
58 56 2
93 88 2
74 21 3
72 57 3
61 52 4
51 32 1
77 42 3
74 20 1
10 23 3
61 20 4
81 69 4
66 21 4
97 47 4
74 57 4
24 55 1
38 85 4
64 19 1
85 19 2
57 78 1
26 87 4
31 81 4
64 47 1
60 6 3
52 26 1
56 88 1
82 64 2
3 95 2
5 54 1
43 5 3
13 19 4
14 87 3
32 50 3
5 24 1
70 53 1
25 38 4
7 24 4
73 7 4
98 36 1
54 85 2
56 33 2
34 2 2
18 71 3
48 80 1
92 90 2
1 79 3
15 24 3
81 35 2
8 91 1
49 72 3
21 54 2
16 90 3
28 7 4
34 95 4
91 0 4
14 11 2
85 94 1
56 35 2
81 93 1
91 43 3
78 9 2
89 69 2
66 88 2
82 93 2
29 84 4
19 96 4
29 90 3
28 59 4
75 4 4
30 22 1
6 97 4
10 53 2
25 74 2
87 49 4
29 85 4
43 80 1
50 0 2
73 36 1
53 15 2
12 72 3
51 26 3
35 16 1
17 98 1
13 95 3
63 29 2
76 40 3
11 71 3
26 37 3
13 87 2
40 57 1
61 60 2
11 91 3
32 43 1
96 63 3
45 15 1
53 89 3
75 5 1
58 47 4
68 94 2
73 47 1
34 29 3
34 60 2
92 62 2
34 76 2
11 59 1
9 95 2
4 9 4
8 6 3
54 89 4
65 4 4
87 68 2
13 90 4
84 59 1
24 28 2
92 51 1
86 74 2
29 41 2
77 41 4
45 40 3
42 38 2
64 54 4
68 24 1
30 21 1
93 16 3
88 80 3
22 83 4
87 42 1
75 68 3
44 37 1
55 85 4
60 91 3
76 26 1
32 26 1
53 52 1
47 92 3
45 98 3
84 30 1
78 85 3
16 59 2
1 2 3
54 11 3
16 51 4
15 35 1
45 0 1
11 80 2
89 31 1
73 74 4
2 41 2
37 45 3
12 48 4
35 93 1
0 80 4
1 10 1
41 16 3
86 43 3
30 31 1
90 38 3
23 52 3
31 85 3
23 35 1
86 16 3
38 77 4
13 31 2
95 14 4
17 32 4
56 90 2
56 49 3
39 69 3
86 30 4
4 32 1
5 86 3
73 98 4
27 76 1
61 36 1
28 91 1
70 43 3
6 95 2
17 58 2
56 76 4
19 82 3
61 21 3
33 83 3
48 87 4
31 63 1
4 79 4
37 34 3
99 28 3
13 65 1
47 55 2
63 26 4
66 5 4
22 89 4
72 43 3
31 1 4
38 92 3
54 44 3
95 30 4
96 35 3
46 93 2
14 69 4
45 7 3
87 47 3
44 31 3
89 84 3
97 38 4
6 81 4
1 3 3
71 48 2
76 99 2
47 2 1
6 82 2
0 12 4
43 57 1
90 93 2
34 82 2
41 28 1
78 34 1
40 46 1
83 74 3
56 59 4
57 36 1
73 9 1
91 66 2
3 33 2
39 78 4
72 92 3
10 81 4
82 8 2
96 60 2
78 25 1
73 77 3
26 80 2
16 89 1
8 12 4
36 65 3
55 96 4
16 33 4
3 35 2
80 74 3
9 42 2
79 3 1
75 70 2
90 58 1
7 55 4
62 19 3
68 86 1
96 76 3
13 43 2
50 51 4
35 37 1
2 57 1
48 32 3
40 12 2
67 33 1
4 94 2
62 4 2
23 98 1
22 41 1
55 10 4
88 35 3
27 47 2
35 51 2
10 14 2
78 24 1
8 20 1
34 40 1
51 47 1
23 8 3
65 37 1
21 73 3
11 7 2
55 37 4
78 16 4
95 7 4
70 45 3
63 35 3
38 10 1
27 30 1
48 59 4
49 15 4
86 46 4
18 95 2
48 85 4
27 93 4
4 15 3
45 57 4
44 90 1
7 98 1
55 40 2
1 8 1
68 54 3
11 4 3
63 1 1
17 9 1
68 53 3
32 44 2
73 96 4
33 65 1
0 36 4
38 73 1
10 52 4
84 22 2
70 7 1
90 30 2
15 30 4
50 2 1
44 35 4
56 84 3
70 92 3
29 53 4
12 53 3
0 74 3
1 62 3
86 95 1
98 85 4
32 13 1
31 36 4
79 25 1
53 63 1
43 54 2
42 17 2
61 64 4
19 60 2
61 80 4
36 97 4
97 18 1
10 61 3
60 54 4
96 59 1
19 94 2
83 72 1
10 65 2
20 14 2
45 21 2
51 94 1
90 41 3
27 4 3
7 79 1
72 64 4
72 6 4
64 86 4
71 99 1
9 11 4
74 50 3
96 7 2
59 12 3
40 36 1
42 81 1
13 23 1
91 76 2
23 43 2
89 35 1
49 57 4
87 82 4
65 76 4
55 31 4
34 46 1
93 48 2
11 29 3
58 80 3
49 93 2
47 80 2
95 51 1
15 23 4
78 62 1
45 26 1
36 80 1
35 97 1
11 75 2
42 65 4
36 72 2
63 98 3
88 59 3
23 93 3
28 79 1
50 3 2
73 83 4
36 37 1
20 28 2
7 60 2
40 78 2
33 30 4
84 48 2
19 36 4
70 54 3
22 46 1
68 1 1
36 17 3
35 53 3
13 60 4
9 2 4
69 51 1
62 11 3
20 66 2
17 73 2
79 80 1
29 59 1
38 96 2
95 85 2
54 72 2
74 69 3
40 91 2
24 97 2
39 87 4
68 77 4
64 62 1
72 38 4
2 38 2
81 14 1
28 32 1
4 58 2
55 9 2
16 20 1
28 84 3
44 48 2
55 49 4
14 25 3
99 47 4
20 4 1
66 45 2
73 60 4
82 11 4
94 95 4
65 32 1
12 75 4
89 86 3
3 8 2
16 70 3
72 65 2
29 93 3
10 24 1
76 2 3
62 18 3
71 62 1
64 17 2
96 4 2
36 15 3
85 0 1
70 22 3
41 10 2
84 96 2
76 46 4
31 5 2
81 90 3
33 79 3
81 75 4
75 79 2
22 34 4
37 13 2
82 36 2
68 71 4
12 89 2
95 88 1
23 0 4
38 84 3
20 91 4
64 32 4
79 34 3
76 58 4
91 75 2
40 63 2
1 94 3
63 16 1
69 48 4
83 49 1
22 29 4
50 10 3
98 3 2
67 84 4
45 91 3
43 35 3
0 87 4
97 66 1
58 98 2
77 34 1
25 35 2
17 97 4
0 95 2
77 51 2
63 76 4
50 9 1
9 93 3
80 50 4
77 50 1
48 10 4
42 28 1
27 64 2
93 8 3
11 5 4
18 81 4
83 93 2
69 52 4
52 3 4
95 15 1
57 22 2
95 39 1
31 61 4
72 46 1
96 65 3
24 34 4
35 76 2
1 57 3
25 90 4
11 81 1
87 35 4
45 54 1
76 42 3
63 25 2
80 32 3
69 11 3
43 17 4
91 56 2
41 79 4
77 74 4
43 51 3
45 48 2
20 12 1
75 3 2
41 42 2
34 48 4
20 86 3
3 73 3
77 6 3
47 82 3
11 46 4
95 47 4
94 54 3
10 96 1
47 91 3
51 90 1
82 23 4
92 14 1
0 31 2
90 21 1
48 60 1
58 16 2
92 59 2
96 44 4
52 59 2
46 92 4
45 69 4
63 71 1
34 16 4
23 22 1
23 51 2
2 63 2
56 19 4
1 0 3
42 85 2
79 91 2
78 37 2
57 6 2
76 15 2
48 30 1
31 86 1
96 93 1
0 10 2
16 99 4
63 67 4
74 96 4
68 78 4
13 48 3
53 9 2
55 35 3
98 76 1
88 11 3
6 86 4
66 96 2
12 39 3
55 73 3
90 91 4
31 80 2
34 45 2
88 65 1
43 21 4
33 46 3
50 86 1
31 47 2
11 12 4
72 87 3
94 71 2
74 29 4
60 55 1
84 36 1
85 58 1
63 57 2
91 62 3
9 3 3
11 47 2
92 74 4
89 94 1
53 20 3
99 27 1
59 98 2
74 88 2
38 87 2
81 68 3
71 91 2
38 22 3
12 61 1
30 69 4
74 32 2
11 33 3
46 81 3
48 89 4
65 91 4
21 8 4
90 19 4
69 83 2
60 14 4
11 10 3
73 89 1
11 86 1
37 90 2
94 62 2
34 85 4
28 97 4
94 43 1
59 35 2
4 77 4
65 93 1
45 88 1
37 21 2
86 90 2
35 10 4
71 66 4
58 38 2
94 81 3
25 31 4
89 37 4
12 17 2
99 61 1
42 20 1
28 45 4
27 24 4
97 70 1
6 3 1
24 37 3
91 31 2
12 19 4
57 47 2
13 83 3
20 57 2
55 33 3
78 51 3
44 65 2
57 75 2
82 0 3
52 35 3
75 77 1
24 73 4
68 40 4
64 11 4
62 24 3
0 57 4
10 27 2
15 1 2
5 51 2
95 19 3
63 28 2
76 93 2
65 1 2
27 1 3
49 53 1
30 10 3
31 68 2
60 38 2
97 83 2
54 19 1
95 8 3
10 60 1
78 4 4
56 16 3
21 46 3
44 82 2
97 39 2
7 89 3
65 54 3
72 70 1
26 31 2
39 67 3
86 9 3
75 15 3
83 87 4
41 68 4
78 58 1
99 26 4
58 1 3
90 7 3
47 79 3
85 80 2
33 74 1
15 39 2
45 24 2
83 77 4
21 80 1
16 13 2
92 8 1
94 42 4
11 93 2
89 26 3
27 11 2
15 64 1
40 58 1
53 65 3
34 84 1
56 10 4
77 82 4
96 21 2
44 71 4
94 63 2
11 74 1
5 46 1
95 97 2
2 83 3
16 67 4
15 62 3
47 26 3
9 24 2
97 98 1
13 45 2
33 80 3
57 82 3
33 61 1
53 87 1
55 70 1
24 44 4
29 14 1
64 31 4
66 2 2
38 8 1
19 52 4
38 11 2
13 98 3
43 58 2
15 5 1
86 85 2
49 85 3
54 56 1
59 57 1
98 99 1
50 92 2
35 7 1
72 59 2
44 66 4
17 76 2
66 82 4
33 32 3
48 4 2
22 43 2
69 79 3
96 57 4
94 99 3
23 7 1
99 30 3
39 50 1
9 59 2
67 23 3
31 16 3
56 63 4
21 5 2
32 30 1
68 23 2
97 56 1
45 11 2
47 21 1
10 57 3
71 4 1
34 20 3
69 58 1
88 87 4
24 58 3
97 30 1
12 94 2
68 66 3
77 54 1
18 47 3
62 7 3
44 87 2
99 2 1
43 45 1
55 88 4
79 59 4
60 99 3
46 89 2
62 9 2
15 65 2
9 92 3
46 51 3
3 40 2
77 3 2
60 46 3
79 35 3
4 89 4
44 92 3
43 4 4
3 0 2
28 40 1
48 38 2
81 17 4
62 99 2
36 93 1
21 0 2
36 30 2
90 65 3
75 14 2
57 35 1
53 71 4
97 12 3
13 39 2
97 89 1
38 46 1
43 93 1
79 46 4
85 15 1
71 98 2
26 42 2
41 12 2
72 2 1
3 89 3
67 68 3
6 14 1
64 99 2
23 61 3
82 99 2
85 75 2
55 80 4
80 66 2
59 36 2
58 23 1
10 92 1
56 42 3
56 65 1
29 77 4
10 9 4
71 26 1
68 50 3
79 53 4
16 71 4
54 80 4
10 25 3
12 65 4
98 87 2
49 98 1
67 41 2
21 63 2
49 33 2
40 73 4
98 55 2
3 76 4
35 40 2
19 93 4
53 18 2
45 84 3
23 41 1
43 76 3
48 3 3
13 7 3
12 23 3
47 63 2
34 73 2
65 16 4
95 79 4
23 55 3
88 31 1
87 61 1
9 32 1
53 86 2
48 92 2
19 73 3
24 29 2
37 83 4
36 69 1
93 12 1
27 59 1
88 81 3
42 10 1
87 19 4
24 21 1
77 2 4
29 91 1
29 9 4
30 71 3
53 50 3
65 73 2
5 30 3
29 83 1
95 91 2
85 4 3
33 12 1
83 55 1
10 6 1
92 82 2
43 79 3
48 74 1
71 35 2
10 40 4
23 99 2
99 74 2
22 68 1
38 4 1
11 92 4
65 17 2
47 34 2
36 46 2
5 64 3
32 36 2
24 22 1
94 44 1
0 59 3
68 59 4
70 79 3
79 86 4
49 24 2
40 65 2
66 15 3
5 67 3
43 55 1
97 82 1
14 38 1
31 23 1
84 11 4
75 45 4
53 44 3
20 0 1
32 78 2
82 13 1
22 90 2
5 84 2
97 93 4
35 8 2
45 19 3
50 56 3
10 97 4
69 85 2
62 39 4
90 88 1
78 74 2
53 23 2
50 61 2
61 32 4
78 0 3
75 94 1
29 37 2
63 68 4
40 67 2
26 5 2
70 30 1
59 97 2
33 2 3
67 64 4
55 92 3
46 48 4
14 90 4
7 1 4
37 39 3
75 19 3
26 69 3
22 85 3
46 0 4
5 98 1
27 67 2
25 22 1
13 25 4
36 2 2
93 80 4
15 19 4
67 2 4
12 37 4
79 49 1
13 47 4
24 63 3
6 96 2
23 26 1
21 28 4
72 13 2
85 72 1
48 68 1
98 54 2
93 52 1
70 71 4
86 21 1
13 17 4
25 40 3
77 33 1
81 16 3
6 48 4
70 86 1
74 68 4
68 82 4
44 93 2
19 47 3
18 74 1
8 31 2
96 27 4
64 87 2
95 98 2
37 75 4
23 62 3
72 55 3
69 44 4
27 79 4
2 45 1
7 48 2
79 61 4
20 5 3
82 75 4
12 60 1
7 69 1
83 43 1
39 0 3
19 69 2
11 28 3
56 74 3
77 17 1
79 87 4
61 56 1
72 58 2
79 45 3
89 57 2
11 0 3
49 20 4
53 90 4
96 75 4
34 8 1
12 3 4
12 99 4
35 62 2
93 94 4
88 22 3
22 7 1
50 7 4
90 80 4
82 95 2
31 14 3
74 24 1
57 84 2
3 70 1
36 34 1
80 94 1
88 69 2
88 3 2
40 81 1
54 42 4
83 48 4
68 13 2
33 44 4
84 47 1
90 23 4
46 97 2
19 97 4
6 23 3
83 89 1
87 15 1
16 92 4
28 3 3
14 88 1
47 5 1
22 15 3
99 7 2
36 20 4
19 33 3
42 34 4
96 70 3
42 50 3
91 34 1
39 93 1
41 57 1
47 9 3
24 36 4
75 89 2
18 33 3
48 72 4
8 68 1
63 19 1
16 26 1
33 10 1
6 63 1
30 79 3
95 25 1
88 47 2
35 32 2
91 33 2
42 61 2
59 19 3
91 84 2
99 77 1
30 56 2
83 70 3
21 92 3
6 47 1
50 46 3
82 17 3
55 20 4
34 23 1
50 23 2
22 49 4
63 0 3
99 40 1
3 29 3
71 29 2
69 96 1
54 34 1
33 85 3
29 42 4
42 44 1
2 94 4
73 91 2
91 32 2
11 96 4
8 5 2
87 65 3
23 92 4
19 35 4
13 88 3
29 82 1
2 78 4
41 43 4
33 8 1
90 62 3
18 50 1
99 21 2
72 11 1
74 84 1
51 57 1
75 69 3
1 50 3
67 72 2
83 39 3
60 87 4
43 6 1
3 17 4
81 19 2
54 15 3
46 67 1
60 39 3
90 32 4
48 8 2
52 2 1
40 33 2
26 17 3
54 35 4
98 75 1
66 11 4
42 27 2
1 77 2
9 54 2
26 54 1
45 58 3
12 74 3
11 52 2
48 77 1
2 55 3
9 52 4
88 53 3
25 50 4
67 49 1
47 40 1
29 57 2
15 70 4
54 7 2
21 14 4
94 30 3
44 4 1
8 89 3
96 90 4
8 61 3
14 1 4
64 39 2
24 32 4
55 19 3
99 38 3
43 68 1
89 85 4
17 67 3
63 91 3
55 97 4
14 23 3
77 79 1
17 4 1
20 51 2
88 15 1
66 93 2
25 36 2
87 63 4
14 3 1
17 28 3
8 37 1
2 14 4
79 81 4
11 13 4
45 12 3
2 93 2
8 65 2
60 90 1
46 3 2
61 26 2
94 20 2
73 56 2
36 14 4
44 68 2
54 4 1
70 77 4
68 29 4
3 58 4
75 55 3
86 19 1
24 30 4
8 0 2
39 92 2
11 60 4
0 92 4
2 29 3
67 73 3
63 78 3
61 22 1
90 12 2
53 51 1
29 1 2
22 33 2
83 19 4
9 1 2
5 60 2
85 20 1
85 97 2
20 98 2
72 50 1
74 44 1
98 89 2
25 9 4
92 85 2
19 77 2
14 91 4
73 23 3
76 61 4
57 17 4
94 87 1
5 33 1
55 41 1
39 59 4
47 56 1
53 26 3
0 19 3
79 84 2
71 42 4
32 52 3
79 88 4
97 91 1
76 37 3
38 13 2
95 45 4
87 37 3
76 1 4
59 58 2
89 49 1
10 47 3
61 89 1
29 15 2
9 12 4
72 17 1
35 47 3
0 9 3
40 41 3
70 91 1
30 77 1
83 23 3
23 49 3
9 58 3
64 36 1
19 2 3
81 67 2
77 8 2
21 3 3
44 55 2
86 41 1
0 71 2
91 53 1
86 58 2
8 80 2
89 44 3
67 4 3
21 77 4
71 32 2
55 63 2
75 35 3
41 52 1
95 99 3
90 94 1
82 53 1
75 63 3
13 77 4
62 63 2
36 53 2
1 75 3
34 92 4
93 40 3
69 41 4
64 12 2
1 80 3
60 31 4
51 12 2
64 78 3
51 52 4
75 9 3
2 86 3
64 69 1
25 68 4
99 72 4
27 62 3
24 83 4
72 28 1
95 33 2
17 86 2
74 2 1
60 72 1
32 60 3
78 61 1
81 28 3
53 17 2
43 37 2
84 66 4
85 40 4
94 9 1
89 28 4
46 77 2
58 54 3
93 22 1
2 75 4
80 18 3
73 49 2
18 35 3
73 71 2
31 67 3
19 72 2
25 39 1
60 2 1
38 50 1
92 57 3
38 7 3
2 17 2
4 1 2
7 3 1
28 19 2
51 22 4
18 30 4
25 49 4
6 15 3
90 83 2
72 98 3
43 53 4
99 17 2
3 78 3
57 15 1
52 89 1
91 74 2
78 48 1
0 16 3
89 55 2
78 10 4
97 69 2
17 6 1
37 82 1
94 24 3
43 96 2
34 31 3
52 40 3
4 76 1
60 49 4
56 5 4
86 52 4
51 96 3
77 36 1
26 91 2
34 99 2
63 34 2
75 6 3
31 28 4
74 97 2
49 26 2
26 9 3
71 3 3
79 0 1
63 65 2
74 58 1
9 97 3
65 58 2
69 70 1
88 2 1
72 39 1
64 59 3
34 12 2
24 79 3
63 48 1
71 57 1
88 64 4
93 56 2
6 84 4
32 70 4
32 22 1
43 78 4
75 26 3
14 96 1
82 20 1
28 36 1
54 41 4
23 54 2
56 85 3
68 16 2
62 79 1
18 26 1
56 29 1
1 64 1
18 4 3
25 76 4
83 8 3
82 48 4
13 76 1
94 83 3
17 21 4
72 97 1
94 78 2
58 7 3
0 5 3
97 58 4
66 53 1
81 55 3
68 42 4
46 44 3
2 0 4
73 87 3
74 46 2
59 43 3
25 23 3
35 95 3
8 30 1
72 4 2
63 27 4
53 98 4
42 3 3
28 39 4
93 17 3
24 13 1
83 34 4
31 12 2
18 40 4
46 17 1
7 78 3
55 39 3
26 74 1
64 56 1
43 10 3
53 61 2
33 23 1
13 33 2
10 29 3
67 15 3
7 27 3
4 24 1
14 93 4
68 69 2
28 29 1
57 3 4
32 97 4
93 34 2
92 73 3
38 41 2
45 82 4
20 3 2
14 53 2
35 73 1
41 84 4
5 25 2
21 84 3
44 97 2
54 28 1
83 58 2
81 59 1
54 62 3
61 67 4
92 89 2
63 44 3
31 58 4
24 3 1
63 9 1
39 81 2
42 92 1
9 66 1
75 93 4
19 40 1
75 65 3
51 24 1
94 31 2
65 2 3
89 96 4
2 97 4
41 27 1
60 59 1
20 31 3
90 99 1
5 48 2
52 1 2
82 80 3
71 24 2
84 58 2
16 23 2
1 67 3
90 47 2
34 75 3
51 7 1
89 30 1
67 0 3
12 67 3
78 42 2
93 61 2
99 80 2
81 47 2
69 73 4
79 74 3
8 9 1
27 19 3
78 30 2
47 75 2
27 44 2
8 16 4
37 17 2
20 69 2
49 52 2
80 53 1
97 33 1
11 15 1
92 19 4
57 77 3
49 59 1
65 80 4
80 51 2
38 59 1
63 46 3
70 35 1
52 47 3
17 66 4
69 24 2
56 80 4
42 52 1
38 54 4
10 82 4
3 59 1
64 22 4
28 92 1
91 77 4
28 51 1
18 61 2
48 28 3
66 81 2
57 76 2
35 80 4
28 34 4
20 30 2
5 32 4
21 85 4
29 35 2
88 75 3
91 7 4
0 70 4
33 82 2
53 48 3
85 76 2
52 21 1
91 1 1
15 48 3
86 7 1
67 92 2
43 28 2
54 83 3
37 5 3
63 12 3
49 99 2
61 17 3
4 91 4
86 75 4
5 19 2
11 22 4
94 86 2
75 48 4
36 87 2
92 88 3
54 8 4
62 56 2
82 35 2
55 46 1
39 91 2
64 85 3
12 76 2
5 93 3
20 67 1
38 64 3
65 20 4
46 83 2
88 48 3
86 14 4
42 62 2
53 73 3
5 76 4
77 80 2
79 51 4
49 58 1
51 99 2
25 84 4
50 17 3
25 34 3
45 32 2
30 51 1
79 8 3
62 75 2
37 3 4
97 80 3
53 57 4
8 17 2
78 87 2
29 50 2
16 80 1
69 22 4
47 89 1
37 54 1
98 34 3
72 93 3
19 46 2
72 27 1
93 58 2
57 60 3
86 66 3
36 83 1
92 86 4
69 80 1
6 88 1
91 78 1
42 53 1
80 63 2
99 75 1
44 2 1
57 25 2
98 91 1
24 20 2
70 51 3
54 0 3
74 37 3
52 29 4
82 32 4
25 80 2
16 83 2
20 90 3
8 44 1
60 15 2
54 92 1
93 41 1
40 14 2
40 26 2
73 81 4
20 80 1
97 4 3
57 44 1
77 84 1
48 24 3
62 70 2
4 87 4
53 37 2
94 72 1
68 45 4
27 90 3
71 77 4
89 72 4
70 1 2
58 41 4
63 83 1
61 9 2
69 12 4
15 72 4
74 53 3
25 17 2
69 10 1
62 32 1
25 61 3
98 47 1
69 77 2
16 18 2
28 47 4
33 68 4
75 56 4
87 52 4
80 27 1
62 38 3
18 55 3
96 97 1
32 89 4
88 99 4
61 46 2
14 34 4
49 31 3
90 0 3
21 56 4
46 49 1
30 52 2
83 81 1
77 96 1
24 17 1
26 50 4
94 46 4
62 0 1
71 14 2
26 13 2
38 17 3
23 21 3
37 6 2
28 77 4
94 91 4
24 67 4
43 88 1
73 64 3
73 57 2
53 4 1
11 30 1
33 52 1
72 91 1
20 81 4
88 62 1
76 50 1
85 30 2
46 85 4
57 67 4
70 74 3
64 95 4
48 21 3
77 63 1
16 12 4
89 15 4
71 17 1
55 5 2
40 39 1
3 22 1
28 46 2
26 67 2
85 81 3
72 95 3
72 37 1
61 94 4
23 36 2
54 97 2
72 61 2
11 77 3
46 53 4
47 7 3
14 4 1
59 99 4
70 12 2
93 42 1
2 40 4
95 31 2
31 6 4
45 41 2
60 56 1
33 47 1
7 92 1
32 1 4
39 33 4
2 64 3
18 8 3
68 62 2
46 58 2
84 54 3
31 40 1
56 82 4
10 28 3
90 31 1
80 34 1
2 15 3
12 29 4
32 77 2
93 87 1
60 89 2
29 30 4
11 85 4
61 71 3
77 95 4
72 53 1
17 79 1
85 9 1
0 77 3
67 28 2
15 84 3
24 35 1
58 29 3
43 64 4
26 15 4
13 12 4
41 51 4
42 2 3
1 98 3
58 94 2
45 29 2
68 91 3
36 86 4
25 0 3
53 55 4
93 63 2
27 82 2
31 39 2
81 60 4
47 38 3
86 8 3
73 29 2
44 85 3
51 74 4
74 35 4
27 94 3
56 71 1
41 6 1
47 62 4
69 16 1
39 35 3
44 36 1
10 76 3
3 92 2
71 60 3
95 12 1
1 18 3
33 57 2
12 57 2
80 68 1
55 15 3
53 92 4
22 95 3
72 73 4
59 80 3
76 9 2
65 68 1
46 32 4
31 74 4
34 86 1
36 35 4
40 32 4
7 44 1
9 18 3
60 97 4
78 12 1
88 46 4
70 13 2
52 24 3
3 36 3
50 41 2
90 74 3
34 18 2
78 13 1
60 98 4
18 6 4
16 47 4
31 53 2
23 72 1
45 67 3
30 44 4
42 51 4
48 58 2
85 88 3
54 13 3
24 61 2
16 37 4
57 98 4
65 85 2
30 6 4
60 67 4
76 21 2
53 3 4
38 78 1
70 61 3
13 66 4
7 39 3
19 88 3
25 27 4
54 95 3
22 77 1
41 24 2
87 45 3
32 16 1
72 8 4
99 33 4
92 49 4
54 32 3
15 50 4
64 60 2
63 5 3
93 33 4
52 92 4
0 34 1
44 79 4
54 57 2
65 47 3
88 72 3
0 44 2
31 56 3
30 23 3
95 93 1
59 82 3
71 65 2
22 82 2
41 8 2
22 10 4
56 2 2
38 56 2
60 94 4
7 18 4
4 61 2
27 3 4
92 32 1
52 82 4
97 90 1
89 17 3
10 64 4
55 1 2
81 37 4
2 30 1
20 68 2
5 45 2
40 60 2
46 69 4
0 51 2
25 91 2
88 83 4
21 27 4
60 84 4
22 39 1
16 29 1
97 5 2
56 52 4
51 56 2
45 27 3
97 37 4
22 21 1
14 24 1
35 99 2
41 15 3
4 39 3
14 9 2
68 96 3
1 56 1
84 53 1
33 26 3
55 99 2
97 3 2
68 83 1
42 15 2
63 64 1
28 55 2
92 41 4
23 9 1
35 11 3
48 26 3
94 82 3
83 21 1
76 64 2
38 55 2
55 16 3
18 44 2
50 31 3
34 58 3
47 53 1
91 19 2
92 68 4
41 7 2
76 41 2
5 36 4
83 42 1
85 1 2
74 17 3
96 20 4
67 94 1
50 24 3
82 67 4
46 16 1
55 45 3
55 26 2
25 32 1
36 41 4
39 3 1
14 26 4
8 67 4
6 58 3
86 13 2
68 52 4
92 65 3
37 14 4
29 95 3
6 87 2
4 26 4
24 47 4
4 5 3
58 89 2
1 88 2
90 89 4
49 14 1
98 16 3
97 1 1
87 22 1
79 31 1
96 85 1
78 11 4
93 25 2
94 41 1
47 85 2
21 64 3
76 82 1
28 78 3
88 49 2
25 18 4
15 37 3
70 11 1
33 53 2
33 73 1
51 62 3
68 17 1
57 34 1
20 27 2
13 99 3
92 76 2
89 91 2
32 27 4
12 22 1
91 64 1
77 85 3
55 4 3
86 33 1
21 31 4
19 49 2
52 55 2
42 22 1
26 85 1
66 16 3
15 61 3
96 72 1
15 71 4
21 36 2
25 26 3
22 74 4
54 76 3
77 53 1
26 41 2
6 79 3
11 90 1
65 14 2
88 32 1
58 25 4
92 24 4
79 58 3
14 47 4
55 68 3
50 8 2
12 24 1
81 7 4
45 9 1
70 21 3
53 2 1
86 72 3
27 81 3
29 44 3
64 16 2
6 16 4
87 9 4
89 11 1
5 58 4
72 20 3
27 60 2
70 34 4
98 35 4
81 13 3
43 29 1
29 38 1
63 33 2
85 91 4
39 74 4
62 13 1
23 94 1
50 35 2
51 85 4
41 4 3
75 50 2
32 29 4
71 59 4
25 43 3
1 83 4
99 56 2
58 33 4
67 44 4
13 74 4
47 1 2
34 5 3
14 18 2
26 44 4
33 9 4
78 49 4
62 28 3
14 97 3
36 95 3
39 8 2
63 60 1
1 40 1
71 19 4
10 72 2
0 96 1
87 75 3
25 92 3
1 53 2
57 38 3
98 93 1
1 86 2
57 86 1
6 38 2
65 28 1
18 76 4
61 41 1
62 52 1
10 15 2
86 27 4
58 87 3
73 66 1
80 14 4
21 32 2
20 11 1
70 89 1
80 52 2
56 39 1
67 97 3
73 26 2
68 56 3
18 10 2
16 30 3
98 38 4
28 57 1
86 44 1
42 25 4
10 94 1
7 20 3
70 33 2
10 86 4
93 38 4
39 46 3
20 1 2
83 67 2
63 61 2
99 52 1
94 64 1
8 56 3
55 21 3
5 6 3
80 84 4
86 32 2
27 84 2
3 64 1
15 69 1
39 44 2
78 59 2
70 9 2
64 79 4
28 56 3
96 92 2
25 4 4
31 62 4
26 10 4
90 87 4
5 7 2
28 1 4
91 57 1
13 84 2
41 63 2
94 5 3
69 49 4
17 80 2
42 63 3
90 54 2
22 20 4
51 91 1
55 61 2
87 81 1
43 40 4
33 64 1
65 26 4
34 69 2
49 76 1
40 98 2
52 5 1
27 71 2
66 1 1
65 97 3
12 49 1
86 61 1
