2475 100
0 95 7
1 48 6
2 31 4
3 56 5
4 14 4
5 21 8
6 22 9
7 39 3
8 85 7
9 96 1
10 94 4
11 56 8
12 3 1
13 64 2
14 93 5
15 18 5
16 98 7
17 87 3
18 28 9
19 32 4
20 82 5
21 30 4
22 47 1
23 45 1
24 96 7
25 64 8
26 5 7
27 39 2
28 94 4
29 43 8
30 35 4
31 9 4
32 1 3
33 98 9
34 2 2
35 68 2
36 86 2
37 58 5
38 63 4
39 48 1
40 2 9
41 98 2
42 9 8
43 48 8
44 23 2
45 34 4
46 64 3
47 61 1
48 57 8
49 63 5
50 47 6
51 95 6
52 0 7
53 41 8
54 65 2
55 18 1
56 67 7
57 2 2
58 29 5
59 8 1
60 10 9
61 38 1
62 29 6
63 4 2
64 72 6
65 53 7
66 75 5
67 72 9
68 11 8
69 45 5
70 7 4
71 54 8
72 63 8
73 57 8
74 84 2
75 29 1
76 15 7
77 98 5
78 34 3
79 78 2
80 0 8
81 79 7
82 14 9
83 39 6
84 93 2
85 61 5
86 98 6
87 25 6
88 64 4
89 37 9
90 64 6
91 24 6
92 46 5
93 7 4
94 33 4
95 58 4
96 35 2
97 35 2
98 56 2
99 61 7
86 4 4
35 53 4
3 59 4
94 36 4
39 64 4
66 46 4
80 34 4
7 60 1
39 49 1
19 14 2
37 67 4
51 88 2
51 5 3
56 79 1
5 61 2
32 36 1
3 42 2
39 97 3
47 43 2
11 39 1
82 75 1
57 52 4
83 43 4
71 4 1
7 95 4
87 34 3
90 76 4
8 88 1
83 24 3
97 30 2
58 51 2
0 74 3
8 76 3
53 32 2
23 47 4
78 75 1
59 7 1
43 82 1
48 84 4
16 72 3
83 17 3
97 64 2
52 44 4
45 31 2
20 2 1
9 7 2
46 45 1
89 93 2
98 82 4
80 62 2
89 0 3
5 87 1
65 35 1
92 62 1
59 56 3
18 27 3
57 1 1
40 33 4
3 97 4
91 42 2
68 71 2
44 37 4
36 46 2
98 66 1
39 47 2
3 0 3
98 40 1
38 64 4
7 92 3
82 12 4
61 36 1
24 3 2
94 45 3
57 35 4
28 57 3
70 68 1
36 72 1
88 81 2
31 70 1
14 91 1
1 25 4
9 29 3
3 99 2
41 48 4
37 27 1
96 1 1
54 4 1
6 73 3
67 68 1
14 23 4
71 11 1
38 18 3
56 62 2
85 41 3
87 13 3
80 90 4
67 31 2
14 11 3
29 57 4
22 67 4
96 70 3
40 29 2
49 33 3
21 26 2
48 10 1
25 36 1
33 28 3
70 36 2
10 34 2
72 45 3
6 51 3
44 61 4
4 37 4
71 55 4
26 63 4
82 57 3
17 72 2
34 23 3
2 3 1
5 95 1
54 86 2
19 55 4
14 32 1
29 20 2
19 48 4
19 73 4
57 22 2
95 72 4
44 54 4
2 67 4
83 85 1
7 58 2
8 81 1
68 28 2
36 10 4
19 72 1
21 43 3
19 80 1
81 7 1
56 36 1
29 99 2
30 71 3
53 50 3
87 97 3
65 73 1
21 89 2
25 97 1
87 67 2
65 5 1
95 91 4
96 37 2
51 33 2
18 31 1
12 18 2
17 16 3
0 79 2
92 39 4
98 10 2
73 96 2
36 38 1
23 41 1
94 44 2
55 72 1
43 6 2
51 56 4
25 94 4
95 10 4
83 16 2
14 80 4
25 21 1
49 4 3
97 71 3
98 7 3
36 92 4
83 86 4
49 60 4
3 39 4
38 58 2
65 63 4
68 50 1
48 91 1
58 85 2
4 83 1
81 11 3
64 51 3
88 20 2
36 9 1
22 63 1
48 40 1
82 90 1
82 46 2
1 97 1
21 31 2
32 55 4
8 57 2
21 9 1
98 45 3
41 50 2
84 20 4
97 86 1
28 61 1
77 51 4
79 73 4
58 99 2
93 83 4
88 43 3
92 96 4
34 59 3
76 84 4
26 84 1
78 33 4
95 33 3
99 33 2
91 82 4
69 54 4
50 1 1
42 78 1
18 85 1
88 59 2
45 40 4
33 32 3
59 17 3
10 38 3
91 99 4
42 52 4
65 37 2
37 73 4
23 21 1
43 75 1
1 77 4
50 36 2
51 7 1
63 42 3
73 63 2
25 65 1
10 21 2
5 98 3
10 24 4
94 32 2
82 23 4
32 21 2
3 67 1
36 11 2
47 20 3
99 26 2
45 0 1
57 99 1
31 92 1
73 98 1
59 4 4
64 45 1
82 26 3
70 37 3
13 39 2
11 48 3
56 80 4
5 68 3
74 55 2
73 69 3
28 30 1
21 18 1
17 14 2
22 14 4
98 94 3
43 67 1
72 62 4
47 89 2
24 40 2
34 97 4
17 60 1
21 42 3
85 70 3
23 74 3
38 12 1
48 74 2
13 19 2
71 23 3
74 36 1
78 82 2
70 57 1
11 8 2
76 89 1
85 64 1
98 49 2
75 25 4
48 81 4
27 57 2
38 56 4
47 79 2
30 85 3
53 2 2
80 55 2
67 53 4
79 61 4
76 56 3
4 46 1
61 74 4
55 95 1
63 30 4
16 39 1
43 69 2
21 17 4
83 55 2
98 54 2
52 3 1
27 16 2
62 81 4
99 21 4
10 11 3
34 57 2
39 2 4
64 94 1
61 53 4
55 3 4
32 16 2
45 49 3
25 39 2
69 96 4
34 52 1
86 39 2
63 93 2
71 56 3
7 3 4
80 74 4
95 92 2
14 55 2
94 2 3
74 28 1
11 25 3
3 82 3
6 31 1
46 5 2
30 14 2
62 47 1
26 46 1
81 43 1
31 46 4
82 6 3
90 53 3
60 66 1
3 4 2
37 88 2
20 78 2
33 72 1
32 13 2
52 78 4
47 15 2
14 89 1
62 16 1
97 91 4
77 82 1
93 96 3
61 66 1
93 49 3
84 56 4
11 30 3
85 68 3
72 65 2
58 79 4
45 32 1
58 53 1
50 18 3
57 17 4
55 84 3
50 23 2
69 36 4
53 98 4
65 55 3
72 90 3
14 51 1
55 29 4
1 35 1
23 31 3
90 84 2
37 47 1
16 31 4
79 88 3
23 53 4
68 29 2
75 14 2
29 42 4
21 79 3
93 17 1
91 34 2
80 82 2
71 18 2
43 28 3
74 82 4
85 5 3
66 99 1
50 6 1
19 40 2
69 79 1
83 78 3
44 30 4
87 33 4
81 9 3
51 82 2
90 75 1
50 80 2
13 78 1
36 31 4
69 58 3
67 51 4
9 20 4
20 12 4
0 69 2
76 1 3
99 19 1
25 58 3
44 87 2
66 22 1
19 64 3
60 28 1
96 2 3
46 42 2
68 87 1
54 14 3
54 57 3
45 81 3
9 17 2
55 68 4
60 2 3
22 86 4
20 68 3
46 69 4
55 75 4
53 55 1
32 38 2
83 45 1
70 75 4
17 50 2
25 50 4
88 47 3
84 47 3
46 84 3
99 82 3
92 85 2
21 56 1
61 1 1
72 5 4
87 59 2
40 79 2
4 36 4
56 43 3
60 87 4
27 8 4
22 34 4
87 47 2
71 86 1
54 32 2
73 1 1
8 21 3
95 6 1
17 98 4
53 63 1
63 34 3
92 12 1
81 92 3
68 83 1
99 8 1
65 57 2
39 23 4
99 71 3
37 52 3
13 29 3
45 1 1
38 34 4
27 44 4
30 0 1
39 89 2
8 37 1
2 64 3
17 81 1
13 82 2
40 92 4
45 57 1
73 25 3
1 3 2
6 41 4
10 63 3
73 56 4
53 27 2
22 83 4
32 44 3
27 28 1
9 13 4
3 66 4
11 6 3
99 24 4
83 37 1
63 70 4
15 45 3
98 12 2
47 24 2
18 36 1
84 28 1
48 68 1
43 60 1
93 68 4
11 97 3
50 19 1
16 13 4
25 74 3
60 63 3
61 71 1
97 31 1
48 83 3
51 27 2
1 44 1
64 74 1
90 22 4
10 83 4
75 83 1
65 28 4
6 44 2
18 72 4
47 16 3
35 47 3
70 8 3
18 94 4
97 8 4
64 75 2
89 70 4
44 76 3
17 66 2
87 86 4
99 5 2
55 41 4
82 17 2
62 5 3
8 52 3
76 24 1
56 69 3
26 17 3
66 97 3
4 78 3
78 41 1
79 84 3
42 84 3
72 42 2
2 95 3
6 76 3
73 72 2
3 43 1
71 59 3
78 77 2
11 84 2
10 87 1
68 45 4
5 1 3
24 13 1
0 43 3
73 85 3
56 13 4
86 9 2
21 62 2
22 56 2
20 17 4
72 31 2
72 40 4
74 31 1
41 15 4
73 31 1
18 40 2
70 91 1
8 3 2
21 35 4
71 94 1
35 74 2
22 15 3
70 64 1
74 19 4
6 59 1
62 20 3
15 72 3
0 71 4
91 32 3
86 58 3
22 48 3
8 80 2
89 97 2
24 45 4
42 40 3
51 29 2
88 99 1
36 44 1
81 64 4
82 79 2
36 16 4
37 63 4
21 45 4
88 93 1
36 14 3
7 90 1
29 1 1
84 61 4
44 71 4
40 31 2
20 96 2
11 62 3
60 12 2
99 81 4
40 58 3
97 23 2
47 2 4
75 95 4
18 65 2
20 83 1
66 28 2
77 5 3
88 39 4
99 87 3
65 79 2
81 10 4
33 45 2
2 14 2
11 75 4
78 27 3
43 13 2
66 59 4
66 58 2
86 44 2
16 7 1
67 29 3
88 21 4
45 26 2
11 26 1
89 20 2
0 91 3
64 22 3
11 88 4
57 75 3
86 25 4
4 24 3
2 16 1
19 57 4
11 74 3
91 98 4
54 33 1
1 87 1
29 23 4
30 60 4
7 82 2
52 17 2
87 48 3
88 3 4
54 81 3
41 28 3
38 9 1
31 44 3
85 56 2
44 4 2
8 29 3
20 24 2
79 72 2
57 26 4
50 72 2
67 54 3
49 7 3
14 57 1
89 38 4
45 53 3
27 95 1
45 60 1
45 67 3
24 94 1
98 21 3
27 72 1
18 93 2
57 13 1
76 66 3
33 22 3
93 34 2
15 65 1
79 92 4
63 32 2
36 2 3
76 41 1
44 98 1
55 42 3
97 21 1
35 52 2
56 7 3
97 67 3
92 88 1
41 88 2
91 30 3
74 63 4
58 76 3
37 21 1
62 53 3
29 88 1
72 12 3
34 12 4
86 24 1
87 89 2
32 62 3
94 21 2
65 50 1
90 51 1
27 34 4
28 49 2
29 93 3
69 9 2
26 3 3
29 63 1
91 5 3
16 34 2
71 85 3
51 92 4
22 46 3
14 96 1
82 55 1
18 56 1
76 48 2
54 41 3
83 84 4
20 19 2
67 70 2
18 26 2
77 56 3
29 96 2
20 33 1
54 78 1
63 67 1
76 70 1
82 8 1
14 99 3
74 27 4
85 69 3
67 17 1
86 45 1
97 47 3
49 19 3
12 0 3
42 38 1
15 26 3
38 50 1
0 54 1
3 33 1
73 29 1
41 11 1
56 96 1
51 21 1
59 16 4
90 68 4
46 44 2
70 10 3
54 96 1
87 14 4
0 23 2
83 74 3
30 23 4
23 12 3
8 30 4
9 73 3
14 63 2
53 37 2
58 94 1
67 11 4
99 83 4
17 96 1
96 71 1
94 9 2
92 72 1
79 76 3
56 1 4
1 88 2
85 25 1
48 89 2
88 65 3
73 60 1
69 37 4
78 68 4
29 5 3
89 18 4
97 53 3
64 34 1
71 60 2
41 93 1
42 74 3
7 78 2
54 51 3
74 2 1
20 3 2
36 66 4
29 14 4
44 39 2
61 15 2
84 6 4
87 81 4
5 38 4
82 59 1
81 14 1
73 61 2
6 97 4
30 61 3
70 40 3
26 25 2
72 74 1
32 48 4
75 5 3
87 90 3
20 75 4
29 19 4
0 88 4
79 25 3
69 22 2
74 54 4
78 26 4
16 68 3
86 3 4
36 68 3
73 48 1
49 90 1
45 65 3
62 52 4
75 42 2
23 8 2
67 36 4
85 55 3
60 64 1
13 35 1
44 7 4
42 97 2
31 69 2
16 1 3
43 2 3
53 74 2
44 47 1
2 65 4
60 20 1
83 69 1
39 38 4
7 15 2
25 33 1
44 33 1
63 95 1
79 75 3
77 74 3
0 21 3
7 84 3
76 65 4
76 80 3
98 70 1
35 11 2
59 85 3
8 4 3
69 15 2
78 89 1
33 60 2
26 79 1
83 14 4
54 77 4
94 3 3
22 4 2
10 18 3
29 28 3
81 16 3
70 73 4
64 57 2
13 53 4
0 39 2
35 78 2
22 61 3
98 46 3
38 7 4
91 84 1
6 75 4
40 43 1
16 96 4
93 73 1
49 71 4
5 9 3
21 78 2
53 77 4
81 85 2
76 39 2
42 30 2
76 37 2
68 63 1
12 53 1
47 99 2
36 12 1
87 3 3
93 39 4
99 90 4
13 11 1
72 28 1
16 48 4
88 89 2
19 98 1
6 18 2
75 38 3
65 46 2
63 31 3
58 62 1
39 59 4
44 35 2
24 46 4
8 46 1
3 46 2
40 86 3
99 80 3
56 54 1
44 75 4
38 84 3
63 20 2
86 46 4
26 88 2
64 67 4
69 95 2
31 11 1
58 72 3
63 94 2
98 92 3
83 53 1
96 11 4
46 79 4
58 8 2
77 36 3
41 12 2
10 4 4
36 48 4
73 11 4
87 24 4
83 36 2
92 94 1
30 2 3
99 51 3
54 62 4
14 10 4
42 47 3
18 53 2
35 49 2
71 88 1
63 64 1
5 30 2
73 8 4
93 37 2
61 86 3
28 53 2
72 49 2
58 77 1
9 6 4
10 43 1
98 50 4
2 88 2
35 66 2
23 84 4
89 6 4
49 57 3
87 66 2
70 83 3
71 12 2
62 90 2
60 0 4
37 98 1
64 56 4
29 82 2
33 85 4
22 12 2
22 96 4
80 64 1
0 4 4
6 74 3
36 30 3
94 47 3
82 21 1
87 30 4
55 52 2
47 11 1
78 95 4
76 91 3
38 83 2
2 33 4
36 40 4
33 79 2
43 24 4
5 63 4
98 64 1
46 97 2
32 65 2
88 10 1
2 29 4
98 85 4
47 52 1
61 43 2
92 21 3
61 78 3
75 9 3
93 5 1
36 62 2
97 85 1
84 51 2
35 77 4
64 93 3
71 65 4
34 74 4
24 32 4
67 46 4
67 32 1
68 56 1
85 67 1
32 39 1
8 89 2
12 69 3
32 50 2
92 55 1
40 71 4
43 50 3
77 91 3
1 72 2
47 66 4
10 68 4
40 9 4
57 93 4
43 17 2
63 57 1
93 95 3
36 0 4
3 5 2
92 13 2
15 93 3
58 57 4
39 57 3
61 91 1
31 26 4
84 40 2
57 44 3
39 60 3
95 30 3
62 41 1
27 79 1
50 37 3
77 22 4
38 79 2
66 92 3
50 2 1
79 43 1
27 71 2
34 60 1
40 67 3
42 13 4
8 24 2
9 34 2
94 55 3
36 71 1
73 99 4
68 58 1
14 7 2
5 64 1
29 95 2
48 45 3
72 82 3
63 6 3
66 72 4
30 4 2
69 76 3
23 72 1
12 58 2
14 65 3
90 12 1
37 60 3
98 75 3
46 52 4
80 84 4
1 34 2
42 26 1
33 13 4
13 71 1
33 35 4
58 80 3
76 92 3
80 38 4
34 53 1
82 67 3
54 93 1
35 79 4
98 34 4
79 7 4
43 85 4
48 8 4
7 41 4
86 10 2
86 30 2
24 12 1
48 95 4
41 66 1
79 48 1
88 33 4
82 28 2
55 86 4
79 80 3
56 2 1
65 81 4
25 40 4
36 53 1
91 56 4
20 43 3
30 89 3
98 47 2
33 9 2
5 82 2
30 64 2
35 40 3
73 59 4
82 47 2
15 85 2
35 90 3
71 19 4
92 82 3
98 97 4
78 3 3
56 23 3
4 64 3
5 44 2
6 94 2
43 4 4
51 87 3
82 4 3
18 63 4
80 89 2
58 70 4
15 43 3
24 19 4
17 64 3
8 51 3
65 67 1
39 10 1
20 30 3
18 61 3
98 26 4
40 10 4
75 26 4
57 62 2
13 58 1
47 60 4
71 5 4
28 19 4
86 56 4
50 31 2
31 10 1
80 68 3
65 84 2
87 6 3
56 70 3
25 37 3
65 26 4
29 81 3
17 71 4
82 19 2
55 17 2
91 75 3
23 5 1
68 91 2
16 20 3
48 59 1
43 90 3
32 79 1
93 76 4
53 66 3
40 93 1
68 21 1
57 80 2
21 24 1
59 84 3
69 93 1
60 78 4
82 53 4
93 43 2
9 1 1
29 64 3
99 43 4
39 52 1
78 96 1
24 52 4
73 42 3
8 9 4
25 59 1
27 11 2
14 69 4
7 43 2
23 87 4
39 21 4
4 56 4
31 42 2
99 74 3
84 1 2
2 37 1
31 53 1
96 31 2
7 61 3
37 94 1
74 59 1
48 12 4
45 41 1
57 98 4
39 22 1
16 40 2
5 59 1
51 28 4
84 96 3
28 10 2
7 32 3
17 76 1
16 28 1
84 81 2
82 33 4
64 37 1
54 80 2
80 83 2
67 35 4
39 95 4
5 97 2
5 27 1
55 57 3
1 33 2
63 41 4
3 32 3
30 92 3
39 80 2
54 82 2
34 3 1
28 95 4
37 33 3
99 38 3
29 18 3
61 97 2
91 8 3
37 11 1
13 30 1
86 49 2
47 58 2
99 15 4
9 45 4
33 68 2
53 39 2
51 60 1
49 15 2
28 97 4
6 33 1
52 76 4
15 55 4
25 28 2
71 31 4
91 1 1
85 16 4
61 63 3
8 95 2
94 38 2
93 50 3
10 76 2
17 95 3
24 79 2
19 53 1
13 28 2
71 89 3
42 39 2
93 53 3
73 4 3
77 59 4
83 66 1
34 18 3
86 23 3
16 91 1
75 52 3
37 18 2
86 32 4
99 72 3
98 22 2
68 57 1
38 26 2
34 73 3
56 45 4
53 79 4
61 21 1
7 48 4
90 14 3
7 35 1
18 67 4
25 43 1
4 65 2
78 10 3
94 72 1
81 73 4
7 66 4
3 76 2
4 67 3
11 65 1
87 55 3
91 69 4
50 13 2
98 9 2
15 11 1
14 46 4
39 33 2
62 19 4
48 99 1
16 51 2
74 92 4
44 67 4
2 54 1
23 26 2
23 95 2
51 17 2
90 24 4
24 73 2
54 66 3
80 85 1
25 77 4
67 0 4
9 41 2
96 30 1
13 36 1
36 21 4
16 95 1
69 7 4
86 29 4
90 77 4
19 67 3
34 62 4
71 35 4
55 33 3
16 5 1
50 46 2
1 52 2
96 7 3
49 66 4
23 33 4
65 42 1
3 35 3
81 50 3
95 1 1
30 31 1
48 4 2
17 63 2
61 98 2
84 18 4
88 4 2
6 71 2
57 0 2
75 27 3
27 82 2
61 13 4
47 92 2
14 28 2
50 4 1
22 70 4
70 1 1
93 32 2
78 25 4
76 49 4
75 24 4
14 84 2
60 92 1
1 4 4
74 1 4
21 81 2
47 26 1
92 84 1
77 85 4
35 23 3
82 76 3
17 48 4
21 50 2
41 57 3
69 39 1
92 26 4
82 37 2
88 62 3
11 63 2
28 58 2
51 9 1
95 44 2
94 35 1
72 88 4
50 62 4
3 68 2
9 39 3
56 5 3
27 56 4
36 17 1
13 21 3
61 11 2
86 64 2
68 43 2
99 9 1
33 27 4
14 12 3
84 73 4
78 73 3
93 2 1
48 46 2
59 32 4
45 30 4
76 21 1
61 46 4
42 81 3
16 45 3
5 66 2
30 46 1
96 98 4
60 57 3
15 53 2
9 12 1
42 53 4
73 23 3
66 27 1
84 12 3
75 16 2
69 11 4
17 42 2
92 45 1
81 69 1
71 51 1
84 95 4
71 74 1
15 84 1
85 42 1
70 72 4
22 62 2
73 40 1
8 44 1
78 45 2
10 80 1
68 49 4
49 47 1
65 12 1
59 19 4
44 59 2
61 64 3
20 54 1
69 55 3
52 11 3
38 68 3
52 72 1
69 10 2
68 52 4
80 13 2
28 86 2
41 20 1
20 85 4
77 9 4
7 4 4
28 31 3
23 3 1
70 3 1
57 81 2
80 95 3
23 16 2
52 15 1
48 23 1
40 99 4
30 56 4
55 89 1
48 50 3
47 69 1
60 50 2
35 5 2
36 15 4
84 2 1
53 6 4
90 91 4
35 26 4
85 99 2
49 78 1
88 25 2
56 94 3
85 40 3
91 93 1
11 1 2
24 62 3
79 4 3
92 42 1
56 26 2
42 60 2
75 54 2
81 19 1
20 56 2
64 55 2
3 61 2
96 45 2
38 57 2
22 97 1
5 10 2
27 62 4
16 29 3
78 6 1
48 55 3
45 62 3
49 20 1
92 0 4
66 64 4
46 21 2
69 87 4
56 47 4
28 46 2
96 97 4
25 34 4
70 78 4
32 96 4
27 64 2
25 91 2
49 0 2
13 59 1
77 65 1
90 27 4
58 35 4
9 95 4
25 76 3
95 54 2
20 8 2
93 6 4
93 45 1
28 70 3
4 76 2
93 97 1
95 81 4
77 84 1
53 21 1
71 10 4
33 59 3
38 91 2
28 89 2
95 62 3
44 22 2
93 33 3
47 41 4
71 98 3
25 63 2
30 43 2
72 26 1
92 1 1
19 39 1
69 65 4
87 31 1
67 61 1
65 78 3
63 84 1
43 51 3
4 69 3
33 41 3
40 30 1
84 62 4
61 12 3
30 10 2
79 11 1
18 78 1
35 18 3
46 54 3
4 31 2
12 86 4
63 28 2
19 9 1
33 84 3
1 10 3
41 87 2
83 35 1
40 1 2
47 34 2
33 46 4
52 99 2
0 87 4
2 21 1
37 59 4
47 76 4
67 26 2
63 88 1
90 32 4
32 49 1
36 80 2
96 34 4
70 51 1
71 26 4
49 13 3
86 27 3
6 20 1
56 15 2
2 98 3
81 60 4
86 59 2
3 9 2
78 15 4
69 26 4
11 7 1
59 22 3
6 13 2
53 25 1
18 57 1
22 40 1
41 36 4
81 47 2
62 87 1
86 75 1
72 86 4
16 3 1
27 54 3
21 58 3
20 35 3
1 26 4
78 86 1
6 70 2
36 58 4
49 50 1
70 65 2
44 25 2
61 68 3
48 67 1
30 47 3
31 17 2
32 43 2
25 6 3
53 69 3
53 14 4
78 8 1
38 31 1
84 98 3
85 62 3
65 80 1
97 54 3
67 66 2
62 75 1
94 84 2
47 51 2
82 52 2
3 50 3
38 71 4
72 11 4
90 19 2
77 67 2
79 18 2
77 4 1
73 32 3
54 31 2
46 0 2
51 35 3
82 69 4
0 98 2
53 52 1
65 98 2
33 17 4
71 72 2
23 22 1
88 52 3
99 94 2
15 75 1
49 79 1
70 50 2
88 5 1
68 4 1
7 31 1
25 7 2
4 28 4
41 56 2
45 44 3
93 44 1
35 2 4
98 36 4
69 61 4
87 94 2
9 72 3
18 64 4
3 21 2
90 25 1
96 36 1
65 40 3
21 49 4
58 56 1
80 23 3
73 91 4
65 91 1
76 38 2
59 93 2
71 76 4
72 38 3
64 33 4
8 71 2
96 86 2
94 49 4
17 45 1
71 87 1
66 20 1
85 54 3
97 70 1
59 67 1
90 0 3
70 0 3
53 59 1
3 63 3
59 38 1
43 80 1
82 81 2
18 68 1
25 20 1
90 41 3
74 32 4
57 97 4
29 44 2
62 31 4
22 43 4
77 24 1
30 27 3
79 68 2
76 40 2
51 24 1
32 82 4
6 57 4
46 73 1
3 75 3
13 86 1
74 8 4
47 31 1
92 19 4
97 19 4
57 9 2
5 41 1
76 67 1
40 15 3
49 55 2
26 33 1
8 36 3
88 73 4
33 21 4
82 24 2
29 92 4
97 56 1
85 46 2
14 59 2
34 32 2
21 59 4
22 68 2
14 1 4
80 49 1
65 43 2
1 79 3
22 29 2
78 39 1
68 60 4
34 76 1
13 3 2
42 35 2
62 39 1
92 83 2
60 97 3
96 79 2
69 13 2
29 78 2
39 90 4
26 44 2
91 89 3
60 8 2
49 12 3
63 89 4
7 68 2
25 83 4
83 67 1
82 56 1
70 81 3
42 68 3
90 96 4
75 36 4
24 5 1
46 60 3
29 0 4
62 89 3
77 66 3
61 82 2
2 13 2
74 9 2
93 94 4
40 90 1
12 37 4
30 48 2
43 58 4
88 68 1
27 94 2
64 62 3
46 34 2
64 28 2
22 52 1
14 94 2
80 9 4
68 32 3
25 27 3
15 60 3
85 27 3
69 21 3
4 17 3
77 64 1
73 76 4
90 88 1
38 52 4
57 59 3
0 15 4
78 37 2
31 85 4
62 40 1
84 30 3
77 8 1
6 10 3
8 33 1
26 27 1
41 27 4
32 61 1
93 27 4
41 64 1
47 38 1
8 41 1
87 56 4
45 90 1
25 55 3
41 19 1
3 72 3
97 0 2
4 92 3
50 34 1
46 96 4
83 42 2
10 9 1
85 51 4
24 53 3
30 83 1
12 2 2
38 98 2
17 88 4
25 23 1
15 88 1
57 43 2
81 3 2
24 26 1
93 30 4
17 84 2
41 60 3
7 62 1
78 1 3
61 8 3
67 34 4
9 90 2
86 99 1
3 29 3
37 77 3
27 98 4
23 54 3
93 10 1
5 14 3
52 74 3
19 26 2
50 55 1
70 35 3
5 52 3
17 3 3
22 30 2
20 58 3
73 33 3
89 33 4
16 82 2
32 99 3
54 92 1
64 59 1
28 85 3
89 79 2
4 55 3
13 22 4
98 32 4
9 43 1
73 3 4
77 57 4
44 79 3
38 37 2
99 75 4
87 92 2
19 33 3
68 66 3
33 63 1
40 61 3
36 73 4
31 80 4
17 30 4
5 79 4
40 11 1
44 15 4
79 29 2
82 44 2
42 56 3
3 44 1
83 27 3
67 89 2
41 16 1
50 8 4
93 3 1
50 29 3
95 57 4
27 20 3
60 59 2
89 15 4
84 24 3
31 60 4
76 5 4
2 70 3
99 93 1
24 28 3
63 16 4
53 22 4
16 44 1
44 97 3
24 70 3
26 81 2
1 31 4
18 80 3
10 8 2
54 84 1
79 23 1
45 87 2
50 90 1
80 94 4
59 96 1
55 37 3
31 77 4
71 75 2
16 88 4
60 67 1
52 56 1
96 12 2
81 97 1
47 68 4
74 21 4
9 64 3
83 88 4
49 6 3
77 94 1
33 83 3
69 42 4
90 29 4
0 58 3
46 56 1
74 4 4
35 88 1
98 25 2
67 99 3
41 42 2
61 34 4
11 59 1
11 44 2
22 45 2
94 46 2
87 70 4
11 54 3
24 55 3
27 43 4
97 14 3
43 34 3
91 20 3
61 51 1
5 54 3
20 18 3
89 96 1
90 54 2
49 10 2
2 8 1
57 87 1
23 24 2
5 12 1
49 34 1
40 75 1
7 77 2
13 72 1
41 3 3
66 85 3
30 15 3
35 92 4
6 38 1
94 51 2
25 9 1
91 79 4
67 13 4
13 68 2
18 33 1
97 63 2
48 6 2
51 31 3
1 60 2
50 75 2
38 69 1
70 30 2
52 14 2
74 75 3
36 79 3
60 90 1
12 55 2
17 94 2
93 74 1
39 50 2
39 15 2
2 27 2
65 19 3
25 69 1
28 32 1
77 95 1
15 64 2
46 72 1
23 1 3
57 84 1
19 42 2
36 35 4
88 45 4
0 1 1
41 39 2
21 47 3
79 19 2
59 90 4
43 41 2
5 4 2
61 90 3
23 89 1
23 64 3
54 26 2
57 53 1
91 94 2
83 73 4
25 60 2
24 72 4
97 7 4
79 39 2
4 35 2
45 50 3
45 74 2
39 75 4
87 95 1
75 88 2
58 78 4
55 20 1
90 46 1
37 81 1
40 68 2
88 50 3
79 41 2
52 20 4
5 8 1
11 21 2
32 80 1
32 95 2
31 29 2
77 18 2
68 44 2
34 6 2
26 85 4
91 72 3
31 81 1
81 58 4
1 63 1
60 16 3
96 23 3
80 33 4
44 38 1
38 24 4
15 19 4
50 11 4
86 68 1
43 97 4
15 81 3
44 42 4
48 2 4
98 35 4
76 18 4
45 51 3
34 58 2
28 76 4
84 32 2
0 73 3
53 51 3
35 95 3
93 47 1
86 0 3
97 40 2
5 6 1
51 79 4
16 30 3
17 54 3
66 89 3
92 97 1
20 67 2
65 86 1
76 7 3
13 88 4
72 10 3
77 34 4
47 5 1
23 88 4
23 59 4
9 89 1
18 32 4
9 22 3
55 22 1
86 84 3
26 60 3
58 26 1
28 6 4
81 49 1
31 58 1
71 32 3
57 36 3
37 92 4
24 93 3
43 1 3
7 40 3
67 94 3
94 42 3
51 46 1
31 86 2
42 14 1
89 52 4
33 71 4
1 86 1
43 14 2
42 89 1
57 86 1
19 66 3
83 77 1
78 44 3
22 75 2
37 46 4
31 24 1
65 82 2
94 5 2
11 17 3
77 49 4
6 2 1
81 6 1
43 26 4
26 22 2
22 79 4
73 95 1
25 31 4
38 8 4
90 34 2
97 94 2
57 37 1
17 69 1
69 92 1
77 73 1
17 6 3
10 52 3
96 91 3
6 45 4
85 88 2
91 15 2
19 34 2
22 11 4
83 76 4
94 70 2
41 81 1
95 74 4
12 21 1
70 95 3
13 5 4
91 12 4
75 18 3
17 92 1
4 66 1
71 63 1
57 47 4
62 70 4
81 44 3
16 99 3
55 11 3
37 54 2
74 65 3
46 91 3
83 65 4
35 24 4
70 44 2
5 28 4
76 55 2
10 89 2
7 55 3
29 77 3
23 15 2
87 28 3
68 73 1
51 36 4
38 28 4
0 38 2
71 81 3
86 5 1
32 56 1
51 73 4
89 5 4
22 7 2
35 15 3
54 30 4
24 1 3
16 92 4
80 26 1
12 47 2
9 48 1
63 85 2
54 40 3
85 84 3
54 72 2
34 4 3
79 97 2
59 75 1
27 0 2
32 5 1
93 61 4
64 82 1
70 41 1
10 13 2
69 86 4
59 54 2
6 96 4
56 66 2
47 95 4
7 52 1
92 32 4
26 61 1
30 37 2
79 20 1
97 24 3
77 26 2
51 89 3
63 77 3
6 98 4
95 53 1
69 99 1
30 98 1
53 46 3
77 89 4
70 74 2
40 91 4
67 49 3
60 58 3
66 32 1
49 43 4
25 71 3
16 66 2
95 4 1
81 1 3
91 27 4
16 87 3
46 1 2
41 14 2
40 44 4
88 76 3
23 69 1
41 24 4
82 38 3
59 24 2
87 75 4
17 34 3
14 49 2
37 40 4
59 61 2
38 11 2
13 70 1
0 63 2
47 70 3
73 49 2
84 70 3
63 35 1
48 65 4
68 59 4
92 20 4
55 62 1
81 67 1
14 76 3
47 63 2
77 38 4
36 84 4
57 76 1
66 31 2
18 49 1
58 67 2
78 74 3
35 28 4
12 19 3
43 16 3
52 93 2
77 70 4
32 29 3
65 51 1
85 11 4
74 47 2
50 58 2
92 71 3
85 60 3
71 79 3
95 56 3
74 86 4
45 10 1
74 49 4
13 83 4
59 78 4
19 2 2
41 31 4
16 94 4
15 5 2
2 83 4
68 34 4
95 40 2
13 89 4
35 10 1
28 23 3
52 4 4
28 81 3
11 23 4
47 65 3
10 64 1
0 16 4
33 90 2
90 52 4
61 52 3
28 93 4
87 32 4
68 14 1
22 5 4
23 63 1
13 44 2
47 71 3
85 74 1
57 71 2
63 62 1
86 81 1
71 7 3
15 95 2
99 63 3
90 13 1
13 17 4
65 90 4
3 79 2
76 98 1
57 74 2
12 99 1
26 87 1
75 45 2
34 92 1
92 9 4
20 1 3
13 91 1
53 91 4
89 25 1
92 58 3
92 75 4
27 96 4
90 20 3
81 33 3
2 90 3
76 78 3
77 55 4
69 28 1
39 12 4
12 44 4
18 46 2
67 9 1
45 4 1
35 27 1
67 57 3
15 80 3
21 96 3
93 81 3
62 96 2
91 74 2
25 18 3
73 66 1
92 91 3
39 35 4
76 75 3
51 40 2
6 14 1
59 70 2
59 46 1
60 55 2
10 50 1
