2475 100
0 69 1
1 77 1
2 23 3
3 88 3
4 22 9
5 72 3
6 63 3
7 45 2
8 79 2
9 21 2
10 26 7
11 74 9
12 66 3
13 59 7
14 18 9
15 59 1
16 72 9
17 27 3
18 84 8
19 80 5
20 27 7
21 6 9
22 5 1
23 31 6
24 13 9
25 68 6
26 54 4
27 71 3
28 82 6
29 52 4
30 60 2
31 1 9
32 73 7
33 20 7
34 80 7
35 22 4
36 51 5
37 39 7
38 6 4
39 81 6
40 68 7
41 26 6
42 47 7
43 44 2
44 94 9
45 42 3
46 65 3
47 59 7
48 85 9
49 99 3
50 83 7
51 44 1
52 49 8
53 4 4
54 20 9
55 84 9
56 20 9
57 72 6
58 62 9
59 34 9
60 81 6
61 96 8
62 29 4
63 48 5
64 35 8
65 40 6
66 91 4
67 63 7
68 25 6
69 92 6
70 77 2
71 8 1
72 47 3
73 75 5
74 62 4
75 58 2
76 60 1
77 32 7
78 25 3
79 47 8
80 63 8
81 42 8
82 97 9
83 33 3
84 27 7
85 58 1
86 74 8
87 42 5
88 30 5
89 60 4
90 73 8
91 68 5
92 97 8
93 85 9
94 89 5
95 51 9
96 7 9
97 72 5
98 35 5
99 95 5
43 46 2
10 56 3
21 87 2
74 26 4
85 16 2
13 19 4
74 65 2
25 94 3
30 44 1
76 66 2
89 74 4
65 5 3
13 63 3
69 7 1
8 65 1
36 0 2
65 82 1
19 65 2
35 70 3
11 33 2
48 52 3
33 47 2
85 24 2
80 54 4
63 22 3
86 36 2
10 89 1
27 44 3
45 72 2
16 79 4
69 47 3
92 98 3
67 97 4
9 17 1
75 22 3
16 28 3
38 54 2
57 35 2
50 42 2
64 85 1
56 47 3
46 39 2
43 53 1
63 70 3
94 21 2
98 79 1
46 35 3
83 67 4
32 86 4
99 52 1
26 94 4
79 24 2
10 29 3
99 58 3
34 90 4
33 28 1
49 51 3
43 72 1
29 73 2
96 74 3
7 6 3
64 14 3
90 14 3
32 89 1
92 42 2
0 65 3
98 53 3
93 81 2
67 75 3
31 17 2
26 51 2
9 34 2
3 80 3
77 38 2
91 63 2
16 18 2
60 26 3
88 35 1
27 90 1
50 46 1
22 20 3
69 31 3
21 33 4
83 61 2
38 11 1
87 68 1
5 89 1
82 76 1
95 90 2
65 26 4
27 91 2
4 20 2
12 93 1
13 52 1
67 18 3
32 71 4
52 72 4
97 12 1
64 61 2
90 6 1
31 43 3
78 31 4
21 82 4
63 4 2
17 87 2
85 88 1
42 11 3
40 43 2
80 65 4
24 48 2
13 68 3
81 82 4
42 5 2
73 94 4
41 45 1
56 74 4
20 41 1
61 41 3
39 88 2
77 59 2
22 12 2
48 86 1
94 4 1
88 55 4
22 83 1
37 15 3
66 72 2
70 95 3
39 97 4
72 6 2
13 43 2
35 69 4
55 89 2
56 69 3
69 52 4
99 42 1
26 93 2
48 7 4
76 49 4
37 87 1
96 59 4
57 54 1
90 29 4
39 20 4
90 0 1
42 70 2
77 68 1
59 76 4
87 90 3
83 85 1
42 80 4
98 40 1
0 14 1
14 91 2
5 24 3
78 92 3
59 90 3
99 89 2
87 85 3
63 51 2
13 27 3
33 55 1
39 47 2
72 34 4
21 93 3
36 45 3
31 39 2
32 55 4
6 66 3
69 43 4
58 80 1
25 12 2
0 8 2
24 70 2
79 65 4
37 86 1
14 36 4
1 70 4
13 96 1
73 40 4
56 75 1
76 2 1
56 48 4
64 31 2
33 14 3
85 41 2
19 24 1
86 26 2
74 95 3
9 7 4
85 31 1
88 50 4
8 53 3
39 84 2
44 61 2
8 84 1
43 70 4
30 62 4
25 16 4
39 98 4
82 86 3
90 69 2
75 54 1
54 85 4
17 55 1
91 43 4
46 68 4
77 73 4
75 16 2
97 81 4
6 27 4
58 29 3
20 68 4
75 46 2
16 54 4
79 58 4
13 77 4
5 79 4
34 0 2
14 77 1
61 3 2
78 54 2
84 13 3
18 24 3
91 32 4
12 19 4
64 76 1
92 70 1
77 17 1
73 39 1
29 40 2
2 65 4
12 26 2
43 57 1
73 74 1
8 45 4
55 73 1
77 39 3
96 75 3
22 44 3
28 3 4
15 11 2
51 3 4
66 60 1
41 15 1
23 50 1
75 60 1
62 68 3
67 11 1
80 59 3
73 22 4
88 65 1
93 0 2
25 22 1
94 52 3
35 52 4
8 11 3
34 64 3
45 25 1
76 20 1
26 37 2
41 39 3
24 23 4
16 27 3
39 45 2
62 1 1
99 30 1
32 24 4
66 34 4
26 75 3
60 55 4
1 97 4
78 46 1
12 53 2
28 34 3
76 78 2
85 78 2
96 93 3
8 44 2
83 17 3
32 35 3
2 67 3
42 64 1
98 78 3
24 84 4
56 18 4
68 38 2
4 47 2
61 12 1
71 36 1
59 92 2
81 90 2
24 78 1
83 25 2
40 35 2
16 89 1
64 97 4
67 96 4
77 76 4
18 50 2
10 91 4
84 33 1
35 42 4
82 40 3
19 31 2
51 92 1
70 13 4
15 36 1
57 76 4
61 8 4
83 80 2
54 89 3
26 76 3
10 19 1
31 2 4
0 26 4
86 45 2
65 32 1
82 2 2
91 50 4
11 72 4
93 58 1
63 19 3
24 29 2
27 72 2
61 20 4
36 30 2
45 37 2
63 93 3
8 20 4
36 43 3
5 97 4
76 11 3
69 4 3
47 44 1
53 17 4
31 45 3
42 44 1
47 87 1
17 68 2
49 3 4
46 67 3
65 15 3
60 88 4
21 48 2
51 99 2
96 22 4
85 91 4
60 35 3
83 48 3
52 70 4
95 47 1
35 31 2
53 57 4
71 84 3
4 38 3
64 27 1
33 41 4
84 97 2
33 19 3
56 36 2
44 52 4
71 35 4
3 14 4
47 51 1
75 27 4
95 18 1
85 35 4
78 73 4
1 30 1
1 88 1
1 66 2
66 63 1
11 98 4
39 9 2
29 3 1
36 40 3
3 10 2
60 38 3
24 63 4
39 78 2
2 19 3
57 3 4
66 86 4
31 32 3
10 5 4
7 60 4
77 60 4
93 80 1
84 40 4
44 31 2
41 44 3
66 49 2
68 56 3
2 87 2
13 47 2
97 71 4
68 28 1
89 4 2
45 44 4
38 64 3
85 22 1
90 42 4
15 9 4
84 11 4
65 14 3
22 68 1
97 31 3
83 98 2
9 19 4
58 20 2
96 86 4
24 27 4
34 86 3
14 39 1
22 80 3
94 75 3
18 21 4
4 1 2
87 52 3
49 78 3
10 99 2
59 66 3
92 7 1
39 93 4
19 76 2
10 8 4
14 54 3
58 69 3
86 64 4
28 47 4
57 97 3
33 60 3
41 50 2
25 63 2
53 39 4
24 8 2
71 96 1
10 37 1
18 12 1
6 57 2
50 44 4
88 96 4
9 54 2
96 78 4
57 69 1
20 75 4
5 51 4
1 82 1
26 62 2
91 96 2
29 68 2
53 42 4
12 31 3
11 6 1
73 95 2
88 16 3
57 52 2
31 53 4
99 83 1
69 29 4
97 18 4
32 85 4
85 96 2
58 8 3
92 57 2
75 15 1
67 98 3
89 0 4
89 82 2
5 7 4
88 92 4
1 11 3
73 20 3
88 10 2
64 89 3
92 75 4
80 30 3
67 57 4
53 84 1
92 74 3
71 45 3
18 47 2
55 41 4
90 65 1
16 4 2
70 72 2
41 53 2
72 12 3
92 0 3
37 54 4
51 19 2
73 19 4
32 25 3
43 26 4
84 69 1
27 54 1
99 28 3
37 53 1
34 20 1
80 72 1
48 23 4
0 28 2
18 75 4
36 24 3
82 96 4
17 57 1
77 6 4
22 16 4
82 52 3
42 4 1
16 83 2
41 58 1
70 6 4
11 96 4
77 91 2
38 49 4
6 3 3
49 84 4
9 66 1
71 72 3
0 95 4
59 75 1
33 80 4
96 23 1
58 84 2
57 90 2
48 79 3
49 75 1
53 67 3
70 33 4
50 99 3
2 40 1
5 78 1
34 53 1
98 3 2
50 61 3
59 65 4
19 75 3
26 32 2
33 78 4
54 45 2
1 10 4
35 92 2
74 55 1
65 98 1
85 80 3
30 34 1
10 60 4
51 22 3
33 40 3
12 63 2
50 78 4
59 32 4
86 90 4
41 1 3
47 3 2
27 33 4
26 4 1
26 64 2
5 73 2
34 83 3
27 59 3
70 44 4
40 37 1
52 19 3
98 43 2
42 72 1
10 81 2
64 56 3
61 30 2
42 73 2
64 39 3
20 9 1
13 1 1
65 54 4
73 7 2
35 79 1
41 31 2
36 1 2
45 21 4
60 34 1
5 77 1
91 16 1
60 6 3
98 80 4
87 7 1
19 81 3
9 51 4
51 1 1
13 93 4
55 29 4
33 73 1
70 25 4
71 1 1
17 88 4
61 34 3
20 32 4
2 64 4
78 32 1
1 15 1
65 99 2
64 77 2
64 73 3
34 63 4
74 70 4
60 63 3
38 35 2
66 67 1
44 36 2
94 55 3
85 51 2
78 45 4
38 52 1
22 10 4
61 66 2
29 86 3
9 95 2
3 70 4
8 38 4
8 76 1
61 51 1
2 30 1
98 76 2
41 49 2
17 91 2
78 9 1
13 78 4
76 51 3
12 49 1
33 87 1
46 86 3
61 55 4
14 10 2
3 63 3
89 18 2
29 42 4
50 75 3
15 8 3
22 50 4
99 5 1
44 68 4
81 75 3
94 71 4
30 93 4
15 95 1
28 30 2
66 39 3
96 83 3
36 39 1
14 32 4
40 80 1
44 11 3
67 30 2
25 49 3
27 26 3
46 83 4
46 7 3
26 88 3
26 36 2
53 56 3
1 83 3
34 40 2
22 32 4
47 57 4
86 95 4
57 27 3
27 40 1
77 90 3
44 81 4
27 36 3
14 6 3
15 53 4
67 41 4
17 40 3
64 53 4
82 67 4
57 65 1
41 6 2
31 84 4
12 15 2
95 27 4
19 55 2
6 51 3
13 45 4
24 38 1
84 73 3
44 26 3
99 0 4
88 34 4
45 62 2
40 22 4
71 13 4
78 80 3
34 65 4
1 49 4
23 58 1
90 33 1
19 0 2
73 24 2
91 94 4
63 36 4
93 78 3
7 42 3
26 99 1
98 52 4
60 25 3
50 70 2
98 88 4
61 4 1
93 34 1
41 42 3
89 6 4
24 58 4
45 53 4
28 59 1
93 55 4
17 2 3
2 81 3
29 20 2
47 34 1
90 17 3
16 65 1
92 12 3
36 84 3
11 21 3
29 8 2
32 72 1
55 59 4
40 60 2
41 99 3
9 10 3
6 32 1
66 11 2
39 95 4
61 76 1
2 4 3
44 37 3
45 43 3
61 72 1
69 91 3
19 57 1
90 60 2
44 80 2
42 36 4
20 74 4
57 42 3
33 31 2
40 25 1
27 66 2
1 22 4
23 77 3
92 39 2
53 54 3
30 76 4
62 27 3
39 13 1
71 46 4
89 27 4
92 64 4
69 82 2
49 30 2
95 26 1
50 98 1
73 66 4
95 53 2
20 36 2
98 90 4
60 8 3
39 22 4
21 22 1
65 75 3
25 18 1
1 78 2
8 13 3
21 12 4
36 52 3
37 65 3
32 34 4
37 18 4
96 45 3
84 72 3
78 23 3
31 68 1
41 40 2
56 66 4
8 92 2
74 13 4
94 10 1
26 82 4
46 3 3
41 51 4
22 0 3
61 18 4
7 49 3
14 50 3
72 31 3
45 51 3
50 52 3
41 16 4
2 96 3
92 54 1
12 56 3
5 45 3
48 26 3
93 1 1
87 78 1
63 21 3
77 95 3
4 31 3
15 23 3
29 75 2
11 54 1
84 38 2
14 60 4
6 74 2
97 70 4
49 22 2
72 77 4
35 87 2
58 12 4
6 97 2
63 99 2
33 17 4
3 86 3
72 10 4
63 61 4
95 1 2
32 51 4
23 51 4
8 86 1
70 31 4
21 36 2
1 81 4
74 66 1
66 19 3
17 25 4
83 69 3
73 83 4
60 87 3
68 23 1
63 84 3
17 41 3
43 93 3
93 36 3
71 51 3
30 86 4
69 49 1
66 45 1
2 41 3
96 92 3
97 41 4
37 24 1
97 10 1
66 14 1
73 0 3
92 76 1
56 82 2
44 86 1
68 8 1
95 85 3
87 16 1
9 79 1
44 66 1
1 9 1
10 7 1
84 78 3
74 49 1
9 58 4
48 89 4
17 24 1
78 57 3
32 74 4
5 59 3
2 27 3
15 86 1
86 42 2
54 33 1
25 46 1
62 67 1
18 90 1
21 54 2
64 82 3
84 5 3
7 99 2
85 0 3
4 35 2
80 26 3
46 99 1
19 84 1
41 91 4
61 31 4
90 2 4
24 89 4
12 71 1
76 68 3
68 59 2
82 10 1
2 52 4
64 90 1
76 9 2
54 34 2
5 29 4
51 48 1
74 9 2
71 55 3
11 61 1
91 29 4
77 0 1
41 64 4
62 21 4
5 91 2
44 60 3
68 12 1
15 84 4
48 47 3
26 25 1
80 60 3
28 93 4
18 55 1
59 54 2
65 38 2
83 45 1
85 45 4
59 52 2
88 29 4
27 29 2
31 66 4
5 40 2
9 4 2
47 93 2
46 82 2
85 67 4
39 58 4
83 0 3
13 54 4
77 93 3
65 67 3
28 75 2
26 61 2
37 1 1
24 62 3
87 86 1
43 94 2
5 56 2
9 46 2
32 47 3
71 52 3
92 15 3
44 29 2
92 41 1
95 55 4
98 51 1
58 68 1
94 38 1
24 14 2
0 68 4
39 69 4
94 65 3
10 45 4
10 71 2
33 4 4
35 74 2
33 74 2
73 69 3
97 99 2
75 91 2
16 0 1
0 76 1
77 19 2
18 40 4
78 15 3
97 38 4
62 49 1
41 65 3
87 99 1
79 28 4
21 37 4
23 12 1
82 5 4
7 50 2
15 13 1
39 90 1
11 43 1
93 74 3
34 89 4
18 82 4
87 5 2
5 37 4
71 98 2
20 78 3
70 54 3
51 27 2
65 9 3
73 96 1
13 50 4
35 62 3
20 94 2
55 9 3
22 64 1
65 23 4
31 25 1
94 90 1
13 79 3
20 42 3
40 88 2
74 15 2
92 32 3
62 82 1
52 9 4
78 64 3
14 72 2
98 18 3
94 63 1
27 78 1
1 2 2
81 49 1
57 62 3
6 36 4
64 0 1
36 90 3
47 41 2
13 5 2
10 13 2
1 0 4
84 82 3
43 19 1
56 24 3
87 93 3
84 9 2
47 11 3
51 69 1
3 75 3
99 11 1
14 96 2
79 89 1
41 98 4
24 16 3
19 92 3
35 27 4
55 49 4
26 35 2
23 44 4
56 37 2
92 71 4
71 34 3
28 85 3
20 19 1
88 36 1
44 75 3
6 50 3
46 4 2
91 47 3
32 94 2
62 96 1
41 63 1
10 21 3
33 9 1
60 17 2
44 83 3
93 3 1
94 85 1
50 72 3
38 66 3
20 28 2
93 44 3
13 76 1
57 41 2
33 72 1
23 17 3
36 57 2
77 20 2
92 31 4
57 68 2
30 55 1
73 67 3
19 34 1
87 25 1
26 42 4
69 24 3
38 15 1
67 59 4
85 13 1
52 73 4
38 67 4
90 19 3
2 11 2
34 5 1
33 6 2
34 62 3
73 59 1
91 28 1
78 43 2
54 23 3
36 29 1
40 92 2
40 47 3
62 38 2
7 35 3
85 42 3
78 97 2
8 64 4
87 6 4
25 42 3
56 7 1
69 10 3
47 68 4
88 14 3
47 50 2
16 94 3
62 91 4
89 88 3
27 86 4
46 12 4
33 22 1
17 78 2
2 95 4
82 77 1
13 57 3
34 46 3
16 26 3
57 84 3
48 18 3
69 23 4
15 3 1
77 25 2
52 63 3
50 57 1
1 21 1
47 80 3
32 45 4
91 76 2
75 34 1
70 56 1
78 51 2
29 85 1
24 46 4
93 97 4
27 68 2
98 55 3
96 49 1
50 84 1
31 65 3
61 68 3
98 60 2
86 58 3
9 77 4
91 56 2
20 3 3
76 22 2
70 66 1
76 3 2
52 32 1
35 72 1
53 13 1
9 68 3
20 66 4
27 8 1
68 4 3
57 55 2
80 97 1
6 54 3
91 80 1
74 77 1
6 92 4
48 71 4
56 73 1
40 42 1
33 71 4
82 29 2
75 8 2
72 94 2
41 84 2
59 24 1
79 20 4
9 13 1
17 6 1
85 26 3
33 64 4
65 77 2
71 25 3
51 29 4
31 79 2
43 56 2
46 42 2
62 17 1
38 7 3
24 67 2
55 87 2
28 70 1
45 64 3
14 89 3
49 98 3
30 85 4
35 41 4
48 94 4
21 8 4
13 51 4
16 74 3
53 35 4
66 3 2
69 81 1
23 92 2
30 37 2
65 28 4
86 39 3
10 85 3
99 37 2
59 10 3
17 74 4
78 34 3
85 25 2
16 66 3
21 88 3
16 97 2
60 28 2
24 74 4
44 96 3
4 70 2
14 35 2
72 49 3
45 14 4
78 8 2
7 43 1
52 16 2
48 49 1
43 61 3
77 35 1
28 98 1
19 72 3
31 67 1
36 72 2
93 33 4
84 87 4
7 2 4
58 2 2
58 52 1
68 69 1
85 20 1
37 33 2
42 9 1
45 99 3
54 60 2
50 43 1
58 61 1
86 57 1
2 39 3
48 55 2
79 41 2
47 61 4
58 71 4
28 35 2
40 78 2
2 59 3
31 22 2
87 63 2
28 29 2
48 66 1
92 83 3
97 58 2
43 95 1
10 30 1
10 6 1
73 30 3
72 26 2
48 60 3
70 22 1
72 25 3
38 26 1
8 9 4
7 55 3
79 86 1
18 30 3
50 58 1
95 96 2
10 76 3
66 28 4
74 31 2
81 78 2
94 84 3
23 63 2
32 62 3
59 17 3
5 63 3
97 28 4
76 75 3
91 9 4
38 10 1
95 83 2
63 88 4
16 15 4
21 81 2
58 87 3
90 25 3
1 94 2
9 98 1
27 76 3
95 58 4
66 10 4
37 89 1
99 76 4
23 3 2
49 86 1
28 94 4
53 23 4
58 30 3
90 46 1
30 65 1
24 42 2
56 33 1
43 10 2
98 32 1
87 40 4
51 42 4
24 77 2
40 72 1
42 30 2
88 23 4
88 73 4
38 16 3
30 9 3
87 72 2
23 98 1
16 19 4
53 87 3
67 6 1
4 54 2
93 14 1
46 41 3
87 20 2
15 63 4
39 35 3
39 55 1
11 62 4
42 16 1
62 61 1
39 51 4
50 71 3
49 70 3
21 76 1
77 98 2
62 75 1
35 67 2
78 18 1
27 94 3
43 68 2
31 47 2
76 67 3
20 23 4
15 43 3
79 22 1
1 79 4
61 80 4
43 16 4
10 12 3
48 98 1
3 79 2
96 51 4
3 26 2
79 45 1
42 71 3
91 13 1
62 20 3
24 61 1
14 4 1
26 21 3
12 47 3
5 85 2
25 55 3
38 69 3
96 37 1
46 17 2
4 55 2
97 23 2
82 27 4
79 75 4
61 98 1
90 38 3
89 76 1
24 41 2
91 49 3
66 83 4
38 79 4
61 40 2
43 33 4
10 4 1
46 1 2
17 10 1
94 33 2
86 23 3
15 82 1
25 3 4
12 28 2
8 90 3
55 20 1
64 91 1
70 87 2
33 61 4
99 27 4
86 70 1
3 90 2
65 36 4
80 10 3
83 39 4
36 5 1
82 70 2
16 48 4
47 36 1
64 80 3
77 58 2
50 55 2
38 88 4
49 67 2
23 61 4
96 9 4
38 27 3
54 8 1
89 77 4
74 61 4
9 41 3
76 58 4
50 97 4
11 81 1
79 76 1
61 69 2
78 79 2
1 34 1
19 1 2
57 66 2
95 11 2
19 60 3
74 87 3
64 96 4
15 79 2
79 57 2
47 2 3
78 89 4
99 19 3
95 30 2
20 96 1
68 30 3
45 91 3
25 29 2
63 58 2
94 2 4
36 38 3
66 0 1
13 58 1
67 33 1
79 66 1
3 31 3
45 90 3
42 93 4
18 80 3
71 19 4
34 82 3
74 52 3
64 16 4
69 41 4
44 2 1
19 98 3
90 93 3
33 75 1
16 67 3
62 33 2
54 0 1
3 34 1
7 54 2
98 26 3
15 14 2
11 34 1
6 61 1
45 24 4
63 8 1
8 91 1
93 25 3
63 28 2
61 14 1
18 27 3
49 11 1
23 85 1
33 88 2
64 24 4
71 99 2
53 40 1
74 41 4
41 52 1
89 68 4
40 59 3
28 80 4
58 49 4
13 92 3
1 38 4
73 54 2
57 26 4
24 25 4
83 19 3
89 83 1
36 94 1
21 65 2
78 88 3
13 7 3
98 56 3
24 96 1
73 15 1
53 6 1
81 63 1
91 19 2
65 76 4
35 78 4
99 48 3
70 58 4
65 43 2
3 58 2
69 33 1
3 16 4
97 37 2
72 7 1
89 22 4
55 81 2
4 77 4
15 28 4
20 47 2
67 4 1
34 15 1
23 27 2
97 45 1
56 27 4
58 15 4
72 24 3
77 40 3
87 51 4
19 29 3
38 18 3
15 68 1
99 23 1
68 86 2
39 72 1
97 66 3
62 83 2
12 17 4
30 35 3
31 75 4
45 80 1
37 11 3
23 1 4
80 16 3
96 6 3
60 53 3
21 95 4
88 79 3
82 79 2
43 14 4
53 47 4
43 32 3
50 5 1
73 48 4
17 63 1
63 43 1
76 28 2
71 59 4
78 0 4
22 88 1
62 79 2
92 56 4
4 73 1
50 81 2
6 68 2
42 49 3
32 39 3
73 68 3
2 69 4
57 74 1
31 50 2
35 91 4
75 78 1
45 38 4
10 74 2
58 0 2
57 37 2
41 14 3
18 99 3
81 40 1
18 5 2
48 9 1
9 90 1
42 34 1
63 11 1
91 87 4
45 33 2
0 25 2
23 55 4
1 18 3
48 31 4
47 15 1
25 89 2
59 23 3
96 68 4
22 34 1
95 40 2
46 73 4
55 63 3
90 37 3
96 4 4
2 92 1
22 78 3
27 31 2
20 83 1
91 72 2
32 83 4
99 38 3
38 42 1
71 9 2
97 21 2
62 52 1
82 66 4
95 36 1
12 52 4
51 55 4
65 22 4
10 86 3
1 40 1
74 27 4
83 93 4
65 3 1
72 51 4
12 0 3
81 79 1
5 8 1
20 84 2
9 45 3
79 33 2
64 44 2
4 88 4
92 28 2
95 65 4
85 66 2
39 71 2
41 25 3
57 32 1
4 30 3
17 18 3
40 7 1
68 48 3
59 97 3
99 20 3
87 15 4
26 24 4
90 54 3
79 84 2
17 84 4
86 62 1
90 30 3
99 88 4
14 9 1
69 54 1
96 29 4
55 47 3
95 16 4
14 48 3
59 93 1
81 30 4
25 79 4
89 75 3
99 91 4
51 31 2
54 64 1
9 85 2
81 14 2
40 70 1
78 62 4
28 46 1
55 64 4
53 0 1
11 87 1
75 30 4
27 63 4
16 34 3
32 17 4
63 78 1
48 42 2
10 25 3
87 39 4
0 91 3
4 15 3
92 86 3
51 97 1
98 13 3
23 29 1
43 96 3
21 24 4
4 21 3
90 96 3
48 96 4
19 25 4
50 38 3
38 85 1
28 22 3
58 25 2
8 40 1
59 21 1
68 35 2
53 52 3
80 43 1
69 45 1
42 67 1
5 71 2
37 75 1
98 25 2
81 56 3
11 5 3
29 14 1
84 80 1
93 88 4
65 1 2
37 8 1
86 63 1
13 87 4
99 15 1
2 46 4
7 91 1
52 33 4
88 41 4
14 7 2
88 64 4
59 35 3
36 17 2
21 99 3
53 18 4
85 34 2
20 2 4
98 15 3
22 48 2
68 33 4
21 55 1
16 56 3
12 83 4
83 77 2
82 17 4
99 59 1
53 92 1
26 58 3
98 6 3
76 25 4
56 61 3
62 47 2
13 88 2
35 65 4
90 35 3
64 59 2
14 86 1
68 32 4
19 47 1
43 1 3
42 54 1
94 6 4
60 65 2
44 76 3
39 0 4
18 77 3
69 80 2
21 64 2
92 90 4
85 27 3
15 55 3
60 22 3
39 34 4
27 12 1
96 53 4
21 83 4
88 25 1
36 18 4
55 22 3
15 70 2
55 58 4
47 84 3
1 85 1
9 12 2
68 64 2
51 80 1
92 34 4
91 48 3
79 63 4
99 14 2
41 7 1
8 19 1
76 16 4
46 27 2
29 66 2
67 47 2
85 52 1
85 40 1
2 89 1
63 49 2
78 47 2
58 44 4
75 35 2
48 37 4
75 10 3
25 2 1
17 96 3
53 78 3
2 0 4
76 15 4
12 76 4
51 43 2
65 51 1
54 30 2
30 40 1
64 57 1
54 35 2
54 32 2
93 40 4
62 5 1
69 34 2
51 82 3
64 94 4
58 65 4
27 87 3
48 30 2
7 18 2
6 78 4
79 69 1
49 59 2
73 9 3
36 2 1
4 40 3
90 80 3
69 21 4
57 14 1
99 73 3
63 38 2
60 18 1
20 14 3
0 71 2
25 95 4
46 93 2
4 19 1
39 40 1
12 77 3
51 20 3
48 90 2
3 39 2
17 34 3
75 97 4
48 45 3
13 97 2
69 97 3
26 2 1
59 22 1
80 31 2
38 32 1
50 20 4
11 48 1
47 99 4
5 90 1
33 96 3
62 2 2
52 17 4
20 80 1
23 21 1
37 6 3
39 6 1
64 29 2
71 22 1
6 59 1
41 78 4
30 77 2
79 40 1
3 27 4
96 99 1
36 34 4
28 8 2
94 37 1
19 18 4
12 86 2
4 17 1
57 82 4
90 99 2
7 98 4
11 28 4
3 45 1
36 70 4
66 96 4
69 94 2
60 94 3
72 83 4
95 22 1
79 90 2
89 36 4
24 98 2
19 37 1
82 6 2
37 69 2
32 37 2
7 66 1
34 49 2
48 35 2
10 27 4
37 95 1
97 9 1
54 93 3
19 45 1
32 16 4
82 48 3
72 29 3
58 11 4
20 57 1
14 56 4
27 97 2
79 96 2
67 14 1
29 17 1
29 45 3
69 44 4
49 64 4
57 70 3
72 96 4
86 81 3
71 67 3
88 87 3
23 52 2
37 38 1
98 96 1
25 30 4
0 18 2
15 39 2
29 93 2
74 88 2
62 18 2
6 34 3
52 80 3
69 71 1
50 29 4
28 72 3
64 40 1
94 35 3
68 71 2
52 10 3
55 31 4
77 49 2
80 66 3
95 32 2
57 30 4
43 86 4
28 51 3
32 33 3
33 34 1
29 0 3
67 36 4
5 4 4
4 39 4
71 56 1
30 63 4
74 71 3
92 68 3
68 34 4
1 99 2
6 84 2
92 38 4
37 83 1
28 48 4
74 50 3
48 5 1
83 9 4
10 61 1
76 80 1
49 15 4
2 12 2
72 0 1
14 82 2
39 80 1
30 3 3
40 31 2
47 0 3
76 73 3
78 12 2
74 14 2
60 96 1
14 70 4
33 86 2
29 63 3
59 79 2
52 14 3
52 83 4
89 63 4
44 35 3
37 78 4
51 75 3
65 91 3
8 41 4
24 97 2
12 74 4
82 42 3
72 64 4
16 81 1
44 33 3
28 4 4
56 40 2
85 71 4
56 8 1
80 29 4
41 43 2
3 55 3
89 26 4
15 21 3
38 95 1
29 30 1
9 5 1
49 14 3
85 74 2
34 67 4
31 24 3
82 61 2
28 74 3
97 20 3
42 17 4
49 57 1
63 32 3
16 9 1
46 45 1
85 56 4
62 46 4
17 50 4
61 36 2
70 60 1
9 49 3
65 24 3
99 34 3
76 55 3
87 24 1
95 79 2
35 97 1
40 69 1
62 95 3
15 96 3
62 6 1
60 5 1
27 48 4
90 70 4
75 40 3
39 67 2
22 67 2
1 26 2
16 98 3
77 42 2
17 44 3
32 79 2
15 88 4
14 63 3
51 68 3
30 94 2
91 31 1
74 38 4
2 43 4
49 13 2
58 88 1
29 43 3
17 79 1
19 82 1
5 46 1
35 63 3
82 60 2
78 95 4
52 54 4
45 15 2
57 24 3
78 70 3
68 39 1
64 69 4
91 26 3
76 17 2
6 26 2
42 74 3
26 34 1
34 12 3
95 94 1
49 19 4
13 30 3
86 41 1
98 2 1
46 56 3
33 29 2
77 57 1
39 65 4
92 62 1
13 62 3
5 32 4
53 22 2
7 16 4
39 24 4
24 10 3
26 50 1
32 21 3
80 25 1
61 15 4
31 98 3
12 98 3
14 53 3
51 11 4
18 68 1
75 52 3
21 19 2
80 36 4
9 43 2
62 89 3
80 68 2
81 38 1
12 85 4
20 92 2
73 60 4
77 87 1
14 38 4
79 87 4
49 4 4
46 40 2
40 49 4
91 21 4
51 90 2
35 80 4
84 52 3
6 15 3
12 13 2
72 17 1
67 94 3
89 11 2
69 27 3
23 42 4
69 8 2
9 63 4
1 89 4
95 34 2
28 25 2
99 72 1
85 33 4
2 33 2
81 80 2
59 46 2
48 38 3
81 96 1
87 19 4
7 62 1
98 17 3
40 54 3
13 16 3
28 73 3
2 48 3
88 18 3
28 96 3
27 96 2
62 44 1
64 60 3
79 2 4
71 40 1
15 50 1
61 71 4
79 43 2
89 84 1
32 48 1
77 26 2
65 11 2
54 83 1
37 25 1
34 24 2
87 57 1
2 21 4
5 19 3
12 91 2
41 18 1
25 9 3
52 43 1
93 27 4
68 85 3
49 36 3
20 91 4
79 55 2
54 49 1
34 84 4
81 53 1
51 24 1
64 87 2
69 67 1
37 74 4
83 76 2
31 56 2
14 42 2
32 3 3
7 27 2
5 80 3
66 8 4
34 94 4
2 9 2
92 9 1
22 47 2
7 23 1
90 67 1
27 1 4
83 68 3
89 42 3
68 63 4
97 90 4
64 62 4
64 30 1
96 12 1
93 52 3
46 74 2
18 66 3
50 56 4
41 12 4
76 53 4
29 16 1
74 23 2
62 19 1
6 46 2
44 59 2
51 56 4
41 5 1
44 63 2
88 28 3
51 54 1
90 20 2
41 80 2
60 61 1
35 5 3
76 43 1
1 17 1
69 89 3
18 8 1
16 11 2
10 62 2
29 56 4
91 25 2
29 65 3
67 51 4
95 20 2
71 7 3
93 51 1
4 6 4
9 82 4
5 74 4
25 86 4
28 50 1
42 15 2
79 54 4
2 10 1
33 10 2
74 78 3
92 25 1
10 64 2
35 18 3
24 28 3
54 46 1
7 15 3
54 2 3
10 39 4
25 34 3
3 0 1
56 83 4
4 98 2
4 44 4
22 90 4
7 31 4
47 5 4
96 50 4
14 23 1
22 72 4
20 72 4
11 73 2
55 86 1
23 18 4
62 88 1
73 14 2
83 65 1
70 2 2
90 78 4
53 61 3
73 70 1
96 65 4
51 52 4
48 64 2
67 17 4
57 39 2
89 59 3
96 3 2
55 83 2
93 38 2
30 51 4
79 18 3
66 88 4
7 28 3
82 99 2
32 1 1
8 36 3
4 36 1
5 69 3
15 48 4
91 2 1
56 76 1
14 11 3
42 56 3
19 61 4
94 62 3
48 78 2
25 54 3
69 95 2
21 27 3
24 93 2
4 66 3
63 90 2
42 3 3
29 49 2
71 62 2
87 50 2
61 48 4
79 44 1
73 85 2
90 16 1
79 61 4
30 11 3
1 33 1
82 44 2
97 11 3
71 78 1
89 29 1
32 46 2
59 20 2
76 42 2
58 96 3
59 91 4
60 51 3
28 81 1
82 23 3
16 53 4
12 59 4
36 98 1
82 72 4
4 93 3
5 14 3
72 44 3
62 3 1
16 49 4
55 14 4
81 20 1
74 53 1
50 85 2
49 35 4
73 2 4
88 11 1
98 1 4
52 5 4
2 13 4
26 39 4
3 85 2
34 97 1
0 84 4
34 27 2
5 28 1
77 63 3
46 96 3
44 65 2
5 21 1
61 42 1
5 83 4
72 3 3
12 67 2
66 37 1
39 96 3
5 64 4
82 0 1
25 1 4
43 99 3
84 30 2
67 54 4
50 95 4
78 67 4
