2794 150
0 117 7
117 81 4
117 107 4
81 104 9
104 30 9
117 27 1
117 33 1
30 111 3
27 42 6
117 43 7
111 87 7
0 120 4
42 34 7
34 70 2
111 72 1
81 45 3
81 89 8
34 100 5
100 136 2
72 118 4
117 95 6
72 122 1
72 29 6
45 11 8
120 69 2
30 47 1
95 108 3
45 105 3
34 59 7
100 128 4
70 12 8
43 60 7
33 77 4
118 58 3
34 93 4
12 16 9
43 4 4
93 28 7
100 48 8
117 10 3
118 99 8
4 41 6
16 82 3
81 15 8
122 148 1
81 71 4
82 75 9
128 46 3
33 140 1
122 1 5
82 39 7
75 123 2
12 55 2
123 8 3
11 25 3
29 18 3
15 83 4
107 101 2
43 103 6
82 126 1
69 102 1
118 64 2
59 9 9
82 56 9
70 84 1
72 80 2
103 96 9
28 110 9
71 40 2
82 113 7
101 76 7
93 85 9
34 7 1
89 121 4
30 51 9
128 94 7
60 106 9
106 149 2
47 49 8
25 21 2
102 147 4
51 79 1
47 5 1
113 57 8
39 78 6
76 14 3
42 130 5
12 68 6
128 35 1
58 65 6
99 86 8
40 54 3
51 131 8
12 90 5
84 116 5
76 31 1
71 97 1
105 138 3
82 139 4
0 23 3
60 44 4
75 125 6
148 145 7
0 112 1
45 91 1
45 26 9
4 53 6
77 98 8
131 114 5
27 63 2
86 50 3
21 3 5
23 17 3
64 137 2
137 37 5
136 73 8
1 74 4
57 20 8
43 146 3
42 109 8
80 129 3
102 36 8
47 6 5
145 134 9
98 61 7
58 38 3
95 115 3
130 142 7
71 2 2
110 119 4
27 143 2
146 124 6
82 32 6
11 135 4
2 52 2
72 62 2
79 22 5
123 132 8
109 144 3
117 133 3
133 66 2
44 67 4
114 19 4
66 13 2
109 127 9
45 141 4
12 24 7
89 88 5
14 92 6
51 73 1
41 48 1
19 130 3
143 118 3
73 103 1
138 55 2
10 146 4
146 41 3
70 128 3
96 72 4
17 20 2
98 128 3
78 63 1
32 36 2
79 84 1
24 129 4
9 113 3
40 33 4
29 8 3
31 139 2
2 57 3
118 14 3
5 79 4
73 10 1
112 142 4
59 82 1
124 138 2
146 66 4
92 136 4
128 119 1
20 148 4
138 60 3
111 125 3
107 138 4
13 126 4
131 70 1
120 100 4
89 10 4
144 61 1
146 68 1
147 121 1
104 85 1
26 126 2
133 81 1
61 75 2
77 81 2
29 13 4
67 31 3
134 13 3
127 141 2
81 112 4
43 26 4
132 43 1
148 40 2
118 24 4
103 4 2
21 51 4
37 8 1
82 46 3
12 69 2
54 38 3
41 77 3
8 11 4
101 71 1
87 143 3
121 97 1
99 131 3
91 60 2
129 96 2
49 149 3
130 54 2
33 139 3
89 17 1
77 46 4
17 60 4
52 25 4
31 128 2
10 54 1
2 44 3
131 63 4
75 113 1
127 93 3
81 118 2
5 133 2
88 105 2
4 46 1
99 54 1
124 101 3
52 148 1
134 10 2
18 6 1
111 58 1
53 54 2
89 32 4
146 102 2
120 51 1
126 42 1
56 49 2
134 104 1
3 73 2
53 66 3
59 149 3
49 35 4
57 1 1
27 66 3
62 32 4
87 65 1
146 70 4
75 81 1
80 89 3
101 22 3
26 57 3
90 65 1
136 104 4
53 60 4
129 19 2
141 4 3
85 5 1
55 50 4
73 86 4
122 101 1
135 80 3
130 93 1
133 119 1
122 140 4
51 28 1
24 20 2
130 11 3
126 132 2
56 65 3
56 143 3
10 114 4
98 34 1
108 74 1
57 81 2
42 44 1
1 29 1
2 83 3
120 20 2
92 111 1
44 56 3
111 128 4
46 131 3
44 4 2
29 25 3
84 128 3
118 19 3
55 66 2
142 109 1
87 113 1
110 45 1
59 15 4
72 34 4
137 79 2
12 92 2
29 122 3
22 5 1
15 109 4
100 115 1
11 138 1
72 77 3
123 60 3
98 63 2
108 36 4
25 46 1
23 88 1
62 57 2
34 104 2
61 110 3
68 45 4
76 103 3
128 59 4
148 85 3
27 114 1
16 115 2
115 40 2
0 38 3
89 12 4
142 51 2
133 95 1
41 0 1
81 68 4
138 128 3
127 118 3
127 146 4
17 12 3
23 79 1
6 34 1
110 20 4
66 113 1
64 2 3
133 19 1
138 32 2
35 2 1
82 25 4
127 11 2
32 134 4
100 65 1
132 108 4
132 44 2
16 23 1
59 110 1
31 86 4
0 101 4
130 145 2
117 21 1
59 0 3
144 57 3
117 131 1
18 132 2
4 57 4
90 100 3
133 123 3
142 36 2
6 16 4
4 112 4
14 43 1
94 17 4
98 123 4
3 47 3
141 83 1
87 77 2
83 149 3
77 54 1
19 100 2
115 1 4
108 112 4
79 69 3
5 25 1
38 115 4
91 17 4
75 99 1
107 89 3
120 94 4
131 9 4
41 53 1
8 126 3
148 140 4
31 84 3
16 52 1
73 43 3
121 115 4
39 25 4
70 143 1
52 81 4
66 81 3
101 132 2
44 108 1
71 29 3
69 82 4
6 145 2
27 112 4
75 55 1
45 84 3
18 116 3
43 137 2
61 105 4
26 83 1
21 93 1
149 67 2
128 112 4
13 9 4
89 3 1
149 43 1
3 138 4
147 90 3
64 86 3
37 36 1
67 17 4
27 149 3
14 117 2
140 93 1
85 91 3
6 110 4
105 18 1
42 22 4
115 127 4
56 93 1
42 124 2
135 111 1
121 116 2
43 143 3
34 69 4
93 63 2
111 98 4
77 109 4
113 10 4
145 68 4
49 97 1
91 88 3
105 64 3
100 144 4
13 104 2
42 41 1
33 56 4
34 55 3
58 90 1
66 142 3
77 69 3
26 92 1
31 39 3
76 69 3
51 114 3
119 17 3
111 16 2
55 94 1
111 91 2
58 115 4
28 17 1
127 73 3
115 122 4
47 96 2
134 25 1
87 83 2
26 47 1
134 94 2
5 82 1
38 126 3
141 54 1
36 18 1
67 112 4
34 114 1
136 103 1
140 36 1
20 39 2
0 25 3
48 101 3
115 42 2
141 7 4
60 27 4
96 94 4
137 36 1
101 140 3
13 106 1
27 32 4
3 100 3
30 14 2
75 98 2
100 116 1
63 36 1
41 117 3
33 132 4
81 2 3
5 98 3
14 123 1
38 136 1
125 134 2
40 96 4
94 47 4
140 112 2
65 108 1
30 56 3
100 111 1
125 27 4
62 17 2
79 128 3
68 111 1
63 75 1
124 81 3
51 63 4
129 130 1
135 40 3
38 12 1
7 48 1
28 138 3
31 102 3
60 105 2
126 45 2
15 63 4
47 91 3
137 81 4
3 104 4
118 134 2
114 62 3
14 46 4
82 10 1
138 120 4
80 68 4
6 142 3
133 47 1
140 105 3
144 149 2
66 119 3
56 36 3
20 80 1
2 107 3
17 49 2
36 110 3
109 100 3
37 41 4
64 65 1
91 4 4
85 106 1
39 121 4
27 67 2
149 23 1
42 106 3
14 142 4
5 126 2
38 130 3
59 95 2
9 95 2
13 5 3
100 107 4
70 35 1
136 64 3
78 62 3
49 40 2
57 103 3
46 98 2
69 38 3
59 120 4
136 144 1
92 53 4
71 44 3
136 94 4
118 131 2
130 84 1
56 51 4
111 17 4
132 53 3
54 137 1
107 34 4
55 117 3
139 13 3
77 74 1
55 58 2
140 96 4
53 91 2
2 132 4
129 149 1
74 19 2
53 129 3
147 110 3
143 73 3
62 49 3
68 88 4
96 120 3
18 145 2
26 138 2
23 147 2
69 29 2
137 12 1
124 60 4
89 133 1
140 107 4
23 36 3
58 49 4
61 36 1
11 41 3
0 132 1
52 5 1
29 110 1
40 5 3
24 35 1
10 18 3
107 112 3
51 97 2
27 82 1
36 134 1
44 25 3
124 106 4
29 117 3
26 86 1
146 56 4
1 129 1
68 112 3
139 118 4
107 142 3
96 19 1
77 67 2
54 2 1
123 71 3
122 139 3
136 20 2
106 136 1
146 45 3
89 126 1
65 17 4
64 123 3
26 101 3
119 21 1
18 26 2
145 122 4
50 40 4
3 80 1
73 133 4
8 31 4
23 43 2
136 27 4
49 103 4
98 130 4
134 59 3
118 75 1
62 103 2
39 59 1
89 125 4
146 27 3
18 123 2
104 113 1
13 43 3
112 13 1
54 49 1
91 24 2
51 119 2
50 98 3
112 25 1
58 9 2
99 78 1
72 12 2
131 11 3
78 104 1
136 91 1
76 66 4
0 47 1
118 10 1
41 130 1
92 6 3
106 18 3
34 106 4
139 16 2
40 106 2
62 82 2
131 32 3
55 108 4
76 8 4
122 132 2
88 148 1
31 82 4
107 25 3
134 3 4
28 33 3
97 46 4
144 42 3
25 105 1
69 24 3
80 105 1
2 37 3
49 101 3
29 132 3
103 18 1
113 13 3
5 116 3
37 89 4
7 142 3
124 1 4
34 141 3
114 113 2
73 69 1
58 98 2
126 115 3
45 76 4
75 11 4
51 35 2
71 124 2
16 67 3
54 105 2
145 104 2
113 7 4
105 107 2
12 20 1
135 100 3
30 22 1
34 46 4
45 42 1
78 58 2
74 38 4
147 107 2
104 112 1
51 81 4
145 4 2
129 141 4
64 96 3
85 72 4
40 22 3
63 50 2
36 149 1
119 122 2
92 149 1
33 95 4
49 2 4
79 15 3
102 42 3
75 53 4
80 133 4
135 54 1
95 14 4
1 24 3
74 20 3
77 13 2
4 113 3
52 28 2
96 17 2
141 124 3
21 20 1
71 109 1
25 145 4
81 92 2
3 108 2
34 51 4
59 19 3
122 20 3
40 109 1
99 145 2
96 11 4
136 14 2
103 122 3
12 123 4
28 124 4
61 28 4
90 114 4
138 111 4
112 39 2
96 89 1
14 105 4
31 49 2
4 101 1
8 85 3
26 9 2
106 84 4
120 74 3
143 149 2
31 41 4
118 60 3
40 85 4
144 134 2
136 51 4
62 106 4
137 62 1
119 15 3
91 123 4
147 6 2
27 104 3
12 18 3
4 111 2
147 34 3
139 35 2
129 20 3
45 99 4
83 102 4
41 95 4
41 120 1
134 113 3
4 10 4
63 136 1
48 112 3
117 6 2
93 1 4
33 64 1
32 65 4
48 45 2
51 100 1
66 143 2
23 69 3
133 97 3
145 55 4
57 133 2
102 70 1
34 86 1
134 47 2
46 126 3
88 126 3
69 9 4
105 121 1
67 2 2
79 40 2
115 64 2
66 82 3
54 112 4
28 30 1
47 13 4
90 92 4
113 107 4
65 23 1
80 43 2
87 14 3
26 5 3
43 134 1
58 135 2
81 106 1
103 104 1
58 79 1
40 76 2
1 101 2
21 11 1
99 21 4
148 137 3
38 140 4
31 37 2
61 27 4
53 1 2
143 18 1
22 129 2
68 72 4
62 68 1
142 83 4
48 138 1
48 67 1
102 115 3
37 147 4
21 23 4
59 118 3
38 16 4
83 18 1
130 99 3
48 47 4
64 74 1
9 22 4
93 80 4
110 116 3
29 38 1
20 45 1
95 52 1
136 93 4
102 10 2
135 0 1
0 104 3
25 35 3
5 58 4
75 51 3
113 68 4
126 52 3
85 142 3
112 97 3
9 79 1
138 109 3
72 4 3
76 78 3
67 24 4
65 6 4
104 114 4
90 91 1
67 78 2
12 95 1
0 116 4
129 16 4
78 116 1
116 94 1
34 99 1
75 134 3
129 4 3
84 10 4
51 149 3
127 56 3
85 27 3
31 85 4
25 98 4
120 118 1
78 20 2
27 2 1
64 93 3
63 58 4
63 104 2
147 112 4
40 4 2
73 80 2
137 73 2
86 148 2
101 137 3
126 113 4
120 7 2
94 52 3
98 131 1
10 136 4
91 72 2
35 11 2
144 26 2
47 38 4
144 44 1
122 28 3
43 5 4
131 87 2
37 21 1
147 24 2
96 36 2
100 64 4
52 109 4
32 13 1
137 131 4
26 87 2
113 12 4
113 149 1
9 24 2
130 62 1
13 88 3
11 62 1
19 108 4
29 121 3
79 28 3
92 99 4
41 75 2
132 88 3
20 19 4
113 45 4
78 117 2
38 96 4
97 110 4
130 12 2
103 130 1
90 60 2
28 126 1
77 24 1
68 118 4
143 91 4
145 34 1
0 109 3
51 121 4
11 106 3
137 28 3
125 74 1
80 85 4
13 117 2
62 133 3
110 76 3
29 140 3
74 75 4
133 52 4
124 92 2
90 129 1
99 26 2
7 23 4
2 122 4
51 38 3
35 59 1
129 131 2
39 137 3
138 9 1
17 141 1
147 22 1
13 102 1
52 142 4
33 114 3
24 15 2
121 108 4
39 139 1
145 14 4
82 63 3
37 104 3
60 55 1
145 112 4
65 105 2
42 127 3
146 6 2
23 64 2
104 137 4
40 24 3
93 70 1
6 101 2
6 144 1
107 30 2
76 67 2
75 46 2
111 32 3
80 61 2
149 45 2
110 13 2
52 20 3
130 35 1
41 113 2
13 127 4
80 139 4
75 32 1
17 76 1
86 116 4
75 6 1
66 54 3
89 78 4
145 114 4
60 6 1
116 99 1
55 21 4
9 49 4
7 88 1
101 67 1
30 144 4
76 5 3
114 60 3
133 145 2
137 114 3
19 42 1
124 143 4
15 99 4
75 147 2
147 127 4
131 71 1
32 99 3
126 93 1
53 116 3
40 43 4
136 88 2
88 30 2
122 46 2
65 79 1
145 90 3
46 50 1
3 48 2
95 121 2
55 125 1
62 142 4
103 65 1
1 118 1
18 115 2
21 77 2
30 21 3
117 113 3
87 76 3
57 3 1
29 9 4
110 139 3
122 31 1
16 15 3
141 80 4
16 36 2
133 99 4
83 29 3
86 23 3
66 138 3
140 44 3
16 7 1
74 142 2
128 13 2
123 46 1
12 98 4
54 108 3
136 124 1
148 11 3
7 77 2
95 99 2
109 63 4
144 106 2
146 81 1
89 34 4
118 136 4
148 73 3
128 135 2
35 129 2
75 96 3
14 44 3
142 137 4
143 21 1
119 146 2
19 37 2
50 104 3
118 112 3
69 67 4
127 92 3
138 108 3
37 24 1
71 130 1
26 15 2
68 15 4
107 94 3
101 24 2
52 86 1
9 136 4
130 115 1
138 23 2
143 135 1
33 128 4
14 68 3
38 94 3
145 71 1
46 103 3
129 37 2
119 144 2
86 28 3
107 98 4
59 100 4
125 54 4
34 77 1
43 75 3
48 83 1
53 13 1
130 92 3
90 22 1
146 125 4
99 85 4
102 88 2
137 135 2
56 4 1
49 59 4
15 2 1
97 68 4
110 1 4
2 84 3
28 24 4
126 44 2
126 101 2
24 115 1
36 45 2
32 45 2
14 137 4
104 96 4
84 90 1
99 77 1
114 132 3
26 104 1
70 134 1
5 129 1
5 144 4
90 26 2
136 102 2
49 119 1
38 143 4
44 49 2
146 87 4
105 55 1
21 67 4
114 50 1
105 149 2
0 139 2
64 58 2
94 20 4
124 99 2
130 18 4
106 113 2
77 135 2
34 19 3
66 18 4
0 85 2
16 145 2
21 43 4
111 65 1
64 60 1
101 41 3
78 10 2
29 4 2
62 131 1
19 135 1
19 125 4
28 118 1
40 68 4
132 119 4
145 82 2
136 53 2
101 14 2
3 88 1
68 67 1
51 122 3
2 88 1
135 7 3
72 28 1
58 57 1
30 60 3
116 63 2
11 114 2
105 52 4
27 134 4
36 46 3
148 139 4
86 96 4
112 72 2
78 21 3
28 105 2
101 46 3
138 36 3
6 35 3
57 43 2
50 100 3
116 72 3
35 4 4
119 14 3
23 68 1
20 107 4
99 66 3
147 49 2
92 47 1
48 72 2
83 62 4
59 46 4
114 20 1
143 128 4
45 135 1
133 127 4
89 25 2
104 98 4
51 102 1
78 122 1
45 58 4
89 11 4
27 116 4
23 44 4
1 144 3
32 29 3
65 41 3
27 7 2
119 117 3
78 101 2
24 113 2
36 71 2
91 130 3
132 111 2
134 139 3
56 101 1
4 2 1
90 33 2
33 14 1
118 138 1
110 88 1
120 47 3
78 94 4
17 22 3
66 79 3
138 46 4
27 147 4
10 72 3
55 130 1
105 93 3
52 39 1
9 3 2
17 122 3
32 145 2
41 8 2
134 123 1
34 15 2
11 122 3
133 25 2
97 143 3
22 46 2
89 45 1
41 19 2
109 119 4
149 4 4
130 118 2
65 3 3
50 2 4
111 147 1
90 55 4
113 121 1
110 143 3
131 36 3
66 60 1
29 19 4
33 41 1
59 41 2
80 29 4
59 60 1
9 109 1
145 31 2
31 28 3
74 11 1
52 145 2
123 88 2
51 1 4
92 86 2
25 114 1
68 119 1
33 144 4
102 49 4
101 23 3
9 97 1
142 116 4
146 117 1
30 27 3
75 128 2
109 69 4
2 112 1
22 4 3
59 114 4
71 24 1
59 87 2
93 119 4
88 95 3
130 127 3
6 70 1
72 55 4
117 69 2
73 101 2
48 143 2
103 92 1
66 68 2
76 120 3
90 95 4
125 100 2
22 54 1
33 38 4
102 7 2
99 114 4
11 116 1
45 102 1
35 115 2
144 13 4
30 53 2
26 3 4
77 26 1
51 16 2
139 14 3
113 148 4
136 39 2
137 2 3
145 3 3
100 44 3
58 128 3
98 73 2
90 52 1
42 11 2
141 84 4
125 143 2
86 11 1
47 20 1
96 102 2
116 92 1
149 57 4
125 83 3
96 9 1
37 17 4
11 136 4
5 12 2
123 78 3
72 14 2
28 29 3
136 101 3
46 60 4
75 80 4
75 101 3
107 106 3
81 136 4
134 74 4
9 99 1
90 149 1
48 95 3
56 149 1
79 147 4
42 96 3
76 137 1
22 75 1
51 36 1
87 7 2
107 33 4
45 90 4
2 10 1
62 4 1
138 86 2
77 140 4
126 60 3
35 57 4
132 112 1
33 116 2
55 53 4
54 60 1
9 118 1
17 90 1
28 60 1
57 115 3
60 103 3
66 123 3
25 127 1
59 63 2
90 8 4
143 52 1
68 94 2
103 66 1
109 137 1
55 5 1
24 126 1
119 16 2
93 84 1
95 102 3
61 4 3
139 30 2
44 24 3
22 76 2
46 55 2
39 54 4
79 104 2
97 29 2
46 136 1
8 3 1
105 8 3
28 58 2
38 78 1
10 1 4
71 48 1
146 53 2
113 1 1
29 57 3
22 148 2
39 62 4
17 99 1
1 86 4
82 41 4
119 22 2
81 114 4
43 20 4
24 140 4
42 78 3
110 113 3
93 35 1
67 110 2
14 7 3
93 54 2
79 101 4
60 16 3
62 71 3
30 78 3
28 149 4
37 14 2
119 107 1
145 43 1
86 38 1
86 47 4
98 90 2
132 17 4
109 49 1
24 6 4
37 93 2
135 13 4
101 60 3
84 134 4
126 84 3
82 123 1
134 56 4
126 66 4
140 76 4
39 130 3
74 51 2
56 20 4
91 55 3
103 118 2
101 120 4
131 100 1
126 12 4
115 87 4
110 106 1
2 82 1
18 101 1
81 107 1
74 121 1
127 45 1
49 65 1
36 115 2
126 109 4
20 25 1
116 113 2
16 126 3
82 140 3
49 10 1
20 137 2
34 110 4
61 91 3
36 119 3
59 96 2
85 83 3
116 56 3
148 17 1
44 54 2
78 109 3
69 97 3
49 142 3
3 140 4
97 12 2
62 3 2
86 18 1
89 54 3
62 69 2
103 61 3
70 38 2
80 0 1
127 55 4
113 125 1
15 65 2
32 95 2
107 70 4
60 12 2
29 7 4
5 70 2
2 142 2
49 48 3
133 118 2
3 110 3
13 17 2
117 128 3
44 37 1
113 101 4
38 27 1
39 124 3
124 47 2
138 115 1
52 67 1
112 56 4
46 67 4
111 2 1
36 3 2
81 95 2
32 143 4
126 18 3
93 122 3
7 129 2
53 21 1
60 121 2
8 143 3
15 67 3
21 60 1
140 37 2
87 95 2
50 94 4
101 47 1
64 106 1
80 18 2
68 3 1
96 134 4
62 96 3
123 69 4
80 97 2
10 35 4
139 90 3
105 126 4
98 66 2
115 52 2
114 105 4
135 87 1
144 54 2
25 61 4
85 71 4
96 60 3
101 66 1
49 121 3
112 84 3
1 87 2
13 89 1
3 61 1
137 58 3
30 148 2
17 98 1
77 30 2
85 143 3
111 86 3
55 109 4
41 144 2
111 43 1
83 7 4
43 37 2
19 38 4
116 60 4
86 9 3
134 51 3
106 102 4
55 77 3
24 117 2
63 134 1
38 13 3
71 133 3
16 89 1
37 88 1
146 23 3
100 4 2
122 76 4
57 76 3
81 13 3
79 0 3
98 60 2
48 9 4
28 139 2
42 108 4
77 141 1
61 139 4
3 42 2
103 33 1
89 145 1
84 16 4
111 42 4
6 80 3
145 48 3
122 6 1
56 24 4
97 56 4
70 116 1
15 117 1
2 19 3
118 100 2
55 84 1
145 105 4
129 28 2
33 55 4
18 108 3
44 91 1
122 65 3
78 143 3
3 75 3
54 47 3
66 97 1
77 113 2
94 75 4
121 22 2
127 27 1
73 107 2
125 138 2
26 63 4
106 53 4
0 35 3
137 117 3
99 121 3
11 40 3
145 86 3
116 131 3
83 58 3
111 79 4
21 47 4
24 27 2
146 129 2
16 4 1
136 99 3
122 117 1
79 74 3
4 99 2
2 72 4
87 137 4
133 92 3
25 47 1
140 129 4
123 23 1
57 91 1
117 49 3
25 92 3
44 69 4
71 137 4
87 99 2
123 97 1
38 40 3
119 12 1
139 104 1
122 71 4
64 102 4
24 93 2
115 23 2
61 52 3
141 139 4
34 22 4
28 46 4
117 40 3
121 46 1
5 90 4
147 15 1
54 69 2
56 113 2
144 0 1
120 30 1
62 9 3
0 73 4
147 149 4
22 38 4
39 24 2
53 71 1
29 51 4
28 32 1
85 84 4
121 70 4
88 122 1
64 82 3
75 103 2
102 37 3
137 130 4
21 13 1
53 68 4
97 31 3
106 142 3
88 128 4
19 55 3
19 75 1
135 99 1
14 25 4
89 112 3
0 55 3
57 24 1
143 0 1
25 90 4
14 58 3
37 83 3
114 6 4
11 117 3
76 88 4
109 57 2
130 15 3
122 104 1
3 102 1
94 135 4
72 64 4
2 20 4
81 87 4
106 95 1
99 62 4
2 128 4
86 49 1
94 86 3
115 90 1
72 0 2
14 84 3
107 7 3
30 6 3
109 62 4
21 101 4
120 17 3
72 114 1
76 77 2
68 124 4
66 132 1
5 1 2
65 149 2
137 29 4
100 40 2
19 93 4
89 72 2
57 80 4
141 137 4
29 60 1
60 19 4
42 26 4
66 120 3
106 16 1
115 0 3
3 127 2
1 62 2
77 139 4
124 117 1
22 109 2
142 77 4
83 94 2
80 66 2
108 70 2
116 64 1
82 89 4
105 31 3
112 58 2
8 137 1
12 81 2
88 47 4
64 9 1
95 45 2
141 99 2
2 14 3
90 43 1
73 27 3
29 106 3
111 149 2
53 70 4
41 34 4
82 7 4
69 144 2
30 16 4
130 44 4
122 86 4
107 32 2
58 119 2
84 97 2
44 122 3
21 10 3
80 84 2
92 60 3
57 112 4
115 103 2
64 90 3
55 148 4
0 145 3
139 67 3
149 114 1
56 103 1
11 129 4
16 121 1
76 95 4
60 33 1
19 102 3
18 134 1
55 37 4
46 1 1
71 129 4
70 124 3
112 61 1
55 73 3
15 47 3
17 7 3
138 18 4
124 0 2
137 112 1
90 118 2
18 50 1
140 50 2
146 58 3
100 36 1
73 38 3
138 68 3
125 102 4
89 6 3
69 49 4
140 126 1
129 110 2
41 118 3
7 30 3
45 55 4
8 0 4
64 39 2
67 41 3
141 57 2
65 53 2
126 31 1
59 50 2
121 81 3
71 94 1
14 26 2
84 140 2
19 92 2
18 136 2
53 34 2
104 147 1
109 44 4
116 62 2
115 119 2
126 141 4
64 128 3
23 136 4
52 58 1
98 88 1
81 140 2
109 39 1
123 1 3
53 27 1
15 120 4
23 52 1
140 67 3
18 139 4
112 111 2
8 81 3
87 4 3
15 43 1
6 69 3
48 14 2
143 50 2
13 31 1
118 88 4
123 11 1
15 128 2
23 27 2
105 133 4
9 12 1
147 133 3
43 36 4
137 23 4
130 30 1
79 64 1
76 114 2
10 5 3
4 89 3
82 29 3
122 134 2
42 64 2
49 74 1
64 16 1
113 143 3
50 47 4
133 56 1
81 130 3
145 129 3
118 7 1
63 85 1
11 15 4
4 66 3
72 123 1
93 78 2
45 67 3
125 87 3
0 50 3
69 140 3
5 9 1
49 71 3
44 43 2
59 94 2
96 3 2
147 63 3
108 97 4
25 111 3
77 32 3
13 63 2
62 67 3
31 87 4
25 83 4
63 81 3
143 119 2
134 37 4
61 118 3
53 110 4
13 119 2
83 50 4
108 78 2
131 149 3
103 141 1
126 127 2
79 122 2
37 34 3
44 95 2
30 141 2
58 36 2
126 117 4
13 49 1
146 105 1
106 131 3
70 144 3
76 18 1
84 74 4
72 36 4
140 147 3
29 103 2
7 45 3
36 68 2
93 133 2
83 12 2
30 138 4
99 69 4
128 115 1
143 88 1
73 125 3
145 66 4
3 148 4
94 148 3
22 33 3
73 22 1
62 12 4
69 0 1
86 48 3
20 33 3
60 86 3
52 124 4
6 10 3
138 33 4
142 111 1
22 67 4
92 69 1
16 14 1
144 37 4
143 95 4
107 5 2
93 26 1
29 89 2
111 97 4
121 19 1
84 92 4
103 106 3
11 84 3
135 64 3
137 94 4
38 56 1
149 77 1
41 66 2
54 113 1
72 93 2
134 133 3
77 123 4
79 62 4
27 68 2
108 8 4
54 74 2
9 75 4
40 8 3
10 23 3
91 81 4
7 39 2
93 7 1
114 133 3
121 57 3
102 33 3
11 0 1
75 114 1
23 5 4
7 71 3
7 37 3
5 3 4
60 47 4
140 139 1
25 117 4
20 85 2
77 145 2
62 98 3
7 3 2
96 135 1
51 41 4
74 93 1
50 31 3
49 12 1
5 140 1
81 10 1
72 45 4
75 92 4
132 83 2
93 143 2
69 112 3
33 101 3
17 72 3
67 6 2
10 62 3
5 87 1
53 52 3
145 120 1
30 38 2
96 44 1
127 18 2
129 109 1
45 125 4
99 49 2
129 98 3
22 78 1
54 84 2
105 17 1
42 142 3
121 76 2
99 132 3
59 44 3
102 148 4
136 130 3
33 106 3
105 20 1
48 124 2
65 20 1
78 0 1
88 43 3
50 5 4
110 50 2
34 78 2
86 108 3
94 48 1
39 13 4
72 90 4
72 95 4
11 49 1
34 83 2
36 111 1
84 50 2
142 38 4
98 72 2
140 74 3
1 0 2
60 75 4
43 94 2
63 146 4
125 127 3
108 129 2
132 79 2
118 91 2
144 116 3
8 17 2
121 15 2
45 2 4
94 1 3
145 113 1
146 32 4
113 59 4
74 147 1
103 40 3
142 48 2
55 142 4
76 27 1
19 77 4
148 9 2
87 109 4
48 141 2
62 100 1
21 81 3
32 90 2
3 113 1
48 144 4
100 75 4
137 140 1
92 125 3
143 112 1
85 29 3
106 17 4
28 147 4
77 27 4
37 48 1
96 144 2
7 104 2
81 135 1
105 87 1
34 84 2
147 70 2
77 95 2
66 5 3
113 65 4
110 40 3
1 114 4
80 5 2
62 89 4
111 49 1
87 74 1
83 67 4
145 38 3
133 67 4
75 135 3
37 76 3
55 28 1
103 26 2
63 24 2
115 68 3
12 48 2
59 52 3
19 68 2
138 10 2
117 116 4
6 115 4
87 43 2
107 61 3
85 95 2
96 90 3
138 130 3
103 64 2
52 119 3
106 78 1
51 57 3
3 63 1
23 94 3
137 66 3
101 31 3
107 99 3
30 108 4
98 44 1
47 109 1
95 149 1
121 127 2
117 130 2
50 87 1
7 51 3
68 86 3
48 102 3
86 142 2
3 46 2
72 107 1
80 127 1
97 74 2
80 47 2
127 113 2
63 123 1
125 26 1
149 42 4
143 145 2
81 58 3
28 87 4
28 54 4
61 100 1
54 87 4
113 46 4
39 43 2
64 47 4
46 48 1
40 14 4
40 119 2
76 23 4
148 68 1
124 147 4
114 31 2
27 79 1
67 109 4
4 74 3
51 12 2
40 125 2
101 98 2
142 93 1
34 50 4
113 34 3
77 48 2
95 55 2
4 110 3
66 89 1
123 124 4
19 107 3
29 52 4
88 146 3
68 79 1
1 73 2
46 56 1
98 49 2
140 104 1
9 17 3
69 48 2
116 1 2
72 9 3
25 102 4
58 95 3
86 104 4
53 128 3
116 138 4
22 142 2
98 42 1
53 43 2
115 91 4
30 98 4
98 122 1
117 148 2
121 83 4
23 106 4
71 30 4
16 125 2
133 78 3
70 71 2
143 133 2
18 1 4
127 149 1
111 144 4
33 52 3
143 129 3
34 64 2
69 105 1
90 102 1
139 56 2
66 37 4
77 4 1
12 149 4
118 42 3
53 140 3
63 46 1
127 75 2
28 80 1
6 134 4
73 65 3
98 19 4
105 21 4
80 122 2
72 104 4
122 57 3
24 18 2
7 66 3
6 140 1
56 99 2
132 135 2
1 72 3
137 26 3
40 130 2
62 44 1
117 111 3
42 79 4
45 66 1
17 40 2
136 108 2
114 39 1
31 20 3
47 144 1
112 78 2
9 37 2
29 81 2
97 148 3
1 88 4
54 3 1
104 123 1
109 27 1
147 41 3
103 100 1
101 12 4
115 37 4
31 111 1
78 24 1
124 56 2
58 140 2
47 22 2
104 105 3
89 131 2
133 70 3
108 37 4
85 111 1
91 103 1
73 130 2
97 63 2
116 13 4
79 24 2
22 83 4
41 23 3
134 67 3
134 110 4
50 71 4
115 133 3
49 18 2
102 130 4
30 55 2
113 131 2
139 87 3
111 122 4
84 57 1
27 106 2
123 13 2
73 132 1
29 95 1
52 89 2
117 93 2
35 106 4
29 26 2
149 37 2
23 129 2
66 63 2
1 35 3
90 36 4
108 80 3
146 99 1
115 144 1
61 70 2
93 125 4
101 138 3
5 67 4
28 100 3
110 105 3
100 7 4
59 25 1
91 146 2
16 19 1
126 108 4
137 25 2
122 60 4
104 38 3
6 52 3
88 57 1
145 65 2
120 27 3
93 86 1
36 54 3
115 69 4
75 89 4
51 9 3
34 140 1
92 145 4
61 121 2
88 63 3
76 127 2
10 64 3
82 30 4
5 54 3
91 124 1
31 17 2
72 63 4
120 95 3
83 14 1
116 95 3
10 141 4
106 133 1
83 30 2
27 140 3
135 145 2
121 6 4
38 5 3
62 59 2
124 49 4
26 50 4
136 149 1
7 90 3
83 84 3
81 96 3
18 137 3
74 66 1
74 98 1
80 48 1
95 46 1
108 128 4
115 145 2
75 117 1
140 14 1
119 60 4
80 138 4
4 86 3
85 64 3
78 31 4
68 104 4
49 34 1
8 13 4
1 98 4
74 31 1
77 10 1
138 145 3
24 123 3
55 132 3
73 70 2
128 136 2
35 28 1
44 32 1
95 24 1
26 112 2
92 0 3
113 35 2
63 22 3
146 31 2
108 69 3
141 49 4
138 0 3
54 129 3
99 42 2
65 84 2
2 114 2
113 14 4
130 59 1
127 117 1
42 57 1
100 66 4
120 28 1
2 9 2
98 21 2
12 99 2
58 56 3
114 130 1
24 104 1
138 143 4
128 146 4
141 81 3
141 93 3
31 63 1
39 65 2
15 35 3
101 40 4
40 3 3
17 74 3
54 122 2
121 107 1
116 101 2
83 146 3
144 15 1
131 132 1
92 67 1
114 35 4
61 39 2
10 147 3
121 45 4
118 78 4
147 76 3
116 49 1
93 6 4
122 35 1
121 143 4
2 139 2
62 58 2
35 40 2
37 13 2
13 14 2
112 59 2
73 104 3
101 142 1
119 101 2
6 123 3
8 140 2
74 128 1
13 19 2
74 136 1
110 115 1
71 57 2
87 138 4
109 111 1
147 65 2
132 118 4
78 51 2
62 75 3
109 50 3
51 109 3
136 137 4
12 26 4
37 86 1
61 15 4
67 116 3
9 19 2
35 34 1
106 55 3
36 38 4
1 76 3
95 111 1
58 88 3
90 99 4
125 97 4
128 83 2
29 78 2
97 35 4
31 117 2
7 54 4
51 90 1
29 40 1
48 74 1
39 113 3
51 135 2
136 13 1
35 98 1
95 97 2
113 69 2
132 138 4
32 69 3
100 143 3
14 100 3
51 46 1
34 68 4
80 82 4
10 66 2
65 35 1
49 29 4
60 41 1
38 132 1
121 4 4
107 108 1
50 132 3
39 19 1
60 13 4
112 8 1
41 87 2
132 30 2
80 112 1
112 93 3
133 139 3
60 40 1
16 87 4
50 54 2
35 100 3
131 33 4
10 61 4
76 125 1
84 124 1
114 96 4
124 50 3
24 99 2
5 123 1
22 96 3
25 23 2
32 93 4
32 72 4
134 22 1
66 51 1
50 134 1
131 17 3
16 131 2
104 130 2
106 137 2
133 7 4
103 86 2
5 4 3
29 124 4
83 139 4
28 96 2
101 45 2
49 112 4
87 88 2
26 85 4
47 57 2
67 108 3
97 149 4
133 1 3
97 140 3
76 128 2
11 113 4
13 27 2
48 20 2
56 137 4
24 21 3
45 54 4
89 64 2
69 119 4
117 44 2
9 25 4
23 38 1
60 139 1
65 93 1
120 3 4
59 27 1
123 87 3
96 52 2
50 74 3
83 124 4
52 37 3
74 68 3
75 10 4
92 38 1
41 50 3
112 28 2
33 126 3
22 98 2
80 100 2
73 33 1
64 0 1
10 94 3
4 116 1
117 16 4
136 1 2
133 34 3
56 140 1
31 19 3
116 146 3
120 104 1
16 76 1
57 40 2
137 7 2
144 35 1
3 136 3
29 41 3
98 79 3
0 45 2
60 38 1
37 68 3
96 27 3
119 26 4
41 86 2
118 13 4
58 30 3
120 62 1
77 31 2
25 58 2
100 22 1
111 41 2
78 88 3
55 89 1
86 128 4
79 2 1
5 88 4
4 11 2
124 119 3
10 97 3
44 127 4
121 0 1
15 21 2
56 1 3
25 113 4
139 149 4
70 117 1
110 16 3
57 93 4
64 7 1
83 11 3
102 142 1
134 108 4
146 112 2
86 123 3
112 87 3
80 41 1
34 102 1
105 29 3
131 80 2
52 38 1
19 110 2
13 35 3
36 67 1
111 110 4
75 140 4
104 143 4
110 69 1
123 89 1
120 36 2
116 25 2
130 29 1
9 90 1
97 141 1
12 59 3
103 69 4
21 131 3
3 97 3
42 148 3
61 92 2
14 47 2
108 130 3
136 82 2
116 141 2
67 95 2
102 2 2
64 48 2
146 118 2
52 49 2
29 114 3
129 94 1
28 56 3
31 143 3
21 146 1
8 79 4
20 69 2
99 18 4
24 60 4
87 44 4
89 132 3
53 23 4
106 134 1
98 11 2
110 80 2
6 1 2
118 66 4
83 19 2
142 96 2
73 75 3
55 112 2
103 105 4
7 149 4
27 44 1
103 95 3
38 7 4
21 134 2
25 99 3
33 136 2
148 7 2
103 22 3
13 109 2
112 139 2
79 131 1
45 57 2
52 121 1
23 144 3
127 46 2
67 59 1
139 142 3
69 15 1
68 149 2
15 91 1
49 77 2
92 13 3
117 141 3
38 148 2
45 40 3
100 102 2
135 123 2
39 90 1
110 140 3
102 101 3
77 119 3
42 50 1
132 84 3
14 27 1
107 84 3
145 110 2
89 58 3
114 115 3
42 132 3
9 123 3
39 72 3
96 98 2
127 138 3
14 57 1
68 129 1
44 86 2
133 64 3
61 37 4
93 76 3
131 5 2
42 53 3
32 9 1
80 98 1
131 128 3
31 132 1
110 41 1
109 56 4
125 95 1
54 30 4
17 0 1
49 20 4
134 38 2
80 21 2
58 104 1
141 55 1
119 18 2
68 96 4
65 119 4
67 64 4
56 57 4
139 3 2
111 145 2
20 42 2
5 122 2
