2794 150
0 108 5
0 92 4
108 77 1
77 14 4
92 147 6
108 56 3
147 131 4
92 137 3
147 124 5
14 28 4
92 107 9
124 70 2
28 10 8
124 61 4
137 85 4
14 103 6
103 83 5
61 135 3
135 18 2
61 27 8
92 67 5
70 69 6
147 127 3
137 24 8
70 46 1
28 87 3
147 74 6
108 39 2
28 119 3
46 118 5
107 78 4
0 57 5
18 105 3
85 148 7
57 100 8
77 86 8
118 95 2
137 5 8
127 113 4
24 101 4
103 145 5
87 75 8
100 79 1
107 48 9
87 72 6
67 3 3
5 73 1
95 98 3
27 143 5
137 7 3
145 141 6
95 40 3
0 60 6
113 58 3
28 25 8
39 110 7
28 51 7
118 59 4
86 64 9
40 9 4
24 133 7
40 50 4
113 111 8
28 47 1
119 41 5
110 88 2
110 30 3
105 139 7
73 4 7
139 138 5
72 62 6
24 116 4
25 54 8
7 29 4
47 36 3
59 99 9
87 114 4
54 1 6
27 109 4
114 65 1
127 97 9
108 42 8
72 146 9
118 68 5
74 44 3
24 11 8
137 96 3
124 33 1
95 121 4
47 22 8
39 8 7
110 34 9
50 123 9
9 23 5
4 89 8
77 12 2
143 35 9
57 45 5
119 125 5
4 104 5
123 134 2
116 80 8
14 6 9
80 20 4
4 82 8
25 136 9
73 26 3
26 15 9
127 132 2
20 144 1
145 128 6
88 149 8
51 76 5
145 130 8
9 91 8
1 2 1
80 37 9
98 142 3
78 122 1
76 90 9
68 129 8
9 16 3
36 112 5
3 63 6
103 120 1
60 102 9
97 140 8
119 71 3
97 21 4
15 32 8
27 53 2
28 31 5
114 66 7
138 19 6
29 117 9
104 81 5
25 93 2
12 115 5
80 38 5
85 84 1
7 17 5
61 13 3
122 126 9
16 43 3
62 49 6
96 55 3
88 52 3
140 94 4
95 106 9
131 81 2
43 131 3
38 119 1
75 85 2
77 73 2
139 18 4
55 116 4
43 28 4
45 141 3
15 28 4
85 59 3
8 51 4
19 3 2
105 81 1
100 148 4
50 70 2
123 29 3
95 16 4
98 125 2
4 128 4
76 112 1
116 66 1
76 38 4
38 17 4
50 148 1
42 103 1
25 39 2
145 35 1
71 2 4
30 37 4
118 19 4
147 73 2
11 65 1
38 98 4
44 143 4
143 5 2
15 13 4
75 121 3
94 148 3
111 128 1
10 82 2
120 68 2
149 120 1
73 132 3
124 129 1
34 145 3
58 61 4
70 66 3
19 39 4
33 83 2
143 130 1
128 99 3
76 57 2
69 146 2
66 136 3
121 70 1
66 30 4
66 96 2
41 79 2
49 51 2
45 66 4
142 39 2
19 89 3
70 90 4
90 21 4
63 23 4
25 145 1
80 94 2
115 67 3
39 100 3
14 3 3
22 3 1
54 118 4
97 51 3
16 134 2
9 13 4
28 63 4
24 49 1
68 31 1
1 125 3
79 131 4
133 47 3
83 104 2
36 80 4
47 148 1
45 8 3
85 136 1
140 118 4
126 136 2
101 16 1
80 101 2
6 70 4
33 123 1
58 81 3
58 52 1
40 65 1
132 75 4
11 52 3
77 2 4
31 30 1
70 112 1
57 26 2
126 90 3
59 145 1
129 64 2
124 11 4
106 53 1
57 49 3
79 47 1
65 84 3
34 20 1
22 15 2
98 17 2
20 79 3
69 123 3
100 10 2
91 60 3
4 49 3
65 81 4
74 67 2
14 18 1
58 83 4
106 114 4
21 130 3
36 45 3
22 68 1
127 12 1
46 91 1
66 23 2
149 12 4
73 100 2
69 26 4
71 137 1
87 149 2
127 36 1
3 99 1
20 147 4
125 136 2
50 144 4
30 107 1
51 114 3
116 149 1
63 119 3
139 16 3
61 32 3
46 53 2
141 99 3
98 12 3
146 73 4
120 38 1
32 38 2
120 101 4
32 0 1
41 99 2
7 72 4
34 98 3
107 85 2
23 6 4
76 144 2
128 36 4
146 90 1
77 105 1
126 141 3
40 80 3
17 64 4
84 145 4
50 146 4
91 121 1
52 7 3
42 29 2
116 57 1
100 112 4
135 15 3
121 28 2
84 22 4
30 14 4
65 92 4
71 11 3
7 1 4
44 77 1
32 63 4
2 64 2
77 97 4
73 47 4
32 41 1
123 117 2
27 50 2
3 50 3
78 70 2
15 53 2
115 145 2
56 136 1
78 32 1
17 116 4
0 53 2
21 96 1
33 80 4
86 109 1
140 91 4
143 94 4
60 72 2
82 69 2
140 61 2
129 77 1
41 78 3
100 26 2
1 87 4
126 65 3
12 76 4
38 86 1
34 122 3
41 103 2
35 13 1
88 144 3
92 71 2
52 75 1
81 103 4
45 5 1
74 43 1
125 30 4
45 80 4
72 142 3
75 50 1
99 117 2
18 30 4
6 125 1
13 117 1
55 41 4
118 126 1
135 82 1
83 137 2
6 101 1
109 61 4
36 30 4
82 58 1
51 44 1
40 128 3
108 30 3
86 65 3
89 124 4
51 123 1
28 75 1
32 74 1
58 102 1
36 134 2
10 116 2
38 20 2
117 26 4
73 40 4
63 62 1
110 28 2
107 7 2
50 108 3
100 12 3
41 9 4
22 29 2
54 73 1
48 4 1
33 87 1
144 69 1
102 119 3
25 91 1
144 21 1
45 143 4
124 18 2
61 105 3
135 83 2
32 123 1
48 120 3
81 9 1
140 105 2
50 66 3
93 85 4
12 125 2
86 60 4
132 122 1
52 94 2
124 74 2
110 93 2
13 77 2
81 114 1
15 127 3
92 94 3
126 47 4
12 61 1
94 117 1
9 109 3
108 131 1
69 127 2
109 10 4
127 101 1
134 137 2
36 32 2
95 117 4
135 124 3
53 139 1
90 54 2
43 68 3
50 74 4
100 109 2
31 78 2
121 111 2
140 55 2
123 116 2
136 121 3
105 20 1
131 44 3
112 115 2
59 116 4
72 1 1
18 115 1
97 136 1
101 141 2
53 73 2
110 54 4
115 95 3
120 136 4
44 134 2
87 55 1
108 18 2
140 7 3
65 139 1
148 1 2
141 16 3
46 76 3
43 15 1
68 141 1
56 19 3
2 113 2
42 115 1
17 104 4
87 53 3
108 141 3
98 87 1
39 119 2
27 58 4
33 97 2
135 96 4
22 37 1
29 142 4
69 104 1
13 122 2
149 64 3
135 81 1
112 87 2
126 131 1
22 50 3
110 43 4
96 58 3
120 122 2
133 45 4
73 130 3
128 59 2
36 90 4
89 8 4
34 123 4
62 7 3
127 117 3
64 77 4
78 109 1
69 32 3
143 8 3
39 83 2
87 146 1
51 68 4
0 137 3
143 146 3
55 52 1
62 137 3
64 147 4
29 16 3
93 64 2
51 60 1
129 32 3
61 39 1
6 57 4
105 129 1
71 141 3
90 98 3
4 145 4
133 67 2
20 93 2
143 141 1
102 114 1
96 5 4
11 73 1
62 52 2
55 53 4
39 6 3
11 36 2
12 49 3
2 48 4
112 30 1
53 26 1
37 70 4
137 123 1
46 139 4
42 147 2
56 16 1
114 6 4
112 25 3
82 21 1
11 112 4
65 105 4
56 34 4
38 4 4
130 22 3
37 40 4
148 115 2
88 83 3
104 78 4
129 101 3
44 132 4
88 97 3
40 82 1
126 86 1
60 12 1
40 38 3
76 131 2
83 95 2
120 134 3
110 38 1
64 19 1
78 134 4
52 27 2
13 89 4
0 65 2
11 39 4
3 20 4
131 103 4
75 62 2
74 130 3
77 145 2
127 67 4
77 138 2
70 107 1
68 112 4
145 23 3
145 136 3
134 55 1
57 105 2
29 62 3
25 67 4
122 121 3
83 143 3
71 133 4
144 106 2
42 117 2
64 84 4
27 72 1
27 108 4
75 7 2
52 106 2
1 81 4
109 88 2
66 128 4
38 108 4
133 130 3
34 22 2
144 102 1
9 89 1
116 130 2
87 123 3
96 9 1
88 61 3
107 29 2
120 99 1
70 95 1
59 91 1
118 123 4
55 71 4
138 78 4
70 52 3
95 42 1
134 52 4
114 108 1
118 114 3
138 16 1
50 29 4
1 66 2
42 60 3
127 16 3
48 106 3
21 79 3
17 131 4
140 3 2
84 13 4
21 110 1
21 51 4
113 28 2
116 95 2
75 40 4
74 13 2
7 33 4
107 105 4
77 3 3
57 15 2
89 79 2
33 135 4
29 81 3
51 72 3
107 18 4
107 41 1
71 86 4
96 12 4
19 71 2
83 134 1
93 129 1
28 54 2
88 127 3
70 145 1
2 85 3
9 80 1
83 132 2
130 78 2
88 41 2
39 109 4
148 7 3
115 40 3
62 48 4
50 99 3
56 102 2
16 111 1
31 58 4
1 29 4
95 67 2
4 46 4
148 78 4
146 62 3
111 149 4
46 64 3
136 50 3
36 64 3
110 32 3
44 138 2
92 51 3
101 81 3
75 106 3
66 44 2
90 34 3
138 61 4
14 38 2
114 52 2
53 124 4
146 103 2
5 51 4
22 38 2
88 66 1
51 50 3
75 35 2
119 48 1
144 14 2
26 120 4
29 13 3
79 44 3
79 4 4
92 136 3
95 147 4
26 105 1
120 90 4
1 93 3
0 122 1
62 74 2
12 30 2
126 123 1
14 45 1
63 43 2
113 19 4
149 9 1
91 12 4
149 32 1
84 35 1
84 140 3
105 93 4
66 133 1
16 59 4
105 102 4
1 137 4
135 0 1
47 51 3
112 134 1
131 116 3
142 143 3
134 18 4
115 35 2
8 110 2
90 11 4
71 94 1
132 147 3
95 10 1
54 26 3
57 95 4
19 145 2
60 132 4
23 108 3
113 44 2
142 44 2
90 50 3
29 66 4
102 72 4
88 50 3
132 9 1
11 43 4
118 122 3
44 32 1
121 53 2
6 146 1
4 108 1
110 19 4
84 53 3
50 112 4
21 119 4
113 45 1
56 1 2
135 106 2
143 64 2
130 80 4
125 110 2
77 141 4
124 114 1
46 92 4
69 42 2
18 29 1
41 64 1
79 132 4
12 56 2
40 105 4
110 140 1
137 4 2
77 35 4
65 38 1
58 120 1
134 48 2
21 115 1
88 121 4
100 120 1
115 96 1
121 19 4
10 68 3
148 57 2
149 55 2
81 13 1
13 147 2
90 136 4
3 113 2
63 106 4
100 134 4
42 114 2
44 70 4
24 122 4
28 35 3
56 72 1
19 33 1
70 57 2
75 0 3
82 25 2
131 94 4
143 46 2
99 24 3
149 108 4
148 102 1
126 26 2
123 65 2
127 99 3
55 13 3
38 94 4
135 86 4
137 12 3
106 58 4
141 137 2
92 5 1
69 76 3
12 75 1
116 76 3
1 120 3
90 45 1
61 113 4
134 87 2
125 93 3
61 121 1
25 142 3
101 77 2
52 113 4
132 108 4
75 27 1
101 115 4
137 124 4
1 104 2
124 71 3
106 59 4
90 99 1
22 117 3
11 75 3
130 75 4
12 51 3
96 138 2
96 26 4
21 85 4
6 137 2
109 114 2
87 27 4
127 6 4
147 89 4
141 54 4
126 2 2
91 144 4
145 109 2
22 79 2
143 40 2
30 53 1
107 26 2
101 14 1
62 26 1
68 61 3
42 126 3
120 144 4
103 107 1
137 122 4
5 6 2
63 137 3
68 15 3
0 36 1
121 15 4
88 108 2
84 105 3
44 2 1
103 21 3
113 76 2
124 127 1
53 123 3
87 18 3
77 93 1
107 61 2
91 136 3
92 131 2
26 111 1
141 98 1
44 24 2
32 108 1
138 118 3
31 40 3
40 48 4
107 135 2
10 76 2
14 54 3
71 82 3
60 33 1
38 42 3
141 122 1
58 79 2
143 31 3
30 148 4
141 74 3
110 83 3
40 45 4
96 147 1
72 63 4
52 81 3
95 43 1
103 68 3
73 19 4
96 128 2
54 89 4
44 50 3
63 17 4
26 143 1
40 35 4
141 117 3
126 4 1
124 23 4
147 35 2
99 64 4
94 135 1
52 101 4
24 56 2
26 68 3
63 131 3
94 0 3
138 22 3
9 52 4
11 117 1
144 30 4
77 104 4
71 15 1
52 8 3
128 65 3
75 144 1
17 2 3
139 0 4
22 140 4
126 43 2
142 71 3
149 29 4
105 32 2
36 40 4
143 69 4
53 24 1
132 102 3
123 135 3
9 97 2
29 126 1
41 47 3
1 65 4
124 84 3
116 141 2
35 104 2
140 81 3
124 46 1
6 119 1
83 5 4
104 40 4
32 84 1
98 97 4
98 140 4
92 31 3
69 134 4
147 110 3
71 121 3
106 132 2
65 121 1
106 124 2
123 60 1
81 122 3
37 100 2
100 5 4
25 114 2
98 48 1
18 109 1
26 90 2
108 57 2
106 84 3
65 98 1
106 85 2
3 18 3
36 133 3
88 111 4
22 94 2
84 142 3
55 26 3
99 36 4
124 96 4
83 149 2
60 117 1
64 24 4
1 90 4
79 32 3
134 99 2
149 61 1
34 88 2
34 48 1
97 93 2
135 59 3
65 48 3
74 119 3
137 119 3
45 63 3
44 39 2
95 94 4
133 138 2
70 114 3
137 35 4
65 36 3
111 5 4
127 34 2
31 96 3
86 31 3
137 61 3
147 129 4
28 44 1
40 39 4
19 136 4
142 136 1
83 26 3
74 8 3
37 72 2
12 111 4
13 90 1
74 89 1
6 79 2
6 145 4
13 76 4
10 93 1
74 1 1
2 118 1
67 86 2
22 85 2
20 134 1
34 30 1
35 78 4
142 55 3
32 132 4
15 0 3
8 127 3
133 145 2
128 72 1
97 57 4
105 143 3
41 139 1
47 21 2
40 133 3
69 99 1
92 149 4
3 81 1
64 0 1
3 121 3
2 148 3
64 71 4
88 18 3
107 148 4
71 72 4
132 144 1
95 97 3
15 148 1
140 101 4
40 53 3
4 124 3
9 108 2
5 140 3
7 123 4
33 14 4
116 101 2
118 139 3
82 66 2
48 55 4
144 59 3
140 133 3
106 112 2
14 32 2
30 55 2
64 96 4
38 26 1
46 11 4
95 134 4
58 4 3
62 135 3
33 36 4
23 65 1
78 140 4
118 132 2
71 16 1
105 52 2
119 130 1
73 23 2
103 104 4
7 32 2
105 112 3
55 49 2
79 19 1
50 59 3
50 93 3
38 141 1
7 9 1
26 3 1
10 145 2
105 29 2
22 26 3
9 15 1
82 57 2
70 17 1
59 138 4
21 101 4
132 91 4
43 30 3
126 49 1
13 126 3
16 30 2
37 115 3
19 36 4
41 21 1
32 114 1
109 149 1
9 106 4
130 148 1
71 13 1
80 66 4
41 25 2
63 70 2
93 14 3
71 111 4
123 90 4
61 114 4
45 78 3
12 20 1
46 136 2
12 118 1
69 13 4
11 140 1
81 43 2
103 99 2
135 93 3
108 111 2
149 123 4
43 142 3
19 7 2
73 79 4
18 133 1
134 108 1
98 14 3
30 71 3
98 104 1
84 5 4
90 77 3
145 33 1
140 125 3
74 116 4
19 78 1
4 14 1
56 124 2
124 35 4
29 82 3
6 94 3
100 135 2
47 77 2
123 45 4
135 80 3
137 28 1
129 82 2
24 87 1
47 104 4
131 104 2
111 15 2
46 55 1
114 39 3
9 54 1
53 137 1
90 20 3
64 57 4
53 147 2
104 45 2
23 120 1
6 91 2
44 128 4
98 49 4
42 142 4
69 3 4
29 85 1
105 45 2
5 42 3
11 118 4
11 107 2
78 127 3
5 90 1
132 78 3
126 61 3
29 19 2
101 26 4
88 86 1
132 41 2
64 114 2
23 58 2
86 52 2
81 33 3
102 24 4
82 144 4
13 27 2
127 123 3
22 80 2
96 24 3
140 139 2
143 55 3
39 86 2
26 122 3
109 101 2
33 147 4
39 130 4
17 120 2
129 79 4
1 118 1
139 133 3
27 111 2
112 126 4
98 3 2
51 104 4
102 25 1
17 133 2
29 71 2
33 113 4
2 91 2
23 43 2
61 11 4
38 95 4
5 119 1
125 91 3
44 111 2
16 74 4
145 142 3
93 70 4
17 22 4
139 4 4
91 84 3
60 7 4
82 48 1
79 118 1
111 115 2
28 26 2
129 70 4
48 111 1
79 12 1
135 31 4
26 114 3
135 139 4
62 83 2
89 32 1
62 57 1
132 116 1
42 89 1
70 141 3
131 47 2
3 2 4
21 109 4
116 112 2
110 9 4
15 78 3
105 130 2
90 12 4
103 38 2
22 63 1
22 32 2
103 110 4
0 149 2
127 1 2
46 8 1
84 62 1
32 64 3
132 137 3
61 98 1
115 5 3
61 76 4
37 135 3
61 117 3
144 135 3
65 97 1
26 25 1
124 99 3
92 126 1
112 1 3
96 43 3
117 57 4
56 148 3
46 138 2
139 144 3
118 88 4
119 40 2
135 58 2
88 2 2
34 128 2
43 58 1
104 54 2
29 37 3
40 56 3
88 73 1
107 51 1
41 91 3
47 57 3
11 92 2
18 65 3
7 126 3
130 28 2
141 4 2
33 48 1
16 114 1
141 44 3
71 131 3
24 59 4
5 4 4
109 79 4
80 65 3
81 128 1
59 92 2
141 75 3
70 133 3
131 13 2
72 64 2
131 8 3
13 63 1
32 113 4
127 119 2
33 47 4
47 63 3
114 113 3
119 106 4
117 140 4
93 104 3
129 86 4
85 146 4
146 139 1
112 59 1
53 105 4
82 84 1
13 120 1
88 146 3
133 148 1
0 82 3
108 101 2
73 109 2
58 53 4
86 148 2
49 87 4
100 60 1
70 19 4
24 88 2
115 97 2
70 143 1
127 111 1
145 30 3
20 64 2
30 4 4
142 132 1
0 124 2
21 133 4
70 36 2
30 83 3
127 144 4
35 142 4
113 24 1
80 55 2
115 75 3
102 44 4
94 10 4
103 50 2
140 42 1
19 68 1
124 3 1
54 72 3
5 139 2
49 103 3
76 4 4
21 72 2
77 1 2
81 63 4
92 79 1
104 92 2
104 132 3
41 104 1
130 129 3
0 9 1
50 114 3
21 44 2
76 7 1
100 121 2
8 142 3
59 39 3
8 38 2
122 112 2
135 88 1
32 26 3
144 54 4
88 55 2
75 136 3
82 109 4
122 128 3
143 1 3
35 42 3
95 13 2
68 11 4
132 11 3
137 107 3
132 84 2
148 138 3
126 62 3
32 43 3
126 148 3
85 81 2
38 68 4
17 37 2
120 10 2
43 44 2
34 15 4
11 22 1
68 47 2
32 95 3
144 58 1
44 55 2
120 114 1
83 114 2
67 44 3
7 30 4
27 3 4
6 75 4
94 86 4
148 65 2
66 135 2
43 113 1
102 66 3
51 110 1
22 51 4
37 116 3
36 142 1
1 116 3
118 110 4
110 107 4
79 95 2
25 13 3
51 118 3
32 125 2
133 51 1
69 47 4
114 116 1
2 146 3
10 36 3
97 0 4
23 105 1
125 26 4
83 23 3
16 83 4
69 14 1
46 79 2
56 49 4
134 51 4
125 142 1
6 37 2
129 11 1
17 54 4
122 110 2
141 23 3
31 41 4
138 55 1
54 109 3
0 85 4
121 105 4
44 144 3
73 94 3
0 33 4
66 40 1
138 106 1
8 124 3
71 73 1
77 8 2
143 139 2
62 3 4
113 81 1
52 109 3
97 107 1
36 104 1
18 106 3
0 11 2
1 14 4
6 97 3
85 149 3
133 58 2
75 147 1
85 139 4
146 97 4
121 77 1
42 58 2
65 66 1
41 124 4
39 93 2
129 54 1
82 30 2
135 26 4
111 30 2
105 76 3
96 59 3
5 56 1
29 114 1
99 82 4
68 89 4
34 116 3
58 76 2
9 122 3
58 25 3
3 48 1
13 85 4
64 124 3
70 117 3
42 94 2
72 75 1
99 81 1
24 140 3
4 41 4
2 127 3
58 127 4
111 134 3
14 56 1
18 53 4
96 53 4
81 6 1
29 120 2
147 134 3
76 53 2
61 83 3
46 63 1
79 3 2
124 146 2
86 50 3
21 40 4
103 25 3
98 31 4
1 128 3
50 67 1
60 4 1
144 25 4
46 38 4
139 110 2
22 92 4
102 131 4
144 121 2
122 147 4
61 8 1
27 118 3
127 84 3
107 64 4
110 108 1
84 54 4
100 97 3
41 58 4
5 108 1
96 42 2
86 49 3
127 52 4
19 17 3
112 35 2
129 38 3
9 12 3
122 134 4
99 142 2
63 52 1
25 118 2
62 69 1
42 125 4
4 122 2
117 116 4
102 29 2
69 92 2
143 147 1
120 88 2
23 41 3
2 80 2
86 111 2
119 83 3
18 16 1
6 147 2
55 54 2
66 123 3
123 52 4
99 78 3
53 136 4
142 53 2
29 143 1
88 142 1
78 53 4
38 136 2
89 47 2
103 45 1
89 123 2
24 28 3
48 144 1
105 10 4
28 104 4
76 15 1
68 107 2
141 37 4
108 127 2
47 53 4
131 98 2
136 133 1
111 63 3
0 71 2
41 10 2
51 105 3
18 43 2
45 43 3
108 109 2
132 7 3
118 115 4
125 37 3
12 146 1
6 72 2
55 84 3
95 109 4
20 71 3
73 125 2
89 26 1
10 84 1
141 86 3
141 148 2
86 136 3
74 23 2
97 32 2
65 59 4
87 13 1
43 55 3
45 115 2
106 16 1
52 13 1
0 98 4
60 77 1
139 30 4
13 124 1
21 31 4
130 121 3
49 64 2
44 17 4
27 63 2
64 15 3
139 97 1
105 146 4
38 145 3
122 20 4
133 116 1
63 35 2
77 16 2
61 78 3
76 36 2
140 63 4
120 53 3
50 122 1
18 66 4
84 77 3
11 4 4
37 67 2
32 25 4
46 126 1
117 103 3
9 32 4
100 19 4
149 112 3
94 2 2
53 22 3
125 88 1
122 80 3
60 84 4
98 71 2
2 135 2
76 114 1
84 38 3
6 118 1
27 5 2
47 56 4
47 115 1
42 85 1
45 54 3
134 70 1
127 41 4
128 140 3
116 147 2
99 12 3
59 57 3
117 106 1
96 71 3
82 133 1
81 132 4
10 90 3
34 100 3
116 65 2
126 8 4
101 10 2
60 65 1
77 20 4
97 138 4
114 11 3
45 71 1
39 0 3
85 63 3
60 136 3
139 89 3
38 33 1
146 11 2
144 104 2
5 70 2
28 36 3
81 53 1
53 111 1
24 31 2
78 71 4
86 118 1
5 141 4
103 101 2
126 68 3
10 135 2
81 17 4
142 61 3
60 148 2
83 124 3
121 107 4
0 12 2
62 0 2
104 10 1
9 61 3
97 19 1
112 128 1
102 4 3
3 142 1
67 6 4
39 68 2
85 134 1
9 77 1
44 3 4
59 94 4
21 84 2
131 129 2
124 50 1
26 63 4
15 3 3
76 28 2
100 45 4
67 110 3
3 115 1
56 115 4
9 118 4
59 147 1
30 120 4
3 111 4
140 65 2
46 116 3
9 143 1
86 45 1
96 89 3
112 22 4
84 1 4
120 60 3
113 98 2
74 123 4
70 122 4
102 123 3
144 41 4
58 98 1
26 39 2
61 66 2
47 29 1
105 110 4
72 107 1
28 120 2
101 47 1
147 0 4
138 56 1
99 23 3
86 140 3
67 5 2
12 80 1
95 64 2
147 62 4
42 51 4
26 137 4
146 48 4
126 138 2
74 144 4
143 95 1
111 19 2
96 40 1
149 45 4
49 140 3
107 116 4
99 47 4
23 47 2
83 29 3
53 149 2
49 97 4
31 76 3
79 147 2
21 32 3
149 58 1
132 23 4
103 129 2
77 48 1
132 68 3
72 31 4
38 25 4
45 77 3
15 24 2
147 107 1
92 125 4
55 131 3
147 120 1
130 1 4
51 143 3
14 140 4
89 12 1
86 76 1
32 40 3
121 46 4
70 92 1
44 115 1
74 97 2
80 63 4
17 15 3
109 67 2
48 16 4
83 128 2
76 9 1
85 31 3
128 144 1
102 106 2
115 65 3
3 68 4
124 26 3
45 93 2
34 140 1
84 56 2
3 4 2
105 35 4
31 54 2
106 50 2
145 56 4
12 40 4
63 10 3
92 109 3
8 86 1
70 126 2
68 102 2
113 105 1
24 48 4
107 133 1
3 13 2
147 106 3
56 146 3
115 81 4
54 2 1
21 13 4
103 102 3
130 87 2
85 43 2
117 10 1
119 108 1
42 10 2
100 92 3
114 147 3
126 0 2
128 55 4
133 38 2
102 91 2
142 17 3
122 17 3
145 52 4
122 64 3
24 3 1
3 101 2
66 53 4
31 15 2
101 63 2
59 111 1
70 105 4
79 27 4
138 76 2
120 80 3
67 94 2
85 49 1
109 6 4
102 35 4
145 16 2
46 88 4
118 89 1
4 74 3
13 103 3
119 47 4
108 20 4
80 85 3
125 39 3
133 42 3
106 33 2
53 60 4
43 6 4
50 53 4
66 93 1
132 58 4
34 115 3
143 144 1
30 11 3
97 43 2
41 80 2
12 86 4
32 137 2
67 137 1
66 108 3
85 127 4
147 90 4
52 57 4
147 123 1
72 105 3
89 125 1
24 60 4
52 71 1
100 91 1
130 7 1
70 61 1
39 84 4
56 42 1
99 48 2
94 119 3
24 124 1
146 28 2
88 132 3
109 72 1
48 25 4
145 60 4
26 142 2
69 114 2
91 95 1
115 31 3
1 15 3
61 18 3
91 58 2
71 127 1
115 139 4
108 21 2
124 59 3
84 133 2
65 142 1
123 131 2
57 14 2
75 30 1
100 44 3
72 86 1
145 105 1
3 5 2
1 70 1
80 25 1
48 141 2
55 73 1
30 89 2
83 136 4
3 34 4
116 4 1
86 79 2
42 73 2
107 37 3
18 130 2
110 14 3
111 51 4
41 40 3
69 20 3
103 48 1
130 25 2
56 106 4
146 77 3
82 87 4
2 47 3
43 101 4
76 135 4
125 134 3
125 21 4
131 101 2
129 59 1
75 101 4
125 4 3
127 82 2
93 139 3
113 106 3
81 41 4
76 85 4
46 109 3
86 56 3
144 107 4
136 42 4
102 90 4
118 97 4
13 138 3
89 105 4
128 38 2
104 8 1
146 13 3
15 23 3
140 37 2
144 37 3
82 137 2
2 104 1
129 43 4
85 35 4
31 75 1
128 93 2
124 90 2
23 93 1
6 12 4
1 97 4
12 45 1
99 76 4
90 134 3
47 109 2
108 44 1
19 128 3
87 15 4
134 126 1
5 136 1
103 67 4
94 103 2
35 128 4
82 72 4
53 141 2
46 34 4
80 43 4
57 32 4
114 141 1
31 57 1
26 78 1
103 73 4
29 78 1
146 95 2
32 70 3
118 3 1
83 139 4
27 96 3
38 96 1
35 131 2
115 104 1
96 37 1
14 68 2
100 142 1
83 105 2
149 33 1
138 111 2
68 28 3
143 126 3
57 21 1
138 142 4
0 51 1
140 146 3
143 20 2
86 145 1
93 71 2
54 76 2
81 146 4
136 32 4
21 102 4
125 122 3
79 97 4
120 131 2
39 63 3
60 146 2
25 49 4
139 56 1
11 19 4
11 70 2
148 82 3
5 1 1
45 95 3
23 79 2
15 95 1
63 7 4
100 90 4
57 3 1
6 54 2
2 129 3
37 64 2
132 112 4
146 74 1
9 36 1
120 107 1
73 60 2
35 46 3
51 29 2
45 102 1
115 23 1
61 10 4
127 149 3
51 39 3
18 149 4
87 10 4
43 86 4
91 33 2
1 99 2
64 144 2
53 132 4
97 29 2
136 72 4
36 129 2
50 63 3
1 20 3
4 91 4
78 85 1
106 103 1
17 134 3
100 58 3
7 127 1
36 119 2
101 136 4
142 92 1
118 77 4
78 0 2
74 6 3
0 127 4
115 16 1
37 5 2
83 7 3
26 58 1
63 92 3
27 40 2
74 15 2
136 16 4
0 48 1
78 8 2
133 141 1
127 120 1
120 2 2
47 108 2
145 83 2
5 47 2
139 129 1
37 20 2
56 120 3
117 145 4
128 33 4
110 97 1
66 106 1
30 104 3
120 45 2
99 147 3
5 59 2
80 92 2
138 66 4
104 125 1
30 24 2
85 34 1
0 54 3
115 33 3
84 25 2
145 32 4
147 47 1
74 104 4
86 10 3
18 2 1
79 33 3
142 131 3
35 7 1
86 106 1
25 18 2
68 6 2
36 86 3
96 125 4
135 101 4
42 80 4
131 7 1
82 126 3
41 11 2
85 47 4
70 125 2
80 136 4
0 84 1
1 146 4
59 29 4
109 110 1
88 94 1
63 78 2
10 52 1
47 146 1
33 42 2
22 6 2
36 135 4
25 108 1
68 122 4
19 72 3
27 29 1
80 32 3
12 3 4
62 59 2
125 145 3
46 104 3
143 113 1
142 68 3
133 88 4
71 23 3
9 119 2
17 77 2
36 61 3
2 117 1
46 44 4
91 62 3
126 60 4
149 17 4
147 76 1
139 33 3
115 32 1
95 73 2
140 33 4
82 112 1
86 81 4
93 36 3
69 136 1
102 85 2
21 28 2
121 27 1
27 44 2
131 139 2
56 79 1
78 88 3
147 30 2
57 111 4
100 106 1
64 68 3
95 33 3
123 99 4
55 70 1
28 97 4
55 56 4
138 104 2
75 96 1
94 99 3
44 106 1
72 50 3
61 4 2
68 99 4
133 19 4
96 80 4
11 50 2
79 65 1
18 56 3
134 28 1
51 116 2
98 70 3
105 119 1
109 70 4
0 120 1
42 62 4
136 134 2
24 145 3
83 9 1
66 33 2
84 30 3
5 85 3
107 49 1
34 70 4
22 127 1
96 72 3
134 101 4
86 3 1
133 117 3
135 78 3
75 118 2
113 147 2
135 85 1
122 40 3
101 41 1
33 55 4
137 74 4
74 27 2
63 130 3
40 147 1
45 67 4
134 67 4
47 78 4
137 133 4
130 53 2
129 47 4
16 144 3
78 111 1
71 1 2
108 106 4
50 19 1
101 9 4
63 141 4
63 12 2
27 35 1
27 55 1
62 97 3
130 20 3
110 116 1
42 37 2
117 9 1
25 63 2
21 146 2
143 75 1
136 34 2
124 104 3
34 75 1
130 59 3
102 138 3
41 19 3
64 145 1
129 80 2
22 111 4
88 68 1
52 15 2
7 49 2
133 6 4
18 143 2
122 116 3
50 1 2
24 35 4
75 67 3
121 109 4
97 111 1
137 22 2
16 23 3
24 55 3
71 69 3
44 65 2
34 117 4
130 109 4
107 142 1
58 75 2
110 50 2
102 87 4
146 125 1
122 136 3
110 121 4
120 116 4
28 39 2
47 19 4
107 40 1
122 84 4
19 106 2
64 25 1
30 9 4
143 119 3
15 96 3
24 103 1
120 72 2
149 102 3
96 97 1
139 1 1
110 64 3
144 6 4
0 45 1
149 7 1
14 111 2
12 27 3
149 51 1
19 101 3
70 42 4
67 106 1
2 93 3
58 24 1
66 145 3
109 64 1
132 55 4
48 83 1
14 92 2
58 114 3
68 93 4
101 97 1
140 77 4
148 27 2
24 146 3
25 4 4
28 106 1
35 92 1
34 32 2
126 36 4
133 56 2
53 31 2
59 22 2
81 83 1
85 19 2
132 130 3
49 2 4
4 130 4
6 148 2
72 81 3
6 88 1
46 9 4
65 54 2
3 17 1
108 125 4
95 145 1
128 125 2
129 29 4
70 21 2
124 86 2
63 108 1
74 42 2
79 102 3
40 11 1
48 124 4
92 9 3
25 106 4
110 141 3
17 127 1
81 75 2
80 23 2
5 121 1
92 128 2
108 35 2
24 80 2
18 41 1
39 121 2
34 129 2
87 58 3
13 96 4
145 72 3
94 30 2
149 73 3
109 15 1
23 18 4
30 106 1
85 124 4
3 126 1
120 18 2
10 97 4
1 94 1
29 33 2
0 136 4
82 138 1
119 64 3
37 59 2
79 84 1
32 5 3
47 86 1
25 40 3
111 131 2
76 42 2
125 44 4
69 66 4
3 40 2
98 109 1
61 69 3
5 48 2
123 28 4
2 43 2
112 141 3
110 136 2
140 50 2
19 51 4
92 132 1
149 27 2
2 121 3
25 24 1
25 86 4
135 34 4
123 15 3
79 74 4
124 1 2
85 57 4
4 32 3
115 52 2
77 99 1
38 1 4
135 116 3
93 13 3
92 1 4
111 10 3
82 43 3
16 53 1
22 72 3
54 105 4
102 101 4
67 19 2
113 109 2
131 127 4
134 8 3
119 148 4
72 18 2
95 66 3
0 67 2
48 87 3
42 22 2
42 14 3
6 140 3
63 53 1
107 138 2
20 9 1
36 29 1
146 4 4
47 54 4
32 58 4
139 120 1
18 146 3
34 38 1
111 109 2
120 7 2
51 66 2
98 149 2
116 5 4
59 47 4
91 127 2
37 123 4
142 54 3
122 138 2
50 109 1
146 38 3
118 83 4
26 127 4
69 147 4
12 132 1
23 81 4
76 0 2
130 45 3
43 140 3
113 100 4
8 2 1
43 121 2
133 105 2
103 128 3
147 17 3
85 88 1
8 69 2
149 31 4
126 21 4
145 106 3
76 119 4
101 95 3
25 140 1
89 143 4
85 86 2
91 43 4
35 72 3
106 142 2
81 82 3
30 74 4
121 17 1
41 131 2
131 137 2
36 58 4
139 59 3
147 27 3
51 129 4
128 23 1
41 143 1
43 78 2
124 14 4
111 64 4
127 31 4
124 134 3
112 129 4
78 110 1
0 55 4
68 115 2
57 102 2
115 53 4
41 122 4
78 141 2
107 23 2
80 5 1
61 148 3
59 26 3
56 76 4
110 132 3
131 128 2
9 65 1
49 79 2
88 105 2
23 36 3
122 53 4
70 79 4
23 72 4
9 137 4
4 69 2
27 120 2
9 135 4
50 14 2
129 42 3
83 90 4
107 100 3
66 91 1
93 24 4
58 147 2
5 86 4
5 145 4
97 26 2
17 18 3
119 8 2
36 149 2
79 137 4
0 43 1
106 73 2
48 112 1
26 45 4
66 34 4
114 10 4
25 61 1
2 96 3
15 55 3
145 20 2
148 136 4
47 12 4
69 120 3
132 96 2
105 142 2
86 41 4
101 2 2
146 41 2
23 34 1
5 52 4
122 101 2
38 59 3
24 83 4
72 89 4
126 28 2
132 67 2
68 109 1
136 41 1
125 15 3
1 103 2
6 4 4
66 24 2
51 128 2
141 79 4
101 45 1
96 141 4
33 28 3
22 147 2
16 92 3
23 112 1
16 89 1
59 100 2
53 39 3
137 45 4
93 82 1
81 19 2
61 81 3
53 72 2
131 62 2
63 82 1
87 57 1
136 20 4
74 87 3
5 76 3
49 65 2
128 2 2
116 145 4
100 71 4
137 116 4
130 3 2
136 24 4
58 107 3
78 82 4
93 124 3
38 77 2
131 67 2
86 46 3
17 93 3
120 84 4
10 59 3
105 6 3
104 117 1
118 104 3
13 58 2
78 25 4
133 32 4
20 66 3
114 27 4
24 38 1
135 146 4
17 69 2
15 42 2
109 102 2
139 130 4
95 81 3
111 74 1
112 26 1
71 107 3
2 143 1
122 113 4
134 94 2
87 16 4
137 105 2
148 103 3
37 55 4
61 102 3
105 56 2
80 13 3
28 41 4
101 148 4
43 108 2
134 141 4
119 142 3
126 11 3
17 34 1
90 4 1
127 140 4
107 60 4
35 96 4
102 122 1
119 50 4
5 94 4
93 88 1
9 130 2
49 101 2
27 11 4
24 0 3
21 77 1
20 149 1
96 68 3
58 119 2
40 62 4
105 103 4
6 21 3
137 121 2
137 17 2
31 14 2
86 59 2
104 71 2
8 93 4
53 118 3
32 46 4
6 16 1
22 114 1
100 3 4
106 39 3
143 52 2
88 130 4
110 25 4
139 6 4
20 104 1
109 0 2
56 103 1
73 62 3
63 56 2
69 65 1
68 23 4
123 125 3
113 132 2
108 58 1
62 8 2
138 108 2
61 89 1
57 22 4
18 131 2
16 42 2
138 119 3
65 6 4
58 101 1
49 136 3
23 147 3
116 23 2
126 117 2
142 58 4
136 7 3
113 36 4
109 14 3
108 64 1
50 107 4
94 122 1
130 93 1
45 47 2
87 9 3
40 59 1
111 7 4
71 87 4
17 128 2
146 83 3
85 95 2
12 144 2
57 56 4
35 11 1
5 15 2
147 34 3
112 98 1
30 115 4
98 114 2
1 100 2
99 106 4
32 102 1
4 37 2
6 122 4
63 117 1
76 63 1
62 100 2
87 103 3
148 63 1
52 129 1
17 23 3
42 138 3
0 68 3
110 80 1
102 133 4
