2794 150
0 2 1
0 136 8
136 91 7
0 62 9
62 44 6
2 116 6
62 67 5
2 96 4
67 32 7
2 85 8
91 28 1
116 119 1
28 15 8
15 79 3
91 73 1
0 20 4
28 71 6
28 112 2
112 33 1
15 19 7
71 21 5
20 55 5
55 30 6
32 97 3
32 66 9
91 113 1
96 64 6
15 132 4
62 87 3
96 127 1
15 40 3
66 8 1
40 59 7
59 93 4
30 26 5
91 92 8
2 4 8
113 37 7
71 25 6
97 69 5
4 138 5
40 49 2
25 102 4
30 140 5
112 108 8
127 47 6
138 7 8
113 142 6
26 84 6
87 81 2
108 70 3
102 77 4
26 74 8
108 123 6
7 130 8
74 100 1
84 147 5
2 144 9
100 35 1
20 86 7
25 46 3
21 58 8
0 11 3
40 126 6
4 17 2
2 31 6
71 72 8
92 56 3
126 6 2
67 110 1
130 78 4
32 14 2
86 115 5
87 145 3
127 23 7
85 121 2
14 95 5
119 109 7
35 60 2
33 141 8
37 68 5
25 76 9
130 117 5
69 82 7
92 1 1
58 124 8
19 42 1
58 50 7
78 61 4
109 12 7
126 133 2
67 149 4
40 63 7
117 125 7
1 29 2
37 143 4
109 111 4
76 5 9
67 34 4
126 135 8
84 148 6
58 128 2
78 48 4
148 75 9
49 83 5
110 38 5
119 22 7
60 94 5
81 90 8
12 53 6
56 51 9
70 99 3
26 65 4
34 146 9
48 89 8
2 80 5
53 16 7
31 9 2
19 57 4
149 52 4
51 13 2
56 101 9
14 139 3
124 45 9
99 137 5
57 106 8
9 27 1
32 88 4
101 120 5
87 114 6
52 122 7
120 103 1
149 104 8
95 43 7
102 3 6
148 131 4
34 10 5
57 105 9
29 41 4
46 39 3
90 129 9
130 118 7
34 134 3
47 98 2
73 24 4
88 54 6
75 18 8
49 36 6
87 107 3
148 25 1
13 50 3
69 90 4
124 29 1
46 66 1
142 35 3
84 129 4
71 19 2
2 139 3
148 11 3
142 9 4
66 84 4
108 103 2
9 15 3
35 45 1
25 56 4
144 58 1
45 127 1
18 147 2
20 113 1
44 31 3
43 120 2
131 78 4
114 121 1
130 22 1
16 114 3
130 132 2
36 103 4
98 133 4
88 117 1
56 112 4
136 120 2
83 7 1
139 134 2
40 47 3
38 56 4
90 24 4
125 2 2
23 52 3
70 4 3
97 11 1
68 108 1
148 78 4
55 95 3
74 146 2
123 83 2
126 138 2
25 136 3
75 9 4
130 42 2
11 119 3
93 6 1
98 116 3
73 137 4
87 68 4
109 58 3
16 13 4
51 37 1
72 85 3
17 129 2
50 122 3
139 18 4
61 37 2
95 81 4
108 117 1
148 65 2
115 22 1
124 98 4
28 53 4
74 35 4
41 28 1
1 101 4
74 34 2
104 43 3
137 47 3
103 48 4
53 80 1
17 34 4
42 44 2
42 141 3
75 88 2
99 73 3
2 71 4
52 29 1
3 49 1
76 71 4
83 130 3
112 47 4
3 108 2
114 130 1
2 137 4
45 39 2
116 144 2
118 21 2
59 26 3
129 119 3
12 149 3
111 101 2
10 26 3
33 35 1
86 99 1
39 10 4
62 22 1
31 96 1
128 12 4
91 82 4
95 141 4
76 9 2
53 124 3
144 89 3
56 102 3
83 53 2
2 40 1
21 47 3
80 71 1
36 88 2
40 12 4
139 68 2
119 35 4
94 80 3
79 120 4
15 92 3
1 9 2
48 124 4
17 45 3
34 130 2
1 129 4
89 4 1
40 45 4
33 134 1
124 120 2
134 126 4
66 28 2
40 68 3
16 145 3
52 46 2
51 33 4
35 23 4
39 132 2
76 127 4
81 28 2
107 22 2
113 77 1
100 67 2
73 30 2
40 20 2
86 9 2
100 12 4
67 40 4
29 144 3
60 72 4
66 18 2
128 89 1
57 5 1
129 47 4
99 4 3
42 72 3
113 67 3
147 68 1
58 94 3
13 144 1
37 54 3
98 108 4
146 137 4
105 19 4
32 18 2
19 126 3
111 72 3
80 118 4
3 42 1
62 64 3
40 76 2
17 143 2
132 45 2
100 0 3
73 39 2
47 32 3
43 69 1
16 48 2
9 32 1
45 60 1
56 98 4
74 54 4
106 138 1
110 19 1
99 46 4
64 125 2
142 137 2
35 123 4
97 15 3
53 118 1
12 28 4
41 135 1
79 67 3
84 59 1
8 93 3
121 52 2
139 71 4
22 98 3
43 102 1
113 65 2
123 110 4
34 23 1
51 36 3
31 114 3
85 98 3
5 117 2
77 73 1
12 90 2
121 17 1
31 57 4
63 14 4
87 41 2
88 133 1
136 24 3
2 103 2
111 106 4
79 27 4
29 137 3
28 89 3
138 76 2
52 147 4
50 119 3
104 95 3
10 6 2
146 27 2
137 141 2
77 71 3
115 36 3
28 22 1
107 47 2
30 28 2
1 83 4
42 136 4
106 77 2
73 15 3
125 82 2
14 115 4
123 77 1
23 149 1
2 37 3
39 100 4
57 24 3
134 119 2
19 147 2
145 59 3
61 21 3
71 55 1
71 125 3
131 109 4
40 75 3
50 124 2
30 107 1
80 4 4
41 40 3
80 29 3
19 123 2
21 48 4
84 119 1
103 51 3
44 58 2
67 137 4
124 130 1
140 18 2
132 113 4
132 124 1
52 40 1
9 47 2
73 139 1
108 130 1
32 119 4
130 59 2
24 20 2
92 147 4
41 65 1
113 29 4
58 96 4
71 62 2
26 111 4
131 56 4
130 107 1
8 36 1
72 130 2
23 17 2
119 30 4
6 115 3
26 126 3
80 70 4
71 66 4
23 114 3
134 2 4
111 105 3
64 128 2
74 139 4
12 144 2
77 5 3
73 86 3
52 58 2
86 62 1
72 142 2
122 4 4
85 63 3
18 17 1
134 46 4
133 53 2
5 46 1
118 52 3
100 18 4
1 31 3
146 129 1
50 148 2
145 111 4
119 148 2
50 56 2
128 50 4
124 71 3
12 127 4
118 115 3
107 15 4
127 113 2
95 22 4
140 24 1
2 101 2
20 119 4
4 12 1
86 14 1
128 27 4
147 31 3
40 57 1
44 33 4
34 114 1
27 120 3
128 136 3
83 99 2
77 108 2
30 147 4
60 114 4
32 45 3
32 112 3
78 135 2
41 112 3
53 19 2
64 57 2
92 104 4
101 110 4
96 41 1
101 65 2
46 116 4
140 117 1
15 129 1
90 128 1
33 88 4
127 37 2
139 16 4
104 39 4
2 72 1
49 14 2
56 28 3
21 37 2
134 37 2
26 44 1
86 71 3
66 7 4
104 50 2
77 36 3
105 72 3
86 110 4
71 114 4
13 31 4
43 97 4
62 110 2
20 134 1
116 74 4
112 130 4
143 29 2
110 9 3
38 26 2
40 6 1
107 125 2
45 99 1
61 22 1
58 142 4
42 126 1
115 45 4
131 18 4
36 39 4
35 25 3
115 132 2
111 141 1
64 102 2
96 16 2
5 9 1
138 10 1
76 137 1
67 24 2
138 137 3
46 40 2
121 61 2
90 20 1
115 99 1
90 84 3
130 60 3
26 46 2
65 125 2
101 81 3
16 39 4
51 41 3
106 34 4
140 32 2
101 47 1
127 55 2
96 35 4
30 61 2
108 104 2
11 142 4
136 146 4
88 0 1
74 133 1
107 0 1
43 3 3
52 44 1
1 86 2
120 38 4
92 50 2
37 33 1
95 130 1
139 135 3
82 85 1
127 77 4
27 30 3
103 138 2
43 29 2
68 79 1
122 79 3
61 39 3
127 9 4
98 24 2
44 45 1
26 94 4
16 121 4
147 67 3
96 46 2
15 39 1
91 12 4
2 57 1
30 3 4
137 149 1
19 87 2
44 14 4
83 87 4
65 72 1
16 55 2
97 20 2
24 133 2
148 140 3
65 111 3
26 136 4
17 146 1
61 98 3
20 111 2
52 90 2
144 61 3
106 135 2
115 141 1
80 58 4
34 125 4
7 36 1
73 98 3
92 28 3
78 73 2
24 104 3
76 4 4
149 7 4
2 32 3
35 11 4
53 78 3
16 32 3
149 102 1
134 64 3
56 148 3
128 74 3
15 54 2
44 1 3
74 127 1
140 133 2
115 18 2
74 86 4
93 108 1
140 38 2
83 19 1
133 61 2
59 131 3
66 139 1
23 8 4
74 112 1
22 149 3
75 55 3
136 10 1
47 68 3
10 25 1
126 127 4
114 113 3
98 134 1
4 38 3
51 1 1
66 64 4
108 29 2
68 123 4
7 82 1
35 62 4
104 8 3
117 119 4
58 126 2
125 66 1
120 98 4
50 5 4
26 131 4
28 59 2
89 104 1
118 62 1
91 88 1
96 125 4
59 119 4
90 31 4
40 19 1
114 124 1
73 32 3
109 128 2
82 73 3
104 20 3
43 109 3
108 134 4
116 38 2
68 2 4
18 57 1
29 125 3
132 35 4
12 72 1
138 25 4
77 69 3
108 34 1
131 42 1
16 51 2
141 67 2
3 101 2
139 99 2
127 34 1
117 104 2
49 61 1
75 68 4
136 125 3
80 25 3
124 36 1
97 54 2
70 96 4
86 149 3
106 17 2
42 79 2
16 52 3
55 40 3
78 84 3
92 122 2
91 105 2
42 91 1
95 49 3
140 4 3
47 28 2
86 44 4
16 65 4
136 96 3
26 108 2
110 136 3
75 136 4
139 96 1
50 54 2
86 144 2
41 141 4
98 27 1
149 5 4
81 130 1
96 90 4
129 94 1
147 44 3
75 114 3
104 71 1
53 9 4
116 82 2
133 67 4
55 58 4
38 29 3
132 58 2
80 125 1
63 91 4
97 45 3
134 90 2
91 112 2
139 95 2
15 46 2
145 55 2
106 91 2
46 91 4
86 57 3
62 20 2
104 119 1
25 147 1
32 95 3
89 87 1
124 78 1
138 21 4
62 146 4
93 91 1
12 143 3
60 89 1
98 28 4
53 116 2
94 101 2
12 16 3
66 80 1
109 148 2
22 49 1
140 36 1
100 89 2
94 12 1
31 128 2
85 133 2
142 39 2
22 116 4
38 69 4
22 41 3
33 25 1
94 77 4
83 25 2
137 31 2
53 52 4
37 129 4
28 99 4
126 50 3
101 26 1
133 28 2
149 108 3
83 86 3
70 72 1
91 119 2
108 12 4
58 15 4
82 144 3
42 64 1
10 122 2
26 129 1
72 36 2
28 85 2
57 104 1
101 88 1
20 137 3
50 100 1
77 20 4
10 27 1
28 11 3
55 41 1
144 139 3
53 49 3
75 100 4
78 139 1
88 42 2
116 14 1
95 12 1
125 24 1
20 141 4
101 106 3
0 14 1
0 113 1
95 59 3
79 51 2
80 46 3
63 36 3
32 86 4
108 39 2
109 90 1
50 6 1
46 101 3
83 64 3
38 15 2
78 85 2
56 146 4
71 52 4
112 24 2
61 8 3
35 71 4
132 91 1
41 5 2
142 70 4
143 45 4
143 116 2
79 96 4
25 132 4
134 60 3
75 131 2
48 24 2
34 14 3
140 147 1
1 25 2
135 144 2
115 79 4
110 16 2
41 107 3
97 74 2
72 62 4
66 138 1
41 82 3
149 44 3
108 58 4
37 41 4
65 76 2
61 20 3
69 18 1
143 58 1
79 118 4
128 9 2
29 53 2
82 68 2
36 3 3
74 104 4
5 111 4
85 56 1
38 25 4
17 128 2
109 29 3
128 38 4
47 30 1
18 84 2
105 118 1
79 94 3
8 77 1
47 27 1
1 79 3
10 102 3
137 116 3
6 94 2
77 110 1
135 132 3
143 119 4
133 4 1
73 65 4
79 104 4
2 16 3
88 68 4
6 1 4
25 93 1
52 22 1
121 21 2
81 110 3
110 6 4
145 19 1
0 25 2
52 144 3
79 57 3
140 11 3
42 0 3
82 29 4
142 96 3
2 86 3
122 128 3
101 0 2
96 13 4
106 78 3
133 128 4
126 110 3
146 75 1
18 37 2
21 84 1
19 96 2
146 10 2
38 48 3
18 135 2
91 128 4
75 128 4
143 89 3
105 73 3
83 106 2
98 122 2
140 101 2
69 64 1
131 54 4
135 28 1
58 83 2
93 34 2
47 60 2
121 71 4
39 90 2
126 46 3
63 67 4
105 18 4
80 121 1
32 75 4
136 69 2
8 113 4
113 137 1
133 70 4
119 25 4
21 108 1
82 54 1
144 141 4
62 149 3
75 81 1
138 2 2
47 7 2
70 40 4
97 59 1
96 119 1
146 83 1
1 7 4
126 15 3
59 61 2
143 87 3
72 148 3
111 64 3
59 44 1
137 1 1
35 63 2
129 136 3
36 54 2
95 129 4
66 52 4
58 12 3
108 6 3
2 76 3
141 23 3
33 43 4
40 8 4
136 73 2
134 91 1
36 26 3
77 68 3
39 141 3
50 29 2
27 92 3
77 147 4
91 116 3
93 5 1
33 18 2
8 15 1
113 98 1
145 72 1
77 96 1
116 133 3
20 67 2
148 141 1
140 5 3
100 82 2
133 117 1
19 38 4
69 40 1
66 61 2
112 114 3
147 107 2
32 36 4
81 135 3
123 3 4
39 14 4
62 50 3
114 105 4
31 4 2
3 86 4
119 107 1
85 114 1
99 131 2
111 52 2
88 110 1
110 140 1
49 78 1
76 54 1
99 48 4
16 47 2
30 62 3
31 45 2
45 122 3
127 65 2
136 77 2
138 87 2
105 80 3
88 26 1
107 17 3
137 123 1
1 127 2
74 140 4
5 65 2
115 103 1
29 118 4
124 103 4
110 102 2
15 146 3
82 140 2
128 60 4
20 23 2
81 16 4
14 16 2
0 48 2
18 96 4
75 87 4
58 148 3
4 90 1
17 54 2
78 52 3
58 70 1
130 55 3
17 7 4
99 11 3
106 72 4
44 35 2
4 135 2
20 49 2
55 126 2
98 38 2
29 111 3
79 139 2
143 33 2
50 147 4
74 95 1
67 29 3
4 132 2
105 147 3
126 103 3
140 71 2
86 108 4
117 61 4
83 14 4
40 109 4
104 30 1
114 48 2
39 99 3
69 36 2
137 71 4
14 143 2
52 65 2
64 146 1
19 86 4
116 32 3
27 12 1
18 97 3
103 8 2
96 104 3
1 80 2
117 101 4
21 8 1
81 126 4
89 93 2
57 134 4
2 145 1
7 56 2
17 43 4
140 142 2
90 46 3
45 53 3
47 91 3
109 0 1
4 62 1
44 93 2
29 40 4
100 27 4
105 68 1
29 138 2
20 52 1
32 55 4
142 139 4
85 107 4
136 28 1
120 115 4
122 67 2
97 89 1
73 126 1
82 44 2
142 115 1
74 29 2
19 16 4
47 58 1
76 136 3
149 95 1
126 62 3
27 23 1
122 111 4
15 49 1
149 36 4
26 134 1
144 45 2
53 130 3
9 98 2
81 60 1
68 149 1
59 121 2
44 72 2
71 138 3
46 27 3
130 68 2
61 141 1
137 56 1
97 41 1
59 116 4
23 108 2
109 49 3
24 142 1
103 9 3
141 68 1
138 136 4
88 17 1
17 30 3
76 28 4
14 13 3
38 6 1
11 93 1
63 57 4
68 52 3
81 113 1
97 60 1
104 52 4
79 92 4
51 71 4
63 98 2
136 33 1
134 30 1
67 41 1
138 148 1
98 132 3
47 55 1
146 77 3
117 55 4
46 21 3
29 34 1
101 7 1
10 68 1
74 94 3
114 127 2
61 62 4
30 88 4
1 68 3
38 44 4
40 62 2
94 68 1
27 108 3
134 61 4
26 0 4
143 83 1
72 81 1
33 82 3
27 41 1
112 131 4
30 84 2
98 102 2
13 124 2
112 37 4
40 133 1
111 99 3
135 79 3
35 4 3
17 29 4
51 94 2
125 93 3
94 24 2
10 14 4
20 28 3
20 56 1
50 83 3
125 92 2
98 77 3
69 39 2
43 72 4
19 146 4
142 23 1
76 83 1
11 56 4
144 142 3
47 149 2
145 52 1
50 26 1
1 81 1
1 103 3
135 71 4
102 11 4
20 7 4
127 5 4
138 116 1
19 61 2
108 147 2
29 30 2
4 32 2
50 67 4
117 109 1
112 92 4
78 33 3
87 38 3
28 97 4
3 0 3
68 137 3
34 110 3
123 88 2
39 80 1
91 32 2
55 102 4
32 121 1
50 80 1
8 83 1
146 85 1
57 94 4
70 22 1
72 30 2
67 51 2
95 68 1
19 6 4
48 83 3
33 67 4
49 91 3
85 104 3
80 99 4
55 4 2
106 18 3
145 122 1
129 101 3
66 135 4
147 141 3
11 40 4
9 97 3
36 17 1
19 88 1
42 46 1
14 113 3
21 1 2
80 110 1
114 30 1
106 75 3
84 126 3
147 137 1
111 136 1
78 10 2
127 132 1
10 93 1
147 21 3
145 80 3
65 138 1
93 32 2
106 62 2
107 53 2
101 6 1
13 99 4
14 59 1
149 132 2
95 53 4
17 92 4
48 15 2
118 70 2
16 23 3
123 12 4
78 74 2
89 137 4
10 70 3
52 18 3
72 4 2
138 72 2
54 101 3
50 60 4
135 52 2
50 76 2
46 84 1
118 82 4
39 134 2
128 40 1
19 141 4
57 142 3
145 28 4
38 43 4
42 53 4
105 126 3
40 108 3
143 65 2
98 64 1
68 13 4
126 108 2
13 82 2
80 85 2
120 14 2
88 87 4
8 34 2
13 15 1
35 14 1
137 57 1
104 120 1
122 22 2
66 114 2
149 124 4
23 55 1
146 25 1
114 29 3
93 36 1
36 110 4
104 13 4
54 63 2
96 57 3
2 25 4
81 8 3
142 75 1
146 124 3
67 55 1
110 105 2
10 100 1
11 51 4
118 0 3
94 107 2
106 140 2
67 75 1
131 132 2
54 67 4
48 100 4
141 89 2
40 144 3
31 29 1
2 93 4
1 93 2
63 68 1
129 87 4
69 117 2
10 114 3
91 3 2
47 69 1
9 89 1
133 66 3
117 45 1
63 108 1
44 84 4
52 130 3
112 27 2
109 3 3
14 65 1
113 11 2
70 87 2
2 132 1
98 86 1
43 5 1
113 84 4
60 78 2
115 83 4
40 77 1
27 16 2
41 142 1
99 58 4
90 65 1
142 59 3
100 130 1
25 17 1
123 52 2
106 16 3
1 88 1
119 139 3
120 5 3
30 70 1
12 122 1
134 130 1
9 23 1
24 147 1
90 7 2
46 35 2
65 96 4
38 30 4
79 85 4
53 35 1
37 36 2
132 41 4
2 149 3
20 144 4
108 69 1
66 82 3
23 75 3
86 121 1
8 0 3
116 103 3
60 13 4
50 106 3
141 15 2
60 12 4
131 121 2
84 86 4
28 32 1
83 65 3
89 139 3
81 26 3
108 35 4
120 9 4
62 94 4
121 28 2
81 136 4
51 60 3
38 34 1
86 56 3
102 108 1
22 1 4
130 131 1
21 20 2
126 88 2
16 57 2
49 146 1
29 37 3
61 26 2
81 2 1
97 144 2
101 145 3
138 51 3
125 112 3
44 123 1
84 7 4
76 149 3
118 6 1
94 108 2
6 84 1
68 148 4
121 126 1
98 76 1
114 90 4
94 7 1
146 132 2
18 0 4
50 10 4
116 104 3
148 42 1
69 52 4
100 21 4
104 75 1
83 95 1
57 21 3
54 8 2
92 94 1
117 35 3
106 12 2
18 144 4
145 73 3
19 118 4
110 94 3
55 113 2
59 135 2
44 124 1
45 74 1
120 68 3
53 67 1
16 29 3
141 14 1
2 14 1
96 61 1
99 90 3
126 66 2
81 139 4
65 45 1
122 28 2
9 143 3
35 89 1
36 106 4
89 56 2
83 67 4
95 88 1
48 116 2
24 141 4
101 102 1
108 44 2
64 27 3
119 138 2
111 142 3
101 96 2
136 93 4
121 44 1
57 42 2
61 128 3
125 135 2
43 107 4
132 85 2
38 42 2
128 115 1
99 19 1
54 117 3
129 113 2
124 110 4
145 126 1
126 20 4
9 65 4
19 134 2
118 124 3
86 104 4
107 133 2
2 26 4
37 70 4
21 133 2
111 63 3
115 127 2
128 76 1
46 82 2
121 41 2
50 0 4
72 86 3
57 27 3
1 116 2
147 27 1
36 145 1
147 41 2
84 92 2
57 101 4
144 37 3
148 51 2
92 8 1
102 20 3
87 33 4
75 117 3
16 24 2
54 128 2
139 67 1
69 123 2
106 22 4
121 26 3
3 72 3
144 124 3
68 34 1
125 119 4
17 61 1
43 59 4
140 88 3
126 74 1
79 129 4
13 114 4
120 110 1
102 109 4
92 10 2
78 77 1
96 76 2
137 83 4
71 18 1
79 61 3
43 75 3
88 14 1
22 8 2
45 55 4
142 83 1
81 7 2
44 127 2
19 63 1
105 94 3
138 147 3
40 44 2
55 92 2
82 143 3
62 48 3
130 20 1
65 88 2
31 129 2
66 130 3
8 29 4
31 39 2
13 45 4
98 147 2
122 139 4
29 136 3
148 55 2
84 27 4
72 66 3
33 26 3
69 61 4
125 68 4
142 145 2
148 116 1
32 56 1
35 95 4
36 18 4
96 28 4
16 44 3
46 11 2
67 13 3
73 63 3
24 10 3
142 87 1
138 56 2
121 135 1
138 129 3
85 70 1
72 49 3
98 25 4
38 92 3
23 117 2
9 11 3
135 23 2
70 92 4
13 125 3
129 39 3
140 34 1
145 32 2
56 142 1
14 142 4
33 126 2
12 43 2
3 20 1
131 82 4
104 44 1
129 66 4
113 74 2
103 149 1
25 40 4
149 27 3
5 29 4
59 112 3
116 10 1
90 111 4
90 74 4
9 78 1
1 107 4
109 141 1
55 98 4
120 87 1
122 13 4
100 70 3
44 66 3
76 34 2
16 98 3
136 108 4
4 94 4
82 71 3
26 107 3
39 97 3
0 121 4
74 61 2
4 42 4
100 53 1
9 54 4
59 29 1
55 49 2
129 123 1
99 113 3
112 53 4
47 65 4
97 64 1
84 77 3
82 108 2
107 112 1
45 95 1
33 23 1
100 78 4
48 23 1
129 30 2
6 112 3
117 12 4
128 57 4
125 20 1
100 9 4
123 75 4
44 132 4
126 98 3
120 122 1
64 32 1
95 113 1
20 122 1
70 27 3
66 25 4
130 148 3
111 138 4
4 118 2
42 12 1
82 5 2
139 137 2
131 21 4
113 144 2
106 76 4
125 9 2
91 31 4
126 61 4
97 82 4
101 64 3
20 70 3
122 147 2
50 117 2
25 50 4
149 26 4
100 83 2
77 95 2
126 128 2
91 67 2
18 40 2
118 83 4
50 129 3
104 84 3
131 110 1
45 2 3
43 136 4
121 29 1
78 109 3
27 88 2
71 130 1
39 9 1
58 57 1
90 9 1
12 18 2
51 57 2
68 102 1
119 133 4
114 103 3
14 18 2
63 103 1
120 36 1
63 115 2
97 143 4
127 103 3
12 98 4
70 36 4
120 142 1
138 117 1
77 37 4
74 57 2
40 4 2
148 2 1
113 104 4
62 97 2
130 17 3
133 58 3
120 41 4
56 5 2
18 132 1
131 23 3
9 135 4
83 126 2
132 78 3
90 104 4
12 67 3
101 125 1
16 45 1
102 117 2
37 4 3
54 149 1
60 88 3
109 35 4
124 88 4
70 16 3
90 5 2
36 105 4
31 95 2
106 102 2
38 118 2
106 59 3
6 77 3
113 96 3
50 61 4
49 132 4
128 73 1
104 60 3
34 31 2
37 141 2
98 19 3
20 79 1
16 92 3
9 38 4
62 12 2
82 23 4
37 87 2
124 46 4
87 65 3
102 133 2
96 87 2
87 35 3
27 6 1
89 147 1
31 134 1
139 6 3
120 63 2
110 130 1
87 24 3
143 80 4
76 117 2
2 130 2
62 74 1
133 56 2
128 86 2
4 71 4
89 113 2
51 48 2
89 16 4
74 49 3
33 3 3
17 94 3
145 128 2
93 12 3
119 7 3
24 15 2
19 55 2
79 81 3
88 72 3
70 64 4
135 123 2
125 22 1
61 135 2
12 79 4
136 7 1
45 57 2
144 85 2
8 41 1
123 21 3
120 118 4
105 117 1
104 118 3
55 116 2
97 66 4
123 2 2
105 0 2
32 10 3
23 71 2
70 140 4
72 128 3
60 96 3
2 48 2
51 132 3
118 66 2
89 142 3
26 123 1
77 129 1
123 104 4
131 39 4
149 32 3
130 85 1
105 89 2
37 130 2
100 15 1
140 79 1
42 70 4
60 20 4
47 22 4
122 144 1
147 88 4
1 58 2
5 23 1
49 32 2
58 69 1
75 31 3
33 140 4
1 72 4
20 121 4
139 56 1
94 15 3
7 89 3
38 143 4
109 41 2
79 145 4
82 103 3
77 114 3
105 87 4
88 85 4
119 146 2
97 78 4
40 107 4
41 25 3
102 90 4
79 38 1
104 129 3
30 126 4
145 133 3
24 130 3
142 76 3
108 99 2
103 70 2
38 41 2
43 147 3
65 28 4
44 22 2
26 78 3
147 10 2
147 83 3
127 146 4
102 121 4
66 0 4
35 24 2
87 6 3
1 119 3
11 117 2
9 121 4
76 43 2
91 34 4
104 6 3
32 76 4
38 20 3
101 63 3
63 18 2
48 22 4
33 103 3
83 4 3
18 2 2
24 12 1
135 22 3
1 14 4
142 122 1
37 124 3
75 10 3
43 23 3
74 92 1
38 22 4
73 92 1
100 134 1
113 149 3
124 127 4
50 68 2
60 77 4
1 102 2
49 18 3
125 7 4
78 128 3
38 104 2
50 142 4
98 49 4
136 143 1
101 75 4
3 135 2
103 46 2
46 114 4
84 149 4
92 3 4
96 144 2
85 11 4
126 82 2
148 31 3
126 28 3
78 50 3
1 105 1
20 76 1
58 116 4
114 33 1
79 65 4
92 138 1
94 84 3
53 40 1
9 28 1
48 113 3
36 64 2
43 16 1
132 72 2
88 137 4
91 70 1
11 13 2
15 51 3
20 73 4
34 90 1
63 84 3
112 35 3
93 113 4
85 31 2
13 35 1
129 63 1
40 93 1
90 1 1
7 64 2
1 87 3
49 96 4
28 62 2
36 25 2
127 94 1
101 13 3
85 95 3
27 49 4
70 89 3
136 55 4
140 104 4
90 82 3
129 55 4
75 92 4
120 10 2
62 99 4
83 78 3
104 67 4
114 49 2
111 56 2
65 2 3
115 19 3
127 104 1
114 119 4
119 19 4
116 31 2
78 94 3
118 144 2
48 25 3
29 25 1
100 111 1
13 126 2
101 37 4
44 54 2
129 2 2
74 41 4
127 130 3
125 45 1
38 16 2
118 145 1
61 3 3
18 23 2
8 122 2
29 122 2
130 122 4
117 21 1
135 47 3
148 123 4
26 15 4
34 27 3
34 13 3
69 126 2
21 18 2
101 99 4
53 149 4
104 31 3
27 86 1
101 17 2
75 37 1
50 7 3
6 28 2
88 73 2
8 74 3
73 50 1
59 49 1
26 80 2
118 32 1
72 113 1
59 101 4
88 53 3
70 117 2
140 57 4
24 44 2
13 75 4
122 17 2
82 149 1
24 106 1
54 79 4
102 4 1
106 43 3
11 130 4
31 73 2
32 35 1
107 104 1
106 4 1
2 118 3
54 136 3
9 63 1
144 74 3
69 62 2
91 22 1
32 38 3
105 84 4
52 3 4
17 104 4
68 43 3
22 111 2
56 122 1
11 4 1
86 7 4
25 143 4
46 100 3
128 95 1
62 68 4
127 137 2
87 57 3
19 139 1
38 109 4
73 114 1
69 101 2
78 34 1
65 116 4
66 35 2
68 89 3
146 44 1
107 8 1
112 99 3
44 122 3
108 56 2
77 29 4
8 85 3
24 21 1
81 133 1
32 77 1
84 42 4
102 26 1
110 2 4
113 7 1
128 125 4
33 28 4
0 142 1
44 37 1
59 20 2
69 2 2
31 21 2
119 83 3
81 19 2
112 36 3
61 118 3
104 5 4
104 70 1
127 134 4
130 19 2
66 22 3
33 5 3
133 83 1
76 12 1
38 145 1
56 41 3
41 45 2
50 16 2
94 93 1
54 24 2
60 124 4
32 42 4
141 71 4
123 30 3
18 93 2
23 143 3
115 32 4
81 48 3
65 119 1
92 124 2
25 39 3
64 79 4
116 90 1
131 20 3
134 96 4
84 114 4
144 17 1
115 139 2
118 133 1
10 112 3
82 28 1
34 30 4
11 134 2
19 73 4
109 145 3
141 105 2
77 119 3
34 52 2
40 92 4
105 12 4
102 18 2
6 24 3
117 95 4
64 67 2
69 96 4
131 6 2
19 67 3
134 8 1
41 129 2
53 18 1
123 101 2
113 118 4
14 129 4
130 4 4
69 129 1
12 73 1
64 23 1
117 31 1
70 33 4
37 83 3
61 115 2
144 59 2
3 142 3
12 101 4
68 128 2
130 102 2
89 92 2
61 12 2
121 128 3
7 85 1
132 27 1
144 114 2
85 30 2
39 112 4
102 0 1
147 131 4
107 90 2
118 86 3
132 133 1
107 95 2
3 82 4
145 50 4
106 25 2
98 29 2
119 27 2
125 30 1
145 61 1
147 146 2
91 45 1
98 128 4
124 28 3
133 20 1
26 58 2
93 86 4
146 22 2
132 52 2
125 17 2
7 112 4
95 13 3
38 83 1
45 14 4
17 59 2
23 99 4
64 50 4
74 82 3
143 133 3
58 123 3
36 83 1
138 70 4
98 115 3
67 73 3
143 104 1
146 73 3
136 66 4
134 45 1
113 112 1
64 112 1
56 66 2
68 121 1
76 56 2
78 142 4
140 130 4
31 130 4
20 35 1
19 74 3
22 23 4
135 10 1
94 11 3
68 7 3
110 48 2
129 124 1
33 144 4
68 119 1
113 106 4
139 120 4
113 125 3
48 11 3
3 100 3
49 110 1
29 35 4
34 15 4
16 1 3
108 85 4
54 69 3
0 75 2
130 143 4
120 125 3
20 85 4
5 61 3
88 47 1
69 76 1
89 130 1
72 56 2
126 79 2
76 85 3
34 117 4
53 136 3
108 38 3
102 67 3
111 108 1
100 57 4
134 109 2
85 35 3
132 34 1
47 106 4
5 143 1
1 3 1
52 138 4
113 54 3
5 58 3
64 53 3
89 148 4
48 45 3
28 23 4
43 114 2
65 56 1
9 91 1
75 62 3
59 128 4
80 33 3
81 0 3
12 69 4
62 11 2
66 57 3
113 26 4
98 43 1
19 112 2
96 130 4
34 133 1
126 136 2
4 23 4
70 134 2
50 40 2
141 140 4
42 127 1
146 113 4
70 55 3
139 70 3
60 119 1
112 54 3
11 2 3
139 26 3
136 11 2
66 14 4
56 22 1
22 26 3
17 21 3
122 85 1
138 80 1
120 92 4
97 95 2
9 6 4
84 40 1
85 22 1
147 16 4
89 77 2
142 104 3
37 15 4
142 107 1
9 44 3
18 88 1
30 25 1
46 59 2
125 95 2
44 0 3
144 99 3
106 9 3
1 66 1
138 149 1
148 33 4
51 76 3
87 137 2
63 16 2
1 32 3
3 56 1
10 2 4
109 30 1
103 53 2
3 18 3
76 141 4
107 68 2
11 120 2
11 18 1
52 112 4
73 123 4
7 140 2
6 128 2
59 50 1
120 29 1
141 66 3
20 66 1
69 88 3
113 50 4
114 64 2
148 45 2
44 129 4
128 81 2
125 133 1
13 4 3
53 7 2
30 120 2
9 45 2
131 67 2
131 126 4
6 103 3
94 73 3
11 30 4
1 149 2
58 118 4
74 69 2
1 52 2
121 91 2
95 79 4
12 51 1
52 31 1
93 52 3
94 48 4
34 111 3
69 24 3
14 144 1
110 76 4
41 1 4
31 120 2
97 86 3
80 103 3
53 97 1
143 62 2
105 90 2
67 123 3
34 24 3
89 61 4
111 103 3
71 29 2
103 27 1
120 47 1
111 77 2
26 52 3
12 26 3
70 50 1
36 28 3
7 142 4
51 140 3
20 117 4
8 106 3
113 31 3
130 25 1
55 121 3
102 97 2
8 118 3
56 95 4
105 85 3
133 130 1
118 134 4
4 131 2
105 25 3
137 108 3
80 147 4
13 93 3
89 91 4
48 144 4
45 61 2
100 119 4
113 131 4
70 0 1
144 41 1
71 43 3
11 80 2
58 10 4
87 84 1
138 11 4
39 17 4
108 11 4
39 56 2
15 149 1
53 48 3
25 52 3
94 35 3
70 39 3
55 114 2
124 112 3
46 6 3
82 36 3
88 9 1
60 38 4
57 43 4
21 146 3
10 71 2
128 146 2
84 79 2
133 37 4
144 9 1
80 115 2
136 67 4
144 105 1
50 30 3
60 3 1
117 110 4
40 37 2
77 116 4
23 148 3
43 67 4
136 2 4
32 139 4
121 120 1
52 62 1
24 19 3
68 136 2
92 45 2
146 111 4
67 52 3
124 68 3
15 127 1
124 5 1
55 147 2
20 148 4
8 58 1
54 142 3
135 83 3
131 61 3
12 30 3
98 33 1
103 109 4
3 118 2
37 137 3
126 111 4
116 47 2
73 129 1
114 3 1
146 135 2
14 53 2
51 133 3
13 54 1
39 26 1
15 98 4
120 33 4
69 17 4
103 147 3
148 16 4
54 31 1
94 64 2
57 67 3
78 13 2
47 78 1
63 114 2
14 55 2
115 76 3
148 92 2
7 25 4
147 121 3
62 39 4
129 22 2
129 140 2
128 0 2
128 110 1
93 19 2
144 145 3
42 43 4
134 101 1
103 32 2
120 51 4
63 11 1
8 112 4
47 131 3
132 100 1
129 100 4
106 21 4
130 88 2
149 57 1
47 94 3
129 18 4
108 53 4
142 116 3
84 88 1
66 9 2
5 106 4
43 36 2
108 83 2
72 123 2
59 36 3
134 138 2
29 105 4
141 6 2
136 104 1
61 46 4
28 132 4
95 144 3
96 37 3
15 104 2
26 83 3
46 128 4
149 145 1
48 142 4
4 27 1
21 135 4
42 17 4
81 124 1
22 84 1
30 127 1
130 36 3
64 122 3
1 89 1
47 143 1
21 85 1
78 56 2
123 6 3
15 76 2
53 139 4
104 11 1
41 78 4
117 141 3
39 145 3
135 6 1
39 55 3
149 92 1
50 134 3
104 28 1
56 90 4
111 137 2
141 126 2
49 46 2
81 31 4
129 74 2
107 14 1
22 137 3
1 61 2
125 100 2
128 132 3
130 28 4
25 128 2
147 81 2
107 36 2
41 70 2
72 79 2
22 9 4
28 58 1
3 145 3
92 137 2
91 110 1
28 119 4
102 88 2
19 78 2
116 19 3
148 147 2
123 66 1
23 30 4
22 109 2
114 76 2
97 26 1
11 53 3
129 56 4
122 70 4
19 58 4
75 17 4
121 76 4
100 118 4
83 57 3
27 62 2
129 88 2
128 142 4
95 123 2
13 21 4
28 37 2
83 114 2
102 50 1
36 24 2
27 96 2
51 106 1
45 72 3
130 75 1
98 37 2
100 59 2
39 52 4
77 81 1
140 68 4
122 30 4
131 146 4
110 39 3
50 17 1
142 80 2
49 80 4
10 106 2
54 0 4
28 114 4
6 78 2
61 57 3
119 38 1
59 8 3
149 146 2
126 22 2
147 54 3
1 73 3
85 9 4
84 91 4
136 133 2
73 76 2
133 129 1
32 122 3
38 147 2
53 111 4
78 11 1
109 56 2
63 70 3
7 76 1
128 105 2
147 62 4
3 8 3
9 147 3
115 109 4
48 54 2
118 49 4
118 47 2
40 16 1
8 51 4
86 136 3
107 101 2
105 32 1
106 100 3
133 63 4
120 94 2
110 63 2
76 8 4
143 44 2
62 134 3
99 36 2
102 141 1
25 67 2
3 131 2
34 2 4
62 53 4
120 65 1
101 116 1
141 56 4
15 42 1
141 73 1
94 59 3
15 0 2
98 68 1
83 77 3
99 92 3
48 131 3
114 136 3
123 9 3
121 51 1
36 45 4
79 112 4
35 10 3
24 33 1
125 43 1
55 50 2
122 2 2
141 124 3
84 145 3
3 19 4
125 149 1
22 96 2
127 82 3
20 25 1
64 44 2
144 64 2
60 132 3
8 39 3
20 69 2
31 110 3
143 91 4
49 107 3
133 41 4
49 23 2
37 122 1
56 18 2
116 61 2
31 28 1
74 111 1
144 71 2
98 40 3
40 33 4
30 9 3
145 18 2
148 13 2
132 142 3
16 131 2
48 44 1
105 52 2
85 120 3
73 89 1
73 62 4
38 72 1
7 87 1
77 42 4
6 26 1
98 7 4
120 12 1
28 5 4
60 120 3
66 49 3
44 119 4
121 70 2
22 3 3
149 39 1
