612 50
0 5 4
0 37 5
37 8 9
37 15 4
5 20 5
5 4 2
15 24 6
24 29 9
4 27 2
8 38 2
38 32 7
38 25 7
32 35 9
38 34 3
29 46 2
25 39 5
35 16 6
34 11 1
39 33 2
34 3 1
37 48 3
38 43 3
33 23 2
34 7 2
7 49 2
32 47 7
20 10 7
20 42 9
10 9 2
42 6 2
5 14 1
16 41 5
5 2 1
7 12 2
2 19 2
7 26 2
49 13 6
41 28 3
42 1 3
48 36 9
48 45 2
14 40 8
7 30 9
2 22 7
32 18 7
20 31 7
5 44 1
3 17 4
34 21 5
16 18 1
48 32 2
48 22 2
22 38 4
43 41 4
25 13 1
29 23 2
31 28 3
40 35 4
43 37 4
3 38 3
5 19 3
27 23 2
19 36 1
45 29 2
47 0 2
35 48 2
25 49 1
49 29 4
13 17 1
1 18 2
34 20 3
20 12 1
40 19 4
11 0 2
42 36 3
10 22 4
11 38 1
48 10 4
42 4 1
17 44 1
16 5 4
4 23 2
18 39 4
43 7 2
40 43 1
29 30 3
19 31 4
17 5 1
15 14 4
37 14 4
25 27 1
14 44 3
26 27 4
40 11 4
35 17 4
25 28 4
24 44 3
12 40 3
14 4 3
49 38 4
33 31 1
20 6 1
25 8 2
21 46 4
8 39 3
34 18 2
21 0 3
18 26 1
15 33 3
35 26 1
10 35 2
26 31 1
36 3 1
23 14 3
15 6 4
19 27 3
36 44 2
13 31 1
18 33 4
16 28 1
3 25 1
8 7 4
12 31 4
33 40 2
24 4 3
8 31 1
44 18 2
8 28 1
22 20 3
45 37 4
45 10 1
29 47 2
34 39 4
13 38 4
31 21 4
22 1 4
36 5 2
22 42 4
10 8 2
8 20 1
9 27 3
39 14 1
27 3 4
5 12 3
0 26 1
42 13 3
13 48 4
8 23 1
10 16 4
28 3 1
48 0 4
33 49 1
8 30 2
49 8 3
36 14 4
34 24 3
48 20 4
23 38 2
44 9 1
23 45 2
5 46 1
38 5 3
10 1 4
13 18 4
48 12 2
26 39 2
43 3 2
49 4 1
47 15 2
25 47 4
30 26 3
17 48 2
28 43 1
8 12 1
30 39 3
46 41 4
21 48 4
26 38 1
41 42 2
17 15 2
9 43 1
35 28 1
24 43 3
6 45 4
17 25 1
29 32 2
34 1 4
42 33 2
1 24 1
46 49 4
24 49 1
5 9 2
20 11 4
18 3 1
14 8 2
35 31 2
46 7 2
20 29 4
23 0 4
19 22 3
14 6 3
49 36 3
33 6 4
46 37 3
3 2 2
16 8 1
38 44 1
33 22 1
49 48 2
21 8 1
40 42 2
18 43 4
34 22 3
11 2 4
39 38 4
1 6 3
15 27 3
21 42 1
11 13 1
8 13 4
10 27 2
14 20 1
14 0 2
2 49 4
30 47 2
34 15 4
35 15 2
19 49 4
16 23 3
2 27 1
20 13 3
23 19 4
14 27 3
40 25 4
7 47 1
42 10 2
37 10 2
17 14 2
21 43 2
47 13 4
0 7 1
11 27 2
16 46 1
21 39 4
36 26 3
47 5 1
5 48 4
9 4 3
41 19 3
46 11 4
27 28 4
17 32 4
22 47 2
39 22 1
2 26 1
3 42 1
12 2 4
4 29 4
10 19 4
45 31 3
15 26 1
21 15 3
2 16 2
6 21 2
6 0 2
12 41 3
44 2 1
43 13 4
24 14 1
4 32 2
16 38 1
24 19 2
28 32 3
41 27 4
1 39 2
27 20 3
11 39 1
16 40 4
29 33 3
15 8 2
41 11 2
30 22 1
7 28 2
12 15 2
18 35 4
21 12 1
14 22 3
1 9 4
18 47 1
4 41 1
15 19 3
48 1 3
32 13 4
37 20 2
33 16 3
6 38 2
32 10 3
19 21 3
21 38 1
39 40 1
19 37 2
41 15 1
41 7 3
43 25 3
20 28 3
4 37 3
30 15 3
23 21 3
14 12 1
6 5 4
26 42 2
12 28 1
45 27 1
1 47 2
49 10 3
6 41 1
25 22 4
47 11 2
4 45 1
10 29 4
23 43 1
29 22 2
40 49 2
30 31 3
21 36 1
33 21 1
38 9 4
46 45 2
42 19 2
11 37 1
49 18 2
12 49 2
32 34 4
22 26 1
1 25 1
47 34 3
3 26 1
41 26 3
33 24 3
16 20 3
21 29 4
48 41 4
44 10 1
26 29 3
28 47 3
19 30 4
21 35 3
5 43 4
0 24 1
39 3 4
14 13 2
1 45 3
0 27 1
8 35 2
34 0 3
34 13 2
32 3 1
28 44 2
19 29 3
4 1 4
7 15 4
41 8 4
12 1 4
4 33 1
32 39 2
24 6 2
30 3 4
16 42 3
15 2 2
1 13 2
40 2 4
48 34 2
31 23 4
18 14 4
11 25 2
19 3 1
21 1 1
8 3 2
18 45 1
4 8 3
44 12 4
5 49 1
15 25 2
5 32 4
1 31 1
32 43 1
12 9 3
45 24 4
35 36 3
8 26 4
17 18 1
2 37 1
40 18 4
43 44 4
45 9 4
28 38 3
15 4 2
16 45 4
24 32 3
10 3 1
36 29 1
39 23 3
18 28 2
6 28 3
43 1 2
40 21 4
33 2 4
33 10 2
30 24 2
11 10 1
47 45 3
45 30 3
17 33 3
3 24 3
38 14 3
8 19 2
29 35 2
16 17 2
34 14 2
12 13 4
36 46 4
23 13 4
10 28 2
24 17 3
14 2 1
31 46 4
47 38 4
15 29 2
4 16 1
40 31 2
0 9 3
18 25 2
33 8 4
8 1 3
39 28 4
41 3 1
48 46 3
19 9 2
34 42 1
6 22 3
35 34 1
33 47 4
25 31 3
29 27 1
21 25 2
2 25 4
3 37 1
8 44 1
28 30 3
39 5 4
41 40 3
3 6 2
24 28 4
31 38 2
17 7 1
36 43 2
41 0 2
2 6 4
3 1 3
24 41 2
6 44 1
33 26 1
46 28 3
46 13 1
16 49 1
23 17 1
36 22 4
35 42 4
47 44 4
13 21 2
19 32 4
22 32 2
15 1 1
40 22 1
34 26 4
24 22 3
43 26 1
27 13 2
38 15 4
13 15 1
34 2 4
27 30 2
4 22 2
22 23 3
16 36 1
49 14 1
42 12 2
45 3 3
15 46 2
11 12 4
4 35 3
30 34 3
10 34 1
32 42 2
37 21 3
31 7 3
48 30 2
11 48 4
31 34 2
1 5 4
29 40 3
6 26 2
23 20 1
22 44 2
25 4 4
17 34 1
29 12 3
8 47 1
13 33 2
3 31 3
24 7 1
39 9 4
22 16 3
19 28 2
17 9 3
17 36 1
25 5 1
39 4 2
19 13 2
34 45 2
24 5 4
6 43 1
8 24 4
11 36 1
35 7 3
40 46 1
26 1 3
34 8 2
47 24 3
16 14 2
19 17 2
0 25 3
27 17 4
42 9 1
0 38 3
5 13 4
33 43 3
34 40 2
49 6 1
35 46 1
33 14 4
7 29 4
0 16 2
22 8 2
27 46 1
26 5 3
30 1 2
32 45 1
25 34 4
46 43 3
27 24 2
17 8 4
41 44 3
43 2 4
8 32 1
32 9 2
48 47 2
15 9 1
33 44 4
18 21 2
44 35 2
28 40 1
16 47 4
2 7 1
43 29 4
0 20 3
39 42 3
36 41 3
16 1 3
32 49 2
33 34 2
29 31 3
20 33 3
43 47 2
24 20 4
12 10 1
11 9 4
33 41 4
39 20 1
42 11 3
0 36 4
38 2 2
0 32 3
30 21 4
45 39 2
37 38 3
29 38 4
34 9 1
46 20 2
32 40 1
48 38 1
44 11 3
48 28 2
2 0 2
47 42 3
46 4 4
33 1 1
16 3 2
10 41 3
20 9 3
13 29 2
12 32 4
34 12 1
17 31 4
23 1 4
18 42 3
20 40 1
34 27 4
10 39 4
25 14 3
27 31 4
7 36 2
