4950 100
0 14 5
14 62 3
62 85 5
85 57 3
0 94 1
0 28 6
94 99 4
14 84 8
57 82 8
84 21 8
0 73 8
21 33 6
73 50 5
73 39 4
0 48 7
14 16 7
50 30 8
94 56 2
30 20 2
0 19 8
21 98 2
20 70 7
70 77 4
21 64 1
16 3 8
30 24 3
16 89 7
70 26 3
50 79 4
28 11 6
3 12 5
21 2 4
50 90 3
14 38 7
50 87 6
33 95 7
90 78 3
14 18 6
28 54 4
18 71 7
33 27 7
28 43 4
64 76 4
21 40 9
73 88 1
38 51 1
20 60 9
20 80 9
39 52 7
50 22 7
85 13 2
2 31 2
82 5 8
26 15 2
12 4 3
54 8 2
26 59 4
33 47 9
39 46 6
50 35 1
77 81 1
2 25 8
20 68 6
30 34 2
31 63 4
98 10 8
64 41 1
13 42 5
34 96 6
40 72 3
10 61 8
78 6 7
88 9 9
0 83 8
38 7 9
76 32 8
30 49 1
71 91 8
80 36 7
87 65 3
83 92 2
92 55 6
76 66 9
35 74 8
15 93 7
5 37 1
90 1 5
71 29 1
34 23 1
11 69 3
74 44 7
16 75 8
40 17 5
17 67 8
34 97 6
34 86 4
6 45 4
97 53 1
26 58 3
73 75 1
43 86 4
92 47 4
20 50 2
41 9 1
94 53 1
26 56 3
1 36 2
44 14 3
47 98 3
84 37 1
36 21 3
54 22 2
25 62 4
83 44 2
28 63 2
52 27 4
93 65 4
30 32 1
16 96 3
99 50 2
85 36 1
61 51 4
56 34 4
8 60 3
25 18 1
56 53 3
2 48 3
23 57 4
32 23 4
37 24 1
15 74 2
78 17 4
17 48 3
70 93 4
91 84 2
56 98 3
76 10 3
13 67 1
43 9 2
53 45 2
11 65 2
2 81 3
79 42 2
83 82 4
73 81 2
72 25 4
77 60 2
40 60 2
22 67 3
20 73 2
18 94 1
59 79 4
63 93 2
45 2 1
68 76 4
1 18 1
18 6 2
91 59 4
2 19 3
62 7 1
80 0 2
59 0 2
52 73 3
42 34 2
58 7 4
28 6 1
41 53 4
94 14 1
97 67 1
91 48 1
22 3 1
21 42 3
75 2 4
6 66 4
84 60 3
88 57 3
12 99 2
93 33 1
31 50 2
54 59 2
28 84 3
8 70 3
57 54 1
0 70 1
3 37 3
14 97 4
58 17 1
82 20 2
24 2 1
99 60 2
24 57 2
27 42 4
31 81 2
96 52 3
25 37 2
0 56 4
89 48 4
6 21 4
41 42 1
39 18 4
83 43 3
36 75 2
49 40 2
83 79 4
53 50 2
25 27 3
47 78 3
67 9 4
7 25 3
40 62 2
30 78 4
11 98 3
64 40 3
2 79 3
80 53 2
37 64 3
51 56 2
41 6 3
67 18 1
48 21 4
96 77 1
97 39 3
16 73 3
55 8 2
92 13 3
6 83 4
69 96 3
6 3 4
75 83 1
12 95 4
5 66 2
6 44 2
61 80 4
41 0 4
17 2 2
94 69 3
78 13 1
37 76 1
98 28 3
59 58 1
89 46 3
33 9 2
14 91 2
44 45 2
29 70 2
1 26 3
2 67 3
95 79 4
17 49 3
40 66 3
22 26 1
72 61 4
25 34 1
1 41 1
98 4 4
40 28 4
3 94 4
82 27 1
5 86 4
10 89 1
86 45 4
51 23 3
52 9 4
80 65 2
10 96 4
95 2 4
35 13 3
21 19 4
49 18 3
5 89 2
27 57 2
97 4 2
28 64 3
8 41 4
63 92 4
79 21 3
12 62 2
32 92 1
84 59 4
57 99 2
1 61 3
42 90 4
36 15 2
29 90 2
39 36 4
51 93 3
48 64 2
83 94 4
63 89 2
59 12 3
4 3 1
35 31 1
41 82 2
41 61 3
84 66 4
78 66 2
81 79 2
72 97 1
10 17 4
71 17 1
10 46 1
77 32 2
55 32 3
34 16 2
94 7 3
88 97 1
55 10 4
30 51 1
50 66 3
25 73 4
68 98 3
20 12 3
95 97 4
98 23 1
34 83 2
52 6 2
44 43 4
60 86 1
70 15 1
26 31 4
96 86 4
39 98 2
59 71 1
73 83 4
1 19 2
38 60 2
67 24 1
5 50 2
98 96 1
88 31 3
0 68 4
96 37 3
70 18 1
33 77 1
8 21 4
29 30 4
61 33 3
60 65 4
58 18 4
38 55 3
3 23 4
63 56 1
40 88 4
8 67 1
1 39 3
19 47 4
71 30 3
84 95 1
12 92 4
96 78 1
70 73 2
12 31 3
80 28 3
73 64 1
26 87 4
56 88 2
66 59 3
39 58 4
55 86 2
45 98 1
26 37 4
57 19 1
16 59 4
68 28 2
46 93 2
11 49 2
95 14 2
80 43 3
32 31 4
32 12 4
10 86 1
31 73 2
56 76 3
85 99 3
91 49 2
1 23 3
69 86 3
68 3 3
39 68 4
9 68 3
73 32 2
17 80 4
88 50 4
32 83 4
43 34 3
94 25 3
43 21 1
66 61 1
7 49 2
97 98 3
89 96 3
32 57 3
24 66 1
89 33 1
17 83 4
30 1 3
69 59 4
53 90 4
52 78 3
3 29 2
44 57 3
97 77 4
25 63 3
49 42 3
63 58 4
32 15 3
25 45 3
27 23 3
20 67 3
45 31 3
11 38 2
2 13 3
93 85 1
43 51 1
15 1 1
22 13 2
60 70 1
56 91 4
78 21 1
97 80 1
46 21 4
99 64 4
94 71 1
73 82 3
12 21 2
46 81 4
34 2 4
74 98 1
8 63 2
32 65 1
97 36 3
17 39 4
74 56 4
64 88 3
2 93 2
41 7 2
68 57 2
75 37 1
98 8 4
79 32 1
28 46 3
43 33 3
77 6 3
29 8 2
24 41 3
17 3 1
17 77 1
89 42 1
6 49 1
15 64 3
32 68 3
20 91 1
79 23 2
28 60 4
34 0 4
15 7 2
9 31 4
61 55 4
88 98 4
26 34 4
57 36 2
77 37 3
22 17 3
30 6 3
30 55 1
46 15 4
13 60 4
11 32 4
84 39 1
65 70 4
53 76 3
96 82 2
22 53 1
94 16 4
15 13 3
36 58 4
37 72 4
46 8 1
88 10 2
56 79 4
89 44 4
35 92 4
28 31 3
51 83 1
67 37 3
77 43 4
62 24 3
59 80 2
80 13 4
98 17 2
16 90 3
24 96 2
96 25 2
97 42 3
28 59 4
39 81 3
14 82 2
83 84 4
91 35 3
50 75 2
21 16 4
78 62 3
10 77 4
62 26 4
94 93 1
17 92 1
31 83 4
10 43 2
91 58 2
63 78 3
42 96 3
8 78 2
68 95 1
91 38 2
37 93 4
11 30 4
30 98 3
25 10 3
17 56 2
18 33 2
20 64 1
36 60 1
31 18 1
84 71 4
51 98 4
18 81 1
28 12 4
17 60 3
5 24 1
62 56 3
51 24 4
98 58 4
71 16 1
1 46 1
47 40 3
46 38 2
77 95 4
39 24 4
28 91 4
40 1 2
61 53 3
59 74 1
4 53 2
29 41 3
6 95 2
10 34 3
48 30 4
58 88 2
96 48 4
42 95 4
35 64 3
6 22 2
27 92 4
2 94 4
95 92 3
7 97 2
77 86 4
50 24 1
67 33 3
34 99 4
70 31 4
27 95 1
36 98 3
80 77 2
63 62 2
62 55 2
32 0 3
19 87 4
18 27 4
54 14 1
67 53 4
47 61 1
43 93 1
55 80 3
43 31 4
14 48 4
25 19 1
54 77 1
44 67 4
21 35 4
22 98 2
20 84 1
16 47 3
27 59 2
99 40 1
92 42 4
0 93 2
1 78 3
97 37 2
53 16 4
13 50 1
55 46 4
77 65 4
39 40 4
75 47 4
54 41 4
90 18 3
88 86 3
1 17 2
86 23 2
1 29 4
72 15 3
85 88 3
91 8 1
45 92 1
1 95 1
78 39 1
67 49 1
79 22 1
15 44 1
87 1 1
47 25 4
85 75 2
51 48 3
66 18 2
63 80 2
2 90 1
32 43 1
51 82 3
29 76 1
55 16 3
22 47 4
87 39 2
38 52 3
77 93 2
17 21 2
68 40 2
14 76 1
44 59 1
55 60 3
70 34 1
58 83 3
76 65 4
14 68 3
3 60 2
23 28 1
23 75 4
13 24 4
22 75 3
15 11 2
72 73 2
96 54 3
30 79 1
57 43 1
77 16 2
70 55 3
24 52 2
82 94 2
84 78 2
45 48 3
71 47 4
62 67 3
32 53 4
80 44 3
6 47 4
92 84 4
38 33 1
10 21 3
9 57 3
69 43 4
52 63 1
82 52 4
21 51 4
2 85 1
24 61 2
13 84 2
47 56 4
90 15 4
73 53 1
64 12 3
34 3 4
20 62 2
87 28 2
15 94 3
93 55 1
20 22 1
22 32 4
46 32 1
61 3 3
28 20 4
10 4 4
9 75 3
53 26 3
42 88 1
93 78 4
60 95 4
52 34 2
3 0 2
20 44 1
23 12 1
44 92 4
86 11 3
60 18 1
29 20 3
81 6 4
39 10 4
81 57 1
0 51 1
34 45 4
69 58 2
55 7 2
87 2 3
84 45 2
6 85 4
79 4 2
14 57 4
90 11 2
38 8 3
15 62 1
24 93 2
45 0 1
39 41 4
85 9 3
80 87 1
54 95 4
18 22 1
62 77 2
73 87 1
43 99 3
4 44 3
23 65 2
65 21 3
17 32 2
25 21 1
29 82 3
16 42 4
76 48 4
86 32 4
93 29 4
72 35 4
33 76 1
16 76 3
7 60 1
96 94 3
68 62 1
77 13 3
12 80 2
13 18 3
71 90 1
77 85 1
73 84 2
10 81 1
14 26 1
3 31 1
76 95 3
34 36 4
63 13 1
77 27 3
45 80 4
87 43 3
57 47 1
68 65 3
0 74 4
33 13 4
76 89 1
23 33 3
38 30 3
74 19 2
20 89 4
39 13 3
36 73 2
40 45 4
33 7 3
70 4 1
7 23 2
89 98 1
58 97 1
55 4 1
75 48 4
10 91 2
7 13 4
42 78 2
50 69 3
49 76 4
58 19 2
43 24 1
17 84 4
96 81 4
92 96 3
45 38 2
74 53 3
86 72 1
37 10 4
38 35 4
9 45 3
51 88 2
52 30 3
19 10 1
98 91 3
6 10 4
79 29 4
12 33 2
97 89 2
33 71 2
71 31 3
71 89 1
24 70 1
67 80 1
46 45 3
78 83 4
24 74 1
55 90 3
26 91 4
48 11 4
51 9 4
61 13 4
71 38 2
20 47 4
64 9 2
49 45 2
35 3 2
78 36 2
45 13 1
18 75 4
7 36 3
0 5 1
25 70 2
75 32 1
84 19 2
98 43 1
28 78 2
92 51 1
4 14 3
61 23 4
64 82 1
75 45 4
22 78 4
87 12 1
4 33 1
5 21 1
66 95 1
89 99 3
48 73 4
76 4 3
63 53 1
31 61 2
66 80 1
36 6 2
14 60 2
69 72 1
55 25 1
26 48 4
7 26 3
11 81 2
33 60 1
80 35 4
60 2 2
99 46 2
95 44 3
43 7 4
0 54 4
28 73 4
99 65 3
19 16 1
68 84 1
95 67 1
49 56 4
35 96 2
93 25 1
91 74 3
11 92 4
6 75 4
76 2 1
22 15 2
55 81 3
69 47 3
65 83 3
47 50 3
60 51 4
42 55 2
39 88 4
96 14 1
96 32 4
27 94 1
37 45 3
82 54 2
41 97 1
62 98 4
93 50 3
66 17 2
18 77 3
12 51 3
95 91 1
29 34 2
1 83 1
98 49 1
61 62 2
33 72 2
88 20 2
25 15 1
33 15 2
5 57 3
74 17 4
59 72 3
56 23 2
92 30 1
24 38 1
93 39 2
61 27 4
70 42 1
6 37 2
45 62 2
68 72 2
98 63 3
56 95 2
33 16 4
61 7 1
89 30 3
89 53 3
62 53 2
6 4 1
11 40 2
52 49 4
51 6 4
5 6 4
25 36 1
94 77 3
27 75 3
57 22 3
8 85 4
70 28 2
48 94 3
76 90 3
79 31 3
27 81 2
45 59 2
30 80 2
0 81 4
98 6 1
85 28 2
71 23 4
47 79 4
7 73 2
41 28 1
71 61 3
66 56 3
33 35 1
73 60 4
18 62 2
68 85 3
74 95 1
30 37 4
60 57 2
36 35 2
13 30 4
23 83 4
9 19 4
86 7 3
34 18 4
68 7 4
99 28 1
36 49 3
31 22 4
47 30 2
48 65 4
94 97 2
88 43 1
22 35 3
16 86 4
64 2 4
38 5 3
38 40 2
22 7 4
80 26 4
40 34 3
11 52 4
1 76 2
81 5 4
8 37 3
2 29 1
85 55 3
63 24 4
22 87 3
53 54 2
0 37 3
94 90 2
15 63 2
73 62 4
72 57 4
25 77 4
31 58 2
16 26 1
3 78 2
6 46 3
60 72 2
80 11 1
92 34 3
13 72 1
44 38 2
24 85 3
53 14 4
58 52 4
40 54 1
36 79 1
79 20 1
96 18 2
66 65 2
45 22 3
84 9 3
76 25 1
64 43 2
99 93 1
59 85 2
38 67 3
50 17 2
13 68 4
54 51 3
11 1 2
91 77 3
48 5 4
26 6 2
71 56 3
36 16 1
34 13 1
42 14 3
28 29 2
39 14 4
36 96 1
15 28 3
54 79 3
34 76 4
4 50 3
63 38 3
62 70 3
73 59 1
47 21 3
55 2 1
48 52 2
0 86 2
44 23 3
31 39 4
96 71 3
30 44 1
0 7 3
77 45 1
4 5 1
14 59 2
10 8 3
6 29 2
66 20 1
60 34 1
26 47 4
87 44 4
92 6 2
49 28 2
96 6 2
58 4 3
79 69 4
66 35 4
6 91 3
26 78 4
27 46 4
34 90 3
85 81 4
24 40 1
42 71 4
7 64 3
8 30 2
71 44 2
69 37 2
26 54 4
83 76 4
19 64 2
62 21 4
99 80 2
33 97 3
5 29 1
97 16 4
78 81 4
5 41 4
83 80 4
93 62 2
12 34 4
27 39 3
26 65 1
23 78 1
51 63 3
16 32 1
55 34 4
97 40 4
97 28 3
61 54 3
16 4 4
22 99 3
47 39 4
0 12 2
49 15 4
50 97 4
49 58 1
52 15 1
68 42 4
60 81 1
3 13 2
67 54 2
81 50 1
29 47 4
64 38 1
18 78 1
37 1 2
44 65 1
26 50 1
69 33 2
62 89 1
50 64 4
22 83 2
16 17 2
49 73 3
56 30 4
65 64 2
25 13 3
56 69 4
2 37 2
6 69 3
63 87 2
2 99 3
68 12 3
73 97 1
18 64 3
87 98 2
49 60 2
98 73 4
20 1 1
16 6 2
83 68 1
58 33 4
83 41 1
25 29 4
87 84 3
32 97 2
18 32 3
73 44 1
83 33 3
82 39 4
98 65 3
0 87 4
49 51 3
30 43 2
23 31 1
8 42 1
49 50 1
69 23 4
17 9 2
42 7 3
60 26 2
10 18 1
82 97 3
43 39 1
85 21 3
87 66 2
35 51 4
32 67 3
10 83 2
78 38 2
23 73 2
24 31 1
73 40 3
91 43 4
58 75 3
72 64 4
60 30 2
93 76 4
46 96 1
89 87 2
0 40 4
20 45 2
71 22 4
94 20 4
73 12 2
94 28 2
35 75 3
13 16 3
65 19 4
12 67 3
71 36 1
75 56 3
72 99 3
47 31 3
79 99 3
64 33 3
87 33 4
49 95 1
23 67 4
82 13 3
89 80 1
16 78 2
89 35 4
49 71 2
3 96 3
69 93 4
23 26 3
8 58 4
88 81 4
75 98 4
76 71 1
34 94 4
13 14 3
57 65 4
82 9 2
93 4 2
59 90 3
91 73 2
54 19 4
80 18 2
38 62 2
14 66 1
83 29 4
45 60 4
91 45 3
94 63 1
70 74 4
11 47 2
79 37 3
76 18 1
75 67 2
38 68 2
69 49 3
99 56 2
19 68 3
17 79 1
14 24 3
49 72 4
79 1 4
89 54 1
26 25 3
20 21 3
63 33 3
43 37 2
93 28 1
21 89 4
16 10 4
77 53 1
46 22 4
79 40 3
42 50 3
55 53 3
56 10 4
72 76 4
3 45 4
66 83 2
68 11 1
76 97 4
61 49 1
29 57 2
60 35 3
76 39 1
84 36 1
69 60 3
9 95 1
72 26 4
1 31 2
87 41 3
75 31 3
66 38 2
40 90 1
72 41 2
21 77 3
5 35 4
67 7 3
20 10 4
66 21 4
92 79 2
60 5 2
60 87 4
93 11 4
79 27 2
10 52 4
83 63 1
63 17 2
27 70 1
44 48 3
0 44 2
15 47 3
67 59 4
91 64 2
10 33 1
1 99 4
31 40 1
1 27 3
9 78 4
54 43 2
81 83 4
39 69 4
73 92 3
60 96 1
0 62 4
27 76 1
96 13 3
26 71 3
98 2 1
8 83 3
13 29 3
74 51 3
53 51 2
83 85 1
86 48 2
31 5 1
71 0 2
97 17 2
16 50 2
31 67 1
5 25 1
20 71 2
44 12 3
1 42 3
22 23 4
43 16 1
29 65 3
3 10 2
23 40 4
52 13 1
42 30 3
30 9 1
28 30 3
72 62 4
60 58 3
9 23 1
51 87 1
98 55 4
17 8 4
83 26 1
3 81 1
91 63 1
45 90 2
39 28 4
62 22 1
62 23 3
55 71 4
36 72 4
21 74 3
27 53 3
16 31 3
64 29 3
45 35 2
73 21 1
65 72 1
83 62 1
0 50 3
35 65 3
10 40 2
14 1 1
7 66 2
43 8 3
26 75 3
42 85 3
14 49 4
11 75 2
49 44 2
77 61 1
71 35 2
9 97 2
55 68 1
78 91 3
20 0 1
98 83 1
80 47 2
4 41 2
86 83 4
97 19 1
76 0 1
92 76 4
11 53 3
49 63 1
19 20 1
6 19 1
19 39 2
55 9 1
88 11 3
26 76 2
42 24 1
30 67 2
22 34 3
43 14 3
23 94 4
52 55 1
65 14 3
23 24 4
81 24 4
3 47 1
27 91 1
22 48 4
94 76 2
74 57 2
64 36 4
52 23 1
57 35 1
70 23 4
12 54 4
15 75 3
44 18 3
61 57 3
67 74 2
38 61 2
78 86 2
35 47 1
87 56 3
46 0 2
9 50 3
81 22 3
23 0 3
21 0 4
54 99 3
27 26 2
52 22 2
44 27 2
96 31 1
62 50 1
12 74 1
1 4 1
2 51 4
0 22 2
62 39 2
8 44 2
21 90 3
50 15 1
15 58 1
90 43 3
62 81 4
0 89 3
86 89 3
49 86 4
50 59 1
42 11 4
32 64 4
11 18 3
24 73 2
98 82 4
61 5 2
30 15 4
54 25 1
90 10 4
3 52 3
26 63 2
81 98 1
76 13 3
38 65 3
13 11 4
39 48 4
34 9 4
8 27 3
91 40 2
8 89 2
82 23 1
1 65 4
66 2 3
3 27 3
14 25 1
37 29 3
23 5 4
58 96 3
96 79 3
9 60 3
42 52 1
56 89 1
50 77 4
91 66 3
88 46 4
65 59 3
75 66 1
27 21 2
93 71 2
68 80 4
83 87 1
20 34 1
89 2 1
96 17 3
85 33 2
14 72 2
91 70 1
55 44 1
72 84 3
59 61 4
69 41 2
34 57 2
84 27 1
86 19 4
93 42 3
17 47 3
73 65 1
24 90 2
37 55 4
15 65 3
74 78 4
29 44 2
52 97 3
42 46 4
90 7 3
69 35 4
10 51 3
85 34 3
63 90 4
28 79 1
71 4 1
89 64 3
46 2 1
53 68 2
93 36 4
56 20 1
51 27 3
87 70 3
11 23 1
79 0 1
24 49 3
18 43 4
24 68 2
29 21 4
95 43 4
63 86 1
48 95 4
78 51 4
58 92 1
39 0 2
95 78 2
42 51 3
5 12 4
41 98 1
46 68 2
8 75 4
30 21 2
55 94 4
63 39 2
36 19 2
99 16 3
15 4 1
16 52 4
96 74 1
81 48 1
92 97 4
48 53 4
29 97 2
75 79 4
32 20 4
9 54 1
27 12 2
65 86 4
91 24 1
80 56 3
36 88 1
4 67 1
16 82 1
38 69 2
82 63 2
98 90 4
55 43 2
25 49 1
45 57 1
52 68 4
42 31 3
36 56 2
33 74 3
95 46 4
26 44 2
8 22 4
83 28 1
25 90 1
90 41 3
80 54 3
56 43 2
19 95 2
37 22 1
43 60 2
74 16 3
62 59 4
43 61 4
57 55 1
41 77 3
24 97 3
95 90 3
77 58 4
44 32 3
5 69 1
55 83 4
11 27 1
8 32 1
67 16 2
87 64 3
32 81 4
45 7 4
55 67 4
2 47 1
10 70 3
49 94 3
91 13 4
97 54 1
63 64 3
88 71 1
4 92 3
78 14 2
63 6 1
24 44 1
30 7 1
22 25 2
65 95 2
38 19 1
53 66 1
51 86 2
17 82 1
64 97 1
75 21 4
32 4 2
37 68 1
57 62 1
77 30 1
9 96 3
37 66 2
72 92 4
31 49 3
29 95 1
47 87 2
61 40 3
98 33 3
69 76 1
21 87 4
58 3 3
24 83 3
28 5 1
28 8 3
15 21 3
66 99 4
74 94 3
72 43 1
48 8 2
79 25 4
51 94 4
22 51 2
13 8 3
44 62 1
10 69 1
84 98 1
39 59 2
41 67 1
5 44 1
14 81 4
54 20 1
29 55 2
19 17 4
11 17 1
4 0 4
7 9 2
34 77 2
1 24 2
89 81 3
29 67 4
5 9 1
91 60 4
43 74 3
32 84 2
74 47 2
19 46 2
94 21 4
56 15 1
42 6 3
6 87 2
2 63 1
46 87 1
99 10 4
37 78 1
41 31 4
88 38 2
94 87 1
55 48 2
44 99 2
19 73 1
70 32 2
25 28 1
85 11 3
0 58 1
59 53 2
59 96 1
72 52 3
85 53 1
78 35 3
65 50 3
61 19 3
90 52 1
17 41 3
91 89 4
10 74 2
40 86 4
20 96 3
33 66 1
24 48 4
41 46 1
88 87 1
20 77 1
73 30 3
23 58 2
99 83 1
26 77 1
79 80 2
93 14 1
71 83 4
69 65 1
67 65 1
85 4 3
78 97 2
66 34 2
87 42 2
24 3 1
84 44 4
95 47 2
51 46 3
16 70 4
37 21 4
82 71 3
30 40 3
14 47 2
69 1 3
52 66 3
56 46 2
36 5 2
89 1 4
95 28 4
35 85 4
90 47 3
25 71 1
41 51 4
56 64 3
35 27 2
77 84 2
52 65 3
17 72 4
63 23 1
12 43 1
26 79 4
14 73 2
70 92 3
99 39 4
72 0 3
25 67 2
8 65 1
40 92 1
99 15 4
68 59 1
66 43 4
36 63 2
64 68 3
25 60 2
39 2 2
7 37 3
49 48 2
26 66 1
90 77 1
28 76 1
79 97 1
99 45 2
58 12 1
38 37 1
71 70 1
26 92 1
52 98 2
14 10 3
99 81 3
99 18 4
0 43 4
9 86 3
29 50 3
90 92 1
45 26 3
41 84 4
9 39 4
53 64 1
15 0 3
4 35 4
85 52 2
74 83 2
65 17 1
81 75 1
1 8 3
39 64 3
21 38 2
26 2 1
56 41 2
34 39 1
35 30 4
53 25 1
26 90 1
79 9 2
73 35 1
66 60 1
11 22 2
55 13 3
47 12 4
93 98 3
3 66 4
5 1 1
7 71 4
27 88 3
3 39 3
17 95 3
47 13 1
77 28 4
91 15 3
29 84 2
83 16 3
98 53 2
79 16 4
77 69 1
41 80 4
43 49 4
81 19 4
72 66 3
67 87 1
88 80 2
0 66 2
21 1 1
15 45 1
77 47 1
48 42 2
99 33 3
73 74 3
98 27 1
80 9 1
92 49 3
17 26 3
76 55 2
37 31 3
62 69 4
67 14 1
21 76 2
88 99 4
28 45 2
82 72 2
54 33 3
43 48 2
30 88 1
65 88 2
54 34 1
59 3 1
84 18 4
82 34 1
22 9 2
10 47 1
90 96 4
49 89 4
92 38 4
19 3 1
17 69 2
26 89 1
31 53 2
20 99 2
56 50 2
24 58 3
95 39 3
83 27 1
58 94 1
41 79 1
45 32 4
10 15 1
46 79 4
58 93 3
80 81 2
99 55 4
85 60 4
19 44 2
87 10 3
74 99 1
20 40 1
90 67 3
93 83 2
47 1 3
52 87 4
29 87 1
40 84 4
42 86 3
17 85 4
69 31 2
10 54 2
6 99 1
13 83 3
18 61 2
79 6 1
47 76 2
74 88 1
84 85 4
1 68 4
63 69 3
12 1 3
6 55 2
80 42 3
32 71 2
16 5 1
11 56 1
81 43 4
34 6 2
45 42 2
91 46 4
95 83 4
46 92 3
79 74 4
74 55 1
2 80 3
74 41 1
29 77 1
46 90 4
52 92 1
67 63 1
83 5 2
4 23 2
49 33 3
31 97 1
17 20 4
92 74 4
8 95 2
42 43 3
32 14 3
53 82 4
33 59 2
78 60 3
18 19 2
92 50 1
90 36 1
32 21 3
95 89 2
57 33 4
3 95 1
80 57 3
81 47 4
93 47 4
96 66 3
34 37 1
79 84 1
34 53 2
63 1 2
30 12 3
36 65 2
53 2 2
22 44 2
57 67 3
46 73 2
75 61 3
14 45 2
96 29 1
97 35 2
75 57 2
14 8 4
87 76 2
43 38 2
37 16 2
35 16 4
18 36 3
68 30 4
56 39 4
67 81 3
95 50 4
85 41 2
16 49 2
44 16 1
27 97 4
3 11 4
65 0 2
75 40 2
47 59 2
18 24 4
60 19 4
88 4 2
70 68 2
24 34 2
89 47 2
66 11 4
7 11 2
55 12 3
91 12 4
74 42 2
72 10 1
68 67 3
20 38 2
27 49 4
57 98 1
45 16 1
35 87 4
9 73 1
34 68 2
39 23 2
51 45 2
43 79 4
98 18 2
54 1 4
61 34 2
94 12 3
29 63 2
26 74 1
27 10 1
53 96 3
61 0 3
70 37 4
30 82 3
72 32 3
14 64 4
44 25 3
25 69 3
78 20 4
28 44 4
35 76 4
23 85 4
29 36 1
57 31 4
37 28 3
75 10 1
42 61 2
16 46 4
38 27 4
82 55 4
77 92 1
24 9 2
37 40 4
43 41 1
62 92 2
29 10 2
38 59 4
60 15 4
8 24 2
96 39 2
49 74 4
16 11 2
86 22 2
98 19 3
59 78 2
67 66 3
56 55 1
59 20 3
35 2 3
42 37 1
23 84 2
65 81 1
4 56 4
4 77 4
4 86 2
1 45 3
99 90 3
1 44 2
56 54 1
60 0 4
52 8 4
36 10 4
1 34 1
51 20 3
33 28 1
20 97 3
39 91 4
9 71 1
74 27 1
7 76 1
49 37 2
1 48 4
13 46 2
2 16 2
99 82 2
43 68 4
1 32 2
42 38 2
8 34 3
49 81 1
93 90 2
36 70 2
60 75 4
77 88 1
4 62 4
31 51 2
35 98 1
47 48 3
33 0 4
23 90 1
4 17 1
61 83 1
28 92 4
10 31 2
34 71 3
31 7 2
3 91 4
71 41 4
32 61 4
69 30 1
8 88 3
70 35 2
49 66 1
6 93 3
12 29 2
53 75 4
54 48 2
53 79 2
50 37 4
67 40 1
6 23 4
7 44 4
90 83 3
42 29 2
60 44 2
1 88 1
35 93 4
48 20 3
89 61 1
78 79 1
61 37 3
8 92 3
84 16 2
61 22 2
49 75 2
86 66 3
76 96 2
57 79 1
46 85 4
5 84 4
15 66 1
40 29 2
84 96 1
21 67 3
43 52 1
39 53 4
71 28 3
89 83 2
49 21 2
94 72 4
33 84 2
25 98 2
79 38 1
24 92 4
79 67 3
89 74 4
33 92 3
41 35 1
15 80 3
89 82 2
30 63 3
51 52 4
59 32 1
77 66 1
34 7 3
97 13 2
91 41 1
63 20 4
88 47 4
16 22 2
15 59 2
11 74 2
29 85 4
75 63 4
28 35 1
38 41 4
97 86 2
74 82 1
99 21 3
60 71 4
24 6 1
26 35 4
43 75 2
74 71 1
23 53 4
82 47 1
1 75 3
85 80 2
97 69 2
41 75 4
30 25 4
80 5 2
54 75 2
57 12 4
43 3 1
24 16 3
69 88 3
14 46 3
45 81 2
4 57 1
54 88 3
61 36 2
50 55 3
26 55 2
75 94 1
39 21 1
72 98 4
69 15 4
38 12 3
33 32 1
25 61 3
90 73 3
68 2 1
42 0 1
89 70 3
3 99 1
85 96 4
46 20 4
49 9 4
32 54 1
42 20 2
13 27 1
29 59 1
5 3 2
55 27 2
76 75 2
17 75 2
3 97 1
89 93 4
91 32 3
73 4 3
4 60 3
62 27 2
45 71 3
93 10 2
48 16 1
41 50 3
54 63 1
23 25 2
24 0 3
34 49 3
45 24 3
81 93 4
44 9 4
58 54 4
8 26 3
70 52 3
67 28 3
15 12 2
57 10 4
50 83 2
67 19 2
46 18 3
61 58 4
9 47 2
89 79 2
89 67 3
85 71 3
65 2 1
73 56 3
81 64 1
93 75 1
6 2 2
40 14 2
30 2 1
98 64 3
54 91 4
21 58 1
58 29 2
92 48 3
11 26 4
10 49 2
66 4 3
17 46 2
61 45 3
8 0 2
45 97 2
82 49 4
95 63 2
91 79 1
40 44 2
67 78 4
29 91 4
82 65 1
36 47 3
90 44 3
69 26 3
6 76 3
40 6 4
62 86 4
86 1 3
24 72 2
14 27 2
1 77 1
33 44 2
63 73 2
85 10 3
27 68 2
87 8 3
80 1 3
59 23 2
11 58 3
26 61 2
4 21 3
74 28 4
7 12 4
40 27 1
89 6 4
87 85 1
4 2 4
63 85 1
52 20 3
51 7 3
47 55 4
36 92 3
52 25 4
30 65 1
35 81 4
32 62 2
82 76 3
2 70 3
35 37 1
64 49 2
48 10 1
91 53 1
38 16 2
28 42 1
58 70 3
85 3 2
2 97 2
35 82 2
52 84 2
59 11 1
20 24 3
39 55 2
51 79 3
48 15 3
81 9 1
17 94 4
38 31 1
16 51 2
88 12 2
92 16 4
83 14 3
88 82 4
6 80 4
49 90 1
58 57 4
91 57 1
1 98 4
41 73 4
87 5 1
96 80 3
6 12 2
54 84 2
82 77 1
24 87 1
38 53 4
54 37 1
99 63 1
7 29 2
10 50 1
64 69 1
77 71 3
90 64 2
41 86 2
51 70 1
41 89 4
53 47 3
48 62 3
52 83 1
23 46 2
71 10 2
96 33 3
57 18 1
83 69 2
48 23 1
8 15 3
12 98 2
7 93 1
94 42 4
15 81 2
14 99 2
64 47 4
88 0 4
6 8 4
90 84 1
34 31 3
99 49 4
77 31 4
94 64 3
31 98 4
3 51 3
48 88 2
77 57 2
29 23 3
63 14 2
10 22 3
56 35 4
43 17 2
60 83 4
66 25 3
26 10 4
15 95 4
5 43 1
12 26 2
36 41 3
86 64 3
79 94 2
64 66 3
84 43 4
73 67 1
19 4 1
89 40 2
70 72 1
44 98 2
23 95 3
74 39 2
2 8 4
52 12 2
20 11 1
57 8 1
84 34 2
12 75 4
29 35 2
5 18 1
71 95 2
2 0 3
52 62 2
71 19 2
14 20 1
76 12 3
70 1 3
22 56 1
55 63 4
6 0 4
36 42 1
91 5 1
40 76 1
73 93 2
66 31 4
71 50 2
75 55 3
16 72 3
37 88 3
80 46 2
71 73 3
44 64 3
49 5 3
29 27 2
17 53 1
28 13 2
89 34 1
17 27 2
93 3 4
81 20 1
16 98 3
98 59 1
34 33 2
95 35 2
95 30 3
65 79 2
33 79 3
49 53 1
71 21 1
31 8 1
5 79 1
2 91 4
8 18 2
83 77 2
83 18 1
55 87 2
12 11 3
49 35 2
62 35 4
54 39 4
80 34 2
11 78 3
32 63 2
36 51 1
65 96 3
16 8 4
77 14 1
39 12 3
91 52 4
67 52 2
50 6 2
39 83 2
5 68 2
2 23 3
95 93 4
82 91 1
69 9 2
95 5 2
77 19 4
69 4 1
30 96 2
78 43 1
68 79 1
46 12 3
48 41 3
51 40 2
34 72 3
79 82 1
91 23 1
30 87 4
17 0 1
20 4 1
99 13 1
75 82 4
33 41 4
77 72 4
43 53 2
58 67 3
15 31 3
94 10 1
42 66 2
16 57 1
31 19 2
10 59 3
44 93 4
28 90 2
20 25 1
91 75 1
15 9 2
40 36 1
40 2 4
21 59 4
9 70 4
11 0 4
24 10 4
70 46 3
38 98 4
1 72 1
75 74 2
91 76 2
61 88 4
88 83 4
84 58 1
27 85 3
80 14 1
55 88 3
59 76 1
49 85 4
93 72 3
53 93 2
96 23 1
46 78 3
45 78 4
78 7 2
30 66 2
30 91 3
66 32 3
54 87 3
44 70 3
3 71 4
19 22 3
82 92 3
13 44 2
60 93 1
72 28 4
23 81 1
98 3 4
19 8 4
28 22 4
60 76 2
68 56 1
5 56 4
1 43 1
42 57 2
42 39 2
39 30 1
57 37 3
87 69 3
66 58 2
27 80 4
68 71 4
32 95 1
98 20 2
9 16 1
40 5 4
50 25 2
23 41 3
45 76 1
61 17 4
94 4 1
4 52 2
98 26 3
70 11 1
9 98 1
75 89 4
25 40 2
59 4 1
2 77 4
91 11 3
60 92 2
97 87 4
64 74 3
19 27 4
81 90 4
12 48 4
86 24 4
18 95 1
16 61 2
96 51 4
17 7 4
48 19 2
18 47 2
32 38 4
36 95 2
46 25 1
58 16 2
52 53 3
72 11 1
1 0 4
62 13 4
2 44 4
56 65 2
78 99 2
55 17 2
81 92 2
35 99 1
97 71 1
26 4 2
73 13 4
76 74 3
7 70 4
80 22 4
34 95 4
57 89 1
42 98 2
41 22 2
83 12 4
71 2 3
83 45 1
83 46 4
93 88 3
99 91 4
31 64 2
78 15 1
75 97 4
21 54 2
26 88 2
36 17 4
39 7 4
74 52 4
59 60 4
64 34 2
89 60 3
46 48 1
34 81 1
88 95 4
32 78 4
32 93 1
0 53 1
98 61 4
12 60 1
7 96 2
77 52 1
88 63 3
86 70 4
3 75 4
9 38 1
18 29 4
18 79 3
78 85 1
88 90 1
37 52 4
42 33 1
27 30 3
96 0 4
19 93 4
43 65 2
64 25 4
96 50 4
13 56 1
15 51 3
90 12 2
23 72 4
78 58 1
88 32 2
93 22 4
36 81 4
36 94 1
86 14 4
13 95 3
12 84 4
75 70 1
95 99 3
25 33 4
87 71 1
75 86 1
31 65 1
10 73 1
5 59 2
25 91 3
56 27 4
6 74 1
93 57 4
93 92 1
42 4 4
13 88 4
34 93 4
99 67 3
78 87 1
51 18 2
80 51 4
34 69 1
29 16 3
56 52 1
13 1 1
79 14 1
19 51 1
50 28 3
87 74 4
78 68 1
69 95 3
14 56 3
89 84 2
50 58 4
78 33 4
68 50 1
72 58 4
32 56 1
91 94 2
3 64 2
50 8 2
73 22 2
90 5 2
73 27 4
36 4 2
4 63 4
85 38 1
43 62 4
69 67 3
3 67 4
61 60 3
38 94 1
59 95 1
89 68 3
71 86 3
69 48 4
28 57 4
75 14 3
19 29 2
57 2 4
44 94 3
88 76 4
62 94 1
47 32 3
67 39 4
77 99 4
76 24 4
96 44 2
25 95 3
9 10 3
73 43 1
69 0 3
84 67 3
59 24 3
64 22 4
78 10 3
97 63 2
92 54 1
15 23 1
51 71 4
69 89 1
90 75 2
75 88 2
82 87 2
83 53 4
28 18 1
50 72 4
80 98 2
27 50 3
28 36 3
88 3 2
81 87 3
24 7 1
16 18 2
79 49 1
92 65 1
44 39 3
23 77 3
81 84 1
70 5 2
18 26 3
88 33 3
25 87 2
50 74 1
77 40 3
29 72 1
0 99 2
68 49 1
77 76 1
12 81 3
69 3 3
75 28 3
61 91 2
36 54 4
3 57 2
4 48 1
19 70 3
42 82 1
28 7 2
47 41 4
80 64 1
61 93 2
68 58 3
94 19 1
66 47 3
38 39 1
21 80 3
19 69 3
63 10 4
32 6 1
61 29 2
15 43 3
33 11 3
28 69 1
25 39 1
29 45 1
89 85 3
93 20 1
60 47 3
12 96 3
62 96 4
27 9 3
12 78 3
72 83 4
26 84 2
14 23 2
9 62 2
86 26 3
32 74 4
1 82 1
13 20 4
73 68 1
93 8 2
37 95 4
58 46 1
85 30 2
2 22 3
45 94 3
34 51 2
24 33 2
84 7 2
86 30 1
42 84 2
84 30 3
72 44 2
67 34 3
99 96 2
61 92 4
81 59 3
45 70 1
53 20 3
69 24 2
20 55 2
60 11 1
27 63 2
83 56 1
5 78 2
34 73 2
32 19 1
79 85 2
98 46 4
90 8 4
45 27 1
59 82 2
68 87 4
51 32 2
26 40 3
21 26 1
93 40 2
5 67 3
75 30 2
50 76 3
54 46 1
56 19 2
67 45 2
76 42 3
57 63 4
82 3 4
44 53 3
15 5 4
97 48 1
26 51 3
15 67 2
48 18 1
26 97 1
70 6 4
42 75 4
15 97 3
9 35 2
83 96 3
57 26 3
67 71 4
94 54 3
8 51 1
67 77 3
95 16 3
37 59 1
26 52 3
58 71 2
46 65 3
51 55 3
21 88 1
91 44 2
16 81 3
0 92 2
41 49 3
30 90 2
73 80 2
29 48 1
74 93 2
7 10 1
77 15 3
7 35 4
47 58 4
8 59 1
5 51 2
39 70 3
68 94 4
3 8 3
3 89 2
92 94 2
15 96 4
39 75 1
21 53 1
20 90 3
73 2 2
25 56 1
65 45 2
2 62 4
29 66 2
60 16 3
57 30 1
8 73 3
46 29 4
48 87 2
16 7 2
69 99 3
10 97 1
7 83 3
75 71 3
35 1 4
4 27 3
18 52 2
5 55 2
84 55 2
9 53 2
13 10 3
29 74 1
63 77 2
12 49 1
76 52 2
91 69 4
17 29 1
37 81 2
91 68 1
33 56 3
59 94 1
90 9 2
65 78 4
65 54 1
92 67 1
20 87 3
39 50 3
41 99 2
88 52 3
47 37 3
1 67 1
94 57 3
4 37 4
78 77 4
14 11 1
41 88 2
88 44 3
89 25 4
67 27 2
46 94 1
91 1 4
7 48 2
48 36 1
33 5 4
29 0 2
0 78 2
72 81 1
59 22 4
3 42 3
54 85 3
7 32 4
90 58 1
5 30 3
22 43 1
82 21 4
0 63 4
91 37 1
16 54 4
40 83 3
45 18 2
41 11 2
2 20 2
42 10 3
4 68 1
73 6 3
21 28 2
53 86 2
47 38 2
50 34 1
35 68 1
2 33 4
29 88 2
43 13 3
9 37 2
87 31 1
49 77 3
30 70 2
48 70 1
63 47 2
92 5 2
73 11 2
97 99 4
56 2 1
62 31 4
47 0 2
6 15 2
0 30 2
84 86 1
73 86 4
6 13 1
17 68 3
56 92 4
71 8 3
28 65 1
97 5 4
19 99 2
62 10 3
85 67 1
67 91 3
68 75 1
53 72 3
81 76 2
20 85 1
51 68 1
1 84 1
2 43 3
70 81 3
75 92 3
43 27 1
90 19 1
61 12 1
60 79 4
9 63 2
29 54 2
79 34 4
84 49 2
8 68 1
95 51 1
50 60 3
28 17 4
31 80 3
3 50 3
89 4 2
86 8 3
72 63 3
11 36 3
22 38 2
16 15 2
17 13 1
99 7 2
52 79 4
55 31 1
76 80 4
66 85 3
45 96 2
4 49 4
3 14 3
54 13 3
9 89 1
39 57 3
47 45 2
60 6 4
21 22 1
86 37 2
65 25 2
41 10 2
80 40 1
27 71 2
74 86 4
15 89 3
41 12 2
26 9 1
29 43 3
58 62 3
88 49 4
45 88 3
92 22 1
88 89 1
21 44 1
58 79 4
52 94 4
81 51 1
70 61 1
54 30 4
29 69 4
66 90 2
76 61 1
9 14 3
46 50 2
50 70 3
20 31 3
78 75 4
22 4 2
20 95 2
55 79 3
89 51 2
82 33 4
19 96 4
29 86 3
24 78 2
80 58 2
30 97 3
94 95 3
71 53 2
22 63 4
36 46 2
48 85 1
51 37 3
17 5 1
60 82 3
62 3 4
72 31 3
78 82 1
25 74 2
30 4 2
50 33 4
43 6 4
84 76 1
19 55 4
10 11 1
9 32 2
2 58 2
52 31 2
37 98 4
52 54 2
47 54 2
86 93 3
76 19 2
52 40 3
36 52 2
20 61 1
68 82 4
52 1 1
19 89 3
47 44 4
47 43 2
24 80 1
74 1 2
97 84 2
30 19 1
76 57 2
33 90 2
81 38 3
92 23 1
16 80 2
62 11 4
77 5 1
86 28 3
5 99 1
2 42 2
52 17 2
71 11 4
35 90 4
55 49 1
21 45 2
37 87 1
21 92 2
0 90 1
40 95 1
98 13 1
37 65 4
56 97 3
74 3 1
6 1 4
98 85 4
81 41 4
50 89 4
4 34 2
72 88 2
84 25 1
66 68 4
12 79 3
88 6 3
24 98 2
54 42 2
3 83 2
58 20 4
85 14 3
26 13 3
46 61 4
32 48 3
42 56 1
99 53 3
26 38 4
83 21 4
5 39 2
85 18 3
59 13 4
48 6 2
39 16 1
46 72 1
9 13 1
28 62 1
9 12 3
50 61 4
29 94 3
28 58 4
4 18 4
79 39 2
9 42 2
66 71 4
55 18 4
80 8 2
53 37 1
88 15 4
62 49 1
78 55 4
30 46 1
59 63 4
90 3 4
78 70 4
9 92 4
59 49 2
60 1 4
69 42 1
32 90 4
82 38 1
72 78 4
38 4 3
65 85 2
82 66 4
66 13 2
3 20 1
61 99 1
89 13 4
7 81 3
68 48 1
1 28 2
16 63 3
52 80 3
54 18 3
36 37 4
9 94 1
13 21 4
71 15 3
77 55 1
66 39 2
58 43 3
11 29 1
80 72 4
81 17 3
12 40 2
38 89 2
72 30 3
11 39 1
54 17 1
34 19 3
58 41 4
86 33 1
35 11 4
81 58 2
20 23 3
68 15 1
59 70 1
22 94 3
33 14 1
97 68 3
94 30 4
37 73 4
16 66 3
81 21 2
79 61 4
70 33 1
40 81 4
91 92 1
33 20 2
0 84 2
40 48 2
50 94 1
83 97 3
31 85 2
91 22 3
63 3 3
87 72 2
37 82 3
33 45 1
78 61 3
40 98 4
53 10 3
92 20 2
14 58 2
34 59 3
74 14 3
78 56 2
66 55 3
83 48 3
22 85 1
69 92 1
53 70 1
15 76 4
25 57 2
96 41 4
1 10 4
24 32 3
85 5 1
23 13 1
93 97 3
12 53 2
20 65 4
86 20 4
56 59 1
37 13 1
17 37 4
90 39 2
4 84 3
95 64 4
93 17 1
40 59 1
88 7 2
51 13 3
47 72 4
15 61 1
7 89 1
36 32 3
4 51 1
2 52 1
46 84 3
17 73 3
44 61 3
6 64 1
85 16 3
92 88 1
29 62 4
30 33 3
12 72 4
5 54 1
26 95 2
7 52 1
6 39 3
42 58 1
2 28 2
19 88 3
94 84 2
85 56 3
60 41 3
46 74 2
70 49 2
12 56 3
84 53 4
59 92 1
19 37 3
50 36 2
83 54 4
70 3 3
90 60 2
34 74 2
11 46 1
51 57 3
94 1 4
47 49 4
74 9 1
92 10 2
76 30 1
7 75 3
87 91 1
5 7 1
51 58 3
7 92 1
34 17 2
84 80 2
6 31 4
79 70 1
41 15 1
27 78 1
64 42 1
46 37 2
50 45 3
64 27 4
94 61 2
59 19 2
61 74 1
21 11 4
59 2 4
65 47 4
0 91 4
84 93 4
49 83 2
74 65 1
18 37 4
32 98 1
7 53 4
50 32 3
56 81 4
7 80 1
99 73 4
8 47 4
95 41 3
26 99 2
23 21 1
13 64 4
85 40 4
42 19 4
48 34 2
77 87 4
27 7 3
64 78 1
40 19 1
65 27 3
47 67 4
68 90 2
17 62 4
22 65 3
49 29 1
57 87 4
69 73 4
9 76 3
93 18 4
67 93 4
10 82 1
97 55 3
57 41 1
50 43 4
7 59 1
70 96 1
87 7 4
86 2 3
15 40 1
39 61 1
66 89 1
97 65 4
81 30 4
71 81 1
11 9 1
27 37 2
37 62 2
60 39 2
75 72 3
3 28 4
42 65 3
96 57 1
94 89 3
47 91 3
87 96 1
1 59 1
92 1 1
28 34 2
47 42 2
29 81 1
75 59 1
80 25 2
74 37 4
96 38 4
91 55 1
72 96 1
21 24 2
43 92 2
94 98 1
50 54 2
67 51 4
19 13 2
43 71 1
37 32 2
69 80 1
85 47 2
7 47 2
65 91 3
9 6 3
68 31 4
97 22 1
23 49 4
38 77 3
38 86 1
91 96 3
54 68 1
88 67 4
25 11 2
49 3 3
57 13 1
61 84 1
23 30 2
34 14 2
25 59 2
96 22 4
67 82 2
93 48 3
14 71 4
6 62 3
71 62 3
4 78 1
87 45 1
76 63 4
45 66 4
56 72 4
95 98 1
87 61 2
5 65 1
12 63 1
64 46 3
26 46 4
8 45 3
88 28 1
80 32 2
60 53 3
31 59 2
10 30 2
19 91 3
32 25 1
33 3 2
69 57 1
11 79 3
77 22 4
56 61 3
24 46 2
79 77 2
12 25 3
11 24 2
64 96 4
92 68 4
19 53 3
36 67 1
45 85 4
48 13 1
95 70 2
45 56 4
48 63 4
88 25 2
5 20 2
75 99 4
42 26 2
95 58 1
12 2 3
99 11 1
27 34 1
94 37 3
40 8 1
82 62 3
40 41 3
92 53 4
86 27 1
56 93 3
65 40 2
5 74 1
37 15 3
31 36 2
37 39 4
47 52 2
49 2 1
49 20 4
48 28 1
94 39 4
31 46 1
60 54 2
1 16 4
2 10 3
45 72 3
0 31 1
93 66 3
88 66 2
94 31 4
35 58 2
58 89 1
9 18 2
18 21 1
63 35 4
44 86 3
74 40 2
8 82 3
55 64 4
81 25 1
32 40 4
74 31 4
11 4 1
27 93 3
26 33 3
31 44 3
14 30 4
50 11 4
55 15 2
22 29 4
46 53 1
96 26 2
19 52 4
60 64 3
87 40 2
55 22 3
49 97 4
97 46 3
54 11 4
91 93 4
12 42 3
28 26 3
29 31 3
8 23 4
86 17 1
92 19 2
0 18 1
14 55 4
91 97 1
52 29 1
53 58 4
42 73 1
77 75 1
38 50 1
39 71 3
4 13 3
27 32 1
99 98 4
3 55 1
63 34 4
49 46 1
80 62 3
49 13 3
19 78 2
63 45 2
46 76 2
67 96 3
85 39 1
20 16 1
40 33 3
64 57 3
9 3 3
97 1 3
25 3 1
45 41 3
34 44 4
4 82 1
1 73 3
63 61 3
82 31 3
41 62 4
76 98 4
3 48 1
83 30 1
86 12 4
53 40 4
76 38 4
74 58 4
43 96 3
94 8 1
0 67 3
73 5 3
89 22 4
76 78 2
10 38 1
8 4 1
14 51 2
93 12 3
19 23 1
86 99 1
90 65 4
44 42 2
54 66 1
41 52 4
57 6 1
65 24 1
71 5 1
77 64 1
77 11 1
89 29 4
72 91 4
32 5 1
53 87 3
62 87 2
70 47 4
78 89 2
42 83 3
45 68 4
49 87 2
78 49 3
55 58 1
95 7 3
17 42 3
88 23 1
66 74 3
38 13 4
13 0 1
39 86 1
64 54 1
87 86 4
3 84 4
90 85 2
15 3 2
99 70 2
60 31 1
18 92 1
38 25 4
6 71 3
31 13 4
31 76 4
92 41 1
81 13 2
97 62 4
51 75 4
81 52 1
81 8 1
24 89 3
84 22 1
48 31 2
51 76 1
16 62 4
24 60 4
90 57 4
11 6 4
21 34 4
38 57 2
36 0 2
92 89 2
72 20 4
99 58 2
11 84 3
11 43 1
84 64 3
24 55 4
24 95 1
69 82 2
72 27 4
9 28 2
44 68 4
51 44 3
77 48 4
54 45 2
19 26 4
37 12 4
50 86 2
64 62 1
12 16 1
59 48 4
70 21 2
3 46 4
24 88 2
37 60 3
28 51 1
86 90 4
46 52 1
20 36 2
16 23 4
24 94 2
40 3 4
46 67 4
66 69 1
59 87 1
10 66 4
2 38 3
85 25 1
33 51 3
27 89 1
6 65 3
74 48 4
65 4 1
71 65 3
91 16 4
18 73 4
89 55 3
27 16 3
56 96 2
79 90 1
82 11 3
85 92 2
57 46 1
34 75 1
56 58 2
41 26 3
17 33 2
5 47 2
79 3 3
8 39 3
72 22 4
84 62 4
62 33 1
63 71 3
24 22 1
18 23 4
61 73 2
37 71 3
82 61 2
95 73 3
73 94 3
39 29 1
36 82 3
28 27 3
73 58 1
2 50 4
16 69 2
70 83 4
96 47 1
79 64 1
31 25 2
27 90 2
45 69 1
53 3 2
86 6 3
54 93 3
70 17 2
8 35 1
31 27 4
84 35 1
76 44 2
88 35 1
33 37 4
16 30 1
66 9 3
40 94 4
58 37 1
3 7 3
40 58 3
9 8 3
2 14 2
18 89 4
97 81 4
32 99 4
44 77 4
81 69 2
66 92 3
59 83 1
7 63 4
97 70 4
17 89 1
82 58 4
7 65 3
58 32 3
81 61 2
74 68 3
19 7 1
64 45 1
44 36 3
16 0 4
30 45 2
64 58 2
96 49 2
34 32 3
30 3 4
42 72 2
56 67 4
86 36 3
66 48 4
9 91 4
33 68 2
65 33 3
74 72 1
41 25 3
88 68 1
88 60 3
11 31 4
0 10 2
2 11 3
69 54 3
90 37 4
7 98 3
40 71 2
88 70 3
86 76 2
27 99 3
75 52 4
85 43 2
53 28 2
64 8 1
96 21 1
57 7 1
75 87 2
31 33 3
27 6 1
43 59 3
45 23 2
11 45 3
73 66 3
65 61 1
99 29 4
63 66 3
40 56 2
43 89 4
7 72 4
60 74 4
40 50 3
91 33 1
4 90 4
45 10 4
52 71 1
99 71 2
71 46 3
64 5 3
10 65 3
59 52 1
92 80 4
20 39 4
13 69 2
43 70 4
22 33 2
19 49 3
57 59 2
22 88 1
33 8 2
15 42 2
68 16 1
53 88 3
96 2 3
32 49 2
36 33 1
62 8 2
9 29 1
43 45 4
7 21 4
27 24 1
32 94 2
94 66 1
24 82 1
36 62 3
74 63 1
59 99 2
74 97 1
8 79 2
23 68 3
73 45 1
95 53 1
87 79 2
4 24 3
81 91 1
48 9 3
32 41 2
44 35 4
2 74 3
81 86 1
74 80 1
61 64 2
11 34 3
95 38 3
51 69 4
0 77 2
53 13 1
35 0 2
72 5 2
8 97 1
68 25 2
15 73 1
61 21 3
0 82 2
45 58 4
15 2 2
82 46 2
54 24 1
81 95 1
84 2 1
87 9 2
14 22 2
59 9 3
69 53 4
51 97 4
65 63 3
48 58 1
70 63 1
18 59 1
87 14 1
12 82 3
7 14 2
9 25 2
76 79 1
85 69 2
0 55 1
47 68 2
82 22 2
24 35 3
86 25 4
65 84 1
1 22 4
24 77 1
53 65 3
41 76 4
79 66 3
35 79 1
47 97 1
89 14 1
10 68 4
15 79 1
3 87 1
31 30 2
90 6 4
0 25 2
53 8 4
31 56 4
51 1 1
91 42 3
15 87 1
65 75 3
19 80 2
6 38 2
72 19 4
94 41 2
23 54 1
1 96 4
36 77 4
84 74 2
93 5 4
79 48 3
34 91 4
4 7 4
91 51 1
33 48 3
26 67 2
93 49 2
76 67 2
62 47 1
77 68 4
14 52 3
24 47 4
97 66 1
9 4 3
47 99 2
42 40 4
76 17 4
93 82 3
34 46 1
13 70 1
64 17 3
75 20 1
55 69 3
58 1 1
8 69 3
22 42 4
37 85 4
50 67 3
57 0 2
74 38 2
8 25 2
90 69 1
75 80 1
13 41 2
5 14 2
15 39 1
5 98 1
20 8 2
41 68 1
17 51 4
44 79 4
69 52 1
53 30 3
52 0 4
86 85 2
44 54 1
24 17 3
15 35 2
35 10 2
11 64 2
88 96 1
41 65 2
5 94 1
69 14 2
93 79 3
9 40 3
84 10 1
2 5 1
23 89 1
58 27 4
94 67 3
31 78 3
30 99 1
80 70 3
69 78 4
4 91 3
29 24 4
16 25 2
14 6 4
99 48 3
12 19 4
35 23 3
95 21 1
33 80 2
72 21 4
87 13 3
33 46 3
1 62 3
21 9 2
7 50 2
1 2 2
23 99 2
60 27 2
35 12 1
44 82 2
4 40 3
9 0 3
55 72 4
14 50 4
72 6 1
44 17 2
9 83 3
75 13 4
76 73 4
22 74 4
95 4 2
23 60 3
6 20 4
82 85 4
3 2 2
57 66 3
10 80 2
98 77 2
29 60 2
68 96 3
26 29 2
71 57 4
64 16 4
24 19 2
41 44 1
47 34 1
78 94 4
23 80 3
85 12 2
86 18 3
18 2 4
2 78 4
99 36 2
23 17 1
10 28 1
53 1 2
18 53 4
43 46 3
15 92 2
67 35 1
12 36 1
40 46 1
65 49 1
8 84 3
63 79 2
97 61 2
53 36 2
46 4 1
61 30 2
5 45 2
31 21 1
38 93 1
74 54 2
5 75 4
36 69 3
77 8 4
15 34 1
56 57 3
4 39 2
27 47 3
30 58 3
99 38 3
31 89 1
4 28 4
19 79 2
63 43 4
60 68 1
19 45 1
43 20 4
8 74 4
32 60 2
54 78 1
51 65 4
61 86 2
61 9 1
49 54 1
90 14 1
60 52 3
55 40 2
60 98 4
21 69 2
2 41 4
49 1 3
48 72 4
73 79 4
42 35 1
28 81 2
16 65 1
31 4 2
53 33 2
47 83 3
60 63 3
23 37 2
3 76 4
80 37 4
50 57 1
87 27 4
69 22 2
12 8 1
9 46 1
47 86 1
41 66 2
90 48 4
47 73 4
53 5 1
25 42 3
78 98 3
32 87 3
74 62 1
57 40 4
52 35 4
91 85 1
85 32 4
10 58 3
68 18 1
70 40 3
58 13 1
72 2 4
87 23 1
18 91 2
67 86 3
52 5 1
54 98 4
72 9 3
75 95 4
33 75 2
38 18 4
86 31 4
38 83 3
90 13 2
86 82 3
87 17 4
13 86 4
72 90 3
36 59 2
91 50 2
95 10 2
96 4 3
48 84 1
26 64 3
15 82 3
93 31 1
41 16 4
50 85 1
63 11 2
1 56 3
90 82 3
55 1 2
25 78 1
42 5 1
61 68 4
78 41 4
57 17 1
63 44 2
54 55 1
4 81 1
24 56 1
85 0 4
12 17 4
77 12 3
83 67 3
32 29 3
30 41 1
20 37 4
18 97 3
92 71 2
94 85 4
7 46 4
47 23 3
79 98 1
78 29 3
63 40 4
66 81 1
19 35 4
82 70 1
22 39 2
33 55 2
66 36 3
21 50 4
98 92 4
60 67 3
85 58 2
36 27 4
0 64 2
94 43 4
26 43 4
21 86 3
44 78 4
3 65 3
25 6 1
95 31 1
67 10 2
85 95 2
49 0 2
83 57 2
90 38 1
99 9 4
28 82 2
59 17 1
18 88 4
50 84 4
0 75 1
25 97 3
60 21 1
90 70 4
8 5 2
70 57 2
56 21 3
81 42 4
8 49 1
52 57 2
79 72 3
56 38 4
62 60 2
48 37 3
71 98 4
96 61 3
32 52 2
29 51 1
64 4 4
80 94 2
19 11 2
99 4 1
75 29 1
26 3 4
70 56 2
89 39 1
50 44 1
74 4 4
34 38 4
16 93 4
6 17 1
37 56 4
2 9 2
3 73 4
46 77 2
37 44 1
4 25 2
4 80 1
95 57 2
26 39 3
73 26 1
52 89 1
61 95 4
8 99 1
77 7 4
70 85 4
51 47 4
48 25 2
55 41 2
54 70 4
98 48 2
95 0 1
69 7 2
32 10 1
44 97 2
97 23 2
67 70 4
83 11 1
25 82 2
29 56 4
93 87 3
22 76 1
12 66 3
39 51 1
90 54 3
66 8 3
11 67 4
68 93 2
96 73 2
58 34 2
82 7 3
3 86 2
19 83 4
62 91 4
35 83 3
49 80 2
41 70 2
64 51 3
74 77 4
85 1 3
12 24 1
43 36 3
81 53 2
33 39 3
33 52 2
53 6 2
3 92 1
24 36 3
47 46 2
11 57 1
74 30 3
71 12 1
80 91 1
65 55 3
69 61 3
0 98 2
34 87 4
97 60 3
56 86 4
2 54 1
14 12 2
56 6 4
64 67 4
29 73 4
18 35 2
24 26 4
85 61 4
57 15 2
54 27 3
76 20 4
16 28 3
31 54 2
91 88 1
80 82 4
78 88 1
97 90 1
80 29 1
80 38 2
55 28 4
89 12 2
61 11 4
65 89 1
22 68 3
91 83 2
76 36 4
82 84 1
99 62 4
17 31 3
57 1 4
67 48 4
41 20 2
67 98 3
41 18 1
84 99 1
15 85 4
18 15 1
25 99 2
69 12 4
92 57 3
77 59 2
4 54 3
25 43 2
19 66 3
42 62 2
19 41 2
24 75 3
86 59 2
12 45 3
11 94 3
23 64 2
71 54 3
87 95 1
59 51 3
66 23 3
78 57 2
81 94 1
69 75 1
60 56 4
59 30 3
85 74 4
95 80 2
3 18 4
72 85 2
90 62 2
19 14 4
72 3 2
85 44 4
37 11 2
46 35 3
35 32 3
6 59 1
97 38 2
44 58 2
15 84 1
31 14 3
70 69 2
5 58 3
5 19 2
98 69 1
35 59 2
25 51 1
37 63 2
15 14 3
48 35 2
84 6 2
97 96 3
2 7 3
59 89 1
64 83 2
54 7 3
74 7 4
17 18 1
21 57 2
65 94 2
48 60 2
70 98 3
43 40 1
43 76 3
83 15 1
29 92 3
16 88 1
18 87 2
50 82 2
55 73 3
97 57 4
32 2 3
47 28 4
69 74 2
65 39 1
23 50 4
80 78 2
87 36 3
54 72 4
46 5 2
46 62 3
39 92 4
36 38 4
76 62 3
45 74 1
68 29 2
93 23 4
45 4 2
18 56 1
75 96 2
69 20 3
95 86 3
51 50 2
8 7 1
55 96 3
52 61 2
20 27 4
70 66 2
21 3 3
62 75 3
93 45 2
99 76 1
58 25 4
84 57 1
69 18 1
53 24 4
44 75 1
95 62 1
74 36 4
72 39 2
52 28 2
76 85 3
70 64 1
91 31 3
85 51 3
14 88 2
93 64 1
36 13 3
22 36 1
28 38 4
63 50 4
77 56 1
21 55 4
81 74 2
61 35 3
84 69 4
36 2 4
8 76 2
74 23 4
20 9 4
3 54 4
99 24 1
76 54 4
36 8 4
40 22 4
31 84 4
89 11 1
80 50 2
7 40 2
37 14 4
4 72 2
18 40 2
31 92 4
26 93 2
41 63 3
76 5 3
80 90 1
89 45 4
62 5 1
66 46 2
96 63 2
59 93 1
3 1 2
5 88 2
48 50 4
48 80 4
69 46 4
77 89 3
45 55 1
42 63 4
50 12 2
1 50 3
66 51 1
47 4 3
86 92 2
78 48 1
81 82 4
19 15 2
36 26 3
35 20 2
96 28 3
81 54 3
38 15 1
56 3 4
6 97 4
37 41 2
71 80 4
18 72 1
51 99 1
5 22 3
35 6 3
55 11 4
43 23 1
37 83 4
47 94 1
22 95 1
27 5 4
1 81 1
92 25 4
20 7 1
97 0 2
43 4 2
6 54 4
64 71 3
26 82 3
52 93 3
15 53 4
1 38 3
89 28 3
10 23 4
65 18 3
97 59 1
73 33 3
85 26 4
17 30 2
77 73 1
46 59 3
64 10 3
76 58 1
20 57 4
84 47 1
49 26 1
88 84 4
28 61 3
79 10 3
63 46 2
11 5 1
42 60 3
28 24 1
56 8 3
2 69 2
82 19 4
17 25 1
33 6 1
38 75 3
59 55 1
7 91 3
22 58 1
14 29 2
17 14 2
26 81 2
84 70 4
93 13 1
81 68 1
5 10 1
78 40 1
65 34 4
45 95 3
64 24 2
54 62 3
0 26 1
6 58 1
96 8 1
94 13 4
33 19 3
23 36 3
63 84 1
34 41 1
1 33 1
19 63 3
59 41 1
82 48 4
60 22 4
70 12 1
69 40 2
56 90 1
16 40 4
35 25 1
90 87 4
57 48 4
6 68 3
52 21 1
90 51 4
73 54 1
1 71 1
63 81 4
12 65 3
78 71 3
79 71 1
98 50 1
73 78 2
27 41 2
66 22 3
71 24 2
33 29 1
67 61 3
45 39 4
38 49 2
78 92 1
51 72 1
69 71 3
9 65 1
68 21 2
27 66 4
95 96 2
89 32 2
8 61 2
17 90 4
82 40 1
18 7 4
15 17 3
86 68 2
10 44 4
67 43 2
46 60 1
67 6 2
94 33 3
86 54 4
79 24 4
38 0 3
35 55 3
1 7 1
95 55 1
34 62 1
96 40 4
38 23 2
97 85 3
85 64 2
57 53 3
77 35 1
38 29 2
36 83 2
13 40 4
44 56 3
29 4 1
41 14 3
34 5 2
81 33 3
14 61 4
10 60 4
32 39 2
21 63 4
51 73 1
30 62 3
11 96 2
62 79 3
73 85 4
9 77 4
30 22 3
87 99 1
75 84 4
55 36 1
38 54 1
56 28 1
35 39 4
3 38 2
58 65 4
42 59 3
69 32 3
71 72 3
43 97 3
75 46 1
54 15 4
82 18 2
94 86 4
42 32 1
38 58 3
62 66 2
82 95 3
46 86 4
62 51 3
66 28 2
17 35 4
80 86 3
32 82 3
22 70 2
22 49 1
34 78 4
90 89 4
24 84 4
3 41 3
13 12 3
44 52 4
45 52 4
98 86 4
44 66 4
70 38 3
74 18 4
99 37 2
98 29 3
26 5 3
93 9 4
68 36 1
89 36 1
84 38 2
5 96 4
27 96 2
26 20 1
11 44 2
79 7 1
52 64 3
50 18 1
77 51 4
98 14 4
11 76 3
42 77 1
17 45 4
16 87 1
82 6 1
42 23 2
46 44 1
15 20 2
18 30 2
62 88 4
82 45 1
32 26 2
69 27 4
3 32 1
11 8 2
21 91 4
1 64 2
87 38 3
35 53 1
22 90 3
48 27 3
65 62 3
95 11 1
35 40 1
63 5 1
94 60 4
12 10 2
99 92 4
48 61 3
88 94 3
64 59 3
28 32 2
58 9 4
56 82 4
61 4 3
79 88 4
92 14 3
18 20 4
9 36 3
58 86 4
21 93 4
21 14 3
93 1 3
34 98 4
51 11 1
70 14 4
57 73 1
12 18 4
41 93 2
50 52 4
3 77 3
3 80 3
56 7 3
34 88 1
18 42 4
39 77 3
83 20 2
63 68 2
27 0 2
7 85 3
25 1 4
62 19 2
68 99 4
22 12 2
64 30 1
92 37 3
98 15 3
24 25 4
91 17 2
26 68 4
96 93 4
1 66 1
18 63 2
90 61 1
74 13 3
69 68 2
3 44 2
6 94 2
29 15 3
67 72 2
6 61 1
39 49 1
37 89 4
75 64 1
15 24 1
48 56 3
35 94 1
51 84 2
52 95 3
35 54 3
30 26 1
43 19 1
80 60 2
6 7 1
2 27 3
17 88 2
2 92 1
99 42 2
2 83 2
15 86 2
39 80 2
98 66 4
38 17 3
23 55 4
26 94 1
73 89 2
83 4 4
52 86 4
21 41 1
19 50 3
34 35 2
45 36 3
52 99 4
91 86 3
84 56 4
99 17 1
48 38 1
70 94 1
86 79 3
76 23 1
14 36 1
71 48 3
91 36 3
92 87 4
74 20 2
53 78 1
79 13 2
72 8 1
92 64 4
93 30 2
9 56 4
56 16 1
38 72 3
3 36 4
95 72 2
91 90 3
19 85 4
11 87 4
45 79 2
88 2 4
87 4 1
49 57 1
58 87 4
71 13 2
4 75 3
19 28 3
59 88 4
31 90 3
82 43 2
15 27 3
53 29 1
82 2 1
5 13 4
44 69 4
76 70 4
83 25 3
21 97 1
44 81 2
97 12 1
36 30 3
9 1 1
31 99 4
35 86 2
14 28 4
2 61 1
50 78 1
35 43 2
86 57 4
27 22 3
74 90 3
38 73 1
14 35 2
42 67 1
25 75 4
13 65 3
72 89 3
32 13 1
11 97 1
93 80 4
53 42 3
19 75 3
