4950 100
0 95 5
0 12 9
12 73 8
95 25 1
95 31 7
12 65 7
0 19 2
31 87 2
12 26 2
87 57 8
19 85 7
87 24 2
25 72 3
73 61 5
0 98 3
24 49 8
98 60 3
0 92 8
87 33 3
87 29 8
95 5 1
73 32 4
85 94 5
5 79 3
92 63 2
32 58 7
73 16 5
60 70 2
19 2 9
73 64 3
16 52 2
85 1 8
70 46 5
32 90 6
25 59 9
63 81 8
70 68 2
68 97 2
85 22 5
16 23 9
70 4 6
68 13 9
29 27 8
95 39 6
39 84 3
52 91 9
25 78 1
94 20 3
97 56 3
58 96 4
61 77 7
77 53 3
26 50 3
63 38 2
68 54 3
2 40 1
1 6 5
23 62 8
49 55 7
33 14 1
16 47 2
40 11 7
26 17 3
6 41 1
32 82 7
59 42 4
11 89 4
49 69 7
2 34 1
62 75 6
55 80 9
52 51 6
38 99 1
41 43 6
50 18 2
29 21 3
75 37 5
6 88 2
31 66 9
69 9 6
82 48 5
91 44 2
6 10 8
44 35 7
61 76 4
25 71 2
79 3 2
70 86 2
56 28 1
81 36 7
11 30 1
43 8 2
19 7 5
92 45 1
13 74 5
92 67 1
55 83 6
53 93 6
65 15 7
63 6 1
16 62 4
60 38 2
36 82 3
5 15 1
8 95 3
6 53 4
28 94 2
43 16 2
85 0 1
8 50 2
30 66 2
27 84 4
2 18 2
9 81 2
35 74 1
16 64 1
39 72 4
4 65 4
18 83 4
89 41 3
12 99 2
95 32 3
40 95 4
36 98 3
62 25 2
46 16 3
93 29 3
61 80 3
54 4 4
82 16 3
60 21 2
91 99 2
22 56 1
74 26 1
82 14 4
94 90 1
44 32 3
53 30 3
15 7 1
65 3 1
38 0 1
87 59 4
27 6 1
83 81 2
7 57 2
39 65 3
71 94 4
24 58 2
36 4 1
98 82 1
69 53 4
66 75 3
79 67 1
6 38 4
33 76 2
28 30 2
21 25 1
77 1 4
85 52 2
29 25 1
54 49 3
93 16 4
92 72 1
66 22 2
1 34 2
97 93 1
18 8 1
26 83 2
15 39 1
71 6 2
22 31 2
34 51 3
31 92 3
39 75 1
78 53 1
24 93 1
56 77 4
75 6 1
62 79 3
9 33 4
5 74 2
8 17 1
88 59 4
19 27 2
42 51 1
95 28 3
97 11 4
32 50 1
69 16 1
10 96 3
28 61 4
45 53 1
98 62 4
65 87 1
95 88 1
34 99 2
0 71 3
21 79 3
60 49 4
51 29 1
2 27 4
48 72 3
3 35 4
80 9 1
75 32 4
65 58 3
11 24 1
49 86 1
39 11 2
18 0 1
0 89 1
77 34 3
44 90 4
54 40 4
46 42 2
87 3 3
36 80 4
6 9 4
22 26 2
71 54 2
59 23 4
41 42 3
78 77 4
47 57 3
13 59 2
73 66 1
58 35 2
8 77 4
89 62 2
18 60 2
67 74 3
11 94 4
64 82 2
21 18 2
98 69 3
17 45 4
81 38 2
88 43 4
90 96 1
99 98 1
47 91 4
32 36 3
89 95 3
67 81 1
56 94 1
65 71 4
71 52 3
61 6 3
47 7 1
91 33 2
84 12 4
98 27 4
74 15 2
73 33 2
3 81 4
98 88 4
66 45 4
20 58 4
87 64 1
23 27 4
80 6 4
16 35 1
37 72 3
64 41 1
66 40 4
88 25 4
78 64 3
96 42 4
56 17 2
0 11 3
11 49 4
17 70 3
87 49 3
3 43 1
98 57 1
34 32 1
65 44 3
7 75 2
63 44 4
61 60 4
28 2 1
5 24 4
55 53 3
58 49 1
43 82 4
23 54 1
59 52 2
7 16 3
23 19 3
39 2 4
12 62 1
58 22 4
69 74 3
78 54 4
11 36 1
4 38 2
60 39 3
64 28 2
39 63 1
89 49 4
70 71 1
4 15 1
34 75 2
26 89 3
38 88 1
25 70 1
58 47 2
7 22 4
2 78 3
16 67 1
62 63 4
99 53 1
22 70 3
42 34 4
19 95 4
53 25 3
22 3 2
21 54 4
12 93 3
7 56 3
91 34 3
14 49 2
89 82 1
76 81 4
19 22 2
35 21 4
94 44 4
97 35 1
71 93 1
28 86 4
49 34 1
98 64 1
65 80 3
77 3 1
61 11 2
52 17 4
80 88 2
28 92 2
94 6 2
42 16 2
69 30 2
3 75 4
44 3 3
20 96 4
71 14 2
0 78 4
35 99 1
38 43 4
41 15 4
15 67 2
86 4 2
13 43 2
20 33 3
6 14 3
12 1 2
82 92 1
10 61 1
36 68 4
10 55 2
18 38 4
49 95 4
61 7 3
64 68 1
50 19 1
62 3 1
24 37 4
95 45 2
15 93 4
37 61 4
22 14 2
76 54 2
88 66 2
81 96 3
23 20 4
25 74 3
39 19 1
33 72 2
76 90 4
44 39 4
30 64 4
12 16 3
67 71 2
25 31 3
22 60 1
68 37 4
10 57 4
83 39 2
93 75 3
64 42 1
38 46 3
36 89 3
95 30 4
68 41 3
17 41 4
10 88 4
36 29 1
71 73 2
11 51 2
25 30 4
31 67 4
61 50 1
77 39 4
3 40 4
23 33 4
4 35 1
44 27 1
30 32 2
83 54 4
13 80 3
38 93 4
7 18 3
65 90 4
68 3 4
98 42 4
34 80 2
36 47 3
80 94 2
8 96 3
17 73 3
5 17 1
77 62 2
65 31 4
47 88 3
17 54 4
64 39 2
91 71 1
60 15 2
93 99 4
91 24 3
15 82 4
0 56 4
87 93 3
37 89 1
94 41 2
5 9 2
10 23 3
68 67 1
25 85 1
84 83 4
29 0 2
58 3 3
66 82 4
46 73 3
40 62 3
84 46 3
48 75 3
43 59 2
8 37 1
43 64 4
96 92 2
3 37 1
73 60 4
41 44 1
35 72 3
3 47 2
32 91 4
58 76 3
87 84 3
20 64 1
85 12 3
69 27 1
55 41 2
46 90 3
12 36 3
87 22 3
42 1 2
33 98 3
37 59 2
16 79 1
56 42 4
49 72 3
65 26 2
44 96 1
48 46 2
76 11 1
18 97 3
38 90 1
48 88 2
89 72 2
54 33 4
17 87 1
25 46 1
69 45 4
73 20 2
65 94 1
49 75 1
18 46 1
3 7 1
82 55 2
12 22 2
20 65 3
48 19 2
52 23 2
69 86 3
61 48 3
44 1 2
81 14 4
91 29 4
69 47 1
35 24 3
48 58 1
32 48 1
85 27 3
88 89 4
70 38 4
61 69 1
96 99 2
93 80 2
38 33 4
69 32 3
86 9 4
45 62 1
90 47 2
21 76 3
12 52 4
46 97 4
78 48 4
28 29 1
52 10 2
7 81 4
9 52 3
43 98 2
46 51 4
26 53 4
52 80 2
90 61 2
59 15 4
13 75 1
6 66 3
46 81 2
93 22 4
4 57 3
5 16 1
59 69 3
14 26 3
29 50 4
60 85 3
71 68 3
35 87 4
52 95 3
41 31 2
76 40 2
91 3 3
14 46 3
90 22 4
77 83 1
25 67 1
47 73 2
29 73 3
24 63 3
28 38 2
85 3 3
13 41 4
63 29 1
24 78 2
66 96 1
12 4 3
68 93 2
89 39 3
76 71 2
98 68 2
79 86 3
90 7 2
86 61 2
42 57 3
2 66 2
14 12 4
57 52 1
77 72 2
37 27 2
12 45 2
16 2 4
83 59 2
65 36 1
84 65 3
60 47 2
21 59 2
44 14 1
98 7 2
66 57 3
25 8 3
97 47 4
99 82 4
50 6 3
46 87 2
9 18 4
30 55 1
23 0 4
56 6 2
45 18 4
74 29 1
80 53 3
59 51 4
76 30 1
15 46 4
86 36 1
2 54 1
56 32 3
34 4 4
19 91 2
58 60 2
51 72 3
8 62 2
34 76 2
3 20 2
37 54 2
12 63 1
84 58 3
80 51 1
45 30 3
77 75 4
67 61 4
22 82 1
5 10 1
80 37 1
20 31 2
33 19 1
70 21 2
13 77 2
92 70 4
51 44 4
51 61 2
36 73 3
10 30 3
86 47 4
43 6 1
97 43 1
67 51 4
4 98 3
30 73 3
60 19 3
33 59 3
77 38 3
74 28 4
31 16 4
79 68 1
73 79 4
72 16 1
5 34 1
30 20 1
98 25 2
82 57 1
90 27 2
66 74 3
28 27 2
16 18 4
20 63 2
23 93 4
25 63 4
39 8 4
56 21 4
87 74 2
83 90 1
57 37 1
83 73 2
6 42 1
52 39 1
26 18 1
10 27 2
78 46 2
72 95 2
48 16 4
7 60 3
20 28 4
95 60 2
0 60 4
0 99 4
29 45 3
93 77 3
43 21 1
96 46 2
75 21 3
19 88 1
34 82 3
68 56 4
69 66 3
23 44 4
10 13 2
90 75 1
68 7 1
20 54 3
61 2 2
6 64 2
76 16 2
17 44 2
14 29 2
6 65 2
99 92 2
97 30 2
59 94 2
63 2 4
94 76 2
17 95 2
5 21 2
36 85 4
86 12 1
28 55 1
55 22 2
46 10 2
57 81 4
18 37 1
10 35 3
18 49 1
92 43 3
59 32 2
21 2 2
89 34 2
44 75 3
48 5 2
86 21 2
84 19 1
78 20 2
51 26 1
76 0 4
65 33 2
96 47 4
8 20 1
33 97 4
2 24 3
77 33 2
90 42 1
99 79 2
0 32 1
95 61 4
10 28 3
80 96 3
41 8 2
66 33 2
8 58 4
48 29 4
44 77 3
34 19 2
15 83 1
28 78 1
29 95 1
58 12 1
29 76 1
23 69 4
52 90 1
78 27 1
13 33 1
85 88 3
24 55 1
44 47 4
79 77 2
75 27 2
33 42 2
26 42 4
69 90 4
80 31 2
84 25 4
17 91 1
50 44 4
7 76 1
89 33 1
57 8 2
14 86 3
22 52 2
14 5 1
56 87 4
3 12 2
75 28 1
80 11 4
89 3 3
92 12 4
74 65 4
59 12 1
4 87 3
39 93 4
22 42 2
85 51 3
26 6 1
96 30 2
60 11 3
17 72 3
47 71 3
74 44 3
85 50 3
89 18 3
84 5 1
42 63 3
25 51 3
15 96 3
92 18 2
79 55 2
39 92 1
26 93 2
99 20 1
6 2 3
89 8 3
66 23 3
75 98 1
2 37 4
78 86 2
80 29 4
14 40 2
67 56 2
46 6 3
17 68 1
40 91 3
27 88 1
79 56 2
42 9 1
46 77 4
17 86 2
27 42 3
27 71 2
7 8 4
74 78 2
20 10 4
51 39 4
73 22 3
49 35 1
29 18 4
66 3 4
53 41 3
3 88 2
94 74 3
47 15 3
16 94 3
32 61 2
83 25 1
30 88 2
2 95 3
40 61 1
95 71 3
43 52 1
64 80 3
59 5 3
57 19 3
60 29 1
38 69 1
48 17 2
81 55 3
1 45 2
79 33 3
41 27 4
49 6 4
99 71 4
24 34 2
38 29 3
26 78 4
82 76 1
78 19 1
71 23 3
57 56 2
28 22 1
82 20 4
71 34 2
91 4 1
50 46 3
90 70 1
96 69 4
14 75 3
99 23 2
26 39 1
16 41 1
10 54 3
45 5 4
89 48 1
42 40 2
74 24 4
25 1 1
37 67 4
24 19 1
36 33 1
85 69 3
13 27 2
77 91 3
61 59 2
36 75 1
44 31 4
4 5 1
29 57 1
79 71 2
60 35 1
98 22 3
87 48 1
14 43 3
40 64 4
42 55 4
83 21 3
70 74 4
39 22 3
8 91 1
13 92 1
30 86 3
71 44 3
35 9 2
7 52 3
21 39 3
69 4 3
20 69 3
28 50 1
28 48 1
5 87 1
18 66 2
2 5 3
97 64 3
29 8 4
43 30 3
86 59 4
31 63 3
84 28 4
12 7 1
21 99 4
16 53 3
61 63 1
19 77 2
5 46 1
10 50 1
90 41 2
93 79 2
86 24 2
58 4 4
15 44 3
36 5 3
67 85 3
80 66 4
67 21 2
84 0 3
66 13 2
61 5 2
95 11 4
55 36 2
12 80 4
6 3 1
17 58 2
2 43 2
83 36 2
3 99 1
69 75 2
39 55 2
61 57 4
85 75 3
89 80 3
61 8 1
11 47 2
72 12 2
32 15 1
43 39 4
58 5 4
44 34 2
56 36 2
57 16 4
24 21 1
13 3 2
12 17 1
91 96 1
77 96 2
87 41 3
33 51 2
27 31 4
89 29 4
15 63 1
87 28 4
18 1 1
2 51 4
44 10 4
74 43 2
10 58 3
15 17 4
84 79 2
88 29 1
84 53 2
4 85 1
94 39 1
15 10 4
84 22 1
57 49 3
91 56 3
91 16 3
77 97 3
53 89 3
91 38 4
9 73 4
55 20 2
82 95 2
44 83 3
71 62 1
4 97 4
0 83 4
77 15 3
95 16 4
30 39 3
44 4 2
38 16 3
22 77 1
87 13 2
80 22 2
38 20 1
62 70 2
81 5 1
70 72 4
64 47 2
34 11 1
99 41 3
40 4 1
86 63 4
39 24 4
18 48 1
37 96 1
13 14 2
50 53 2
13 49 1
26 75 1
9 34 4
23 22 4
69 50 4
67 18 1
50 45 2
7 67 4
7 14 3
87 27 4
91 2 4
99 14 2
16 81 2
57 85 1
62 26 1
57 38 2
55 92 2
27 61 4
11 45 2
66 63 4
20 57 3
28 24 4
43 15 1
85 28 2
51 6 2
54 26 4
70 28 1
76 75 4
56 65 2
24 1 4
14 93 3
22 74 3
37 70 2
83 6 2
33 18 3
34 13 2
88 16 3
88 4 4
21 0 2
16 10 4
23 63 4
72 18 3
74 95 4
96 35 4
57 72 2
55 73 3
33 43 1
36 58 2
36 8 3
71 29 2
28 66 3
91 55 4
89 4 2
49 67 1
36 97 1
82 84 2
6 86 1
92 2 1
52 70 3
12 34 1
94 95 4
14 61 3
93 2 2
63 54 3
70 76 2
67 45 3
29 97 3
5 94 2
56 15 4
21 22 2
83 9 3
52 94 3
80 0 1
52 61 1
59 17 3
20 43 2
53 35 4
34 86 2
88 91 3
50 24 3
21 11 2
92 68 3
67 10 1
58 80 3
11 41 4
97 63 3
32 60 1
42 65 2
57 23 3
42 95 3
14 8 4
28 42 1
3 71 2
11 71 4
60 14 4
97 16 2
35 31 2
61 3 2
63 37 2
16 75 3
0 47 1
61 34 3
79 17 4
91 37 4
79 4 1
14 66 4
72 94 1
40 37 2
84 63 2
70 9 3
3 95 4
27 49 3
55 33 2
51 95 3
14 57 4
54 6 1
9 56 4
41 19 4
28 65 1
29 11 1
16 1 4
33 21 2
61 35 2
37 14 2
87 78 4
32 35 4
40 80 1
36 1 4
18 99 3
66 39 4
72 43 3
20 32 2
6 59 1
51 37 3
28 19 2
8 72 3
97 82 3
80 8 4
79 46 2
42 49 3
6 99 3
37 48 2
9 94 2
28 63 1
17 33 4
76 67 2
95 20 2
20 80 1
88 11 2
69 6 1
43 77 3
58 91 4
95 75 4
50 67 2
51 77 2
76 2 2
12 8 3
89 45 2
78 23 3
53 39 1
47 13 4
1 79 2
36 44 1
19 98 3
43 23 4
42 72 1
13 38 2
44 97 2
25 82 1
75 40 1
51 68 1
5 47 2
51 24 4
14 23 1
9 67 2
28 43 4
4 17 1
9 49 2
25 16 4
25 58 3
49 83 3
98 12 2
43 56 4
16 28 2
1 70 3
35 12 1
99 58 1
78 22 4
19 44 4
88 41 3
4 24 1
89 47 1
93 70 3
57 94 1
27 34 2
25 68 4
18 73 4
25 97 2
97 71 3
99 32 4
74 82 2
73 40 4
58 83 3
58 74 1
44 30 4
2 59 3
8 22 1
57 21 1
68 83 1
92 46 1
74 32 2
79 74 1
5 8 2
57 5 1
55 9 2
14 19 2
43 0 3
41 21 1
43 5 2
92 41 2
25 6 3
63 68 3
11 64 4
76 93 3
13 71 4
82 80 1
21 8 4
72 40 2
93 7 3
37 83 1
92 60 4
96 54 3
1 11 4
24 82 3
46 28 2
44 26 2
66 12 1
98 11 1
47 82 4
21 72 1
75 78 2
65 86 3
62 65 1
24 12 2
4 31 4
54 1 4
48 86 3
80 2 3
20 5 4
20 26 1
54 47 4
88 74 2
18 84 1
62 73 4
72 79 1
85 66 1
15 57 1
64 0 1
64 1 3
94 35 3
0 63 3
63 80 4
22 32 2
96 50 2
40 65 3
55 70 2
49 70 2
2 15 2
61 39 3
99 47 1
72 29 4
37 92 1
6 48 4
20 45 1
2 81 3
19 35 1
79 78 1
62 55 1
78 47 3
93 34 2
79 81 3
78 5 3
1 83 4
25 49 3
72 91 3
81 99 4
73 51 1
96 70 4
87 36 4
52 37 3
95 34 3
2 53 3
30 78 4
48 1 4
76 92 4
67 57 3
9 27 4
55 19 2
63 94 2
49 46 3
5 63 3
35 52 1
53 28 2
3 69 4
62 36 2
2 62 3
26 37 1
65 9 3
67 40 1
52 8 1
45 78 3
1 35 3
77 58 2
84 6 2
27 93 4
4 55 1
70 85 3
5 71 3
50 1 2
9 10 1
35 23 2
32 37 3
23 97 3
68 50 4
81 37 3
93 83 1
44 12 1
78 50 4
59 39 1
72 71 2
73 75 2
53 65 1
18 25 4
97 48 3
41 60 1
22 81 4
87 1 2
64 13 1
33 15 1
67 38 3
4 51 1
68 72 3
70 78 2
11 74 4
1 72 1
92 29 3
97 90 2
42 94 4
6 24 1
87 23 2
80 48 1
59 76 3
46 69 1
84 1 4
40 5 1
60 80 2
8 85 4
75 72 4
68 44 4
53 46 3
54 34 1
91 50 3
83 60 1
23 88 4
29 96 4
57 34 1
17 97 2
14 98 2
51 18 1
41 3 4
42 93 2
65 11 2
36 77 1
80 91 3
39 1 1
18 56 2
77 99 1
98 40 3
97 55 1
89 38 4
4 41 3
9 19 2
52 30 1
7 0 1
96 49 2
69 39 4
24 54 4
23 89 4
51 88 3
4 14 1
36 91 4
38 32 3
98 86 3
21 7 1
93 20 3
41 58 1
13 54 3
11 58 3
50 76 3
35 37 4
19 81 1
94 50 2
33 32 4
85 63 2
86 37 1
38 15 3
67 64 4
5 64 3
99 51 4
81 24 2
90 63 3
89 13 4
78 8 2
21 46 3
96 41 1
63 26 1
91 39 2
40 8 1
68 73 2
89 52 4
98 67 3
6 21 4
96 76 4
44 5 3
35 8 3
4 48 4
35 0 2
84 3 1
24 76 2
33 80 4
31 18 3
58 23 4
77 21 4
99 56 4
28 26 2
80 75 3
96 48 2
11 12 3
56 98 2
10 89 4
72 31 3
10 47 2
85 29 1
75 42 2
76 18 1
74 98 3
42 19 3
51 71 1
27 83 4
7 33 1
68 35 3
85 48 2
55 37 3
71 89 3
41 59 4
82 52 1
3 53 2
38 78 1
52 62 4
58 6 2
63 33 2
90 0 2
65 21 4
69 88 1
41 39 3
83 87 1
27 81 1
56 52 4
91 5 1
16 45 4
46 37 2
16 26 1
76 27 3
60 31 3
81 11 1
30 54 2
17 83 4
21 96 1
56 47 4
55 32 1
19 46 1
48 79 2
45 8 3
36 52 1
74 75 3
51 74 1
76 99 2
84 10 4
73 8 2
37 28 4
30 51 2
77 9 3
91 53 1
40 22 3
16 54 3
15 53 1
61 85 3
69 43 2
30 70 4
82 81 2
23 36 3
23 25 3
52 1 2
62 4 2
85 53 2
81 42 1
94 27 4
50 98 3
77 74 2
22 83 4
1 51 1
38 95 3
67 86 2
66 68 3
63 47 2
25 43 3
38 8 3
48 50 2
2 82 1
14 69 2
13 2 4
77 63 4
77 50 2
19 79 3
13 63 2
32 24 3
48 31 2
66 43 4
85 83 2
23 45 3
91 94 3
20 70 4
56 39 4
94 0 2
25 7 4
68 60 4
88 32 4
57 74 4
57 53 4
45 63 4
33 10 1
91 65 2
9 68 4
71 60 3
70 26 4
45 41 2
45 32 4
61 83 2
94 62 3
69 37 2
41 10 1
21 31 1
19 92 4
84 38 1
20 85 1
79 75 2
16 17 1
88 20 3
87 95 3
87 98 1
73 0 1
98 38 1
78 10 3
28 60 2
75 10 2
82 19 3
86 31 4
13 31 2
64 69 2
42 84 3
27 86 3
27 68 2
65 18 1
15 69 3
2 14 2
34 0 1
61 33 2
37 42 2
87 80 1
94 10 4
32 85 1
21 53 3
45 0 4
95 64 4
49 19 4
57 36 3
92 1 3
88 64 4
14 38 3
84 62 2
23 7 2
54 72 4
67 94 4
99 83 2
18 39 1
37 71 2
65 97 3
68 84 2
91 11 1
92 33 2
41 91 2
89 44 1
48 51 3
83 43 3
85 42 2
28 62 4
26 5 4
82 3 3
33 90 2
83 70 1
24 79 4
5 35 4
4 19 2
97 38 4
99 46 4
60 54 3
85 65 1
15 64 3
5 1 1
54 14 3
39 50 2
13 99 1
37 45 1
84 41 3
79 76 4
66 72 3
47 37 4
64 23 4
68 49 2
56 4 4
86 51 2
37 12 2
83 75 4
18 47 4
6 90 2
97 59 1
45 90 2
49 41 1
23 56 4
18 87 2
90 57 2
80 19 4
7 99 3
13 58 4
53 1 4
0 2 4
48 11 1
34 78 4
3 64 4
86 50 1
60 33 3
43 90 2
94 68 1
88 87 4
79 61 4
85 30 2
29 83 1
79 90 2
93 66 2
19 94 1
34 83 3
92 88 4
58 45 3
4 80 2
27 15 2
89 16 4
34 45 3
94 30 3
11 28 2
96 12 4
32 53 4
59 46 2
5 52 4
28 58 4
90 11 1
25 13 2
26 81 2
85 82 1
72 6 1
42 10 1
71 96 2
20 90 4
49 40 3
2 9 4
91 67 3
62 78 1
20 79 2
12 46 3
36 61 3
89 1 2
86 68 2
24 75 3
71 86 4
89 76 4
51 14 1
66 34 4
21 87 4
45 6 3
81 39 1
15 71 4
87 51 2
54 80 2
75 82 4
81 87 4
80 42 4
57 58 4
37 7 4
34 25 1
29 47 2
22 10 1
85 2 3
67 69 1
95 35 4
7 43 1
37 64 4
75 57 1
71 45 3
17 53 2
80 16 4
34 94 3
84 71 2
37 74 1
62 95 2
18 63 4
69 29 4
11 68 1
2 57 3
75 64 4
89 59 1
23 38 3
47 95 3
48 10 3
36 94 2
45 85 2
99 26 2
11 78 3
45 72 3
26 32 2
60 89 3
1 93 4
62 54 3
16 99 1
79 49 1
66 10 2
75 65 3
73 7 2
50 23 2
34 88 3
42 4 3
18 22 4
49 2 2
4 77 4
46 76 3
82 94 1
54 31 1
51 47 3
58 90 2
71 12 2
34 47 2
89 21 2
78 71 3
63 57 4
63 48 2
81 66 1
15 42 1
76 85 3
17 76 3
29 43 1
35 57 2
63 8 1
62 88 1
63 95 2
35 65 2
39 40 3
32 83 3
25 55 4
40 86 2
70 15 2
93 91 3
27 20 4
1 76 1
76 49 3
88 54 3
90 93 2
72 64 4
47 12 1
99 4 3
98 3 3
37 11 3
66 5 4
68 23 4
81 45 3
11 62 2
45 73 1
16 63 3
31 84 2
47 23 1
16 59 3
62 92 1
17 55 3
5 53 4
19 70 1
94 26 1
15 36 4
36 2 1
18 44 3
92 30 2
64 71 3
35 22 4
41 14 4
19 75 4
18 81 4
18 35 4
42 7 2
7 77 3
70 29 2
18 62 3
69 56 1
95 98 1
62 0 2
32 79 2
91 57 4
55 61 1
13 6 1
73 35 4
76 5 3
99 9 3
61 53 2
67 70 4
65 92 3
63 69 4
55 93 4
67 14 4
8 65 4
99 73 1
53 7 2
21 28 3
50 16 2
78 97 1
23 15 2
93 18 1
84 43 3
82 27 1
62 21 4
12 90 1
26 91 4
3 25 2
92 61 1
26 64 1
49 26 4
14 95 3
54 12 3
0 36 3
63 36 3
2 90 2
55 75 4
13 82 4
26 23 1
65 32 3
6 4 1
6 28 3
26 67 3
48 21 2
44 86 3
23 8 4
90 36 2
51 65 4
64 99 2
93 73 1
57 51 3
13 23 4
82 62 2
88 56 3
53 72 1
34 21 3
26 38 4
67 83 2
40 29 1
81 73 4
33 95 4
26 45 1
56 25 4
79 6 1
58 39 1
4 61 1
33 45 4
10 3 4
82 65 4
20 22 4
17 80 1
5 32 4
21 98 1
68 14 4
65 76 2
84 17 3
77 68 4
8 76 4
74 7 4
68 5 1
62 29 1
37 99 4
1 73 4
60 12 2
94 31 2
3 46 4
75 92 1
40 26 2
1 97 2
40 16 2
25 66 2
96 5 1
92 7 3
13 4 3
90 91 1
73 95 3
25 38 3
54 93 3
91 35 2
47 35 3
71 80 3
81 47 3
93 45 1
27 22 4
56 70 2
2 58 4
13 46 4
32 98 2
27 14 1
58 21 1
70 61 1
56 58 1
82 70 3
42 67 1
19 21 1
32 39 2
33 0 2
80 46 4
17 40 4
10 86 4
90 55 1
69 7 2
79 89 1
68 32 2
60 8 3
53 68 1
54 48 4
73 80 3
45 2 4
91 0 3
39 27 4
28 45 1
59 38 3
38 92 4
98 20 1
79 34 1
84 73 1
98 34 1
29 78 1
85 97 1
97 81 4
75 47 3
77 80 2
8 74 3
97 41 3
15 99 1
49 77 2
7 94 4
58 73 1
26 34 2
65 73 3
19 26 1
27 74 4
96 40 1
10 8 4
18 17 3
64 7 4
87 16 4
62 97 1
5 42 3
52 87 1
31 85 3
12 19 1
95 92 4
33 12 3
24 40 4
86 5 1
79 50 2
9 92 4
49 48 4
44 42 3
48 42 4
13 0 2
17 50 2
40 99 3
76 25 1
98 17 2
91 49 4
21 68 2
58 0 4
57 73 1
62 74 4
48 12 3
40 81 1
87 8 2
47 4 3
57 12 4
77 40 1
65 89 3
43 17 1
72 58 3
91 87 3
18 34 1
10 38 2
29 90 3
84 88 4
47 2 2
20 62 4
17 37 1
3 21 1
84 67 2
13 12 2
17 94 4
58 43 4
11 87 2
11 66 4
80 69 1
26 27 1
34 37 4
43 4 3
12 15 4
80 27 3
63 50 3
34 65 3
93 88 4
5 37 3
10 56 4
57 88 2
6 78 2
16 30 4
11 35 3
93 36 4
61 56 2
52 15 3
53 24 4
59 20 4
52 93 4
40 33 2
85 92 3
88 9 3
27 21 3
29 3 3
80 76 3
34 6 2
97 31 4
52 86 2
79 70 1
21 36 1
20 46 1
72 11 3
45 44 3
88 0 2
2 23 2
54 45 1
47 93 3
86 7 1
68 2 1
64 24 3
22 43 3
14 88 3
66 95 4
95 84 4
63 10 2
47 92 2
55 60 1
79 58 1
8 1 3
93 81 4
79 97 2
82 77 2
54 64 1
10 29 3
21 23 3
61 49 1
33 99 3
84 48 4
6 93 3
89 97 1
57 70 2
77 90 2
88 26 1
32 87 1
32 47 4
55 71 4
19 43 1
41 23 4
13 69 4
24 65 2
55 23 1
12 79 4
17 67 1
81 33 3
7 41 1
10 18 4
70 69 3
56 27 3
79 47 2
43 96 4
67 36 2
34 84 4
69 44 1
41 95 3
65 27 4
20 36 3
85 98 3
86 53 4
0 68 1
92 51 3
28 76 1
86 41 1
10 73 3
9 45 3
41 76 4
50 30 1
44 43 4
51 43 4
32 49 3
97 66 4
26 95 2
96 31 4
59 27 2
41 1 2
1 69 3
52 31 1
98 23 2
14 18 1
98 35 1
94 46 1
96 22 2
83 74 1
18 58 2
62 85 4
83 46 2
19 71 3
24 92 4
33 75 1
99 86 2
96 2 4
66 94 2
36 19 4
36 34 4
79 83 4
41 22 4
62 86 4
61 71 1
82 4 3
32 9 1
31 93 4
80 50 1
15 51 4
97 74 2
28 34 2
60 10 4
62 93 2
60 93 2
33 47 1
39 71 2
16 11 3
8 71 3
15 25 3
63 64 3
24 70 3
29 42 3
7 51 3
71 77 4
25 35 2
9 43 2
87 77 3
10 98 1
67 87 3
99 94 2
93 8 1
0 1 2
82 29 3
24 14 1
75 1 3
14 94 2
15 98 2
17 77 1
41 69 3
64 2 1
87 12 3
58 78 2
10 93 1
16 86 2
16 32 1
65 23 1
66 50 2
89 70 1
49 37 4
30 8 2
76 52 2
62 67 1
72 4 1
86 80 4
18 43 4
42 61 1
8 4 4
53 94 2
3 26 1
55 2 2
87 66 3
61 20 4
68 39 3
59 78 2
75 61 1
90 54 1
61 82 4
51 79 1
60 4 2
82 10 1
22 75 4
89 57 1
29 55 2
27 12 2
78 36 1
0 59 2
4 84 3
21 50 3
26 68 4
7 6 1
26 82 4
58 50 3
37 78 2
0 74 1
27 45 1
57 77 2
48 47 1
64 84 4
49 16 4
55 57 1
58 94 3
22 57 4
35 82 2
2 84 4
26 66 3
15 97 4
64 94 3
28 52 1
91 10 4
33 50 4
32 89 3
10 70 4
3 14 4
91 59 3
55 56 2
83 38 4
15 62 1
69 77 4
32 28 4
25 2 4
52 69 2
54 43 4
38 64 3
51 91 2
66 90 4
59 82 2
8 88 4
72 22 1
75 12 3
16 33 4
38 39 3
37 38 4
98 81 3
2 77 1
12 5 4
12 2 3
3 70 2
16 83 3
71 1 2
10 95 4
73 52 4
13 1 1
3 16 1
67 55 1
16 78 1
36 53 4
70 0 1
61 43 4
14 53 3
73 54 3
94 54 3
66 44 1
70 5 4
18 69 1
58 26 3
87 20 2
59 19 4
71 42 4
35 29 1
30 83 3
39 47 4
15 84 4
59 8 2
56 81 4
77 25 3
39 78 2
71 31 1
4 71 2
56 82 1
25 60 2
17 10 4
32 27 1
40 84 3
15 80 1
62 68 1
31 75 1
23 3 2
85 21 2
92 54 3
55 84 4
7 97 1
50 22 2
3 52 3
93 32 3
21 66 3
84 24 3
90 37 3
32 10 2
25 22 4
39 9 3
70 33 3
18 78 4
2 67 3
7 17 4
35 92 1
85 18 4
38 82 4
2 97 4
8 81 4
98 39 1
4 92 1
84 99 3
37 21 2
31 43 1
19 63 4
29 16 1
54 7 3
98 76 3
98 24 1
4 73 1
31 53 3
64 85 2
26 43 1
64 49 3
90 82 2
79 9 3
44 49 2
83 33 1
8 68 3
42 60 2
0 22 3
59 65 2
46 47 4
29 12 1
24 96 1
34 63 2
67 54 1
86 83 1
2 4 2
13 55 2
74 52 1
57 13 4
84 33 4
10 68 4
37 56 3
91 89 1
16 44 1
4 81 2
54 36 4
35 70 3
53 20 1
87 26 3
8 67 1
46 75 4
20 15 2
42 92 1
64 59 1
38 17 1
72 20 4
25 99 3
49 15 3
36 48 3
53 12 4
88 22 4
83 41 4
29 46 2
68 29 4
49 39 3
98 28 1
25 26 2
3 60 1
27 33 4
45 60 2
76 48 3
43 46 4
20 1 1
0 3 4
32 86 2
84 72 4
24 60 2
69 81 1
8 64 4
59 93 3
39 62 4
96 64 4
9 54 3
34 39 2
39 79 1
24 44 3
77 37 4
79 35 1
95 85 2
6 12 3
32 66 2
77 89 3
7 36 1
83 4 1
67 77 3
90 1 3
56 14 4
57 97 3
13 18 2
62 35 1
77 27 1
32 63 3
2 22 4
7 39 4
65 49 3
67 48 2
16 19 4
25 40 4
11 38 2
48 0 3
54 3 2
82 79 2
41 78 2
26 96 2
85 89 3
7 89 4
99 54 2
12 9 3
32 7 4
93 69 1
93 50 1
69 72 3
37 9 1
21 4 1
53 66 2
17 31 3
84 30 1
29 20 4
51 40 4
63 35 4
81 0 3
87 70 1
67 47 4
53 76 2
94 81 1
87 44 2
27 79 2
25 11 1
3 17 2
52 99 3
90 35 2
10 51 1
64 34 2
39 28 3
54 95 2
59 54 2
0 40 2
13 48 1
48 23 3
9 61 3
11 26 3
5 77 2
54 50 1
81 60 2
92 90 2
7 62 3
57 76 3
80 78 2
87 2 3
55 8 4
83 47 4
2 86 2
73 77 2
73 78 4
25 47 2
13 76 1
91 75 3
83 53 3
50 20 2
22 64 4
96 60 2
8 56 4
0 54 3
44 64 3
47 9 2
86 75 4
13 83 3
53 58 1
42 88 4
26 21 2
73 49 3
29 2 3
58 95 2
1 22 3
90 19 2
4 66 3
66 76 4
44 40 1
22 38 2
62 66 1
29 22 3
53 81 4
0 28 2
14 50 1
0 79 2
83 10 3
20 16 2
70 2 4
49 63 2
81 58 2
48 73 2
48 41 4
79 41 1
33 88 2
30 33 4
58 70 3
96 83 1
82 86 3
99 2 1
49 21 4
64 90 4
2 3 3
93 64 1
14 32 3
59 55 1
96 73 2
92 52 4
44 54 3
61 29 4
21 81 1
92 32 4
92 84 4
23 79 1
76 14 2
98 48 3
90 85 2
14 77 2
89 83 2
85 55 4
76 69 3
31 50 4
22 44 3
65 30 4
55 14 2
81 85 2
99 45 4
48 74 3
15 31 4
90 51 1
65 16 3
7 46 4
27 18 2
24 69 4
37 93 1
92 10 1
11 27 3
87 39 2
68 65 3
94 98 3
35 93 4
94 70 3
86 23 2
32 62 3
65 81 3
32 52 3
17 61 4
99 67 3
8 0 3
66 60 3
39 82 2
44 73 2
90 9 1
39 23 2
86 76 4
86 26 1
53 92 2
40 46 3
7 31 2
16 61 4
27 53 4
59 63 1
41 34 4
14 52 4
59 11 2
76 73 2
56 64 1
55 52 4
38 73 3
89 81 2
61 23 4
64 89 1
87 37 4
4 30 3
95 57 4
85 39 1
92 15 2
42 82 2
8 70 2
58 87 2
5 39 3
17 90 3
37 95 1
48 38 4
72 28 3
75 96 4
75 81 2
5 75 1
13 15 2
97 42 1
43 57 3
17 11 1
10 72 2
3 4 2
40 7 3
51 21 2
73 98 2
85 10 4
89 46 1
92 59 1
26 2 4
7 66 1
29 19 4
3 1 2
77 20 3
69 84 4
31 36 1
32 97 2
11 15 1
28 54 1
8 49 4
5 49 2
63 53 3
70 91 2
97 19 3
9 87 1
3 34 4
94 13 1
29 7 3
87 34 4
84 20 2
32 1 3
13 9 4
32 42 3
11 33 1
5 0 3
79 2 4
98 58 1
38 62 1
76 88 2
65 19 2
97 9 1
46 91 3
28 80 2
28 67 4
49 47 1
72 59 3
29 31 3
52 46 4
46 8 4
74 19 4
54 8 1
76 51 3
88 72 1
90 84 4
51 45 3
37 79 2
27 73 2
94 61 2
7 82 4
41 32 2
87 76 1
99 90 4
60 51 1
0 41 1
20 41 4
14 83 4
39 37 4
21 55 2
6 95 2
56 83 4
79 65 4
79 69 1
72 52 3
2 72 1
86 57 3
42 58 3
99 87 1
73 6 1
69 83 3
80 18 4
54 55 2
60 1 4
11 83 2
36 88 4
83 20 3
50 59 4
98 90 2
92 87 3
72 65 1
62 80 4
69 28 3
42 76 1
62 76 4
32 29 3
94 8 4
25 94 2
94 55 1
66 61 2
18 32 3
83 95 2
96 87 4
5 99 4
53 59 4
75 60 3
56 92 2
8 75 1
24 17 3
69 94 4
83 63 3
16 24 3
36 74 3
1 27 2
74 10 2
34 14 4
19 68 4
42 18 3
78 49 1
69 91 4
18 19 4
6 85 4
79 38 1
30 13 2
13 73 1
49 29 4
50 9 2
21 44 3
65 67 2
81 13 4
24 7 3
44 85 2
90 26 2
89 5 3
60 9 3
84 93 3
14 84 4
76 19 2
12 32 3
76 6 3
9 58 2
30 59 4
30 31 3
61 98 3
65 29 4
55 66 4
70 6 4
20 19 3
71 7 4
9 15 1
68 76 4
56 35 4
60 65 1
90 49 1
75 52 2
52 47 1
63 41 4
40 60 3
23 94 3
30 87 2
94 32 4
86 90 1
18 71 1
52 4 2
97 50 1
15 85 3
20 21 1
11 6 2
30 38 3
65 52 4
57 3 1
73 87 1
32 17 1
81 84 3
64 18 1
79 15 4
78 99 4
74 50 1
42 86 1
62 9 1
63 52 1
64 46 4
84 66 3
13 29 4
33 67 4
0 49 3
21 17 1
14 0 3
2 94 3
22 69 2
26 85 3
7 34 3
29 66 3
55 15 3
49 1 4
18 20 1
83 24 3
78 43 3
65 98 4
18 94 3
75 35 1
47 53 2
16 66 4
83 71 4
39 3 3
29 37 3
75 38 4
44 38 2
65 2 4
24 36 1
86 89 3
68 28 2
27 70 1
65 25 4
72 7 4
52 83 1
8 66 2
5 80 1
80 38 4
70 43 1
87 75 4
46 30 3
45 61 4
59 66 1
48 30 2
98 30 1
24 30 3
65 70 4
94 92 4
61 91 3
29 94 4
27 99 1
68 20 3
89 87 2
91 79 4
57 78 4
55 95 3
11 52 3
30 14 1
95 56 2
70 7 4
28 77 2
75 89 2
62 27 1
97 69 2
44 88 4
15 18 3
78 76 1
81 29 4
43 80 2
37 66 1
44 25 4
96 18 4
85 38 4
16 51 3
90 74 3
67 88 1
89 69 2
36 72 3
79 45 2
77 48 1
0 37 4
15 37 2
41 9 2
0 30 3
24 23 1
78 93 1
81 91 4
2 89 2
50 57 4
15 0 1
83 98 3
27 4 3
54 66 1
23 6 3
11 96 2
82 51 4
67 13 1
96 74 2
82 30 1
2 75 2
99 11 4
34 97 3
65 61 1
38 42 1
9 14 1
60 99 3
36 28 4
89 22 1
9 0 2
8 33 2
39 31 2
33 3 4
79 54 2
76 20 3
66 67 1
56 46 3
83 31 1
13 21 1
34 20 2
90 60 4
98 49 3
65 88 2
74 93 3
31 8 1
43 95 2
51 96 1
24 10 3
0 61 2
26 46 1
97 49 4
66 79 1
1 55 3
58 7 2
28 73 4
95 23 2
77 30 2
3 94 4
74 23 3
71 21 1
47 41 2
84 11 2
24 95 2
24 59 4
13 8 1
27 36 1
18 30 2
19 86 2
29 67 2
72 60 3
45 87 2
82 46 1
35 20 3
15 86 3
12 95 4
42 62 4
52 0 2
74 84 3
15 88 3
60 67 1
18 86 1
95 13 4
22 47 4
41 71 3
29 52 3
12 50 1
74 99 1
6 98 2
91 45 1
37 30 2
13 42 3
91 9 4
68 99 4
89 92 2
36 76 1
59 99 1
25 79 2
81 78 1
48 91 3
5 7 1
82 58 3
22 9 2
72 62 2
40 90 1
17 93 3
68 38 2
72 98 3
89 31 3
57 60 1
22 76 3
46 62 2
93 89 3
32 13 3
24 41 1
94 60 1
7 13 2
45 38 2
34 85 4
78 31 3
95 93 4
37 19 4
11 32 3
3 45 2
23 1 3
96 98 2
55 47 3
62 53 3
11 73 3
18 12 4
39 88 4
70 59 2
53 71 2
32 70 1
20 13 1
33 56 1
81 34 2
9 28 4
98 89 2
12 77 2
77 64 4
14 72 3
13 84 3
78 15 3
7 79 4
31 32 4
54 81 4
12 40 3
65 38 4
84 52 1
17 66 4
41 52 1
31 12 2
94 33 3
50 13 4
38 19 1
66 65 4
64 58 2
99 31 1
80 56 4
86 3 3
55 3 2
40 1 2
85 56 4
41 74 4
71 30 2
88 71 1
13 51 4
87 68 4
80 74 3
72 0 4
28 4 2
23 46 1
40 6 3
14 36 3
51 3 3
38 36 1
19 47 1
57 96 3
5 51 3
19 62 2
94 78 2
1 88 4
62 22 3
97 72 1
5 23 1
83 19 3
84 29 2
30 7 3
62 6 4
9 48 3
5 65 3
43 71 4
73 19 2
9 3 1
36 79 3
99 30 2
85 80 3
44 80 1
31 57 1
25 41 2
88 17 2
58 1 2
32 67 1
43 87 1
61 22 4
31 11 2
54 35 4
84 76 4
91 86 4
32 71 4
3 50 3
66 83 4
76 3 2
61 89 2
18 59 1
35 38 4
77 16 3
93 25 2
18 11 4
42 68 2
64 36 1
51 98 2
72 99 1
76 64 3
23 51 3
79 13 1
14 39 1
85 73 2
94 84 1
68 40 2
90 88 2
85 99 3
55 0 2
2 48 1
49 88 4
92 71 3
29 23 1
48 81 2
38 71 3
6 60 3
35 33 4
38 49 1
43 81 4
53 37 2
78 42 4
91 97 3
50 56 2
96 23 3
14 17 2
87 7 2
89 30 4
24 22 1
98 63 2
6 37 3
97 88 2
24 97 4
33 34 1
9 66 4
83 12 2
35 85 3
93 65 4
93 49 3
15 19 1
54 11 4
74 1 4
67 3 1
38 96 1
32 72 3
20 71 4
31 74 1
6 33 1
46 0 4
48 33 3
95 65 3
67 53 4
62 1 3
24 42 3
62 57 2
38 61 2
44 53 4
5 50 3
16 74 3
15 81 3
60 43 3
79 98 3
86 73 1
91 20 1
84 54 3
16 58 1
45 25 3
85 41 2
83 91 4
80 79 4
96 14 1
5 54 4
7 27 3
46 45 2
95 21 2
92 40 1
84 70 4
19 89 4
52 20 1
54 25 4
35 77 3
1 9 2
99 95 2
31 19 1
1 14 3
17 35 4
27 52 1
11 44 4
33 46 2
67 19 3
54 39 3
81 49 2
78 55 4
11 92 2
60 50 1
28 47 1
83 5 2
92 25 4
83 62 1
50 55 4
45 94 3
44 33 1
36 35 1
78 91 1
56 20 3
40 82 3
85 13 2
64 17 2
84 85 1
79 11 3
46 41 2
0 25 1
20 74 1
45 83 1
43 40 1
64 66 3
96 65 2
44 62 2
84 50 2
10 0 1
88 7 4
70 39 3
93 46 3
33 74 3
92 93 2
74 68 1
84 21 2
98 9 1
54 70 2
88 24 1
8 19 4
75 43 4
26 9 1
18 36 2
17 34 4
66 27 1
23 11 3
27 24 2
51 63 3
68 88 2
70 97 1
99 1 3
67 93 1
57 45 3
1 81 3
61 19 2
1 37 2
92 66 3
72 34 1
50 99 1
72 80 1
89 94 3
32 23 1
54 51 4
41 98 4
9 24 4
22 5 2
96 79 1
56 84 1
65 10 1
6 87 1
61 99 1
48 90 1
59 81 3
89 68 3
30 22 1
10 87 3
43 27 4
34 70 2
90 89 4
83 72 4
27 3 3
59 67 1
64 33 2
70 75 3
14 48 3
98 44 1
15 95 2
83 94 4
17 89 1
32 3 3
97 6 2
41 77 2
96 33 3
4 20 2
30 81 1
56 60 4
33 68 3
55 7 2
37 62 1
91 30 4
65 0 3
7 35 3
91 28 4
7 26 4
37 44 3
40 87 4
96 1 3
38 94 1
80 90 2
90 53 4
1 26 2
31 46 4
13 86 2
45 82 2
2 35 4
43 37 2
7 38 2
14 15 3
53 87 3
99 66 3
82 12 4
24 33 2
16 15 1
93 30 4
98 97 2
78 67 3
35 51 2
30 74 1
63 7 2
58 37 4
54 18 1
65 45 4
68 45 1
36 95 1
41 66 4
50 88 4
12 51 3
36 16 1
16 0 4
92 73 3
68 96 1
69 87 1
61 84 2
30 56 1
76 37 4
19 5 1
81 68 1
46 66 3
87 54 2
64 48 3
25 64 2
46 57 1
27 5 4
25 12 1
58 38 3
90 16 3
40 30 2
11 55 4
15 76 4
81 31 2
11 70 4
55 44 3
69 42 2
76 60 4
93 28 4
59 36 2
27 92 4
76 4 2
42 17 1
77 59 3
77 85 3
6 57 1
21 40 3
3 24 3
66 70 2
41 72 2
34 31 1
75 30 3
28 88 4
7 96 1
42 11 1
8 6 2
40 70 2
10 37 2
67 75 4
55 98 1
86 43 2
0 26 3
97 73 2
32 6 3
91 43 2
73 74 4
84 78 3
36 51 2
72 73 1
63 70 2
43 99 1
25 81 2
92 97 3
18 40 4
24 29 3
68 82 4
11 50 3
83 40 4
79 28 2
68 59 3
94 73 4
30 17 1
55 65 4
63 27 4
52 97 3
29 9 2
15 58 2
83 76 1
84 23 1
66 24 2
62 87 3
55 64 2
8 11 2
47 24 2
20 24 2
48 53 1
37 25 3
7 49 3
34 90 3
97 96 1
76 23 2
15 61 4
85 5 3
95 27 2
77 66 3
52 53 1
64 53 3
90 31 3
30 27 2
39 74 4
2 60 3
34 55 2
31 77 4
35 27 4
28 99 4
18 55 1
8 47 2
18 98 2
68 91 4
60 5 4
64 12 2
65 50 3
33 71 3
13 88 2
47 20 3
26 61 4
57 32 3
91 66 4
97 39 3
17 23 2
5 29 4
96 6 2
76 12 3
71 9 3
21 1 3
5 88 3
65 69 1
41 82 4
93 63 1
9 57 2
86 77 4
27 50 4
50 7 2
58 34 1
8 3 2
41 36 4
82 23 3
95 1 1
79 88 4
56 89 3
49 36 2
51 8 4
82 53 1
86 95 4
14 78 2
93 44 2
77 10 2
35 28 1
31 9 1
89 84 3
65 14 3
58 93 1
55 48 4
89 66 1
43 85 4
50 75 1
67 22 4
46 35 4
20 48 2
24 13 2
89 51 4
52 25 2
63 11 2
34 59 2
44 48 4
71 35 1
67 39 2
22 86 1
27 38 1
94 97 3
1 19 4
51 9 3
79 87 3
5 98 1
22 79 4
56 73 2
54 91 3
1 28 3
13 61 2
97 27 2
60 59 3
9 25 2
6 17 4
66 38 4
80 84 2
72 76 3
99 17 1
97 5 4
23 92 3
23 42 3
11 75 3
98 29 2
97 26 4
92 79 1
19 13 4
84 7 1
96 85 3
4 9 2
91 22 2
84 35 1
23 60 3
90 72 4
29 41 3
19 17 1
19 66 3
17 78 2
54 15 3
11 13 4
78 4 3
8 15 4
91 98 1
99 48 3
46 44 4
12 88 4
79 59 4
46 2 4
81 95 4
12 61 2
34 56 2
76 38 3
33 2 3
43 94 3
1 61 2
1 78 3
98 46 3
21 94 2
4 74 1
44 8 2
80 59 3
51 22 1
51 84 1
40 19 1
97 84 1
92 81 3
45 77 2
11 43 3
57 33 1
34 22 1
58 54 2
39 17 2
92 83 1
60 44 1
20 9 2
62 69 4
64 31 2
60 63 3
79 8 3
14 97 4
31 14 1
50 51 3
74 17 3
73 53 3
67 35 2
84 45 4
97 87 1
97 21 1
50 70 1
10 90 3
60 16 2
34 30 1
87 14 4
39 20 3
7 80 1
23 73 1
16 34 3
13 40 3
55 89 3
1 31 3
95 50 3
82 93 1
71 16 1
22 17 2
5 30 4
25 33 2
84 91 2
69 95 3
22 16 2
10 43 1
77 6 2
30 63 4
40 69 1
91 13 4
93 13 3
22 36 1
61 41 4
36 99 2
70 73 2
89 27 3
94 79 2
68 6 2
1 2 3
46 60 1
33 26 4
61 97 3
5 28 2
36 17 2
76 97 4
94 93 2
3 93 1
18 23 3
1 67 4
27 96 4
28 57 2
55 46 3
90 28 2
55 76 2
50 4 3
26 4 2
49 84 4
88 63 1
56 54 3
14 28 2
83 3 1
18 88 4
63 65 4
57 11 3
75 9 3
71 87 3
4 29 3
52 78 1
83 23 1
90 67 4
8 69 3
92 36 4
65 17 3
51 64 1
69 71 4
21 10 3
94 1 1
38 34 1
79 31 1
30 80 2
58 46 1
96 9 4
52 2 2
46 61 4
4 39 4
52 60 2
44 72 1
47 38 3
71 10 3
40 88 1
32 25 2
98 31 2
27 55 4
37 13 1
71 74 2
6 91 2
42 8 2
84 26 2
26 47 1
51 55 4
82 54 1
51 27 1
73 42 4
82 0 1
35 88 3
50 42 4
98 71 3
82 91 2
21 52 3
45 98 3
55 86 4
56 53 1
20 67 2
19 93 3
91 60 4
51 31 3
80 41 1
36 9 3
51 94 2
20 44 3
41 75 4
50 38 4
15 28 2
18 90 2
44 56 1
25 80 4
18 70 4
24 48 3
99 62 2
3 90 2
61 58 3
19 45 1
10 76 1
52 38 3
78 51 3
31 70 1
24 85 1
96 17 2
40 71 3
59 9 2
53 88 4
35 48 4
50 47 4
32 78 3
89 96 4
84 8 4
17 28 3
62 43 2
92 57 2
42 31 4
52 66 1
37 16 3
72 23 1
40 45 1
65 99 3
71 66 3
47 59 1
55 40 3
24 67 1
42 30 3
94 4 2
76 74 1
16 39 2
83 64 4
72 46 1
27 16 1
81 74 3
34 10 1
52 18 4
38 53 4
25 73 3
65 7 3
4 64 3
56 86 2
34 8 3
38 5 2
77 24 2
59 28 2
11 9 2
88 81 1
72 50 1
45 48 4
94 24 2
26 69 1
86 87 4
61 18 3
45 36 1
6 89 3
24 73 4
77 60 4
9 40 1
95 91 3
37 50 4
64 19 2
48 68 1
73 69 1
54 97 4
12 56 3
20 92 2
10 12 4
67 44 3
58 27 4
68 47 2
57 24 2
37 23 4
56 78 2
35 55 3
10 53 1
11 4 3
47 74 3
35 83 1
80 70 3
31 33 2
52 19 3
34 96 2
38 40 2
0 17 4
12 70 1
74 18 4
85 74 1
29 34 1
20 6 3
31 2 3
8 24 1
40 20 2
69 10 3
17 63 3
1 86 3
34 43 2
72 78 4
82 87 4
50 71 4
39 57 4
86 8 3
41 73 4
93 86 3
79 14 3
17 82 3
43 50 1
56 72 4
10 45 4
22 53 1
90 24 3
54 57 1
74 91 2
1 30 4
14 11 4
85 9 2
84 59 3
13 45 4
78 9 4
84 36 1
2 11 3
42 47 2
78 95 2
85 59 4
10 11 2
51 58 2
44 79 4
43 47 4
34 46 2
92 17 4
65 48 4
38 3 1
83 82 4
19 72 4
2 73 1
59 10 3
24 71 4
63 4 1
81 72 2
42 91 2
15 45 1
3 97 3
52 34 4
63 40 3
49 23 4
10 99 2
40 57 1
21 16 2
52 13 1
64 60 3
49 3 3
48 59 2
40 35 2
42 99 2
59 98 3
49 51 3
85 79 4
79 10 1
29 53 1
93 5 1
57 18 1
12 38 3
40 93 3
20 14 4
56 71 4
61 47 4
49 22 4
14 80 2
90 56 2
61 74 4
51 53 1
28 12 1
68 55 2
6 5 1
10 97 2
31 69 4
5 73 4
93 61 3
96 36 4
4 96 3
67 4 2
1 33 1
0 96 1
7 78 4
42 83 4
15 21 1
84 32 4
33 86 4
2 30 1
31 62 2
92 16 2
82 18 2
76 91 4
69 78 3
78 83 4
45 42 2
53 43 2
31 88 2
75 63 3
88 37 3
21 47 2
78 90 1
21 69 4
65 46 1
21 12 2
10 31 4
3 31 4
8 48 3
86 58 4
86 35 1
56 29 2
0 67 4
52 6 1
45 4 2
14 92 4
38 51 3
70 44 3
91 27 4
32 80 3
44 78 2
83 7 2
63 73 3
60 84 2
31 26 2
89 25 2
20 0 2
95 4 4
22 11 1
53 75 1
1 7 2
12 69 3
47 66 3
78 60 1
23 80 3
0 6 2
7 44 2
90 87 2
4 49 1
75 71 4
44 81 3
95 97 1
13 56 4
92 34 1
55 69 2
94 22 3
94 86 4
31 76 1
33 52 2
28 49 4
4 75 3
77 88 2
82 60 2
89 24 4
91 23 4
11 20 3
69 2 4
5 31 3
35 81 1
74 59 2
72 5 1
81 41 1
47 84 3
62 47 2
46 54 1
83 80 4
34 50 4
37 60 1
12 94 2
26 48 3
6 81 4
4 93 3
95 68 1
94 77 2
62 13 1
73 88 1
95 70 2
5 92 4
34 35 1
4 1 3
90 14 3
91 15 1
36 50 3
31 28 1
96 55 1
54 52 4
2 74 1
54 98 2
99 80 1
88 58 2
42 43 4
71 82 3
32 21 1
58 68 3
26 36 1
6 15 3
50 73 4
53 9 1
14 10 4
42 14 1
41 28 3
42 39 2
86 60 4
20 49 1
68 18 3
77 0 3
49 17 3
2 50 3
69 19 2
8 97 1
16 8 4
97 51 4
4 37 4
54 85 3
45 74 2
97 20 1
51 93 2
50 15 1
64 52 1
3 72 3
40 15 1
38 72 1
79 18 3
36 6 2
4 16 3
58 59 3
26 56 1
67 89 2
31 38 3
41 33 1
75 84 4
26 52 3
74 34 3
88 70 3
52 88 2
71 28 2
41 26 1
72 13 4
6 67 2
51 17 4
40 97 1
4 25 4
90 81 3
63 55 2
90 50 1
56 38 4
44 61 3
87 61 1
75 56 4
27 72 3
14 59 2
53 74 1
82 50 2
88 61 3
62 50 3
39 48 4
85 58 4
36 42 3
12 55 2
6 30 4
37 85 1
63 72 4
60 48 3
92 74 3
10 1 3
62 41 4
31 56 2
54 77 2
51 69 3
15 34 3
86 46 3
35 78 1
96 28 4
28 97 2
49 82 1
85 68 3
28 51 1
53 79 3
97 58 1
26 13 2
48 69 3
92 8 4
47 27 4
39 0 4
19 51 1
37 98 3
27 25 1
26 60 4
22 6 1
63 87 2
57 83 2
88 2 2
24 0 1
7 11 2
23 30 4
9 38 3
44 57 1
21 30 1
92 77 4
15 22 1
11 46 1
73 26 2
46 27 2
56 16 3
25 39 4
75 23 4
87 15 2
40 23 1
73 3 3
88 99 3
72 26 1
66 35 3
18 77 1
96 32 2
57 59 1
49 92 4
28 83 3
20 75 2
74 21 1
88 94 4
35 42 4
64 92 2
56 93 2
70 48 4
1 38 2
7 10 2
89 78 1
81 17 3
12 68 2
62 34 2
38 24 2
54 32 4
9 63 1
12 81 1
50 0 3
68 4 4
23 90 3
57 26 3
3 96 2
64 35 3
55 5 1
44 9 2
56 63 4
29 39 1
1 63 3
53 19 3
89 63 3
12 91 4
68 69 1
33 37 1
39 12 2
52 81 3
69 25 4
96 13 2
32 76 1
71 63 2
3 63 4
29 75 3
98 66 1
85 23 1
28 18 2
31 55 2
53 34 3
85 86 2
58 29 4
30 62 3
42 79 3
9 89 3
94 75 2
48 66 2
66 1 4
90 62 2
10 26 4
4 46 2
42 77 4
78 66 2
40 52 3
44 84 4
6 39 4
41 56 4
18 53 3
56 11 3
48 3 2
69 58 4
35 50 4
79 64 1
87 0 3
2 98 2
0 53 2
21 73 4
86 92 3
43 45 4
60 79 4
86 20 2
42 12 2
26 30 2
91 85 4
9 30 1
22 37 3
83 50 4
75 68 4
23 81 3
56 59 2
57 64 3
25 36 2
75 51 2
59 4 2
18 24 2
57 27 3
35 43 1
57 65 3
27 64 4
51 56 4
76 9 4
99 89 1
53 4 3
27 48 2
87 19 4
2 17 4
33 5 1
40 47 2
54 74 1
28 23 2
75 25 1
14 73 1
21 90 1
5 3 4
90 30 4
41 67 4
65 54 4
17 85 3
73 34 3
93 21 4
7 2 4
45 49 4
30 68 2
46 22 1
30 49 2
64 29 2
78 40 2
25 57 2
85 49 1
86 64 4
46 36 4
53 96 1
68 90 3
27 67 2
99 19 4
64 61 4
5 41 1
85 46 2
98 52 1
59 35 2
16 96 4
62 51 1
21 78 4
86 88 3
15 30 3
22 99 1
2 38 1
48 56 2
70 42 2
51 83 2
74 42 1
75 0 3
17 27 2
27 0 3
95 9 3
54 75 3
97 75 3
51 81 4
74 6 2
42 54 4
26 24 3
17 60 3
48 94 1
20 42 4
16 84 1
92 50 4
28 33 4
86 11 1
27 40 1
56 3 2
77 55 4
88 55 4
52 67 1
71 58 2
70 77 3
75 18 4
8 98 2
1 65 4
57 68 1
70 64 3
61 78 4
29 54 4
48 22 3
69 11 1
98 26 2
80 67 1
89 20 2
20 25 3
24 68 4
40 74 3
44 95 1
44 29 1
56 62 2
8 27 2
29 30 3
64 62 2
96 62 3
6 44 1
96 39 1
96 86 3
11 3 4
27 54 2
15 73 1
76 35 2
74 64 3
25 14 3
2 32 3
78 12 1
50 89 4
35 45 1
64 14 2
66 58 4
88 46 1
64 9 2
78 65 3
49 99 4
59 1 2
31 91 2
80 98 1
31 45 4
18 5 2
55 16 3
70 45 2
92 78 4
66 15 4
43 12 1
77 29 2
24 45 2
59 49 3
16 98 1
33 4 3
43 1 4
46 71 3
4 18 1
81 10 3
61 62 4
91 64 4
63 79 3
10 62 3
45 22 3
37 94 3
56 1 4
0 93 1
16 14 4
43 65 1
62 24 3
48 62 2
26 80 4
76 63 1
59 26 3
13 78 4
81 70 2
69 35 2
3 42 2
97 83 2
53 23 3
72 82 2
32 4 4
12 49 3
91 63 2
80 68 1
47 87 1
74 89 1
22 95 2
92 26 2
68 46 1
80 10 3
85 16 2
10 39 1
14 70 2
86 45 4
58 89 4
9 7 4
61 68 4
67 5 3
30 58 2
57 99 2
96 45 3
89 15 2
39 99 3
36 39 2
57 30 2
40 94 1
35 41 1
78 96 4
69 99 3
21 91 3
54 89 1
52 45 3
14 58 4
67 12 1
80 3 2
95 77 4
72 87 4
56 40 2
61 30 4
38 55 1
33 69 1
74 38 1
99 55 1
82 31 3
31 37 2
81 86 3
65 22 1
36 13 1
48 34 1
28 81 3
82 11 2
9 46 3
13 22 3
83 8 2
19 30 4
19 25 1
53 13 2
69 82 4
59 7 2
98 93 4
2 8 3
59 31 2
66 49 2
84 98 4
77 23 4
96 95 2
59 44 3
80 24 2
88 78 4
6 55 3
81 50 4
79 52 1
65 83 3
40 10 2
72 47 3
29 59 2
72 85 1
58 62 1
0 69 1
15 24 1
73 31 1
97 67 1
60 97 3
60 13 4
35 80 2
28 7 1
97 0 4
93 85 4
40 50 2
23 4 4
42 2 2
79 43 2
31 0 2
45 47 3
49 52 3
86 38 3
43 89 3
74 12 1
74 14 4
10 36 3
31 47 3
69 34 2
31 68 3
82 37 3
86 0 1
4 0 2
91 1 2
77 26 3
41 51 2
75 58 4
67 46 3
60 74 1
33 78 1
99 44 4
60 20 3
15 75 4
61 81 2
12 97 3
7 85 2
17 57 1
60 62 3
78 82 2
40 31 2
87 42 2
1 68 1
98 78 3
43 93 1
22 92 4
17 47 4
89 73 4
23 34 2
71 90 1
14 91 4
63 43 3
74 49 1
82 44 1
86 66 2
1 15 1
56 2 3
84 37 2
26 8 4
75 45 1
82 28 1
69 36 2
76 43 1
38 41 3
7 91 2
26 76 2
13 97 4
9 17 4
55 43 2
65 13 3
81 32 2
88 75 1
86 72 3
58 44 2
88 21 4
90 4 3
95 53 4
63 21 3
16 13 2
88 60 3
32 8 1
24 25 2
78 68 1
25 90 4
87 85 2
17 25 1
58 52 1
84 77 2
87 55 1
72 15 1
49 53 2
23 9 1
18 41 1
73 82 2
43 48 4
63 22 2
39 45 3
28 44 1
97 37 4
48 95 2
8 90 4
49 31 3
38 21 4
20 37 4
25 86 3
94 87 1
70 98 3
76 77 1
21 14 1
72 67 2
36 37 1
20 7 4
3 59 4
62 5 2
35 26 1
8 99 3
79 30 3
24 31 3
41 54 3
99 24 2
64 32 3
17 62 3
96 63 4
47 6 3
5 82 4
80 47 3
73 39 4
60 69 1
59 75 4
55 45 1
29 79 2
83 2 4
14 45 1
9 72 4
43 32 4
26 15 2
15 90 4
56 76 3
56 49 4
60 30 2
87 60 2
28 89 1
81 62 1
44 2 2
40 32 3
29 26 1
20 17 1
92 58 1
6 16 3
63 82 4
7 48 2
67 63 2
96 93 2
11 67 3
78 63 1
54 22 4
84 86 2
48 93 2
47 76 4
96 56 4
62 33 3
19 96 4
91 92 4
6 82 2
56 74 4
74 9 1
49 80 4
35 14 1
28 13 1
48 71 3
13 90 3
2 10 1
90 39 2
20 12 1
41 50 4
86 97 3
22 59 4
21 42 4
97 53 1
36 30 4
42 66 1
85 40 1
14 62 3
67 30 3
41 40 3
9 84 1
70 13 4
86 39 1
66 20 1
90 73 3
97 22 3
75 99 3
19 56 3
19 58 3
48 57 2
22 68 3
4 22 1
93 41 3
88 45 4
77 32 4
17 13 3
96 67 3
42 53 2
40 48 4
53 40 1
68 16 4
33 58 4
33 93 1
35 15 4
76 44 3
55 26 2
59 71 3
86 29 3
60 34 1
15 94 1
31 61 3
72 61 2
71 22 2
71 81 4
68 34 2
19 54 2
10 49 4
24 72 2
82 33 4
24 61 3
20 81 2
44 92 1
67 23 1
69 17 2
65 77 2
11 85 3
76 45 4
72 30 3
93 11 3
70 41 4
42 52 1
91 73 3
28 8 1
48 25 2
49 33 1
82 9 4
71 57 4
44 0 2
0 66 2
26 79 4
41 65 2
9 21 4
39 46 1
20 51 1
55 72 2
89 35 1
77 81 4
35 39 3
90 95 3
68 15 3
0 42 3
96 25 1
59 73 3
17 46 2
82 21 4
98 77 2
64 10 2
63 58 3
30 3 1
60 36 2
17 29 3
82 67 3
53 11 2
95 76 4
37 41 3
6 29 2
51 66 2
52 24 2
63 14 2
59 90 3
96 94 4
78 85 3
80 81 1
63 99 3
32 51 3
13 5 2
47 98 2
92 3 1
47 85 3
41 30 4
15 48 4
89 40 2
74 3 3
13 44 2
47 1 1
46 32 4
11 19 2
74 86 3
43 24 2
10 19 3
13 98 2
89 12 3
12 23 1
91 18 3
7 95 2
49 62 4
57 0 3
55 74 2
1 57 1
1 80 3
3 15 2
1 98 1
5 56 4
0 51 1
53 33 4
25 28 3
6 19 3
45 56 2
47 14 3
21 64 2
64 65 1
50 64 3
58 40 2
8 82 3
92 48 4
25 61 4
70 99 2
57 79 4
49 94 4
59 40 2
61 21 4
95 80 2
52 77 2
56 24 2
58 31 4
95 18 4
35 13 1
1 82 4
36 66 3
67 43 3
88 96 1
95 67 3
80 45 2
37 73 4
86 54 1
45 64 4
89 14 1
16 9 3
5 69 2
80 97 4
57 84 2
96 59 1
36 3 3
62 91 1
7 4 1
36 40 3
9 93 4
8 9 2
17 75 2
41 57 2
1 17 2
3 19 4
59 45 2
42 89 3
92 69 4
61 54 2
50 49 2
70 16 3
39 33 4
33 29 4
36 70 3
52 48 4
91 25 4
57 69 1
6 35 1
19 32 2
47 77 1
93 72 4
10 25 2
79 95 2
41 2 1
11 5 4
66 56 4
22 33 1
58 55 3
6 31 3
47 70 2
36 43 3
52 96 1
53 8 1
99 97 1
74 63 2
53 54 2
40 28 2
87 38 1
80 92 4
41 12 3
70 23 1
83 48 4
45 7 1
4 10 4
52 68 3
18 3 2
53 60 4
95 59 1
68 43 4
92 21 2
53 98 4
3 78 2
29 15 3
53 70 3
46 1 4
92 98 4
52 50 4
25 5 2
5 90 4
73 67 3
39 13 2
82 88 2
11 77 1
45 97 1
23 31 3
87 25 4
47 65 4
34 40 2
74 46 3
96 61 1
43 73 4
17 71 1
85 33 1
85 71 1
46 24 2
79 40 4
80 21 3
85 14 4
71 49 1
54 69 4
95 46 1
59 62 3
6 18 1
30 35 3
47 94 4
96 84 4
25 50 3
6 92 4
58 67 4
20 2 1
28 3 1
39 80 3
36 71 2
38 54 2
44 52 1
71 26 2
67 34 2
2 71 4
70 51 3
12 30 3
72 74 2
99 29 3
50 87 2
1 29 1
72 96 4
64 81 4
37 65 3
57 80 2
46 63 4
49 43 3
21 45 3
60 27 2
25 42 3
47 30 1
76 39 2
96 82 4
88 83 3
57 93 1
