4950 100
0 40 4
0 66 3
66 81 5
40 43 4
66 78 8
40 2 6
0 56 7
78 98 4
78 99 1
78 64 6
40 90 6
78 29 1
78 37 2
40 76 6
76 47 9
90 20 1
64 3 6
47 73 1
76 74 2
98 97 8
78 44 7
0 77 4
64 68 5
47 30 8
0 75 8
68 63 1
81 79 6
37 16 5
56 9 5
66 27 5
76 4 9
29 39 3
27 91 2
29 54 2
73 96 6
73 95 8
68 19 5
39 6 8
47 49 5
20 25 2
30 59 7
37 15 5
0 89 9
15 26 2
54 62 1
9 8 4
49 36 8
76 83 6
2 5 1
37 70 8
20 55 7
8 7 2
30 38 5
38 21 3
77 80 3
73 35 9
91 48 8
25 10 1
0 93 5
7 41 4
75 11 1
25 72 6
83 71 2
55 67 7
7 86 6
76 33 5
38 24 7
63 13 5
26 94 5
7 45 5
54 50 3
56 18 7
11 53 5
11 32 5
77 58 5
70 23 5
90 31 5
43 28 3
19 12 4
25 52 1
32 87 9
19 46 5
16 61 9
16 34 6
36 42 8
45 69 6
23 51 2
61 84 6
51 85 8
74 17 1
85 1 3
7 88 8
98 82 3
56 92 3
86 65 2
61 57 3
77 22 2
68 14 1
82 60 1
31 68 3
72 43 2
12 59 2
90 19 1
14 49 1
55 61 2
58 80 2
74 46 3
16 56 4
77 16 2
52 27 4
63 21 4
10 66 2
70 63 4
8 14 4
90 91 2
91 36 4
83 87 2
4 77 2
57 2 1
21 78 3
50 33 4
93 62 2
12 32 1
42 84 1
79 84 3
40 92 2
66 47 2
95 14 4
44 3 2
21 16 1
83 23 1
6 60 4
54 11 3
17 24 4
49 35 3
65 67 1
93 81 1
66 75 2
76 8 4
59 92 2
73 80 1
70 44 1
57 27 2
76 97 1
88 19 2
51 62 3
39 69 3
37 38 2
82 44 4
85 70 1
31 47 3
17 10 4
87 24 1
28 25 1
11 58 2
54 66 3
44 71 4
65 38 3
25 98 2
44 36 3
56 76 4
10 59 4
40 3 4
50 46 3
19 4 3
29 83 3
42 32 3
6 38 4
20 53 1
94 36 4
90 78 4
90 6 2
97 20 2
60 88 3
69 54 1
44 56 3
62 12 4
59 90 4
0 79 1
89 57 2
31 85 1
5 74 3
7 28 3
40 69 2
86 93 4
4 94 4
87 35 1
58 66 3
5 71 1
52 83 1
57 46 1
82 50 4
88 73 4
33 63 2
67 89 2
17 44 4
98 44 1
67 91 1
42 46 2
41 1 4
75 23 4
3 77 1
93 20 3
95 90 3
56 4 3
21 87 1
45 0 2
54 57 3
96 32 3
52 65 3
94 84 1
1 93 1
82 8 1
94 80 3
65 68 2
90 14 2
68 66 1
58 98 4
77 18 3
55 33 4
82 22 3
51 33 2
86 44 4
44 49 1
14 75 3
3 59 2
75 82 1
97 31 3
5 50 4
83 97 3
84 11 4
24 45 2
23 66 4
71 52 2
56 43 3
12 67 2
1 66 2
56 33 1
8 99 2
6 69 3
43 95 2
46 51 3
8 20 1
11 38 2
95 38 1
83 3 2
84 36 1
75 38 3
94 72 3
87 58 1
52 38 2
60 8 2
95 18 3
98 79 1
11 9 2
86 74 2
33 1 2
11 93 2
85 28 2
69 72 3
97 23 4
13 19 1
64 20 1
29 87 4
54 63 1
6 15 4
72 93 2
44 31 2
48 81 2
78 5 4
23 69 1
37 46 2
81 60 4
62 15 2
36 2 1
78 94 2
46 63 2
28 99 3
93 24 2
46 76 1
51 5 4
46 32 2
84 25 3
0 43 1
74 54 4
51 25 3
82 4 1
15 71 4
76 28 4
83 69 4
88 5 4
68 3 2
22 36 2
55 82 3
39 83 3
1 94 4
89 14 3
90 38 4
72 34 2
65 3 4
96 34 1
79 73 1
76 49 2
49 96 1
78 28 4
57 64 1
22 0 1
78 81 4
96 6 3
65 21 1
97 28 4
82 91 1
55 32 3
26 62 4
43 78 3
55 56 4
2 20 2
44 81 2
33 79 4
26 1 2
95 70 3
69 8 1
78 19 4
76 82 1
13 90 3
21 89 4
57 8 1
2 46 4
71 78 2
49 67 4
28 24 1
70 50 2
21 82 3
20 98 4
26 37 1
87 22 1
20 50 4
15 13 3
40 6 4
46 86 4
52 76 2
63 92 2
86 87 3
28 84 3
48 37 3
27 56 3
48 35 1
41 55 4
55 11 3
70 36 4
79 91 2
91 29 3
0 51 3
99 14 3
7 62 3
7 19 3
93 23 1
34 0 1
77 28 1
48 16 4
94 0 4
83 91 3
53 33 3
93 59 4
61 0 2
50 21 4
10 22 2
37 63 3
22 38 2
24 4 2
19 17 2
43 97 1
80 44 1
39 63 4
83 53 2
52 9 3
61 26 2
22 32 4
30 82 1
62 60 3
53 7 3
99 45 2
27 17 4
99 9 1
9 89 4
52 3 4
97 36 4
63 52 4
94 99 3
30 94 4
34 26 2
32 52 3
82 61 1
34 22 3
93 3 4
17 91 4
24 79 3
63 11 4
34 31 2
13 55 4
16 23 1
90 4 4
22 56 3
75 6 1
75 89 3
20 73 3
55 18 4
24 15 1
32 44 3
17 89 3
13 56 4
3 69 1
43 13 4
15 87 4
3 43 1
9 55 1
68 7 1
62 77 1
15 3 2
12 23 2
59 72 3
55 0 3
87 72 3
33 82 1
96 83 4
56 68 1
42 23 3
97 89 4
57 51 2
61 30 4
9 57 2
28 72 3
9 29 3
19 52 2
16 80 4
2 37 1
96 27 1
48 20 4
90 97 3
48 74 2
50 87 1
51 91 4
26 68 4
85 10 2
89 47 3
28 41 3
92 51 1
80 0 4
84 90 3
3 2 3
29 56 3
47 42 2
27 12 2
43 27 4
12 4 2
56 15 3
19 48 1
61 70 4
41 78 3
16 7 1
37 18 1
25 18 3
6 64 1
48 58 2
20 37 3
56 46 1
97 3 2
22 76 3
62 85 4
94 23 2
69 84 4
34 54 2
23 61 2
74 24 2
80 83 3
67 60 2
53 30 2
64 15 2
61 68 3
50 65 4
99 56 4
83 55 4
80 84 1
28 0 2
18 33 3
53 97 3
4 87 1
12 90 4
71 88 1
17 88 1
49 9 1
14 66 1
71 35 1
71 48 4
48 79 2
90 3 2
62 74 1
71 73 1
64 16 3
82 38 3
96 44 1
88 49 3
13 62 1
55 46 3
61 90 1
94 50 2
3 73 2
50 18 1
14 45 1
48 44 4
93 89 2
4 78 4
87 77 2
71 0 4
39 98 4
57 70 3
97 21 3
3 31 1
60 97 2
62 75 2
14 13 3
46 48 3
0 38 1
21 77 4
87 56 3
57 84 1
37 50 2
91 55 1
57 12 1
13 64 4
37 36 3
59 60 4
72 13 3
61 6 2
13 23 3
4 53 2
3 89 2
50 80 4
5 24 1
7 66 1
57 85 2
43 81 3
26 60 4
88 44 1
59 57 1
19 9 2
31 63 4
95 74 2
75 12 3
36 31 1
97 27 1
68 70 2
67 20 2
11 71 4
0 4 4
3 63 2
64 47 1
12 97 4
63 62 1
13 11 4
43 74 3
92 41 1
78 8 2
8 90 2
73 78 4
98 50 4
88 14 1
13 70 4
14 30 4
23 14 4
69 9 1
1 92 1
30 52 3
56 11 1
61 49 3
97 74 3
63 44 3
16 55 2
43 63 2
15 25 3
25 40 4
50 51 4
90 77 3
65 47 1
96 29 2
22 14 3
89 4 4
5 6 4
26 58 2
99 96 4
25 90 1
86 1 3
75 1 3
58 74 2
71 27 3
93 31 2
82 19 1
41 97 2
4 93 4
63 1 3
82 65 2
67 88 3
48 75 4
65 15 1
6 27 3
61 78 3
29 93 2
32 82 2
35 29 1
98 64 1
17 61 4
33 10 3
37 72 3
41 90 3
93 16 1
14 79 3
5 42 4
48 82 1
92 31 1
43 67 1
64 44 3
6 70 2
50 69 2
23 58 4
20 66 4
86 5 4
71 9 1
48 49 1
84 62 1
97 47 2
31 48 4
89 94 3
77 11 2
69 37 4
91 95 4
41 75 1
13 98 1
60 61 3
9 45 2
86 2 2
27 35 3
54 53 3
97 34 1
51 52 2
16 8 4
4 66 3
39 60 1
5 58 2
47 78 2
36 65 2
24 64 4
18 70 1
76 65 3
22 16 3
36 19 4
77 82 4
96 25 2
98 31 1
66 22 3
34 76 1
29 31 1
65 85 1
81 75 4
9 79 4
37 13 4
81 16 4
50 49 1
4 23 3
99 92 4
97 61 3
62 83 2
43 47 1
97 26 3
60 18 2
12 0 3
3 79 4
42 66 2
8 22 2
23 52 2
18 92 2
72 54 4
90 15 4
15 58 1
13 99 2
82 37 2
27 11 3
64 65 2
42 3 1
90 73 3
12 10 4
45 78 3
29 11 2
82 36 3
53 47 1
8 93 4
51 89 4
31 52 4
41 69 2
52 90 3
30 29 3
41 37 3
51 61 2
45 33 2
22 57 4
30 69 1
69 27 2
49 38 3
4 38 2
46 69 4
13 36 1
25 78 1
40 19 3
81 41 3
10 56 2
40 75 4
46 16 1
8 48 4
56 26 1
99 90 2
95 10 1
28 92 1
39 41 1
32 3 1
66 49 1
43 68 4
88 28 1
52 93 2
88 57 2
96 97 4
61 32 4
0 15 3
27 84 4
72 36 1
55 10 2
20 56 4
45 73 4
46 68 1
7 84 1
89 61 2
92 35 4
42 52 3
2 59 4
30 84 1
94 45 1
91 25 3
15 78 4
36 8 3
56 51 3
31 17 3
27 2 2
47 16 2
80 63 4
73 62 2
48 69 4
84 35 2
92 43 2
95 57 2
26 98 2
57 33 2
37 39 4
81 85 1
44 97 3
2 71 4
32 23 1
84 73 2
39 59 1
25 38 2
76 71 1
50 92 3
79 53 1
39 44 1
71 70 1
51 82 1
70 98 1
98 68 3
66 55 1
51 70 4
55 63 1
9 60 3
90 63 1
18 11 1
23 38 4
65 78 1
79 64 4
41 6 2
91 78 2
8 10 2
28 1 3
70 93 2
79 51 2
69 95 2
10 27 2
6 23 4
93 13 1
59 0 1
99 50 1
49 82 1
91 19 2
84 12 4
26 54 2
69 66 1
76 41 4
20 86 4
41 53 4
76 3 1
45 3 4
71 18 2
61 8 2
64 72 3
15 77 1
11 61 3
62 38 4
98 9 3
71 93 1
25 46 1
2 83 4
92 84 4
4 1 1
20 17 4
95 51 4
92 58 4
39 56 3
20 13 4
61 4 2
79 96 3
14 65 3
92 82 1
93 38 3
56 7 4
80 88 4
9 54 3
57 1 4
81 14 4
91 45 2
18 42 1
77 32 4
73 72 2
18 85 1
11 73 2
99 25 3
39 94 1
50 45 1
84 40 1
77 92 3
17 85 2
30 31 4
52 5 3
71 26 4
66 57 3
78 56 3
65 10 3
67 68 4
82 41 2
30 64 1
59 75 2
13 40 2
68 54 4
59 77 3
67 50 4
7 49 3
11 0 4
65 30 4
59 18 4
81 95 4
36 29 3
29 66 1
0 87 2
2 78 1
96 21 3
81 12 1
89 18 4
32 57 4
12 16 1
34 47 1
49 15 2
92 52 3
13 21 4
30 63 4
36 68 4
8 55 1
99 15 1
86 96 4
26 25 2
22 65 2
62 23 3
39 5 4
84 16 1
12 26 4
99 38 4
28 44 3
9 6 4
5 11 3
0 1 2
63 27 2
96 98 4
83 84 1
67 62 4
92 30 4
81 45 2
59 98 2
92 80 1
46 27 3
0 62 4
47 58 3
63 9 4
77 81 3
43 42 1
49 73 2
46 26 1
30 9 3
6 30 4
65 95 2
85 83 3
37 27 2
97 8 4
90 68 1
20 54 3
32 73 4
21 1 3
27 95 1
4 18 4
93 51 3
35 9 2
57 39 3
39 4 1
14 78 2
31 66 1
20 72 2
78 59 4
38 64 3
52 29 4
45 62 3
39 23 1
78 68 2
49 3 2
95 20 2
97 68 1
28 2 1
38 66 2
57 94 2
47 1 4
87 74 1
60 73 2
44 7 4
6 98 4
93 61 4
29 47 3
20 10 2
53 74 2
0 65 3
86 88 4
44 59 4
52 72 2
55 88 1
9 88 1
53 60 4
91 54 2
31 35 2
68 1 1
5 40 2
74 9 3
0 47 4
25 41 2
79 47 2
85 78 1
52 67 2
34 73 1
75 98 3
90 55 2
14 36 2
13 29 1
96 84 4
92 4 2
69 28 2
9 65 1
55 17 3
72 51 1
95 37 1
21 4 3
42 7 2
75 19 2
26 30 2
58 4 4
91 64 2
82 18 4
2 9 2
34 87 2
90 10 2
72 7 3
40 31 1
28 21 3
48 15 3
61 9 3
78 60 3
58 2 1
23 0 3
92 32 1
60 58 3
21 57 3
46 14 3
85 58 1
77 42 1
65 92 2
40 14 2
20 69 1
14 54 1
39 42 1
34 4 3
38 86 1
7 38 2
80 65 3
48 13 1
57 42 4
85 14 4
35 1 2
58 99 1
83 59 3
10 58 4
63 5 1
17 54 2
62 46 4
85 90 1
42 48 1
54 88 1
28 71 3
55 4 4
0 16 2
32 14 2
62 70 1
76 78 1
71 86 2
11 98 3
52 17 4
42 16 3
58 20 3
87 79 1
93 17 2
31 45 3
46 93 1
41 48 4
42 87 3
76 30 1
5 60 4
87 5 1
40 86 2
20 4 1
88 99 1
42 24 1
87 71 1
90 24 2
49 4 4
15 4 1
87 31 3
39 21 4
71 25 3
15 93 3
6 91 2
3 5 1
26 77 4
45 92 1
96 35 2
86 98 4
65 55 2
74 40 3
47 75 1
20 43 3
86 83 1
1 46 3
38 72 4
47 25 1
57 99 4
71 74 2
54 22 3
83 45 3
13 7 4
87 49 2
96 62 3
27 65 3
30 90 1
1 12 2
5 54 2
4 72 3
46 33 4
56 58 4
4 8 3
87 47 4
30 13 4
54 28 3
94 17 2
79 15 3
11 48 4
34 61 1
84 2 4
25 31 3
17 66 4
71 56 3
54 21 3
38 94 4
52 1 1
52 12 1
88 98 3
32 98 4
53 46 4
59 74 3
37 62 4
92 36 3
14 92 2
17 96 1
34 10 1
33 80 2
58 89 3
40 29 3
93 95 4
15 60 1
32 19 1
95 76 1
78 74 2
89 10 4
48 89 4
55 26 3
94 52 1
64 70 1
73 27 4
16 9 2
52 60 4
5 95 3
29 4 3
95 55 4
30 55 1
51 39 4
26 17 4
5 13 4
54 82 2
21 2 4
45 80 4
42 75 3
64 88 1
45 57 1
37 9 3
2 76 4
86 25 4
63 57 1
20 77 2
89 88 4
70 1 4
20 14 2
53 65 3
79 61 2
66 6 3
94 48 3
58 41 2
77 91 4
10 38 3
70 78 2
74 73 1
49 19 4
3 30 2
79 1 4
34 42 3
88 94 4
48 60 2
58 33 4
56 52 3
5 36 1
36 93 1
68 92 4
42 17 3
30 51 4
30 20 2
12 44 2
96 18 4
3 17 4
71 59 1
93 9 2
50 44 3
13 95 4
77 37 2
33 6 4
26 13 1
96 54 2
27 15 2
22 23 4
2 63 2
75 61 2
33 19 2
12 15 2
7 3 3
90 92 2
9 41 1
67 14 3
34 88 1
31 53 3
7 59 3
17 92 2
40 77 1
79 8 2
8 92 1
86 80 2
21 41 4
10 42 1
76 72 3
61 44 1
93 55 3
8 13 1
18 84 1
98 5 3
26 65 1
37 22 2
59 76 1
79 95 4
82 94 1
82 26 4
17 43 3
37 79 4
72 9 3
68 95 1
71 95 4
36 58 1
24 6 3
2 70 1
24 10 3
10 79 3
11 24 3
55 60 3
87 76 4
51 58 2
99 82 4
84 97 1
89 62 1
88 35 3
68 55 4
77 93 1
25 7 2
18 19 2
2 18 1
31 32 3
43 33 1
35 18 4
46 90 4
8 23 1
76 23 1
9 22 1
97 88 3
37 76 4
16 65 4
51 10 2
16 24 4
43 79 3
91 84 3
98 29 4
96 88 3
88 33 1
58 82 4
51 17 3
65 17 4
79 26 1
66 36 4
44 83 1
60 10 1
21 11 4
4 96 1
51 49 1
96 3 2
5 9 1
42 56 4
42 99 2
15 29 3
99 70 4
25 88 4
91 80 2
8 94 2
34 74 3
23 33 1
53 9 4
34 71 3
52 54 3
83 27 4
4 7 2
81 51 4
1 73 2
48 72 2
61 29 1
87 66 1
6 2 2
45 52 3
95 22 2
92 67 3
84 9 4
29 50 3
28 79 4
42 9 1
15 35 3
70 30 3
88 20 2
63 76 2
72 39 4
53 78 2
3 8 1
71 6 3
17 80 4
97 4 1
30 67 2
4 71 3
81 26 4
60 2 1
73 25 1
93 60 2
36 81 4
41 24 3
39 49 1
34 28 1
87 64 4
9 58 1
45 29 3
22 43 3
26 23 4
70 19 2
23 7 3
18 93 3
11 67 1
19 63 2
59 88 2
76 70 4
6 46 3
92 86 3
10 0 2
72 80 3
3 20 1
4 91 3
19 98 1
31 62 3
19 43 3
29 28 1
52 98 4
40 35 1
59 23 1
74 61 3
0 32 2
55 79 3
92 81 2
75 21 2
87 25 4
91 20 3
45 20 4
51 43 4
61 46 2
22 53 2
74 66 4
76 80 2
80 27 2
4 69 2
17 38 2
56 94 2
45 65 2
28 48 2
75 72 3
89 20 2
60 79 1
3 25 3
42 63 1
45 64 1
35 54 2
66 5 2
69 42 3
63 49 1
70 52 3
83 65 3
34 80 4
37 88 4
22 69 2
1 44 1
93 22 3
38 45 1
73 66 4
41 72 1
62 82 3
27 4 4
40 49 2
81 35 2
51 78 2
39 75 4
38 14 4
93 67 1
36 98 1
49 28 1
25 93 4
0 69 2
58 54 3
18 74 1
12 36 2
87 70 2
16 41 4
73 46 3
96 40 3
29 20 4
75 78 4
7 48 4
18 83 2
46 99 3
25 13 1
5 7 1
38 36 2
81 40 1
72 67 4
20 78 4
3 36 1
80 3 2
80 23 3
96 48 3
73 93 3
19 10 1
47 95 4
94 16 1
12 66 3
40 54 2
20 26 2
67 1 1
92 85 3
12 80 3
52 7 2
98 65 2
88 0 3
17 35 2
21 27 4
96 2 2
95 42 2
38 5 1
39 3 4
39 78 1
0 70 1
61 66 2
89 76 1
90 16 4
1 14 3
23 89 2
40 55 2
45 54 4
65 61 2
70 5 3
68 69 1
93 5 3
43 86 4
23 2 4
29 27 3
72 82 3
52 48 2
14 35 3
72 91 3
21 32 2
13 65 2
89 64 2
15 54 2
61 85 1
63 79 1
38 91 1
48 57 2
53 85 4
25 69 3
8 28 4
24 56 3
7 22 1
40 45 1
83 15 1
82 53 4
22 98 4
42 59 4
39 45 4
85 48 1
67 64 2
18 14 1
71 91 4
6 52 4
29 88 2
61 62 3
98 21 1
50 79 3
27 67 2
20 75 3
22 81 4
29 26 4
14 33 3
49 89 2
82 13 1
94 3 4
18 90 2
24 68 2
17 40 3
35 44 3
39 19 1
92 73 2
48 50 2
25 16 4
94 21 3
61 94 3
96 12 1
40 68 4
42 81 4
72 83 1
31 12 3
64 36 4
39 79 3
41 52 1
43 55 1
12 77 2
24 84 4
0 95 4
35 93 4
75 70 4
84 50 3
32 45 3
39 9 3
51 4 4
76 98 2
97 15 3
87 36 2
80 19 3
62 4 4
79 4 3
50 27 1
9 75 1
26 85 4
59 53 4
11 41 2
64 5 3
6 89 2
94 13 4
53 89 4
27 13 1
2 54 1
69 49 1
48 64 2
2 4 4
51 64 2
89 35 1
49 8 4
90 60 3
45 63 4
37 44 4
98 90 2
78 10 1
30 23 1
48 66 4
39 61 3
67 82 4
83 11 3
47 48 3
57 29 1
35 3 2
87 91 4
50 61 1
4 83 3
49 54 3
27 85 4
67 34 1
28 38 1
77 1 3
90 17 1
4 22 2
53 88 2
38 35 4
52 44 1
52 35 2
75 10 3
11 82 2
89 65 3
16 66 3
28 32 1
37 53 1
61 21 1
50 36 4
95 24 1
71 41 1
90 65 2
0 3 2
83 0 2
27 76 4
64 0 4
83 37 1
53 6 1
91 33 1
83 90 4
44 53 4
55 87 2
44 14 3
13 67 4
71 92 4
14 6 4
99 26 3
26 9 3
81 68 3
88 38 2
11 95 3
39 10 1
9 15 2
51 18 2
1 36 4
84 14 4
93 43 1
12 45 3
23 34 3
52 91 1
82 95 2
21 80 1
0 60 4
61 87 4
29 73 2
5 1 3
41 77 1
73 43 2
39 46 4
86 55 1
57 11 4
35 28 2
44 45 4
84 86 1
49 5 2
93 83 1
99 53 4
35 37 2
34 20 2
81 13 2
30 89 4
97 40 4
29 55 1
98 40 2
21 14 1
94 60 4
1 17 4
62 91 2
16 45 2
50 12 2
85 8 2
28 27 2
24 40 2
81 23 2
21 68 2
78 57 2
63 78 4
96 60 3
40 39 4
79 80 1
11 65 4
63 95 3
74 20 2
84 87 2
14 83 2
73 31 1
33 73 1
75 54 2
53 10 4
85 12 1
5 99 4
71 55 3
80 57 3
57 81 1
79 57 3
70 7 2
55 75 4
38 3 2
66 94 3
41 0 3
21 19 4
33 84 3
74 50 3
59 6 4
53 62 1
43 90 3
25 6 2
30 45 1
69 76 2
24 82 4
35 25 3
54 33 2
29 81 3
48 83 4
93 53 2
65 19 1
28 74 4
44 57 1
66 33 4
67 73 2
10 26 4
32 35 1
6 32 2
24 98 4
71 39 4
32 75 2
16 32 3
76 15 2
11 45 1
74 27 1
78 24 1
8 62 2
69 21 3
18 58 4
94 54 1
97 92 1
50 81 1
74 4 1
11 34 2
48 95 1
42 97 3
74 13 2
51 38 1
12 30 4
26 73 2
1 48 3
10 93 3
22 70 1
72 56 1
19 99 2
33 8 2
99 18 3
86 73 2
50 2 2
38 46 3
51 97 3
34 14 1
11 2 3
53 80 4
86 47 1
70 66 4
79 94 2
23 37 1
7 47 4
62 40 3
62 68 2
0 6 4
60 17 4
97 86 2
99 97 4
89 77 1
99 35 4
50 71 4
82 5 3
67 33 1
50 24 1
58 72 3
76 96 4
92 49 1
10 94 1
57 17 4
25 36 3
42 0 3
82 39 4
65 73 4
25 56 3
54 18 2
56 80 2
94 86 1
80 43 4
14 97 3
21 88 4
65 35 1
23 20 1
89 99 4
94 20 3
26 36 4
29 32 4
85 43 1
80 14 1
94 81 3
12 61 4
46 23 3
79 35 4
79 11 3
7 79 3
99 10 1
41 4 4
58 14 2
33 65 2
18 3 2
59 15 3
66 11 2
76 29 1
35 46 3
60 25 1
23 25 3
13 12 1
4 60 2
25 43 4
74 94 1
43 9 2
78 46 2
69 53 2
7 32 3
69 77 2
66 40 4
14 61 2
68 29 2
37 89 3
95 16 2
72 90 1
47 19 3
88 81 4
43 30 2
73 85 1
18 12 4
83 51 3
1 58 1
41 46 4
5 35 3
38 43 2
77 38 2
99 72 1
18 17 4
40 73 1
67 69 2
72 8 3
24 39 3
33 62 1
18 69 4
11 85 3
96 71 2
16 39 1
88 66 2
8 74 2
85 86 2
28 13 3
74 85 1
72 68 3
87 16 2
83 77 1
71 80 2
79 70 2
87 52 2
1 98 3
73 99 1
19 72 2
58 30 3
96 80 3
24 97 2
16 78 2
99 65 4
83 12 3
29 21 4
34 83 2
92 34 2
90 36 1
58 76 2
39 68 4
57 47 2
55 15 4
54 73 4
61 5 2
92 21 3
40 64 4
28 26 3
93 27 2
34 19 1
9 87 2
51 11 1
50 22 1
21 90 3
99 12 4
74 96 4
43 99 3
89 16 3
61 99 2
2 65 1
87 38 3
81 17 2
70 42 3
16 76 4
50 62 4
65 24 4
41 38 1
56 12 2
90 28 4
53 3 1
7 73 1
79 97 4
89 19 4
67 70 2
99 77 2
55 98 2
73 83 3
43 98 3
34 62 1
38 47 4
64 80 4
59 55 1
53 21 1
24 58 2
34 79 4
49 30 2
81 33 3
88 13 2
39 95 4
13 91 1
10 6 1
95 61 2
72 14 2
59 38 2
67 29 3
98 83 2
83 95 3
53 23 3
26 18 1
22 84 2
83 70 2
91 30 3
78 83 2
25 67 4
51 76 1
22 83 3
88 10 3
60 44 1
72 2 3
89 8 3
86 13 2
26 6 1
20 59 4
30 95 2
63 8 4
59 82 2
21 72 2
18 41 1
94 64 1
82 83 3
19 60 3
47 12 2
34 38 1
81 84 3
64 22 3
2 56 3
49 6 2
12 28 1
62 36 4
17 69 1
35 11 4
25 62 1
87 12 3
31 15 4
47 40 4
9 28 3
35 76 1
53 49 1
51 9 1
23 29 1
65 88 2
99 7 4
20 96 4
28 80 1
68 35 3
25 14 3
40 27 4
8 35 2
83 68 1
77 46 2
51 60 2
59 21 3
73 6 4
94 25 3
58 59 2
9 92 2
29 58 1
91 5 1
6 55 4
0 84 2
93 40 4
46 59 3
86 4 4
45 60 4
74 38 3
5 18 1
16 70 1
50 14 4
28 50 4
65 58 1
14 47 1
34 53 1
61 1 4
99 85 1
9 68 2
77 88 2
38 29 4
81 53 3
79 68 3
86 30 4
53 29 2
30 85 1
64 71 4
41 95 2
78 22 3
23 68 3
13 35 1
73 36 4
29 25 2
45 25 2
39 54 2
24 43 3
82 90 1
6 58 1
61 56 4
1 96 2
8 45 1
35 26 4
54 23 1
63 14 1
87 14 2
10 70 3
85 49 4
74 44 1
68 5 2
62 10 4
2 80 4
58 57 1
77 48 4
95 99 1
28 6 4
89 86 1
54 48 3
33 4 2
87 92 2
25 4 4
59 86 1
27 86 3
70 88 3
45 71 4
15 66 2
2 94 3
18 91 2
57 35 1
56 19 2
77 86 4
35 62 1
95 3 3
36 47 2
11 76 3
52 99 3
96 52 1
35 78 2
8 43 2
28 37 3
14 16 4
88 76 4
26 70 3
75 87 3
43 31 4
54 98 4
30 0 2
91 28 4
22 89 1
15 80 2
37 97 4
73 8 3
57 93 1
79 5 3
48 73 2
4 26 3
43 14 3
1 38 3
59 37 3
75 85 4
14 73 3
91 2 1
9 38 1
95 84 4
32 5 1
67 41 2
90 81 1
28 89 4
64 9 1
31 83 4
96 95 2
2 38 3
74 57 3
97 71 2
42 1 1
77 76 3
74 79 3
58 17 3
7 74 1
71 65 2
91 42 1
54 99 4
12 88 3
62 24 2
32 78 2
23 10 3
75 84 4
30 2 3
17 84 1
80 18 3
42 41 3
65 66 3
88 41 4
56 59 2
48 87 3
15 17 2
29 80 2
9 21 4
27 47 2
87 54 2
28 53 2
44 4 3
94 69 1
52 13 1
92 61 2
38 78 2
51 98 2
77 10 4
47 11 3
39 92 3
89 91 4
58 25 4
65 63 3
21 3 1
50 31 1
78 97 2
7 78 4
33 9 2
77 6 2
48 43 2
78 26 4
19 87 1
36 34 2
36 48 1
72 84 2
70 58 3
37 0 2
36 75 1
56 3 4
81 87 1
35 66 1
0 7 4
77 7 3
85 96 1
63 61 1
52 24 4
90 76 2
59 33 2
22 49 4
32 71 4
8 37 1
56 21 4
14 17 2
31 46 4
93 88 1
30 66 1
6 21 3
98 57 3
24 76 1
25 12 2
50 53 1
52 21 2
96 31 3
17 23 3
82 17 1
27 23 2
73 24 3
67 81 2
10 37 1
62 90 3
64 53 1
91 53 2
71 19 4
69 29 2
8 47 2
49 59 4
81 54 1
23 72 3
92 26 2
37 45 1
13 92 3
98 4 2
6 4 2
25 82 3
22 94 2
69 43 2
2 64 3
73 15 4
83 13 4
86 56 3
68 42 3
71 85 3
60 70 2
85 33 1
47 94 3
19 61 3
56 6 3
12 40 2
95 87 3
73 52 1
69 61 3
32 83 2
95 94 3
0 49 2
58 52 4
39 17 4
84 88 3
55 3 1
72 89 3
27 44 1
3 33 4
26 47 1
49 25 1
91 56 4
70 35 4
58 50 1
64 14 4
98 85 3
96 53 4
40 41 4
9 95 4
73 77 1
67 42 3
84 43 3
97 55 1
16 50 1
77 5 1
15 40 1
35 10 2
83 41 1
86 16 1
80 99 4
4 45 3
44 30 3
5 4 4
60 74 2
48 24 2
3 74 1
18 21 4
52 82 2
44 5 1
37 66 1
27 70 4
38 12 2
37 98 1
26 49 3
70 96 1
58 3 3
22 2 2
47 54 3
92 48 1
61 86 4
12 73 3
98 91 3
42 44 2
36 9 2
15 43 4
10 64 2
98 69 3
0 97 3
40 44 1
99 67 1
99 62 4
37 11 3
32 43 4
90 71 4
56 48 2
22 45 4
32 33 4
29 59 1
80 42 1
25 34 1
54 1 3
39 50 1
81 52 4
27 60 1
17 49 3
50 11 2
25 55 3
6 37 3
53 36 2
20 49 4
94 92 2
53 48 2
24 92 2
13 61 2
56 88 4
97 94 4
27 48 1
55 64 3
20 9 2
56 65 4
20 6 4
98 17 4
91 65 2
85 20 2
26 75 3
36 55 4
95 25 3
67 21 4
26 88 4
57 6 3
76 31 1
30 81 3
67 85 1
1 13 2
20 71 1
59 62 3
44 26 2
91 69 3
94 51 2
30 41 1
23 88 2
5 46 4
18 98 1
39 84 2
7 57 1
98 45 3
75 51 2
46 85 2
80 13 3
3 72 4
42 51 2
42 15 4
46 18 4
89 71 3
12 42 2
45 34 4
51 77 4
63 50 2
8 15 1
6 50 4
63 93 3
65 34 2
70 77 1
92 0 4
73 0 4
63 32 1
37 71 3
32 26 1
15 70 2
46 88 1
74 56 3
22 88 4
2 87 2
63 85 3
80 37 3
21 95 1
37 75 1
77 57 4
61 96 2
99 66 2
21 83 1
86 66 2
5 22 4
13 73 2
18 87 1
88 62 2
63 0 2
65 96 3
8 75 2
11 33 4
64 96 2
9 77 2
53 27 2
47 35 4
36 67 2
60 80 3
78 52 4
80 25 1
61 35 3
40 30 2
7 91 3
97 11 4
6 83 3
68 77 4
11 59 4
30 71 3
77 65 1
46 84 3
30 42 2
45 90 1
57 16 4
65 20 2
68 11 2
41 31 4
93 96 2
6 82 3
75 13 2
77 43 1
79 85 3
35 21 2
62 52 3
43 39 3
21 74 4
91 10 4
26 14 3
70 46 3
61 28 3
3 37 2
35 63 3
92 69 2
75 30 2
26 11 1
37 47 3
0 14 2
91 97 2
24 35 4
0 8 4
86 11 1
26 64 4
90 32 3
90 26 4
19 20 2
8 52 1
45 75 2
95 40 3
39 47 4
62 16 2
48 88 4
57 86 2
60 92 3
3 4 1
13 17 2
56 60 3
47 60 1
48 9 4
99 51 4
27 30 1
86 52 1
97 7 1
10 18 2
51 31 3
70 40 4
93 58 1
70 24 3
21 15 4
34 85 3
26 51 1
65 7 3
94 55 1
68 33 1
15 50 4
84 63 2
87 20 1
49 34 2
95 56 4
63 94 2
99 33 2
31 5 2
69 13 3
52 97 4
32 76 1
44 18 4
96 51 1
94 87 3
1 20 2
65 93 2
25 27 1
24 30 2
99 83 4
13 18 3
29 18 2
5 37 1
31 67 1
76 26 3
49 60 2
52 57 3
13 85 4
7 11 3
84 49 4
41 2 3
59 80 1
96 38 3
26 86 3
71 57 4
30 33 1
27 92 4
34 55 3
47 67 1
71 23 2
50 47 2
29 70 2
81 55 1
95 66 3
66 91 1
38 84 4
25 76 3
73 50 2
15 82 1
14 48 2
73 9 1
15 94 4
88 87 1
95 4 1
92 91 2
91 1 1
50 25 4
70 90 3
17 59 2
10 29 4
72 47 3
90 53 4
12 93 2
3 98 2
37 32 1
59 91 3
27 42 1
99 2 1
12 82 3
84 53 4
72 31 2
64 35 2
71 66 2
28 42 4
36 83 2
53 43 2
17 47 4
19 6 1
45 58 2
5 76 2
9 40 2
4 35 2
4 99 2
62 14 3
46 17 3
54 93 1
20 42 1
67 2 3
33 40 4
9 62 4
6 62 4
37 40 4
10 82 4
33 86 1
61 40 1
26 31 4
59 13 1
88 91 3
25 68 1
17 68 2
32 39 3
20 12 4
21 36 4
37 17 1
62 57 1
27 90 3
44 62 1
51 34 2
89 79 1
35 75 1
87 11 1
21 99 2
72 17 1
71 22 2
68 85 3
90 1 3
40 50 2
93 14 2
7 63 4
97 22 3
62 95 2
1 40 2
16 13 2
35 2 4
15 98 3
35 16 1
45 67 1
12 69 4
58 96 1
41 99 3
73 64 4
15 32 3
42 71 1
55 80 3
32 41 3
48 63 1
35 74 4
38 89 1
49 98 2
68 74 2
0 20 1
92 76 1
91 44 1
39 65 4
96 9 2
44 79 4
93 78 1
86 24 4
93 94 3
55 12 3
71 63 4
6 17 3
96 66 1
56 67 1
64 99 3
16 59 4
9 86 4
19 73 1
43 1 3
21 47 4
28 62 4
99 68 3
14 42 3
67 97 1
81 61 3
4 81 1
81 31 2
10 54 3
96 94 3
75 52 1
3 24 2
54 84 3
41 19 3
6 68 4
22 28 4
53 26 2
66 52 2
30 4 1
95 2 4
86 68 1
36 59 4
79 54 1
3 47 2
60 12 4
33 74 1
18 31 3
80 8 4
59 89 1
81 98 1
89 32 4
48 67 4
14 77 2
69 14 4
1 10 4
67 76 1
96 37 1
28 82 1
26 72 4
59 81 4
22 35 4
12 35 3
29 24 2
16 58 3
26 3 2
23 55 2
58 7 4
81 3 1
52 43 3
93 42 1
58 39 1
67 53 1
51 19 4
35 72 2
20 39 4
7 9 1
57 87 1
91 32 3
89 54 1
3 46 2
1 72 4
17 77 4
20 41 3
86 18 2
13 51 4
60 69 2
83 50 1
11 15 3
45 61 1
64 66 4
51 74 2
84 56 3
58 27 1
15 51 2
31 6 3
55 72 4
48 68 3
96 13 1
8 41 4
8 68 1
40 26 4
52 55 2
0 74 2
98 73 1
58 32 1
97 87 4
63 22 3
70 20 4
61 37 3
24 91 3
28 52 2
53 0 1
41 44 3
83 35 1
11 70 4
49 23 1
56 1 1
44 47 4
82 47 3
75 63 2
67 19 2
6 11 4
34 50 3
5 17 4
15 28 4
30 80 1
34 8 3
13 54 4
35 43 1
74 75 4
57 96 4
63 97 1
3 85 1
60 72 4
84 64 1
83 88 3
69 64 1
29 49 4
29 48 3
8 59 3
64 33 4
90 75 1
85 0 3
1 81 1
12 89 2
51 55 1
39 85 1
62 43 2
89 24 3
26 5 4
33 7 1
5 30 2
27 31 2
94 76 3
0 46 3
18 6 4
40 87 2
7 30 2
2 75 3
0 31 2
62 80 4
23 92 1
17 76 2
59 27 3
22 51 4
18 47 4
84 71 4
13 53 1
50 23 4
27 16 3
37 85 1
48 17 3
7 24 2
23 77 3
92 19 1
5 81 2
59 22 4
66 93 2
75 22 4
39 26 1
27 41 2
74 55 3
71 36 2
70 3 2
24 46 2
63 36 2
16 30 2
6 44 4
15 33 4
53 76 1
21 71 4
32 13 2
31 55 2
39 12 3
80 98 1
40 85 3
17 8 4
4 64 2
95 32 4
23 18 2
23 84 1
66 50 3
15 74 2
21 43 4
59 24 3
63 81 4
19 15 2
5 62 3
50 42 2
54 77 1
90 87 4
30 34 4
64 12 3
23 78 4
70 39 2
34 9 1
32 51 4
78 13 4
0 50 4
0 58 4
35 95 2
68 93 1
29 84 4
45 41 4
93 6 4
15 22 2
80 70 3
79 69 1
92 64 2
26 45 2
29 77 4
53 72 2
73 70 1
20 21 2
40 10 2
19 14 2
87 80 2
67 90 2
58 31 3
9 1 4
2 14 2
45 47 1
76 55 3
3 66 4
66 32 1
91 21 3
31 59 3
44 87 1
86 36 1
80 39 3
0 82 2
10 30 1
43 66 2
39 28 3
9 70 3
44 13 3
69 71 2
96 78 3
32 1 3
28 98 4
33 60 3
42 83 4
84 74 3
94 37 2
46 92 4
60 66 3
33 98 3
56 23 4
42 73 1
36 30 3
60 42 1
12 46 3
58 19 4
29 79 1
76 7 1
30 88 1
56 89 4
29 51 4
28 51 2
43 46 4
42 98 3
25 63 2
64 90 2
94 77 2
68 0 1
82 79 2
60 57 2
46 80 3
34 29 3
81 74 1
98 14 1
54 59 1
11 40 2
88 72 3
1 11 1
39 97 1
75 76 4
19 37 3
21 17 2
33 12 2
52 34 2
15 86 3
30 25 1
76 9 3
28 95 4
7 89 2
16 4 1
18 63 4
75 31 3
36 89 3
24 72 2
24 12 2
40 59 2
53 2 3
45 48 4
16 1 2
16 28 2
42 90 4
56 37 1
15 34 4
31 89 3
14 39 3
41 35 3
91 47 3
6 7 1
77 34 3
30 73 3
2 13 4
38 67 4
52 40 2
52 4 4
44 22 3
70 59 1
86 17 4
48 34 1
84 70 3
13 39 2
6 81 1
95 75 2
67 71 1
54 16 4
7 61 2
66 67 4
17 25 4
44 67 3
22 1 3
75 65 4
79 40 1
10 50 4
93 79 4
64 85 3
40 78 1
13 76 4
34 70 3
76 84 4
61 91 4
66 44 1
54 55 1
40 46 4
99 55 4
47 15 2
4 32 4
90 80 3
77 97 1
31 49 3
77 63 1
10 63 2
8 71 3
58 84 3
32 18 4
11 69 3
49 42 4
1 65 1
23 5 2
39 11 2
12 49 3
26 43 2
86 6 3
64 86 4
99 31 4
35 56 4
24 34 2
11 22 2
61 15 4
37 81 2
70 82 4
49 62 4
69 93 2
78 11 2
54 3 3
74 26 3
37 30 3
52 22 1
81 76 1
33 92 2
88 16 1
96 42 2
22 29 2
87 6 3
66 21 4
85 47 4
84 10 2
1 3 1
26 38 2
35 82 2
42 78 1
54 61 2
26 2 2
82 56 1
30 15 2
40 51 2
52 85 1
30 46 3
3 57 2
12 29 2
59 5 1
91 8 1
6 63 4
83 25 1
34 84 1
65 46 1
44 34 3
23 91 1
34 1 4
89 83 1
58 83 1
83 64 3
11 30 4
78 88 4
52 0 1
27 3 4
27 24 2
99 34 2
85 44 2
78 95 3
43 65 1
93 47 3
90 54 4
31 19 2
1 49 3
56 49 4
75 4 3
23 90 2
66 45 4
58 71 1
62 86 3
35 67 2
55 78 3
37 43 1
53 94 1
36 85 3
87 96 2
47 59 2
43 10 3
43 18 3
68 41 1
14 76 1
56 69 3
26 21 3
88 32 3
53 86 3
84 1 2
78 67 3
81 28 4
82 45 3
33 49 4
12 53 4
1 64 3
65 40 2
44 2 2
38 57 4
47 68 2
32 34 1
5 75 2
13 84 4
35 7 2
73 51 1
82 29 2
97 45 1
78 82 3
41 80 1
33 2 2
25 8 1
32 97 2
58 43 1
82 93 1
24 2 1
41 66 4
7 12 2
34 98 4
90 89 1
89 68 2
40 34 1
16 52 3
12 79 1
1 60 1
26 59 4
92 44 4
67 84 3
8 40 3
9 94 3
68 51 1
69 73 4
8 1 4
68 4 2
73 21 2
94 42 1
7 94 1
46 83 3
78 12 1
99 3 1
51 66 4
3 91 4
96 50 1
47 99 4
74 22 1
58 73 2
19 55 1
59 32 3
61 36 2
93 90 3
84 65 4
6 99 3
88 51 4
14 52 1
30 78 2
57 49 3
38 83 1
32 30 1
45 21 3
26 24 1
79 30 3
35 86 4
67 87 1
41 36 2
45 95 4
98 0 1
24 49 3
29 44 2
17 2 2
26 33 3
63 59 3
45 56 2
23 48 4
77 2 1
25 57 4
66 56 2
19 28 2
51 16 3
51 59 2
78 86 4
22 48 1
76 21 2
80 69 4
15 88 2
21 12 1
97 65 4
41 10 2
66 85 1
59 99 3
92 72 4
3 48 4
45 42 2
55 42 3
93 2 4
77 55 3
38 31 1
71 46 4
49 93 3
13 9 3
47 20 4
82 87 4
43 64 2
1 45 2
24 61 3
0 91 3
15 23 3
6 43 4
45 79 3
22 85 1
18 67 3
84 47 3
73 2 4
44 9 1
75 96 1
14 24 3
65 48 2
67 6 2
51 21 3
68 82 2
64 37 1
38 85 4
75 49 2
71 16 1
73 22 1
82 31 1
96 24 3
2 1 3
57 83 2
89 55 2
46 72 4
53 63 1
16 31 4
12 94 1
64 27 2
34 94 1
35 0 1
17 30 1
56 75 2
88 58 1
94 59 1
2 12 4
47 96 1
96 68 3
97 38 1
16 20 4
60 86 4
56 98 2
90 33 2
36 57 4
84 98 2
36 33 3
64 93 2
65 57 2
42 37 3
27 32 4
50 95 4
18 15 1
68 80 1
53 71 4
56 73 1
46 82 2
34 58 3
25 21 4
0 24 4
77 84 1
77 27 2
45 23 2
35 39 1
47 56 4
25 61 3
0 2 1
33 39 2
3 14 3
12 68 3
93 34 3
61 31 2
24 55 1
21 85 3
42 65 3
97 48 3
79 2 2
72 74 2
49 71 2
47 41 4
21 49 3
70 25 2
78 48 2
19 22 3
76 1 1
23 36 3
81 56 4
86 51 1
56 85 4
1 51 1
63 83 3
62 27 3
43 4 3
17 71 1
94 46 3
33 28 4
52 18 4
87 26 1
99 1 3
11 92 1
70 91 2
38 18 2
15 16 2
71 47 4
41 51 3
85 16 4
49 10 2
54 97 3
13 58 3
37 29 3
55 28 3
29 46 1
91 35 4
81 58 1
74 2 1
45 89 1
50 30 3
14 96 3
83 40 2
72 6 1
76 45 4
89 41 1
20 92 2
1 88 4
95 58 3
49 91 1
7 37 1
95 77 4
45 17 1
43 34 3
63 17 4
32 53 1
21 64 4
17 78 1
91 43 4
70 72 1
70 53 3
20 5 4
65 41 1
85 94 4
97 33 1
12 98 2
75 17 2
54 19 4
85 23 1
27 19 2
68 94 2
71 79 2
60 68 4
19 45 1
8 58 4
39 73 3
1 87 3
24 44 1
67 37 1
42 61 3
72 66 4
78 87 3
98 77 4
87 46 4
13 87 3
6 22 1
34 59 2
20 40 4
28 46 1
86 91 2
47 63 4
99 20 4
45 85 3
53 24 2
15 45 1
94 41 3
25 54 4
79 25 4
3 12 2
58 68 1
12 65 4
24 88 4
20 46 2
54 71 3
96 26 3
83 60 3
65 72 4
23 67 2
72 16 4
13 38 2
56 93 2
12 17 2
30 98 1
5 85 4
95 54 4
27 89 2
3 22 2
49 41 1
49 78 3
40 36 2
89 15 1
36 60 4
73 91 2
18 34 2
16 68 3
17 70 4
63 56 3
33 29 4
77 56 2
70 32 1
24 57 2
47 22 1
48 90 4
0 19 2
73 76 3
8 30 4
96 33 4
48 4 3
19 76 2
29 17 3
49 68 4
18 78 2
50 56 1
42 4 4
88 90 2
69 97 2
34 3 2
43 89 4
25 33 1
89 33 2
92 15 3
90 94 1
31 77 1
86 50 4
28 64 1
18 16 1
65 4 3
47 88 3
29 8 3
64 8 1
69 32 3
22 96 2
81 46 4
29 3 1
80 31 2
69 55 4
30 35 2
22 25 1
22 12 2
46 11 4
19 24 4
27 49 3
7 36 3
40 89 1
30 97 1
38 32 1
94 49 3
69 99 4
20 81 4
34 17 3
3 16 2
45 2 4
77 52 3
31 70 4
19 95 4
69 57 2
73 55 2
41 62 2
92 89 4
71 24 4
71 14 4
54 12 2
93 45 4
35 6 4
99 87 2
40 48 1
11 52 3
85 50 1
97 18 2
67 59 2
43 61 4
57 5 2
58 97 2
32 80 3
75 58 3
34 90 4
70 54 3
66 46 3
92 6 4
53 77 2
11 20 3
60 54 3
12 63 2
52 36 2
24 54 4
22 39 3
72 29 2
98 41 1
76 12 1
42 72 2
21 86 2
55 50 1
35 50 4
33 77 1
86 63 3
81 89 4
57 55 4
31 33 1
78 50 4
49 43 2
43 2 1
36 77 1
2 48 1
98 92 1
81 7 2
11 36 3
77 39 2
52 10 3
8 32 2
89 46 3
11 64 1
76 10 1
56 38 1
56 83 4
56 64 2
81 2 1
31 78 2
81 34 2
62 29 1
31 79 3
72 12 3
55 39 2
95 64 2
35 90 2
6 16 4
96 28 2
53 25 2
97 73 4
96 45 3
85 41 4
51 3 3
63 74 3
71 31 2
94 62 2
82 84 4
0 36 1
52 2 4
75 86 4
51 47 4
99 44 1
50 90 4
64 97 4
35 51 3
27 8 2
84 21 2
78 54 1
40 18 3
44 72 1
55 58 3
85 19 3
73 37 4
86 28 4
75 94 1
43 16 4
74 93 4
71 98 4
6 94 1
62 65 4
7 92 1
9 23 2
48 86 3
84 31 3
33 21 3
3 84 4
43 11 1
0 44 2
76 99 4
93 87 4
82 20 4
96 39 3
10 83 1
33 22 2
51 37 2
6 36 2
68 30 4
62 98 1
13 31 1
98 61 2
7 96 1
39 74 4
91 60 1
68 53 3
52 61 3
90 86 3
94 65 3
84 45 1
47 5 1
48 39 4
65 5 2
3 50 1
43 45 3
88 36 1
86 45 2
6 29 2
61 73 2
90 66 1
77 24 4
23 82 3
58 42 3
94 70 2
90 47 2
59 9 4
75 43 4
86 14 3
13 45 2
85 35 1
43 70 2
37 55 1
78 36 3
67 4 3
92 54 2
94 67 4
59 14 3
85 55 4
79 49 2
15 67 2
29 5 1
36 24 4
26 7 3
42 35 1
59 97 3
54 38 1
60 95 4
99 63 1
28 87 3
54 8 1
62 11 4
61 33 2
36 35 1
48 10 2
77 75 1
72 49 4
77 47 4
76 39 1
6 54 4
93 32 4
11 28 2
41 22 4
36 28 2
84 89 1
44 33 4
43 12 3
75 46 3
83 30 1
65 81 3
19 86 4
9 0 1
24 83 3
17 79 2
19 53 2
98 2 1
78 33 3
33 47 4
45 53 3
19 2 1
42 86 4
15 10 3
98 16 3
60 46 1
50 88 4
44 93 2
85 88 2
3 9 3
43 76 2
32 60 3
49 18 3
49 65 3
9 4 2
77 50 2
27 38 1
99 98 2
15 2 2
14 41 3
34 69 2
73 10 4
72 18 2
92 3 4
11 42 3
84 37 4
19 81 1
79 77 4
23 1 1
73 4 1
27 72 1
74 6 3
33 94 3
60 84 3
52 49 1
22 68 2
64 41 1
26 57 3
24 69 4
6 8 3
62 66 4
27 1 1
78 6 4
33 16 4
39 25 4
21 81 1
27 98 3
71 77 3
9 83 2
79 75 2
71 81 4
69 70 3
76 61 2
46 91 4
12 14 2
58 64 4
29 99 3
91 22 3
43 71 3
16 38 2
57 23 1
99 91 2
36 54 1
51 54 2
5 73 2
33 70 4
17 53 4
44 65 2
99 48 4
28 67 4
49 97 2
26 48 4
62 32 1
20 44 4
91 74 3
86 23 3
31 42 1
10 81 1
8 88 3
62 42 4
89 80 4
74 82 2
92 10 2
61 10 3
8 26 4
7 90 4
92 5 3
46 79 2
75 18 1
16 82 2
57 68 2
34 56 1
16 2 1
83 43 4
84 32 4
63 89 3
33 93 4
84 68 1
3 67 3
27 99 4
21 7 3
68 50 2
47 2 1
53 5 3
78 3 1
92 55 1
72 22 4
46 67 2
37 4 2
15 20 3
29 86 1
65 37 1
12 70 1
13 79 3
54 0 1
97 50 1
5 97 4
22 20 3
42 38 2
0 99 2
41 33 4
35 34 3
53 18 4
10 44 3
5 48 2
46 95 4
66 28 2
77 64 4
7 2 1
25 97 4
16 5 4
40 58 1
26 50 2
88 43 1
81 72 3
83 67 4
75 3 3
30 60 2
98 67 2
66 59 3
74 25 2
47 81 4
60 31 2
90 37 2
77 8 1
58 67 1
51 69 3
39 8 4
5 14 1
59 84 4
72 96 2
88 3 3
54 32 1
2 69 3
30 1 1
81 27 4
83 49 3
69 44 1
75 50 3
60 76 3
44 15 3
86 31 3
1 24 3
99 17 1
88 79 4
17 16 1
57 76 2
94 31 2
10 3 3
24 85 3
5 55 3
46 45 2
10 97 3
18 22 4
8 51 3
54 30 1
31 22 2
74 92 1
79 76 3
28 30 4
91 37 4
97 56 2
80 10 2
88 68 4
7 98 2
60 13 3
36 79 2
21 10 3
35 55 4
38 71 3
20 60 4
50 76 2
89 74 3
69 19 2
10 46 2
50 19 4
2 34 3
62 56 2
16 29 4
83 7 3
53 51 2
62 76 3
83 17 4
39 30 3
19 77 4
69 81 1
32 65 2
93 97 2
22 40 3
4 84 1
1 80 2
63 69 4
75 68 2
88 2 4
86 41 3
83 28 2
4 50 1
80 47 3
32 86 4
59 19 2
55 48 4
92 66 1
30 18 2
99 32 4
39 90 4
69 26 1
50 93 3
44 19 2
11 4 4
15 85 1
48 80 2
81 70 4
95 33 2
38 33 3
49 37 1
8 98 2
13 47 3
63 24 3
27 79 2
32 81 3
93 7 1
66 53 2
14 28 2
59 41 1
5 89 3
87 45 4
34 91 2
91 40 1
94 14 1
89 78 2
92 16 2
7 51 3
95 8 4
22 92 3
70 28 4
36 18 2
90 96 2
12 95 4
81 15 2
46 54 4
55 49 2
72 30 1
22 80 4
1 83 1
78 27 2
94 71 2
2 25 4
29 7 1
59 52 3
39 15 1
7 39 1
44 46 3
57 92 3
42 26 3
69 82 3
90 0 3
12 34 4
64 49 2
84 52 3
23 65 3
73 18 4
60 77 1
62 78 1
4 40 3
48 93 3
47 55 1
91 93 3
79 19 2
67 17 3
1 89 1
24 94 4
47 4 2
67 57 2
29 90 1
92 25 2
21 22 1
20 38 2
44 11 1
90 56 3
94 35 2
3 28 4
58 38 1
61 58 4
63 82 2
44 58 2
41 87 4
46 97 3
30 74 2
17 56 1
72 63 1
75 7 1
96 15 1
20 83 2
63 28 3
31 65 1
73 89 3
60 16 2
88 42 1
41 63 4
95 67 3
90 58 2
52 47 4
30 87 2
66 26 1
22 55 1
96 23 2
0 33 2
97 1 1
4 36 4
4 54 1
20 33 4
7 34 2
9 14 3
26 83 4
54 83 1
16 73 1
8 44 2
59 79 4
98 74 1
87 3 1
14 55 1
81 97 4
15 53 2
39 89 4
85 91 3
93 26 2
54 44 2
83 8 1
71 62 4
26 95 4
47 10 2
31 88 4
19 42 1
62 18 2
11 19 2
41 5 1
50 72 1
53 38 2
19 26 3
20 76 4
15 41 2
58 63 4
51 63 2
60 35 2
86 22 4
33 5 2
16 97 3
87 33 1
53 14 4
29 19 1
82 1 2
9 32 1
40 7 1
67 8 3
18 66 4
69 89 3
92 93 2
1 29 1
10 68 4
97 6 2
50 17 4
25 44 4
53 95 4
22 27 2
91 96 1
33 69 1
31 1 2
64 19 3
30 77 1
92 79 3
40 42 2
91 57 3
10 11 2
98 93 2
24 20 3
75 29 2
64 18 1
74 11 3
41 12 3
18 61 1
13 3 2
27 94 4
59 61 4
71 3 3
11 88 4
1 6 1
97 85 4
12 11 4
94 83 1
12 58 3
95 31 3
57 40 4
73 38 3
31 54 4
84 51 4
74 19 3
67 22 4
77 49 1
54 86 3
89 42 1
26 52 3
14 11 4
53 8 1
98 10 2
54 64 4
76 85 1
35 33 2
80 52 3
27 14 3
93 84 2
65 87 4
15 84 4
85 77 2
66 98 4
73 82 2
12 5 1
80 36 4
18 94 1
48 0 1
28 31 4
32 68 3
20 61 2
5 94 1
25 64 3
9 82 2
49 16 2
7 64 1
7 31 1
69 87 1
78 77 2
69 74 2
83 47 4
80 66 3
67 54 2
91 11 2
11 96 3
6 80 2
56 36 3
68 44 1
31 37 4
41 3 2
16 99 1
57 18 4
2 85 1
82 81 3
75 64 3
88 27 1
74 45 4
30 62 4
7 27 4
71 13 1
53 58 3
38 98 4
60 43 1
56 8 4
21 30 2
28 75 1
74 49 3
75 92 3
8 70 4
10 32 1
51 2 2
56 30 4
21 48 2
28 10 1
18 24 1
34 5 1
97 2 4
2 10 4
93 99 2
47 98 1
77 66 4
36 46 2
67 80 2
82 42 2
51 44 4
66 24 4
56 5 4
21 34 2
19 38 1
69 5 1
55 27 3
52 88 3
69 35 2
61 64 3
67 39 1
56 54 3
93 85 4
48 59 3
99 86 1
33 34 3
54 27 3
45 70 1
80 82 2
40 72 4
56 41 4
46 52 3
67 7 2
47 92 1
46 22 3
25 85 3
35 77 2
12 6 2
71 29 2
45 88 4
77 74 4
65 60 2
67 96 3
39 81 2
46 4 4
53 52 2
41 54 2
13 34 2
58 35 2
92 78 4
11 49 4
49 86 4
7 17 4
78 1 3
10 86 4
61 83 2
36 32 2
17 4 3
48 51 3
92 96 2
89 82 3
63 20 4
10 69 3
66 63 2
9 67 4
90 9 2
31 14 2
1 37 2
27 87 1
56 57 4
19 97 1
2 90 2
61 72 2
22 17 2
49 46 2
89 26 2
39 36 3
13 33 4
18 1 3
50 59 1
57 41 4
47 62 1
11 60 3
11 80 2
68 37 4
77 61 1
96 10 2
95 34 2
94 98 4
3 86 2
91 94 2
98 63 2
96 36 3
51 87 4
34 41 3
80 4 3
58 62 2
76 54 4
0 5 1
92 53 3
40 16 4
57 73 2
47 24 4
66 89 3
76 44 2
14 56 2
24 32 1
89 44 1
13 42 2
67 63 1
72 85 1
13 24 4
25 75 4
43 82 3
67 61 2
81 8 4
61 47 2
75 27 1
50 91 4
71 68 3
34 78 1
45 77 3
63 87 3
71 12 3
6 88 2
23 87 2
24 9 3
60 89 4
98 35 2
10 5 2
87 62 3
94 43 1
73 59 2
64 39 3
22 42 3
91 31 3
79 83 2
49 90 2
67 24 4
41 60 2
19 66 4
26 41 2
8 66 3
4 85 3
6 42 1
87 8 2
16 67 1
56 70 2
65 6 1
15 57 1
71 1 4
23 35 1
97 72 1
3 23 3
70 47 1
62 20 4
66 9 4
48 38 2
12 74 2
23 95 1
28 20 3
10 74 4
46 21 1
72 32 4
82 7 3
26 67 3
89 25 4
60 99 4
17 95 2
79 66 4
3 60 1
74 80 4
94 29 3
35 45 2
65 54 3
69 78 1
43 41 4
86 39 1
71 51 4
88 40 3
25 0 1
18 65 4
36 15 4
45 51 4
25 59 2
74 42 4
64 29 3
73 41 4
59 95 4
64 62 3
97 70 4
10 16 1
4 10 4
13 89 4
80 35 1
7 18 2
18 8 3
91 15 3
81 64 4
85 82 3
87 60 1
26 84 2
80 93 4
75 88 2
96 43 2
27 9 4
53 55 2
49 13 1
29 92 2
31 21 3
82 2 3
16 74 2
55 70 3
85 54 3
61 2 3
87 85 1
88 18 2
51 80 4
86 81 2
92 83 2
33 52 1
75 67 4
41 74 2
89 11 3
72 45 2
21 0 1
43 23 1
43 59 1
40 60 4
45 28 4
86 58 1
69 75 4
33 42 2
90 74 2
28 47 2
70 92 4
14 15 4
26 63 3
91 14 1
39 18 4
81 73 2
65 79 3
65 69 3
10 36 1
3 62 1
27 34 2
74 47 4
0 81 3
17 62 1
20 80 1
20 52 2
70 21 2
39 1 2
90 44 1
95 72 4
2 66 4
70 89 2
5 21 2
68 91 4
46 8 1
66 83 1
66 76 2
19 1 2
6 45 3
44 84 3
81 62 1
17 11 4
55 44 1
9 47 3
33 72 1
53 75 2
42 79 3
28 56 3
79 78 1
5 27 2
47 6 2
83 75 4
28 94 3
21 44 4
65 8 1
10 31 3
87 7 2
50 1 1
62 19 1
22 58 2
47 32 4
40 82 2
98 87 2
14 37 2
39 52 4
13 66 3
45 36 2
34 86 2
80 49 4
23 24 1
17 97 2
45 18 2
17 73 4
58 91 1
41 61 2
58 69 1
13 97 4
81 11 2
34 89 3
79 72 2
69 1 1
99 40 2
5 67 1
84 99 4
29 0 4
13 0 2
17 33 4
75 73 4
72 11 4
84 48 4
85 84 4
64 63 3
48 62 2
8 31 3
39 66 2
39 27 1
91 16 1
55 62 1
24 81 3
70 74 2
19 94 2
43 87 4
51 27 3
41 79 4
37 25 4
57 37 3
1 62 2
59 65 1
19 96 2
25 5 2
86 37 4
35 19 4
74 83 3
64 17 2
89 29 2
80 61 3
24 51 2
74 52 1
39 34 4
34 75 2
72 78 4
28 18 2
89 52 4
67 32 2
66 84 1
97 82 4
95 92 3
14 29 3
31 74 4
57 28 1
99 75 4
72 62 1
73 63 2
89 85 3
17 28 2
56 40 3
96 81 1
34 82 1
52 64 4
24 8 3
40 32 3
58 37 2
68 18 4
6 3 1
97 80 2
81 25 1
79 62 2
45 49 3
41 84 3
6 84 4
44 94 3
5 45 2
98 72 2
59 87 4
60 29 2
79 6 2
68 15 4
69 59 2
37 24 4
96 5 2
59 68 4
63 16 1
83 5 3
20 51 4
69 62 2
28 5 1
8 38 2
27 45 2
86 67 1
38 50 1
95 80 4
46 34 4
2 68 4
7 43 2
63 40 2
74 99 4
60 34 1
90 51 2
98 60 2
84 5 2
78 9 3
59 85 2
89 2 1
52 50 3
1 15 1
7 69 3
62 97 1
7 85 1
79 22 1
10 87 1
30 93 2
64 46 2
42 92 3
95 89 2
74 88 2
62 21 4
63 38 4
3 61 2
28 65 3
4 57 4
86 82 1
70 14 2
69 38 2
63 15 4
28 59 3
69 85 4
96 59 4
99 11 1
4 88 1
16 53 3
58 46 1
63 23 1
81 49 3
35 59 4
58 78 2
41 91 1
52 37 1
56 96 4
33 48 1
54 43 1
48 32 4
24 33 1
3 82 4
0 76 2
71 10 3
6 51 4
9 12 4
71 75 3
31 24 3
23 64 2
87 39 3
64 31 2
92 62 2
67 79 1
67 51 2
93 37 2
68 27 3
56 79 1
19 57 2
87 68 4
72 86 3
77 67 1
17 0 4
77 44 1
53 39 3
0 86 3
25 48 2
97 57 3
76 38 3
50 41 1
67 74 3
13 77 3
96 89 4
99 30 3
98 23 2
64 34 3
9 81 1
57 14 2
85 32 3
32 20 3
14 7 3
6 95 1
75 57 4
35 20 2
27 26 1
74 32 2
84 78 2
21 8 1
15 72 2
15 5 2
42 64 3
80 7 2
93 28 3
79 58 1
9 97 2
95 49 1
53 61 1
28 60 4
49 2 1
34 68 2
65 51 4
40 28 1
79 20 1
25 42 2
23 73 2
63 34 2
51 36 1
96 63 3
11 8 2
12 8 1
38 60 3
95 15 4
19 5 2
57 50 3
23 79 1
79 90 3
78 80 2
20 27 3
21 42 3
34 37 3
36 74 3
99 22 4
28 58 1
11 3 3
27 61 3
44 75 2
64 60 3
98 46 3
52 79 1
16 11 1
29 74 3
91 81 4
81 80 2
29 63 2
22 30 3
80 24 3
27 82 2
76 93 3
72 0 4
87 73 1
92 12 1
37 33 3
90 5 4
30 96 3
54 80 2
41 96 4
46 96 2
25 19 4
45 68 4
52 15 2
23 74 4
22 62 2
74 14 4
88 82 3
16 19 1
99 24 2
28 23 4
29 43 1
28 73 2
60 22 3
95 86 2
40 94 1
70 41 3
24 22 1
63 60 1
32 94 1
58 21 3
43 36 4
57 34 3
37 74 1
76 48 4
2 42 2
16 36 4
34 66 4
41 23 3
32 64 2
72 5 2
70 86 2
83 33 1
16 79 3
64 82 1
87 53 3
68 28 1
73 53 3
7 20 1
99 81 1
7 60 1
90 22 4
55 84 2
44 38 2
33 27 2
4 28 1
61 38 2
96 8 4
11 25 4
63 88 3
43 44 1
70 4 1
13 41 1
95 88 3
87 89 3
4 59 3
76 91 1
17 41 2
9 31 3
82 66 1
6 76 4
30 48 1
50 64 4
99 37 1
14 60 2
47 23 1
58 49 3
12 91 2
1 25 3
33 71 2
17 87 2
49 70 4
50 60 1
38 92 1
23 40 4
50 43 2
26 91 1
50 13 1
9 18 4
13 22 4
76 18 2
21 24 3
59 1 4
19 84 2
38 80 4
53 57 2
96 55 3
66 25 2
38 40 2
7 95 3
37 12 3
9 25 2
12 51 2
29 97 4
19 3 4
67 10 3
8 2 3
57 0 1
2 39 1
4 13 4
92 37 3
64 59 4
77 72 1
26 16 4
79 86 2
77 96 4
11 31 4
15 7 4
93 39 1
40 80 2
15 69 3
96 82 1
39 99 4
48 12 2
44 23 3
29 2 4
42 54 3
32 17 1
34 6 3
31 2 4
81 38 4
80 9 2
49 99 3
98 95 2
80 75 3
75 24 3
36 76 1
32 79 1
72 10 3
53 40 4
71 82 4
30 19 2
73 68 2
0 26 1
15 75 2
23 19 4
40 21 1
31 69 4
85 60 2
81 83 4
9 50 2
11 94 3
25 77 4
56 31 4
44 95 3
78 0 3
56 53 3
82 14 1
46 15 1
93 21 3
80 5 1
18 0 2
46 9 3
99 71 2
70 48 1
32 49 2
41 29 2
71 61 2
43 57 1
46 7 4
91 9 1
0 96 1
31 20 3
20 84 3
29 65 3
79 21 4
18 81 1
21 60 4
52 95 4
79 99 3
71 40 4
10 9 3
13 10 4
69 86 1
20 18 3
18 27 2
76 64 4
96 69 1
52 69 2
89 98 4
21 37 3
55 2 4
97 66 2
46 13 1
35 53 1
7 1 1
55 21 3
22 26 2
98 53 1
33 75 4
2 32 1
69 16 1
4 31 4
42 8 2
69 47 3
46 47 4
95 97 2
45 55 4
4 14 1
67 40 2
64 74 2
48 98 3
2 62 4
31 57 2
37 54 1
13 6 2
24 60 1
73 44 2
93 41 2
17 36 4
80 26 2
52 68 4
50 89 3
13 57 3
23 21 3
2 92 3
51 14 3
38 70 2
0 39 4
95 29 4
88 61 1
58 94 3
72 57 1
20 57 1
86 12 3
8 5 3
44 16 2
17 9 2
60 37 2
61 22 3
60 75 4
60 71 4
27 0 4
62 39 2
16 75 4
94 73 4
7 50 3
38 55 3
86 8 4
83 16 3
13 68 4
85 6 4
23 31 1
36 27 4
96 16 1
65 70 3
24 25 3
93 19 1
32 50 4
71 7 4
11 90 4
88 92 3
53 1 3
6 48 2
87 37 4
29 42 1
43 5 2
39 88 1
97 75 1
91 63 3
50 8 4
57 30 3
57 90 3
38 39 2
91 75 2
36 20 2
53 42 4
95 1 4
18 48 4
55 7 3
74 65 1
88 69 2
68 20 4
85 42 1
48 61 3
14 10 1
38 15 2
55 1 2
7 54 4
95 36 1
31 39 4
65 25 1
74 1 2
69 90 4
85 95 3
60 23 1
32 25 3
36 69 4
99 23 2
85 9 1
84 8 1
45 59 1
79 18 2
76 68 2
76 42 2
8 19 4
38 68 4
57 10 2
38 79 3
10 45 2
67 0 2
7 10 4
72 71 4
75 93 1
86 76 4
63 4 1
35 97 2
85 80 2
82 57 4
23 11 4
19 83 3
56 32 2
91 39 2
36 99 3
85 29 4
