95 20
0 17 1
1 16 2
2 6 1
3 10 9
4 13 7
5 10 1
6 16 4
7 12 8
8 1 4
9 1 9
10 19 2
11 12 1
12 19 4
13 17 7
14 19 4
15 14 8
16 10 4
17 3 2
18 10 7
19 0 4
12 5 4
4 14 1
9 5 2
10 17 2
5 16 2
18 8 4
2 15 3
12 17 2
16 15 2
5 8 1
13 12 3
1 6 3
11 13 1
15 4 3
2 13 3
4 0 3
4 16 2
18 11 2
8 2 2
16 0 1
7 2 1
0 14 3
4 8 3
14 8 4
13 18 3
9 17 1
3 6 3
5 6 1
3 19 2
9 12 2
18 3 1
7 14 2
15 7 4
1 14 1
5 0 3
9 14 2
19 2 3
16 2 3
3 9 1
18 15 2
5 13 4
16 17 1
6 10 1
18 4 3
3 12 4
14 12 1
7 10 1
10 0 4
10 15 3
15 0 1
18 14 3
18 19 2
0 13 1
8 13 4
5 19 1
15 12 4
14 2 3
17 15 4
0 6 2
0 12 3
10 1 3
9 13 4
7 19 2
9 11 2
7 9 2
10 4 3
4 19 1
11 14 1
5 17 4
6 14 2
13 6 3
2 0 3
1 3 3
4 6 4
3 15 1
