612 50
0 19 4
1 43 4
2 32 5
3 9 9
4 48 4
5 32 9
6 31 8
7 9 1
8 17 4
9 35 4
10 25 6
11 34 7
12 18 7
13 30 1
14 45 9
15 45 3
16 6 4
17 15 4
18 35 9
19 12 1
20 41 3
21 35 6
22 29 8
23 46 7
24 43 3
25 11 7
26 14 2
27 12 3
28 0 7
29 11 4
30 3 3
31 40 8
32 7 2
33 21 6
34 10 8
35 10 7
36 39 3
37 20 8
38 12 8
39 43 7
40 25 9
41 35 2
42 2 9
43 24 9
44 21 7
45 29 7
46 40 3
47 13 8
48 37 1
49 3 3
35 49 3
40 28 3
39 46 2
1 13 2
7 30 4
44 19 1
22 23 3
24 39 1
30 22 3
16 18 3
18 48 3
27 7 1
7 34 3
20 0 3
13 44 2
8 0 4
25 15 4
21 13 2
22 18 2
1 31 2
0 13 3
49 20 1
7 5 1
2 1 1
5 47 2
42 0 1
39 27 3
44 10 4
41 18 3
43 5 1
9 44 2
34 43 4
11 47 3
36 2 3
24 42 1
19 2 2
28 12 1
20 10 3
20 48 4
9 40 4
41 37 4
28 47 3
37 47 2
11 0 1
30 38 3
4 25 3
10 17 2
5 35 4
23 6 3
18 47 4
31 14 1
33 8 2
20 39 3
29 13 3
26 35 2
45 6 2
38 10 2
41 29 3
44 24 3
39 0 1
34 31 3
27 33 3
1 0 2
0 48 1
26 13 3
25 48 1
18 33 1
43 20 1
17 21 4
42 15 3
18 43 1
28 20 4
14 25 4
40 16 4
31 46 4
36 19 4
4 23 2
2 21 1
42 27 3
12 40 3
25 38 3
17 37 1
42 43 1
6 20 4
6 19 2
22 4 2
18 2 4
39 7 1
47 40 4
9 16 2
36 35 1
9 42 4
19 25 3
38 11 2
35 20 2
19 46 4
38 48 1
3 21 3
6 39 2
13 45 3
21 14 1
1 34 2
30 33 3
42 47 4
30 2 3
43 47 4
43 19 1
13 11 3
1 17 4
13 16 3
9 23 3
33 11 1
39 23 4
46 30 4
25 49 3
16 37 1
41 48 2
26 37 3
42 14 3
1 36 2
9 39 4
15 19 3
15 47 1
4 49 2
36 12 3
46 13 3
13 41 4
12 0 4
17 14 2
18 27 1
33 34 3
29 42 4
32 43 3
14 44 3
39 26 4
30 18 1
11 1 3
11 10 1
4 27 3
10 24 4
14 47 3
29 26 4
47 46 2
23 38 4
26 20 3
49 22 1
2 29 3
7 46 2
46 18 3
26 22 1
47 19 2
12 4 3
21 43 2
40 29 3
21 19 4
9 49 1
12 34 1
2 24 4
47 31 4
48 14 1
27 41 4
42 35 3
26 34 1
31 18 2
42 11 2
2 28 3
15 11 1
22 43 4
40 7 3
9 10 1
37 35 2
34 22 1
15 1 3
9 46 4
8 48 3
35 48 1
28 32 3
47 16 3
36 11 4
17 41 1
30 42 1
14 2 3
19 7 3
27 24 1
36 5 2
47 23 1
3 7 3
37 40 1
25 37 4
2 27 2
39 18 3
31 42 3
38 20 3
40 43 4
44 6 3
46 8 1
39 45 4
27 1 2
6 1 1
48 9 3
6 17 3
17 29 4
18 1 2
32 36 1
35 34 3
12 42 4
4 10 3
27 29 3
36 26 2
28 26 2
48 31 1
1 10 2
5 26 4
6 28 2
30 43 2
15 2 2
34 4 2
1 48 1
1 49 2
35 24 1
38 9 4
16 2 4
2 46 4
48 45 1
47 32 4
19 41 2
23 40 3
0 10 3
23 26 2
45 40 1
48 28 3
23 30 1
12 11 4
1 46 1
24 7 4
16 39 3
0 38 1
5 39 1
10 43 4
7 23 4
45 35 1
10 33 3
46 21 1
2 9 3
29 36 4
33 41 3
28 36 4
39 4 2
13 19 2
7 33 3
17 25 1
24 28 4
3 15 1
34 41 2
31 26 2
25 43 3
43 44 2
4 14 1
30 1 1
28 23 1
10 45 1
15 32 3
30 24 3
7 45 2
49 37 3
33 9 1
22 3 1
21 42 3
9 5 2
1 33 3
45 38 2
12 14 1
0 36 3
23 8 2
0 31 2
37 3 4
14 22 2
19 16 1
24 17 1
20 1 1
6 33 3
2 45 4
34 15 4
16 29 2
20 3 4
43 26 4
27 10 2
47 35 3
13 14 1
38 47 3
29 12 1
13 4 1
15 22 1
6 4 2
18 40 2
20 40 1
8 30 2
47 0 1
25 33 2
0 27 1
11 32 4
28 8 1
7 18 1
9 26 2
4 46 3
34 5 3
29 20 3
31 41 1
17 44 1
41 11 1
48 17 2
35 31 3
34 48 1
1 37 2
16 15 2
21 15 1
22 25 1
11 8 2
38 26 2
15 31 1
19 14 2
27 11 3
12 5 1
4 29 4
32 38 3
13 28 1
2 11 1
32 19 3
13 43 1
6 24 1
37 24 3
36 49 1
23 43 2
9 36 1
42 36 4
44 3 2
16 36 4
0 41 3
32 20 3
20 21 1
44 30 2
4 45 1
38 15 2
17 28 3
38 36 4
32 6 4
6 11 3
13 34 4
24 49 2
39 17 3
36 45 2
42 39 4
33 5 2
48 33 3
13 8 3
45 24 2
38 27 2
24 26 1
1 28 2
33 20 2
11 20 2
41 3 2
44 15 4
10 39 3
46 5 3
41 45 3
47 25 2
32 49 3
45 0 2
17 9 3
16 41 1
23 49 2
43 36 2
3 38 4
41 5 2
21 39 4
49 5 1
2 22 1
31 9 3
15 0 4
44 29 2
41 9 2
3 48 4
26 12 3
15 13 4
38 21 3
5 29 4
7 6 1
15 23 4
45 12 4
37 8 4
42 28 4
43 0 4
39 41 2
10 6 3
40 2 1
17 19 1
3 43 1
25 42 3
17 0 4
12 49 1
33 36 1
12 7 4
40 39 3
15 18 4
47 39 1
17 32 3
45 9 4
11 44 2
44 40 4
3 32 3
10 28 1
32 33 2
6 13 2
44 22 2
36 48 4
9 0 4
11 37 4
47 29 4
28 34 3
17 13 4
3 8 3
41 23 2
34 32 1
45 47 2
9 37 4
43 37 3
36 41 2
34 16 1
36 10 4
37 31 3
30 9 2
23 25 4
6 46 4
44 38 3
30 45 4
11 31 2
16 49 2
36 27 1
18 6 2
42 49 2
18 19 3
19 31 1
44 12 1
40 15 1
40 27 2
38 28 1
11 22 3
36 34 2
22 41 1
24 48 1
25 26 1
14 36 2
34 49 1
33 2 3
24 38 3
30 49 3
47 26 1
29 38 3
42 45 3
40 4 4
24 18 3
49 14 4
28 46 1
32 48 1
46 25 3
21 18 1
38 16 4
45 34 1
41 46 1
31 3 4
31 38 4
35 22 2
5 10 4
16 32 2
20 8 2
45 1 3
7 38 1
27 22 4
28 7 4
21 26 2
25 29 4
19 22 2
20 12 1
20 45 2
27 44 2
2 5 4
13 22 4
39 32 1
43 7 1
28 25 3
19 35 2
32 29 1
23 2 3
45 16 4
31 2 1
19 49 3
46 49 4
7 15 3
31 36 4
4 36 4
0 16 1
6 21 4
24 1 4
43 9 3
45 23 1
9 28 1
16 23 4
11 43 2
26 48 4
5 45 3
30 20 2
4 47 2
43 48 3
19 27 2
14 39 3
16 27 1
13 18 2
48 19 2
30 14 2
46 44 3
37 46 2
29 0 1
11 14 2
25 9 1
31 23 4
11 21 4
37 5 4
40 26 3
3 12 1
21 12 3
41 26 2
21 9 2
10 32 1
19 42 4
3 40 3
28 15 4
19 4 4
48 10 3
23 21 3
37 4 4
42 40 3
44 35 3
35 15 3
5 28 1
3 0 1
38 40 3
13 36 3
15 4 3
14 24 3
0 18 1
49 26 2
14 46 2
38 41 4
30 10 1
40 21 1
20 36 1
31 8 1
11 4 3
21 0 1
38 22 4
45 37 2
