1213 50
0 46 5
0 2 4
46 35 4
46 18 8
0 15 1
18 47 5
47 23 4
2 24 1
24 44 9
0 32 6
2 33 5
18 8 8
46 25 2
8 20 8
8 16 2
2 5 4
47 28 7
2 1 3
18 34 1
16 7 2
35 37 6
46 9 8
7 38 2
5 3 3
3 14 8
9 12 5
1 19 9
3 42 1
0 49 4
9 11 2
12 48 3
33 22 5
35 39 7
14 27 7
19 10 2
34 26 2
35 17 2
17 40 2
20 6 5
3 45 3
27 31 4
19 4 2
35 13 6
2 36 5
46 29 7
48 43 5
7 30 5
12 21 5
30 41 2
43 24 1
32 29 4
43 6 4
10 43 2
9 16 3
26 17 2
1 0 2
47 13 4
6 45 3
48 13 4
8 27 1
47 30 3
39 44 4
23 40 1
48 9 2
33 37 1
22 37 1
49 42 4
32 36 2
42 46 1
47 11 4
43 42 3
48 19 1
10 17 3
45 47 2
20 10 3
8 44 4
21 16 4
5 28 4
14 2 1
21 15 2
4 11 3
21 10 2
3 9 4
29 47 1
34 5 2
40 32 2
17 23 3
31 37 4
6 4 3
47 39 3
11 30 3
8 4 3
19 32 4
33 28 2
15 18 4
13 3 2
35 3 4
34 36 4
27 34 4
25 42 1
17 30 3
43 0 1
37 42 1
38 13 2
38 32 3
5 24 4
5 8 4
28 39 2
20 14 3
32 9 4
9 31 3
44 33 2
5 44 2
49 1 2
9 33 1
17 46 1
23 28 2
12 41 1
48 41 1
17 4 1
20 19 2
29 9 1
30 28 2
18 11 2
42 5 4
2 9 4
20 45 1
28 24 2
27 40 3
36 43 4
33 0 1
8 3 2
22 5 1
1 4 2
45 5 4
47 31 3
46 36 3
35 49 3
1 45 2
20 29 3
44 40 3
2 29 3
43 34 3
26 19 1
27 6 2
17 6 2
6 36 1
5 6 3
23 16 3
13 4 1
47 17 2
47 2 2
5 14 1
4 3 1
47 3 3
27 9 4
37 3 2
30 10 2
24 11 3
18 32 3
4 43 3
15 25 1
30 31 4
35 0 2
28 25 3
10 26 1
25 43 1
46 8 1
34 23 4
42 48 3
28 37 4
37 44 4
41 10 1
36 9 3
12 10 4
9 0 4
2 43 2
23 46 3
2 12 4
41 39 2
42 13 1
24 33 2
8 39 2
7 37 3
31 32 1
31 13 4
36 30 3
20 49 3
23 14 3
36 41 3
49 7 3
41 8 2
20 22 4
10 24 2
35 33 1
24 48 2
3 16 4
17 3 4
26 4 2
0 19 1
25 19 2
22 4 3
27 30 3
25 36 4
9 21 4
41 28 2
43 29 4
38 44 1
17 9 2
23 11 4
15 31 1
41 40 2
13 22 2
12 31 1
7 34 1
36 39 2
6 9 2
49 10 1
32 35 2
23 8 1
15 19 1
10 42 2
42 30 3
16 46 2
18 17 1
11 17 4
17 29 3
34 33 1
42 11 3
40 8 2
23 20 3
41 27 2
32 14 2
20 25 2
5 31 1
33 16 4
13 15 3
45 2 4
24 36 4
21 40 1
21 48 1
28 16 2
1 34 4
16 13 2
3 21 1
48 6 3
40 16 2
18 30 2
47 16 2
30 43 2
6 13 1
46 22 4
12 43 2
34 4 4
11 2 4
14 33 2
45 34 2
20 1 2
1 11 2
29 33 3
15 16 1
6 7 1
29 40 3
14 30 3
15 5 1
41 7 2
8 13 1
26 45 3
43 45 1
4 35 4
7 27 2
6 10 3
7 1 1
20 7 3
41 35 3
15 40 4
12 36 2
24 4 3
16 36 1
40 2 2
30 37 2
28 20 3
13 14 1
3 12 1
38 34 1
6 3 3
0 3 1
40 10 3
13 40 3
0 22 2
12 25 4
4 29 4
11 48 2
18 21 3
4 41 1
16 24 1
43 44 1
44 3 3
22 40 1
22 32 3
27 22 4
5 17 4
4 32 4
9 39 2
23 26 4
48 16 2
27 4 3
13 20 3
41 47 1
17 19 3
41 31 4
36 0 4
32 7 3
6 42 1
17 15 1
0 23 4
39 18 2
26 39 2
35 34 3
33 10 1
30 3 1
13 27 1
28 36 2
2 18 3
33 25 3
2 21 1
6 47 1
48 27 1
1 47 1
39 6 1
27 11 4
3 39 4
1 14 3
44 22 1
30 6 3
19 8 4
13 34 3
18 42 4
14 24 3
7 29 2
42 1 1
37 8 4
7 35 2
43 18 4
43 17 1
46 15 1
34 12 1
39 10 3
45 28 4
4 28 4
40 47 2
41 49 1
1 15 2
30 33 4
8 15 1
48 1 4
10 9 1
25 44 2
8 35 4
31 6 2
35 27 4
37 23 3
6 40 3
48 38 4
26 37 2
38 9 4
7 5 3
37 47 3
29 39 1
0 29 1
31 38 1
41 29 1
22 45 3
43 46 4
44 19 3
49 4 3
23 44 2
23 1 2
4 14 3
46 49 3
22 26 4
40 30 1
34 16 4
46 31 3
0 13 2
16 43 2
43 28 4
16 4 3
36 14 4
18 1 3
31 45 1
3 34 1
11 21 1
32 46 3
9 4 2
42 31 4
15 45 2
35 29 3
34 8 4
22 1 2
27 25 2
11 39 1
48 26 1
33 23 3
39 12 1
24 29 4
8 31 1
23 39 3
20 36 2
22 25 4
35 11 4
0 14 1
6 0 3
17 7 3
42 0 2
3 43 4
32 25 1
36 27 2
49 16 2
10 16 1
16 20 3
10 44 2
44 6 4
47 42 3
29 49 2
49 28 4
14 42 4
43 47 1
19 30 1
15 27 3
25 37 4
37 27 1
7 48 1
6 18 1
22 42 3
8 26 4
1 46 2
46 11 3
16 17 3
24 0 4
44 20 1
28 40 3
29 14 3
14 11 1
36 1 4
28 42 4
13 32 1
8 0 3
17 14 3
8 21 3
24 31 2
16 25 1
7 43 4
31 35 2
28 11 3
40 26 4
26 35 3
17 25 4
46 2 2
48 2 2
4 37 2
17 28 3
30 49 4
25 14 2
26 32 2
27 38 3
26 38 3
25 2 4
19 5 4
4 31 4
23 42 2
25 41 2
12 33 1
47 32 2
25 38 1
10 5 4
30 48 3
36 47 1
33 7 2
33 11 2
29 26 2
23 13 1
19 14 3
10 29 1
48 44 4
19 6 3
24 49 2
46 38 4
1 26 4
33 31 1
9 25 4
35 44 4
33 40 4
28 15 4
25 31 4
20 4 4
4 18 4
24 30 1
41 16 1
18 19 4
21 27 1
29 6 4
19 27 1
10 34 3
37 18 2
28 18 3
28 31 3
14 6 2
29 27 4
24 8 1
36 38 3
38 41 3
7 9 2
17 1 3
13 7 3
13 46 1
42 17 1
16 39 1
20 38 3
44 15 4
18 0 4
26 2 1
16 14 4
25 18 1
16 27 4
33 15 1
38 43 1
46 10 1
34 14 2
43 1 1
41 5 3
26 24 3
36 13 1
42 34 1
6 41 4
45 48 3
26 11 4
7 42 1
30 12 3
24 6 3
31 22 2
34 37 4
15 49 3
17 13 4
41 42 2
37 17 4
8 9 4
1 6 2
34 0 1
48 10 4
23 7 4
6 34 4
37 48 1
41 46 3
27 39 3
22 49 4
47 9 2
32 3 1
16 18 4
29 8 4
12 49 2
13 19 2
22 23 2
22 19 1
47 10 2
41 2 4
18 31 1
22 15 3
30 26 1
17 32 2
40 19 2
41 15 1
8 28 1
1 3 2
23 49 3
15 24 4
15 6 4
34 21 2
25 13 4
38 45 3
23 38 2
38 6 2
41 13 3
27 44 4
46 47 4
14 43 3
20 11 3
14 46 4
13 49 1
38 28 1
24 40 1
5 13 3
32 49 3
30 39 4
7 24 2
37 49 1
43 27 2
17 49 1
4 0 3
10 4 3
16 35 1
39 37 2
7 47 1
45 49 1
28 32 1
24 12 1
30 44 3
20 46 4
22 43 3
41 20 3
3 36 4
45 44 3
41 45 3
10 37 3
44 9 4
6 21 2
7 39 3
39 48 2
44 18 1
8 49 1
1 41 3
8 11 2
10 14 3
42 8 1
33 17 4
2 20 1
15 11 4
38 35 4
5 21 1
47 4 2
10 25 4
16 5 1
17 21 2
30 25 1
4 48 1
14 21 1
20 24 4
23 9 4
28 46 4
35 47 3
15 32 2
21 29 4
0 45 3
40 38 1
32 6 4
21 19 2
40 34 2
3 23 4
35 36 3
26 13 4
44 42 2
36 42 3
42 16 4
37 45 3
43 33 3
43 31 2
1 13 1
36 10 4
30 4 3
49 48 2
3 18 1
1 40 2
25 11 1
0 7 2
8 22 1
29 30 1
8 38 4
19 33 3
28 10 3
49 33 1
31 11 3
45 24 4
32 5 4
32 12 1
3 25 4
46 44 1
43 8 2
38 19 3
9 49 2
47 5 1
41 19 2
38 4 1
16 12 4
26 6 4
30 35 2
18 13 1
25 21 4
39 45 4
29 1 3
40 48 2
9 15 2
33 32 1
46 24 4
43 37 4
2 7 2
7 10 1
0 31 3
39 24 3
15 12 3
14 49 3
36 31 4
1 8 3
43 13 3
0 48 2
20 30 2
33 41 3
23 18 2
3 20 1
36 44 2
29 37 2
37 6 2
45 23 3
21 45 1
25 40 1
23 32 1
21 39 3
0 47 3
46 5 3
25 24 2
48 20 2
18 20 1
14 15 3
35 40 3
23 27 4
16 38 3
11 0 3
23 24 1
45 30 1
31 34 1
43 15 4
48 35 2
26 3 3
15 42 4
23 36 3
45 4 4
45 40 2
8 36 4
9 14 2
23 31 2
8 48 2
25 6 4
0 39 1
47 44 4
22 48 1
30 23 1
44 32 4
32 24 3
12 18 1
18 9 1
24 35 1
34 30 4
2 42 2
33 5 2
32 39 2
39 31 4
49 36 3
14 26 2
42 12 3
27 0 4
44 41 3
19 31 4
5 39 4
11 13 1
25 5 3
26 41 2
46 40 1
20 42 2
14 44 4
42 21 2
5 36 2
38 3 3
36 19 4
19 16 3
35 6 2
28 35 3
16 26 2
14 35 4
19 49 2
36 15 2
12 27 2
22 21 3
39 1 3
37 24 4
0 26 1
26 25 4
6 23 2
20 47 3
35 2 4
37 1 1
26 21 4
9 19 1
4 39 3
45 27 1
16 32 1
43 11 2
49 18 1
38 42 1
32 8 3
6 2 3
26 42 1
47 24 3
29 18 2
38 11 4
47 48 4
40 3 4
11 10 4
5 9 2
49 3 2
13 30 1
28 9 1
30 8 4
10 13 2
35 22 4
38 33 4
47 38 2
14 18 3
44 26 3
2 13 4
37 32 4
2 10 3
6 12 4
37 15 2
4 15 1
14 28 2
45 7 2
22 18 1
10 15 4
6 8 4
45 11 4
10 23 4
4 12 3
38 18 2
14 40 4
29 23 3
22 9 4
8 25 4
19 34 2
39 46 2
23 12 2
38 1 3
40 43 2
31 40 3
38 5 4
12 22 1
30 38 4
28 6 2
37 5 3
20 39 3
33 48 3
30 0 4
22 34 4
1 33 4
15 2 4
2 22 2
48 17 2
10 32 2
7 14 4
45 14 4
8 12 1
24 34 1
29 36 1
24 9 1
29 11 3
40 12 4
0 16 3
25 7 4
17 0 1
48 36 4
19 43 1
43 32 3
14 39 1
25 39 3
34 44 1
5 4 1
7 44 2
49 47 2
12 38 2
12 29 1
2 23 2
33 36 2
32 48 3
19 11 2
42 45 4
25 49 2
27 5 2
12 7 1
5 12 1
14 37 2
10 22 1
46 37 4
45 10 4
20 32 1
7 19 1
17 20 2
3 29 3
48 23 2
49 39 4
42 29 2
41 0 2
23 5 4
6 16 1
33 20 2
38 14 4
11 22 2
47 14 1
42 32 2
4 36 1
44 28 1
34 41 1
26 36 3
21 44 3
34 15 2
14 22 1
29 45 1
19 2 2
3 48 2
2 44 1
21 36 3
47 12 2
12 1 4
11 32 1
21 46 3
47 15 1
27 28 4
6 33 2
12 35 1
46 27 1
33 42 2
48 25 3
10 0 1
45 46 1
45 8 3
30 46 2
47 27 1
24 18 1
5 35 1
33 18 4
40 20 4
45 18 2
41 9 4
45 9 2
41 21 1
9 30 2
2 16 3
46 4 1
43 49 4
3 2 2
46 3 1
26 5 2
38 15 2
17 45 4
35 25 2
40 18 3
34 17 4
4 44 3
29 16 2
26 49 2
22 24 4
43 5 4
29 34 1
21 4 3
21 49 3
12 46 4
29 5 4
43 41 1
29 19 3
8 17 4
11 40 3
28 22 1
48 5 2
11 37 2
32 30 4
44 29 1
41 32 2
35 18 2
23 41 1
22 3 2
37 38 1
19 45 3
5 49 1
7 21 2
17 44 1
48 46 2
32 27 3
11 5 4
26 28 1
27 10 2
18 5 1
13 9 3
17 27 2
27 3 1
0 38 3
2 4 4
15 39 1
25 47 3
18 26 2
3 41 3
48 34 4
19 24 1
21 20 2
34 9 3
18 48 4
39 34 2
35 23 4
46 7 2
1 31 4
9 37 3
1 30 4
1 16 1
43 20 3
33 21 3
2 38 2
19 23 2
16 45 4
2 49 1
13 45 1
12 19 3
26 9 2
27 42 1
12 14 3
38 39 3
1 44 2
33 26 1
3 33 3
42 39 1
35 10 2
21 13 4
45 25 4
7 18 4
33 45 1
15 29 4
24 38 3
40 42 3
32 1 2
49 27 2
10 38 3
13 28 2
42 19 1
31 3 4
34 28 3
31 17 2
38 22 3
36 18 4
35 43 2
20 37 4
20 34 1
28 1 4
20 5 3
13 24 2
11 16 4
49 31 4
14 48 2
26 31 2
6 22 3
17 12 3
4 25 4
33 46 2
26 47 3
15 20 1
23 15 3
28 21 3
34 2 3
39 17 4
33 8 1
42 9 1
6 46 1
7 4 3
34 32 2
21 23 3
43 39 1
27 2 1
3 11 4
44 11 2
19 3 1
28 12 1
46 19 3
38 17 1
40 39 3
29 13 2
12 0 4
7 3 4
33 27 3
20 35 2
7 40 3
21 1 2
20 0 1
19 28 2
38 21 3
35 45 3
31 2 3
14 41 2
10 1 1
48 31 2
28 2 2
30 16 3
26 27 1
1 35 3
18 41 3
7 36 3
21 35 4
5 40 3
12 44 2
21 32 2
49 11 4
26 7 2
46 26 2
3 28 3
39 13 1
36 11 2
35 9 2
28 7 2
47 19 3
12 26 3
5 1 3
12 45 2
22 29 1
17 41 2
22 16 2
40 37 1
6 11 1
25 29 3
11 41 4
34 25 3
44 0 2
25 1 4
30 5 2
22 30 3
4 40 1
34 46 4
2 37 4
36 37 2
24 3 3
8 14 4
5 0 3
28 29 3
20 12 3
37 19 1
37 13 3
17 24 2
33 47 4
12 11 3
49 38 2
24 27 1
16 31 4
15 48 3
40 9 4
20 9 4
12 13 4
35 15 4
36 17 1
23 43 1
10 8 4
43 9 4
4 33 2
37 21 4
31 21 4
8 47 2
8 7 2
10 18 1
10 3 2
31 7 3
4 42 1
4 23 2
15 30 1
32 2 1
2 17 3
39 22 1
36 22 4
19 35 3
20 27 4
44 16 3
7 15 4
38 29 2
27 1 1
12 37 1
0 40 3
31 20 1
8 2 3
3 15 4
34 47 3
44 13 4
22 17 1
29 31 1
29 48 3
2 39 1
28 48 3
10 31 2
40 49 1
6 49 2
7 22 1
1 24 4
39 19 3
21 43 3
35 42 4
36 40 3
37 16 1
28 0 2
31 14 3
49 44 1
41 22 1
36 45 4
13 33 1
30 21 4
37 41 2
24 21 3
39 33 2
24 41 2
0 37 2
30 2 3
26 20 2
9 1 1
49 34 2
18 27 4
