1213 50
0 27 5
27 7 2
0 5 6
0 41 5
41 39 6
41 48 6
39 19 9
48 46 4
46 12 4
12 21 7
5 24 5
7 44 8
46 33 3
48 1 4
33 49 7
12 37 2
44 8 1
21 18 5
7 31 9
46 38 6
7 11 8
11 28 4
44 45 8
27 4 9
39 40 6
38 9 9
37 17 3
9 22 2
12 3 5
40 14 5
19 32 1
45 30 9
28 34 7
27 43 8
40 25 4
8 10 7
38 13 7
3 23 7
40 36 3
7 29 7
10 35 8
27 16 6
31 42 6
49 20 5
24 6 5
5 47 4
20 2 9
38 15 5
20 26 2
9 49 4
8 4 1
40 4 4
26 36 1
8 3 4
21 31 2
44 41 3
1 2 2
20 21 4
35 1 2
0 31 3
3 47 2
45 35 3
33 3 4
35 48 2
41 49 1
36 24 1
10 31 4
32 43 1
13 11 3
17 27 2
22 28 4
48 27 4
41 6 3
43 4 3
44 17 1
10 13 4
49 42 2
14 30 2
7 1 3
38 29 3
47 22 4
13 20 1
34 17 3
28 14 2
31 20 3
2 4 3
40 21 1
14 49 1
40 48 1
46 47 3
27 1 3
18 46 3
27 35 1
32 7 3
45 36 1
26 49 2
28 33 1
29 37 2
10 32 2
7 0 2
39 25 1
8 47 1
13 17 2
47 45 4
23 48 3
28 19 2
36 30 4
3 24 4
40 15 1
9 2 4
24 49 2
6 17 1
11 30 4
0 36 4
22 10 1
19 26 4
33 26 2
35 31 4
17 40 1
27 36 2
20 5 2
8 2 1
24 42 4
39 22 4
47 21 4
49 8 1
16 41 1
12 43 4
6 23 4
24 23 3
9 8 1
20 6 3
22 46 3
11 3 2
43 30 3
36 31 3
33 30 3
28 25 3
30 8 3
34 45 2
46 24 2
43 37 3
46 8 1
13 18 1
39 18 4
22 12 1
34 48 1
40 16 1
25 1 4
47 6 1
32 24 3
18 8 4
31 45 2
24 33 2
28 40 2
17 35 1
3 17 1
35 34 4
17 47 4
24 18 1
32 47 4
37 10 4
21 26 4
35 25 1
44 5 3
21 10 2
18 33 1
37 11 4
23 45 1
11 34 2
8 45 3
0 17 1
0 15 2
30 16 2
28 4 1
27 31 4
20 27 4
11 25 1
6 9 1
14 37 1
11 29 1
20 46 2
3 9 4
15 37 3
14 0 1
48 6 3
43 39 3
45 29 2
49 34 4
33 41 3
38 40 3
21 4 3
46 40 2
28 31 4
5 1 3
30 20 4
8 31 1
12 11 3
4 0 2
25 44 1
39 35 3
19 30 3
48 36 4
23 46 2
18 28 3
10 39 1
4 36 2
20 32 4
34 23 3
14 24 3
22 14 2
3 45 2
8 5 3
38 35 1
36 12 4
32 14 4
4 18 4
22 48 3
4 29 4
3 28 1
46 13 3
3 10 4
9 26 1
42 39 4
23 40 2
34 36 1
6 16 3
8 16 1
4 41 1
36 32 1
10 14 2
14 15 3
32 35 2
1 20 3
32 42 4
44 34 1
26 38 3
26 29 1
3 15 4
14 12 2
35 46 2
6 8 4
30 10 3
47 28 3
34 27 3
41 42 3
44 28 1
33 21 2
40 13 4
40 42 1
42 13 2
32 37 1
9 7 1
18 15 3
11 8 4
32 12 2
30 17 4
45 19 1
29 13 1
25 29 2
2 12 2
48 38 2
38 4 2
4 16 2
4 5 3
43 44 2
0 6 2
24 0 1
23 38 3
38 12 2
23 2 1
35 37 2
35 19 3
3 4 4
16 10 2
40 37 1
9 17 1
9 25 3
15 16 3
21 11 4
34 1 3
40 20 1
38 5 1
18 19 1
23 25 2
21 30 4
44 37 4
43 3 1
32 4 3
42 45 2
48 39 2
28 27 4
12 34 4
45 0 4
37 38 3
19 13 1
45 10 1
12 28 3
27 40 2
1 26 1
49 4 2
8 29 1
26 42 3
13 35 2
47 35 4
37 30 4
32 21 2
2 22 3
16 42 2
9 39 4
42 23 1
31 44 2
9 46 2
35 26 2
30 13 4
31 24 3
26 2 2
17 33 2
23 15 1
45 28 1
32 39 3
9 34 2
12 1 4
10 29 2
26 30 2
29 9 4
13 28 2
25 18 2
14 34 1
11 41 1
39 20 1
44 0 2
27 5 3
41 46 3
46 30 1
10 5 1
47 41 1
18 44 3
39 4 3
11 39 3
27 41 2
39 3 2
42 0 2
22 30 2
31 33 1
37 49 2
12 40 1
47 27 4
46 39 1
10 1 4
47 15 3
43 17 1
20 19 4
15 32 2
33 4 1
4 25 3
4 13 4
48 9 3
46 10 2
4 17 3
8 28 1
44 27 3
39 27 1
9 47 4
15 11 1
28 17 1
12 16 2
12 42 3
49 22 2
15 49 4
30 42 4
37 39 2
25 47 3
2 27 3
43 48 1
46 31 3
16 9 3
34 21 1
12 7 4
1 24 2
43 24 3
33 23 4
8 39 1
13 21 4
47 4 2
37 46 2
43 21 4
31 16 2
39 15 4
9 18 1
33 45 2
46 43 1
16 23 3
15 45 1
26 44 3
49 48 1
46 32 3
1 13 2
36 19 2
11 49 2
49 17 3
30 35 4
6 11 1
18 49 1
44 20 2
10 19 1
13 31 3
7 21 4
9 32 3
36 28 2
2 28 4
6 25 3
13 7 1
12 4 2
48 19 4
19 27 2
34 6 2
15 9 4
16 45 3
0 38 4
33 8 4
34 43 4
36 20 1
34 46 2
45 13 1
19 14 4
40 45 4
5 45 4
3 18 3
36 21 4
44 24 1
42 1 4
10 9 3
5 12 1
15 31 4
19 21 3
36 23 4
16 36 4
32 44 4
20 4 3
20 42 3
4 48 1
4 42 4
0 3 3
18 34 1
47 33 4
6 32 1
43 19 4
31 38 2
32 26 4
47 1 3
24 35 3
19 0 1
31 47 1
12 6 4
29 35 1
3 6 2
41 15 2
38 39 1
2 6 1
9 19 4
36 18 3
3 25 4
39 45 1
10 0 1
17 42 1
27 18 1
26 47 2
11 38 3
27 45 4
8 40 2
24 17 1
15 42 3
14 21 3
10 33 4
44 36 1
1 33 3
26 4 2
13 14 1
31 22 4
49 47 2
8 15 4
38 20 2
10 20 1
16 46 4
7 41 2
30 39 2
49 35 4
31 48 4
8 20 2
13 36 3
1 14 2
0 23 1
5 6 4
29 20 4
2 24 4
39 2 4
15 20 2
8 0 2
8 26 1
17 7 1
27 9 4
24 22 3
41 38 4
44 12 1
23 12 4
44 3 3
30 12 4
22 19 3
24 25 3
45 11 3
14 26 2
1 9 4
6 39 4
35 0 2
38 34 2
37 28 1
30 38 4
19 38 1
26 11 1
25 36 1
29 36 3
39 5 1
36 46 3
3 27 3
29 21 2
26 3 1
21 39 2
24 8 2
39 49 2
23 26 1
4 45 3
31 12 3
29 3 2
13 9 2
35 8 4
4 44 3
25 37 3
29 2 1
36 6 3
36 37 1
2 3 1
24 12 1
19 11 2
38 45 2
43 13 2
28 49 3
46 4 4
48 30 1
26 39 3
30 18 2
36 10 2
1 43 1
16 13 3
11 33 2
20 23 4
47 2 4
27 15 4
33 20 2
37 24 1
45 46 4
10 17 2
42 14 4
14 47 2
31 34 4
2 46 1
1 37 2
33 2 4
29 30 2
16 49 1
8 41 3
31 14 1
36 9 3
32 3 1
16 38 2
44 39 2
24 26 2
44 49 1
49 13 3
0 30 4
2 31 4
2 14 3
12 19 2
3 40 4
5 2 2
40 19 2
14 44 2
49 36 2
25 7 3
44 23 3
25 34 4
15 19 4
27 14 2
30 2 2
28 39 3
36 2 2
45 25 2
24 28 4
47 20 2
29 43 1
25 21 3
14 48 3
42 34 1
23 9 1
24 20 2
22 6 1
11 1 2
45 32 3
0 18 1
42 6 2
0 21 2
17 21 4
31 6 2
1 40 2
48 5 3
7 8 3
27 11 1
19 42 1
0 32 1
19 37 1
20 0 2
24 41 4
24 15 1
25 2 2
25 0 3
22 43 4
49 32 2
1 17 2
13 15 4
43 5 1
32 1 1
45 48 4
33 9 4
22 32 4
34 3 2
7 26 1
42 27 2
28 41 2
41 32 1
20 7 3
34 26 2
35 43 1
38 32 3
27 12 4
10 7 2
38 44 3
32 18 4
5 37 3
25 33 1
2 0 1
7 28 3
16 37 3
18 45 4
29 42 4
38 2 2
6 19 1
13 2 3
21 9 2
33 13 4
22 16 2
37 9 2
38 17 3
32 48 2
47 44 1
33 29 4
0 43 1
36 5 1
17 29 4
48 47 1
4 23 4
22 44 1
48 8 1
5 31 3
16 24 4
11 40 1
5 46 4
39 13 2
2 41 4
42 38 1
4 35 1
23 5 2
4 37 4
34 29 4
0 9 1
22 25 4
17 25 4
28 1 3
37 27 2
11 24 2
1 38 3
34 15 2
3 14 4
36 7 4
12 26 3
28 48 4
46 21 1
0 12 2
40 5 4
3 37 3
47 0 3
40 7 1
8 1 1
36 15 3
1 19 3
43 11 1
40 32 4
6 37 3
34 30 3
22 5 3
24 34 4
41 20 3
22 11 3
13 25 2
12 35 3
10 38 3
1 15 3
21 15 3
20 11 4
25 19 3
31 23 4
38 18 2
24 13 1
10 40 2
4 1 3
23 29 1
27 24 1
5 35 4
49 43 3
47 39 1
18 47 2
26 0 1
7 24 3
28 6 2
37 31 2
37 33 1
45 21 3
48 17 3
14 16 3
26 48 3
42 36 2
46 26 2
29 44 3
49 30 3
44 16 3
42 28 4
23 14 3
14 8 3
6 7 4
17 8 2
6 38 2
9 11 4
20 17 4
44 48 2
41 18 1
22 36 2
1 18 2
0 37 3
1 46 4
29 18 1
21 48 1
31 41 2
22 40 4
9 44 1
6 44 3
30 40 1
21 16 2
7 48 1
35 33 1
27 33 3
13 5 3
5 16 2
19 17 1
45 6 1
24 9 4
37 45 1
49 2 2
28 30 1
49 3 2
11 36 2
49 29 4
41 37 2
15 48 4
12 17 2
25 16 1
41 26 2
0 1 4
19 5 4
7 46 2
18 5 2
34 47 3
12 10 4
48 16 4
21 44 1
19 4 1
1 31 1
29 14 4
18 37 1
8 38 4
30 32 2
30 41 3
30 6 4
42 43 4
38 49 4
5 15 2
35 15 1
1 29 3
48 0 2
39 7 3
19 31 1
0 46 3
40 18 4
46 6 2
37 21 4
0 22 4
18 26 1
2 44 2
38 14 3
7 42 4
27 26 2
40 9 2
13 48 2
28 46 2
13 23 2
35 20 1
35 14 4
2 19 2
6 40 4
3 35 3
46 25 2
25 42 1
29 5 2
49 0 2
9 45 3
16 17 2
17 5 4
36 35 1
9 41 1
8 43 2
18 22 4
35 11 2
33 48 2
40 35 1
36 8 4
47 19 1
43 25 2
33 22 2
7 2 4
36 43 3
34 41 1
49 46 3
48 2 1
40 26 4
30 24 3
11 42 1
16 3 4
26 25 3
2 15 3
23 35 2
13 32 1
28 26 4
40 44 2
7 5 3
33 43 3
26 10 1
38 33 3
21 49 3
11 47 1
4 14 4
36 39 3
18 48 1
15 33 1
27 10 2
25 32 1
40 41 2
30 7 4
46 19 3
49 45 1
36 14 1
23 27 2
9 12 3
14 25 1
34 4 3
44 1 4
38 3 1
41 22 4
42 44 4
33 16 4
23 30 1
1 22 2
7 18 4
30 4 3
48 29 1
23 28 2
36 17 1
10 25 2
2 43 3
31 26 4
17 46 1
9 30 2
7 22 1
14 41 2
28 20 3
15 25 4
37 26 4
41 21 4
46 44 3
35 22 2
43 38 3
43 23 3
40 49 3
48 24 2
16 18 2
23 32 4
35 28 2
8 42 4
26 43 3
47 24 4
7 35 3
22 34 3
11 10 2
13 6 3
26 5 1
45 1 2
12 20 2
43 41 2
16 43 4
21 23 3
49 7 1
5 42 1
3 42 4
36 47 3
43 45 4
26 15 1
29 41 1
21 2 1
29 24 3
24 19 1
16 7 2
13 37 3
45 12 3
33 6 2
2 32 1
15 30 4
26 17 1
38 25 2
24 39 3
47 30 3
24 40 4
29 22 4
6 26 2
13 44 2
36 38 4
9 28 1
48 11 4
11 0 2
41 13 1
5 14 4
4 9 1
8 23 1
32 31 3
21 42 3
42 47 4
31 49 1
33 44 1
28 21 2
29 47 1
22 27 1
27 29 3
2 18 4
16 47 2
10 34 3
4 31 1
28 0 3
9 5 3
3 20 1
12 25 3
21 6 2
47 37 1
16 1 3
13 47 1
20 25 4
9 20 2
27 49 1
34 2 3
33 34 3
5 41 4
6 15 3
9 43 1
42 22 3
41 1 3
45 20 1
5 32 4
9 35 1
15 43 1
26 13 1
30 3 1
1 21 4
18 35 1
34 19 1
39 31 1
45 41 2
15 22 1
37 20 4
20 34 1
22 21 2
19 49 2
45 24 4
12 13 2
18 42 2
45 2 4
14 6 4
41 23 2
24 4 3
14 46 1
9 14 2
14 17 3
18 14 2
29 31 3
8 25 4
12 29 4
45 22 3
17 31 3
28 38 1
46 3 2
17 32 2
19 33 2
14 20 1
40 43 4
37 8 4
23 37 3
18 12 4
41 19 2
37 2 4
23 1 1
37 34 2
7 4 1
32 11 3
29 32 2
25 41 3
8 32 4
2 17 1
49 6 3
20 43 3
2 42 4
22 37 3
16 2 2
27 32 1
0 16 2
39 29 4
29 40 3
36 41 1
3 36 2
17 41 2
45 14 1
10 6 1
40 2 2
0 39 3
20 18 3
46 15 3
42 48 3
7 33 3
6 1 1
1 49 2
40 34 2
6 43 1
34 13 4
46 27 3
1 30 4
17 18 1
44 30 4
28 10 4
4 22 3
19 44 1
33 12 3
44 10 2
29 28 2
5 3 1
25 49 4
19 23 2
11 16 4
7 43 1
22 17 3
49 12 4
8 13 1
3 48 4
33 40 3
10 42 1
4 6 3
26 22 4
11 14 1
10 43 2
35 6 2
19 7 2
42 46 1
15 4 2
0 13 1
13 22 1
11 44 3
47 38 4
5 34 2
20 16 3
5 49 3
7 38 3
12 8 2
21 8 1
14 7 1
39 34 2
0 33 1
34 16 4
2 10 4
15 7 1
19 8 4
23 39 1
39 16 4
28 15 4
43 47 4
3 7 2
17 23 1
27 8 3
38 22 1
5 25 1
35 41 1
10 23 3
23 11 4
47 7 2
33 32 2
5 33 4
47 40 1
28 5 4
41 10 4
23 7 1
21 38 3
13 27 3
24 10 2
7 37 3
27 6 4
10 4 4
45 26 1
48 25 4
15 10 1
47 10 1
14 33 2
19 29 2
43 28 1
49 23 3
26 16 1
44 15 2
45 7 4
25 27 1
18 10 2
32 16 1
39 1 3
43 18 2
18 23 4
31 3 2
30 27 4
34 0 2
47 23 2
30 5 2
3 41 2
22 8 1
12 48 1
48 37 1
48 20 1
18 6 2
12 41 3
31 18 4
12 47 2
15 17 3
11 4 3
15 12 2
35 21 4
29 0 4
21 27 3
42 9 4
27 38 2
29 15 2
34 7 3
1 3 1
3 13 1
11 17 2
36 33 2
39 14 4
11 31 3
8 34 1
43 14 1
11 2 4
34 32 4
37 42 2
10 48 1
21 24 1
16 28 3
31 9 4
25 31 4
33 42 2
5 11 3
20 22 1
3 19 4
31 30 3
43 31 2
1 36 1
46 11 4
30 25 2
16 35 1
28 32 4
12 39 1
16 19 1
17 45 3
18 11 2
39 33 4
6 29 4
3 22 4
10 49 1
