1213 50
0 42 6
0 40 8
40 13 8
13 17 1
17 19 4
13 18 7
18 9 2
17 34 6
18 26 5
0 45 8
40 24 8
17 8 9
24 30 4
40 31 8
0 21 5
18 14 1
30 36 5
31 48 6
24 15 4
17 23 9
40 41 2
24 12 3
26 44 3
26 4 1
26 37 7
48 39 1
0 35 7
18 5 5
4 22 2
12 47 1
36 46 7
0 10 4
15 1 8
46 28 6
46 11 4
1 29 7
30 25 6
15 2 4
18 3 7
44 33 3
1 16 4
1 7 4
40 32 6
22 49 4
16 43 8
47 27 3
48 38 4
39 20 8
21 6 5
24 1 1
20 37 3
31 47 2
14 4 3
11 12 3
47 1 1
6 23 1
37 3 1
12 23 4
11 27 3
9 20 1
29 19 2
0 7 1
47 10 4
34 32 1
43 10 1
32 28 1
30 21 3
22 14 1
11 4 1
48 6 2
35 7 1
2 38 3
22 46 3
20 13 1
18 44 1
8 33 2
47 35 2
18 12 2
44 15 1
17 12 3
34 21 3
39 22 1
46 15 4
47 11 2
38 47 2
23 48 1
34 30 1
44 7 4
38 8 2
32 11 4
42 37 4
29 49 4
14 20 1
32 38 1
44 32 2
21 12 1
16 3 3
1 9 4
20 21 4
30 7 2
43 47 4
21 49 4
13 4 2
42 29 2
15 7 4
3 8 2
45 5 1
38 9 1
40 18 4
7 33 2
11 24 1
18 30 2
31 49 1
46 4 4
28 7 3
41 8 4
32 33 1
0 32 4
4 1 4
22 35 4
23 16 1
27 44 1
24 9 4
12 9 4
17 44 1
43 36 3
24 2 3
5 49 4
39 28 1
22 24 3
41 27 3
33 23 3
24 47 1
33 30 4
17 43 4
30 39 1
43 48 1
9 46 3
41 26 4
33 5 4
33 12 2
44 34 1
42 26 4
33 10 4
15 27 2
46 17 4
49 45 3
31 12 1
5 10 1
12 48 4
11 43 1
43 33 2
10 32 1
14 21 4
36 14 2
48 29 4
6 43 4
32 41 3
47 15 1
3 47 2
10 17 2
35 37 3
28 9 1
36 15 4
13 2 2
44 6 4
11 30 2
29 45 4
48 24 4
34 40 3
15 38 3
12 35 3
26 46 2
48 7 3
34 31 4
49 36 4
2 30 3
4 33 4
14 9 4
45 27 3
45 39 2
9 33 1
44 25 1
21 8 3
7 12 3
33 18 4
2 12 4
4 19 2
28 20 4
30 32 2
8 1 3
11 21 3
17 32 2
37 0 2
4 20 2
3 39 1
26 27 3
21 46 2
4 35 1
23 0 4
19 46 4
17 36 3
33 27 2
10 7 4
46 10 1
39 8 1
36 47 1
28 31 2
16 17 2
25 17 3
11 18 4
20 16 2
25 37 3
24 6 1
42 30 1
41 19 2
38 4 4
14 31 1
14 34 1
1 46 3
12 40 3
17 1 4
46 37 1
27 3 2
47 19 1
39 37 2
29 36 3
35 30 3
29 17 3
25 9 1
48 25 2
7 5 3
18 8 1
22 40 3
30 15 3
24 35 4
7 16 4
37 44 4
7 41 2
39 13 4
19 10 4
41 39 3
40 1 1
4 28 3
4 15 3
45 48 1
29 22 3
8 28 4
40 46 4
26 35 4
48 28 2
41 31 4
40 27 2
33 47 1
11 22 2
21 18 1
19 9 1
21 42 3
39 5 1
16 2 3
30 46 4
11 20 2
19 20 1
28 2 3
45 33 1
38 23 3
0 47 2
31 35 4
1 14 3
4 8 3
38 36 1
21 41 3
14 19 4
35 5 1
38 19 2
34 26 3
44 28 2
46 33 2
32 1 4
8 40 1
13 43 1
0 28 2
48 18 3
33 0 3
15 26 1
10 48 1
9 23 3
13 46 2
40 14 4
20 22 1
28 47 4
28 5 4
5 12 3
35 34 3
3 19 2
33 40 2
13 30 2
16 38 3
35 14 3
47 44 3
23 47 3
5 6 3
39 38 2
8 2 1
11 45 3
11 13 4
35 19 1
9 2 2
25 42 1
38 5 1
27 20 4
49 28 1
36 42 3
38 37 3
3 28 3
17 18 1
22 1 1
18 20 3
36 26 1
4 49 1
26 45 3
38 35 2
8 43 2
32 15 4
23 26 2
30 49 2
38 27 1
29 39 4
43 23 1
34 23 1
46 24 1
4 47 1
4 23 2
38 28 3
26 1 4
22 33 1
31 16 3
17 31 2
4 34 2
27 49 3
36 24 1
6 14 1
34 13 1
28 25 1
9 21 1
32 8 1
16 8 1
28 33 1
19 2 3
47 14 3
29 2 2
38 17 1
11 48 4
48 33 1
42 14 2
27 14 1
29 30 1
36 27 3
17 24 2
7 19 2
8 26 4
20 34 3
20 5 1
42 28 3
31 15 4
31 38 3
17 48 3
2 7 3
16 19 3
35 41 2
47 48 4
37 32 3
29 44 2
19 32 3
8 46 2
37 47 4
0 43 1
8 48 2
18 45 2
32 48 2
12 29 3
6 41 1
17 28 2
18 16 3
11 16 1
6 29 1
12 28 2
17 21 4
16 25 3
49 33 3
11 35 1
3 32 3
39 18 4
26 28 3
18 25 2
48 27 1
31 1 4
29 37 1
47 8 3
32 39 4
3 44 1
41 36 3
31 25 3
35 17 1
45 32 2
1 21 3
34 39 3
21 22 1
41 16 1
40 10 1
43 12 1
12 45 1
49 6 2
45 46 2
18 29 4
47 5 4
21 44 2
36 2 3
38 3 2
0 12 3
21 25 3
3 23 4
47 49 1
47 9 1
45 16 3
2 22 1
22 26 2
19 15 4
37 8 1
20 23 4
13 47 2
13 9 2
25 39 1
29 13 4
13 45 2
43 4 1
48 9 2
20 26 3
1 18 4
34 48 2
40 36 3
29 11 2
36 13 3
13 27 2
25 19 1
31 39 2
2 45 2
3 49 4
36 20 1
7 26 1
25 0 4
36 0 3
34 15 4
17 2 4
37 2 4
45 21 2
33 42 2
33 39 4
11 28 3
39 27 1
39 26 4
20 30 3
22 19 3
45 30 1
7 37 1
33 11 3
33 14 4
16 24 2
48 4 1
40 29 3
1 19 4
36 28 3
36 6 2
27 43 1
29 3 2
36 5 3
2 27 2
15 35 4
25 6 3
23 39 2
28 13 4
42 27 4
47 7 2
26 9 1
30 26 4
14 0 2
31 20 2
2 33 3
44 23 3
49 9 4
29 24 4
37 4 4
12 20 2
4 40 2
5 40 4
25 29 1
27 24 1
8 31 4
16 48 4
21 5 4
13 5 3
26 29 1
19 36 4
30 12 4
45 28 1
25 36 4
4 36 2
47 21 2
16 22 4
25 43 4
34 7 1
0 13 4
21 10 1
14 29 1
15 10 2
8 9 4
19 24 3
9 5 3
42 34 3
2 43 3
14 46 4
5 27 4
17 3 4
6 22 3
36 35 3
38 7 3
16 21 4
15 40 1
49 32 4
7 49 4
43 30 1
40 49 3
34 47 2
29 0 4
46 48 3
49 14 3
45 14 3
28 15 2
9 7 3
47 26 3
22 27 4
8 14 2
32 9 3
45 7 1
27 19 4
16 35 4
6 19 2
0 31 3
46 49 4
31 7 3
21 3 4
26 12 2
29 16 1
30 8 3
3 13 4
5 41 2
10 13 4
15 45 3
8 6 3
30 27 1
41 42 2
40 35 1
1 30 2
45 8 1
17 22 3
41 13 3
11 14 1
3 6 3
23 28 1
22 13 1
22 36 3
3 43 1
29 31 1
0 26 2
22 34 2
6 42 3
15 20 1
14 43 2
15 9 4
4 42 2
40 2 4
22 28 3
7 13 1
30 40 3
21 7 3
8 15 3
16 36 2
32 14 4
41 15 4
20 1 4
16 30 4
13 31 4
3 7 3
1 48 1
0 19 1
10 27 1
33 13 3
19 34 1
8 44 1
40 17 4
6 15 2
32 18 1
36 31 2
23 14 2
42 23 1
10 11 4
11 31 3
31 19 1
2 35 1
46 34 2
15 16 1
6 34 2
4 17 1
47 17 3
33 25 4
39 1 2
35 25 3
6 17 4
38 14 3
18 22 1
42 18 3
26 6 3
2 5 1
34 43 2
27 8 4
44 4 1
47 29 4
26 25 2
2 14 4
15 18 1
31 24 4
13 23 3
5 1 3
34 3 3
18 28 1
25 45 2
29 46 4
9 42 2
23 31 2
35 28 4
35 9 1
35 6 1
0 41 1
14 24 2
33 19 3
41 49 2
24 26 3
23 49 4
7 36 2
37 1 3
20 0 3
48 40 2
39 16 2
38 45 2
38 25 4
14 41 2
23 8 4
33 31 3
40 23 4
39 44 1
0 11 3
26 3 3
3 10 2
5 46 2
28 14 2
37 15 2
35 45 1
16 13 4
8 10 1
40 26 1
0 15 2
44 49 1
41 30 2
46 7 1
7 27 1
45 36 2
1 0 1
23 2 1
27 32 1
3 25 4
48 26 4
7 32 3
44 20 3
6 39 3
48 2 1
22 43 3
31 21 2
4 41 4
36 1 3
23 25 2
17 27 1
30 4 4
27 37 3
7 23 1
43 38 1
13 15 4
22 47 3
36 44 3
41 20 2
9 43 3
25 13 3
31 32 4
3 4 1
48 5 4
43 44 2
8 34 1
17 42 2
6 32 2
47 18 3
48 42 3
46 16 4
8 13 4
0 18 3
14 26 1
23 27 1
9 4 4
17 20 2
48 21 1
24 8 1
43 28 3
8 12 2
41 11 3
48 20 2
29 8 2
17 15 3
6 28 3
37 18 2
44 31 3
21 43 4
49 11 4
10 34 1
46 27 3
45 6 4
44 46 3
35 48 3
34 12 4
46 12 3
12 15 1
18 7 2
17 7 4
20 33 4
42 3 1
4 0 2
21 13 4
10 39 4
9 0 1
31 46 4
26 16 1
45 43 1
40 25 3
34 11 4
28 29 2
0 17 3
36 10 1
33 36 3
18 4 4
49 17 3
18 41 1
1 25 2
9 11 2
21 27 3
24 32 4
39 14 3
18 34 3
1 10 3
32 2 4
28 1 2
30 37 3
21 29 3
31 10 3
26 33 4
19 39 1
40 9 3
23 22 4
46 39 2
37 12 1
22 9 3
6 7 2
14 25 2
32 46 3
21 24 2
0 24 1
23 36 4
18 2 1
8 25 4
41 48 1
22 12 3
35 33 4
29 27 2
30 6 1
11 23 1
10 6 1
38 49 3
14 48 1
28 21 1
21 23 1
0 2 1
25 15 4
16 28 1
24 49 3
20 32 2
46 42 4
16 14 1
3 1 4
0 48 4
4 24 1
2 10 4
3 33 1
35 1 3
28 34 4
19 12 2
25 2 1
31 4 3
37 36 3
7 40 4
19 28 2
1 43 1
31 42 4
42 15 4
38 41 1
23 29 2
46 23 1
12 16 3
17 9 1
49 42 3
35 43 1
18 19 1
44 0 4
39 49 2
39 4 2
37 23 2
37 13 1
5 24 1
12 44 2
32 23 4
6 47 3
6 1 1
39 12 2
23 5 3
42 45 3
4 16 3
40 16 1
11 44 3
20 49 1
35 13 2
36 48 3
36 32 1
39 40 1
3 31 4
49 37 1
6 33 4
32 43 4
27 35 2
32 47 4
8 5 3
34 37 1
22 10 3
45 10 3
6 40 4
2 4 4
45 44 1
8 19 4
5 37 1
10 4 2
12 10 3
26 17 3
34 41 2
39 47 3
37 11 2
45 47 2
25 22 2
43 15 1
27 25 3
44 2 2
5 19 1
13 24 4
35 29 1
46 6 1
38 18 2
5 32 3
46 20 2
1 23 3
46 43 2
17 30 2
10 42 4
36 12 2
27 34 2
20 40 1
12 14 3
39 43 1
9 41 2
18 27 4
3 5 1
27 12 2
30 47 1
13 6 3
1 27 1
5 25 2
43 5 1
16 33 4
39 7 4
13 12 3
26 32 3
37 33 2
27 31 1
41 12 3
21 26 3
16 6 1
0 8 3
35 10 1
30 19 4
46 18 2
6 9 2
35 18 4
2 47 2
26 10 2
37 24 1
11 6 3
42 32 3
8 22 3
44 16 4
24 44 2
20 7 4
11 38 2
9 30 1
31 45 4
20 42 4
11 8 4
45 37 4
7 25 4
2 41 2
24 43 4
6 27 3
7 24 2
42 1 3
9 34 2
1 13 1
14 13 2
41 46 3
3 15 2
30 38 1
40 19 4
12 49 2
25 20 2
1 34 4
2 46 4
3 35 3
25 10 1
12 1 1
17 33 2
11 2 3
38 24 1
20 43 4
13 49 1
5 44 2
0 27 3
48 3 2
41 22 4
28 27 1
36 11 3
34 49 1
43 7 2
43 37 2
34 24 3
3 40 1
10 20 3
45 3 3
6 18 3
32 4 4
41 24 3
24 23 2
2 34 3
25 47 2
2 49 4
44 42 3
24 28 1
43 41 2
44 35 4
32 12 1
25 4 4
12 3 3
38 20 3
7 42 2
29 33 2
42 35 1
22 5 1
7 8 2
5 16 2
21 39 2
23 41 3
42 22 2
21 4 3
5 15 2
31 43 4
10 29 3
34 16 1
1 2 4
31 30 1
29 15 2
26 5 2
37 14 3
20 47 1
10 23 2
42 16 1
41 17 3
39 36 2
16 49 1
22 3 4
8 20 2
10 44 1
18 49 3
46 38 3
37 19 2
39 24 3
49 0 1
8 36 4
17 14 4
29 34 4
44 13 3
46 0 3
25 12 1
35 8 3
14 3 1
21 19 1
37 48 3
38 10 2
27 4 1
12 6 1
19 13 1
26 2 1
36 9 2
41 1 2
30 22 2
24 3 4
16 10 1
2 42 3
23 45 3
42 19 2
11 40 2
4 29 4
1 44 1
37 22 2
12 42 1
38 0 4
42 47 3
3 41 1
47 41 4
14 30 2
34 0 1
38 29 2
16 32 2
4 45 2
32 13 1
4 5 1
2 21 1
20 24 2
19 11 4
1 45 2
24 33 3
21 32 4
43 40 3
14 10 1
5 29 4
49 25 2
32 35 3
31 9 1
43 19 1
26 19 1
40 37 1
11 26 2
9 16 2
42 38 4
45 9 4
35 23 2
15 22 2
38 1 4
46 25 3
17 39 2
20 29 2
20 3 2
5 30 3
20 6 2
42 5 1
9 3 1
25 41 2
25 11 4
5 34 4
48 19 2
40 44 4
42 39 2
14 44 1
0 30 4
2 39 2
48 22 4
37 9 3
21 35 3
14 5 4
1 49 2
7 11 3
18 23 1
42 43 1
44 38 3
17 5 2
24 42 3
34 36 1
14 15 2
44 19 4
38 6 4
49 19 2
19 45 1
9 29 2
39 35 3
0 22 4
39 11 2
30 10 2
24 25 3
37 6 4
46 35 1
22 44 2
0 16 4
7 14 1
26 43 2
30 23 2
5 11 4
9 27 3
45 41 4
38 21 2
38 40 3
9 10 4
11 15 1
3 2 2
33 21 4
30 3 2
42 13 1
18 36 2
22 7 3
20 45 2
44 9 4
17 45 3
2 6 4
35 49 1
25 34 1
48 30 4
5 0 4
0 6 3
35 20 1
3 36 4
40 21 1
28 40 2
41 33 4
19 23 2
10 24 4
13 38 3
15 48 4
1 11 4
38 34 1
15 33 4
18 43 4
40 47 1
29 32 2
21 37 2
17 37 1
42 40 1
11 42 4
16 47 1
20 2 3
41 28 2
38 22 2
31 5 3
28 37 1
1 33 4
10 28 1
49 48 3
42 8 1
31 2 1
21 36 1
15 23 3
10 41 3
34 45 1
31 26 3
40 45 4
11 3 4
12 4 4
49 26 4
28 30 2
30 44 3
18 24 3
49 10 2
0 39 1
3 46 1
41 37 2
38 12 4
15 39 2
34 33 4
18 31 2
44 41 2
22 31 1
7 4 4
7 29 1
17 11 1
29 43 2
29 41 2
4 6 4
0 3 1
45 24 3
48 13 4
49 8 3
15 21 4
10 18 4
6 31 4
39 9 1
22 45 4
32 25 4
