4975 200
0 197 5
197 126 6
126 93 2
0 52 3
197 195 8
0 8 7
197 106 2
106 35 2
106 65 9
52 91 9
8 81 9
0 199 8
93 140 1
197 175 6
106 74 1
175 6 1
52 148 6
91 36 6
126 187 2
52 189 2
0 135 4
126 146 4
135 104 7
146 191 7
191 27 9
197 20 2
195 193 9
27 168 6
52 128 1
193 151 6
199 174 7
6 42 7
35 111 3
187 136 8
27 48 4
146 107 7
36 98 2
36 184 4
104 45 1
98 76 9
146 154 8
174 31 7
52 61 2
52 47 4
126 68 4
20 64 6
154 158 4
81 122 2
199 80 8
61 40 5
48 134 9
45 46 2
175 120 1
134 28 8
68 62 6
175 192 2
168 33 5
148 29 3
184 26 3
154 100 1
65 1 4
199 16 9
134 75 7
154 12 3
189 153 9
134 147 7
61 116 9
42 67 8
47 123 5
1 38 8
67 90 6
191 56 3
1 53 3
106 99 2
146 66 7
122 112 8
197 73 2
6 30 7
107 190 9
122 198 3
6 79 5
45 78 1
48 95 4
193 196 6
106 127 5
61 96 8
76 172 8
68 157 6
193 85 4
91 180 2
81 117 8
146 155 7
136 59 1
116 94 9
123 21 3
42 41 5
61 22 7
175 165 1
174 125 8
135 143 3
81 110 9
21 186 3
41 133 5
191 88 4
64 173 8
192 55 6
21 164 5
31 114 4
174 152 3
106 103 3
173 150 3
95 50 9
197 84 6
6 24 3
184 101 9
187 130 3
127 34 7
175 124 5
157 159 6
146 10 9
123 72 6
175 25 9
196 144 7
30 132 3
24 177 5
180 188 7
175 7 1
66 139 8
59 2 8
68 43 6
22 185 7
34 13 5
67 105 4
198 145 1
66 39 3
195 156 8
112 149 1
16 131 3
38 86 3
150 162 1
159 167 1
107 49 2
126 179 3
149 181 5
94 182 3
147 69 6
128 87 3
40 11 7
128 118 8
193 23 8
117 17 8
6 60 3
152 119 1
146 137 9
105 63 9
33 163 3
119 77 5
86 54 4
164 141 5
151 176 8
165 161 8
68 71 2
143 3 3
147 19 9
179 5 8
189 138 8
143 51 8
175 70 3
17 102 2
80 160 8
76 113 1
123 32 4
123 44 3
29 178 9
195 82 7
105 183 4
192 108 7
42 171 6
171 9 7
98 97 4
35 129 5
171 169 1
111 18 7
43 115 5
137 109 1
41 89 2
99 121 1
104 142 1
85 58 5
32 4 5
159 14 9
51 83 2
131 92 1
151 15 4
65 166 5
58 194 3
148 37 6
44 57 4
47 170 3
188 47 3
55 141 1
176 174 2
16 84 4
41 151 1
185 164 3
162 114 2
27 60 1
61 157 1
7 91 1
48 143 2
153 180 1
76 197 2
128 107 2
108 146 4
140 153 1
196 113 4
191 69 3
42 143 3
27 125 1
6 159 2
49 146 4
190 133 1
134 110 2
193 83 2
102 64 2
115 167 1
192 168 1
2 49 1
178 20 4
121 107 2
87 94 2
148 87 1
26 57 3
116 60 4
25 18 1
23 143 2
114 19 1
150 183 2
7 126 3
75 49 1
83 191 3
89 187 3
9 177 4
18 120 2
155 104 2
187 96 2
163 142 2
169 137 1
184 43 3
41 75 4
53 190 4
121 34 3
7 90 2
45 65 4
104 114 4
74 4 1
63 123 4
63 10 2
116 176 3
47 43 1
30 168 1
102 88 3
198 43 4
30 103 2
44 181 2
54 139 1
44 196 2
48 136 1
32 82 2
3 75 3
185 21 4
119 125 4
143 141 2
20 160 1
61 54 3
29 69 1
188 160 4
39 156 2
106 168 1
104 106 1
197 101 2
43 167 2
71 164 3
62 7 1
57 3 1
52 172 4
106 44 1
189 28 2
84 117 3
53 156 2
32 186 1
89 147 2
146 110 3
184 8 4
150 78 4
100 97 2
95 163 1
101 166 3
131 163 4
18 95 1
4 64 2
178 58 3
26 188 3
16 129 3
137 160 1
181 179 2
132 77 3
91 50 4
43 135 2
171 148 2
6 83 4
32 157 3
91 2 2
46 12 2
186 93 3
154 198 3
174 56 3
136 141 4
49 64 1
151 44 4
159 183 1
172 185 4
50 7 3
78 177 1
150 132 3
0 13 3
94 117 4
141 137 2
154 161 2
26 90 3
184 124 4
189 102 1
174 19 1
93 155 3
24 7 4
13 87 4
198 42 3
81 85 2
74 68 3
99 17 2
150 137 3
50 144 1
97 118 2
138 163 2
187 56 3
2 175 2
71 136 4
170 5 1
89 152 4
179 15 3
139 118 4
48 176 3
197 194 4
106 150 1
175 182 4
28 6 2
186 161 3
119 49 1
3 111 3
7 32 3
168 94 4
189 56 4
198 131 1
4 115 3
85 191 1
0 120 1
193 150 1
18 30 4
176 66 3
44 65 4
159 115 3
157 165 4
61 93 2
76 154 2
77 194 4
157 95 1
119 177 2
38 81 1
141 95 1
94 178 1
3 144 1
187 25 4
169 72 1
117 191 2
63 111 1
49 149 1
100 73 1
28 32 3
181 196 2
97 124 2
19 110 4
46 83 2
52 118 2
53 167 4
62 166 2
192 189 4
94 126 1
117 71 2
169 21 4
24 65 2
3 93 1
68 194 3
107 119 1
102 20 3
162 108 3
147 122 1
193 168 1
198 52 2
9 92 1
147 22 3
185 42 4
48 55 1
199 139 3
172 189 1
42 138 3
18 42 1
155 54 2
36 24 1
55 176 1
16 181 1
27 57 2
47 193 2
90 184 1
121 15 2
160 51 1
0 174 3
75 58 3
6 105 2
137 112 4
140 135 1
112 46 1
58 140 4
106 105 3
121 47 2
103 23 3
66 130 1
198 106 3
3 157 1
104 47 4
63 99 3
87 51 1
35 24 2
72 124 2
70 95 2
11 80 2
54 164 2
69 122 3
152 78 3
92 125 3
168 102 3
193 170 3
121 147 1
85 54 1
6 183 3
55 134 3
28 115 1
149 12 4
30 143 1
176 177 3
96 170 3
191 33 3
19 181 4
28 9 4
118 111 2
133 134 3
167 113 4
77 121 3
6 20 3
15 5 1
120 70 4
173 153 4
106 176 1
23 30 1
160 116 3
24 11 2
123 53 4
126 184 2
183 157 2
74 40 4
75 129 4
116 162 4
198 0 3
79 89 1
25 58 2
121 198 4
35 131 4
47 75 4
91 162 2
9 15 3
115 184 4
41 16 2
192 42 1
113 111 3
91 124 1
165 128 3
191 6 1
110 106 3
168 190 3
189 105 4
54 146 3
136 0 3
102 180 2
170 185 3
166 95 3
45 18 4
115 60 1
68 180 2
39 30 1
43 124 3
108 198 2
156 49 1
54 166 4
198 13 3
24 12 1
189 24 4
34 191 4
121 161 4
196 47 1
50 188 1
69 126 3
40 111 4
176 189 1
141 104 1
100 129 3
171 28 4
167 136 2
157 122 1
83 22 1
174 59 2
150 51 1
105 188 3
196 5 3
92 23 3
30 17 4
102 149 3
137 70 4
186 195 4
181 95 1
46 19 2
145 73 4
52 32 3
70 187 3
186 178 3
86 89 2
165 11 1
81 32 3
161 195 3
166 149 3
21 160 4
42 177 2
1 177 4
8 16 4
38 127 1
85 125 1
58 8 1
77 97 3
120 167 1
151 39 4
44 129 1
97 135 3
102 27 1
111 131 4
158 127 2
26 74 3
11 69 3
129 144 1
192 91 4
62 17 1
39 137 2
117 154 1
158 56 2
136 63 4
31 30 4
124 158 1
190 86 2
149 118 2
191 112 1
179 11 2
44 185 4
9 37 1
64 110 4
123 164 1
175 167 2
38 139 1
189 163 1
32 90 2
70 181 4
2 135 4
81 27 2
17 25 4
70 71 4
3 56 2
192 196 3
177 127 4
48 28 2
147 24 4
183 62 4
178 188 1
141 153 1
178 76 2
156 43 4
122 21 2
151 84 3
92 56 1
109 2 3
120 79 2
57 126 1
163 47 2
128 105 4
32 101 3
155 55 3
33 32 2
140 185 1
100 179 1
65 49 4
95 35 3
179 155 3
174 163 3
53 8 1
168 117 3
178 49 1
25 42 2
8 86 2
36 117 2
113 77 1
45 171 4
171 136 3
114 48 2
71 161 1
21 98 1
197 70 1
51 164 1
167 4 1
7 61 2
77 76 2
153 100 2
196 171 1
136 128 3
174 168 4
42 53 2
139 59 1
106 109 1
63 39 2
175 110 4
141 165 1
164 146 4
36 78 2
199 55 2
73 118 1
17 166 3
103 179 1
85 115 2
9 52 3
4 53 1
157 18 3
102 9 3
112 119 4
190 51 2
182 132 1
141 150 4
146 62 2
190 174 4
46 32 4
179 168 3
118 42 4
80 96 4
62 140 2
100 5 1
157 65 3
157 141 1
126 132 1
16 94 3
141 96 4
9 155 4
171 35 3
153 163 3
195 95 2
185 184 2
6 5 1
148 107 1
101 69 1
164 95 2
129 1 1
198 96 3
195 131 2
15 12 2
46 154 2
38 178 2
150 179 1
10 35 1
196 119 3
25 13 2
41 182 2
63 6 2
89 127 1
62 21 3
25 194 2
81 120 4
25 82 1
113 46 3
193 192 2
132 171 3
80 104 1
58 199 4
38 4 3
178 192 1
95 87 3
158 190 4
191 136 1
135 131 1
138 86 3
69 88 3
156 192 1
198 99 2
152 52 2
181 93 3
65 140 2
114 18 4
130 107 1
117 2 2
77 45 2
121 173 4
82 22 3
181 39 3
96 111 2
30 140 3
110 170 4
22 174 4
114 49 2
65 21 1
37 185 2
147 143 2
44 124 3
27 23 1
182 144 2
89 22 2
102 166 3
160 12 4
185 1 1
173 51 1
144 0 4
85 165 1
168 43 4
124 173 2
64 66 3
67 127 4
91 89 2
7 181 3
64 7 1
10 95 2
181 29 1
82 69 2
86 132 1
2 14 1
126 40 1
107 174 3
172 43 1
142 171 2
194 22 1
43 192 4
97 154 2
61 159 2
185 100 3
160 18 3
94 170 4
195 22 2
176 31 1
61 139 4
60 109 2
173 188 2
151 22 3
194 131 3
50 184 2
2 93 1
67 86 3
155 62 4
50 169 2
140 145 4
106 36 4
195 71 1
62 98 1
32 189 2
106 56 1
118 43 3
170 28 2
175 155 2
197 116 1
123 75 3
63 54 1
63 97 1
49 4 2
86 129 2
29 156 3
5 24 1
101 9 3
103 69 3
29 155 3
43 100 2
18 56 1
28 143 3
64 133 3
98 7 3
139 69 4
163 94 3
124 189 4
165 51 4
90 85 1
191 124 3
58 130 1
20 86 1
92 7 3
197 158 4
54 60 1
99 89 1
167 98 2
71 30 2
181 153 3
10 180 1
30 69 3
30 172 4
42 130 3
131 32 1
146 93 3
57 73 1
5 89 4
89 43 4
146 21 1
133 128 1
151 57 4
73 79 4
52 125 4
152 110 4
119 79 3
155 164 4
29 125 2
49 164 1
17 78 2
185 192 4
111 55 2
28 196 1
92 193 2
56 159 4
33 96 1
93 9 2
197 113 4
103 170 2
48 25 3
136 4 3
57 156 3
120 59 2
28 79 4
117 75 2
144 195 4
41 19 2
192 184 2
69 151 2
11 122 4
144 101 4
7 63 4
198 152 3
112 125 4
175 62 4
45 2 2
179 90 3
17 128 4
74 148 4
41 79 1
5 151 3
140 83 2
31 63 2
125 139 3
50 27 2
26 158 4
18 43 2
151 54 2
48 165 4
82 139 1
15 81 3
3 54 1
34 112 1
26 113 2
187 31 4
190 84 2
184 146 4
25 145 4
151 74 4
164 76 1
123 38 4
35 83 1
47 69 3
33 85 2
93 107 1
192 167 1
180 195 1
182 26 3
49 199 2
145 49 2
40 21 1
154 94 2
157 0 1
88 57 2
41 90 1
0 23 3
197 59 4
164 12 2
47 60 4
66 184 1
112 8 3
159 138 2
76 35 1
192 187 2
165 116 4
194 170 2
1 192 3
178 117 3
87 124 4
67 140 2
83 120 4
2 162 3
25 131 3
30 99 1
110 18 2
68 151 1
38 132 3
96 147 3
7 9 1
26 67 4
91 29 3
185 157 2
61 195 2
71 124 2
76 54 1
149 185 1
36 42 2
100 191 4
53 21 4
58 117 1
185 186 2
140 10 3
59 199 1
11 130 1
148 88 1
113 138 2
71 54 3
184 107 2
62 47 2
66 87 2
70 80 4
34 122 1
48 102 2
187 144 1
98 196 2
97 176 3
158 37 1
81 145 4
49 112 3
155 87 4
176 193 2
37 157 4
99 102 1
7 185 2
61 117 2
152 129 3
14 193 1
119 103 2
157 146 4
178 88 1
71 61 1
134 107 4
58 150 3
25 171 3
106 137 3
114 79 1
195 138 2
172 42 2
78 110 4
127 18 3
149 77 3
119 55 3
146 79 4
31 48 2
181 119 4
18 76 4
19 93 1
194 199 2
34 133 4
181 38 4
155 127 4
55 105 3
108 176 4
114 137 4
186 125 2
185 36 1
111 134 2
17 43 4
5 159 3
179 161 1
187 132 4
148 127 1
172 118 3
31 158 2
135 15 2
192 158 1
160 124 4
43 37 3
128 92 4
186 31 1
120 51 3
177 68 4
88 51 4
51 66 2
101 134 4
103 160 2
110 116 3
98 79 1
128 45 1
51 0 2
4 97 1
77 125 4
146 172 4
58 133 3
140 112 4
124 90 1
122 51 2
89 168 1
134 65 2
176 20 1
19 4 2
99 4 4
167 63 2
59 51 4
72 30 4
94 37 2
176 73 4
99 11 1
9 21 3
111 91 2
144 135 2
192 5 2
177 141 1
66 47 1
52 183 2
137 65 2
131 186 3
115 3 3
147 2 2
195 49 2
119 87 1
123 78 2
172 29 1
89 92 1
37 48 1
28 78 4
111 51 1
50 53 3
126 194 2
116 49 2
141 1 4
171 172 3
53 179 3
175 47 4
186 59 4
119 163 2
91 56 4
85 60 2
19 50 4
176 45 1
194 27 2
142 132 3
117 10 4
50 11 4
65 79 3
47 117 2
89 164 3
30 189 4
190 188 3
87 48 4
130 20 3
45 169 3
111 170 4
189 45 3
48 171 4
89 14 3
140 184 4
84 107 3
108 59 4
105 126 3
47 31 2
98 165 1
33 48 3
9 150 3
126 134 4
92 136 2
19 116 2
89 142 3
11 19 1
182 110 4
164 14 1
63 127 1
181 140 4
71 39 1
43 39 4
151 172 1
152 76 2
56 65 4
110 162 2
139 138 2
133 159 3
68 9 2
118 44 2
56 188 2
83 77 3
121 145 1
82 64 1
142 91 1
116 86 3
44 76 2
4 8 1
13 142 2
74 84 3
97 162 2
9 153 3
172 44 4
130 12 1
74 128 2
112 186 4
185 139 4
130 79 2
36 144 4
143 39 4
139 35 1
53 173 4
131 77 4
197 176 4
190 150 4
139 193 4
167 125 4
14 92 1
177 110 3
31 101 1
174 177 4
26 61 4
19 72 1
107 17 4
174 30 2
46 131 3
2 72 2
73 184 3
46 106 3
158 74 4
85 138 3
182 129 3
118 60 1
153 134 4
188 164 4
10 154 3
5 69 1
132 31 3
143 178 2
190 125 2
4 113 1
12 1 4
110 75 1
69 44 2
74 9 1
85 133 1
121 40 2
28 192 1
127 168 1
10 116 4
142 33 4
130 138 1
78 107 2
158 141 3
86 127 2
156 160 3
188 83 3
9 49 3
160 86 4
118 181 4
78 14 1
49 176 1
182 25 3
171 85 4
86 79 3
87 72 2
108 45 1
140 113 1
169 167 1
64 186 1
5 138 2
150 129 3
72 196 3
170 102 3
169 94 4
113 30 3
34 128 1
27 29 4
153 179 3
116 132 2
190 99 1
65 18 3
179 140 3
141 172 2
118 143 2
32 119 2
172 152 3
199 44 2
94 91 3
175 149 4
53 57 1
160 149 4
162 112 3
12 31 2
107 175 2
187 5 4
7 5 3
45 22 1
179 195 1
164 66 2
35 0 4
76 53 1
162 84 2
133 65 3
77 54 4
191 155 3
44 198 3
183 111 4
132 51 1
64 148 4
78 77 3
174 3 1
137 172 3
144 174 2
109 1 1
163 13 4
48 3 4
101 181 3
53 88 1
173 40 3
109 190 3
74 101 1
195 130 2
59 54 1
39 95 2
109 40 1
73 21 1
84 36 4
37 19 2
32 187 2
38 131 1
25 100 4
82 188 1
43 72 3
93 187 1
60 0 2
60 32 4
111 58 3
79 142 2
165 158 2
176 95 1
131 181 2
96 154 4
96 12 3
196 102 1
62 158 3
87 191 4
197 50 1
25 134 3
41 159 2
115 23 1
100 91 1
26 157 4
58 174 4
60 142 3
142 58 2
25 88 2
178 50 4
127 110 4
117 103 4
37 103 3
156 3 3
162 197 3
10 64 3
117 6 1
74 174 3
10 108 4
179 50 2
130 52 1
6 43 1
122 71 4
103 171 1
36 7 4
173 184 2
51 1 3
26 78 3
37 38 3
122 111 1
22 65 4
165 148 2
56 45 2
84 98 4
22 165 3
49 16 3
159 13 3
37 92 2
61 160 1
47 156 1
6 190 2
182 93 2
7 83 2
155 46 2
96 155 4
176 85 1
64 192 4
57 20 2
164 2 4
80 129 1
108 3 1
12 123 4
40 28 4
169 174 2
192 145 1
89 140 1
183 64 4
100 104 3
54 116 1
28 102 3
156 176 3
73 67 1
57 195 3
96 92 4
8 79 2
102 103 1
80 87 1
109 123 4
161 182 4
139 86 2
1 36 4
55 195 4
19 197 4
36 37 3
155 89 1
87 116 3
30 77 4
25 108 2
2 131 2
195 85 3
0 146 1
130 41 2
71 92 4
10 171 3
93 53 4
107 141 1
153 177 4
88 168 4
103 110 2
122 12 2
99 68 4
116 96 2
144 191 4
88 23 4
47 112 3
176 117 2
150 163 1
1 27 4
170 144 3
73 173 2
135 68 3
170 172 1
64 121 4
124 52 2
151 26 1
73 134 1
166 10 4
198 61 3
186 192 2
194 5 2
113 58 3
81 87 3
39 103 4
17 163 3
69 107 1
105 88 1
193 57 3
24 32 2
47 127 3
137 113 3
97 137 2
123 172 4
123 25 4
40 104 1
16 61 4
136 135 1
0 106 4
74 83 3
131 67 3
63 71 4
73 171 3
192 120 4
143 142 2
98 108 3
6 184 2
24 25 4
92 77 1
31 91 2
32 122 1
26 177 2
182 158 4
147 40 4
99 143 2
134 87 4
189 170 2
1 169 1
87 122 1
189 21 2
133 93 3
101 121 3
9 97 4
153 191 4
7 180 1
142 151 4
64 87 1
15 25 3
121 95 4
71 102 2
34 169 2
165 172 4
27 56 4
38 69 3
44 164 2
104 170 2
96 108 2
85 12 1
127 43 2
99 64 4
11 193 1
33 190 3
69 119 4
132 90 4
163 74 3
15 122 2
86 152 1
147 155 4
113 97 4
110 39 2
122 20 3
53 143 3
147 16 1
142 22 2
197 32 2
197 103 4
2 77 2
113 54 2
2 54 4
195 26 3
137 4 1
157 15 1
25 166 3
132 129 4
168 66 2
21 188 3
77 99 2
129 128 2
24 165 1
99 3 1
136 147 4
159 96 4
38 65 3
31 74 1
97 120 2
102 3 1
164 133 3
112 192 2
175 147 4
8 84 4
116 111 2
111 185 2
10 102 3
131 151 4
32 138 3
167 123 4
5 1 1
170 165 1
129 21 3
153 18 2
88 167 2
137 36 2
102 60 2
27 31 1
12 53 3
3 39 4
169 125 3
166 136 4
131 130 4
62 131 2
54 0 4
107 65 3
7 129 3
192 6 1
146 46 3
93 196 2
22 27 2
161 175 4
98 188 4
70 166 2
9 115 2
178 127 2
103 31 2
177 121 3
11 52 1
24 190 2
147 47 4
75 29 1
105 54 4
180 80 1
26 102 2
131 134 3
50 38 4
170 119 2
105 11 2
117 130 2
13 183 1
165 44 4
50 96 1
94 156 3
27 165 1
147 12 3
154 127 2
45 47 2
51 171 1
6 132 2
70 81 4
102 54 1
188 62 2
29 68 2
156 98 3
56 136 1
156 82 3
168 131 2
97 88 3
7 59 2
160 55 1
15 0 1
41 105 2
194 17 3
191 1 4
137 138 4
42 85 4
118 13 4
100 85 1
180 12 2
48 156 1
3 38 3
62 119 1
76 158 4
30 92 1
127 9 3
146 104 3
115 94 3
105 13 1
149 25 2
50 73 4
74 42 2
49 165 3
57 125 3
109 122 1
99 118 1
110 149 4
83 146 1
184 65 2
100 30 3
173 144 3
105 16 1
108 33 1
20 165 1
91 129 2
139 153 2
67 51 2
145 33 2
67 151 1
19 58 2
5 73 1
169 52 1
45 109 3
49 51 1
5 158 1
71 84 2
136 43 3
148 66 1
157 22 3
24 193 1
81 150 1
13 162 4
12 90 3
199 109 2
129 191 1
110 80 3
66 180 2
5 121 3
144 71 1
38 16 4
180 145 4
57 127 2
56 164 2
104 182 1
32 86 1
184 23 3
148 123 1
163 88 2
91 191 3
70 193 2
189 71 3
163 91 1
78 138 4
3 10 1
135 49 1
3 36 3
178 155 2
66 189 4
74 32 4
24 89 2
177 25 2
64 195 3
86 97 2
77 188 2
105 29 2
198 36 3
55 46 4
68 118 3
0 196 3
138 166 1
101 165 2
13 154 4
53 30 1
59 85 3
1 74 4
47 141 2
157 20 1
10 129 2
56 152 3
155 109 1
165 26 2
65 97 1
197 69 2
182 43 4
154 57 2
86 72 2
53 43 3
56 176 2
142 133 4
0 46 2
104 17 4
64 196 1
69 14 4
105 71 4
60 137 3
14 28 1
155 59 1
126 168 2
15 185 1
139 92 3
12 100 1
159 21 1
29 83 1
162 53 2
85 45 1
56 87 2
108 123 1
133 49 2
171 94 3
87 130 3
153 183 4
118 109 4
72 179 1
128 164 3
168 54 2
40 42 2
53 193 4
180 107 2
151 128 3
24 9 3
193 58 2
191 135 4
69 188 3
60 94 3
135 186 3
71 96 4
62 19 4
109 145 3
106 8 3
100 120 4
56 148 3
99 185 1
121 35 3
72 79 2
135 134 4
95 149 2
125 72 3
103 118 1
16 140 1
174 114 2
170 107 4
167 116 3
62 145 2
62 71 1
115 113 2
135 174 1
123 99 3
23 65 3
109 10 2
61 37 2
32 59 3
7 116 2
136 185 3
76 115 2
43 8 2
179 80 1
150 65 1
138 43 3
184 22 3
75 45 3
24 40 1
172 149 2
164 145 4
166 90 3
30 134 1
136 6 1
54 72 1
78 163 4
164 196 3
183 135 2
178 99 1
191 9 2
188 123 4
172 10 1
119 15 3
85 103 2
103 44 2
143 9 1
42 101 3
160 53 2
122 188 3
15 138 3
176 146 4
79 50 2
30 78 3
74 112 4
69 75 2
46 28 1
79 2 4
81 140 1
132 91 4
128 38 2
86 145 3
143 13 2
9 2 4
35 72 4
83 93 4
58 69 3
128 106 4
93 169 3
113 108 1
180 5 2
13 4 2
52 186 4
116 100 2
152 3 4
142 49 3
6 25 2
195 10 1
1 171 3
97 112 4
185 187 2
150 39 4
171 180 1
143 126 3
153 162 4
145 156 1
152 79 4
182 68 2
116 101 3
197 82 3
198 39 4
79 88 4
72 78 1
33 73 4
183 114 3
51 45 2
106 88 2
65 8 4
114 75 1
135 161 3
60 2 2
6 61 2
136 154 4
0 111 2
109 24 4
76 114 3
16 137 4
28 182 4
51 62 1
137 74 4
178 105 1
141 81 3
56 137 2
103 56 4
24 142 4
2 23 1
64 103 1
100 61 1
30 2 4
84 78 2
142 7 4
30 36 1
86 196 1
111 142 4
119 35 2
170 40 1
183 121 4
13 108 2
162 31 4
140 130 1
70 126 2
148 169 4
123 163 3
176 71 1
113 106 1
97 142 4
57 91 2
137 129 3
143 56 2
195 125 4
82 15 4
50 121 1
40 4 1
194 26 2
36 146 1
81 9 4
3 8 3
118 158 3
84 64 3
47 136 1
153 169 2
150 31 1
104 48 3
71 104 4
111 124 1
163 190 2
165 199 3
185 130 3
14 179 3
163 107 4
68 161 3
16 113 1
143 59 3
5 160 1
20 28 4
102 56 4
193 112 1
159 145 3
6 165 1
155 180 1
56 72 3
194 193 3
22 143 4
91 98 2
125 49 2
31 34 2
160 114 4
99 117 4
101 22 4
68 113 4
34 123 1
63 45 1
110 17 3
143 139 4
167 105 2
14 59 1
126 192 2
41 40 1
60 197 2
66 177 2
21 166 4
20 150 3
159 84 4
135 165 2
14 46 1
101 177 3
110 130 4
68 12 4
138 53 1
92 104 3
76 7 1
199 65 1
170 160 3
15 2 4
173 1 4
102 118 1
192 57 2
161 0 1
27 118 1
141 192 4
14 25 3
146 148 1
67 99 2
60 132 4
144 67 1
180 196 2
117 147 4
144 34 4
99 155 2
26 24 1
170 0 2
105 199 4
99 13 2
188 186 1
21 58 1
134 165 2
1 199 3
195 52 3
177 193 4
159 161 1
99 124 3
148 156 2
171 26 4
20 81 3
74 104 3
46 20 2
174 119 2
163 65 1
32 10 3
69 173 2
138 97 2
192 61 4
192 35 4
162 145 1
173 128 4
96 41 4
83 101 1
157 67 3
116 102 4
108 22 3
165 73 1
11 26 3
49 23 4
153 58 1
150 171 2
131 117 2
194 52 3
129 103 2
64 94 2
42 131 2
145 28 2
130 194 3
105 42 4
158 30 1
33 112 3
178 31 4
190 69 4
101 54 1
150 75 4
52 89 4
52 48 2
11 2 1
103 151 3
140 158 1
183 180 1
20 74 1
145 23 4
195 41 4
41 139 1
159 188 3
131 108 3
47 59 3
31 149 1
195 21 1
59 69 2
137 121 2
183 164 3
55 12 1
1 136 1
77 3 2
198 53 4
116 11 1
97 143 3
194 24 4
27 11 2
125 116 3
8 196 1
115 117 3
124 177 4
8 141 2
124 193 3
121 119 1
196 156 4
104 12 2
43 98 3
7 38 4
175 136 1
22 103 3
188 120 4
114 156 2
120 124 2
63 150 4
53 36 3
191 21 3
169 68 1
94 146 4
96 178 1
114 119 3
13 19 1
40 23 3
2 67 3
52 34 2
94 72 1
83 76 4
31 44 1
49 32 3
140 178 1
195 109 4
46 192 3
71 28 1
8 199 2
88 177 1
69 146 3
25 45 4
14 163 3
116 57 4
65 167 3
61 20 4
0 49 3
101 14 1
25 168 1
48 117 1
80 60 4
102 167 2
24 191 3
89 6 4
159 147 1
96 112 3
84 53 3
176 44 3
170 142 4
88 56 3
41 8 2
181 130 1
129 120 3
71 13 1
182 122 4
196 30 1
50 32 3
191 23 3
170 159 2
45 6 1
190 90 4
160 28 1
194 92 3
195 192 3
162 178 2
125 93 2
134 190 1
199 178 1
144 190 1
167 28 2
35 144 1
156 91 2
77 196 2
167 114 4
31 87 3
90 100 1
77 199 4
86 117 1
76 80 3
122 6 3
141 45 1
175 21 3
100 67 1
182 33 1
186 118 3
159 70 2
97 35 2
197 117 2
195 37 2
57 62 4
88 125 4
6 86 1
36 96 1
156 60 3
82 75 1
51 76 4
73 92 3
141 65 3
183 139 1
132 43 2
107 155 3
16 24 2
105 75 4
74 177 1
195 147 4
21 132 2
133 91 1
112 105 1
19 118 3
161 127 4
104 181 3
120 159 3
78 47 1
180 119 1
192 122 4
170 125 2
191 61 2
60 41 1
112 177 1
166 183 4
53 59 2
184 75 3
152 57 1
131 150 3
13 136 2
128 80 3
36 15 1
160 165 1
163 68 3
19 53 1
175 142 1
42 174 2
62 173 3
164 80 4
137 83 4
174 98 3
154 197 2
162 48 1
177 199 3
179 114 2
199 2 2
55 15 2
122 141 1
52 96 2
97 134 2
177 59 4
63 104 2
198 80 4
74 30 3
5 118 2
114 146 1
65 181 1
142 130 4
182 9 1
96 113 2
147 191 4
18 140 3
2 44 3
196 139 4
116 70 4
155 49 2
191 182 1
182 170 4
124 16 4
44 130 1
38 142 3
92 115 2
185 106 2
157 160 2
145 30 3
24 95 4
87 21 1
12 95 3
198 81 3
191 65 3
172 161 4
126 30 3
60 175 1
27 35 1
89 117 3
178 146 1
135 9 3
31 161 3
108 197 3
52 147 1
156 118 3
121 188 2
138 28 1
115 160 1
68 75 2
83 92 3
83 166 3
166 23 3
48 163 1
188 28 4
165 191 1
77 90 3
187 67 4
41 91 3
88 138 1
105 161 2
27 8 4
131 105 4
99 199 4
193 65 1
143 129 4
169 158 3
4 87 4
45 70 2
14 18 3
18 98 4
188 168 2
56 161 1
86 177 1
119 41 2
19 145 3
15 23 1
18 150 1
138 133 2
51 105 3
7 146 2
187 186 2
25 124 1
161 144 4
135 67 3
115 174 4
184 199 2
190 45 4
163 156 4
192 78 1
113 120 2
90 42 4
179 177 4
113 78 1
94 51 4
105 68 1
130 109 2
149 145 3
182 123 4
101 72 1
36 27 4
33 2 4
174 16 3
65 80 3
16 106 2
124 144 2
13 32 2
64 34 2
13 180 2
17 53 4
162 117 4
35 13 1
121 29 2
57 109 2
47 148 3
4 194 2
62 79 3
14 106 2
4 95 4
35 33 3
113 12 1
51 125 3
159 140 2
118 117 2
193 44 4
112 14 3
174 32 3
176 162 4
161 5 1
128 8 2
156 87 2
38 195 4
153 98 4
26 169 1
100 84 2
75 102 1
129 26 2
17 14 2
153 182 2
44 81 2
28 18 2
138 173 4
2 4 4
151 144 3
98 61 2
165 83 4
129 116 3
165 81 1
94 5 1
1 93 3
91 95 3
66 102 3
164 13 4
48 120 2
126 29 2
17 106 1
126 115 1
61 63 1
180 58 3
70 3 3
82 168 3
173 6 3
59 71 2
23 153 1
49 73 2
110 24 2
129 18 4
30 80 2
99 35 3
64 135 4
95 11 3
31 146 1
97 174 4
46 178 2
70 118 3
105 181 1
104 121 4
154 56 2
168 93 4
24 115 2
159 93 2
86 181 2
6 170 4
8 50 2
137 143 4
73 62 3
43 197 3
71 143 2
2 151 4
75 183 2
159 40 4
70 17 3
197 49 4
98 40 1
75 66 3
115 128 1
95 7 2
84 142 4
53 38 4
185 52 4
2 40 1
104 49 2
85 158 2
188 151 2
26 25 3
187 117 2
40 190 2
148 118 4
87 40 4
164 75 3
16 132 3
89 191 1
168 53 2
48 57 4
194 154 4
58 135 4
36 56 1
51 179 3
93 51 2
162 22 4
29 113 2
198 183 2
28 166 2
158 168 4
42 83 1
12 21 1
92 10 3
11 163 3
183 147 1
78 168 1
6 148 4
115 84 4
82 11 3
181 197 1
168 14 3
132 78 4
197 35 3
153 124 3
181 98 3
187 58 1
123 166 3
160 180 4
147 26 3
162 146 3
175 173 3
169 67 4
26 59 1
147 38 3
26 95 4
56 192 4
160 35 1
199 186 4
157 44 2
194 160 4
172 7 4
174 187 1
125 61 2
103 18 2
140 143 1
151 164 2
152 135 2
130 123 1
4 163 1
27 99 3
85 14 1
130 67 3
148 133 1
14 0 3
190 136 4
124 80 2
78 128 1
114 191 1
107 183 3
22 93 2
124 195 3
140 198 2
75 48 3
138 108 3
144 167 1
125 136 4
48 119 2
42 119 3
36 139 2
189 117 1
184 187 1
87 126 2
44 47 2
49 128 2
195 76 3
134 85 1
99 182 3
185 60 1
158 43 2
75 31 4
149 158 4
82 52 3
105 177 4
33 95 3
188 130 1
168 51 3
196 94 3
154 130 3
42 164 2
91 134 4
55 159 2
26 92 4
129 79 3
114 127 1
126 128 2
11 176 4
196 110 1
195 188 3
56 57 1
106 37 1
99 120 3
82 126 4
77 52 2
87 164 3
190 12 4
0 7 3
199 129 1
155 45 1
123 170 2
88 116 1
62 178 4
162 35 4
111 28 2
11 110 2
122 86 2
6 142 1
115 29 1
184 144 2
130 27 2
59 184 4
119 5 2
92 103 4
87 0 3
81 142 3
85 67 3
17 157 2
198 95 2
167 141 4
35 186 3
101 97 4
40 65 4
182 139 1
2 1 4
145 127 3
142 112 2
125 84 1
160 134 3
11 89 2
183 8 2
47 79 2
101 123 4
41 120 1
3 103 3
196 198 2
3 34 3
1 62 4
115 195 3
194 135 4
103 184 2
111 73 3
197 138 3
198 78 4
34 98 4
176 147 2
42 115 2
195 86 1
7 22 4
169 76 1
199 185 3
108 177 2
112 118 1
195 7 4
112 168 1
56 169 1
165 58 4
53 144 1
61 0 2
81 31 1
7 138 2
92 99 2
89 171 4
44 95 1
60 110 1
184 79 4
0 121 4
4 0 3
95 136 4
8 192 4
191 116 1
62 192 3
5 174 2
44 68 1
52 111 4
128 63 1
31 71 1
81 40 1
29 185 3
66 83 2
94 48 4
11 189 3
172 198 4
5 61 1
178 41 4
78 20 3
170 187 3
156 190 1
96 78 1
124 56 1
116 121 1
176 100 2
10 55 3
167 100 4
64 189 3
181 14 4
52 166 3
81 50 3
83 116 4
16 127 1
68 35 3
120 178 4
9 27 1
122 9 3
185 156 2
62 76 2
147 188 1
158 111 3
60 98 4
51 74 4
24 132 1
174 23 3
150 156 1
151 123 4
185 173 1
46 30 1
156 133 3
145 113 1
141 135 2
110 58 2
150 152 3
151 158 4
22 56 1
115 176 3
136 87 2
52 49 2
20 95 1
154 41 3
181 22 2
32 80 2
89 135 1
58 106 1
37 124 3
86 149 4
127 162 2
69 174 2
137 139 2
191 133 1
1 19 4
12 111 4
128 75 2
26 170 3
112 57 3
172 75 4
13 186 3
121 16 1
105 32 2
77 12 1
91 79 2
190 179 2
65 190 2
20 169 1
102 131 4
18 196 2
17 16 1
179 26 3
42 194 1
157 102 3
199 93 1
99 2 4
59 61 3
163 170 2
177 163 3
84 180 3
33 92 3
26 54 3
49 170 4
142 157 4
195 134 2
187 59 3
70 77 3
135 138 4
36 74 1
69 26 2
48 65 4
130 33 1
138 122 3
14 42 3
55 19 2
11 39 2
45 125 2
37 62 3
12 42 4
185 109 2
186 71 2
149 114 3
58 54 4
192 31 1
77 153 3
108 170 2
52 56 4
147 8 2
181 156 1
3 11 3
79 48 3
150 116 3
97 20 2
69 162 4
181 47 2
71 127 1
162 156 4
181 61 2
183 152 3
136 140 4
41 51 2
123 5 2
156 14 4
177 195 3
6 74 3
179 62 4
156 40 4
65 196 3
19 141 4
137 161 2
40 105 1
11 180 1
143 111 3
53 170 1
94 120 1
85 1 4
85 150 4
76 46 1
47 122 3
169 88 1
107 34 3
140 77 4
198 56 2
187 198 3
58 138 2
103 52 1
91 148 1
191 183 1
173 183 2
110 27 1
10 39 2
175 185 1
63 51 3
112 113 2
184 3 4
104 136 1
158 80 2
92 38 2
31 134 1
23 131 1
93 172 4
81 148 4
104 52 1
70 179 1
83 88 2
140 114 1
91 125 2
23 132 2
122 25 3
71 110 3
173 94 1
128 170 1
160 122 1
24 46 1
104 130 4
85 68 1
116 95 1
199 153 2
172 120 2
46 105 2
34 88 1
186 133 1
125 143 2
153 118 1
146 3 2
130 83 2
134 162 1
43 2 1
117 43 2
99 39 2
170 95 4
64 158 1
13 157 4
91 78 1
23 130 1
59 106 3
138 59 1
190 167 1
194 96 2
138 186 4
105 61 1
153 122 3
140 169 3
186 137 3
125 53 2
32 88 2
188 36 4
112 131 3
117 137 1
174 136 1
33 109 4
185 53 1
37 71 2
122 26 3
128 0 1
15 156 4
157 113 2
102 191 1
0 192 3
46 63 3
88 44 3
141 2 1
117 82 2
151 73 3
48 44 4
57 187 1
40 129 2
198 120 2
110 153 1
66 147 2
64 6 1
108 91 4
21 153 3
146 118 2
129 58 3
55 13 2
131 7 4
189 121 2
184 76 2
0 68 4
92 43 2
169 199 3
131 83 4
170 92 1
122 102 1
51 85 1
135 107 2
173 90 1
99 113 2
95 9 2
60 167 2
118 162 3
181 167 3
85 111 3
173 61 1
114 57 4
61 161 2
70 47 3
124 32 2
137 167 1
150 12 1
77 61 2
117 181 4
155 181 4
155 115 2
49 152 2
73 148 4
198 37 2
84 196 3
88 4 1
134 148 3
30 111 2
43 152 3
168 136 4
161 35 1
121 86 4
165 163 4
185 124 3
52 105 2
65 169 2
109 197 3
106 163 3
63 79 3
88 84 1
115 149 3
16 85 1
80 136 3
187 79 2
98 173 2
176 198 1
17 165 2
126 28 2
105 173 1
67 35 1
46 168 4
186 72 4
174 186 1
173 155 1
111 155 2
10 46 4
78 86 3
116 133 2
130 69 2
39 23 2
93 12 4
65 75 3
40 14 3
124 76 2
152 113 1
173 136 1
98 100 2
72 52 1
166 174 1
36 45 1
156 63 4
166 199 3
89 25 3
89 0 3
92 165 2
131 30 4
66 187 1
47 16 3
146 24 4
111 80 3
136 159 3
2 98 3
20 112 1
12 5 2
42 63 2
190 194 4
145 148 2
161 111 2
103 62 2
116 50 4
19 23 3
54 79 4
163 124 4
41 198 4
17 149 1
103 128 3
102 24 1
14 6 3
106 182 4
27 198 3
36 18 2
41 189 3
14 11 1
197 81 2
185 14 1
175 53 1
140 41 3
58 116 3
149 193 4
158 161 3
84 123 4
65 47 2
194 79 3
102 197 1
124 169 2
2 143 1
130 171 4
52 57 2
121 93 4
74 12 4
73 114 3
179 32 3
181 26 3
65 159 1
55 80 2
196 168 2
64 54 2
66 198 4
32 61 4
30 25 1
191 50 4
161 57 1
95 140 1
28 68 3
93 21 3
148 179 1
139 53 1
118 62 3
151 40 2
104 157 1
2 34 3
143 120 3
5 125 1
4 52 2
198 90 1
109 180 4
189 146 2
105 60 2
32 104 3
90 185 3
68 73 4
96 90 2
52 159 4
44 30 4
114 143 1
108 48 2
94 131 1
119 95 4
119 86 1
72 10 1
145 69 3
161 162 1
103 139 2
67 3 2
134 83 3
36 95 2
126 99 3
115 169 4
170 199 2
181 178 4
63 171 2
133 113 2
197 92 1
100 68 4
33 93 4
134 59 3
30 157 2
109 52 3
165 54 1
110 73 4
127 40 2
175 77 4
159 179 1
10 19 4
120 111 4
101 104 2
120 38 1
29 102 1
196 194 3
106 120 2
156 105 1
12 63 1
64 143 1
7 20 1
73 181 1
186 45 2
26 31 3
10 71 4
55 175 3
24 37 1
189 144 1
79 3 1
153 15 4
169 23 4
54 144 3
116 153 3
69 78 3
22 26 1
106 153 2
173 12 3
22 140 4
86 175 3
81 184 2
132 170 3
59 81 3
44 24 2
130 21 2
153 148 3
91 33 4
196 186 2
29 130 3
193 89 3
40 9 3
116 98 2
53 86 1
131 93 3
47 8 1
10 38 1
86 29 2
78 68 3
34 10 3
97 53 3
86 165 3
30 169 4
76 108 2
19 184 2
123 50 4
104 191 1
144 13 1
107 173 2
131 33 2
196 40 3
154 16 3
122 154 4
72 50 3
184 39 2
147 82 1
171 170 4
8 152 2
96 72 1
147 68 4
178 124 3
67 59 2
43 11 2
105 102 4
82 42 4
51 36 3
15 53 2
10 157 2
156 97 3
60 1 4
50 127 3
2 123 4
16 4 3
121 195 1
107 30 3
193 179 4
160 10 1
27 164 2
44 142 3
17 188 2
147 118 4
151 166 3
175 154 3
136 96 4
132 18 3
105 140 3
46 16 4
159 48 4
27 46 4
124 132 2
176 84 4
106 175 1
189 178 1
59 192 3
166 97 2
169 28 2
54 188 4
63 70 1
88 71 2
20 65 2
49 15 3
92 164 1
87 79 4
100 184 4
118 24 3
115 44 3
95 139 2
29 78 2
49 59 2
114 66 1
178 92 3
35 148 1
146 186 4
160 172 4
11 198 3
75 154 2
131 43 4
12 126 1
69 164 2
141 190 2
55 193 3
142 181 3
70 18 1
110 165 2
114 9 4
147 158 3
178 153 2
69 111 1
163 182 2
104 140 1
97 57 3
26 156 1
31 21 3
27 129 3
105 119 4
50 74 3
1 131 3
42 103 1
1 179 1
107 80 4
124 105 3
121 159 4
103 166 2
171 199 2
17 9 1
36 195 2
3 80 2
6 157 1
58 163 1
62 4 1
167 26 2
42 57 3
178 133 4
155 174 4
137 11 2
92 34 1
183 5 4
174 106 3
6 135 1
43 44 3
104 73 3
47 77 4
36 81 4
56 180 3
140 161 4
26 76 1
177 11 2
38 91 1
100 17 3
183 93 4
74 96 4
111 173 3
166 3 4
75 175 2
44 91 4
135 52 4
17 148 2
148 188 3
132 173 2
47 95 2
5 65 1
196 14 2
142 45 1
121 146 3
185 69 4
34 187 2
108 116 2
3 159 2
88 179 1
135 182 1
98 152 2
2 100 3
116 147 4
163 166 2
164 161 4
57 103 3
39 183 2
186 144 1
93 32 1
151 97 2
190 34 3
146 165 2
88 152 3
9 59 2
76 30 3
105 36 3
121 9 2
76 198 2
156 83 2
81 16 2
64 193 2
99 56 2
130 60 3
70 133 1
193 167 4
58 67 3
7 152 2
184 60 3
56 30 2
113 88 1
159 72 2
154 32 1
10 156 1
66 156 2
149 94 2
47 58 1
191 152 1
89 144 3
90 84 1
122 151 3
82 74 4
99 138 2
116 43 1
135 133 3
75 182 3
106 7 3
105 141 4
22 102 2
148 55 2
34 120 2
27 160 3
174 139 4
178 13 1
87 195 1
45 32 2
189 81 1
35 7 2
46 3 4
158 171 3
35 154 1
101 152 4
97 159 4
0 125 4
122 156 2
73 6 4
191 127 2
193 18 4
174 123 1
4 33 1
185 18 2
166 9 4
39 28 1
41 112 3
23 154 3
184 5 3
0 132 3
183 7 4
127 13 4
82 134 1
151 163 1
157 16 2
124 50 1
123 41 3
197 127 4
108 135 2
20 111 4
20 52 4
129 181 3
160 96 1
168 13 1
131 49 3
26 133 4
23 64 2
76 166 2
90 163 4
103 28 3
105 64 3
26 4 4
165 106 1
32 38 1
24 176 1
137 81 1
183 167 2
159 18 2
96 180 3
187 157 2
176 21 1
121 85 1
66 169 4
44 126 1
169 155 2
82 180 1
179 52 4
53 2 3
168 95 1
85 106 1
133 179 2
51 25 1
102 160 3
158 87 4
173 79 4
88 100 1
160 135 4
123 48 4
130 168 2
53 3 2
189 8 2
155 142 1
66 11 3
120 131 2
148 48 1
8 21 3
59 116 1
150 59 1
104 99 3
92 189 2
152 22 3
139 2 2
117 41 4
99 197 4
189 13 2
142 137 1
9 10 3
0 74 4
79 131 4
193 69 3
157 140 1
133 89 2
4 39 4
170 190 4
93 116 4
32 117 2
109 114 4
197 72 4
35 127 2
50 29 1
150 144 3
66 136 1
4 12 1
151 94 4
142 197 1
143 20 3
131 10 3
49 58 1
131 41 4
59 171 4
119 30 4
44 159 3
160 99 4
96 172 4
61 180 3
47 106 4
24 186 4
124 151 2
42 22 2
65 72 4
13 147 4
102 2 3
145 105 3
72 189 2
23 36 1
35 62 1
194 53 1
151 36 4
11 63 2
152 193 3
199 179 4
139 197 1
17 1 4
185 79 2
158 142 2
82 138 1
113 85 4
74 23 1
135 46 4
58 169 2
27 142 3
111 66 4
160 120 1
175 74 4
161 46 1
26 173 1
180 185 4
71 76 1
31 93 1
23 116 4
127 122 2
168 108 3
65 19 4
156 158 2
37 163 2
55 33 4
26 14 1
15 150 3
84 83 4
177 12 1
170 22 3
84 192 1
176 10 2
3 23 1
5 150 1
82 125 2
197 174 3
29 33 1
198 22 1
51 84 3
77 112 4
197 26 3
6 71 1
142 3 3
78 175 1
62 95 4
43 108 1
63 100 3
198 192 2
183 53 3
65 63 2
137 180 4
199 63 1
43 54 4
38 129 3
44 174 3
90 61 3
7 103 2
43 165 3
76 82 1
19 113 4
76 160 4
35 116 2
173 76 3
163 161 2
169 161 4
107 86 1
188 161 2
71 79 4
70 102 4
113 22 2
103 70 2
129 153 3
28 15 3
196 141 4
47 176 3
74 165 2
164 197 3
178 148 1
151 192 3
25 37 2
170 78 3
85 98 4
162 29 3
90 44 4
45 79 2
21 118 2
111 127 2
35 199 4
37 27 3
47 71 4
27 12 1
50 69 3
39 109 2
177 55 3
27 156 1
136 97 4
13 149 3
106 63 2
76 66 1
167 59 1
104 33 3
164 72 4
167 158 2
143 29 4
25 12 2
134 191 1
164 166 3
138 76 1
73 63 1
168 139 2
61 104 1
37 169 3
140 0 4
82 136 3
64 181 2
150 198 4
160 67 2
183 51 1
83 19 2
144 9 2
189 53 1
143 38 3
189 160 3
125 17 3
109 103 4
170 137 1
140 31 2
39 72 1
107 89 3
194 6 3
30 137 2
55 83 4
138 128 3
14 61 2
191 176 2
117 23 3
187 142 2
113 95 3
146 1 2
8 170 4
181 58 3
171 146 4
9 112 1
60 87 3
26 29 3
154 65 2
142 19 4
11 153 4
142 99 2
182 173 4
7 89 3
10 14 3
73 88 1
187 127 1
107 52 1
10 120 2
61 169 2
23 172 2
182 177 1
151 6 3
104 166 1
169 47 3
113 153 4
40 1 2
109 159 1
10 25 4
160 34 3
70 78 2
65 187 2
107 19 1
117 172 1
173 41 4
8 139 4
34 96 3
21 45 3
183 78 3
56 46 1
56 160 4
8 113 4
14 151 3
95 93 2
84 23 1
120 82 3
13 185 1
78 16 1
79 40 1
40 134 1
159 152 4
47 115 3
152 180 1
44 162 3
87 168 2
41 121 4
106 166 1
87 41 3
63 185 1
189 5 2
14 167 3
62 45 4
184 104 3
6 0 1
60 91 1
187 100 2
21 90 1
85 174 4
193 144 1
196 69 3
37 49 3
180 81 2
162 124 3
27 13 1
16 74 4
102 119 1
91 196 3
193 187 2
23 73 4
25 66 3
103 25 1
24 157 2
152 25 2
101 174 4
16 0 3
120 116 2
143 170 2
189 75 2
38 115 2
51 38 1
84 56 3
112 19 4
178 195 2
65 34 4
182 165 1
165 112 3
39 108 3
105 30 3
148 116 3
166 87 1
4 134 1
105 17 1
125 168 1
96 105 4
170 65 1
24 68 4
191 86 2
198 79 4
108 166 1
171 16 4
185 158 3
95 54 1
101 117 4
141 152 3
35 12 2
76 43 1
56 155 1
174 194 2
120 166 2
82 23 3
54 134 2
87 27 3
111 13 3
135 91 3
46 74 2
170 186 2
54 152 3
137 189 3
169 122 4
78 184 4
133 88 1
55 54 2
88 196 4
87 109 4
41 93 1
52 100 2
58 168 1
73 54 1
183 103 3
40 69 1
1 125 1
136 41 2
11 29 2
144 120 2
165 57 4
100 180 1
103 196 2
149 71 3
123 62 1
154 43 4
33 187 1
36 34 1
26 105 1
53 105 2
171 131 3
60 183 2
170 27 4
168 191 3
169 147 2
51 31 2
43 88 4
54 173 2
8 57 4
24 123 1
108 180 2
100 198 3
131 99 4
40 146 1
45 98 4
4 101 3
13 139 3
140 180 1
184 14 2
162 198 2
178 74 1
36 10 1
191 162 2
23 37 1
40 152 2
134 45 1
162 77 1
191 12 1
31 1 4
77 187 2
109 198 1
184 191 4
185 145 4
78 147 2
3 69 3
157 54 4
95 72 4
168 164 3
56 105 3
65 116 2
128 40 3
147 180 3
85 130 2
101 106 4
133 196 1
177 60 1
43 183 1
42 197 1
119 39 2
99 84 2
198 48 3
103 192 4
94 62 2
64 93 4
192 81 2
26 65 2
74 127 2
171 77 2
137 22 3
117 163 4
58 6 4
17 176 2
30 150 2
124 194 2
140 55 3
14 149 3
41 165 4
19 178 4
194 99 1
138 66 4
18 190 4
198 148 3
103 97 2
138 45 3
12 73 2
121 194 4
126 118 4
127 29 4
34 154 1
16 63 3
151 113 4
188 172 3
54 147 3
86 62 4
101 180 3
102 25 4
100 137 3
41 36 4
90 103 1
135 13 4
18 100 2
49 105 2
110 54 3
29 98 2
58 120 3
11 41 2
37 182 4
193 84 3
190 152 4
73 121 2
99 36 1
182 67 2
86 5 3
141 149 2
79 107 4
32 0 3
32 53 3
35 100 3
45 88 2
38 185 2
81 68 4
118 189 2
59 169 3
9 111 3
100 39 2
82 193 4
15 110 3
32 196 1
74 105 3
121 150 4
139 161 2
139 107 2
199 100 3
96 183 2
52 60 2
33 39 3
177 61 1
56 131 2
155 198 4
198 135 4
94 73 3
144 126 1
6 46 4
9 167 4
115 102 2
75 94 2
174 54 4
42 50 1
56 144 3
198 119 4
5 148 1
113 52 1
140 9 4
43 113 3
179 91 4
2 190 3
165 0 2
170 112 1
182 18 2
109 85 2
8 109 1
180 35 4
152 75 2
39 115 2
182 8 2
148 143 1
23 16 1
113 195 4
47 12 3
0 75 1
83 57 3
154 68 3
21 138 1
46 97 2
122 146 2
41 164 4
39 44 1
13 14 2
46 31 2
43 195 4
113 147 2
65 143 4
2 83 2
124 69 4
172 14 2
120 75 3
128 37 4
164 94 1
126 60 1
29 65 2
46 182 1
17 22 2
21 61 1
48 180 2
148 67 1
72 122 2
139 164 1
101 96 4
145 186 4
184 175 1
137 25 4
84 184 3
58 139 1
60 117 2
185 11 2
158 4 2
194 123 3
146 85 2
77 65 3
74 118 3
182 6 2
9 82 4
82 38 4
87 54 4
61 152 4
57 99 2
175 117 3
124 19 2
63 103 2
168 113 4
72 34 2
33 183 3
43 169 4
166 170 1
68 108 3
73 152 4
88 36 1
63 145 4
159 130 4
13 74 2
96 62 1
185 163 3
39 140 2
22 4 4
55 31 2
138 44 4
176 196 3
25 127 2
113 123 2
70 180 2
193 78 3
25 121 2
90 36 3
99 122 1
98 140 1
127 27 3
173 117 1
5 84 1
4 161 3
42 158 1
59 80 3
88 135 3
44 111 3
133 38 2
153 45 4
51 10 3
138 11 2
183 106 3
148 187 1
2 97 2
86 12 1
122 44 4
95 118 3
56 76 2
36 127 2
104 192 2
22 117 1
7 111 3
74 60 4
4 41 3
72 69 2
40 96 3
13 38 3
137 2 3
115 82 4
135 103 3
121 133 2
148 130 2
50 46 1
26 141 4
170 100 2
177 107 4
61 12 4
64 177 1
148 62 1
68 162 3
124 128 2
176 138 2
158 186 3
138 198 2
18 87 3
165 16 3
38 84 2
191 37 4
29 197 3
71 157 2
43 99 1
129 127 2
6 87 1
170 76 3
78 39 1
1 0 2
59 159 3
135 124 1
106 27 4
75 163 3
57 134 4
5 178 3
40 78 3
153 12 4
58 10 1
32 169 2
39 132 3
73 128 4
20 50 1
174 141 4
63 134 3
27 77 4
144 57 2
125 165 3
177 19 1
192 176 1
179 182 1
185 116 1
105 57 4
170 23 3
15 95 3
47 172 1
64 137 1
166 184 3
66 57 2
26 148 4
158 82 1
116 32 2
120 141 4
66 0 2
133 21 1
148 84 3
54 20 3
44 98 4
121 83 1
192 107 4
167 121 3
69 74 1
144 127 2
49 60 1
33 47 1
78 116 3
109 96 2
39 134 3
169 83 2
84 153 2
21 20 1
90 55 3
108 141 2
32 2 3
123 17 3
180 150 1
66 24 3
67 167 1
49 139 2
17 57 3
133 14 3
159 181 4
119 58 2
58 103 1
9 99 4
167 68 4
171 0 3
122 36 4
179 138 2
116 175 4
166 113 3
111 151 3
199 148 1
100 142 2
33 38 2
120 66 4
157 74 2
163 195 1
45 28 1
144 119 2
154 191 4
38 111 4
177 189 2
144 62 1
195 184 4
119 113 3
194 87 4
109 62 2
35 52 2
81 131 1
64 120 1
8 154 2
20 187 3
41 97 3
134 184 3
149 152 3
157 154 1
144 76 3
96 5 4
158 116 1
143 72 4
26 70 2
72 15 3
35 138 3
6 130 1
54 14 2
66 191 1
44 178 3
121 57 1
194 144 3
130 3 1
114 145 3
172 91 1
6 155 1
127 21 1
64 72 3
9 83 4
131 126 4
130 82 3
16 40 4
159 154 3
104 187 2
197 161 3
176 188 1
6 21 3
158 67 2
8 168 3
118 184 2
82 68 3
47 27 2
71 188 3
24 139 1
160 2 1
92 81 2
178 77 1
17 169 3
94 23 4
0 3 3
4 196 3
158 184 4
58 186 1
38 18 4
154 125 3
186 2 2
196 159 3
60 174 3
94 124 4
26 132 1
149 156 4
79 175 1
72 156 2
122 97 4
95 71 4
188 80 4
36 16 3
14 96 1
95 66 2
128 189 2
42 99 4
174 189 2
91 106 2
75 197 2
91 145 2
100 55 1
39 148 3
114 63 4
177 162 3
189 94 4
120 89 2
8 123 3
62 157 2
2 50 2
168 135 3
13 58 2
84 161 2
63 130 2
1 72 3
54 176 2
28 131 1
133 31 3
69 144 3
124 146 4
74 133 4
68 6 2
22 84 2
124 183 4
51 58 1
72 27 1
166 140 2
76 128 1
147 59 4
37 72 2
172 195 1
48 181 1
127 59 2
46 17 4
22 95 4
86 102 4
22 121 1
140 56 4
13 65 4
156 128 2
110 147 4
25 81 2
114 181 2
189 63 4
91 183 3
147 35 4
176 124 1
147 154 2
1 104 4
146 25 1
104 185 4
33 79 4
145 169 1
99 58 4
13 88 2
24 74 1
101 130 1
158 65 1
47 185 1
172 147 1
109 69 1
8 178 2
23 91 4
71 15 2
94 17 2
63 169 2
141 3 4
135 23 2
20 196 3
153 13 4
199 26 4
116 79 4
41 186 1
147 120 3
117 123 1
185 198 3
10 197 3
111 72 3
178 111 2
127 53 1
35 167 1
36 35 3
180 141 4
13 107 1
79 189 4
155 172 3
165 154 1
78 79 2
49 3 2
47 7 1
81 61 3
88 121 1
46 61 1
100 62 1
106 21 1
158 138 3
21 141 4
101 29 2
198 194 4
165 137 2
69 55 3
51 42 4
187 191 2
6 188 4
38 8 3
106 184 3
14 87 1
25 23 3
140 194 4
99 28 4
41 10 2
37 173 2
0 24 3
36 152 4
111 132 4
116 64 1
198 33 4
34 91 4
134 32 3
128 51 4
108 40 1
46 11 2
21 77 1
23 109 2
64 85 3
54 156 3
171 187 3
39 159 4
181 102 1
50 132 4
197 47 1
4 98 4
54 48 1
147 111 1
196 104 2
119 25 1
101 60 3
188 12 1
103 10 2
0 48 3
182 186 3
7 27 4
27 20 1
17 36 3
175 34 4
48 43 2
59 148 1
124 14 4
180 169 3
175 140 3
184 41 4
115 69 2
57 63 2
108 102 1
31 179 2
9 53 3
2 84 2
8 115 2
116 26 1
126 19 4
115 135 1
15 73 1
107 44 4
127 147 3
149 105 2
131 157 1
103 186 1
149 34 2
148 90 1
125 181 1
20 192 4
59 162 2
26 161 2
191 95 3
167 197 1
146 113 4
54 163 1
26 82 2
14 32 4
21 80 4
158 60 2
153 157 4
154 114 1
147 57 3
63 68 4
98 131 3
140 171 3
5 92 1
113 60 1
174 96 4
138 38 2
157 91 1
162 104 1
172 192 4
81 127 3
91 105 1
35 54 4
57 166 2
172 13 1
192 45 4
155 37 4
176 107 2
94 25 4
173 27 2
174 133 1
21 147 1
79 155 2
41 38 1
64 141 2
58 43 2
183 179 4
158 123 3
155 129 1
12 102 2
89 66 2
107 5 3
92 62 3
144 109 4
22 48 4
81 72 2
156 16 4
68 3 1
33 147 3
86 131 3
149 88 4
72 12 2
6 3 3
105 90 2
130 31 3
159 9 1
72 152 2
56 94 2
93 124 1
54 29 3
154 153 1
14 53 2
191 142 1
181 180 3
54 4 1
133 20 3
87 68 4
72 13 1
72 26 2
25 155 1
160 62 3
37 189 2
189 197 1
122 79 3
62 40 2
78 10 1
20 47 4
172 68 1
87 24 4
78 46 3
66 134 4
136 31 4
77 0 4
181 132 1
137 91 4
125 178 2
43 10 4
37 52 2
49 163 4
133 136 3
0 101 2
26 127 2
67 47 2
69 148 2
53 10 2
31 166 2
97 109 4
17 164 2
125 172 3
158 173 1
96 42 2
130 189 2
21 83 2
74 73 4
108 139 4
65 164 3
64 160 3
199 115 3
112 163 1
78 151 4
176 89 1
93 20 3
96 195 3
154 70 2
176 92 3
47 124 2
195 198 4
26 33 3
89 124 2
93 198 2
88 24 1
140 49 1
152 1 3
47 34 1
14 123 4
163 36 3
100 54 2
82 113 2
51 188 4
20 107 3
78 98 1
45 111 2
47 22 4
68 110 2
109 150 3
150 199 1
125 19 1
138 191 1
67 199 2
182 116 2
9 77 2
57 178 3
158 3 1
60 133 1
103 83 1
15 50 1
50 98 2
21 67 4
184 150 1
46 18 3
163 21 3
160 16 1
70 142 3
75 19 2
132 73 2
100 95 3
107 43 2
84 116 4
84 95 1
42 56 2
68 131 1
139 28 1
67 53 1
17 50 3
19 44 4
67 164 1
143 165 1
35 20 4
190 14 4
99 157 2
0 113 1
193 173 3
118 163 1
176 16 1
10 121 4
32 145 4
53 68 4
131 82 2
79 135 1
21 85 4
155 60 2
50 34 4
176 4 1
27 54 2
146 14 2
56 59 4
58 57 2
12 124 3
23 20 2
84 136 4
166 179 2
36 183 1
45 177 1
183 94 3
125 149 4
4 84 2
185 8 3
136 44 1
148 11 3
135 178 3
115 81 1
199 39 2
181 96 1
42 0 4
125 54 3
18 177 1
99 14 4
15 186 2
176 26 2
142 117 1
98 8 1
4 85 2
8 122 1
130 169 2
106 38 1
118 106 2
69 102 1
103 145 4
6 69 3
20 39 3
138 57 2
15 160 1
67 185 1
135 53 4
138 49 3
12 120 2
10 82 4
148 34 2
144 1 3
67 146 2
195 155 1
179 65 4
17 42 2
131 110 4
83 18 3
190 130 3
177 62 2
127 149 4
60 9 3
115 154 4
31 169 2
12 182 1
150 25 1
85 187 3
133 80 2
103 150 4
58 191 3
133 59 1
185 82 2
184 170 4
194 85 2
117 106 3
186 166 2
178 81 1
103 5 2
59 48 4
191 109 2
174 150 1
50 44 2
117 144 4
118 81 1
94 79 1
170 46 3
94 0 2
10 68 4
135 169 1
105 169 2
83 61 2
89 119 2
98 49 4
164 25 2
186 96 4
145 46 4
51 124 2
198 127 1
184 52 3
62 10 1
110 43 1
43 174 4
115 37 1
45 123 3
173 35 4
194 97 2
47 109 3
193 137 4
87 180 1
21 59 2
60 196 3
16 79 4
47 128 4
79 30 4
63 182 2
153 151 4
74 70 4
193 66 2
4 25 4
96 11 2
188 141 4
61 28 4
182 53 1
38 137 3
106 119 3
77 18 3
24 124 1
83 5 1
116 189 4
184 154 4
32 120 3
188 102 4
11 147 3
125 101 1
107 150 1
161 149 1
167 196 2
181 37 2
180 86 4
119 147 4
70 104 3
83 136 4
187 10 3
36 26 3
125 161 2
132 29 1
21 119 2
133 150 4
21 95 4
13 33 2
118 46 2
192 162 4
36 104 3
157 120 3
123 156 3
0 153 4
182 154 3
172 28 4
193 31 1
42 9 1
68 65 4
47 96 4
19 138 4
87 93 4
129 194 4
107 142 3
88 68 3
182 160 1
130 176 3
196 122 1
16 9 3
136 103 1
93 156 1
160 100 2
175 130 2
136 118 1
174 111 4
22 81 2
124 141 4
177 148 4
153 192 1
157 161 3
169 182 3
131 96 3
81 196 4
81 74 2
100 102 1
124 182 1
182 92 3
68 165 1
160 83 4
127 134 3
150 197 2
103 33 4
52 134 4
60 160 2
174 116 1
184 34 4
85 123 2
31 2 2
156 120 3
179 95 2
91 187 3
84 73 2
4 66 2
169 110 3
164 31 2
148 58 1
11 71 3
80 185 2
48 199 4
189 82 1
44 25 2
127 120 2
47 90 2
102 185 1
36 67 2
44 150 2
115 68 3
138 175 1
144 16 2
166 72 3
114 62 4
108 8 3
176 122 2
11 183 4
84 129 4
135 116 1
93 170 4
141 68 4
68 92 2
57 177 2
60 193 4
75 4 2
169 123 4
165 156 2
170 154 1
137 75 4
118 130 2
73 196 3
52 164 4
105 111 2
139 81 2
45 148 4
139 0 4
142 12 1
28 16 1
9 184 3
73 89 1
119 164 2
22 167 4
97 52 2
20 146 2
63 90 2
145 153 2
62 69 1
102 47 3
54 177 2
106 25 4
170 72 1
58 166 1
7 41 4
21 196 3
63 44 4
76 135 1
19 16 1
170 66 1
93 25 4
19 89 1
17 103 1
57 102 1
72 103 4
130 133 3
35 44 1
194 71 2
135 163 3
116 128 4
118 177 2
74 124 4
178 141 4
124 110 2
133 198 1
21 192 1
85 104 2
87 185 1
134 114 1
141 139 3
72 67 4
182 98 2
157 33 4
125 12 4
79 178 1
35 175 4
96 140 4
135 75 4
100 134 2
62 91 2
9 55 3
172 142 4
132 154 2
32 65 1
23 137 4
174 182 2
30 133 1
164 152 3
16 151 3
51 86 3
182 85 3
2 138 2
191 77 4
121 79 3
171 123 2
55 30 1
108 21 1
131 121 1
17 197 1
89 56 4
62 159 1
108 71 3
196 95 4
88 78 2
89 182 1
196 3 2
6 11 1
132 105 4
12 179 3
137 3 4
21 74 1
182 57 2
121 53 3
156 104 3
15 177 2
35 137 1
186 172 2
63 95 4
14 192 4
147 105 4
98 189 2
14 34 1
163 76 1
193 190 1
41 67 1
164 189 4
114 84 3
161 187 4
127 113 4
94 187 3
72 109 4
120 101 2
105 103 4
120 27 2
49 129 4
44 149 1
121 179 4
92 61 1
180 33 2
46 69 2
22 139 2
58 24 2
67 161 1
33 160 3
117 180 1
66 49 4
22 37 4
50 41 3
140 15 2
54 172 2
11 15 3
115 32 3
123 186 3
149 169 1
134 154 2
174 66 1
51 135 3
143 55 4
47 157 1
105 79 4
74 108 4
62 137 2
186 38 3
37 117 4
96 0 4
93 167 1
69 34 4
195 152 4
194 136 3
60 95 1
83 53 1
109 171 1
88 120 2
183 126 1
171 105 2
29 108 3
152 160 2
57 11 2
43 71 3
192 67 3
12 19 4
91 127 2
117 66 3
164 194 2
174 126 4
93 86 2
41 54 4
103 120 3
155 151 1
73 178 4
134 188 3
79 167 3
188 89 3
63 62 3
118 174 1
108 151 4
108 52 2
191 198 1
54 159 3
117 79 1
79 163 2
123 143 2
5 82 1
93 112 2
195 150 3
40 191 4
80 186 3
137 82 1
38 42 1
187 113 1
53 37 2
44 12 4
54 133 3
162 175 3
174 92 2
183 174 3
70 117 3
28 155 1
93 101 2
74 140 4
58 39 2
174 2 1
164 120 4
36 44 3
70 55 2
111 54 2
175 84 3
161 20 3
19 155 2
135 159 1
157 188 3
187 14 1
157 198 2
186 9 2
88 46 1
1 189 2
112 48 4
131 57 2
156 142 4
152 64 2
40 99 4
162 79 1
168 52 1
81 193 1
23 168 1
178 102 4
169 129 1
188 90 4
151 83 1
70 32 4
36 109 4
54 21 3
6 56 1
68 150 3
90 1 1
138 54 3
153 93 2
195 4 4
65 9 3
161 151 1
41 94 4
126 157 4
48 81 4
145 92 2
181 116 1
140 172 1
71 147 1
170 80 1
113 89 1
75 36 4
24 187 4
2 92 4
19 170 3
55 47 3
165 35 1
124 59 2
175 187 2
76 145 2
100 8 4
100 121 4
164 1 4
82 49 3
187 199 3
159 172 2
172 107 1
8 49 3
6 125 4
25 133 4
44 15 1
40 85 1
17 122 3
114 144 4
19 189 3
62 143 2
167 129 2
186 152 4
162 36 1
105 92 4
106 13 4
54 124 1
119 138 2
106 57 4
68 57 3
27 183 2
159 123 2
157 190 2
167 41 4
33 21 3
79 57 1
