4975 200
0 151 8
0 163 6
163 80 6
151 177 8
80 59 9
59 48 9
80 145 8
0 110 4
177 14 2
80 156 4
80 96 9
145 44 2
44 24 2
0 12 2
59 67 5
156 167 7
67 16 4
177 92 9
163 22 8
48 135 9
67 35 4
156 38 4
16 75 7
151 112 1
80 115 4
59 51 8
167 53 3
24 86 6
48 41 7
0 175 5
86 101 2
53 52 3
175 113 5
51 76 8
175 133 1
86 28 7
110 47 1
135 49 4
113 13 6
145 170 3
44 199 1
75 107 1
163 17 7
53 176 1
76 103 8
67 42 7
167 97 5
49 109 9
51 79 8
41 69 2
86 66 4
67 143 9
101 132 5
115 174 2
13 169 2
167 104 2
41 165 6
135 68 6
68 58 1
110 90 7
90 83 8
14 45 5
90 155 2
96 8 8
177 85 9
165 15 9
165 119 6
67 25 8
58 196 5
155 150 8
170 93 6
174 195 4
42 32 7
143 102 4
109 55 8
76 181 3
176 182 2
143 141 3
85 138 4
109 130 9
165 161 8
163 183 1
161 62 9
48 56 1
52 105 2
67 18 3
169 111 9
44 171 9
111 46 1
182 152 1
138 106 4
14 127 3
177 114 1
0 117 8
80 166 6
177 131 8
68 71 7
109 157 6
131 136 3
53 162 4
110 137 6
110 82 6
133 21 4
103 147 3
75 146 4
161 190 6
196 40 7
12 178 3
71 81 7
21 50 7
69 121 7
52 185 8
113 94 9
199 84 6
104 173 6
137 1 7
0 160 1
47 142 9
113 30 7
114 191 1
165 29 5
67 123 1
152 98 4
67 95 3
161 116 1
52 27 2
114 148 1
104 33 9
127 188 1
98 100 6
100 99 8
52 87 1
12 63 5
117 77 4
13 70 1
22 5 7
66 129 8
51 187 1
117 120 4
12 34 9
17 154 7
173 134 8
143 158 4
171 193 8
93 37 9
37 164 6
171 73 9
162 54 8
94 39 8
181 184 1
101 60 5
113 7 6
40 149 6
38 197 5
47 11 2
92 126 9
0 140 7
84 6 3
154 159 3
66 168 5
94 91 2
148 124 5
104 9 4
182 179 5
161 3 5
80 122 2
69 61 7
178 139 4
39 89 8
143 125 4
151 23 5
60 108 3
164 19 7
76 118 3
117 10 7
70 26 9
26 2 2
85 88 8
165 36 4
1 20 1
171 192 2
117 78 1
126 153 8
40 64 2
9 4 3
78 31 3
100 72 3
16 65 4
134 186 7
113 128 3
157 74 6
97 198 2
0 57 6
46 194 5
177 43 6
97 172 3
84 180 5
5 189 7
39 144 9
193 117 4
51 118 2
42 43 1
15 91 2
93 180 3
104 195 4
17 2 2
74 148 1
67 130 4
52 175 3
196 26 1
158 54 2
179 177 1
53 69 2
45 65 1
161 163 1
113 194 3
193 18 1
107 130 4
15 146 1
180 169 1
44 160 3
145 92 3
28 40 1
117 112 3
78 10 2
27 9 3
181 83 3
181 88 3
133 74 4
46 198 4
125 5 2
137 103 3
181 92 3
66 130 1
190 164 1
66 37 3
44 110 4
179 88 1
81 37 3
171 186 4
88 77 1
189 166 2
48 180 4
87 45 2
162 94 4
124 138 4
32 0 1
98 45 3
180 58 1
165 11 3
35 81 1
173 76 2
178 22 1
158 43 2
190 182 4
63 199 1
124 87 1
105 24 3
76 155 1
14 185 4
129 36 1
151 5 1
148 120 4
91 195 1
187 91 4
121 57 1
152 49 3
187 104 3
172 176 4
135 35 4
167 194 3
53 102 3
172 45 1
113 86 4
119 158 4
148 197 2
90 47 3
10 16 3
14 94 4
20 74 4
6 70 2
193 15 1
171 86 1
191 139 2
40 124 2
68 98 2
162 51 1
152 159 3
195 37 3
197 87 4
83 184 1
53 143 1
182 163 4
56 185 3
42 137 1
166 174 3
45 83 3
152 146 2
90 170 1
63 152 4
83 195 1
167 158 1
61 117 1
16 43 3
3 120 4
4 56 3
185 81 2
144 118 3
152 168 1
24 194 4
133 58 2
129 5 1
68 60 2
8 44 2
16 11 2
82 28 1
187 102 4
194 6 2
44 80 4
107 153 4
121 44 3
138 91 4
161 166 1
57 3 3
17 144 3
171 2 4
136 143 3
57 82 1
73 124 2
159 33 1
10 83 1
7 35 3
34 140 2
49 39 4
13 185 3
43 38 1
62 25 2
29 174 3
114 33 3
188 126 1
186 12 2
109 132 3
77 68 2
140 23 4
1 133 3
18 155 3
42 168 2
186 121 2
64 50 2
108 133 2
73 177 1
188 123 2
159 92 3
147 141 1
13 115 3
45 158 2
18 90 3
24 123 2
86 188 4
100 55 4
137 33 1
55 113 2
193 80 2
43 162 2
26 22 4
25 94 3
79 135 1
93 142 4
111 171 2
106 176 2
72 89 2
153 154 2
71 24 4
176 127 1
117 15 3
139 35 3
175 47 4
147 118 4
95 175 1
171 131 4
66 1 4
157 196 2
15 198 3
194 27 2
38 77 1
89 20 3
105 69 4
11 24 4
160 108 4
117 179 1
143 16 4
90 185 3
42 140 3
127 159 3
38 65 1
121 193 2
187 10 2
4 55 2
29 173 2
179 190 3
96 171 3
0 129 2
173 136 3
111 21 3
44 87 2
77 138 1
161 25 2
43 183 4
83 88 4
180 14 3
68 107 3
112 3 1
42 180 3
179 65 2
16 37 1
118 53 4
92 48 1
191 102 3
55 8 3
173 59 1
126 98 2
171 185 2
149 189 1
14 42 3
194 166 1
42 133 4
99 159 3
21 98 1
199 148 4
102 198 1
62 34 3
25 149 1
35 1 3
123 160 2
153 183 3
120 199 4
100 66 3
7 173 3
173 197 2
121 28 1
35 20 3
109 137 4
140 162 2
177 89 3
93 135 1
126 31 4
134 120 1
153 182 2
85 47 4
70 92 2
4 25 4
112 88 4
97 132 4
182 160 4
84 100 3
78 36 1
50 184 4
73 48 3
116 195 4
140 96 4
181 168 1
164 16 2
117 174 4
148 177 3
140 137 1
53 24 3
79 194 2
71 99 1
80 88 2
157 187 3
171 132 2
83 7 3
134 149 1
62 153 4
36 105 1
187 31 3
33 189 4
127 196 2
31 190 3
89 195 4
160 138 4
28 120 1
87 122 3
168 156 4
26 159 2
7 127 2
93 15 4
51 89 2
161 98 1
159 167 3
178 181 3
164 76 1
136 108 4
6 170 4
192 75 4
38 4 2
95 0 3
34 65 1
58 63 4
154 125 2
18 11 3
39 75 3
62 74 3
104 106 2
27 37 3
132 49 1
131 84 1
81 174 3
124 15 2
59 175 1
151 109 4
191 157 3
185 89 3
199 113 4
91 51 4
156 84 3
184 105 2
18 82 1
10 148 1
156 181 4
139 161 3
7 10 2
171 62 3
4 147 3
18 13 1
20 64 4
147 167 3
109 136 2
25 15 3
184 166 3
43 143 1
10 170 2
25 142 4
20 86 3
172 61 3
132 18 3
66 60 2
168 136 1
128 38 1
184 163 3
195 187 4
85 76 2
47 121 4
140 85 2
125 79 3
74 85 4
182 13 4
192 160 4
116 188 1
191 146 1
182 20 2
125 84 2
69 84 4
105 12 4
45 123 4
34 121 4
164 118 4
189 86 4
195 138 1
88 159 2
24 77 3
86 35 2
111 162 1
18 21 4
70 38 3
70 179 3
151 122 1
115 118 3
6 190 3
147 41 3
36 191 2
101 65 4
116 49 2
83 111 3
72 108 4
41 116 1
65 82 1
35 100 2
37 111 1
16 76 3
148 85 3
103 20 2
96 165 1
60 119 1
119 29 3
75 54 2
104 159 1
109 12 4
144 166 1
49 127 3
51 18 2
14 44 4
72 17 1
108 33 2
46 183 1
144 152 1
69 118 1
62 137 1
94 93 2
57 64 1
94 80 4
127 129 2
152 15 2
22 40 3
97 68 2
168 109 2
175 165 2
183 9 2
129 118 3
161 40 3
167 1 2
153 138 2
44 34 4
111 172 1
67 88 4
44 48 1
37 26 2
172 33 3
163 74 1
41 157 2
172 120 3
144 11 4
10 130 1
143 174 3
53 117 3
29 89 3
106 89 3
77 26 3
139 47 3
56 109 3
158 94 4
24 164 4
86 173 3
157 47 3
129 37 3
196 120 2
93 92 4
146 72 1
86 119 4
46 79 3
102 84 2
57 23 2
101 7 4
41 144 4
10 167 4
31 125 4
172 41 4
25 77 3
21 13 3
160 9 2
63 38 3
82 81 2
121 101 3
35 88 1
135 124 4
192 26 4
46 18 1
22 122 4
108 146 2
54 23 4
173 61 1
129 31 2
23 183 1
63 46 1
177 127 3
67 193 4
183 188 4
8 0 4
75 123 3
22 138 2
68 26 3
89 98 1
101 160 3
198 69 2
6 37 1
12 48 2
65 151 2
181 117 2
90 143 4
197 121 1
40 58 3
53 172 3
80 101 1
157 55 2
170 152 3
159 144 3
170 186 1
2 190 2
40 16 3
183 83 4
140 33 4
63 186 1
75 176 3
102 176 1
46 71 1
186 19 4
68 38 4
163 169 4
174 171 1
53 85 1
14 138 1
101 100 4
12 157 4
37 155 1
46 16 3
14 115 2
18 92 3
62 169 1
1 143 4
19 26 4
14 10 4
82 47 3
159 81 4
81 121 3
48 124 3
176 153 2
134 59 1
145 35 1
69 155 2
76 167 2
69 81 2
138 30 3
152 21 3
63 75 4
104 131 4
165 158 3
163 32 1
54 151 1
197 97 3
145 188 4
170 122 2
58 25 2
7 122 3
14 33 3
148 113 1
47 57 2
21 196 2
14 116 1
17 123 4
70 137 3
67 152 3
146 10 3
103 121 3
33 55 2
48 57 2
169 68 3
179 64 4
107 125 3
23 0 3
48 96 4
24 188 3
57 185 1
166 121 3
163 165 4
74 27 2
163 116 3
70 197 3
3 108 1
29 41 2
167 82 1
42 142 4
154 108 4
21 39 1
94 196 3
58 24 4
92 68 2
13 122 3
25 180 4
62 101 1
159 61 1
103 110 3
2 66 4
33 48 3
24 37 1
90 13 1
148 99 2
78 6 4
141 54 1
84 161 2
12 107 2
97 28 4
9 57 3
65 37 1
115 113 3
34 40 1
196 107 4
105 11 3
34 160 3
99 169 1
187 43 4
67 185 2
78 15 1
84 119 1
148 102 3
73 97 4
98 78 3
118 137 2
179 193 4
182 94 2
182 136 3
175 16 1
17 7 2
20 159 1
30 72 4
157 58 2
48 166 3
9 129 3
103 122 2
162 89 2
195 39 3
187 186 1
10 18 3
146 5 4
191 48 2
20 44 1
193 21 2
67 182 1
174 199 2
169 197 2
0 85 4
154 160 3
21 169 2
105 145 1
8 98 2
173 80 4
42 1 4
110 83 1
83 177 1
27 55 4
119 137 2
117 191 1
178 2 3
105 66 1
148 37 4
144 72 2
72 60 1
153 151 1
197 0 1
177 12 2
71 159 2
187 134 1
161 193 1
136 198 4
108 95 3
116 74 3
121 55 3
83 21 4
35 40 2
94 33 4
43 5 3
78 102 3
98 82 3
81 195 2
89 132 1
188 95 2
70 171 3
41 2 2
133 0 2
146 113 1
180 63 3
19 151 1
98 19 4
115 93 4
26 117 1
27 49 4
35 98 1
34 11 2
84 32 4
2 103 2
185 183 3
99 143 2
60 84 1
43 108 2
126 141 4
132 172 1
184 150 3
155 17 1
79 94 4
42 37 2
115 190 1
191 184 3
26 73 2
19 153 4
170 115 1
67 23 2
47 170 1
171 95 3
72 179 1
18 120 1
26 0 1
90 194 4
19 40 4
31 82 4
107 21 1
170 146 2
126 83 3
85 10 3
13 105 2
58 37 4
197 19 1
131 140 1
199 46 2
114 99 4
114 145 2
183 97 1
32 80 4
44 65 4
24 51 3
154 33 4
54 96 4
78 57 2
109 48 4
72 83 1
137 127 2
139 95 4
195 140 1
148 168 4
151 138 3
80 64 2
109 92 4
170 43 3
52 7 2
172 28 2
132 154 4
45 192 1
143 150 3
80 179 4
95 21 3
90 89 4
20 164 1
61 161 4
148 35 4
154 70 2
53 142 1
117 178 4
173 45 2
126 62 3
31 172 1
109 134 1
79 103 4
44 195 4
49 178 2
143 165 1
92 115 1
182 130 4
16 84 1
149 99 4
66 154 3
132 122 2
74 118 3
7 132 1
162 108 3
85 50 2
84 134 1
3 182 3
4 36 2
25 2 4
173 141 3
186 193 4
122 49 1
91 148 4
41 83 3
147 59 1
39 50 1
74 168 2
86 47 4
195 52 1
64 15 3
180 156 4
81 137 1
95 55 3
89 42 4
12 149 1
163 56 4
11 192 4
98 105 3
45 8 1
22 154 1
92 5 3
170 34 4
52 119 2
70 187 4
14 117 2
135 16 2
183 142 3
25 98 3
199 195 1
141 171 3
165 153 1
42 143 2
198 89 3
194 114 4
156 125 3
23 69 2
18 115 3
7 123 4
169 22 1
105 142 3
106 30 2
1 22 1
20 40 4
56 97 1
89 22 2
195 28 2
154 8 1
72 126 3
109 90 2
62 90 4
74 170 3
166 73 1
51 99 1
188 36 4
126 144 2
37 52 2
143 192 1
162 163 4
150 6 1
147 77 1
153 8 1
138 29 3
85 64 4
169 174 1
120 13 3
119 166 3
135 173 1
122 31 3
35 75 3
169 183 1
67 32 2
114 138 4
134 30 4
119 91 1
173 91 1
93 2 2
196 19 1
178 26 1
58 85 2
49 181 4
16 21 4
2 105 4
118 97 4
183 154 4
106 111 3
175 26 3
186 59 4
132 194 2
119 130 4
143 164 3
183 81 3
68 118 2
167 8 4
88 173 1
134 100 3
3 44 2
49 2 4
72 109 2
20 173 2
135 146 4
56 50 1
115 22 1
149 120 2
46 82 4
7 174 1
51 110 3
85 137 1
153 61 4
188 51 1
142 49 4
122 159 1
39 183 2
176 195 1
11 145 4
4 121 2
56 88 3
74 51 2
165 110 1
66 196 2
169 181 3
145 75 2
177 156 3
100 92 2
116 27 1
175 192 2
125 68 4
173 19 4
8 68 4
135 166 1
116 20 3
23 80 2
189 11 2
166 30 1
5 113 2
4 175 2
141 174 4
27 19 4
151 77 3
193 42 1
87 46 4
95 158 2
184 5 4
136 35 3
53 51 3
36 31 1
55 0 4
180 65 3
96 143 4
91 87 4
84 149 1
196 46 1
157 129 4
102 61 4
105 141 4
157 183 2
145 156 4
140 136 4
124 69 1
74 102 4
114 57 4
14 109 2
90 44 4
169 72 1
156 63 3
46 74 4
107 175 3
86 49 4
47 196 1
136 147 4
140 18 1
160 122 2
82 109 2
44 111 1
162 143 4
199 91 2
131 66 3
29 94 1
14 23 3
135 187 4
81 3 2
140 107 2
34 197 4
18 39 2
62 116 3
143 170 3
13 178 1
139 168 1
123 60 3
45 119 1
152 9 1
50 175 4
158 100 4
122 34 4
60 35 3
59 132 3
116 48 3
78 3 4
18 183 3
162 26 3
56 32 4
77 107 1
63 108 4
156 157 1
15 82 4
76 194 3
104 39 1
100 125 3
126 100 4
32 101 2
19 156 4
35 131 3
171 160 3
55 130 3
20 199 1
96 34 1
70 141 3
175 54 4
193 64 2
117 132 4
106 78 1
43 31 3
5 188 3
157 6 1
138 101 3
91 133 2
9 64 1
8 71 4
60 79 2
34 13 1
80 26 4
136 102 1
2 4 4
162 29 2
100 120 2
69 184 1
80 175 1
147 175 2
132 196 3
117 165 2
59 8 2
28 17 2
68 37 1
173 187 3
100 21 1
18 32 4
22 177 4
40 160 4
193 174 4
138 33 2
117 17 4
18 190 3
175 21 2
151 27 1
174 10 1
116 169 4
195 108 2
111 100 2
139 45 1
64 125 4
119 56 1
184 12 3
55 118 4
45 170 3
5 31 4
156 86 4
54 179 4
113 127 3
77 43 4
34 182 2
186 196 4
186 77 3
144 136 1
114 189 1
18 186 2
29 104 3
100 76 4
182 180 3
72 163 2
55 87 4
21 10 1
43 171 3
58 57 4
192 49 1
68 173 4
156 187 2
150 141 4
90 179 4
115 199 3
35 128 2
146 166 2
83 103 4
185 173 4
144 85 3
65 125 4
196 108 2
14 8 3
17 116 1
84 112 3
129 59 3
187 46 2
15 45 3
42 60 4
177 88 3
153 110 2
104 117 1
175 173 2
196 68 3
49 173 2
59 3 2
81 36 1
191 153 4
70 11 4
143 195 1
4 13 4
0 96 3
99 184 2
43 194 3
171 84 1
100 71 3
72 113 1
2 139 2
145 173 4
19 80 1
176 76 2
120 6 1
25 22 3
144 102 4
115 48 4
94 170 1
24 132 1
97 158 3
7 75 3
99 102 1
126 25 1
91 156 4
14 106 2
102 6 4
122 141 4
31 63 4
63 148 4
70 102 3
199 10 2
48 24 3
67 3 3
193 24 1
99 190 1
93 196 2
188 7 1
124 88 2
63 98 3
86 184 4
178 101 3
69 75 4
100 142 2
98 20 1
55 148 4
135 182 3
177 171 1
35 65 3
171 82 2
149 56 2
187 198 3
117 105 2
117 51 3
98 57 2
39 141 2
191 49 1
151 121 3
133 158 3
70 10 3
25 139 2
93 82 4
138 60 1
55 82 2
149 103 3
122 12 2
37 141 1
146 59 2
135 25 2
149 176 2
46 65 2
74 120 1
140 109 3
22 152 4
93 192 2
14 198 3
129 177 4
81 164 1
12 39 1
129 148 4
50 169 2
60 58 1
85 147 3
74 80 3
101 20 3
88 116 3
104 12 3
58 9 4
151 162 1
123 3 1
28 69 4
33 187 2
67 1 3
165 194 3
108 192 1
152 3 3
57 158 2
61 71 3
17 98 1
141 69 4
22 75 4
103 143 3
62 173 2
9 142 1
1 153 3
139 43 1
59 150 4
35 4 3
139 74 4
114 108 2
92 129 4
162 31 2
187 171 3
77 164 2
9 169 2
74 29 4
59 46 1
7 90 1
23 175 2
189 170 3
53 37 3
90 140 1
106 162 1
112 35 1
87 147 4
4 126 2
184 73 4
99 54 4
176 95 2
39 57 1
109 175 1
37 34 2
146 3 2
14 192 1
20 97 4
18 142 4
130 60 2
90 107 3
85 146 3
6 108 4
58 42 1
141 110 4
48 181 1
98 180 1
105 123 4
65 55 4
50 179 2
136 163 1
5 117 1
88 42 2
42 119 4
135 140 2
194 60 3
152 133 4
52 2 4
42 174 2
191 164 4
19 16 2
173 154 2
59 87 3
118 155 4
41 114 1
188 105 1
8 194 1
142 6 1
77 12 4
81 56 3
171 147 2
149 95 4
104 116 4
33 175 4
150 41 1
17 55 3
122 98 2
169 172 1
101 9 3
38 37 1
52 191 2
187 75 2
46 131 2
168 31 1
22 73 1
147 124 2
136 110 1
1 195 3
150 153 3
42 45 4
65 143 3
142 191 1
174 1 3
106 46 2
121 24 2
5 70 1
115 151 3
35 42 2
176 56 4
53 13 2
33 177 4
18 69 3
0 190 4
112 122 1
94 95 2
154 155 2
17 82 4
70 153 2
185 9 3
140 145 2
42 158 3
129 28 1
140 167 3
198 63 3
52 94 1
168 175 2
136 64 3
71 192 4
73 103 3
63 150 3
6 52 4
198 178 4
170 0 2
20 191 4
52 165 2
161 36 1
164 120 2
53 75 2
86 193 4
124 68 1
67 121 2
137 57 4
198 45 1
190 191 2
42 139 2
119 106 1
137 114 3
130 154 3
138 82 3
153 44 3
144 145 2
109 190 1
132 10 1
71 111 1
94 83 2
63 130 2
149 126 1
23 181 4
59 199 4
169 3 3
141 24 1
68 158 1
58 122 1
66 67 3
13 119 4
148 48 1
179 191 3
66 39 4
194 41 3
180 185 4
112 18 3
3 80 3
153 60 2
146 154 4
190 29 4
135 44 4
99 53 2
78 128 2
188 96 1
169 57 3
81 198 2
11 190 4
189 77 3
47 92 3
78 182 1
163 132 4
43 191 1
88 32 3
76 41 4
123 12 3
79 99 1
66 48 1
94 143 3
10 183 3
10 163 4
140 141 4
96 2 2
12 46 4
47 99 3
154 62 2
80 153 3
85 45 3
164 126 3
17 133 1
123 167 2
135 170 2
153 194 3
108 54 3
13 92 2
10 162 2
168 69 2
10 50 3
173 131 2
96 44 2
172 177 3
54 74 3
43 169 1
59 105 4
159 101 4
154 191 2
128 167 2
22 53 2
44 41 1
83 65 4
99 146 2
171 124 4
132 20 1
167 83 3
91 159 1
133 76 4
97 116 1
18 118 3
2 144 3
80 157 3
136 133 4
116 85 1
144 96 2
87 22 4
32 150 2
121 2 1
194 197 2
126 93 4
77 87 4
116 131 4
108 51 1
120 21 3
65 31 1
92 50 3
23 152 1
47 114 4
160 71 3
103 17 3
39 60 4
44 165 3
131 13 4
165 109 2
193 135 2
167 153 2
75 149 2
188 76 1
89 146 4
178 180 2
166 21 4
124 64 2
108 126 1
34 142 2
193 12 3
15 137 2
25 21 4
91 98 2
161 171 4
38 61 4
183 71 2
195 158 2
150 136 1
193 113 1
179 94 3
160 76 3
165 105 2
177 130 1
17 164 2
11 79 1
179 129 1
52 92 2
103 27 2
169 58 4
35 96 4
118 187 3
97 130 2
192 154 1
167 92 3
61 0 2
13 126 2
31 115 4
106 164 1
196 18 1
68 179 2
131 160 2
122 29 2
70 155 2
109 101 3
198 60 3
174 62 3
186 83 4
130 134 3
144 184 1
180 49 3
66 171 2
114 20 2
38 177 2
35 64 3
36 113 4
172 170 3
107 159 3
158 26 3
83 101 4
60 20 3
147 80 4
40 135 4
174 97 4
21 135 4
73 179 4
139 100 1
47 149 3
49 56 3
18 159 1
138 61 4
141 142 1
91 146 1
85 188 3
162 116 4
145 3 4
150 122 3
99 96 4
148 118 4
94 191 2
164 114 2
179 159 3
152 109 1
95 133 2
130 112 4
159 178 4
11 186 2
100 157 1
140 134 1
41 149 1
110 8 4
132 191 4
161 10 1
102 24 3
124 67 1
23 148 2
190 172 1
197 12 1
177 167 1
181 69 4
83 62 4
184 140 1
81 176 2
21 28 3
105 197 2
135 184 2
82 169 4
10 4 1
64 88 4
93 147 2
153 96 2
73 38 4
55 161 3
96 123 1
81 78 3
173 63 4
110 100 4
158 161 3
86 69 3
109 16 1
51 63 1
178 68 1
5 65 2
3 37 4
177 187 2
23 16 2
159 84 3
171 106 2
60 49 1
181 138 3
172 149 2
83 138 3
169 117 3
85 89 4
16 155 1
129 69 2
175 31 3
25 20 2
23 177 2
44 149 3
103 16 4
35 134 2
51 14 4
19 35 2
77 83 3
92 33 4
135 69 3
143 186 2
16 48 3
46 148 4
10 131 4
171 157 2
51 95 2
132 148 1
68 94 3
182 154 1
190 96 3
88 135 4
23 180 1
50 157 1
162 181 1
92 8 4
53 112 1
9 108 4
170 173 1
66 119 4
168 169 2
25 76 1
40 83 2
124 14 3
69 107 2
75 159 3
95 170 2
158 199 2
20 153 2
101 96 3
83 8 3
196 100 1
79 131 2
192 9 3
115 6 4
173 128 3
72 66 1
127 1 4
137 176 2
188 172 3
52 139 3
12 32 3
185 30 3
124 47 1
69 30 4
18 54 3
99 19 4
173 157 1
169 33 2
64 49 2
84 8 4
127 6 4
154 150 1
185 151 4
61 101 3
120 146 1
24 156 3
103 9 2
176 109 3
65 137 1
116 115 3
156 166 2
139 184 3
198 58 1
81 44 3
134 12 4
67 194 4
185 179 1
73 164 2
38 22 1
20 143 1
95 85 1
17 95 3
198 193 4
108 59 2
60 19 1
69 94 2
80 24 2
29 112 4
137 174 3
120 51 3
114 43 3
94 2 3
171 41 4
83 128 3
24 177 1
56 181 4
101 26 3
130 65 3
180 172 2
7 144 2
26 131 4
17 91 4
188 153 1
192 198 4
106 182 2
17 14 2
72 189 4
10 112 3
57 22 2
11 88 4
27 146 3
168 9 2
58 29 2
129 164 4
68 48 1
65 94 4
197 181 1
165 179 3
63 189 4
20 0 4
191 178 3
39 192 2
106 18 2
5 79 2
4 178 2
115 63 4
95 113 2
168 141 4
161 89 1
53 158 3
156 96 4
14 128 1
110 193 3
29 30 1
105 161 1
128 44 2
187 126 2
2 55 2
127 173 1
130 1 2
126 3 4
67 28 4
19 159 3
170 2 2
69 58 1
190 180 4
118 85 2
19 75 4
139 51 2
191 99 1
170 129 4
13 166 4
46 165 4
84 74 4
163 2 3
131 191 4
131 82 2
113 28 1
170 166 1
32 117 1
157 151 4
24 184 4
51 199 2
78 187 4
74 132 1
62 132 2
77 136 3
95 99 1
136 18 4
55 32 3
161 124 4
116 1 2
44 59 1
139 26 1
134 57 2
26 9 3
128 196 2
172 123 1
63 54 1
198 26 1
182 65 1
28 101 4
152 174 4
59 5 4
36 11 3
2 100 2
22 104 2
167 131 3
120 166 3
195 112 4
94 85 4
70 144 2
73 99 4
116 153 3
49 78 3
143 123 2
150 90 2
37 90 3
71 69 3
119 74 1
0 145 1
172 4 1
117 189 3
112 58 2
1 134 3
150 100 4
140 130 3
113 184 2
86 157 1
180 143 4
70 121 1
115 176 3
108 90 4
161 77 4
160 8 1
161 141 3
168 12 1
14 146 1
186 148 4
144 24 3
15 77 1
94 156 2
96 33 4
188 94 2
32 165 2
179 118 4
28 117 2
129 133 4
118 49 1
138 171 2
46 64 3
4 3 2
98 191 4
64 90 4
3 60 1
192 196 1
145 165 2
46 66 1
181 54 2
166 178 1
75 156 4
55 146 4
109 125 1
48 64 3
19 113 1
59 179 4
34 5 1
89 141 4
161 65 1
76 44 3
51 135 4
86 121 2
27 41 4
86 85 2
14 67 2
81 97 3
156 48 4
23 174 4
50 25 2
138 139 1
107 151 4
51 70 2
50 159 3
69 142 4
41 77 4
41 145 4
38 107 3
59 73 4
80 82 3
20 66 3
113 125 2
12 176 3
59 164 4
112 129 1
170 100 2
152 127 1
191 160 2
191 162 4
85 65 1
128 92 2
20 68 1
163 159 1
183 77 2
168 192 2
63 9 4
17 171 3
166 97 3
138 169 3
189 195 2
76 78 2
190 44 4
40 147 2
141 146 3
67 102 1
134 49 3
37 79 1
26 105 1
101 158 4
14 183 1
47 178 3
120 140 4
198 155 1
163 101 3
164 45 4
112 163 2
12 55 2
85 63 1
70 22 3
46 177 2
26 182 1
174 75 3
89 190 2
192 19 2
49 81 1
184 153 4
72 101 2
59 156 4
51 105 2
82 177 4
2 138 1
37 131 2
40 127 2
159 94 2
68 78 2
43 29 2
125 73 2
68 28 2
152 163 2
124 136 2
106 165 1
72 7 4
80 120 4
164 94 1
151 49 1
121 87 3
24 78 4
103 159 1
51 165 2
37 194 1
166 185 1
51 10 1
33 19 4
48 175 1
6 161 3
110 48 4
54 48 2
57 61 2
6 95 3
80 92 4
190 35 2
22 88 4
174 165 3
76 72 4
91 33 2
49 41 3
171 24 2
28 167 1
24 90 2
14 82 1
141 157 3
137 186 4
86 72 1
90 196 3
115 32 1
105 118 4
191 110 3
164 39 3
57 35 3
4 170 2
12 70 1
99 10 1
181 89 1
181 65 2
192 159 1
180 47 2
124 86 2
120 150 3
197 51 3
194 149 2
159 136 1
171 112 4
7 148 4
21 41 3
27 148 2
74 138 1
63 3 1
82 172 2
32 195 4
21 1 1
151 80 2
171 77 4
21 171 4
139 175 3
89 192 1
156 185 1
30 99 1
104 102 1
107 191 1
96 13 1
157 20 1
178 140 3
14 195 1
39 130 3
46 31 4
195 129 4
192 165 3
148 144 3
58 161 1
98 24 3
118 33 3
181 174 1
199 15 1
65 138 4
162 199 2
30 115 3
4 84 3
52 21 1
65 196 4
79 167 4
27 87 1
71 139 3
128 71 1
138 57 4
197 56 3
111 118 1
58 66 3
155 94 2
111 59 4
78 0 1
112 69 3
123 80 1
10 147 3
72 168 1
53 139 2
134 199 3
102 103 1
16 170 4
128 122 2
165 49 4
146 64 4
91 24 1
151 111 2
33 86 1
50 129 3
70 34 1
85 5 4
88 172 3
143 91 1
166 125 4
181 113 4
43 89 2
20 188 2
144 121 4
120 29 2
121 77 3
130 129 2
112 73 1
147 119 3
20 73 3
191 100 4
8 38 2
2 165 3
123 31 2
159 172 2
70 116 4
83 16 2
128 59 3
105 179 1
127 106 4
172 59 3
137 162 1
92 21 2
125 81 4
58 17 2
28 41 1
77 96 3
111 173 3
16 60 2
81 8 4
55 153 1
193 136 2
153 87 1
65 134 2
110 96 4
48 93 3
71 37 1
122 3 4
16 172 2
44 176 3
83 91 1
19 57 4
34 14 3
158 9 1
155 82 1
102 196 4
70 62 4
39 76 3
149 0 2
79 123 2
125 183 1
75 138 3
199 100 4
136 174 3
162 83 3
97 109 4
96 50 2
39 64 1
113 101 3
75 110 3
57 37 1
115 9 2
119 104 3
176 179 2
90 59 4
47 29 2
107 4 1
96 121 4
101 98 4
61 23 3
143 144 1
190 66 4
163 43 2
58 181 3
73 80 4
43 23 4
108 107 3
113 60 1
27 10 4
55 60 1
126 107 2
119 34 3
162 168 3
59 45 1
72 91 2
8 152 2
44 86 2
14 178 4
171 198 2
141 28 2
12 152 1
46 77 3
104 67 1
87 48 3
119 184 3
7 99 3
119 154 4
88 152 1
103 185 4
156 118 2
124 188 2
180 199 4
93 99 1
166 96 2
177 54 1
176 123 1
30 116 4
69 67 4
176 60 1
192 157 1
60 114 3
163 26 1
169 37 3
121 141 1
60 124 1
39 136 2
27 133 1
66 91 3
155 12 4
122 120 4
31 134 1
22 35 4
115 7 4
170 109 3
7 177 1
25 40 4
3 5 4
169 87 2
124 170 4
172 108 4
94 152 3
44 92 3
176 3 1
164 79 4
110 170 4
170 158 4
4 89 4
31 67 1
124 190 4
118 169 4
64 84 4
23 105 3
164 180 2
136 135 1
178 15 2
146 48 1
37 128 2
140 51 4
32 74 1
176 108 2
46 40 4
192 92 3
131 197 3
45 152 4
120 79 3
77 82 4
48 81 4
14 96 3
17 92 3
116 53 3
108 8 1
106 185 4
100 27 4
88 72 4
90 113 3
67 118 4
101 165 1
177 135 4
182 7 4
153 41 2
164 9 1
178 64 3
6 184 3
24 83 4
199 154 4
108 183 2
62 57 3
166 169 1
116 178 2
81 163 2
82 70 3
47 191 2
70 56 4
187 103 2
11 136 4
84 146 2
105 0 4
180 76 4
117 49 3
133 36 1
175 145 3
143 134 4
195 93 1
189 1 1
106 121 4
6 60 4
59 120 2
140 78 4
183 73 1
74 88 4
108 169 4
113 21 4
72 180 4
78 159 1
59 7 1
22 16 2
63 32 2
172 150 1
195 35 2
146 159 2
116 112 1
31 17 1
66 50 2
106 129 4
105 39 2
32 180 4
44 19 2
144 142 2
85 20 1
61 47 4
181 172 1
50 177 1
19 169 4
113 162 4
179 152 2
4 145 4
159 119 4
88 19 3
30 191 1
106 79 1
136 7 2
99 78 2
108 99 4
169 112 1
32 136 4
80 39 3
20 91 1
95 50 4
70 180 3
161 7 3
115 108 3
22 92 3
2 191 3
93 34 2
121 31 4
102 29 1
18 162 3
182 101 4
8 126 3
13 41 4
149 94 1
138 123 1
149 168 2
138 144 2
189 118 3
146 138 2
159 137 4
65 156 4
147 121 1
141 57 2
147 165 4
120 160 3
192 86 4
7 15 3
144 78 3
186 36 4
95 90 2
140 159 2
182 146 4
10 98 4
147 123 4
108 31 4
105 5 1
126 82 3
94 0 4
124 132 1
192 167 1
33 199 1
4 110 1
105 152 1
54 39 1
67 155 1
127 72 3
114 74 4
85 28 3
173 192 1
165 103 2
60 71 4
31 20 2
180 102 3
46 68 3
110 187 3
97 146 1
142 150 2
196 5 4
118 170 2
139 64 3
199 53 2
137 0 3
6 61 3
80 25 1
143 10 1
182 165 1
63 177 1
37 19 2
197 26 4
116 139 2
190 189 3
22 76 4
63 197 1
96 108 4
137 163 4
176 93 2
16 151 4
92 72 2
4 40 1
61 144 4
41 26 1
181 110 2
1 172 3
148 192 4
129 151 2
33 109 3
46 159 2
104 193 3
7 164 2
111 1 4
123 118 4
163 194 4
183 146 1
159 156 2
35 129 4
70 189 2
103 42 3
53 150 4
181 105 2
147 125 1
167 90 4
116 83 1
149 155 2
165 22 3
135 155 2
79 49 1
20 148 3
102 106 2
92 153 3
198 107 1
90 92 4
57 131 2
105 57 1
54 147 4
149 11 3
152 69 1
114 39 1
11 57 4
127 158 2
164 188 1
104 128 4
124 186 4
122 156 4
151 160 3
152 125 3
45 18 2
165 191 3
66 189 3
178 89 4
68 114 4
109 108 4
117 55 2
159 49 4
186 157 4
51 42 3
148 75 3
90 135 1
132 135 4
149 78 3
51 177 3
123 32 1
198 141 2
148 14 2
92 124 4
13 152 4
99 156 4
186 4 3
76 169 2
50 37 3
56 100 2
180 62 2
154 79 1
6 185 2
94 53 2
7 128 4
161 126 4
80 48 2
145 91 4
193 158 3
184 7 1
71 26 2
149 100 2
14 85 4
196 189 4
122 30 1
35 124 4
9 96 4
56 3 3
195 141 2
140 12 1
65 89 3
43 83 3
43 166 2
86 9 2
38 172 3
136 80 3
158 162 3
88 178 1
133 54 1
134 66 2
46 8 4
20 131 3
191 172 4
96 186 1
159 89 2
120 85 2
130 35 2
198 6 4
70 122 1
58 167 4
68 136 4
178 187 3
24 17 2
136 128 1
106 55 2
116 146 1
86 32 1
95 8 2
148 76 4
83 161 2
187 45 2
82 86 1
118 30 1
127 25 4
132 140 3
56 174 1
29 34 4
36 89 2
51 106 2
122 26 4
6 74 2
72 152 2
113 71 1
141 123 4
41 174 2
168 130 3
123 190 1
173 41 1
118 182 3
117 138 1
173 38 3
114 62 3
34 165 1
7 98 4
54 173 3
133 32 1
8 90 1
138 21 3
15 142 2
58 186 4
129 12 1
75 164 1
56 7 2
61 70 3
83 13 4
19 112 2
88 99 1
176 36 3
94 74 4
113 144 2
69 79 2
147 44 2
23 167 1
159 108 4
37 20 4
164 35 1
134 185 4
59 33 1
168 44 4
115 163 2
32 77 1
155 98 2
82 66 3
166 101 3
93 182 3
127 10 3
12 189 2
165 93 3
185 146 4
108 66 4
77 182 2
30 130 3
75 96 2
7 181 4
83 96 2
178 34 4
160 105 3
151 34 2
19 34 2
99 107 2
33 124 4
180 196 4
183 190 1
97 2 1
96 12 4
144 66 2
161 122 4
67 199 1
192 122 2
139 190 4
198 188 1
93 133 3
52 15 1
27 21 2
103 18 4
31 140 3
121 109 4
166 171 3
114 113 4
107 148 2
118 100 1
0 67 4
111 103 4
168 7 3
144 15 1
8 141 2
159 197 2
162 103 1
69 160 2
39 140 2
111 144 4
174 30 2
26 121 1
111 128 4
52 159 2
17 0 4
56 104 2
42 144 3
117 182 4
177 9 4
54 20 4
133 145 4
41 138 2
141 183 2
193 176 1
73 165 3
101 15 4
188 165 4
19 66 3
79 145 2
74 66 4
155 179 3
155 49 3
89 15 4
169 144 4
131 180 1
197 196 3
64 65 4
24 167 3
28 123 1
66 93 2
1 19 1
76 81 2
61 119 1
44 191 4
47 95 1
21 9 2
43 119 3
50 40 4
124 176 4
0 131 2
103 63 2
179 156 1
86 75 1
190 158 2
196 103 3
194 55 2
17 149 2
11 86 1
199 13 1
112 12 1
71 94 4
178 197 4
27 185 2
115 3 3
141 144 3
59 94 1
99 155 1
146 175 4
149 147 4
194 188 2
136 33 1
54 135 4
126 96 4
27 163 1
153 121 2
42 130 2
5 8 3
91 152 4
135 174 2
139 19 2
101 52 1
141 26 3
183 167 1
156 191 4
55 119 2
172 71 3
162 63 3
56 25 3
23 196 4
62 135 2
117 16 2
56 155 4
195 56 1
148 182 3
161 82 3
190 132 3
186 79 4
137 37 2
123 5 1
172 141 2
58 129 2
35 111 1
30 186 3
155 119 4
168 112 3
52 187 2
157 136 4
157 198 4
102 181 1
152 177 1
169 73 3
71 198 4
130 59 4
144 4 4
96 43 2
52 95 4
167 66 1
153 26 3
192 103 1
153 69 1
114 77 2
88 153 2
50 190 2
170 199 4
93 143 2
141 134 1
37 89 4
0 69 4
30 178 3
152 117 2
42 82 2
24 174 3
188 91 1
66 99 2
63 18 2
143 104 4
95 70 2
61 7 3
119 20 3
123 199 3
32 106 1
161 155 1
100 51 1
74 95 4
142 175 4
195 150 3
76 183 1
163 75 1
116 37 1
61 167 4
110 120 3
100 129 4
17 65 4
123 148 1
162 86 4
191 143 3
131 4 2
33 93 2
121 172 4
80 117 3
67 74 4
58 81 2
88 142 3
166 66 4
119 194 2
19 166 3
35 92 2
143 14 2
135 158 4
109 73 1
118 126 1
61 55 4
51 80 4
133 33 2
38 193 3
131 159 1
51 40 3
196 195 3
145 134 2
107 168 2
143 8 1
66 68 4
75 194 4
123 36 1
183 94 1
57 49 2
104 10 3
45 54 2
103 77 3
130 33 1
14 32 4
49 4 3
180 33 3
148 174 2
58 20 4
193 10 4
162 50 4
189 24 2
63 104 4
78 19 3
19 127 1
120 23 3
188 125 1
177 52 2
79 33 1
140 93 2
124 131 4
112 75 1
39 118 4
29 124 4
50 11 2
16 115 4
43 189 1
8 142 3
81 15 2
115 110 1
125 136 3
5 112 2
152 59 1
140 2 2
135 198 1
54 152 1
138 26 2
186 76 3
69 38 4
195 136 4
162 109 1
33 62 4
98 96 4
167 68 3
176 73 3
36 87 4
150 190 2
97 173 1
193 68 1
116 31 2
100 198 4
125 25 2
58 114 1
12 170 2
117 110 3
150 140 3
97 190 1
128 84 3
6 79 2
125 131 4
69 5 4
177 42 3
118 62 1
157 57 1
93 163 3
31 158 4
138 64 4
192 43 3
28 42 1
179 10 4
182 25 1
163 49 2
7 69 1
160 84 2
167 85 1
165 23 1
163 18 4
4 72 1
78 53 4
83 127 1
107 55 3
90 50 2
51 184 4
64 152 2
11 12 4
15 114 1
21 40 1
112 71 2
89 102 2
127 123 3
199 50 1
184 41 3
113 77 3
58 67 2
174 170 1
103 127 4
184 143 4
61 198 1
38 151 2
74 71 1
15 127 3
192 191 4
100 156 4
19 132 3
106 57 4
73 151 1
156 186 3
158 148 2
188 59 2
108 135 1
104 28 3
93 117 4
12 135 1
38 93 4
137 53 1
10 3 3
108 52 3
141 68 3
188 78 1
8 173 1
28 165 3
1 88 4
137 185 1
195 120 4
51 11 1
49 10 3
61 54 1
96 18 1
13 2 1
85 141 1
198 123 4
35 166 3
166 38 4
69 189 1
28 153 4
185 110 3
23 37 4
117 54 2
105 167 1
142 28 2
103 163 4
175 190 2
20 154 2
14 126 3
59 159 2
191 19 1
69 40 2
171 181 4
51 115 1
150 182 3
57 74 2
45 105 4
166 36 1
155 133 1
5 142 2
140 160 2
22 140 4
72 160 2
93 185 2
188 175 3
164 197 1
46 5 4
71 190 3
18 169 3
3 69 1
52 17 4
171 16 4
113 151 3
188 54 4
159 186 2
99 123 1
129 20 1
86 80 1
144 195 3
121 99 1
85 186 1
194 29 3
86 177 4
145 59 4
3 28 4
168 86 1
45 17 1
161 137 1
33 158 2
83 89 2
142 41 4
100 132 1
100 74 3
99 25 3
128 87 2
55 124 4
98 131 4
55 140 3
90 32 1
68 63 1
160 35 2
181 68 1
182 97 2
139 122 4
57 130 3
190 154 1
197 112 2
23 189 4
107 11 2
106 88 3
61 160 2
33 46 3
90 119 4
159 194 1
100 173 4
8 80 1
11 6 4
4 185 3
111 58 1
89 69 4
52 188 3
49 101 4
4 79 1
136 85 1
184 89 2
17 89 1
160 179 4
170 162 1
165 47 1
57 153 4
131 94 2
101 175 1
168 52 3
152 93 2
171 20 3
56 123 3
37 145 2
98 164 1
8 75 1
117 81 1
19 47 1
83 87 3
78 94 4
51 109 2
97 155 3
138 20 1
59 40 1
71 88 2
95 122 1
162 112 2
136 15 4
160 181 1
32 129 4
66 90 2
181 34 1
125 162 2
139 41 2
31 198 4
56 138 1
41 151 4
192 58 3
187 152 1
130 19 1
145 127 1
177 122 3
95 61 1
142 181 4
36 43 1
25 93 3
69 34 4
186 175 1
5 13 1
88 118 4
78 66 3
25 157 2
78 173 3
163 135 3
177 174 4
37 199 4
164 127 1
46 103 1
45 163 4
175 140 2
51 169 4
59 170 1
31 57 2
170 195 2
104 4 1
63 94 1
88 38 3
160 147 4
151 173 1
189 92 2
139 169 4
43 133 1
191 144 1
143 98 3
162 71 2
16 121 1
82 139 2
33 171 4
81 60 3
3 26 2
61 166 3
9 178 3
40 61 4
199 80 1
20 165 3
199 85 4
196 11 4
37 183 3
55 39 1
93 162 1
109 44 1
182 107 2
163 114 3
153 181 2
85 79 1
48 31 2
27 191 3
25 49 4
193 109 3
22 144 1
119 102 1
14 168 4
42 94 2
60 96 2
40 92 1
54 180 2
68 87 4
135 82 2
140 37 1
84 28 3
9 171 2
29 164 2
166 7 2
6 199 1
8 26 1
84 126 3
2 107 2
37 133 1
48 165 2
134 123 1
117 38 4
131 122 3
127 90 2
155 116 4
40 91 1
140 114 4
55 193 2
29 3 4
74 186 2
110 139 2
98 153 2
121 191 2
18 138 1
113 44 3
156 68 2
35 49 2
39 153 4
123 1 4
39 23 2
78 35 2
158 49 1
77 123 4
55 164 4
168 129 3
171 165 4
104 180 4
162 58 3
68 143 3
96 197 3
176 33 2
115 74 1
78 23 4
28 12 3
0 189 4
83 3 2
188 8 4
83 169 4
156 70 2
49 70 1
198 110 4
174 95 1
26 194 1
93 158 2
25 43 1
112 153 1
176 5 1
183 63 1
123 87 1
136 8 2
18 194 2
92 138 2
28 188 4
63 14 2
2 108 4
147 102 1
100 181 1
193 140 4
107 59 1
185 142 4
12 98 3
90 36 2
128 119 4
178 144 4
177 84 1
50 114 2
134 156 4
8 102 3
75 60 3
48 86 3
109 195 2
186 119 4
151 99 4
178 186 1
65 107 3
199 136 4
54 44 2
186 145 3
94 127 2
137 126 1
5 163 4
140 149 4
166 78 2
75 12 2
0 194 4
127 105 3
7 185 1
41 25 2
92 130 3
118 194 1
153 120 2
169 36 2
81 18 3
161 59 1
95 38 4
50 148 3
112 74 4
137 148 3
93 19 1
164 56 3
7 193 3
166 70 4
164 48 2
78 82 3
36 111 2
123 122 3
38 180 1
90 98 4
39 47 2
24 100 1
137 71 1
161 31 2
114 110 2
180 82 4
18 179 3
190 23 1
13 32 2
15 162 2
75 162 2
27 157 3
128 138 4
36 181 3
127 170 1
120 10 1
133 195 4
58 5 1
98 84 3
97 32 2
147 143 2
75 153 1
127 132 3
131 157 3
36 119 2
126 168 1
164 57 2
45 80 2
57 84 1
66 63 4
0 19 1
129 10 3
83 63 1
136 38 2
3 132 2
81 0 4
162 184 4
140 38 2
22 41 1
196 80 1
123 76 2
110 29 1
197 116 1
124 110 3
62 94 3
104 52 2
77 139 1
105 187 4
86 182 3
12 41 1
114 35 2
123 95 1
30 19 3
45 86 1
10 125 4
165 9 2
1 97 3
152 193 2
139 33 1
164 27 1
112 126 4
105 44 3
28 122 2
126 104 4
101 76 1
121 13 1
15 170 1
120 77 2
173 1 3
24 39 4
167 11 3
19 51 2
114 44 2
83 14 1
56 192 2
94 89 4
185 69 2
18 135 4
128 183 4
62 141 4
21 105 4
1 151 3
75 188 2
18 55 3
162 149 3
46 44 4
164 95 1
142 192 1
114 170 2
142 65 3
105 91 3
90 34 1
181 176 1
181 60 3
121 180 3
66 107 1
168 23 2
156 108 1
101 56 1
139 1 3
55 152 2
1 12 4
137 111 2
7 160 2
126 45 3
173 60 4
58 130 2
132 28 2
102 163 2
21 129 1
58 76 3
122 68 4
76 40 1
66 110 2
26 87 2
98 27 3
191 149 1
143 100 4
160 47 4
139 155 3
153 127 3
92 161 4
144 100 3
187 89 4
19 73 1
61 56 2
57 34 4
54 146 4
34 54 1
78 33 3
143 182 3
171 189 4
110 128 1
177 147 4
100 166 2
145 29 1
77 118 1
149 182 4
172 58 1
88 184 2
82 73 4
4 71 3
159 164 4
157 11 2
195 125 4
190 135 2
85 80 3
170 144 3
86 93 3
135 38 1
130 71 2
20 105 3
193 116 4
32 147 1
44 196 2
168 98 2
65 188 2
179 93 2
70 47 2
126 140 3
17 143 3
146 44 2
51 178 1
147 132 1
18 3 3
68 96 2
157 120 2
19 189 3
126 1 3
108 32 1
69 65 4
61 133 3
69 37 4
172 89 3
98 23 4
84 65 3
45 41 1
128 77 4
147 14 1
171 139 2
195 101 3
73 122 1
128 189 1
133 118 2
38 134 2
152 169 3
17 152 4
82 145 1
190 75 1
191 50 4
12 141 1
96 58 1
68 197 1
192 100 1
10 107 3
137 128 3
77 170 2
5 107 3
43 88 1
73 0 3
175 84 1
113 182 3
168 41 3
121 42 4
141 188 4
177 48 3
125 105 3
19 160 1
127 91 3
156 46 1
105 178 3
27 154 1
82 157 3
152 18 3
115 141 1
185 82 4
155 165 3
152 140 4
11 191 4
34 9 4
175 150 4
64 53 1
189 53 3
106 145 3
91 42 4
0 58 4
60 14 4
159 161 4
107 22 1
30 11 3
107 92 2
85 122 1
153 168 2
88 182 1
28 73 2
72 50 1
134 117 1
20 29 3
8 195 4
155 156 3
162 76 3
1 122 2
165 58 4
24 136 4
42 126 1
65 23 1
105 49 1
156 195 2
51 21 3
176 143 4
186 86 1
17 93 4
131 61 2
55 40 4
30 197 1
133 13 4
184 199 1
76 109 1
142 197 3
48 42 3
132 64 1
174 63 4
60 159 3
149 184 4
184 80 4
194 89 1
78 160 3
72 37 1
39 160 2
102 96 3
60 180 2
6 178 1
57 171 2
47 128 1
177 70 1
25 106 2
74 175 3
79 17 2
167 70 3
160 118 3
170 105 3
173 18 1
168 118 3
53 42 1
91 116 2
56 183 2
132 102 2
18 195 1
10 164 4
120 129 2
49 187 3
90 120 3
79 168 1
182 21 2
195 25 2
168 134 1
29 187 2
136 113 2
83 152 2
195 2 4
64 182 2
40 179 1
171 19 4
52 106 3
137 183 3
147 156 1
83 157 3
178 168 4
132 180 3
137 54 3
53 177 2
135 27 3
29 123 3
111 121 2
119 6 3
6 123 3
81 42 3
137 97 4
32 162 4
48 199 1
156 22 3
141 184 2
8 15 4
152 78 2
124 189 2
52 56 2
138 161 3
145 110 3
170 176 4
189 75 1
67 83 3
182 52 3
151 2 4
105 146 1
10 55 1
180 171 3
177 107 1
135 71 4
122 57 4
174 194 3
63 56 2
48 55 1
50 26 1
109 74 1
177 47 1
20 194 3
185 144 1
86 73 1
198 76 2
56 58 4
61 124 2
9 93 1
198 53 4
98 138 2
31 3 4
37 13 3
52 3 3
8 159 2
32 39 3
1 7 4
143 6 1
48 14 1
120 116 1
107 71 2
116 180 1
182 115 1
140 61 4
52 48 4
158 91 4
173 36 4
57 80 4
21 109 3
185 197 4
94 118 3
92 49 1
185 127 2
132 32 4
121 75 3
43 190 3
54 91 2
161 195 4
29 50 2
104 169 4
180 111 1
138 131 1
60 59 2
158 140 1
57 159 4
6 122 3
111 6 4
97 127 3
119 12 1
44 107 3
67 64 2
21 199 4
60 98 4
25 18 1
85 123 4
3 177 1
75 41 4
88 191 4
190 152 1
64 149 2
59 18 2
72 95 1
78 21 1
148 11 4
126 199 4
51 104 3
16 74 3
138 187 1
193 195 1
111 131 1
62 35 2
176 138 2
95 165 2
2 0 4
121 41 2
1 65 3
173 25 4
85 84 3
199 175 1
189 68 3
50 124 2
36 103 4
141 155 2
29 44 4
135 67 4
13 132 1
18 53 4
93 83 4
72 51 2
196 98 1
123 158 4
59 43 1
110 121 4
178 35 1
167 72 4
157 128 4
29 77 2
117 35 3
199 23 4
93 16 3
66 192 1
143 76 1
44 94 2
34 117 3
22 159 1
189 58 1
27 196 1
54 131 3
72 145 2
61 122 1
9 155 1
71 185 2
115 185 4
110 18 3
18 56 4
37 136 1
41 32 3
5 32 3
128 117 1
171 109 1
85 97 3
135 148 3
107 190 3
94 82 1
196 199 2
149 107 2
148 52 4
178 106 3
2 149 3
125 173 3
1 85 2
155 174 1
74 33 3
14 150 3
6 91 1
174 17 3
133 81 4
30 155 1
73 148 2
139 103 4
150 39 4
196 45 4
167 103 4
148 24 2
93 159 4
68 112 3
87 118 1
11 169 4
50 78 3
88 169 1
133 105 2
4 169 4
107 42 4
156 33 3
14 101 1
122 154 1
107 147 1
80 146 3
87 111 3
24 159 2
142 143 3
186 123 1
27 73 1
151 139 1
83 132 4
118 99 3
114 121 3
80 79 4
184 101 1
36 27 4
46 175 4
152 39 3
77 60 3
184 9 2
10 173 3
5 15 4
115 27 2
20 14 1
46 118 3
61 18 3
155 192 4
168 183 3
70 158 2
182 99 4
148 189 1
98 74 3
177 178 3
70 9 4
173 35 3
135 147 1
113 4 4
168 135 2
84 36 4
92 77 4
75 179 4
166 23 2
56 8 4
77 34 2
13 125 3
23 53 2
33 39 3
183 96 4
127 131 4
11 147 4
107 18 1
125 178 2
35 138 1
96 62 4
20 77 3
80 30 2
96 103 2
21 151 4
102 172 1
120 189 2
30 88 2
13 155 3
100 3 3
185 65 4
175 70 1
83 142 2
98 71 1
135 104 4
40 146 2
71 178 3
79 16 1
134 42 3
155 83 1
197 6 2
49 193 3
135 118 3
153 173 2
119 138 1
71 101 3
106 80 4
73 172 1
74 3 4
124 159 3
77 110 4
152 4 3
4 161 1
96 179 2
19 89 1
5 41 1
149 62 2
89 154 3
37 75 3
146 149 1
89 176 4
30 68 2
83 2 2
66 133 3
107 91 1
17 41 4
64 75 4
170 190 2
153 102 3
137 79 2
38 112 4
86 129 3
120 63 1
19 118 1
132 106 4
62 59 1
160 193 2
93 4 1
139 89 4
51 157 4
133 128 3
120 27 3
87 35 4
172 140 4
140 89 2
81 172 3
6 137 4
44 112 1
131 83 3
7 60 1
37 41 3
198 162 1
149 86 4
181 106 4
144 114 4
77 39 2
85 132 3
50 118 2
35 137 1
28 11 3
32 48 2
111 178 4
134 115 4
156 161 1
146 7 1
9 170 4
31 12 4
65 91 1
122 37 4
132 25 3
112 27 2
62 36 4
134 24 2
36 149 4
51 150 2
149 22 3
70 135 2
117 88 1
148 77 2
82 30 2
148 40 2
34 35 2
36 19 4
3 2 3
162 105 1
177 6 3
131 183 4
176 32 4
190 30 3
149 61 2
104 129 4
194 31 2
49 9 1
176 140 2
64 192 1
22 8 1
110 108 4
90 126 4
177 18 1
141 43 1
3 53 2
19 76 3
161 112 4
63 30 2
56 172 2
134 106 3
97 44 4
80 171 1
92 23 4
108 91 1
192 6 4
46 61 1
106 61 4
95 79 1
70 184 2
86 53 1
68 186 2
83 31 4
164 85 2
191 155 1
62 53 4
116 71 2
157 85 4
156 175 4
165 115 1
182 18 3
132 128 1
57 199 2
14 105 3
33 181 1
142 82 1
38 98 2
66 160 2
40 177 1
159 170 3
147 138 1
141 166 2
29 161 3
30 32 3
34 30 3
26 52 1
108 58 2
33 113 3
195 23 1
107 26 4
12 57 4
37 119 4
109 28 2
124 85 3
188 92 4
100 25 2
176 169 4
50 44 2
122 75 1
172 10 4
103 8 1
125 186 4
141 160 1
46 56 1
164 195 1
170 1 4
129 93 3
155 95 1
142 64 1
6 189 3
69 137 1
169 27 1
170 83 2
84 51 1
76 119 2
81 72 1
67 157 1
22 158 4
135 138 2
120 182 4
155 159 3
40 110 1
193 57 1
187 185 4
24 187 4
169 66 1
77 57 2
189 153 1
116 140 4
173 87 3
196 101 3
161 140 4
41 84 2
72 87 3
164 124 4
165 12 1
5 26 2
141 41 4
71 179 4
176 18 2
172 105 3
142 81 2
13 31 4
194 195 1
138 100 3
190 199 2
195 98 1
192 185 2
191 171 3
77 47 2
159 98 3
110 171 2
63 80 2
131 87 1
88 137 1
142 155 2
41 10 1
5 104 1
153 185 4
146 123 1
90 69 4
177 149 2
186 147 1
165 173 2
3 110 3
145 154 1
194 58 2
90 1 3
136 187 4
181 166 2
11 95 2
142 20 3
67 190 3
104 86 3
119 124 2
145 181 1
24 54 4
65 41 3
168 83 2
64 96 2
153 43 2
36 140 4
100 43 1
38 20 2
131 36 3
14 56 1
10 109 4
136 31 4
29 19 4
130 121 3
17 101 1
19 9 3
53 1 3
69 173 1
45 67 3
96 145 4
26 74 3
119 44 3
23 72 3
44 28 4
175 87 2
4 173 4
172 70 1
25 178 1
24 55 4
73 8 4
137 167 3
168 13 3
119 26 4
93 145 4
84 46 4
40 102 4
137 94 2
23 123 1
28 137 4
136 100 4
154 32 4
148 112 3
153 14 4
98 109 2
117 102 3
196 42 2
166 27 3
65 124 4
83 176 3
82 103 2
29 99 2
44 68 1
175 120 2
125 171 2
41 73 1
30 107 4
115 26 1
151 156 4
138 112 1
101 110 3
59 154 4
149 1 1
186 69 2
60 132 2
3 61 3
48 84 1
154 60 3
108 82 4
127 74 2
193 93 2
8 149 1
149 143 3
86 116 4
176 15 4
161 66 4
13 179 3
11 113 4
32 131 1
141 94 4
105 138 1
190 131 1
161 109 2
171 11 1
88 136 1
175 22 2
43 7 1
21 5 4
70 44 3
56 184 3
109 141 4
150 111 1
78 127 4
161 179 2
105 102 3
2 28 3
137 8 1
143 63 2
107 31 2
85 139 3
25 84 3
97 9 1
119 11 3
120 105 1
63 132 3
31 118 4
47 35 4
157 64 1
167 100 4
155 89 2
99 67 2
33 164 3
99 106 3
93 78 1
13 71 2
119 197 1
179 122 3
145 71 3
63 69 2
57 89 1
2 141 2
119 133 3
10 48 3
46 69 1
171 27 2
191 159 2
134 74 4
157 45 3
179 192 1
109 183 4
51 151 2
153 0 4
138 166 3
154 102 2
166 112 3
81 127 2
113 83 1
163 171 3
46 99 1
110 80 4
62 127 4
47 118 1
73 53 2
38 138 3
89 165 4
20 166 1
70 136 2
68 164 1
117 133 4
183 184 2
114 93 3
136 129 3
38 137 2
122 107 4
173 189 3
176 68 3
126 26 4
63 121 3
20 87 4
56 74 3
20 122 2
175 141 3
27 58 1
113 39 2
26 94 2
90 183 2
18 189 2
104 79 2
182 70 2
44 45 4
106 157 4
9 145 1
86 152 3
150 187 3
61 185 2
199 35 2
125 117 3
9 120 1
174 175 3
67 82 3
4 57 4
54 88 3
133 143 1
12 85 2
85 174 2
139 50 3
137 13 3
73 14 3
49 98 1
75 2 2
126 87 2
33 73 3
22 64 4
41 135 3
90 181 3
95 154 2
191 35 1
130 21 2
93 130 4
67 117 1
114 159 3
133 25 1
147 172 4
73 150 1
194 110 3
144 82 2
197 153 2
147 192 1
18 147 3
88 10 4
134 20 3
45 100 2
1 168 2
197 108 1
53 30 4
62 175 4
149 54 3
129 14 3
21 174 1
160 46 2
126 185 3
44 52 1
20 158 4
109 177 2
32 161 3
110 71 4
55 101 2
183 121 4
30 184 4
65 48 4
183 53 4
185 167 3
91 28 4
85 183 1
188 196 4
190 169 4
66 42 3
136 20 4
123 107 3
185 36 4
99 50 1
19 53 3
179 119 4
52 152 1
23 90 2
43 98 2
151 123 2
171 72 2
68 88 2
36 41 3
123 20 2
97 31 1
8 42 1
125 155 1
132 123 1
39 20 1
149 124 3
143 57 2
157 195 3
93 60 4
88 20 1
121 64 2
175 25 4
179 34 2
41 78 4
51 17 1
61 184 1
194 117 3
193 142 3
75 68 1
103 5 2
23 19 1
194 53 3
190 128 4
76 187 3
1 179 4
154 1 3
50 93 4
58 94 3
71 7 3
92 97 1
76 178 4
112 146 3
99 31 2
152 77 1
144 140 3
121 143 1
177 64 2
63 55 3
116 35 1
32 82 3
105 40 3
21 194 4
139 13 1
191 152 4
148 78 1
175 136 4
83 51 4
160 88 2
146 181 1
67 167 4
58 160 2
184 118 3
188 138 2
168 97 2
163 110 3
189 59 3
42 123 1
163 128 2
149 125 4
18 75 3
104 112 3
146 160 3
34 115 3
38 174 4
198 47 3
46 116 3
2 60 2
187 154 2
66 28 1
17 124 2
36 66 4
129 167 3
55 142 4
95 45 3
155 25 3
118 6 4
8 181 3
33 122 2
49 186 4
195 168 3
42 105 4
168 119 1
41 97 3
28 45 2
92 118 2
59 93 2
170 52 4
13 167 4
19 177 4
169 14 2
66 139 2
189 17 2
13 174 1
96 163 4
122 167 3
149 193 4
198 108 3
77 48 4
12 3 3
84 93 2
79 158 3
113 164 4
115 196 2
74 14 3
134 77 2
192 130 4
153 97 3
33 170 4
174 190 4
28 134 4
95 177 4
88 101 4
27 127 1
123 197 3
35 83 4
97 47 4
169 137 3
184 52 3
75 87 2
48 79 1
138 66 2
94 32 3
101 149 3
104 41 1
193 61 4
131 161 3
28 197 4
32 178 2
93 81 1
102 177 1
66 14 4
194 178 1
26 29 3
190 78 2
0 108 3
68 41 1
78 172 1
170 119 1
15 175 4
87 134 1
106 11 2
191 150 2
75 108 3
45 185 1
84 150 1
45 76 2
43 130 4
136 6 4
97 96 1
93 103 1
108 187 2
122 100 4
14 43 1
132 121 1
103 169 2
6 58 3
78 108 1
192 1 4
91 151 4
104 166 4
120 33 4
192 121 4
72 25 2
84 140 1
124 180 1
36 107 4
172 48 3
44 156 2
87 54 4
53 154 1
58 84 1
135 137 3
109 68 4
112 16 2
64 82 1
27 71 4
193 98 2
151 84 1
114 135 1
114 72 4
190 146 2
155 81 2
9 92 3
99 110 4
26 157 1
97 36 3
116 51 2
137 25 2
121 174 4
56 27 4
180 155 4
56 154 2
142 79 3
22 157 2
80 81 3
129 187 4
102 111 2
155 181 1
49 148 1
40 169 2
57 86 2
174 130 3
185 1 4
96 131 2
18 187 4
141 47 2
59 106 4
192 149 2
169 61 4
192 114 4
137 23 3
30 151 2
130 23 1
196 74 2
88 55 4
19 5 1
192 51 3
134 188 3
140 26 3
76 20 2
15 26 3
91 38 2
145 131 3
136 28 3
82 199 4
92 146 4
77 84 4
158 104 4
42 19 3
116 90 2
73 170 3
170 168 1
73 193 1
113 177 1
73 110 3
122 53 2
91 103 4
152 10 4
3 71 2
77 14 1
91 125 4
36 85 4
187 128 1
163 76 1
192 47 4
73 138 3
4 166 3
124 77 3
30 169 1
30 40 4
29 91 1
106 161 4
24 18 4
26 129 3
149 43 2
167 179 3
143 156 2
148 3 3
4 140 3
152 103 4
118 143 4
136 185 4
123 169 4
64 26 3
77 91 4
195 4 3
165 90 3
118 114 3
2 199 4
110 159 4
70 67 4
34 52 4
171 114 3
21 14 3
97 72 3
21 184 2
132 145 1
144 0 4
13 124 3
44 32 2
5 143 4
175 77 3
64 169 3
60 166 3
29 36 3
122 35 4
15 183 1
80 93 3
172 127 4
182 183 4
177 2 1
117 95 2
53 34 3
126 195 4
108 93 2
17 56 3
72 34 1
84 187 4
136 137 2
12 16 4
43 81 3
71 93 2
176 159 2
110 105 2
146 195 2
109 153 4
142 164 2
1 61 2
37 188 2
58 164 3
67 79 1
131 176 2
131 73 3
76 53 3
165 42 3
151 184 4
76 179 4
32 75 2
61 196 4
155 2 1
73 135 3
16 1 3
125 153 1
0 157 4
103 145 3
79 155 3
157 132 4
103 179 2
130 4 2
16 138 2
6 117 3
24 56 3
121 196 1
31 193 1
2 99 3
91 5 1
171 58 3
61 195 4
61 125 4
166 16 3
28 111 2
176 85 2
65 129 3
9 37 4
176 77 2
186 17 1
4 67 4
126 159 3
101 190 2
64 151 3
113 73 2
18 78 2
129 64 2
10 24 3
98 108 1
139 94 3
135 165 3
0 27 2
138 186 1
121 139 3
177 124 2
141 86 2
159 1 2
175 6 2
3 101 3
65 22 3
154 52 3
6 173 2
121 128 2
148 117 4
36 1 2
146 56 3
60 143 4
112 95 4
70 170 4
70 147 3
110 166 4
49 156 4
61 175 2
121 149 4
26 116 4
80 87 4
150 169 3
178 135 4
25 81 2
56 143 3
63 133 1
190 63 1
188 137 1
105 28 3
95 135 4
143 55 3
123 9 4
68 128 1
97 141 2
155 29 2
82 52 4
123 86 4
128 145 3
97 177 4
196 147 4
150 7 4
91 82 2
58 59 3
69 25 3
154 71 2
32 137 2
64 164 3
79 195 4
39 2 4
106 130 2
104 36 2
162 96 1
135 56 4
23 171 4
154 176 4
76 84 4
97 24 1
190 188 1
171 100 4
48 100 1
45 125 1
158 85 1
197 45 2
123 139 2
169 188 4
198 93 2
37 146 1
160 11 2
85 26 1
26 183 4
0 74 1
105 149 2
25 71 3
28 138 1
108 19 3
85 39 1
85 130 2
6 85 2
38 66 2
199 131 4
149 37 1
173 110 1
99 92 3
146 122 3
153 113 3
37 76 4
176 180 4
25 138 4
78 39 1
68 184 1
89 7 1
92 155 2
192 27 3
106 39 1
26 72 4
47 72 1
0 100 2
38 114 2
194 144 4
12 185 3
5 76 3
39 34 2
46 100 2
57 117 2
29 63 4
86 100 2
57 189 2
116 40 4
34 95 2
86 140 1
146 104 4
131 9 1
124 142 1
94 108 3
90 94 3
14 59 3
83 9 3
43 74 4
99 162 1
56 121 3
190 91 2
48 51 3
106 148 2
38 0 1
90 149 3
190 13 1
19 161 1
193 39 2
94 4 3
116 148 2
15 119 4
122 108 4
180 97 3
110 2 3
32 28 4
60 183 4
130 105 1
49 171 3
57 190 1
144 120 4
58 128 3
192 182 3
117 9 1
53 165 4
45 148 2
168 37 1
39 111 2
76 52 2
155 186 1
24 197 2
135 133 2
16 53 1
144 57 1
153 53 1
144 177 1
123 119 4
166 175 2
45 70 3
88 79 3
47 69 1
171 87 2
102 124 2
178 147 2
140 188 1
71 48 2
47 187 2
77 155 3
198 126 1
22 23 4
51 198 4
60 197 4
2 85 4
118 153 2
32 151 3
137 131 4
64 127 2
84 173 1
133 87 1
85 172 4
124 54 2
190 173 2
73 178 1
87 158 1
193 125 3
59 127 2
50 35 2
37 127 2
27 33 2
100 36 1
1 109 3
24 59 4
193 123 1
125 24 3
49 6 4
79 92 2
164 134 2
97 29 4
194 72 4
17 97 2
27 101 4
97 61 4
57 170 1
97 34 4
159 151 2
6 10 1
133 179 3
92 45 2
