4975 200
0 15 5
0 97 8
15 168 2
0 182 5
182 171 1
168 51 6
182 199 8
97 102 3
51 197 9
171 129 9
199 33 6
51 25 1
102 167 5
167 8 5
168 156 9
168 20 2
168 4 9
20 14 4
4 43 9
8 162 2
168 38 4
4 48 2
197 174 8
8 137 9
97 110 9
25 93 9
162 74 8
15 87 5
167 136 3
110 52 6
15 131 1
182 146 9
38 81 1
199 198 2
87 117 9
197 107 8
162 1 6
198 165 9
199 47 6
107 50 1
81 104 3
199 55 5
167 80 4
33 31 4
146 196 6
165 32 6
165 69 1
117 95 5
104 170 9
167 28 2
52 85 5
80 98 6
102 185 5
43 147 3
1 68 5
167 64 5
55 105 2
167 158 5
85 71 1
85 139 1
137 5 1
25 108 1
198 152 4
71 126 1
64 96 8
93 60 8
68 6 2
68 22 3
102 19 9
156 113 8
170 111 4
102 75 9
102 124 8
97 83 2
52 89 5
126 169 4
19 18 2
52 109 7
19 119 7
64 101 1
52 70 2
28 34 4
87 175 6
4 35 6
113 190 8
113 11 3
108 151 6
158 195 8
89 194 4
162 54 5
95 2 8
34 100 4
131 120 3
162 49 6
146 155 1
167 58 2
95 179 8
167 145 5
158 161 5
170 125 3
101 149 5
83 16 3
2 45 3
168 88 3
155 72 8
68 166 2
19 24 9
101 36 1
18 160 5
147 23 9
185 114 8
58 140 3
87 82 1
81 44 8
126 123 1
88 27 2
51 116 8
38 57 2
36 10 4
108 59 9
48 130 5
52 127 7
15 176 2
55 172 3
156 112 2
25 191 4
127 26 4
59 141 4
80 76 3
126 134 2
1 188 7
179 78 1
156 173 8
156 187 9
57 181 5
69 177 7
20 41 8
10 3 5
198 73 8
155 99 9
14 143 3
35 159 8
54 67 1
32 91 9
76 79 6
52 153 8
3 121 6
83 150 5
51 148 6
55 115 5
162 84 8
175 193 7
123 9 9
175 66 5
159 77 6
0 92 8
52 21 6
181 138 1
89 61 8
121 183 1
58 42 9
79 40 9
54 103 1
11 39 9
113 12 7
167 62 9
99 46 6
168 178 4
41 63 7
59 184 1
146 30 2
48 118 8
103 192 8
40 122 1
91 157 6
150 29 7
1 142 5
150 13 6
45 132 5
130 144 1
115 90 7
174 17 4
70 186 3
120 189 9
73 94 9
192 37 1
57 106 2
96 7 3
38 56 3
173 128 2
93 163 6
0 154 6
30 53 4
35 133 3
147 65 7
21 180 7
188 164 3
21 135 6
121 86 1
143 9 2
12 137 3
171 103 1
53 79 2
113 155 1
12 150 2
162 199 1
65 76 1
119 128 4
192 183 3
133 77 1
165 39 4
10 132 2
88 74 3
89 137 1
134 12 2
122 182 3
186 125 4
137 131 2
8 199 2
112 27 2
30 185 1
100 129 3
33 69 2
74 42 4
87 19 1
20 123 1
37 14 3
158 142 1
18 6 3
45 163 2
95 126 1
103 124 2
48 146 2
148 31 2
157 153 4
113 104 2
83 118 1
141 135 2
105 150 1
28 56 2
92 124 3
100 89 2
63 29 3
43 18 4
64 87 4
25 47 1
190 27 2
159 27 3
125 148 1
116 69 3
57 69 1
109 189 2
157 107 2
9 191 4
185 69 3
88 96 1
95 172 1
4 144 2
112 6 4
133 117 1
149 148 2
67 96 3
121 143 4
48 172 3
1 21 3
43 10 4
26 18 2
121 45 2
39 81 1
0 41 4
154 187 3
136 61 1
26 101 2
120 138 1
109 159 3
56 163 1
124 147 4
132 150 4
49 19 4
34 85 4
11 8 1
71 133 4
43 97 1
175 139 2
86 180 4
101 107 3
164 11 4
174 68 4
100 92 2
9 22 4
20 61 3
125 126 1
82 67 4
49 148 2
169 133 2
192 107 3
31 30 3
88 12 3
27 138 1
58 19 4
159 187 4
43 112 4
40 137 2
7 178 4
37 72 2
33 38 1
173 148 4
124 104 3
52 28 2
166 162 1
128 122 3
56 67 2
166 11 2
33 157 4
141 126 1
17 107 2
117 76 2
84 44 2
129 73 1
47 85 2
122 87 1
2 197 4
129 19 3
157 96 4
194 107 3
154 26 1
55 109 1
40 192 4
122 169 2
111 177 4
69 128 3
107 103 3
73 49 4
134 24 2
82 4 1
138 103 3
8 173 2
117 126 4
107 35 1
170 163 2
78 193 3
14 15 2
58 91 1
12 110 1
62 130 3
7 107 2
160 27 4
140 97 1
194 164 4
194 161 1
38 80 1
176 82 3
188 177 4
3 23 2
186 142 1
5 108 1
93 44 1
32 185 3
106 137 3
46 133 1
147 163 3
85 41 3
137 51 3
162 165 3
178 32 3
78 105 3
188 17 3
84 37 1
115 23 4
60 82 1
47 151 4
124 80 4
185 138 4
79 86 3
182 130 1
146 39 4
78 47 1
22 193 4
166 170 2
63 59 1
116 34 3
155 180 1
93 121 4
71 9 1
74 34 2
172 51 4
48 86 2
22 92 2
61 74 3
69 8 2
121 54 4
169 52 1
174 173 1
82 15 4
34 18 4
110 38 1
146 69 1
124 113 4
143 47 2
65 136 4
100 61 3
131 63 4
136 7 1
95 47 4
4 68 4
152 192 4
186 150 4
164 127 2
122 79 2
159 62 1
192 156 2
144 90 3
142 28 4
8 6 4
136 2 2
15 182 1
163 156 2
0 189 3
88 13 2
159 183 2
143 103 3
185 109 2
164 45 3
188 118 3
167 86 4
155 150 2
143 163 4
92 56 1
79 161 4
84 196 3
157 12 4
2 158 3
79 104 4
7 20 2
184 181 1
105 111 3
18 47 4
85 98 3
165 15 1
110 146 3
76 95 1
178 191 3
183 84 1
49 81 2
37 157 3
166 67 1
107 161 2
108 94 4
147 57 4
26 128 2
68 165 4
123 71 1
187 30 4
115 186 4
170 184 3
135 162 1
141 167 3
116 133 1
47 16 1
73 84 1
196 147 3
58 79 4
124 179 3
76 108 1
130 195 2
38 100 2
169 85 1
133 154 1
183 124 2
45 170 1
96 179 1
133 119 3
161 76 1
85 3 3
178 95 4
97 67 2
155 169 3
150 64 1
77 175 4
127 145 3
0 181 3
0 156 3
11 115 3
87 56 3
14 87 2
82 111 3
152 191 1
19 42 4
41 51 3
138 12 2
141 124 2
138 126 3
151 177 2
41 49 1
47 161 1
128 155 1
107 71 1
5 0 3
18 149 1
59 98 4
165 75 3
127 116 4
50 121 1
79 182 3
60 5 4
40 178 1
31 57 4
9 31 4
113 86 3
93 24 3
73 130 2
135 180 2
78 100 2
97 133 3
34 132 3
191 89 2
15 22 4
8 55 2
82 69 2
147 53 3
84 26 1
191 168 2
166 77 4
35 182 4
124 144 2
12 123 3
167 164 1
108 12 2
126 187 4
141 67 3
26 102 3
27 193 4
174 199 3
122 4 2
17 146 2
90 88 2
55 80 1
180 104 4
147 34 4
40 147 1
31 141 1
59 113 2
45 153 3
44 161 3
134 36 4
4 161 3
76 14 3
144 5 3
66 188 3
6 58 2
143 127 1
142 100 1
122 64 3
136 107 2
29 145 4
126 171 4
186 130 1
92 161 2
113 95 4
130 28 4
96 75 2
165 48 3
148 197 3
176 9 2
189 110 4
13 40 1
146 194 3
180 32 4
51 175 1
100 27 2
142 123 4
156 121 1
128 127 2
163 124 4
135 199 2
46 119 2
139 163 3
186 56 3
27 91 4
22 46 1
197 183 1
128 81 2
149 157 1
52 5 1
51 55 4
128 110 4
57 197 2
81 42 2
120 84 1
175 195 1
49 143 3
15 100 4
36 125 2
64 4 4
26 112 4
75 41 1
75 91 2
183 184 1
183 134 1
90 34 1
179 81 2
88 26 4
111 120 2
109 101 1
123 176 4
165 166 2
121 88 3
31 54 2
62 157 3
128 89 3
26 106 4
48 5 3
106 165 3
160 81 1
141 172 4
122 198 4
24 181 4
20 90 2
138 1 4
97 128 1
199 64 1
132 161 3
85 114 4
192 3 4
136 142 3
20 19 3
194 27 3
14 79 1
175 191 1
105 29 2
7 88 1
123 66 2
69 118 2
19 118 2
193 21 1
121 81 2
32 4 3
175 63 1
144 198 1
42 37 3
128 195 4
45 112 4
103 86 4
138 150 3
180 17 1
105 69 1
164 33 1
78 65 1
157 128 1
140 85 2
18 28 1
103 35 4
2 190 4
149 77 4
124 156 3
16 169 3
14 91 4
21 161 4
85 198 2
28 72 3
61 1 3
133 175 4
63 102 1
122 74 1
75 74 3
146 5 1
178 138 4
198 193 2
168 27 1
121 151 4
124 160 4
197 175 3
14 109 4
75 197 3
9 193 2
7 58 1
157 56 2
23 92 4
109 166 3
103 197 4
190 142 2
65 6 3
5 160 2
26 63 2
102 16 2
129 128 1
114 199 3
170 112 1
189 68 2
159 188 2
37 100 2
5 67 2
122 98 3
50 34 2
182 14 2
162 76 4
151 18 2
28 30 2
2 188 4
82 35 4
24 79 4
173 179 3
86 44 4
132 41 1
108 168 1
66 159 4
184 50 1
7 182 3
126 176 1
176 172 4
3 183 3
174 71 3
161 168 3
37 2 4
21 129 4
168 182 4
12 33 3
187 129 1
55 99 4
54 73 2
191 15 3
58 102 3
181 86 1
184 68 3
181 99 4
71 66 1
176 140 3
139 77 2
105 195 2
32 0 3
33 87 4
8 60 2
83 109 2
189 32 1
177 117 1
176 61 3
54 27 2
196 10 2
140 198 3
117 99 1
79 179 3
109 91 3
165 119 1
156 158 4
113 68 1
166 79 2
61 179 4
155 55 3
88 127 4
125 133 1
6 94 2
171 185 2
171 41 1
178 151 4
159 1 3
19 32 2
45 10 4
161 5 3
76 119 1
140 1 4
143 32 1
126 61 4
54 71 2
82 5 4
178 17 4
164 74 3
91 121 2
21 110 3
49 44 1
165 3 4
131 26 3
141 153 3
137 151 2
108 125 3
52 31 4
177 157 3
157 17 1
155 110 4
116 107 2
63 188 1
167 93 2
149 130 3
164 149 1
154 66 2
25 64 3
149 56 3
116 193 3
187 66 1
113 186 2
163 23 2
27 11 1
3 25 1
65 22 3
184 5 2
64 86 1
199 62 2
108 26 3
55 37 4
37 31 2
84 4 4
82 163 2
182 91 2
134 125 1
143 5 4
180 196 3
5 46 2
70 88 4
154 56 1
199 173 4
91 160 3
78 52 4
120 58 1
119 63 2
127 170 3
191 37 4
51 87 3
186 13 3
150 133 3
155 18 2
86 179 3
137 66 3
167 41 1
68 71 1
144 41 3
32 133 1
75 51 4
46 173 4
139 98 3
83 40 3
177 122 2
154 191 3
50 97 2
149 69 2
191 184 3
51 101 2
188 86 4
116 14 4
159 182 4
16 30 1
198 168 2
14 101 4
22 60 4
148 178 2
174 185 3
107 69 3
62 90 1
142 188 3
150 49 4
192 188 3
114 145 2
164 56 3
174 178 1
128 107 1
128 154 4
112 23 1
3 68 2
100 18 1
60 172 4
75 19 1
18 133 4
188 157 2
147 95 2
154 100 3
191 12 4
129 54 4
24 136 4
42 87 1
136 38 2
152 17 2
176 23 4
29 115 1
127 36 3
16 28 4
81 14 2
151 63 2
121 96 3
22 73 2
49 124 4
22 74 1
59 186 2
110 188 3
181 141 2
195 39 2
192 109 4
165 64 3
68 50 1
149 191 1
38 125 3
141 30 2
18 129 2
109 68 1
116 186 4
23 59 1
101 27 2
133 170 3
1 187 2
25 92 3
121 192 1
173 96 4
156 15 1
173 180 3
2 181 2
4 24 4
159 28 4
46 182 3
146 199 4
199 78 3
7 37 4
82 10 4
129 89 3
3 31 1
167 55 4
61 83 2
158 118 1
174 162 1
4 113 1
108 160 2
74 109 2
101 104 3
46 30 4
106 23 4
169 162 3
183 189 2
27 80 2
136 96 1
83 14 1
198 0 2
50 191 1
0 141 1
72 111 2
27 25 1
89 20 4
89 96 2
197 116 2
63 166 3
15 18 4
73 195 1
53 40 1
191 87 1
53 42 3
86 15 3
160 176 1
145 0 4
184 86 3
22 114 1
84 129 2
171 175 1
57 104 4
118 103 3
67 77 4
28 14 1
113 199 4
119 198 3
114 6 4
164 55 4
110 33 4
160 56 4
96 143 3
87 66 3
62 10 2
76 183 3
6 134 1
126 89 3
15 198 2
116 124 3
47 140 2
17 67 4
8 12 4
189 178 1
73 72 3
3 92 3
121 146 1
43 165 4
57 100 2
0 112 4
119 68 3
191 59 4
42 49 1
73 95 3
180 103 3
150 106 2
32 60 1
128 135 1
73 183 2
147 88 3
155 122 3
10 112 2
82 25 1
191 24 2
40 151 2
6 167 4
139 168 4
141 47 4
174 161 3
12 199 3
133 14 3
166 155 1
27 167 2
175 35 1
106 54 4
71 58 1
169 138 2
82 39 4
86 21 1
5 142 2
145 11 2
36 57 4
82 75 1
23 162 1
78 41 2
187 147 4
185 53 3
76 163 1
104 40 2
96 21 1
62 98 4
30 161 1
39 127 2
67 21 3
163 197 4
59 8 4
57 9 4
31 56 1
69 132 3
91 134 2
147 0 3
29 4 3
59 140 2
65 87 3
136 119 4
65 54 3
7 47 1
170 115 4
151 98 4
112 154 4
51 53 2
151 132 4
148 145 1
189 39 1
80 160 2
131 167 2
173 111 1
56 23 4
116 112 2
47 155 2
16 144 2
189 81 4
138 83 1
32 106 3
68 81 4
169 63 3
142 175 4
91 41 4
168 174 4
190 154 1
47 103 3
145 25 2
145 113 1
117 39 2
50 106 2
37 44 4
103 101 2
68 92 4
128 123 2
167 135 2
155 124 1
128 161 3
114 40 2
117 6 4
119 25 1
167 17 3
121 158 1
60 28 1
170 160 2
59 145 3
122 15 1
15 145 1
38 166 2
23 51 3
39 3 4
143 120 4
82 80 1
41 152 4
171 66 3
160 21 2
20 128 3
67 45 1
132 133 3
165 77 1
167 92 2
66 116 4
196 183 4
46 53 4
80 135 1
78 180 1
141 183 3
106 172 2
153 75 4
67 142 4
115 149 3
24 180 2
121 67 1
87 77 1
71 187 1
49 113 3
71 5 1
151 197 4
5 162 4
31 59 4
122 51 1
181 38 2
197 180 1
131 162 1
70 9 3
9 155 2
40 51 4
197 104 3
117 85 1
21 137 4
13 143 3
136 117 4
171 199 2
135 100 2
30 182 3
69 173 1
133 195 3
53 171 3
146 173 2
91 23 2
164 173 4
40 27 3
59 85 1
152 27 3
115 62 2
20 9 1
124 57 2
89 110 4
177 67 2
14 178 4
10 40 4
136 52 1
62 111 3
132 130 3
103 156 1
84 53 2
117 63 3
4 80 2
59 20 4
79 70 2
33 0 1
110 72 3
38 23 4
163 65 1
93 103 2
127 68 1
161 91 2
22 20 1
147 37 4
67 34 2
64 50 3
20 183 2
128 175 3
70 50 2
94 65 4
150 103 2
128 145 2
40 59 3
153 151 2
119 183 4
64 42 4
90 107 4
136 74 3
124 195 3
116 70 2
98 149 1
148 175 2
47 23 3
193 187 2
38 53 3
50 138 1
92 111 3
40 91 3
23 102 4
5 178 4
187 31 4
27 12 3
139 11 4
116 55 3
64 197 4
199 139 1
189 143 4
161 182 2
104 148 4
128 102 4
32 174 2
5 15 3
79 82 4
95 78 4
19 130 2
40 5 1
69 32 4
140 32 4
55 146 1
167 37 2
124 14 1
192 133 1
106 18 4
98 160 3
85 164 3
46 65 4
131 198 4
49 77 2
85 36 4
52 189 4
191 3 3
110 78 4
45 141 1
101 100 1
179 49 4
147 170 3
164 39 3
131 124 1
78 134 1
106 119 1
128 163 1
135 174 4
138 128 4
142 20 2
105 124 4
125 110 3
55 34 2
98 171 3
84 61 2
186 43 3
192 111 1
15 85 1
182 41 4
109 107 3
180 45 3
55 41 1
19 73 4
151 114 2
70 113 3
173 108 3
61 167 2
27 84 3
188 48 3
100 131 3
162 75 4
109 133 1
75 83 4
129 66 1
162 26 3
88 101 2
77 193 1
132 148 1
31 49 1
179 57 3
185 128 1
12 60 3
99 72 3
125 167 4
188 104 2
160 45 1
65 18 4
170 0 1
0 1 3
43 58 4
107 143 3
124 176 2
1 52 2
119 190 4
176 26 3
76 75 2
137 129 1
153 96 2
194 77 4
41 116 2
157 176 4
168 18 1
63 50 3
24 25 2
29 141 2
182 110 2
134 61 1
189 133 3
132 9 2
55 24 4
71 175 4
64 33 2
146 145 4
30 95 2
150 1 1
1 51 3
94 84 4
141 75 4
27 144 3
106 176 4
54 171 3
162 47 2
112 107 4
129 34 1
182 62 1
15 123 1
99 68 1
30 54 4
60 147 2
11 37 3
194 80 3
160 95 3
33 96 3
11 78 4
2 153 3
29 55 2
49 86 1
128 192 4
39 84 4
66 146 4
162 34 2
114 69 3
39 54 2
152 133 1
160 23 2
33 109 3
141 23 4
98 117 3
68 47 2
25 118 3
149 58 2
35 130 4
71 180 2
25 170 3
183 2 3
68 136 3
33 158 3
167 130 4
191 147 4
54 190 1
190 157 3
138 36 3
19 151 3
180 153 3
63 133 2
78 9 1
77 180 1
36 140 2
152 161 1
88 132 3
114 177 2
38 101 2
159 160 3
70 97 4
106 170 2
44 121 1
199 134 3
154 198 4
77 123 2
162 106 3
139 162 4
114 144 1
58 26 3
0 197 1
39 193 4
174 10 3
102 120 2
146 70 2
88 39 2
198 184 3
21 94 1
129 158 1
132 181 3
28 185 4
174 172 3
172 131 1
145 132 3
78 93 3
69 16 3
28 8 2
142 90 2
37 116 1
147 67 1
126 88 3
44 38 3
57 161 1
67 49 1
59 56 3
138 190 4
66 173 3
129 139 3
188 152 2
173 143 4
104 69 4
117 104 2
80 90 4
21 32 1
142 23 4
36 157 3
152 174 1
78 60 1
193 66 2
174 57 1
196 53 1
138 53 1
35 60 3
195 4 2
81 135 4
66 35 3
106 144 1
70 175 2
194 133 2
50 67 1
183 95 1
84 186 3
189 115 2
123 52 1
40 168 3
86 46 1
97 48 1
162 185 4
179 91 1
145 123 3
182 195 3
56 99 1
195 121 2
93 71 4
196 167 1
84 57 3
187 184 1
188 137 3
173 87 3
172 78 2
81 73 3
123 141 3
42 32 1
181 95 4
156 133 3
134 164 3
169 128 3
105 21 2
67 108 2
183 25 4
164 153 2
53 102 2
7 0 1
190 178 1
122 161 3
78 197 3
77 59 4
172 46 1
93 33 3
142 105 2
126 113 2
172 182 2
149 128 3
31 150 4
121 53 3
44 72 3
153 177 3
123 24 4
56 115 4
109 64 3
53 172 1
104 164 3
144 153 4
192 171 2
139 177 2
96 32 1
163 117 1
52 33 2
30 144 3
32 55 4
187 132 4
69 126 1
194 66 3
95 91 2
74 128 4
9 178 1
187 29 4
97 139 3
130 117 4
97 112 3
160 101 4
166 100 4
85 197 1
128 100 2
13 84 4
130 161 4
44 12 4
46 144 1
88 36 4
51 68 4
115 18 1
112 189 3
147 169 1
57 117 2
164 100 2
184 4 4
31 127 3
73 184 3
163 60 3
168 87 1
38 192 1
98 77 3
68 46 3
87 78 4
141 179 1
99 94 4
3 177 2
37 132 1
188 21 3
124 158 3
99 4 1
111 193 3
71 64 3
6 10 3
80 74 1
58 111 3
161 141 1
105 197 1
5 141 4
114 41 1
180 34 1
17 126 2
176 52 2
188 45 1
89 21 4
39 123 2
130 78 1
111 175 2
170 35 2
154 116 3
0 133 1
153 112 2
114 74 3
134 67 4
59 82 4
19 33 3
36 112 4
10 199 4
148 84 4
183 27 3
1 33 1
39 175 2
85 135 2
171 35 1
78 129 4
139 68 3
73 187 4
43 143 4
123 111 3
155 75 1
199 90 3
89 146 2
104 122 2
4 173 2
132 158 4
73 161 1
86 190 1
198 62 4
83 145 2
62 186 1
76 172 1
91 191 1
148 86 2
8 150 2
61 152 1
141 61 1
168 84 2
137 88 3
189 56 3
178 89 4
128 162 1
127 152 2
52 73 1
97 141 4
171 83 4
133 47 2
152 78 1
49 163 1
54 84 1
138 161 4
10 121 2
115 150 4
33 103 2
183 182 3
175 185 2
110 153 1
147 90 1
176 111 1
3 174 4
175 179 1
13 137 2
112 87 2
73 41 2
7 69 2
117 160 3
173 71 3
51 181 3
163 151 1
168 196 2
176 169 1
114 106 2
27 18 1
111 142 1
189 142 3
13 198 2
16 127 2
29 142 4
99 63 4
77 4 4
137 15 2
196 59 1
16 137 1
120 31 1
67 181 2
117 120 4
117 173 3
190 129 3
69 199 2
0 91 2
16 54 4
112 88 4
15 26 3
121 35 4
128 56 1
168 102 4
104 141 3
38 195 3
135 158 4
99 45 3
68 140 1
154 51 4
174 141 4
122 19 1
19 194 2
47 177 1
144 53 4
86 68 1
156 115 2
0 94 1
118 157 3
29 148 1
122 96 1
79 17 1
146 99 2
138 114 1
142 51 2
114 23 1
88 134 1
58 55 2
129 22 2
87 162 2
174 132 4
100 138 2
24 104 1
65 67 3
100 86 2
174 40 2
73 29 2
86 54 3
40 170 1
166 43 1
136 171 4
198 124 1
4 182 1
10 33 2
18 134 2
47 101 4
185 23 4
68 188 2
73 43 2
11 110 1
107 198 1
72 115 1
55 160 3
162 93 3
157 77 3
21 190 3
47 104 2
98 181 1
67 10 3
69 130 3
39 125 1
110 143 4
91 82 2
1 38 4
72 9 1
34 158 2
44 26 1
84 194 4
84 133 2
7 33 3
74 154 4
177 190 3
83 113 3
20 26 4
151 38 1
90 169 1
45 34 3
21 167 1
93 58 2
101 43 1
118 92 2
134 158 1
92 156 2
50 190 1
180 76 2
62 123 4
99 134 3
59 68 4
68 130 2
11 160 2
36 48 4
103 10 1
186 163 4
149 107 2
184 98 2
39 47 1
195 8 2
197 6 1
174 29 2
159 141 3
28 120 4
65 150 1
130 80 2
158 180 4
137 100 1
90 29 2
28 183 1
83 60 3
80 121 3
143 59 3
185 67 2
6 124 3
111 87 2
195 168 2
47 86 2
122 170 4
84 188 4
86 84 3
104 173 4
161 113 4
63 95 2
179 51 2
30 109 3
80 35 4
54 55 1
159 151 2
18 60 4
47 127 4
17 71 1
134 152 2
127 58 4
120 86 4
128 103 1
88 150 1
6 79 4
39 48 4
143 28 3
37 117 4
18 180 1
130 56 1
56 82 4
193 44 1
29 27 2
178 76 4
79 115 3
46 136 4
144 136 1
0 123 1
188 151 1
163 92 1
37 163 2
57 114 3
111 49 2
129 147 1
62 50 3
13 64 2
142 141 4
9 109 4
30 166 2
7 176 3
79 114 1
144 99 4
20 76 1
77 186 3
48 128 4
146 54 2
87 8 3
16 15 4
185 19 4
37 127 1
195 69 2
163 62 4
83 152 3
144 10 2
187 146 4
4 109 3
143 161 4
183 42 1
189 131 1
129 166 2
70 85 1
16 94 3
27 77 2
50 116 2
21 0 1
151 105 2
178 98 3
42 89 2
46 140 4
175 149 3
92 154 3
17 53 1
46 90 2
75 163 3
55 96 4
74 24 3
124 78 2
139 122 4
176 196 2
170 76 2
49 95 4
141 149 1
0 37 3
31 138 4
51 134 3
69 63 1
198 174 3
170 47 1
73 4 3
191 167 2
81 43 4
31 197 2
5 94 3
178 150 3
116 181 2
56 132 4
90 196 4
0 14 4
183 108 2
60 87 1
190 5 1
20 126 1
162 179 4
164 111 4
112 2 3
133 105 2
86 4 3
1 122 1
10 61 2
47 59 1
110 160 3
19 76 2
161 133 1
109 177 1
82 179 3
147 183 3
63 55 4
37 181 4
4 39 4
120 182 3
157 151 2
185 179 4
126 16 3
10 84 4
94 46 2
96 68 4
196 142 4
102 125 2
1 96 3
57 102 1
116 18 3
186 89 3
98 36 4
112 133 4
54 41 3
193 108 1
184 164 1
81 47 1
26 6 3
19 169 4
50 56 3
14 192 1
100 144 1
118 79 3
38 163 4
140 86 2
188 141 2
61 115 4
145 45 4
23 145 1
83 188 3
177 113 1
122 110 3
80 14 2
176 99 2
163 176 3
100 81 3
81 131 1
48 78 3
139 45 1
94 199 1
139 92 2
119 1 3
180 20 2
71 184 3
76 182 4
26 83 2
27 181 4
16 63 3
9 81 4
125 132 3
184 180 2
15 132 4
4 26 4
101 23 2
80 170 3
152 166 1
30 87 3
118 167 1
153 105 3
137 132 2
160 76 1
182 84 2
10 195 1
170 20 4
18 44 2
194 140 4
10 145 4
77 181 4
100 159 4
155 130 2
3 17 2
78 25 1
86 182 4
13 49 4
185 145 2
55 190 2
176 13 2
165 108 3
152 97 3
85 93 3
13 61 1
92 143 3
67 151 3
2 90 1
164 178 4
66 27 3
43 164 2
99 43 4
166 108 4
118 14 1
4 55 3
79 132 4
92 168 4
60 134 1
156 114 1
37 145 3
123 146 1
69 160 4
158 186 1
151 129 3
49 3 2
52 170 4
14 170 3
6 198 3
92 120 2
101 173 4
23 68 4
11 180 2
7 34 3
12 10 3
20 150 4
183 131 1
104 73 3
16 48 2
114 179 4
81 84 4
55 94 3
149 170 2
198 51 3
4 30 1
140 165 3
171 120 2
53 81 4
170 21 4
81 199 1
56 0 2
153 46 2
71 154 1
146 74 3
99 193 3
35 157 1
51 97 1
1 29 1
140 112 1
174 186 2
23 7 3
61 197 4
127 124 1
174 42 2
82 42 4
109 26 1
196 98 2
19 4 1
165 122 4
22 52 3
62 121 2
104 28 1
28 95 4
44 145 3
85 62 2
125 164 3
168 91 4
129 49 1
40 185 4
65 115 3
114 109 4
3 175 1
24 190 4
135 71 2
72 135 1
189 103 1
112 38 3
114 148 3
7 66 3
169 119 2
116 111 2
157 174 1
184 21 4
174 87 1
191 38 3
193 161 1
113 62 3
8 117 1
14 94 2
187 138 3
79 90 3
57 134 1
100 91 4
125 54 2
117 155 2
67 129 1
37 56 1
146 157 2
122 108 2
197 87 3
16 39 3
113 40 2
183 188 4
63 177 4
50 105 3
60 129 4
107 22 2
158 60 3
147 162 2
169 102 3
130 124 4
180 111 4
38 127 2
125 109 3
121 150 4
195 193 4
77 169 4
0 9 2
199 51 4
170 66 1
94 182 4
166 103 1
71 103 1
178 41 4
117 0 1
13 97 4
113 125 3
150 141 3
104 17 3
73 3 4
142 168 4
124 143 3
154 13 2
75 30 1
157 150 4
159 12 4
42 109 3
135 64 2
52 8 2
189 37 2
92 53 3
34 191 2
82 23 4
29 82 1
23 30 3
28 166 2
80 92 2
80 44 1
72 83 4
36 159 3
127 173 1
64 74 1
49 98 1
180 91 1
6 102 3
141 176 1
15 111 1
84 127 3
115 180 4
102 146 1
35 94 4
71 104 3
78 12 1
22 135 3
98 41 1
77 94 3
164 40 2
83 11 4
85 12 1
85 73 2
43 199 3
101 125 3
176 162 4
140 181 1
37 1 4
118 151 4
44 174 4
97 73 1
35 93 2
117 52 3
182 105 1
34 36 1
62 77 3
87 110 2
24 100 1
43 98 1
134 167 3
88 9 2
148 133 3
69 87 4
158 17 1
131 118 1
21 80 4
88 82 1
40 149 4
94 173 3
67 51 2
27 189 1
44 169 4
142 133 3
106 4 4
181 197 2
56 6 4
133 68 2
89 139 4
135 32 4
89 166 3
159 0 4
125 105 3
16 21 1
59 13 3
26 135 2
48 26 3
175 102 4
49 197 4
69 1 4
101 194 4
196 197 4
174 108 1
141 128 1
122 114 3
189 46 4
92 89 2
89 66 3
97 3 2
164 70 2
30 175 3
161 32 1
64 20 2
146 152 2
40 177 4
60 110 3
66 178 1
92 199 1
81 159 1
20 175 2
77 14 3
29 65 1
187 67 2
134 95 1
170 118 4
47 15 1
125 67 4
31 68 4
15 57 2
125 18 3
141 73 2
186 37 1
137 124 4
147 98 3
153 11 3
120 191 4
121 82 3
105 173 4
9 169 4
117 60 3
191 186 4
118 115 4
102 123 4
148 191 3
179 144 4
186 181 4
43 62 1
152 137 4
84 1 3
0 155 2
168 5 4
20 60 3
22 163 2
148 167 2
160 172 2
60 105 1
38 139 4
165 61 3
181 146 3
36 42 3
194 150 2
43 150 2
141 77 1
179 92 4
59 52 4
119 160 1
186 114 3
20 84 4
11 142 2
87 40 2
31 100 2
25 11 2
105 165 3
145 152 2
199 59 2
93 68 4
24 21 4
13 129 3
93 65 4
146 57 1
114 137 2
137 191 3
123 65 2
109 118 2
107 196 2
109 22 4
189 82 2
134 141 2
142 163 3
26 132 3
177 36 4
115 137 3
163 180 3
92 132 1
143 151 4
44 27 3
38 197 4
139 79 3
62 184 3
44 57 1
90 179 4
197 131 3
162 153 3
80 145 4
109 53 3
66 140 3
165 14 3
137 29 2
122 42 4
158 173 3
143 54 3
39 17 2
2 177 3
142 125 3
130 97 1
165 95 3
21 155 1
111 19 1
14 53 1
74 186 1
119 161 3
88 185 3
35 119 4
70 112 1
39 136 1
79 131 3
161 116 3
187 89 3
93 90 1
4 37 3
4 128 2
138 90 3
108 132 3
127 98 2
2 125 1
191 48 1
92 57 2
197 192 3
159 4 2
115 124 1
17 24 2
7 98 3
160 78 1
27 20 4
117 80 4
133 66 4
118 29 1
187 82 1
65 32 3
180 96 4
100 147 3
26 126 4
47 69 3
187 127 3
133 121 1
111 134 4
8 108 1
192 145 4
75 85 3
178 139 3
138 121 3
58 191 1
34 29 1
193 117 1
187 135 3
63 20 2
94 41 1
152 47 2
59 172 1
164 103 4
93 108 2
51 124 1
135 34 2
64 18 1
159 26 2
88 181 4
142 43 1
120 90 3
179 9 2
67 27 4
89 147 3
84 70 3
87 92 2
1 44 3
162 126 2
119 34 1
97 192 4
66 73 2
186 9 3
67 138 2
22 141 3
54 50 3
92 30 4
40 132 1
58 78 1
54 193 3
97 90 2
26 111 2
2 89 2
147 102 2
49 4 1
106 108 2
15 62 4
124 196 4
93 79 4
143 179 1
24 87 2
154 168 1
79 30 1
158 170 2
141 189 1
61 38 1
59 50 2
15 159 1
7 39 1
134 47 2
115 87 1
196 151 1
121 155 2
55 76 4
162 122 4
72 190 2
25 75 1
57 75 3
80 25 3
38 135 4
44 59 1
152 98 4
10 69 1
155 148 3
120 37 3
5 171 3
184 19 3
19 172 3
35 180 1
40 88 4
19 153 1
198 108 4
74 60 3
184 177 3
71 61 2
113 71 1
101 18 1
64 36 4
112 122 3
41 187 1
34 190 2
187 28 3
172 40 1
26 138 2
171 178 2
27 26 3
44 141 2
137 53 2
27 153 3
6 61 3
33 143 2
117 138 1
194 35 4
117 176 1
142 153 4
32 177 1
158 88 1
170 17 2
165 167 4
158 64 2
119 152 2
82 49 2
191 39 3
76 139 4
105 106 2
112 18 2
43 179 1
104 27 2
48 72 2
88 104 1
174 151 3
49 80 3
160 100 2
93 109 4
114 10 3
179 1 4
168 30 4
4 57 2
4 115 1
136 114 2
142 82 2
45 3 3
12 145 3
9 156 1
84 136 1
157 179 2
194 108 3
118 38 2
93 160 2
23 138 4
77 177 3
167 5 3
44 166 3
150 135 1
167 47 3
109 46 3
40 173 2
118 1 2
123 185 2
71 130 1
107 175 1
131 5 2
177 31 3
76 2 4
81 54 1
129 42 4
182 100 1
81 157 4
137 93 4
165 85 3
67 37 4
63 57 1
63 172 2
191 76 2
35 68 2
187 39 3
1 176 3
131 178 2
30 140 3
20 184 1
25 46 2
60 131 3
153 82 2
71 169 4
19 116 1
165 38 2
8 1 1
87 76 2
83 110 2
145 161 3
74 148 4
95 149 4
66 38 3
156 2 1
92 197 3
143 18 3
107 38 2
39 59 1
141 166 3
139 141 2
199 58 1
15 83 3
115 94 1
181 34 2
152 86 4
41 79 2
66 39 4
121 173 2
168 103 1
18 197 1
130 20 3
6 3 4
143 97 2
55 74 2
137 4 4
126 8 3
159 17 3
49 151 3
147 66 4
181 142 4
185 76 2
72 96 1
168 122 4
134 160 1
15 88 4
4 148 2
139 143 1
22 108 3
171 65 1
144 193 4
0 128 4
48 56 2
94 172 3
130 12 2
33 8 4
1 18 1
17 38 2
131 133 4
173 85 3
74 196 3
79 186 2
145 42 2
139 86 2
57 183 1
115 64 4
98 154 2
93 174 3
51 77 1
165 173 1
16 76 2
85 170 3
157 104 1
0 124 4
33 27 1
106 43 2
36 115 1
123 81 2
48 23 1
149 172 1
178 63 1
23 77 1
43 28 3
181 55 4
188 163 3
104 95 4
166 0 4
46 175 1
124 120 1
98 187 2
113 38 1
31 166 1
7 43 2
138 46 4
147 94 2
182 88 2
165 102 1
43 171 4
89 56 1
22 113 2
92 62 3
137 96 1
15 81 3
191 126 1
44 155 4
145 87 1
48 174 3
164 78 2
145 181 1
109 13 2
170 155 1
184 83 1
124 39 4
105 170 1
90 25 3
59 36 4
18 86 1
30 37 3
31 2 1
39 73 4
182 89 1
62 183 4
129 173 1
72 170 2
187 78 4
104 38 3
180 131 4
32 156 4
29 57 1
50 72 4
78 45 3
49 47 2
36 191 4
101 81 1
89 160 3
124 125 2
61 185 4
164 9 1
76 52 2
88 69 1
104 198 4
11 152 4
114 81 2
80 58 1
99 85 1
187 150 4
166 198 2
103 69 3
17 93 1
122 178 1
99 23 2
24 101 2
22 79 4
164 161 4
104 174 1
184 52 3
130 87 2
11 73 3
85 21 1
178 83 3
43 158 1
144 143 1
37 190 2
88 81 1
189 40 1
74 108 3
144 111 1
197 190 2
82 148 4
68 195 4
47 147 4
187 177 3
127 171 1
20 159 3
52 10 3
125 192 4
15 69 2
167 177 1
147 116 3
138 76 3
130 89 1
99 183 1
91 143 2
50 100 4
17 142 1
37 73 2
165 196 3
49 140 2
30 80 4
73 1 1
50 47 2
117 73 3
149 79 1
33 30 4
85 146 2
151 87 3
129 74 2
64 171 4
93 28 2
73 113 3
29 157 3
100 17 4
141 145 3
86 189 4
102 103 2
1 78 2
146 190 1
127 30 1
130 104 1
92 153 1
126 92 4
108 138 3
191 30 4
24 86 3
18 67 1
28 102 1
55 174 2
135 46 3
51 135 1
24 28 3
34 141 4
131 170 4
56 34 2
59 15 4
89 127 3
133 138 4
166 32 1
25 53 3
34 14 1
123 49 2
38 105 2
43 45 3
17 63 2
14 3 1
88 106 1
186 35 4
140 108 2
131 182 2
173 141 2
115 1 4
128 190 1
169 61 2
98 10 3
59 168 2
6 161 3
180 56 3
177 112 4
117 16 1
158 192 2
130 198 3
31 65 4
26 129 3
18 150 4
162 11 3
52 107 4
175 43 1
68 33 3
15 98 2
100 53 1
150 146 4
99 157 3
43 17 1
110 91 3
10 108 2
51 99 3
111 14 2
93 72 3
52 91 3
27 191 4
158 67 3
18 5 1
187 183 3
194 43 1
161 114 3
171 180 3
106 123 1
167 189 4
11 7 3
125 162 3
197 166 1
81 70 3
185 17 1
9 16 2
146 19 2
31 47 4
41 139 4
185 176 3
162 85 2
164 99 1
108 150 3
106 128 3
93 46 4
52 146 2
77 75 4
114 187 1
179 130 3
7 85 2
67 15 2
40 155 2
126 64 2
188 158 3
40 94 3
165 149 4
112 9 4
1 163 1
25 33 4
123 110 3
1 156 2
154 35 2
117 96 1
105 178 2
148 53 3
94 53 3
48 46 1
105 103 1
193 100 4
130 31 3
69 101 4
197 46 3
167 128 3
53 105 4
97 22 1
69 129 2
12 156 2
67 42 4
156 60 1
69 161 4
84 92 2
148 5 2
99 88 3
0 178 1
130 168 4
36 165 2
122 88 1
79 171 3
96 107 3
163 55 1
17 154 2
157 105 1
9 50 3
123 134 3
101 76 4
146 97 4
49 104 3
9 126 3
34 121 2
62 87 1
94 81 1
0 119 4
45 168 3
35 91 1
89 28 3
197 63 4
194 69 2
31 121 4
6 132 3
110 9 1
158 181 1
105 113 1
119 192 3
134 9 3
79 89 2
147 85 2
136 10 2
187 112 1
120 128 3
126 42 3
163 13 1
175 166 3
147 55 4
142 44 3
49 83 2
35 78 1
32 12 2
37 25 1
112 123 1
131 110 3
26 1 1
94 78 1
196 40 2
49 161 1
63 126 4
10 147 3
31 156 3
77 136 2
143 40 2
96 142 3
156 16 4
101 97 2
127 189 2
3 9 1
177 92 3
0 44 4
18 68 2
135 61 2
27 186 2
24 11 4
160 121 1
66 172 2
117 171 1
34 143 1
99 108 1
177 9 3
8 85 4
171 14 4
176 107 2
100 74 1
178 79 1
144 133 2
38 173 1
19 117 4
130 30 4
66 98 4
175 56 4
151 79 3
194 38 3
176 37 2
170 33 2
177 125 4
50 51 2
186 106 2
14 198 2
161 165 2
158 166 4
4 83 4
35 136 2
18 55 4
119 107 3
199 57 4
108 157 3
162 20 1
107 156 4
80 107 3
68 12 3
156 144 1
151 142 1
83 48 3
74 187 3
99 34 3
161 102 2
4 163 2
36 5 1
115 30 2
30 162 3
199 143 1
15 107 3
164 17 3
161 104 2
111 94 2
107 150 2
32 40 2
192 91 1
149 121 4
149 32 1
23 186 2
149 43 2
86 19 2
69 164 2
131 21 2
170 114 3
92 85 2
142 61 2
36 172 2
126 121 4
56 49 2
155 3 3
113 198 3
114 44 1
89 177 3
155 184 2
173 63 3
184 123 2
148 181 1
180 49 4
124 172 2
184 163 2
51 29 4
154 8 4
72 80 4
65 89 4
70 35 4
70 75 4
182 137 2
172 139 4
184 42 3
161 148 4
141 156 3
154 5 2
44 137 3
101 57 2
163 161 2
43 148 4
73 140 3
184 124 2
1 161 3
84 68 2
48 164 2
16 35 2
160 90 3
132 102 1
189 50 4
107 110 1
37 77 3
170 167 1
174 138 1
22 178 3
9 96 2
194 5 3
121 106 2
4 112 1
178 195 4
199 101 2
67 150 1
178 154 1
182 136 3
118 192 2
188 155 1
9 79 1
159 125 4
63 104 4
101 32 3
113 166 1
196 73 2
163 134 3
156 91 4
51 11 4
117 38 2
145 166 1
148 89 2
139 127 3
58 148 4
116 96 3
27 63 4
172 8 2
135 120 1
80 178 3
37 158 2
94 194 4
13 144 4
7 180 4
198 19 1
122 181 2
46 110 1
78 73 4
153 195 1
124 72 4
163 199 3
113 139 3
16 25 1
193 147 4
119 8 4
56 147 3
22 124 4
144 154 2
33 58 2
136 66 3
189 8 2
5 157 3
71 131 3
88 196 1
106 47 3
188 56 4
136 51 3
18 128 3
81 46 1
4 97 4
148 183 3
176 183 3
146 25 1
144 49 1
22 30 4
124 181 4
150 33 1
138 35 4
91 25 3
37 70 2
117 105 1
112 92 3
108 52 1
150 80 4
129 5 3
124 16 3
81 10 2
21 38 3
15 12 3
97 52 3
57 196 3
116 73 3
168 155 3
185 101 4
84 145 3
86 71 2
160 143 2
128 54 1
176 190 4
196 134 1
149 75 2
3 96 4
161 84 1
5 121 2
175 141 3
183 40 3
152 128 1
98 114 2
100 165 3
60 70 2
176 86 4
125 114 3
164 32 1
11 40 2
117 75 1
66 164 1
3 184 2
135 105 4
49 34 3
99 54 1
144 147 4
163 131 3
60 14 4
35 114 4
100 70 2
107 8 3
82 54 1
4 91 4
65 102 3
99 184 4
113 21 2
6 150 4
69 187 2
135 52 4
3 159 1
139 158 2
71 84 4
74 23 2
197 164 4
110 179 3
102 138 1
187 160 3
141 121 2
103 58 1
13 174 4
160 83 3
104 2 2
158 162 4
174 115 1
62 46 1
192 5 2
154 132 2
134 110 1
111 67 1
0 109 2
148 81 1
15 108 2
167 155 2
53 178 1
155 173 1
194 23 1
44 110 2
112 139 3
101 70 2
80 16 1
38 22 4
93 166 3
152 96 1
114 121 4
67 106 4
58 119 4
113 2 2
97 193 3
108 136 4
149 106 4
42 142 4
8 83 1
122 29 2
23 127 1
37 92 3
192 146 4
11 84 4
191 70 2
12 21 3
14 149 3
154 172 3
92 123 4
97 86 4
172 111 4
9 12 1
101 161 2
26 22 3
161 67 2
195 16 4
142 64 3
84 98 1
52 34 3
196 110 4
179 30 3
29 198 4
168 42 1
42 33 1
33 169 3
26 156 2
140 9 1
178 135 4
33 162 2
196 83 1
57 49 1
17 48 3
24 78 3
174 131 4
12 144 4
29 9 2
118 199 4
68 173 4
102 27 1
147 48 2
35 102 1
183 47 1
113 119 4
176 145 2
29 100 4
103 104 1
190 99 3
18 130 4
42 167 2
131 37 3
64 186 4
53 7 2
8 164 4
89 88 1
86 145 4
47 126 1
196 87 3
155 10 2
128 126 3
101 175 1
144 92 4
108 43 4
36 16 3
122 13 4
118 181 3
109 129 2
92 94 1
119 9 1
169 36 4
89 134 2
149 174 4
20 145 1
46 166 1
18 70 4
5 6 1
168 16 1
198 57 4
74 72 1
36 153 4
62 109 3
187 77 1
16 163 1
23 28 1
121 49 3
177 103 4
128 37 3
32 6 3
185 46 2
17 94 2
164 115 3
134 65 4
101 13 2
171 21 3
101 195 3
110 43 2
186 63 3
65 109 2
102 143 3
100 104 1
52 142 1
95 19 1
87 18 2
121 64 3
80 192 4
81 66 1
181 178 4
125 176 3
110 48 3
111 29 3
197 79 2
27 42 1
174 193 2
111 50 1
63 139 4
124 71 4
67 152 4
187 91 3
14 57 3
105 147 2
111 125 1
112 90 4
97 27 3
119 5 3
24 3 2
19 159 4
157 123 1
74 124 1
142 79 1
5 110 4
168 47 1
41 155 4
106 53 3
180 25 2
184 113 3
91 70 4
45 183 1
171 82 3
125 95 3
43 72 4
91 65 1
49 39 4
152 148 4
22 138 4
134 59 4
67 71 1
90 162 2
18 62 2
77 64 1
24 183 2
85 116 1
9 63 1
177 172 3
171 23 1
49 107 3
57 158 3
183 43 4
142 7 2
149 45 1
55 85 3
42 149 1
160 22 4
24 99 4
156 39 2
102 136 3
78 161 2
41 179 3
39 198 3
76 89 2
58 170 2
71 149 3
79 68 2
109 198 4
133 64 4
168 152 3
183 163 2
86 29 3
45 73 4
196 199 1
72 81 2
111 179 3
99 44 2
79 16 4
30 122 4
185 104 1
46 145 4
118 185 1
145 71 3
113 54 1
56 96 4
36 174 1
199 73 3
6 104 2
188 139 3
15 17 4
24 69 3
80 120 3
163 63 4
167 194 1
45 124 4
23 161 3
69 111 3
3 70 2
165 19 4
178 81 4
173 70 3
175 112 2
0 148 4
50 94 1
196 121 4
136 157 3
59 73 2
92 173 2
107 117 2
126 196 4
118 99 1
13 179 2
2 109 2
154 129 4
131 90 4
16 87 3
156 85 1
15 187 4
107 37 4
29 102 1
31 27 3
188 38 1
93 61 3
83 5 2
76 150 4
169 41 2
17 109 3
20 28 2
65 194 4
45 51 1
41 59 1
161 126 4
172 193 1
156 152 4
171 71 1
117 111 3
188 123 3
153 124 1
92 97 2
59 27 2
22 91 2
1 25 3
195 99 3
117 166 3
66 85 1
87 187 3
153 89 2
5 99 3
147 71 2
160 166 2
92 195 3
89 83 4
128 179 2
81 170 1
140 187 2
177 86 2
65 182 1
180 8 3
12 36 2
140 188 3
16 3 3
185 77 4
154 3 2
36 139 2
91 8 1
67 23 1
122 150 4
84 179 4
1 112 2
194 119 3
124 40 3
65 101 2
26 192 3
140 70 2
183 94 4
91 90 2
108 129 1
198 18 4
100 96 4
175 16 1
164 102 1
103 139 3
125 112 4
60 195 3
167 18 2
128 55 4
144 68 2
169 28 3
22 5 3
4 62 3
162 79 2
19 62 2
198 10 3
18 11 3
96 66 2
16 0 2
69 79 4
191 67 3
123 6 2
30 49 4
1 36 3
79 158 3
183 15 3
97 91 2
36 195 4
59 42 4
38 189 3
182 9 1
47 186 2
183 178 4
124 50 1
13 112 3
96 199 1
119 182 1
101 124 3
132 57 4
135 91 1
182 138 2
54 111 1
143 157 2
136 194 3
61 143 2
1 109 2
130 126 2
160 174 3
62 110 3
9 162 3
17 35 2
116 162 4
116 61 2
197 55 4
60 80 3
115 14 1
132 134 4
57 0 1
168 67 3
33 108 3
72 94 2
173 93 3
96 183 4
43 47 2
158 47 2
4 6 2
72 168 1
64 32 1
138 192 4
107 181 3
75 129 4
184 80 3
94 43 4
33 137 1
29 13 1
149 188 2
84 46 1
145 199 1
88 33 4
72 65 2
133 171 2
191 143 4
134 25 3
82 17 4
58 48 2
52 140 1
107 40 4
38 37 1
27 142 1
178 126 1
192 4 1
186 69 1
142 121 1
20 43 1
33 177 4
42 77 2
31 70 2
9 150 3
171 47 2
65 197 3
104 80 4
174 43 1
100 174 4
85 163 1
187 19 3
36 187 2
1 167 3
20 141 3
8 166 3
53 101 3
75 130 1
30 21 4
129 9 2
190 91 2
35 34 4
156 100 2
150 71 1
48 92 3
9 183 4
183 118 3
97 44 4
107 42 1
66 125 3
82 1 3
96 106 2
156 84 1
60 9 4
54 107 3
124 118 1
33 28 1
105 19 4
141 43 3
100 72 3
159 85 2
146 170 4
70 71 4
92 130 2
193 157 4
78 139 1
78 31 2
66 84 3
53 119 1
188 52 4
117 88 2
3 55 3
117 188 3
197 117 3
151 84 1
132 87 2
75 157 2
33 48 3
128 57 1
97 53 3
50 65 1
11 36 2
26 34 4
16 190 3
24 41 1
65 90 4
5 28 3
61 78 4
45 84 2
105 62 4
32 83 4
52 197 2
72 195 1
144 164 3
51 121 3
25 164 3
196 131 1
104 177 4
150 192 4
10 97 1
10 41 4
75 54 1
134 21 1
104 58 4
111 127 1
191 96 2
150 181 3
158 111 4
112 42 1
13 48 3
112 46 1
176 199 3
97 85 2
34 40 2
141 154 1
141 87 2
93 57 1
63 45 4
118 89 3
119 171 1
192 186 4
19 173 3
49 122 1
166 123 1
137 128 3
158 22 4
106 87 1
170 164 3
144 128 3
153 4 1
179 123 3
139 4 3
116 62 2
108 162 2
76 100 2
198 45 4
135 25 4
29 53 2
166 15 4
151 21 2
17 114 2
62 86 3
183 22 1
139 125 1
171 89 2
100 150 4
27 182 4
17 62 2
170 59 4
82 102 2
94 163 4
76 1 4
134 148 4
75 199 1
93 76 4
138 25 2
133 94 2
150 148 4
182 127 2
78 84 4
145 78 4
167 25 3
181 190 3
90 12 3
172 77 1
88 198 2
38 8 1
23 170 2
137 154 1
128 79 3
181 22 2
90 132 3
109 18 1
56 40 2
169 185 4
176 152 3
193 146 1
71 28 4
148 192 1
61 118 2
53 116 1
150 25 1
144 1 2
90 140 1
35 139 3
82 180 1
125 181 4
32 138 1
198 92 3
196 36 3
181 5 4
131 116 1
139 95 2
70 185 4
162 175 3
185 44 3
43 84 2
58 194 2
165 34 4
119 174 3
104 35 1
121 7 4
182 175 3
12 195 3
143 10 3
118 146 1
185 13 1
15 102 1
110 165 3
6 142 2
108 142 3
192 113 4
7 193 3
75 139 1
182 187 2
169 188 4
71 183 1
97 28 1
36 176 4
94 64 2
10 159 4
76 124 3
119 143 4
153 22 1
186 76 3
174 125 3
159 196 1
12 106 1
162 155 2
85 39 2
112 136 4
158 102 2
69 135 2
69 95 1
165 133 3
61 125 4
85 91 4
34 123 3
30 155 2
89 86 4
57 50 2
169 59 1
22 54 1
86 88 4
185 84 2
165 6 1
181 147 2
165 153 2
57 61 4
14 125 1
94 127 1
154 108 2
17 20 3
125 3 4
118 156 4
145 93 1
133 123 3
194 162 4
186 193 3
22 53 3
121 188 4
134 96 4
119 87 3
61 98 2
37 185 1
159 175 2
25 100 2
186 29 4
78 68 4
33 120 1
64 149 2
133 45 1
67 118 1
119 156 1
135 88 3
90 73 2
150 69 4
28 9 3
143 186 4
96 129 2
54 167 2
129 92 3
9 87 2
60 55 4
144 6 4
153 199 2
141 66 3
141 41 3
11 121 1
25 142 2
3 187 4
92 185 4
163 149 4
129 170 1
74 133 2
115 140 1
113 101 3
31 69 4
194 166 2
124 129 4
77 47 4
3 27 4
172 32 1
36 96 2
190 133 1
94 144 3
62 64 3
91 172 4
157 195 2
50 196 1
123 156 1
73 6 4
14 136 3
46 55 1
10 118 4
53 47 1
170 173 4
195 31 1
153 65 2
77 154 1
18 138 3
75 10 4
23 132 1
184 126 4
158 77 2
190 174 1
127 118 4
159 136 3
194 56 4
193 96 2
99 199 4
114 194 3
89 157 1
131 59 2
65 198 1
35 22 2
54 68 2
44 90 1
185 36 2
196 190 4
10 117 4
161 86 4
162 160 4
158 69 1
112 14 3
21 83 2
122 62 1
67 83 4
111 139 4
103 43 2
112 30 4
166 85 2
114 150 3
147 122 3
81 82 4
159 176 1
65 15 4
166 52 3
58 17 2
199 102 4
72 6 2
25 95 2
116 93 1
59 149 2
24 197 2
107 145 4
161 125 1
192 6 1
149 93 2
198 16 3
73 7 3
152 62 4
140 55 2
117 71 1
30 116 4
73 35 2
127 87 1
95 130 1
62 12 3
129 36 1
177 88 2
169 144 1
6 57 2
91 83 3
44 152 3
46 26 1
186 57 4
96 141 4
139 8 2
107 122 2
89 78 4
85 31 4
169 25 4
199 35 3
89 25 1
133 143 1
144 165 1
93 189 4
120 198 4
181 76 4
121 113 4
65 14 2
138 147 2
174 75 2
185 150 2
48 3 3
101 132 2
86 198 3
32 192 2
79 160 2
99 93 4
98 173 1
74 5 4
30 41 1
143 183 2
88 160 2
192 41 2
78 181 3
68 162 1
154 47 4
56 195 3
47 135 3
74 7 2
87 131 1
42 163 2
131 136 2
38 174 2
53 135 3
34 161 2
35 26 1
138 175 1
25 22 3
98 27 3
178 165 2
92 50 3
164 10 4
93 190 3
160 84 4
127 115 1
72 174 2
142 115 3
36 190 4
65 142 4
31 111 2
56 62 1
183 174 1
20 119 4
19 183 1
38 69 3
166 120 1
185 133 4
191 46 4
130 151 1
5 133 1
138 34 4
123 93 3
110 156 4
43 197 4
172 74 1
125 116 2
48 167 4
176 19 1
142 22 1
92 51 1
164 90 1
71 42 2
186 6 1
95 193 4
105 51 4
157 93 1
32 184 1
145 33 2
79 170 1
82 86 2
157 50 2
42 199 2
10 85 3
166 119 3
161 10 1
89 158 2
177 105 1
88 145 4
97 147 4
180 147 2
27 13 3
149 17 1
177 0 1
66 5 3
121 46 1
166 142 4
46 33 4
22 69 1
74 118 1
199 140 4
101 87 4
158 149 1
190 17 2
84 95 2
122 171 4
68 156 1
149 183 3
140 160 2
44 117 1
189 163 2
156 89 1
122 190 4
41 117 2
162 45 4
40 180 1
160 164 3
154 171 4
44 176 2
50 4 2
5 145 4
135 11 4
179 192 3
88 61 1
1 67 3
188 162 4
107 189 1
32 124 3
73 165 2
60 106 2
173 17 3
34 115 2
129 86 3
152 179 4
145 3 1
108 69 4
17 54 2
52 72 2
123 107 2
83 38 3
72 45 2
154 102 4
173 22 4
80 53 2
109 153 1
136 71 3
84 199 2
88 165 4
16 123 2
117 46 1
16 53 3
186 138 3
65 158 1
3 118 1
188 93 1
39 100 4
124 135 1
59 25 4
106 69 2
149 22 2
45 185 2
73 172 3
50 182 4
119 37 1
149 47 2
197 121 2
174 110 1
81 134 4
15 157 1
36 13 1
113 191 3
60 33 4
9 37 3
74 68 1
46 186 4
122 154 3
120 60 2
114 52 1
121 190 2
47 48 3
120 77 3
146 185 1
61 52 4
24 184 2
73 33 2
168 169 3
150 74 4
22 86 1
129 186 3
169 95 1
192 9 4
143 25 4
77 22 3
177 160 3
170 97 4
148 135 4
37 113 2
115 12 1
129 97 3
185 108 1
175 81 4
53 85 2
43 39 4
193 188 3
31 81 4
160 155 3
108 124 1
182 106 1
12 168 4
155 120 1
183 156 4
41 120 1
66 127 4
126 48 3
74 21 1
190 44 1
74 15 2
24 182 1
116 195 4
118 176 1
112 16 4
167 149 2
191 78 3
3 74 1
194 95 3
120 30 3
199 39 1
151 140 4
93 75 4
28 85 1
128 45 1
103 24 2
189 122 1
52 82 2
164 18 1
9 188 1
25 185 1
173 183 2
27 129 1
82 27 4
164 141 4
144 103 4
163 5 2
58 21 1
88 188 4
60 194 2
185 192 3
5 95 1
44 68 2
152 4 4
109 51 1
133 153 3
101 166 1
121 42 1
184 69 3
181 41 3
157 21 1
33 29 3
31 92 1
188 168 1
17 145 3
153 114 3
102 46 4
13 170 3
88 146 4
34 80 2
197 62 2
19 150 2
172 125 1
29 161 4
190 110 2
157 154 4
83 141 4
93 54 1
123 140 3
56 39 3
116 180 3
139 13 1
79 64 2
95 98 3
8 115 2
114 75 4
153 80 4
131 181 3
39 126 3
65 128 1
5 31 4
148 112 2
98 28 3
10 74 2
103 95 4
31 84 1
144 62 4
95 173 3
19 65 2
140 53 4
101 141 3
57 113 3
130 76 2
6 39 2
133 130 4
162 44 4
55 101 2
198 63 1
73 68 1
180 65 3
63 158 1
129 195 4
40 156 2
35 197 3
79 26 4
4 87 4
131 191 3
175 10 2
10 146 1
110 81 2
145 134 4
130 63 1
77 90 4
129 25 1
127 21 1
97 173 3
40 131 3
55 157 2
54 47 4
189 95 2
49 165 3
70 131 1
15 180 2
148 129 2
20 68 2
169 111 4
16 118 2
166 132 2
46 101 1
60 39 1
36 37 2
196 95 4
193 184 2
149 111 1
152 155 2
136 88 3
145 72 4
91 102 4
155 129 3
100 124 2
188 186 2
50 125 4
166 41 2
154 50 3
93 20 4
140 14 3
189 25 3
174 118 4
133 126 4
82 40 3
20 45 3
91 195 3
161 74 1
66 12 2
149 133 4
170 7 2
21 57 1
61 173 2
188 161 1
153 125 4
176 167 4
148 46 2
95 44 2
138 160 2
129 110 3
85 133 4
5 185 2
20 194 3
50 120 1
35 128 4
117 43 4
120 105 3
45 68 3
121 111 4
108 65 2
97 122 2
104 36 3
12 177 3
127 133 2
192 16 4
161 89 3
179 186 2
81 156 4
180 12 4
120 108 1
154 81 1
58 72 3
136 126 2
175 152 3
166 22 3
107 14 1
194 186 4
194 72 3
6 179 1
161 61 2
48 140 2
141 112 1
199 142 2
185 3 1
37 171 3
36 97 2
80 42 3
20 167 2
33 3 3
181 108 2
115 172 4
131 47 4
78 103 2
15 103 4
159 40 2
69 100 3
157 27 4
117 146 2
105 93 4
156 105 4
49 79 4
58 138 4
50 88 3
123 13 1
168 162 2
90 78 1
99 42 2
114 178 1
148 50 3
13 117 3
160 127 4
78 79 4
99 128 2
36 50 4
132 17 1
90 87 2
171 17 3
185 129 4
182 34 4
10 177 4
53 27 1
125 84 1
167 186 3
10 18 1
128 118 1
129 106 3
20 81 4
63 49 2
66 195 1
197 8 1
140 60 3
163 187 3
76 157 2
95 17 4
93 6 3
199 67 2
59 171 4
39 63 3
133 26 1
51 187 1
98 155 1
105 84 2
126 6 1
145 151 3
2 27 2
133 107 1
160 158 4
26 78 4
28 184 3
130 112 4
78 125 3
25 12 3
61 198 1
179 181 2
154 101 2
31 104 3
4 145 4
46 132 2
72 181 2
43 12 4
31 25 1
112 44 2
5 21 1
37 140 4
72 30 1
115 9 1
18 39 4
174 147 1
191 159 3
105 97 4
120 104 1
80 165 4
197 89 4
183 191 4
62 151 1
96 52 4
141 163 4
150 173 3
117 79 4
52 94 4
55 35 1
199 132 4
198 50 4
11 75 2
36 0 4
57 154 1
121 13 1
175 132 2
116 64 4
100 84 3
108 27 3
144 199 1
53 153 2
151 136 1
7 19 4
5 135 2
111 36 2
28 131 3
10 59 4
13 19 3
11 82 2
121 32 3
151 138 1
180 57 2
73 25 2
191 160 2
44 124 1
179 53 2
93 171 1
102 94 3
5 177 1
23 69 3
131 73 2
5 51 1
7 94 3
196 56 2
55 52 2
124 162 2
41 64 3
116 196 1
65 124 1
109 149 1
17 31 2
132 159 4
178 39 1
45 119 2
97 74 4
113 149 3
88 22 4
111 55 2
34 15 4
96 74 4
165 139 4
63 66 1
88 11 4
13 1 3
197 152 3
78 198 1
50 103 4
39 181 3
50 73 3
44 159 3
139 55 2
148 95 3
72 11 2
17 68 2
43 80 3
151 61 4
92 109 4
89 121 4
119 195 1
123 17 1
123 44 1
98 70 1
10 17 3
1 94 4
157 13 2
198 99 2
75 119 4
183 18 4
59 92 3
186 168 2
144 66 1
160 167 3
130 42 4
103 12 4
112 76 1
52 120 1
103 49 4
186 40 4
40 145 1
33 149 1
58 165 3
110 169 3
134 58 3
109 146 4
82 0 3
56 146 2
87 186 4
150 147 4
107 79 3
108 91 3
167 143 1
69 181 3
117 127 3
89 132 2
75 120 4
128 132 4
30 99 1
46 162 1
192 181 4
95 90 2
92 93 1
58 50 1
101 142 4
92 90 2
97 169 1
164 146 2
15 114 4
170 152 4
85 136 1
199 1 3
151 94 2
184 130 1
68 163 2
92 83 4
95 13 2
27 17 3
77 55 4
16 58 1
149 126 1
47 21 3
17 96 1
123 194 3
118 31 2
78 117 2
152 180 1
17 13 2
173 78 3
5 56 4
198 41 1
85 11 3
6 162 4
170 6 3
189 20 4
34 1 2
128 117 2
168 93 3
134 75 1
42 141 2
169 173 2
103 132 3
30 172 1
96 65 1
144 72 3
21 126 1
159 25 4
20 16 1
137 118 2
111 147 2
197 170 3
33 185 4
45 27 4
152 90 4
169 3 3
116 86 1
147 108 1
197 67 3
56 199 3
169 86 2
184 22 3
64 194 4
14 9 3
46 91 1
7 95 3
48 65 3
98 174 2
20 143 3
133 118 2
82 138 4
2 132 2
146 174 3
109 135 3
68 13 4
71 20 3
34 89 3
168 52 3
91 119 1
137 189 1
126 188 3
106 86 4
101 135 4
164 191 2
8 21 1
71 122 1
35 57 1
12 80 2
49 105 1
111 35 4
21 92 4
103 110 2
190 94 1
135 96 1
7 198 2
190 87 1
191 26 4
189 73 1
178 67 2
26 145 2
2 30 3
76 120 1
127 59 4
158 165 4
88 51 3
181 101 2
101 131 3
163 190 3
64 17 3
114 195 3
66 174 4
152 74 3
195 102 2
194 103 1
2 141 2
100 152 4
116 98 3
5 195 4
99 33 2
32 114 4
160 104 1
40 101 1
25 125 4
180 134 3
136 64 3
108 19 1
132 106 2
75 170 3
90 195 1
94 10 1
199 147 2
23 98 4
50 66 2
84 197 2
193 104 4
89 87 1
98 5 2
70 90 4
182 69 4
147 112 1
153 145 3
136 9 4
38 154 4
57 53 4
85 49 2
167 152 4
67 88 1
125 4 1
35 76 4
113 85 2
100 23 2
52 2 3
23 125 1
146 6 1
81 33 2
25 103 4
93 129 4
30 111 2
43 134 3
99 21 2
36 8 4
100 43 4
81 89 4
180 139 3
58 92 2
48 12 4
157 192 3
59 67 2
105 185 2
107 168 2
198 91 2
174 158 1
9 185 3
50 133 2
12 7 2
41 37 4
137 54 4
45 167 2
175 167 1
178 35 3
96 54 4
107 0 2
143 137 3
125 131 1
95 156 1
115 15 1
141 168 2
80 28 3
185 41 3
195 108 1
182 96 1
49 48 4
119 129 2
35 75 3
133 162 1
118 43 3
33 141 3
129 180 1
71 36 1
68 104 4
108 29 3
75 89 4
4 41 1
57 108 1
124 31 3
110 55 1
65 114 4
183 139 2
121 139 2
0 62 1
102 69 4
175 169 3
81 125 4
23 27 2
1 57 1
143 6 1
37 91 2
63 64 1
87 36 4
6 182 1
133 67 4
40 6 1
45 50 1
83 28 2
183 74 3
13 31 2
42 54 3
84 59 2
53 170 2
142 130 1
97 1 1
31 43 4
158 116 3
46 114 3
68 187 4
39 119 4
66 22 1
82 71 2
28 40 1
194 102 2
187 122 3
89 48 2
117 66 2
143 72 3
117 192 3
72 162 4
196 75 2
72 123 1
171 31 2
39 190 1
194 143 4
162 10 1
194 125 1
84 142 1
147 64 1
83 71 3
72 38 3
171 151 2
112 144 3
81 63 4
176 128 3
129 104 2
150 4 2
143 38 1
69 9 4
96 133 3
192 177 3
8 183 2
162 141 4
77 196 2
124 128 4
32 41 4
116 151 4
183 127 4
87 124 3
185 110 3
162 82 2
33 4 4
73 120 1
100 199 2
118 47 4
158 87 2
22 143 2
97 35 4
136 191 2
175 189 1
115 131 4
173 14 3
187 170 3
190 159 1
73 12 1
38 141 2
105 136 4
145 186 1
133 174 1
104 26 1
32 38 4
13 96 3
198 167 3
164 105 1
114 61 1
72 40 3
152 113 3
129 11 4
160 15 4
91 77 2
188 138 4
105 39 3
77 174 2
27 195 4
138 164 4
62 180 3
33 92 1
47 144 3
113 75 3
159 139 4
79 165 3
48 198 1
141 9 3
183 125 3
37 69 1
153 175 3
119 139 3
99 91 2
71 14 3
179 0 2
188 3 4
144 185 1
121 154 2
164 73 2
40 158 4
109 63 4
97 163 3
86 137 1
189 144 4
110 105 4
4 134 3
12 116 4
15 172 3
25 126 2
186 83 4
153 81 3
61 49 4
189 47 2
150 168 4
109 110 1
10 185 3
135 77 2
99 66 4
168 63 3
178 86 2
48 194 2
102 131 4
173 1 2
45 169 4
132 155 3
106 42 1
29 143 4
179 80 4
81 143 3
82 45 4
186 71 1
155 71 2
51 153 4
55 180 3
119 175 4
34 174 4
136 82 1
76 27 4
64 95 3
194 42 3
7 25 4
72 95 4
71 81 2
5 158 1
107 108 1
145 169 3
33 119 2
104 46 2
123 149 4
39 168 4
97 185 4
37 111 3
108 163 2
82 105 3
165 78 1
172 150 3
72 136 1
159 155 2
35 123 2
88 140 3
32 110 2
119 151 4
63 35 3
63 8 4
67 123 1
22 155 4
29 46 3
84 135 4
34 176 1
29 190 3
111 197 1
112 72 1
169 101 4
141 13 4
41 56 1
46 58 4
130 13 3
129 23 3
154 110 1
155 147 4
120 72 2
17 0 1
11 171 4
192 57 1
46 149 4
128 34 3
176 144 4
140 10 4
123 89 2
13 45 3
171 2 1
144 84 1
82 109 3
136 73 3
127 195 4
23 155 4
48 41 2
41 86 1
68 117 3
36 84 1
188 154 1
123 122 2
151 195 2
144 149 2
88 197 1
193 8 3
141 64 3
61 40 4
64 132 4
172 21 4
26 70 4
32 3 3
3 108 1
131 49 4
156 82 4
81 176 3
194 187 3
141 169 2
60 167 4
131 52 3
167 192 3
185 42 1
173 28 4
142 74 1
