4975 200
0 70 8
70 119 4
119 5 8
0 197 1
119 28 4
0 72 9
119 47 2
119 114 9
114 24 8
72 25 2
5 34 5
114 89 2
24 108 7
119 116 1
47 32 9
24 69 1
28 57 4
25 50 9
25 115 5
69 125 6
0 66 2
125 42 7
116 44 5
42 166 6
69 141 9
24 80 9
5 62 3
115 135 3
80 176 6
141 13 7
0 196 1
13 29 7
13 178 1
34 193 8
72 140 7
62 8 7
166 147 6
166 27 1
62 81 7
147 150 5
80 97 7
150 144 2
47 6 8
196 172 7
25 146 7
196 33 2
196 67 7
119 9 8
172 86 7
13 11 2
11 38 3
116 64 1
115 131 7
6 73 5
115 121 2
50 112 6
147 40 9
86 122 2
114 93 6
66 4 8
66 173 7
178 118 2
33 102 7
11 22 5
13 129 7
97 58 5
93 168 5
147 156 7
115 189 8
112 91 8
4 43 1
80 180 1
141 187 7
70 101 3
131 107 6
156 153 5
172 30 3
156 175 2
5 56 8
62 167 7
131 65 9
147 111 1
67 63 7
129 82 6
166 160 9
50 99 1
160 106 5
11 165 4
64 51 6
102 35 7
189 183 9
125 139 4
119 145 1
67 194 8
146 138 5
86 130 8
56 105 6
141 74 6
43 31 6
56 164 5
130 10 8
141 2 5
47 137 1
35 163 9
141 152 8
144 85 6
85 61 5
65 195 6
27 83 3
32 59 9
168 71 9
194 134 8
8 110 4
91 154 7
74 12 3
80 123 7
29 149 9
40 79 8
73 26 2
140 1 6
4 177 4
66 84 3
125 54 1
101 198 5
50 124 7
40 46 6
167 60 5
54 3 1
72 37 5
168 16 9
27 133 9
112 55 4
112 192 2
107 78 4
133 49 6
118 185 2
99 170 9
1 158 5
172 23 8
137 100 3
149 104 2
60 45 9
34 18 1
119 128 5
49 41 4
82 127 4
135 109 8
150 75 4
192 182 8
150 188 7
73 190 9
57 88 2
51 96 7
64 169 1
124 103 2
97 191 6
32 179 1
51 48 8
64 53 4
2 98 7
43 76 2
153 155 8
5 36 4
135 148 8
124 92 8
0 95 2
109 181 4
106 52 4
28 90 9
81 174 7
10 159 8
147 151 9
187 199 1
135 87 4
104 39 8
70 21 4
144 77 1
191 162 4
180 14 6
159 15 2
148 94 9
111 7 1
180 20 4
187 171 3
196 17 1
1 186 7
77 184 2
42 19 5
155 126 9
66 117 6
163 113 3
168 157 6
4 143 4
116 136 3
170 132 4
176 68 4
115 161 5
68 142 1
63 120 9
166 143 1
197 91 1
73 85 3
16 86 3
104 192 3
195 63 2
153 14 1
174 66 2
39 105 3
38 106 3
22 132 1
182 154 4
2 195 4
124 35 1
16 113 2
160 124 1
125 33 2
188 14 1
16 117 3
137 28 2
6 86 4
103 148 1
29 67 2
168 13 1
35 148 4
184 82 1
40 51 2
15 189 4
77 49 4
131 166 1
170 167 3
93 182 3
9 86 2
3 132 4
22 134 1
66 112 2
3 41 3
81 49 3
122 59 2
107 160 3
13 10 2
109 176 3
123 69 3
3 138 3
134 116 4
22 15 3
100 180 4
192 64 4
52 173 4
137 35 3
191 157 2
184 145 3
45 174 1
24 95 1
156 180 3
146 152 4
174 68 4
129 51 4
104 139 1
65 173 3
48 191 3
85 1 2
71 198 1
90 140 1
174 51 4
178 140 2
99 25 1
196 96 2
173 89 3
145 105 1
121 146 4
142 70 1
127 108 1
39 35 2
108 132 4
141 23 2
80 149 2
122 95 1
100 50 3
152 155 4
166 196 4
98 75 4
119 152 4
114 187 2
140 67 4
142 143 4
80 177 3
89 180 1
91 165 4
42 74 4
61 120 3
70 50 1
16 111 4
141 145 4
138 33 2
197 158 1
7 18 4
86 156 2
29 136 2
141 111 4
77 112 3
120 109 4
98 56 3
57 99 1
183 77 4
178 189 4
125 76 3
17 127 2
132 113 4
42 43 2
17 37 2
19 178 3
150 58 3
168 21 1
60 195 1
134 7 3
55 177 4
125 137 4
72 164 2
90 141 4
18 41 2
48 73 3
77 38 3
31 124 1
174 30 3
65 143 1
194 4 4
130 57 4
177 142 3
1 192 4
19 0 4
15 174 2
89 188 2
172 115 2
22 168 1
46 144 4
19 194 2
140 118 4
43 109 3
22 88 1
22 66 3
19 34 3
181 121 1
180 97 1
66 139 1
129 80 1
10 53 3
23 138 2
135 147 1
126 131 1
96 52 4
167 108 2
134 30 2
27 23 3
12 146 4
158 28 3
175 27 4
25 124 3
19 142 1
23 190 3
79 66 2
12 117 1
60 81 4
104 67 2
122 139 2
148 56 3
187 181 4
61 22 1
114 53 3
92 16 2
133 148 4
146 18 4
176 113 2
101 5 3
150 128 4
20 22 1
148 159 3
180 161 3
65 55 1
166 114 4
32 85 2
80 118 1
181 124 1
147 136 2
185 84 3
183 40 3
134 122 1
147 78 2
41 143 1
157 131 1
164 43 1
97 75 1
146 68 1
4 169 3
34 122 2
188 74 2
194 127 1
44 127 1
14 124 3
2 160 4
82 182 1
152 189 4
30 5 3
62 100 3
153 163 3
5 90 3
183 56 2
47 30 1
173 154 1
43 55 1
94 172 2
199 177 1
17 71 2
8 93 3
50 171 3
76 155 3
108 110 1
5 75 1
8 75 1
50 43 1
137 179 2
42 163 2
26 148 3
43 73 2
83 13 1
87 159 3
56 127 1
105 72 4
70 124 1
138 139 4
8 85 4
25 19 4
67 57 4
16 77 1
162 42 2
79 164 4
46 2 2
76 86 3
107 3 3
129 118 2
174 106 3
75 146 3
184 98 2
102 39 3
29 73 3
31 190 3
198 55 4
37 147 4
78 125 1
104 29 4
143 104 4
62 190 3
146 26 2
8 38 2
101 178 3
48 2 4
185 125 3
196 123 3
39 90 2
26 167 2
95 31 4
123 117 1
125 88 2
65 35 4
147 94 3
162 93 3
114 150 3
76 126 4
191 137 2
13 146 2
112 113 1
44 54 2
11 151 2
155 124 4
18 121 4
70 153 1
96 49 2
195 22 1
34 160 1
36 132 4
150 149 4
64 35 3
139 83 3
64 176 1
23 74 4
5 130 1
104 87 3
61 162 2
100 90 3
15 36 4
27 176 2
129 53 4
46 78 3
38 165 3
198 97 2
47 51 1
165 124 4
53 140 4
110 189 1
14 46 4
114 36 2
139 184 2
126 57 4
197 112 1
169 71 2
4 120 3
52 14 1
76 117 1
72 160 1
118 126 2
183 121 3
89 35 1
77 6 1
140 18 3
79 171 4
118 11 1
102 53 3
24 15 4
145 54 2
49 62 2
80 68 4
91 198 1
174 1 4
179 63 3
183 140 1
196 85 3
57 141 3
160 12 3
133 47 4
27 8 1
171 131 1
68 138 2
45 139 1
49 3 3
138 13 1
168 79 4
16 142 1
115 82 4
47 109 4
147 26 4
86 47 1
57 152 3
20 99 4
125 156 2
195 12 3
15 195 2
50 7 4
8 133 2
23 198 1
91 89 1
63 123 3
151 72 4
191 77 3
2 24 2
167 67 1
140 194 2
186 13 1
180 0 2
1 101 1
159 133 1
49 73 3
91 93 2
157 122 1
124 101 1
114 189 1
56 17 4
179 33 2
105 148 4
116 29 1
46 47 1
177 192 2
122 144 4
194 168 2
162 4 4
174 185 2
0 161 1
145 79 3
46 9 1
15 102 1
181 30 4
57 120 4
29 69 4
188 22 2
138 27 1
111 8 4
85 91 4
26 42 4
75 132 4
172 150 4
13 101 4
20 192 3
1 90 4
103 81 3
19 172 1
24 110 2
70 88 1
44 30 1
88 60 3
51 171 3
192 197 4
72 63 2
138 71 3
113 139 2
171 123 2
116 124 3
170 163 1
133 91 2
54 66 1
29 87 2
143 8 2
114 31 3
182 0 1
64 1 3
146 168 3
23 145 1
159 7 3
80 21 1
190 80 3
97 136 2
164 106 1
198 10 3
89 193 1
188 104 4
135 175 2
155 161 3
77 4 3
138 57 2
44 194 3
1 115 3
46 0 3
193 40 1
77 10 2
8 137 2
100 39 4
164 156 3
7 70 1
16 179 1
123 199 4
6 147 1
112 15 4
188 121 2
150 142 2
171 88 1
106 109 4
55 80 2
118 41 1
41 44 2
175 86 4
170 79 2
8 90 1
183 142 1
118 43 2
156 67 1
19 127 4
161 123 4
197 64 4
119 81 3
127 78 2
7 125 4
143 24 3
107 182 2
196 107 1
157 68 2
129 119 1
169 189 4
120 127 4
161 132 2
57 21 4
43 115 1
73 33 2
29 65 2
17 158 4
177 88 1
61 165 3
18 72 2
89 36 3
135 65 3
168 76 3
35 24 2
67 144 4
168 127 1
73 199 3
177 120 4
108 142 3
165 56 1
54 136 4
13 51 1
111 119 2
147 134 3
76 35 1
199 184 1
92 171 4
110 129 3
184 1 3
42 122 4
104 132 3
187 154 1
120 91 2
176 95 4
79 185 3
46 60 4
77 2 3
136 78 1
157 120 3
145 126 1
94 176 1
103 98 2
173 179 4
8 24 2
151 141 3
107 25 3
89 63 1
53 41 2
23 47 4
176 124 1
95 9 1
67 189 2
46 171 2
42 51 3
197 128 3
44 95 1
146 23 4
117 49 2
59 6 4
16 114 1
167 178 4
154 145 1
22 56 2
128 151 1
99 27 4
147 100 3
115 166 3
124 7 3
152 69 1
70 36 3
151 54 1
85 37 3
66 78 1
25 1 2
39 133 2
170 60 1
156 106 4
25 187 1
16 82 3
187 31 4
60 58 3
126 114 1
84 130 1
162 194 2
106 75 1
174 93 4
161 137 2
118 145 3
62 89 2
174 121 1
34 37 4
148 180 4
14 130 4
146 83 1
14 41 4
142 98 4
14 65 1
199 94 1
65 26 1
41 87 1
156 113 4
46 113 4
171 27 3
87 73 4
196 34 1
26 0 1
173 121 1
75 48 3
158 104 2
97 147 3
137 181 3
93 170 4
39 154 3
50 38 3
91 17 4
134 59 1
50 24 4
107 115 3
196 148 2
98 13 3
152 7 3
86 90 2
155 138 1
130 112 4
95 87 2
190 169 1
78 50 2
178 16 4
131 4 1
139 68 3
168 193 2
63 55 1
17 53 1
6 184 4
20 101 2
127 123 2
117 14 1
172 112 1
197 172 2
146 162 2
62 71 1
148 60 1
129 198 4
132 15 1
173 93 3
41 15 1
90 0 2
34 91 1
127 157 1
154 160 3
186 113 3
165 14 4
128 25 2
36 11 1
14 150 4
111 6 3
93 84 1
170 53 1
67 83 2
48 114 3
44 143 4
20 85 1
183 161 2
155 24 3
166 15 1
113 160 3
79 10 2
87 146 2
13 92 4
88 94 4
104 134 1
120 1 4
191 168 2
108 136 2
192 47 2
66 178 3
34 66 1
182 187 1
74 71 3
24 139 1
148 12 1
105 1 1
38 132 1
193 82 4
114 64 4
124 138 1
23 143 3
145 120 4
89 143 4
88 93 3
34 152 2
199 116 2
182 40 1
103 128 2
127 3 4
61 77 3
147 85 3
131 197 4
20 27 2
56 4 4
162 69 2
142 18 4
122 143 3
70 104 4
88 102 3
110 38 2
12 138 4
185 37 4
103 78 3
177 40 4
98 130 3
181 1 3
102 48 3
121 111 1
35 57 4
20 81 4
98 43 3
78 193 3
142 31 4
186 107 3
5 150 1
11 29 3
60 52 2
139 31 1
120 74 3
42 77 2
148 188 3
150 88 1
141 70 3
28 64 2
77 148 2
178 1 2
162 39 2
119 45 1
98 181 4
32 37 1
20 16 1
33 100 2
117 50 1
197 160 1
133 167 2
79 4 2
29 198 3
40 169 4
75 77 4
178 139 4
102 29 1
25 138 4
59 184 2
8 5 4
13 89 2
27 22 3
34 59 3
102 1 3
63 52 2
19 136 3
197 66 1
14 137 2
56 63 2
97 29 1
14 115 1
77 96 1
10 76 4
60 103 2
129 195 3
184 132 3
187 98 1
9 100 1
186 132 1
77 68 4
94 113 2
194 161 3
117 6 2
159 147 2
191 68 4
143 25 1
5 160 4
144 189 3
70 76 1
57 106 1
155 177 2
98 126 4
148 98 4
194 173 3
187 7 4
9 130 1
182 152 2
99 72 1
53 121 4
106 137 1
119 78 4
87 136 3
164 169 4
32 105 2
4 23 2
102 89 3
190 156 4
30 164 2
180 35 1
31 64 1
176 167 2
82 126 1
136 44 1
50 49 3
35 54 2
62 74 1
168 101 1
77 139 4
159 78 2
36 60 2
154 124 3
49 179 1
42 15 2
25 183 3
184 62 2
104 89 4
151 176 3
23 175 2
66 147 4
109 90 2
23 9 3
173 0 1
7 171 1
136 185 1
18 185 4
124 71 1
25 11 4
162 13 4
112 139 3
38 179 1
114 68 1
72 115 4
63 157 4
161 129 1
28 49 1
199 167 2
4 151 3
30 186 3
39 99 4
112 37 1
135 53 2
86 164 4
134 176 4
157 149 2
152 175 4
161 12 4
93 190 1
74 92 2
193 96 4
132 20 4
29 72 1
19 146 1
6 141 4
123 50 3
126 1 2
36 91 4
22 158 4
17 32 3
131 189 1
81 11 4
182 77 3
152 71 1
123 157 3
179 9 3
181 195 4
134 42 1
167 47 3
199 43 3
110 177 1
174 107 4
44 162 4
103 104 3
59 82 3
116 185 2
50 29 4
48 116 1
41 133 2
47 67 1
46 30 4
58 192 1
155 84 3
29 113 2
185 158 3
107 109 4
179 10 4
11 102 1
166 4 3
175 167 1
51 115 1
60 189 2
78 165 2
189 54 2
90 128 1
73 189 2
83 29 1
13 18 3
102 110 2
110 111 4
165 32 3
69 87 1
32 24 3
184 136 4
186 0 3
44 112 2
85 97 1
2 22 2
94 28 3
67 10 1
63 126 2
40 47 4
88 157 3
46 125 3
148 82 4
193 195 1
6 51 1
41 8 3
166 79 3
125 45 1
92 151 3
33 101 3
104 69 2
46 181 4
40 16 2
188 125 4
57 181 3
23 144 1
46 73 2
32 187 3
127 42 4
118 93 3
8 193 3
156 5 3
133 178 2
43 39 3
144 32 1
90 3 2
197 177 4
12 167 4
58 84 4
111 125 3
61 106 2
173 104 1
28 81 3
83 163 3
120 47 2
52 119 3
127 50 2
75 6 3
54 23 3
106 66 1
71 47 1
99 130 3
45 124 2
100 165 3
48 71 2
12 93 3
181 120 4
54 162 2
87 17 3
114 76 1
116 113 1
124 119 1
10 17 2
168 8 4
21 26 3
118 64 1
28 111 4
5 168 3
41 110 4
64 131 3
101 196 4
43 124 3
49 134 3
116 96 2
90 189 2
62 41 2
6 41 4
139 23 1
58 137 1
60 197 2
116 125 1
30 175 3
23 11 4
65 185 1
16 10 4
106 83 3
49 36 2
103 4 3
3 91 1
121 87 4
105 104 2
3 99 1
76 144 3
32 75 1
46 87 3
117 104 4
151 135 3
166 112 1
119 86 1
112 86 4
86 8 3
147 64 4
110 90 1
135 90 3
107 149 3
75 169 1
46 54 2
99 165 1
171 95 2
25 61 2
169 118 3
66 77 2
21 85 4
193 85 4
54 32 4
65 175 1
125 39 3
198 18 1
17 155 3
9 109 2
157 19 1
189 56 2
69 151 1
107 198 4
87 86 4
182 74 4
43 130 3
160 84 2
32 177 3
11 174 3
17 119 3
84 56 4
86 191 3
84 49 2
94 11 3
194 60 2
135 59 4
125 63 3
148 114 1
14 59 2
13 33 2
156 14 4
120 178 4
173 22 3
19 187 2
139 85 2
78 27 3
79 99 4
18 129 2
89 195 3
95 181 3
37 142 1
145 78 4
105 36 1
96 156 4
106 87 4
17 105 4
20 30 2
53 157 1
136 176 2
111 191 3
102 69 3
128 188 4
153 100 3
89 172 2
190 114 4
25 93 3
104 146 4
61 94 3
61 197 1
188 93 2
197 31 2
129 87 2
82 58 3
16 6 4
10 9 1
86 153 4
143 179 1
157 30 2
194 106 4
174 48 1
161 170 4
180 194 1
2 124 2
50 114 4
10 166 1
57 8 1
25 153 3
165 149 2
147 183 1
100 159 4
182 13 2
58 0 2
150 163 2
162 41 1
10 3 1
54 195 4
56 59 1
138 157 1
190 174 1
32 184 4
40 161 2
82 109 3
27 182 3
111 3 3
41 77 3
96 115 2
164 97 3
77 47 4
115 129 1
173 81 1
104 31 4
185 22 1
49 109 3
184 17 4
165 145 2
90 69 1
130 196 3
178 91 2
80 10 3
42 24 2
175 34 1
29 127 4
151 172 3
52 128 4
4 48 4
153 94 2
70 53 1
113 20 4
113 138 4
176 74 1
27 104 4
181 76 4
32 74 1
59 90 2
32 192 4
142 197 3
44 184 1
168 162 2
54 41 2
167 24 1
131 70 4
129 113 3
190 60 1
115 128 2
31 143 4
156 160 2
192 78 2
56 108 4
10 43 2
135 189 3
80 133 4
79 169 1
5 38 2
122 51 2
12 51 1
119 87 1
160 51 1
78 197 4
190 185 2
86 173 1
134 82 2
55 164 3
155 134 4
170 136 1
71 176 4
153 168 3
120 126 1
170 45 2
117 145 4
27 37 3
90 169 4
103 182 3
101 51 4
181 78 4
151 88 2
178 87 4
76 112 3
75 39 3
136 98 1
120 136 1
123 175 1
121 15 3
39 183 2
5 116 3
95 162 2
45 34 1
3 148 3
174 135 1
68 42 3
76 150 4
47 195 2
161 48 1
38 74 2
102 8 2
134 15 1
87 51 1
4 152 2
80 25 4
64 142 1
77 55 2
152 186 4
165 158 3
25 90 3
165 66 3
77 43 1
155 68 1
176 165 1
33 77 1
4 193 1
36 9 1
54 134 1
64 111 4
166 128 3
150 39 3
179 43 3
193 189 1
25 48 2
152 14 3
155 119 4
76 131 3
4 40 1
22 47 3
138 148 1
169 171 2
121 32 4
64 113 4
79 189 4
58 170 4
132 157 3
199 105 2
23 155 1
46 186 1
189 154 4
85 159 2
123 54 3
88 155 2
112 126 4
83 52 1
120 199 2
139 96 3
144 74 1
19 8 1
30 129 4
21 46 2
51 114 4
100 172 4
28 44 3
13 191 4
9 123 1
162 109 1
14 149 2
157 96 3
110 103 4
22 70 2
60 70 4
28 113 3
55 18 2
16 175 2
15 116 1
6 168 4
190 139 2
97 109 2
7 1 4
109 116 4
109 140 3
188 62 1
175 196 2
169 25 1
140 126 4
31 130 1
154 126 2
139 69 1
123 40 1
110 48 2
128 70 1
188 55 1
178 58 4
164 197 4
37 104 4
123 95 1
124 40 3
117 25 1
112 138 3
104 124 1
74 140 4
141 149 1
199 196 2
78 40 2
154 56 3
0 17 3
26 70 2
157 101 3
195 64 1
161 102 4
97 48 4
130 59 2
104 9 1
4 135 1
18 40 1
170 111 1
19 83 3
2 158 2
144 143 2
190 177 2
169 173 1
143 61 1
83 156 4
116 177 2
139 173 4
139 121 3
155 118 2
44 14 3
31 159 4
67 184 1
84 135 2
178 105 3
74 8 1
108 97 3
164 61 1
12 71 1
111 138 2
90 12 2
151 19 3
176 145 2
35 83 2
25 32 1
110 20 4
64 132 4
135 96 2
39 185 1
161 84 1
92 43 2
86 91 3
132 83 1
161 186 1
49 196 2
3 174 1
46 197 1
28 39 2
89 152 1
77 170 4
71 43 1
166 49 3
28 56 3
158 46 1
70 17 1
195 101 1
68 1 4
105 151 3
114 194 1
9 78 2
92 11 4
194 31 1
89 148 1
117 139 1
3 5 1
105 23 4
34 188 1
134 167 2
4 153 3
11 64 4
145 71 3
197 168 1
101 109 1
55 62 4
33 5 2
161 105 3
169 144 4
50 158 1
110 190 1
90 162 3
151 34 4
134 157 4
94 185 4
22 24 4
181 108 3
82 43 4
55 109 2
189 47 2
41 17 2
115 114 2
103 108 3
183 154 2
117 158 3
60 98 4
81 131 1
185 108 3
100 11 4
31 170 1
94 140 3
37 14 4
178 161 1
86 27 1
67 49 1
49 71 4
126 101 2
151 85 3
156 64 2
35 151 3
89 153 3
17 1 2
145 196 2
54 34 1
60 83 2
183 163 2
172 113 2
77 150 1
68 131 1
116 65 3
130 21 2
19 10 3
125 134 3
154 5 1
43 185 2
8 180 2
139 58 3
32 29 2
199 69 1
122 120 1
19 129 4
143 163 1
126 45 4
127 187 4
0 183 3
168 113 4
113 5 2
123 125 2
58 183 3
115 78 2
39 174 2
179 64 3
30 38 1
61 17 2
0 29 1
124 38 3
13 7 4
43 29 1
55 148 1
19 104 3
64 145 3
123 58 2
198 108 4
137 52 4
169 154 2
91 119 2
138 152 2
24 197 3
74 171 2
172 22 4
52 33 3
120 12 4
57 110 4
77 73 4
10 187 1
93 126 4
177 37 1
113 70 1
186 182 3
37 59 4
0 11 4
199 30 1
195 139 4
81 193 2
50 89 3
72 67 2
153 177 2
75 158 3
112 140 4
60 161 4
197 199 2
150 167 4
91 25 4
164 98 1
156 162 4
168 25 1
62 182 1
170 168 1
146 81 4
63 166 4
76 139 3
162 198 4
186 48 2
93 109 4
87 165 2
140 147 2
131 86 1
62 122 1
9 124 2
80 44 2
29 16 2
98 18 1
171 48 1
130 143 3
17 165 3
113 19 4
85 195 1
21 127 2
16 31 2
49 107 4
50 159 3
131 38 2
111 148 4
154 51 2
68 120 1
14 92 4
151 17 2
31 35 1
131 195 4
168 33 1
115 74 4
27 134 3
85 66 4
132 88 4
65 89 3
141 136 2
161 22 2
140 188 4
91 6 4
82 160 2
18 42 2
121 83 2
74 51 4
79 165 1
195 172 3
175 126 1
95 153 3
4 36 4
32 95 3
15 29 3
74 67 3
80 167 1
62 16 1
126 105 1
25 43 2
147 10 2
120 125 4
112 83 1
169 101 3
34 10 1
92 169 3
63 16 4
121 2 3
37 139 4
189 129 1
136 71 3
107 167 3
35 153 3
54 104 4
13 67 4
127 118 1
62 37 1
61 57 4
37 91 3
50 12 1
180 48 4
134 64 4
68 158 3
125 26 1
165 175 4
68 188 4
90 172 1
26 124 3
96 179 1
51 7 3
84 156 3
40 196 2
151 122 1
119 59 4
62 92 4
171 125 1
82 8 4
141 75 2
94 16 3
169 73 4
73 177 4
36 181 1
96 173 1
189 75 3
146 105 3
5 23 4
107 130 4
16 135 3
158 54 1
88 145 3
96 141 1
80 5 4
144 93 4
49 136 2
78 95 2
147 28 4
36 68 2
21 118 3
187 188 2
191 118 3
38 102 1
49 193 4
83 26 2
14 103 1
67 21 4
82 88 4
21 166 1
129 199 1
110 69 4
47 171 1
46 138 2
172 165 3
42 86 4
27 135 3
196 168 2
194 135 1
9 151 3
144 41 3
128 198 1
111 20 4
61 168 4
76 97 4
94 190 3
23 178 4
68 124 3
34 22 4
154 155 1
21 164 1
72 150 4
64 172 2
147 5 1
152 118 3
146 110 1
145 55 2
12 185 4
40 77 4
47 186 3
176 75 2
26 119 4
76 137 1
112 149 3
188 133 3
159 143 4
111 122 3
39 80 1
43 113 2
59 155 1
161 196 3
83 116 1
135 25 3
151 71 3
70 64 2
159 70 2
104 152 4
11 84 2
85 30 4
163 157 1
20 126 2
57 157 3
16 192 2
78 149 4
63 30 2
34 121 4
175 24 4
8 103 2
14 21 2
158 138 2
61 72 2
39 98 1
121 190 4
83 82 4
183 64 4
164 187 4
128 117 2
29 129 1
80 108 3
175 160 4
55 160 2
84 113 3
118 7 1
88 176 2
56 199 4
117 172 2
162 124 1
72 136 3
190 36 4
150 22 4
53 146 1
121 151 3
85 55 1
49 97 4
165 164 4
54 198 1
93 129 4
167 124 3
78 132 4
192 139 4
179 124 3
193 141 4
64 129 4
25 41 3
20 4 2
30 89 2
85 187 2
33 70 1
195 176 2
82 165 1
60 135 4
0 56 4
186 191 1
167 174 4
61 88 1
168 124 2
187 177 3
93 119 3
163 97 4
169 124 1
38 0 4
141 52 4
183 59 1
95 68 1
17 163 4
114 72 2
75 50 1
2 32 1
193 68 2
195 153 1
143 146 4
87 64 1
122 172 1
137 162 4
166 109 3
176 23 2
83 99 4
76 178 3
47 62 1
6 42 2
157 167 1
26 117 3
96 73 2
197 57 4
141 50 2
106 94 3
13 111 2
169 160 3
131 27 2
183 114 1
4 26 4
182 34 1
166 39 2
172 198 2
115 71 1
103 160 4
19 62 1
189 145 2
92 90 4
12 49 2
46 160 3
72 180 3
132 115 4
57 85 2
114 77 2
88 19 3
99 74 2
93 161 2
127 190 1
174 10 4
48 79 1
198 30 2
69 119 1
108 199 3
45 6 2
163 7 1
69 56 2
101 133 1
179 103 4
27 151 3
167 198 3
143 153 3
113 59 3
62 40 1
121 163 1
2 99 2
114 10 3
74 127 2
100 121 1
102 2 1
79 140 2
173 166 4
115 148 1
96 102 3
142 7 2
76 138 1
150 110 1
137 150 1
161 108 4
22 94 1
50 80 4
136 142 3
86 62 3
185 104 1
146 51 3
83 105 2
111 176 3
123 115 3
159 98 3
112 119 3
53 80 2
62 72 2
94 23 1
85 120 4
82 17 4
124 112 3
163 92 1
80 198 2
172 9 2
195 183 3
190 25 1
135 120 2
162 150 1
171 135 2
122 0 4
69 153 2
92 22 4
189 77 1
108 4 2
61 80 4
156 43 3
182 110 1
129 24 1
29 126 2
73 198 4
175 81 2
25 69 1
80 191 2
115 79 2
199 14 4
169 107 3
89 131 2
182 139 4
88 0 1
65 186 3
70 96 3
154 37 2
143 199 4
195 173 3
13 175 4
73 24 3
26 131 2
21 36 3
142 162 3
45 148 3
79 81 2
141 77 4
50 66 4
85 101 1
183 30 2
75 73 3
176 191 1
187 100 1
197 182 4
161 157 3
154 55 2
186 84 2
85 0 1
85 191 2
76 107 3
82 3 4
65 188 2
16 136 3
89 86 4
145 53 3
136 138 3
180 51 2
28 89 3
4 38 3
198 13 3
47 179 3
7 169 4
46 55 2
196 72 4
186 140 3
177 48 3
71 4 1
177 103 4
107 119 1
118 63 4
63 37 2
192 188 3
139 123 3
60 51 4
35 48 4
74 37 2
186 83 2
78 2 1
8 96 4
129 36 2
84 5 1
81 121 1
112 103 1
33 176 2
43 19 3
54 77 2
97 65 4
73 114 2
15 168 1
126 135 2
199 164 1
147 187 4
91 69 3
135 77 4
96 103 3
88 181 1
35 29 3
171 147 1
151 119 1
77 27 3
182 102 3
53 82 1
122 20 2
130 136 3
62 102 3
38 195 2
161 51 3
176 180 3
134 141 4
167 82 1
43 135 3
197 159 3
2 153 3
156 55 1
143 137 1
63 9 3
0 138 1
192 94 1
160 121 2
111 175 4
137 155 2
46 178 2
112 105 4
98 141 2
115 138 1
6 85 1
85 28 4
78 19 1
121 112 4
106 62 4
47 105 3
34 23 2
43 61 4
46 110 1
29 40 4
73 72 1
185 196 4
197 100 3
88 98 1
77 159 3
85 5 3
177 90 4
2 188 1
92 100 1
97 12 4
99 119 4
3 50 4
97 5 1
67 171 2
110 73 2
51 184 1
21 48 1
108 170 2
189 82 4
193 115 2
116 45 2
94 83 3
187 51 4
79 183 2
16 45 2
180 151 4
186 91 1
32 44 1
182 81 4
126 170 1
5 67 4
136 55 4
96 181 4
128 159 4
76 84 4
154 15 2
178 61 4
78 88 2
74 45 4
30 91 3
78 6 1
148 129 3
80 32 2
62 118 2
82 173 4
7 21 1
46 94 2
59 142 3
125 178 2
157 107 2
142 53 4
29 23 3
130 78 2
142 141 4
165 170 4
35 190 3
4 90 2
122 31 4
89 107 3
99 150 1
44 165 2
83 64 3
6 146 4
126 146 1
6 133 1
98 4 3
39 195 2
7 33 1
44 55 4
181 112 4
108 187 2
50 183 1
139 100 4
128 82 3
150 48 1
194 120 2
88 191 4
197 43 1
125 151 1
182 59 4
51 65 3
32 60 2
3 72 2
79 108 3
26 194 1
152 63 1
187 196 3
0 32 2
81 125 3
158 74 4
34 85 2
81 76 1
142 105 3
116 14 3
188 190 3
18 167 2
31 2 2
3 9 3
58 85 4
146 102 2
101 69 4
133 79 1
118 34 1
120 121 2
161 121 2
47 90 2
157 124 2
84 20 1
129 79 2
187 109 3
189 87 4
133 104 3
84 45 1
88 72 2
129 187 2
184 112 2
26 123 4
127 12 3
58 32 3
56 101 2
54 25 1
197 103 3
33 48 3
97 55 4
83 162 2
52 23 1
148 165 4
88 48 2
122 192 4
158 81 1
62 59 2
118 86 1
71 45 3
75 68 1
197 166 2
39 180 4
184 126 2
22 1 1
111 133 4
109 25 2
50 52 3
25 184 4
126 22 4
65 20 1
67 181 4
97 70 4
42 84 2
68 20 2
175 1 1
130 22 1
48 15 1
126 68 2
143 90 3
71 40 2
31 90 2
78 24 1
42 110 4
133 194 3
88 186 3
105 117 3
133 71 1
145 158 4
179 7 4
153 118 2
192 4 1
152 121 1
10 49 3
169 70 4
147 73 3
110 171 3
188 88 2
191 2 1
69 43 1
90 148 4
4 59 1
50 115 2
55 153 2
77 176 1
36 169 1
116 34 1
119 163 3
54 191 4
0 84 2
73 148 1
4 24 1
109 163 2
86 38 1
2 91 2
117 100 1
173 161 2
3 75 4
33 2 4
154 35 4
7 27 1
175 33 2
94 166 3
15 103 3
197 52 3
135 14 3
100 38 1
76 13 1
185 147 4
73 197 1
63 50 2
166 104 2
148 23 2
113 53 4
49 24 2
39 19 4
122 175 1
134 72 1
105 58 1
59 39 2
114 54 3
194 179 4
99 12 2
108 129 4
199 84 3
169 198 3
85 96 1
51 167 1
18 66 2
91 22 3
34 25 3
168 138 1
98 99 1
181 66 2
55 50 4
6 116 1
114 133 3
144 142 1
61 93 3
131 31 4
107 44 4
189 94 4
54 197 2
75 152 3
58 40 2
178 136 1
169 24 3
165 73 4
159 103 4
77 20 1
174 182 1
4 84 3
120 82 3
110 196 1
59 26 3
167 4 3
93 17 4
196 36 3
194 146 3
40 67 3
106 78 2
74 102 2
40 197 1
144 10 4
48 11 4
136 121 3
27 74 1
61 175 2
102 5 4
184 75 3
40 64 3
194 188 3
137 120 1
46 82 3
131 77 2
112 195 3
190 13 3
180 18 4
36 111 2
127 195 1
123 116 4
40 53 4
105 91 3
141 1 1
189 58 4
68 13 2
16 163 2
113 25 1
45 61 3
115 147 3
109 122 4
34 13 1
27 137 2
30 54 4
59 80 3
107 11 3
64 74 3
11 14 4
123 103 4
121 17 2
4 122 4
175 35 3
45 192 4
88 68 3
64 23 2
129 154 1
130 36 4
120 94 1
138 185 4
58 24 4
154 54 2
171 41 4
134 69 3
114 135 2
130 51 1
51 138 1
167 164 1
13 81 4
196 105 2
6 130 1
74 172 3
179 41 3
125 72 2
48 117 3
117 3 4
196 32 1
165 103 4
38 84 2
1 15 4
116 171 3
23 68 3
160 76 3
44 35 2
60 151 4
9 103 2
0 106 4
39 143 3
114 197 3
151 162 1
83 195 2
16 34 2
98 101 1
49 38 1
4 182 2
17 132 2
143 190 1
7 46 1
15 175 2
27 79 3
40 122 1
31 74 2
90 73 3
144 20 4
169 77 1
155 41 1
20 157 2
42 143 3
80 125 2
101 138 1
191 59 3
133 56 3
63 75 1
196 46 3
88 118 4
87 70 4
56 37 3
47 76 2
107 73 3
81 36 2
191 7 3
35 99 3
28 73 4
8 124 2
79 147 3
54 99 3
129 70 1
15 146 1
172 59 4
73 152 4
16 58 4
133 198 3
44 170 2
115 174 3
195 133 3
136 74 2
157 174 2
186 142 3
89 83 3
83 179 3
152 97 1
191 109 2
52 76 4
35 80 4
45 105 1
63 29 1
78 195 4
3 97 2
165 7 4
183 24 1
108 21 4
55 161 1
172 170 3
53 51 1
19 191 4
62 166 3
38 44 2
32 158 3
158 166 3
80 6 3
14 93 4
135 169 1
54 103 1
63 102 1
1 77 3
85 177 4
20 104 4
170 85 4
196 8 2
16 146 2
36 172 3
154 119 3
153 179 4
126 75 3
63 68 4
41 125 3
115 77 4
166 78 2
47 3 1
109 180 1
33 185 1
27 127 1
120 34 4
132 178 2
188 181 1
115 98 2
4 118 1
23 126 3
21 73 1
170 80 3
77 35 4
108 74 4
148 150 1
80 86 1
141 9 3
177 14 4
138 66 2
57 1 3
138 84 4
23 12 2
78 140 1
182 123 3
175 83 3
164 7 2
105 192 1
143 36 1
156 26 2
8 166 4
3 67 2
106 13 3
104 83 3
171 161 4
133 20 1
28 110 2
152 96 2
47 148 4
179 19 3
3 85 4
140 100 1
109 39 3
149 188 4
25 40 4
35 7 1
26 37 3
84 101 4
52 190 3
186 100 3
188 177 2
145 4 3
17 110 4
11 35 3
63 124 2
105 176 2
165 23 2
36 185 4
6 148 1
84 27 3
63 73 3
7 99 2
162 6 3
146 11 1
12 14 1
61 122 4
16 127 1
177 179 2
154 114 1
60 8 4
151 79 3
33 123 1
185 166 2
73 34 2
162 154 3
154 10 4
167 95 3
84 146 1
27 160 4
56 93 1
71 190 3
56 57 1
160 180 3
98 173 2
188 107 1
61 96 3
198 70 4
182 162 1
136 117 4
103 63 3
4 175 2
126 9 3
89 126 4
142 164 3
164 146 4
24 88 3
106 65 3
4 185 4
99 155 1
132 68 3
28 194 3
173 34 1
157 13 3
51 177 3
153 19 1
64 18 2
78 121 2
43 83 2
18 113 2
49 189 1
89 141 2
76 187 4
52 123 2
135 26 3
18 110 2
43 3 4
157 59 1
191 87 2
119 189 2
158 35 2
42 191 3
158 43 4
96 136 3
26 54 1
22 111 2
163 186 3
161 67 3
63 78 1
166 80 4
34 86 2
29 130 3
59 165 2
34 117 3
94 134 1
149 170 3
173 57 3
164 129 2
194 144 3
63 197 3
174 77 2
174 27 3
53 74 1
138 10 4
99 80 2
42 173 4
97 38 2
132 196 4
143 183 2
108 160 2
153 74 1
69 178 3
89 161 2
99 131 4
119 66 3
98 71 3
126 108 3
126 54 4
192 26 3
118 112 3
178 35 4
128 142 3
172 63 2
85 56 2
187 165 3
38 76 4
20 179 1
16 19 4
11 58 1
18 17 2
12 52 3
177 175 3
83 144 4
84 94 2
35 45 3
114 30 4
66 131 2
130 75 3
84 91 3
21 189 1
144 182 2
189 88 2
181 127 2
29 109 2
67 98 1
150 79 2
8 155 4
168 87 3
42 183 4
147 70 4
163 22 4
184 39 2
164 64 4
54 39 4
170 196 4
140 102 2
143 194 1
39 31 2
66 154 3
182 136 3
112 153 1
49 55 4
158 0 1
95 194 4
95 22 1
43 138 4
163 104 3
145 63 3
177 122 3
116 40 4
79 155 3
163 31 3
170 94 2
17 154 2
96 7 2
19 120 2
55 2 4
193 19 3
45 41 4
150 59 1
136 73 1
150 121 1
114 110 3
29 70 2
50 64 3
130 1 1
108 140 2
81 165 2
77 28 1
165 24 2
1 93 4
62 22 3
199 175 4
77 97 4
98 196 1
112 150 4
71 167 4
64 69 3
36 42 4
33 106 3
7 173 4
28 125 3
199 57 4
186 82 2
21 153 2
77 51 1
61 63 1
53 199 1
121 103 1
62 113 1
174 57 4
26 28 2
31 134 2
155 197 4
28 4 1
65 166 1
41 163 1
135 112 3
140 58 3
167 123 1
166 191 1
22 79 2
104 108 2
195 26 4
149 11 1
17 75 1
65 126 3
91 182 1
96 105 2
9 182 1
96 143 2
138 38 1
116 179 2
83 133 1
105 84 1
45 160 2
135 186 2
127 106 3
153 164 1
111 167 3
40 60 2
67 27 2
158 190 2
119 140 1
162 185 4
149 56 3
127 69 2
188 53 1
192 28 3
149 183 4
18 26 2
84 19 3
46 199 4
148 67 2
189 70 2
37 134 4
144 3 2
56 46 1
65 163 1
38 184 3
112 52 1
135 94 4
132 16 3
150 174 2
95 34 1
1 117 2
133 66 4
57 168 2
60 119 1
170 61 3
188 189 1
38 21 2
114 67 1
75 65 3
180 26 3
9 49 4
68 164 2
166 24 3
138 197 2
197 71 4
95 154 4
49 6 4
191 96 4
4 170 4
115 53 2
93 40 3
56 124 4
11 155 1
153 170 4
121 198 1
147 132 3
113 34 2
177 27 1
30 105 1
26 68 1
4 92 4
112 117 1
97 193 4
93 192 3
26 74 1
4 57 2
83 14 3
11 190 2
83 164 1
155 195 2
89 170 3
182 79 2
75 51 1
125 34 1
71 122 3
58 4 2
79 153 3
32 193 1
149 163 4
163 138 3
126 39 3
46 195 3
185 164 3
199 38 3
31 120 1
129 75 2
64 115 1
12 27 2
86 150 1
84 67 4
43 24 4
24 172 2
97 66 1
193 192 3
162 48 1
66 199 1
154 113 3
36 93 1
141 15 3
165 109 1
110 167 2
6 179 2
111 58 1
88 97 1
174 133 3
92 80 1
58 138 2
50 172 2
55 8 1
61 174 1
132 148 2
193 160 3
180 110 4
75 155 2
168 198 1
21 160 4
163 63 2
190 61 3
181 153 3
147 34 2
166 45 4
117 107 2
79 152 2
90 10 4
36 2 3
52 187 2
38 105 1
41 131 1
197 185 1
164 120 1
182 188 3
66 183 3
90 103 1
17 65 2
82 111 4
129 69 2
101 135 1
16 164 2
32 137 3
192 151 4
51 69 4
54 187 1
18 118 2
154 84 4
7 129 3
103 35 2
160 20 1
3 130 3
18 102 2
24 85 2
114 57 4
77 110 4
6 11 1
102 177 1
74 34 3
53 127 3
146 37 2
62 143 1
92 41 1
10 24 2
2 109 1
96 131 3
92 94 3
35 5 2
145 177 4
151 136 3
173 108 3
5 10 4
86 161 2
198 51 2
153 115 3
123 195 3
12 59 2
108 120 3
74 112 1
154 43 3
68 39 1
30 137 4
107 139 2
160 177 3
129 74 3
37 115 1
80 134 3
68 198 1
146 32 2
70 61 3
43 85 3
138 42 2
101 188 4
41 114 4
55 126 4
137 1 2
82 168 1
150 63 3
138 93 3
127 30 4
137 129 3
96 1 1
140 61 1
48 83 4
114 69 3
73 143 2
81 164 2
8 32 4
21 115 2
44 158 3
136 24 4
43 108 1
122 21 1
188 108 4
6 192 4
190 99 2
76 77 3
177 9 4
30 173 4
45 93 1
136 177 3
142 78 1
89 197 1
61 97 4
37 136 3
185 135 3
12 122 2
109 59 3
22 72 2
89 115 4
182 17 1
9 133 3
193 140 1
71 18 1
114 61 1
103 150 3
101 121 4
175 129 1
190 86 4
162 165 4
109 178 4
89 177 2
197 28 2
180 144 1
101 179 3
141 43 3
19 174 2
75 103 2
25 161 2
15 51 3
195 30 1
43 117 2
143 21 1
50 90 3
149 3 4
95 40 2
51 11 1
94 5 2
195 82 2
80 106 2
164 148 3
107 48 2
40 86 3
124 58 3
156 56 1
83 159 1
124 163 1
65 67 2
46 42 3
66 172 3
110 60 3
187 30 4
171 101 3
165 31 3
150 83 4
164 149 3
99 82 1
34 146 2
39 6 3
52 66 4
36 79 3
87 175 2
99 81 3
0 112 1
156 144 3
9 30 3
39 117 4
189 198 4
68 19 1
15 76 1
19 180 1
199 156 3
160 50 3
37 52 1
2 139 3
57 98 1
178 100 2
152 114 1
93 137 1
157 179 3
139 171 3
44 66 3
30 190 1
74 186 1
89 171 4
30 117 1
146 193 2
78 18 2
38 9 2
120 83 4
171 102 3
52 30 1
144 17 3
31 149 3
126 44 3
195 8 4
21 99 3
184 34 4
153 13 1
166 13 2
32 83 2
52 94 1
45 113 3
94 43 4
41 126 2
118 187 4
98 41 4
53 94 3
4 72 3
167 53 3
153 83 3
68 112 1
7 65 4
67 8 1
67 85 2
141 26 1
149 76 2
0 24 3
25 51 4
122 163 4
9 170 4
164 193 2
195 34 2
13 58 2
170 162 4
43 5 4
36 88 4
137 116 4
138 121 4
92 138 2
179 55 3
70 69 1
29 3 1
199 48 4
191 178 1
84 63 3
156 133 3
13 118 4
97 20 4
105 100 4
194 68 1
174 163 1
184 137 3
144 127 4
69 41 1
46 117 4
49 151 4
10 60 1
91 101 4
171 96 3
148 192 2
57 135 1
48 123 2
115 44 2
76 88 1
162 195 1
144 136 1
95 82 3
40 56 3
161 65 4
174 80 4
112 21 4
55 113 4
22 4 2
29 114 3
63 111 3
125 184 2
184 64 4
27 72 3
159 117 2
192 191 3
47 95 1
155 36 1
100 34 2
71 20 2
92 155 3
54 19 2
38 40 2
90 113 1
151 99 3
30 55 4
150 161 4
12 158 1
70 111 1
175 55 3
12 142 4
193 133 4
173 181 1
31 84 2
138 171 2
68 134 4
131 124 3
116 128 3
195 177 3
120 40 1
74 131 3
167 27 2
133 119 3
130 103 1
157 172 1
152 25 3
100 84 2
142 11 4
42 156 1
32 175 2
183 45 4
67 109 1
91 63 3
65 142 2
155 196 4
178 53 2
154 185 4
192 39 2
56 81 4
161 90 4
21 181 4
164 95 3
17 98 2
36 23 1
51 28 3
79 39 3
28 70 1
33 27 1
30 83 4
12 53 2
37 81 2
164 186 2
161 78 1
186 69 3
106 190 2
99 22 3
54 119 3
37 195 1
45 194 1
56 150 3
84 16 1
111 152 4
59 146 3
70 176 4
176 38 2
52 57 1
162 197 2
14 78 1
19 109 2
8 73 3
15 84 4
161 62 3
152 154 2
149 115 3
18 191 3
53 39 4
49 106 1
151 111 2
18 9 3
53 55 1
96 122 3
57 22 2
155 171 4
102 107 2
70 68 1
45 179 2
61 9 1
123 138 1
96 86 3
117 110 3
75 196 1
13 2 3
123 165 1
59 17 2
134 118 1
118 3 2
108 36 3
185 198 1
73 153 2
75 160 1
57 5 2
99 26 4
109 196 3
92 122 2
96 146 4
170 1 4
78 80 3
100 57 4
35 134 3
42 176 4
12 113 3
72 183 3
75 66 3
173 190 1
76 95 3
99 163 3
183 9 2
158 18 3
118 61 3
93 32 2
68 25 3
138 61 1
45 39 4
184 195 4
124 141 3
196 88 1
51 94 2
15 109 4
195 105 2
195 145 1
130 15 4
138 15 3
167 136 3
69 7 2
133 153 1
76 142 3
149 158 2
174 34 3
62 50 2
116 68 3
33 99 3
9 140 1
183 84 1
64 180 2
81 0 1
100 97 1
186 90 4
166 169 3
157 95 3
110 101 2
124 159 1
143 52 3
107 24 1
1 14 1
190 172 4
143 49 4
48 95 4
98 30 2
30 132 1
155 184 1
110 4 1
171 28 4
115 87 1
184 144 3
73 115 1
65 140 1
72 177 4
53 18 4
34 157 1
97 91 3
108 165 4
94 45 2
49 21 4
155 9 2
127 40 2
122 67 3
50 147 2
104 125 1
57 63 2
29 101 2
37 180 4
110 162 4
0 114 2
5 187 4
69 128 2
50 69 1
138 35 4
198 66 1
30 197 1
23 21 4
159 88 2
164 28 4
140 6 4
188 50 4
134 55 4
148 197 1
102 81 1
192 9 3
157 105 4
115 142 1
137 102 1
103 195 4
156 169 4
199 127 4
185 119 3
16 26 2
133 76 4
101 19 1
180 123 3
113 175 1
91 145 3
58 98 1
165 195 4
78 32 1
42 70 4
50 173 4
56 2 4
55 72 3
189 181 3
180 150 2
84 124 4
108 131 4
145 6 3
116 98 1
71 180 4
6 125 1
6 142 1
86 82 3
41 7 4
194 58 3
174 0 3
38 31 2
166 156 3
193 166 3
122 74 2
169 50 1
56 72 2
88 115 4
105 57 2
141 153 2
93 146 2
95 105 3
68 66 3
38 92 2
139 70 4
141 184 4
29 76 3
106 3 3
180 57 2
176 116 1
149 154 4
10 164 3
99 86 2
60 124 3
6 127 3
0 141 2
56 145 3
77 45 2
71 150 3
193 71 1
2 189 4
48 81 2
122 68 2
112 90 3
36 34 2
173 87 2
126 99 1
88 32 4
188 156 2
1 176 3
141 112 2
56 117 3
65 183 1
8 172 2
111 88 2
19 58 3
140 81 2
56 20 4
182 142 3
62 123 3
182 111 1
84 176 3
159 107 3
135 177 4
18 154 1
61 131 4
186 149 3
58 130 1
47 165 2
98 76 3
81 27 3
65 22 2
181 45 2
109 182 2
70 154 2
108 64 1
69 109 3
12 152 1
73 58 3
35 85 1
9 40 4
153 40 2
112 94 2
188 172 3
126 143 1
93 35 2
123 37 1
77 117 2
23 48 1
126 136 3
62 130 4
64 187 3
99 143 2
176 9 4
157 164 2
67 145 2
112 49 3
178 119 1
6 82 3
145 133 2
21 117 4
53 159 4
111 177 2
64 191 4
44 129 3
80 114 2
14 147 2
70 172 4
186 43 1
46 179 4
23 104 1
119 121 1
154 135 1
159 2 4
110 105 4
118 40 2
183 171 4
185 71 2
172 134 4
170 166 4
92 89 2
162 70 2
78 102 4
189 32 2
189 127 4
27 94 3
168 84 1
71 24 3
51 30 1
98 157 3
87 84 1
40 172 4
45 175 3
133 102 3
131 146 1
117 27 1
80 199 1
43 32 3
31 86 1
59 170 2
37 57 3
12 57 3
74 151 3
134 102 2
76 136 4
192 145 2
147 18 3
195 109 4
179 187 1
132 23 1
194 81 1
55 139 3
22 100 3
75 109 3
169 136 1
55 29 4
134 191 1
97 172 2
33 45 4
154 73 4
88 183 2
74 29 1
11 169 1
13 65 4
197 81 1
116 19 1
78 47 2
104 78 4
160 184 4
27 45 1
45 158 2
68 178 4
26 76 2
143 168 1
107 13 1
186 141 2
156 179 4
113 51 2
164 14 1
186 110 2
2 123 1
52 90 4
197 137 1
141 46 3
63 33 4
20 175 2
154 92 1
120 54 4
117 63 3
32 23 3
38 60 1
118 122 2
156 110 1
139 91 4
155 2 4
93 90 3
65 177 4
75 37 1
94 109 4
106 191 1
182 19 2
59 125 1
7 28 2
111 97 4
102 46 3
114 6 2
21 170 1
33 11 3
126 139 3
9 148 2
8 4 2
101 28 3
47 5 3
118 104 4
48 121 1
150 156 4
146 66 4
170 56 2
185 140 2
27 88 3
9 72 2
163 100 3
122 26 2
23 88 2
96 80 3
92 186 1
62 46 3
132 51 2
133 124 4
107 155 1
11 187 3
159 9 1
119 148 4
133 173 3
118 91 2
71 83 1
164 32 1
121 71 4
177 171 1
128 174 3
121 70 2
38 122 1
26 81 4
133 2 3
93 54 3
81 181 3
141 47 3
189 17 3
162 181 4
79 46 2
69 74 1
91 175 1
196 83 3
178 124 2
33 108 3
68 60 1
163 189 4
183 92 2
132 121 4
22 12 3
30 160 2
65 90 1
184 170 2
127 34 3
88 153 2
165 154 3
28 144 4
179 82 2
119 0 2
43 26 3
135 104 4
109 110 3
78 61 2
194 88 1
30 110 1
106 178 3
86 78 4
96 177 2
170 179 4
9 105 1
2 74 2
142 54 1
38 22 2
198 49 4
46 142 3
60 107 3
66 74 2
71 196 1
100 79 2
66 53 4
72 128 3
143 125 4
94 102 3
42 99 3
58 68 2
191 114 2
56 60 1
136 15 3
174 143 4
124 4 2
188 57 4
192 74 2
137 12 2
136 7 4
2 4 3
155 108 2
134 74 2
176 39 3
3 175 1
143 198 1
157 166 1
0 178 4
36 158 3
55 24 1
155 165 2
67 23 3
151 1 3
46 66 4
82 122 2
4 197 4
170 35 4
120 99 3
48 3 2
65 19 2
152 136 2
64 166 3
144 96 4
29 53 4
195 45 1
105 44 4
84 106 2
151 51 2
186 118 2
96 130 2
10 165 4
33 30 4
146 99 4
53 81 3
112 96 2
76 157 1
32 127 3
53 179 2
93 153 3
175 115 4
25 151 4
101 48 1
68 196 4
72 13 2
122 99 3
171 168 1
83 111 4
60 92 1
172 34 1
95 29 3
107 52 3
9 98 1
146 95 2
106 110 1
0 92 4
16 61 4
0 164 3
128 170 3
88 106 3
156 189 2
62 65 4
41 160 4
176 7 4
168 154 2
29 164 4
44 76 1
120 55 1
162 111 1
168 46 4
117 142 2
163 187 4
32 7 2
120 175 4
72 52 1
140 152 1
190 122 3
101 64 3
139 6 1
55 11 3
84 194 2
41 42 2
53 138 3
44 133 1
171 11 4
86 74 3
69 176 4
109 145 3
55 32 4
141 64 3
19 73 3
137 180 4
30 145 3
144 5 4
103 55 3
129 89 3
178 17 2
137 152 4
152 80 1
156 128 3
116 198 1
116 131 3
189 25 2
81 8 3
31 184 3
108 130 2
166 60 2
92 116 4
55 189 3
53 171 3
69 57 1
71 186 1
95 80 1
44 98 4
109 105 1
32 27 3
86 141 3
55 115 4
0 42 1
12 13 1
181 17 4
18 32 4
14 75 4
105 128 3
135 191 2
92 87 2
136 62 4
10 108 2
32 185 2
168 151 2
192 27 3
141 132 2
89 70 4
178 20 3
29 140 2
30 142 3
126 21 2
25 105 2
69 60 3
59 107 4
198 19 1
98 153 1
13 159 1
33 156 3
126 190 2
80 113 4
191 131 4
39 155 4
35 164 1
124 95 4
186 54 2
128 61 4
183 6 2
143 81 1
195 164 1
146 0 2
62 133 2
144 139 1
63 114 3
85 112 2
100 145 3
130 32 4
133 68 2
71 13 2
76 85 1
183 33 2
193 93 2
44 13 3
7 109 4
38 69 2
89 176 3
23 133 1
143 63 2
101 61 1
99 56 3
100 107 3
124 91 1
54 159 3
43 194 4
45 123 4
194 130 3
56 134 2
124 12 2
197 48 4
4 134 4
87 197 4
159 105 1
163 128 4
107 93 2
14 47 1
97 195 3
102 61 3
157 2 1
36 138 1
54 185 1
147 148 1
196 189 4
144 172 2
162 38 1
131 110 3
39 3 4
172 6 2
95 52 3
187 39 3
88 161 3
23 42 1
160 22 1
56 78 2
27 62 1
143 195 3
61 130 2
49 29 2
197 23 1
117 71 1
91 83 1
143 58 2
37 188 2
108 135 4
151 81 3
168 137 4
107 140 2
2 29 1
90 124 1
30 106 3
89 127 4
199 37 2
50 135 3
14 23 1
77 163 4
146 186 2
25 26 4
64 61 1
19 3 3
179 150 1
128 23 2
109 8 3
13 180 3
167 163 3
135 32 1
51 32 2
141 68 3
163 36 1
110 155 1
26 171 2
31 166 2
27 39 2
73 42 2
86 114 3
88 67 3
106 15 3
48 41 2
125 117 4
119 79 3
169 111 3
174 9 3
83 190 3
85 82 1
158 78 1
102 167 2
143 26 2
83 77 2
199 160 3
125 2 2
152 185 1
186 72 4
19 156 4
84 107 2
43 173 3
41 165 3
14 79 2
70 196 1
98 11 2
51 100 3
8 158 4
41 177 2
94 65 3
33 32 3
44 73 2
126 7 4
115 190 1
148 118 1
27 112 1
83 20 4
49 110 2
147 21 3
111 181 2
44 26 1
93 101 4
146 55 3
163 71 4
61 50 2
137 15 3
195 179 1
131 117 3
106 2 1
192 111 2
163 56 1
144 39 4
168 147 4
182 83 4
61 38 2
197 107 1
102 119 4
78 16 4
90 174 3
132 110 2
41 52 1
72 197 2
94 47 2
196 183 4
139 1 1
20 163 2
189 171 1
35 156 4
169 99 2
191 130 4
90 107 2
25 75 4
178 159 1
11 196 1
156 12 3
24 62 2
38 141 3
141 159 4
171 170 4
67 86 4
46 13 2
95 188 1
79 70 1
47 145 3
75 168 3
23 115 4
193 18 2
33 85 1
38 108 1
169 12 3
136 181 4
133 42 3
25 196 3
142 149 1
147 139 1
199 173 2
43 100 1
102 22 3
102 124 3
179 23 3
147 30 4
121 72 4
65 145 1
171 136 1
2 138 2
37 102 3
34 139 4
185 177 2
163 199 4
106 19 2
115 159 4
93 187 3
119 134 2
13 21 2
16 21 2
39 51 4
20 198 3
126 121 3
10 55 3
34 154 3
45 102 2
113 126 2
189 5 2
57 167 2
56 15 3
100 40 2
175 28 4
140 47 4
86 186 2
26 126 4
87 142 2
113 78 3
74 103 2
185 195 2
167 100 3
35 179 3
90 82 3
163 86 3
59 188 2
75 72 4
110 47 2
75 190 1
163 196 4
11 180 1
56 91 3
72 15 3
107 81 1
138 30 3
64 159 3
131 25 2
38 112 1
89 97 4
154 96 2
89 130 2
51 172 1
93 23 4
28 41 1
56 33 1
92 133 3
116 126 3
120 132 1
139 175 4
52 139 1
135 73 4
155 49 3
184 157 1
77 111 1
47 89 3
187 66 2
110 88 2
16 22 2
160 86 1
148 134 3
182 117 3
113 21 1
100 129 4
59 70 1
103 68 2
110 33 3
62 176 2
118 117 2
125 66 4
195 69 2
40 117 3
22 76 1
149 0 2
30 167 3
24 60 2
185 48 3
38 180 3
120 114 1
131 181 1
176 160 3
3 193 2
28 198 1
89 80 4
89 19 1
54 121 4
151 44 1
1 50 1
57 62 4
52 147 4
19 111 2
26 69 1
45 50 2
183 188 3
167 11 3
111 195 1
65 133 1
177 31 2
157 180 2
17 180 3
122 125 1
31 23 3
14 142 2
1 149 1
191 141 1
59 71 4
81 96 3
148 25 4
10 180 1
96 87 4
62 191 3
139 157 4
159 123 3
35 120 3
46 172 3
21 135 3
98 172 2
196 126 3
123 163 4
45 114 2
85 153 1
62 158 1
198 165 4
84 10 3
96 94 2
78 144 1
108 91 4
100 35 2
174 12 4
110 124 3
31 105 2
149 172 1
191 150 1
159 28 2
37 122 1
129 144 2
81 120 3
112 20 4
10 120 4
59 153 3
174 32 4
109 192 4
87 145 4
61 58 4
151 115 3
145 49 3
22 42 3
176 174 4
160 196 1
87 13 4
126 183 3
66 179 3
68 64 3
83 5 3
192 156 1
74 94 2
90 136 4
43 16 3
60 63 1
0 89 2
181 147 2
67 175 4
8 189 1
183 131 2
183 27 1
120 147 1
54 137 3
85 13 2
76 152 1
134 86 2
168 69 4
83 191 3
171 24 4
182 31 1
82 175 3
184 85 2
123 14 4
110 125 2
23 124 4
33 65 2
191 104 4
131 154 3
180 185 1
103 181 3
98 8 2
197 34 4
66 96 4
164 182 4
173 71 4
163 116 4
159 157 4
119 142 4
77 87 1
173 97 1
166 72 4
173 17 1
128 55 2
199 10 3
69 136 2
115 49 4
106 58 3
148 53 1
14 60 3
55 102 3
186 28 4
6 101 1
2 168 1
59 116 4
185 41 2
182 73 2
185 146 3
1 71 3
97 130 1
15 34 1
118 165 3
167 117 4
36 97 1
49 33 1
133 60 4
12 164 2
45 90 3
89 15 3
179 54 4
134 25 4
44 169 3
30 94 4
129 72 3
98 38 2
132 29 4
55 23 3
128 20 3
94 66 3
17 72 1
173 189 1
32 36 3
114 140 3
100 27 4
104 167 1
129 143 1
108 196 3
148 102 4
165 122 2
46 10 1
121 187 2
12 87 3
172 187 2
78 29 3
144 43 3
43 33 1
139 22 3
24 5 1
63 184 4
130 12 4
59 61 4
188 99 3
84 92 1
111 65 4
14 55 2
182 23 3
80 41 2
175 74 1
89 18 1
30 152 1
173 99 4
166 3 4
146 134 2
73 38 3
77 123 3
179 126 1
75 173 3
155 31 3
26 164 1
9 194 3
193 161 2
19 92 1
12 159 3
151 137 1
39 132 2
162 72 2
190 68 1
73 9 1
25 122 1
103 11 4
151 3 2
183 128 1
10 169 2
145 163 4
15 91 4
41 147 4
148 2 1
126 4 2
192 142 4
66 192 1
185 142 2
7 101 3
169 3 1
43 153 1
151 155 3
133 172 4
86 117 3
185 27 1
73 164 3
105 134 3
32 102 3
173 2 4
22 77 4
123 155 4
184 111 1
45 8 4
90 180 2
109 78 2
21 22 1
136 65 4
189 147 3
17 85 1
33 89 3
18 63 3
33 116 4
64 121 2
67 116 4
8 134 1
187 117 4
82 64 2
113 174 4
77 168 3
113 67 3
157 115 3
102 198 3
89 88 4
6 181 1
1 76 3
142 3 1
194 89 1
162 129 4
133 155 2
75 182 2
56 142 3
8 131 1
185 128 1
70 166 1
65 9 1
111 5 2
38 189 4
97 134 4
173 150 2
98 110 2
197 101 1
117 95 1
108 144 1
122 119 4
162 14 1
16 69 2
162 51 4
137 86 1
148 21 1
51 143 4
49 66 3
55 118 2
167 158 1
58 119 1
85 143 2
125 182 3
74 109 4
0 94 3
128 168 3
114 145 4
70 179 4
177 59 4
22 45 4
28 18 2
157 8 4
137 169 4
89 198 1
144 130 3
98 161 4
149 42 4
61 119 3
140 4 3
40 187 3
194 93 1
64 20 3
90 149 3
172 88 4
33 4 1
77 82 2
25 82 4
35 59 4
199 24 1
163 159 4
48 176 1
192 140 3
1 118 2
189 50 2
73 45 2
85 113 1
181 80 3
171 115 3
0 69 3
175 7 3
98 87 4
84 82 3
65 96 3
103 185 2
74 181 2
78 8 4
15 49 4
193 12 2
48 106 2
125 103 3
171 37 2
90 116 2
58 186 2
195 6 1
97 6 1
146 98 4
88 103 2
11 69 1
73 17 4
98 108 3
138 104 3
70 190 4
77 134 2
136 111 4
189 124 2
74 145 2
191 69 2
182 86 1
14 134 1
117 120 3
20 151 1
182 168 4
169 96 2
176 148 1
59 144 2
154 198 3
151 123 4
120 187 3
158 77 2
177 186 2
104 116 3
79 158 3
67 143 4
112 144 4
166 40 3
8 108 1
44 31 3
152 51 1
197 104 3
118 51 2
197 136 1
146 141 3
57 129 4
58 191 4
194 6 1
158 27 4
72 137 2
130 28 2
73 196 3
113 151 2
69 71 1
196 186 2
107 152 2
127 8 1
169 123 4
94 98 4
110 53 4
40 146 1
195 42 1
90 80 1
165 189 3
133 152 4
70 183 3
144 134 4
39 163 1
0 170 4
72 58 4
31 51 3
26 71 4
192 48 4
158 71 4
136 13 4
122 150 3
73 30 3
79 149 3
98 160 4
25 167 4
30 139 1
135 82 2
80 29 1
16 174 3
148 30 3
175 161 2
149 5 3
105 125 3
52 97 2
27 57 3
105 60 1
128 171 2
75 170 2
130 178 2
162 174 4
123 28 4
2 75 4
133 18 2
151 0 3
26 129 2
24 23 2
59 101 4
21 150 1
189 19 4
192 37 1
160 162 2
194 163 1
38 153 2
47 115 1
40 3 3
112 89 2
192 164 3
155 46 2
4 157 3
20 140 1
98 79 3
199 90 4
89 174 2
184 129 1
33 159 4
34 102 2
34 131 4
115 54 4
162 59 2
142 118 1
75 166 1
137 59 2
149 106 2
3 80 4
42 165 4
108 60 3
8 20 3
136 124 3
123 94 3
112 54 2
128 111 4
82 39 4
175 59 4
170 155 3
44 153 4
146 97 4
193 2 2
10 7 2
58 153 3
89 52 3
192 127 3
64 13 4
97 73 1
89 137 2
77 167 1
64 94 3
21 44 1
43 46 3
95 57 1
57 11 3
10 65 4
194 142 4
156 118 2
43 142 4
82 116 2
135 34 1
137 6 2
60 157 2
69 183 1
29 131 4
85 100 1
195 99 3
35 71 3
192 100 4
188 134 1
173 8 3
69 86 2
148 14 2
117 170 4
84 6 1
128 97 2
15 90 4
53 54 1
20 89 1
6 36 3
62 80 2
160 48 2
19 31 2
199 169 1
107 83 4
102 187 4
137 189 3
160 170 1
73 14 3
176 120 3
145 70 1
190 187 3
20 17 2
60 27 4
199 98 3
162 101 1
3 45 1
165 72 1
103 38 4
158 170 3
88 123 4
136 93 2
192 97 4
86 127 2
7 11 1
18 101 3
94 7 4
42 161 3
101 189 4
7 132 2
56 151 1
128 187 4
110 87 1
196 51 2
79 5 1
189 149 3
128 83 2
146 165 3
73 183 2
179 119 3
139 64 3
88 30 4
191 187 4
11 123 1
9 60 3
29 44 1
98 107 4
154 99 1
113 187 4
127 83 1
105 135 3
26 187 4
137 112 2
129 177 1
182 159 1
38 117 4
94 48 3
107 127 2
78 97 4
168 89 1
35 133 2
119 139 2
188 115 3
150 182 4
18 134 2
46 126 3
164 140 3
163 112 2
88 29 2
171 35 3
22 109 3
49 60 4
31 26 1
79 44 1
40 176 3
61 84 3
107 66 3
159 27 3
127 80 3
138 72 1
98 36 1
142 122 2
135 156 4
143 19 2
51 4 3
154 109 3
144 98 3
12 6 1
16 123 1
61 149 1
107 79 1
110 71 1
139 137 1
185 102 4
73 180 3
168 103 1
40 54 2
68 53 3
103 146 1
1 189 1
186 81 3
0 184 3
75 67 4
5 77 1
131 32 1
85 104 3
62 21 1
57 9 4
13 97 4
109 108 4
189 121 1
75 20 4
0 123 2
148 29 4
162 184 3
41 151 4
67 185 2
124 99 4
157 82 3
164 179 3
160 35 4
143 95 1
167 15 3
68 187 3
150 158 1
148 122 1
146 67 1
171 121 4
109 5 4
159 120 3
106 155 1
197 22 2
14 82 3
192 90 4
197 16 1
10 109 2
175 46 1
83 110 1
107 179 2
101 35 2
71 199 4
196 178 1
183 99 1
148 181 1
107 104 3
109 95 3
148 65 3
61 152 3
168 30 4
171 4 1
95 77 3
34 179 4
76 167 3
128 29 1
10 123 1
94 36 1
50 83 1
187 43 1
125 158 4
152 126 1
31 195 3
14 183 3
39 38 1
52 55 2
98 105 3
164 50 4
164 85 4
158 16 3
160 81 4
5 141 3
190 16 4
90 53 1
132 114 1
40 108 4
70 144 3
70 112 1
20 76 4
185 82 3
78 37 2
83 199 4
180 36 3
197 37 1
57 192 3
36 177 1
31 85 3
97 138 2
29 111 4
48 64 1
128 32 1
46 32 2
146 153 3
44 111 1
147 16 4
10 143 4
110 179 1
132 198 4
63 130 3
93 74 2
103 16 1
21 84 1
106 50 4
33 8 2
186 173 3
190 69 4
159 131 4
126 0 1
172 154 3
26 114 4
23 117 1
173 72 1
96 140 3
16 120 3
146 106 2
143 53 1
184 12 2
91 81 2
8 120 2
107 199 2
41 63 3
101 185 3
5 11 1
175 183 2
178 169 1
161 4 4
93 186 1
191 35 2
123 25 1
197 74 4
53 155 4
23 50 3
186 194 2
10 117 2
186 111 2
63 97 4
187 137 3
105 69 1
60 55 3
121 92 1
27 43 2
169 33 4
23 81 3
190 194 2
124 87 3
144 103 2
80 56 3
0 120 2
142 193 4
33 134 4
73 187 2
57 15 2
98 53 4
111 129 4
94 196 2
89 87 4
148 85 3
52 117 1
49 64 3
59 65 1
90 142 1
26 3 1
158 139 2
8 192 3
3 57 1
79 61 2
165 184 2
93 160 1
118 168 2
105 169 2
57 183 4
150 193 1
141 148 4
161 166 1
176 169 2
45 31 3
47 53 2
165 49 1
130 141 3
9 147 1
122 27 1
31 189 2
6 176 1
61 37 4
135 10 4
87 101 1
49 85 4
65 112 3
143 169 4
84 147 2
108 156 1
126 165 1
83 131 1
28 11 3
165 4 2
78 69 3
101 170 3
192 133 1
182 120 3
43 30 4
6 110 1
127 60 1
109 175 4
118 132 2
66 188 4
176 91 3
133 24 3
6 153 1
146 108 2
92 162 2
97 26 2
97 42 4
182 11 4
129 130 1
5 16 4
