4975 200
0 163 7
163 48 5
163 89 2
0 145 7
145 136 8
89 53 2
48 43 8
48 131 5
163 22 3
22 52 5
0 162 6
89 5 7
89 171 8
162 1 6
131 187 2
89 102 5
131 198 3
0 106 6
131 2 3
0 128 3
171 196 6
171 4 8
198 143 8
53 141 5
196 107 4
163 49 3
196 138 9
163 62 5
196 84 4
53 117 9
196 115 5
141 18 2
198 57 9
141 150 3
62 154 4
0 63 7
141 110 8
107 197 2
141 153 5
117 7 4
197 77 5
198 32 1
102 85 5
63 35 2
197 164 1
131 55 3
171 144 2
196 193 5
77 169 7
143 92 8
171 180 8
1 125 6
35 176 6
57 147 8
53 177 1
153 94 9
144 42 7
106 12 6
42 112 4
107 155 5
110 130 4
106 109 4
115 166 5
85 186 7
171 160 7
18 170 9
102 16 4
55 9 3
171 189 2
136 148 1
115 123 3
155 87 5
128 149 8
169 135 1
131 178 2
32 11 4
49 191 5
112 121 4
198 41 3
1 40 5
162 60 9
150 91 3
22 157 9
164 119 4
52 114 2
147 184 1
176 195 4
178 66 7
89 26 3
48 105 1
18 36 3
136 134 6
2 101 7
180 21 5
153 129 7
180 50 7
105 165 5
147 44 9
84 47 7
117 17 4
109 139 1
147 31 1
17 108 3
12 61 6
63 98 9
61 46 3
154 83 8
119 79 6
141 68 9
22 81 3
110 113 8
117 116 7
40 13 8
41 167 1
180 59 3
116 161 5
129 75 7
149 15 3
150 181 1
131 8 4
125 174 1
138 39 2
198 54 9
170 45 4
4 173 9
163 71 9
136 95 6
13 82 5
106 159 8
114 64 4
26 74 4
26 33 9
85 30 3
59 25 9
77 111 9
113 182 2
143 122 4
180 179 1
89 10 5
141 38 7
38 120 5
7 65 2
79 133 8
121 73 9
57 151 3
87 56 7
50 127 5
182 72 1
71 188 8
59 192 3
71 51 8
85 20 9
56 88 3
177 86 3
98 137 6
82 24 2
165 3 9
110 190 9
55 76 3
182 67 1
161 19 5
115 14 6
187 29 2
56 146 6
76 6 1
191 28 7
87 104 6
52 97 7
43 118 9
146 194 4
123 185 7
36 90 4
198 80 4
120 70 9
196 37 7
76 23 7
163 132 2
197 124 4
98 156 5
55 175 3
114 168 5
139 158 5
65 96 9
19 100 4
18 172 3
86 27 8
2 93 2
96 140 4
32 34 2
47 78 1
5 142 6
174 99 4
129 152 5
47 126 8
54 58 9
161 103 2
158 69 5
155 199 9
148 183 9
85 173 2
19 89 4
49 96 3
126 83 4
182 186 1
82 120 2
44 186 2
142 129 1
72 34 1
105 101 1
126 78 2
89 50 4
183 53 2
128 61 1
75 152 2
181 111 2
138 2 4
193 14 1
189 48 4
24 139 4
128 32 1
171 134 2
91 77 4
159 182 2
159 13 3
139 32 2
154 138 3
116 46 3
87 81 1
84 190 4
22 114 2
87 99 4
159 30 1
78 174 4
193 106 3
107 157 3
138 149 1
141 106 4
65 105 1
58 48 4
4 162 2
126 138 1
16 28 1
78 32 1
152 15 1
59 96 3
54 196 1
58 91 4
67 21 1
122 57 4
199 124 3
78 53 3
76 8 4
102 146 2
100 99 1
133 153 4
80 17 1
156 49 2
197 74 2
122 39 3
55 130 3
23 67 4
85 190 1
139 7 3
49 83 3
17 101 1
45 39 4
121 126 4
86 109 4
186 119 4
84 101 2
15 73 1
110 128 3
135 170 3
189 26 3
13 194 2
84 24 2
84 150 2
7 177 3
49 53 2
4 156 3
85 68 4
49 42 2
197 194 4
11 196 1
136 8 2
166 131 4
26 66 2
82 87 2
160 19 3
85 60 3
142 183 4
18 45 3
131 99 2
194 123 3
21 48 1
87 17 1
152 47 4
77 131 4
57 173 2
40 190 2
6 134 2
172 16 2
104 125 3
178 180 1
160 103 2
195 120 1
142 185 3
50 118 4
168 195 4
108 76 3
183 124 3
87 42 4
181 30 2
110 197 4
4 149 1
123 31 1
103 37 2
20 138 3
40 73 2
177 34 4
167 130 1
75 12 1
102 39 4
81 95 4
113 136 1
12 176 1
62 97 3
35 79 4
0 117 1
58 66 4
154 106 2
20 99 3
49 101 4
180 84 1
14 62 2
69 144 3
23 30 2
126 130 1
143 19 3
37 59 2
135 156 1
23 86 1
93 144 3
168 121 2
149 99 1
95 20 4
8 108 1
161 18 4
116 84 1
48 61 2
13 84 2
148 46 2
154 139 2
179 150 4
172 183 1
57 89 3
76 92 1
111 134 2
77 61 3
24 35 2
133 21 3
155 129 3
107 117 3
99 28 4
68 77 1
196 99 1
29 163 1
158 173 1
167 171 1
129 101 1
157 93 1
40 18 3
53 154 4
138 31 3
73 142 1
159 27 2
188 10 4
98 117 3
106 103 4
70 178 4
40 176 1
105 18 3
199 169 2
9 157 4
8 85 2
157 5 2
69 189 2
126 57 1
94 54 2
167 169 2
49 84 2
175 80 2
30 8 1
189 176 1
56 68 1
50 194 1
88 106 2
107 31 3
27 93 3
103 22 4
119 124 1
18 38 1
180 188 1
41 137 2
92 57 1
170 76 1
143 156 3
189 56 1
108 94 2
11 15 2
4 82 1
39 125 3
102 159 2
176 71 2
115 176 1
72 57 3
122 48 4
188 137 1
56 183 1
118 148 4
105 57 4
111 70 3
15 69 3
187 72 2
176 151 1
52 101 2
11 89 1
146 180 4
108 47 1
101 97 3
62 104 4
22 123 4
65 60 2
41 115 3
95 30 3
174 66 3
115 7 3
143 30 1
19 192 2
166 106 1
76 57 4
186 57 3
80 16 2
25 18 4
18 88 2
40 54 1
11 183 3
183 134 3
109 59 4
69 48 4
116 6 2
165 103 4
37 72 2
154 102 4
149 160 4
68 182 3
181 33 4
111 135 4
150 185 3
78 82 1
4 73 1
132 174 1
103 183 4
197 170 3
112 73 1
174 146 3
39 62 3
121 84 2
109 82 3
18 145 1
39 31 4
103 86 2
102 109 4
131 169 3
146 16 3
48 174 3
16 170 2
123 6 2
128 92 3
143 106 4
137 23 4
61 125 3
173 35 2
102 129 1
115 73 3
127 141 3
50 44 2
64 122 3
60 57 3
176 149 1
78 173 1
119 155 2
111 169 3
87 62 4
190 135 1
4 135 2
164 194 1
92 95 1
160 48 1
172 100 1
9 27 4
127 71 4
118 175 1
43 8 3
5 189 1
136 176 3
161 134 3
68 87 3
187 135 1
97 149 4
51 58 4
113 184 1
125 77 4
41 134 1
127 48 3
18 100 1
119 21 2
92 153 2
32 194 4
29 197 1
50 6 4
180 22 3
123 14 4
53 63 3
172 182 4
156 184 1
146 181 4
148 100 1
49 52 4
102 13 3
128 113 1
56 62 4
32 85 4
28 68 2
102 72 1
152 78 3
140 193 2
153 83 3
18 77 4
66 20 1
80 172 4
165 43 2
33 144 3
19 170 1
7 97 3
130 143 2
79 171 2
10 178 2
157 90 2
63 188 4
67 105 4
25 37 2
38 157 3
190 10 3
126 3 2
118 70 3
140 145 4
137 173 2
192 111 4
175 129 2
134 189 3
192 162 4
65 166 1
124 192 1
68 164 2
31 78 4
63 77 4
196 150 3
185 171 1
185 192 4
114 120 1
82 150 3
136 133 2
22 144 1
7 80 2
57 16 4
95 146 1
16 32 3
3 153 3
149 35 3
183 120 1
147 69 4
187 146 4
100 24 3
142 80 3
185 24 4
140 53 3
52 86 2
21 113 2
18 195 4
87 97 1
181 11 1
35 22 3
148 191 1
154 114 2
106 21 2
186 147 2
95 135 4
82 67 3
148 171 4
93 38 2
23 17 4
22 59 2
113 38 2
49 188 4
158 174 3
5 17 4
183 195 1
84 185 4
126 69 4
9 114 4
28 65 3
7 169 1
38 148 3
199 67 1
157 92 2
79 82 1
152 130 4
143 79 2
4 42 1
180 90 4
170 105 2
110 25 4
60 159 3
59 169 2
122 66 1
103 162 2
26 159 1
73 99 1
193 36 3
52 51 3
23 29 4
131 7 3
36 63 2
163 27 1
135 176 3
13 150 4
186 132 1
121 1 2
197 117 2
92 114 2
162 146 4
16 149 2
95 0 3
183 87 3
106 132 2
102 101 1
153 24 1
90 29 2
167 140 1
36 70 2
92 147 4
117 191 1
164 3 2
144 136 1
47 92 3
85 122 4
33 121 1
110 172 3
117 41 2
116 174 2
94 104 3
135 12 2
72 113 3
183 197 3
166 145 2
92 25 4
59 91 1
137 128 2
73 75 3
164 103 2
111 3 2
154 199 1
169 119 4
138 38 3
174 165 2
124 145 1
47 160 3
188 13 4
181 120 4
195 40 1
21 83 1
185 93 1
41 7 4
42 110 3
44 109 3
179 187 1
158 154 1
188 79 3
193 197 1
101 187 3
71 85 2
3 23 3
0 25 4
81 30 2
79 148 3
89 52 4
28 74 1
72 180 4
125 69 3
10 134 3
173 50 3
175 152 3
191 57 1
121 41 4
27 88 1
50 83 3
64 90 1
112 23 4
193 100 3
85 110 2
149 127 4
133 100 1
78 101 4
122 74 4
65 17 3
177 185 1
86 29 3
191 79 2
6 39 4
78 127 4
198 19 3
161 159 2
60 81 3
71 175 2
179 138 2
27 91 3
122 146 3
194 1 4
68 165 4
184 142 2
26 149 4
6 189 4
159 134 3
197 163 4
134 179 4
117 31 2
11 45 4
50 30 1
63 182 4
190 5 3
66 120 1
12 171 1
115 144 1
96 108 4
24 25 1
35 16 1
79 137 3
43 194 2
23 109 1
188 32 2
176 9 1
2 65 4
190 117 3
106 163 4
58 83 2
162 16 1
106 35 1
159 173 2
162 167 4
72 98 3
177 124 2
75 14 4
28 157 1
77 3 4
107 111 2
34 153 1
174 10 2
141 130 1
68 149 2
137 124 3
100 85 1
162 43 2
166 185 2
100 62 2
71 123 4
86 195 3
148 76 3
177 67 1
185 25 2
147 156 4
194 38 4
175 41 4
62 75 2
41 130 3
185 138 1
6 52 1
182 160 4
7 85 3
143 76 2
148 74 3
191 37 4
125 121 1
87 154 2
186 120 4
124 69 1
134 91 2
160 108 3
20 73 4
76 156 2
95 141 3
121 38 1
2 62 1
39 23 3
170 55 4
118 24 4
118 33 3
155 13 2
104 79 3
77 53 4
41 74 1
54 180 4
43 62 4
176 41 3
197 94 4
144 194 1
11 121 4
49 94 2
80 82 1
108 30 3
179 168 3
85 107 2
97 92 1
112 193 1
112 79 4
166 103 1
14 39 4
46 86 1
191 98 1
76 173 4
148 16 2
194 134 3
85 121 1
67 155 2
21 20 2
27 146 3
25 118 2
97 110 1
185 101 1
6 138 1
129 10 3
76 149 3
87 59 1
149 181 3
133 185 1
30 168 4
197 56 2
129 34 4
135 24 2
22 74 2
28 54 1
6 169 4
105 136 1
117 187 4
156 199 3
65 50 2
121 92 2
111 19 3
43 40 2
195 24 3
109 4 3
64 57 4
65 110 4
141 180 4
147 146 3
166 113 3
24 2 2
134 199 1
109 13 1
139 45 4
1 11 1
36 98 4
82 131 4
117 149 2
142 199 3
56 118 4
143 88 4
186 124 2
7 180 4
106 128 4
4 70 4
43 105 1
45 93 3
88 57 4
73 63 4
162 18 2
172 64 4
11 128 3
112 4 3
76 174 1
188 76 3
91 172 4
133 190 2
65 92 4
72 64 3
146 2 4
70 77 1
90 155 3
144 2 1
142 117 1
193 181 2
10 2 3
108 185 3
147 191 3
142 193 3
54 27 1
31 28 4
157 190 2
92 185 3
152 177 4
57 162 2
143 3 3
61 64 1
150 61 4
97 22 2
42 169 2
52 128 1
180 198 2
75 6 3
87 134 4
39 141 1
138 8 4
179 97 3
91 110 1
173 124 3
71 26 1
15 109 2
120 92 2
43 138 1
104 163 1
199 72 4
59 129 2
86 181 2
188 42 1
23 158 2
20 29 4
165 40 1
13 167 2
27 59 4
41 149 3
54 117 1
56 70 4
66 30 4
22 196 4
119 104 4
127 129 1
93 54 4
192 99 2
123 97 2
119 122 2
25 112 4
52 56 4
191 175 4
114 37 3
62 31 3
178 121 2
107 113 1
25 14 2
110 62 2
19 199 3
84 78 1
151 98 2
11 136 2
72 28 3
185 58 4
116 10 4
47 151 1
36 106 3
127 34 2
8 119 2
195 182 2
91 11 4
61 199 3
186 56 1
21 95 4
64 146 3
38 16 4
188 40 1
197 82 3
112 143 1
13 114 2
14 144 4
171 174 2
169 150 4
198 35 4
149 42 4
150 172 3
174 151 2
128 64 2
129 70 2
43 11 2
19 73 3
115 53 2
39 49 4
97 158 2
83 124 1
140 18 1
17 191 4
11 175 1
12 120 1
178 155 2
44 4 2
58 168 2
53 17 1
70 44 3
82 36 3
7 145 2
36 192 2
86 2 2
71 99 1
153 37 3
38 186 1
122 133 1
13 18 2
10 173 2
185 163 2
125 102 4
33 171 1
115 21 3
121 166 4
182 10 3
112 191 2
47 141 3
116 99 4
70 86 1
94 39 3
140 126 1
98 183 2
68 33 2
107 110 1
72 79 3
49 168 2
181 80 1
146 88 3
174 64 4
119 165 4
194 57 3
97 181 2
112 57 1
51 173 3
187 74 1
28 171 1
85 29 2
115 136 4
85 181 1
25 85 2
45 183 2
53 121 3
12 26 4
46 189 4
81 190 4
86 161 2
164 166 1
134 95 1
128 70 2
198 147 4
161 96 1
41 156 4
114 163 4
159 117 2
60 98 4
188 77 3
142 139 1
5 124 4
105 163 4
2 194 2
46 193 3
56 196 1
86 115 2
14 0 2
125 122 3
52 169 3
127 131 4
168 164 3
66 10 3
145 47 2
197 158 2
27 92 4
10 64 2
141 151 3
33 88 4
141 41 1
126 87 2
105 111 2
23 70 3
148 77 3
102 68 1
49 34 2
106 146 1
55 129 4
14 120 1
181 116 3
68 2 2
92 85 2
5 182 1
166 76 2
32 140 2
117 20 1
172 105 2
149 43 2
192 80 4
155 64 3
40 82 1
126 100 3
50 46 3
46 55 1
127 61 3
77 106 4
149 24 2
115 17 4
142 124 4
160 118 1
56 0 2
6 115 4
156 119 3
158 165 3
115 178 3
124 178 3
129 8 2
51 143 4
187 15 4
142 148 2
100 54 1
31 137 1
100 164 4
95 110 1
79 194 2
110 58 1
117 160 1
80 43 4
122 131 1
121 28 4
184 182 1
79 198 1
98 104 2
13 130 3
118 109 1
119 2 4
125 181 2
96 120 2
197 134 4
40 113 3
171 17 3
161 37 2
93 199 3
56 19 1
49 28 4
188 88 4
86 122 1
149 122 4
131 132 2
13 107 3
193 145 4
42 150 3
12 25 3
56 130 3
198 188 1
164 67 2
32 25 1
33 39 3
69 137 3
196 90 1
21 34 1
54 4 3
37 144 3
152 168 4
4 134 1
36 163 2
129 25 3
22 126 4
2 162 4
27 170 2
161 139 4
140 135 1
24 187 3
185 16 2
94 8 2
188 16 4
14 12 2
94 1 3
145 139 4
30 5 1
195 197 2
32 37 4
196 28 3
135 88 4
34 78 2
19 69 4
90 170 1
186 90 1
36 139 4
55 35 2
18 98 2
47 163 3
94 121 3
14 141 3
194 40 3
116 20 1
28 190 1
147 88 2
15 29 2
142 41 3
194 11 2
118 105 2
98 102 3
139 71 3
127 92 3
9 98 1
191 188 4
73 59 4
160 119 4
151 131 3
32 92 3
39 17 4
45 40 1
128 76 3
64 26 3
198 183 2
62 136 4
185 158 4
101 154 4
157 51 2
77 184 4
32 160 2
191 167 4
36 77 4
1 46 4
54 143 3
3 134 4
50 16 2
112 62 2
140 84 1
57 3 4
141 58 1
187 152 1
157 132 2
83 171 4
8 63 1
66 14 1
181 38 3
117 96 3
41 53 4
188 37 1
7 14 3
59 187 3
13 124 4
194 152 3
37 68 3
35 164 1
1 13 2
7 40 2
70 142 1
146 191 3
158 12 2
101 168 2
143 90 4
20 102 1
137 43 2
198 127 3
68 24 4
176 58 2
187 41 1
188 25 4
114 128 4
56 53 4
164 136 1
31 49 3
129 52 4
20 78 3
38 11 1
188 122 1
169 198 4
197 125 2
81 195 3
25 187 2
42 8 4
16 164 3
86 185 1
93 52 2
29 169 3
189 11 4
101 172 2
170 78 2
11 180 2
185 144 2
182 29 1
51 195 2
22 21 3
122 145 2
186 77 2
54 170 4
167 102 4
176 63 4
43 156 3
143 145 1
33 94 4
102 58 4
17 73 2
176 131 3
148 69 1
192 125 1
94 137 3
138 89 4
57 111 4
198 59 2
87 36 4
9 60 4
173 121 3
23 68 1
175 30 4
46 180 4
181 178 1
140 194 3
111 155 1
29 181 1
42 186 1
135 5 3
54 159 1
91 9 4
81 45 4
128 24 2
6 156 3
189 184 2
199 8 2
64 100 2
193 182 4
78 33 1
35 47 3
186 191 3
184 154 4
99 49 4
166 138 2
74 109 1
161 95 2
87 11 3
123 95 2
108 141 2
13 123 4
35 169 2
166 189 1
35 156 2
87 135 1
97 60 2
87 174 3
110 55 1
188 22 3
141 45 2
117 76 2
1 88 3
110 94 3
126 128 3
34 64 1
161 85 1
5 174 2
131 191 1
197 50 3
113 50 4
181 175 1
1 123 2
41 78 4
161 193 4
152 49 3
154 43 4
198 134 2
120 79 1
58 134 3
96 66 3
137 126 4
76 164 2
15 119 2
130 12 4
147 98 1
131 25 1
52 71 3
177 155 4
151 161 2
46 108 1
53 110 3
56 9 2
116 147 2
72 156 2
120 157 1
132 3 2
194 141 2
7 129 1
0 109 3
121 21 4
2 6 4
49 88 3
102 43 3
74 133 2
184 70 2
50 87 1
194 149 1
148 3 2
166 100 3
160 27 1
153 35 1
34 96 4
12 132 1
164 196 4
40 66 4
25 155 1
143 48 2
192 10 1
91 149 2
74 47 2
56 39 1
84 52 1
65 18 1
163 50 1
43 70 3
93 81 1
64 149 3
146 65 4
24 91 1
66 25 3
81 52 4
175 155 3
69 113 3
176 95 4
162 64 3
133 114 3
55 122 2
80 130 4
86 58 1
17 172 1
1 107 2
85 185 3
96 190 2
126 131 3
38 86 1
143 39 2
158 67 2
179 182 1
13 173 1
8 15 1
36 46 4
48 73 3
2 184 3
102 99 1
128 8 4
51 107 2
42 114 4
161 107 2
76 90 2
5 155 4
62 173 3
174 38 3
146 33 1
125 143 1
189 92 3
190 47 3
192 66 4
188 56 4
192 127 2
160 78 2
33 81 2
75 171 2
18 151 4
14 127 2
154 49 4
162 143 4
94 74 2
154 198 1
178 186 4
187 193 1
107 180 4
147 50 2
42 73 3
75 78 2
58 55 2
135 179 2
69 74 4
161 101 2
171 191 2
182 154 1
38 184 2
7 6 4
2 103 4
104 126 3
77 27 2
163 184 4
181 104 4
178 172 2
5 103 3
154 58 3
58 8 2
36 140 3
42 108 2
160 85 4
21 28 3
111 45 4
110 134 3
194 165 4
88 19 2
153 110 3
115 67 3
174 110 3
75 175 1
134 8 2
177 151 3
55 52 2
81 63 1
171 82 4
176 54 3
145 48 4
103 122 1
55 19 4
37 2 1
41 116 2
177 119 3
73 74 3
134 100 4
182 124 3
69 181 1
12 153 3
123 40 4
83 51 3
67 81 1
88 141 2
94 132 2
69 101 4
96 183 4
174 130 3
150 114 1
127 98 3
135 126 2
40 88 2
41 186 4
75 144 4
96 151 4
109 113 4
107 172 1
102 94 3
81 31 1
142 173 1
61 58 2
44 79 3
53 104 3
79 55 2
124 21 3
120 58 4
137 146 1
29 118 2
185 62 2
145 111 3
22 113 3
189 168 1
28 45 2
110 149 4
72 35 4
68 118 3
21 164 1
6 69 3
172 122 2
163 164 3
117 119 4
113 82 4
163 88 3
74 137 2
186 23 1
177 11 3
9 121 1
36 112 2
152 52 1
121 63 4
5 158 2
16 182 1
152 99 1
110 45 4
113 88 3
186 52 1
188 177 3
169 182 1
108 106 2
49 32 3
78 69 4
115 173 1
168 5 1
8 82 4
62 196 3
94 60 1
107 190 4
38 125 2
150 140 1
92 116 1
190 51 2
190 115 4
139 153 1
88 82 1
148 94 1
75 160 2
132 137 3
185 135 2
107 130 4
30 58 2
189 57 3
89 34 3
152 79 1
106 195 3
2 17 2
114 122 1
73 84 2
170 3 4
171 117 3
99 175 1
132 76 1
13 15 3
103 46 2
156 75 1
28 137 1
2 12 2
54 188 3
148 163 4
15 144 2
64 5 2
66 125 3
156 113 2
77 94 3
109 53 1
102 151 4
33 157 3
132 56 3
185 131 3
58 135 1
195 121 1
148 59 3
2 151 1
77 108 3
1 155 4
154 178 3
31 144 1
49 162 1
195 77 2
12 31 2
183 182 1
129 17 4
53 32 4
56 58 4
195 107 1
186 9 2
158 145 2
97 14 2
100 52 2
27 74 2
170 57 3
50 106 4
194 41 1
150 0 4
5 33 2
3 28 4
82 191 4
138 140 2
81 94 4
133 162 3
113 1 4
195 169 1
79 76 4
181 156 2
98 16 3
53 100 4
33 0 3
14 3 2
112 194 4
59 182 2
35 128 1
193 148 1
87 22 2
66 27 2
105 54 3
93 13 1
79 97 1
83 25 1
52 3 2
72 12 1
162 25 3
75 45 4
185 76 1
56 32 4
198 76 3
45 190 3
127 69 2
181 89 4
194 157 3
101 59 1
157 173 1
15 107 3
15 122 4
37 155 2
18 14 4
3 48 1
68 72 4
85 142 1
84 34 4
109 132 2
88 71 3
170 145 3
84 37 2
175 6 2
85 58 1
131 20 2
39 24 2
102 40 2
158 54 2
177 26 4
181 88 4
0 118 1
139 180 3
168 113 3
184 68 1
119 138 1
84 105 4
58 175 3
195 47 4
146 165 4
54 90 3
152 195 1
147 172 1
51 80 4
162 92 3
56 182 1
190 126 1
119 188 1
106 49 3
103 151 2
86 117 3
57 117 1
177 41 4
39 116 2
186 117 4
121 62 3
76 101 3
148 49 3
115 142 1
38 84 1
134 102 3
173 199 3
25 67 2
68 114 2
4 130 2
155 113 2
21 145 2
40 154 2
97 199 2
64 27 4
120 19 1
150 2 1
92 10 3
77 152 4
141 105 2
93 183 2
199 65 4
127 105 4
146 135 4
77 121 1
147 82 1
112 96 4
71 77 2
72 0 4
88 151 2
152 93 4
69 179 3
45 112 2
124 79 4
97 102 4
61 70 3
190 174 4
153 55 4
98 70 3
166 129 3
178 51 3
125 97 1
79 68 4
186 181 1
144 119 1
90 165 4
105 187 2
198 170 3
75 188 2
6 48 2
168 83 3
74 141 1
137 178 3
168 177 2
39 36 3
169 79 3
123 59 2
69 130 3
66 17 3
140 48 2
193 96 3
187 132 1
148 9 2
199 107 2
167 20 4
109 87 3
161 189 4
120 103 2
171 193 1
189 188 1
162 160 2
135 86 2
72 181 1
194 52 1
90 113 4
14 109 1
193 45 2
166 18 2
192 142 1
26 29 3
98 139 4
16 14 1
69 134 2
169 149 1
131 181 4
132 65 3
135 174 4
7 153 4
89 125 4
22 44 1
55 85 2
106 37 2
31 21 2
68 157 3
16 86 4
75 28 2
29 141 1
49 120 4
196 3 1
27 138 1
26 138 2
70 12 1
193 50 3
150 191 4
63 56 4
33 93 2
60 76 1
103 147 1
149 93 3
63 44 1
70 85 4
98 21 2
71 33 3
169 54 3
36 15 1
160 161 3
71 173 1
108 170 4
92 68 3
32 186 4
3 130 1
19 130 4
99 96 4
27 79 4
175 56 4
3 179 3
193 118 1
100 76 2
187 115 3
24 83 2
78 111 3
141 59 3
147 62 1
3 103 1
180 186 2
188 152 2
14 118 2
118 180 1
75 76 2
156 108 3
40 60 2
40 189 1
75 86 1
153 96 1
153 144 2
25 178 2
164 149 4
151 81 4
187 30 1
40 29 3
40 183 2
17 83 4
83 84 2
104 185 4
130 57 1
36 167 3
198 158 1
146 132 4
94 138 1
17 141 3
72 92 2
94 42 1
155 83 3
47 10 3
118 174 2
167 149 1
126 164 2
185 20 3
63 18 2
53 87 3
164 150 2
194 177 1
93 130 4
102 15 4
134 119 3
135 94 1
154 18 3
139 134 4
172 24 2
171 165 3
89 118 2
62 69 2
188 5 3
118 110 1
165 111 2
38 183 4
118 74 1
11 107 1
125 95 1
151 123 2
166 22 3
77 115 1
11 29 4
190 54 3
29 75 4
36 165 4
148 83 3
54 144 4
136 2 3
109 161 3
172 55 3
108 123 4
33 20 4
106 99 1
197 103 1
113 135 3
96 62 2
65 41 3
138 135 3
176 187 4
108 172 3
103 79 1
45 2 1
167 62 2
183 92 3
163 5 4
76 28 3
42 134 2
111 125 1
23 135 2
182 147 1
58 160 1
143 140 1
196 170 1
149 39 1
38 162 4
60 120 1
60 84 1
126 27 3
161 61 2
27 124 4
155 135 1
171 183 1
96 164 3
19 140 3
91 98 2
55 107 3
155 52 2
123 156 4
136 10 2
17 127 2
52 88 4
51 7 3
9 171 4
126 11 3
137 7 3
37 143 2
95 187 4
57 141 3
48 42 4
17 107 4
159 186 3
29 149 3
160 190 3
46 176 4
64 30 4
70 124 4
101 177 2
54 193 2
16 97 1
98 58 4
130 75 2
158 121 4
133 56 1
150 49 1
77 175 2
26 135 2
19 144 2
62 177 1
17 169 4
78 165 4
165 183 2
68 125 1
117 52 3
13 103 3
119 103 1
184 153 1
126 99 1
173 84 4
146 169 3
144 196 3
180 16 1
132 53 2
145 69 3
83 120 4
100 152 3
85 167 1
159 110 3
144 92 3
54 19 3
184 84 2
119 128 1
107 126 2
34 142 1
136 194 1
5 56 1
6 148 4
38 196 3
173 53 4
37 55 2
104 153 2
131 36 3
74 194 3
99 171 1
169 196 3
192 129 3
191 155 2
136 106 1
94 126 4
79 58 4
103 177 3
138 192 1
71 125 4
46 10 4
184 111 3
71 23 1
28 9 4
197 165 2
65 149 1
43 187 2
6 124 1
5 98 1
190 37 2
188 66 3
107 144 2
62 60 4
178 128 4
6 21 2
193 42 4
147 32 4
65 121 1
26 182 2
21 181 1
73 14 1
163 52 4
143 134 3
36 179 1
26 24 4
114 81 4
196 181 2
12 78 1
166 74 3
66 118 2
121 43 3
134 73 3
171 127 1
191 41 2
109 170 3
106 194 1
5 154 3
111 193 4
2 22 2
80 131 1
144 17 1
42 21 1
117 131 3
41 173 3
105 155 1
132 113 1
141 187 3
16 122 1
2 185 4
185 157 4
52 21 4
88 199 1
50 53 2
52 187 2
22 85 2
7 74 3
155 163 3
132 89 1
149 70 2
49 182 4
158 156 3
186 51 3
14 38 4
84 17 3
1 81 4
130 149 1
15 135 3
64 77 3
164 159 1
11 179 1
10 94 2
2 190 1
36 149 2
70 127 3
106 54 3
198 82 3
72 21 2
98 57 3
197 133 3
174 47 2
29 135 1
91 14 4
128 29 2
198 148 2
77 138 2
91 81 1
28 4 2
109 94 4
36 152 2
52 149 2
175 76 4
163 91 4
38 119 2
120 128 1
170 171 3
54 102 4
63 61 3
142 29 3
112 154 4
179 117 3
37 20 3
178 4 1
37 100 3
39 83 2
165 34 4
68 143 4
143 121 3
171 132 4
101 107 1
99 60 2
73 151 1
101 175 3
177 71 2
78 175 1
42 158 2
67 176 1
99 172 4
154 195 3
131 195 1
169 96 4
160 167 1
115 103 3
116 15 4
180 116 3
193 199 4
149 170 2
20 39 2
105 28 2
61 179 1
12 149 2
98 99 1
93 137 3
113 41 2
125 110 2
162 193 2
151 52 3
28 134 4
61 51 2
74 50 2
147 36 3
34 33 3
181 76 3
47 149 3
62 65 4
104 145 2
94 61 4
9 22 3
48 144 4
5 34 3
70 96 3
73 125 3
171 163 2
43 25 1
27 26 2
108 66 3
130 68 3
93 135 1
145 105 4
157 70 4
136 149 2
27 100 1
127 153 2
27 35 3
111 16 3
118 78 3
64 180 2
109 143 3
2 36 4
155 8 4
139 151 1
43 31 1
50 60 2
168 67 3
122 105 2
5 146 2
114 66 1
4 114 4
52 174 2
9 108 2
55 95 1
22 19 2
48 166 2
51 163 2
40 185 3
68 185 3
92 39 2
32 114 3
21 132 3
176 173 4
108 24 3
175 73 3
156 160 3
22 175 4
166 89 2
158 8 2
112 102 4
46 178 4
96 184 2
122 192 2
37 79 2
110 56 4
139 61 2
106 122 1
49 26 2
160 49 4
165 195 3
71 1 3
181 166 4
113 151 1
58 28 1
27 156 4
109 83 4
39 64 3
53 88 3
133 5 1
148 22 3
10 121 3
10 170 1
95 117 4
85 159 4
98 81 2
68 126 2
98 154 1
186 138 3
188 100 1
95 58 3
124 128 3
62 171 3
182 81 4
179 48 2
199 14 1
148 88 1
177 169 1
132 5 4
44 27 4
84 32 4
183 37 4
51 44 2
92 172 4
145 12 1
162 70 3
27 189 3
137 194 1
134 43 3
139 110 3
179 51 3
24 93 3
37 48 4
105 184 1
68 166 2
80 144 4
110 61 1
165 100 2
81 37 1
89 109 4
118 81 2
137 49 3
65 40 3
112 55 2
123 7 1
118 34 4
152 67 3
62 24 1
151 58 2
7 178 3
124 24 1
18 75 1
181 56 1
27 141 1
39 46 2
77 54 1
126 51 3
121 37 3
196 190 1
90 26 4
22 62 1
180 97 4
17 106 4
112 174 3
59 60 1
133 38 2
156 195 3
78 46 4
152 196 4
114 23 2
161 51 4
83 3 2
7 10 4
60 122 4
199 70 3
125 162 4
122 101 1
43 46 4
95 126 2
187 5 2
45 150 2
5 196 4
16 9 1
69 182 3
90 168 2
167 112 2
157 196 4
177 65 3
15 65 3
130 169 4
136 20 2
27 183 1
68 83 4
196 132 1
198 2 4
79 181 4
181 114 3
57 187 2
180 81 3
197 11 3
177 136 3
166 71 1
194 22 4
85 4 3
111 163 1
14 86 1
73 187 1
39 27 3
69 80 4
160 93 2
46 141 1
111 153 3
59 167 1
21 179 1
122 154 2
103 150 2
101 88 3
15 105 1
7 17 4
86 74 1
199 136 2
17 31 1
93 186 4
163 186 2
70 158 3
196 126 2
88 29 3
123 100 2
94 189 1
47 18 3
127 96 4
74 156 3
101 156 4
115 94 2
185 199 3
50 5 2
17 184 4
124 111 2
176 105 1
57 145 4
160 114 3
160 166 1
167 27 4
114 15 3
57 146 1
196 88 2
150 25 4
139 37 2
29 110 4
83 80 3
99 41 4
74 88 4
137 44 3
163 31 2
10 93 4
194 46 2
158 17 1
120 31 1
47 16 4
81 142 3
182 79 1
113 59 2
75 148 1
93 181 2
164 91 2
151 11 4
89 168 1
28 160 4
111 176 2
187 184 1
180 127 3
67 121 3
192 117 2
15 165 1
79 150 3
144 152 1
69 81 3
66 193 2
100 12 2
45 35 4
52 177 3
108 188 3
134 176 4
105 124 1
8 188 3
7 95 3
23 90 2
66 8 3
166 198 1
88 48 3
66 181 1
89 79 2
129 113 1
178 67 1
26 15 1
92 164 1
19 154 4
141 66 3
51 145 2
58 44 2
180 24 2
172 41 1
71 13 2
30 38 4
70 107 1
165 172 4
168 61 1
57 129 1
110 117 1
79 51 4
15 68 3
188 166 1
36 101 4
110 179 1
39 144 1
103 96 2
45 168 1
178 31 2
177 192 2
70 57 4
165 187 4
7 116 1
19 26 1
185 126 3
147 145 3
191 125 1
19 194 1
188 55 2
4 143 3
141 182 1
25 87 1
33 44 4
54 179 2
167 168 2
159 63 3
119 27 4
170 88 3
125 112 1
113 81 3
1 192 4
170 139 2
130 65 4
133 149 3
103 11 1
140 52 1
76 168 3
82 187 4
91 123 3
129 133 3
162 151 1
171 195 3
108 100 2
177 60 1
151 36 4
7 175 4
199 92 4
88 60 4
114 104 3
79 15 1
36 194 4
141 54 2
12 73 4
55 155 4
135 151 4
145 74 2
54 32 2
61 96 3
49 4 4
44 11 4
193 11 4
152 167 3
198 149 3
7 162 3
102 87 4
129 16 2
184 20 1
58 187 3
49 119 1
157 35 2
163 44 4
40 61 4
100 181 1
4 67 1
106 79 4
65 168 1
22 170 3
116 184 1
196 189 1
51 123 4
123 70 1
195 119 1
98 87 4
76 104 4
104 198 4
186 148 4
58 109 3
142 119 3
72 89 3
110 180 2
122 115 2
51 27 4
40 33 4
44 77 3
28 24 1
150 26 2
86 34 3
144 58 4
34 102 4
9 15 4
25 128 2
92 136 1
37 102 1
17 18 1
105 188 2
61 13 3
180 161 3
102 168 2
82 165 3
126 39 2
49 195 2
120 86 1
94 29 1
8 48 2
197 136 4
107 41 3
93 34 3
59 54 3
140 100 3
136 163 4
45 20 1
191 105 3
125 63 3
52 166 4
184 157 2
158 170 1
87 170 3
124 36 3
15 70 1
167 148 1
148 10 1
14 89 4
25 84 4
149 151 1
102 161 2
73 34 1
159 21 3
191 135 2
171 114 1
184 93 4
169 55 1
112 94 4
103 199 2
9 196 3
183 126 4
146 152 4
154 37 3
148 50 3
116 13 4
199 73 3
38 40 4
31 185 3
47 57 2
97 2 2
42 159 4
159 50 3
174 41 2
44 151 1
42 95 4
4 2 1
111 110 1
20 26 4
111 63 4
24 113 4
57 6 2
63 160 3
75 139 3
138 195 4
76 119 3
187 85 4
159 187 4
143 71 4
158 57 2
115 28 3
68 65 3
97 186 1
61 29 2
46 156 1
166 72 3
159 157 3
26 134 3
100 68 4
90 72 3
1 114 1
17 189 1
92 74 1
153 93 4
115 23 4
29 170 1
175 53 1
97 27 2
101 13 3
188 117 2
98 122 1
62 27 1
165 167 2
143 132 2
34 191 3
4 37 4
184 34 3
155 91 2
0 122 2
2 82 3
122 168 4
163 63 1
10 91 2
69 47 4
64 3 2
64 154 1
67 169 1
197 121 4
196 25 2
93 155 1
119 159 3
38 96 1
42 147 4
194 196 3
4 10 1
175 14 4
190 72 1
118 47 4
118 83 1
11 80 1
92 156 4
86 148 2
162 144 2
32 138 2
11 94 4
87 19 2
152 45 2
76 152 3
160 33 3
104 188 1
102 42 3
138 93 1
79 102 4
179 30 2
136 103 4
72 11 1
134 12 3
70 154 2
31 75 1
30 117 2
116 110 4
72 97 4
101 144 1
37 105 4
175 169 4
150 199 4
106 53 2
58 157 3
153 65 2
84 22 2
92 56 4
95 25 3
130 154 1
100 88 1
27 136 3
150 116 3
29 127 1
176 65 1
171 10 3
71 124 2
111 40 1
52 189 4
135 110 3
158 63 4
68 55 3
189 60 1
147 24 4
84 20 2
136 68 4
161 192 2
15 24 3
62 131 1
63 137 2
53 116 2
191 4 3
40 93 1
69 149 2
182 54 4
199 101 4
46 82 2
151 190 1
19 129 3
116 37 4
155 196 4
76 122 3
156 69 4
20 172 1
195 122 2
148 172 4
7 147 1
89 184 1
150 138 2
65 118 1
40 81 3
184 11 3
83 87 3
108 6 4
51 17 2
3 69 4
92 159 3
29 16 2
122 14 1
181 165 3
119 127 1
100 91 4
165 112 2
1 186 1
185 91 1
83 23 3
190 82 1
100 198 1
105 99 4
16 5 1
116 32 4
44 40 3
97 12 3
144 56 3
162 22 3
67 96 3
150 142 1
67 72 1
123 150 1
72 133 2
136 53 2
5 153 4
7 33 4
47 59 4
159 83 4
146 62 2
59 8 2
180 26 4
80 111 4
100 23 2
45 167 3
102 50 1
69 114 1
125 13 3
30 160 1
84 137 1
63 25 3
191 10 3
191 9 2
7 101 4
104 184 3
101 189 1
10 169 4
159 199 2
179 193 1
54 131 2
86 54 3
39 37 3
166 165 2
96 37 1
63 116 2
126 72 4
81 135 3
120 117 3
69 24 3
193 41 2
180 5 4
87 89 4
8 120 1
43 190 3
152 40 4
122 118 1
63 138 3
93 49 2
89 71 4
14 138 2
128 105 1
138 45 3
105 147 2
70 9 1
18 24 2
162 51 1
5 73 4
61 135 2
15 50 1
145 164 3
156 18 3
112 90 1
175 33 1
140 101 3
162 83 1
42 184 4
114 118 3
133 98 1
138 158 1
175 142 2
18 119 2
68 151 3
149 195 2
21 103 3
141 63 3
39 173 3
6 63 1
164 8 1
67 79 1
51 174 1
8 186 3
87 188 1
12 18 2
11 110 1
139 186 3
14 82 2
110 196 4
31 183 1
1 52 2
102 27 3
15 6 2
36 145 4
72 36 1
92 110 1
131 186 2
186 103 4
75 105 3
31 35 4
20 140 4
176 30 4
73 54 2
79 147 4
6 29 2
72 8 1
39 0 3
116 157 3
170 140 3
107 132 1
195 71 4
118 181 4
139 123 4
149 9 2
42 117 4
93 4 1
43 34 2
82 152 3
108 50 3
166 17 2
34 36 2
68 98 2
23 96 4
137 136 4
18 137 4
167 188 2
141 52 2
10 28 1
8 193 3
132 10 2
93 158 4
82 118 2
140 128 3
52 25 1
44 31 4
3 128 3
153 59 4
18 131 3
51 146 3
138 111 2
198 7 1
94 188 3
129 42 4
125 126 2
190 122 4
96 137 4
189 111 4
13 131 4
80 120 1
189 79 2
8 115 4
163 141 1
59 57 2
21 149 4
151 199 1
99 133 1
106 183 1
159 195 1
20 87 2
65 161 4
56 178 3
130 85 3
52 12 2
121 159 2
58 173 2
69 38 3
161 33 2
13 77 1
175 5 3
89 161 4
146 164 2
130 132 3
84 188 1
130 124 1
171 96 3
21 49 2
191 153 3
191 53 4
187 161 1
53 169 2
128 83 1
74 96 1
81 144 2
142 19 3
149 144 2
70 116 1
38 47 1
57 119 4
83 99 3
9 33 2
32 93 3
46 179 4
48 120 1
109 169 1
53 70 3
166 117 2
139 105 2
179 194 2
2 35 2
156 40 2
70 49 1
70 134 3
165 23 2
30 109 4
4 17 2
151 160 1
1 105 1
14 8 1
26 63 2
173 145 4
101 133 4
142 6 1
115 171 1
152 138 1
71 56 2
44 95 4
112 119 1
172 9 1
55 74 1
11 95 4
46 137 1
72 191 4
45 104 3
24 122 2
0 143 1
8 91 4
76 10 4
137 129 1
43 185 1
94 15 3
14 156 1
107 118 2
189 33 1
174 150 3
84 179 1
44 190 1
38 149 1
88 61 1
61 11 4
103 108 4
194 83 3
145 96 1
157 24 2
11 147 2
42 168 4
179 160 1
135 119 3
102 145 4
190 65 1
2 126 2
79 123 3
185 77 2
174 42 2
44 143 4
135 75 1
81 174 4
30 55 3
10 51 4
101 74 4
130 77 1
45 116 1
144 109 1
125 152 4
104 97 4
39 68 2
106 1 3
194 130 4
184 13 4
90 96 2
79 86 4
105 0 1
102 0 4
129 167 1
86 43 4
19 44 2
130 95 3
105 2 1
13 99 1
48 14 4
38 3 1
168 190 2
168 52 2
179 77 4
109 164 4
93 122 4
100 190 1
83 138 2
104 123 1
106 95 4
4 165 3
160 168 1
86 165 1
50 183 2
138 17 3
138 123 3
139 115 2
161 127 3
112 98 4
69 150 4
60 199 4
71 144 2
28 120 2
77 99 1
80 21 4
11 41 1
139 140 2
120 63 2
185 23 4
43 96 4
57 24 3
26 65 1
131 100 3
154 77 1
32 106 3
129 128 1
18 186 3
106 23 1
69 197 4
48 149 3
169 80 1
25 106 2
184 52 4
4 147 1
142 161 3
61 190 2
176 74 4
162 3 1
91 121 1
25 125 1
130 155 4
123 101 2
176 61 3
109 35 3
115 119 2
148 128 3
53 29 3
54 199 4
12 98 3
143 20 4
127 126 4
56 106 2
50 140 4
138 73 2
7 38 3
71 155 4
191 99 4
162 12 2
8 19 3
128 191 3
56 13 2
69 51 4
152 31 2
148 57 4
85 1 4
54 111 4
12 183 1
64 169 4
103 50 4
166 194 4
83 141 2
196 49 3
71 42 1
32 28 3
37 126 1
24 167 1
138 80 1
60 110 2
64 103 1
17 120 3
90 82 4
146 105 2
66 150 3
137 160 4
189 63 3
89 128 3
139 63 3
84 27 2
181 190 2
118 79 2
112 68 3
78 135 1
59 171 1
87 27 2
160 189 4
31 141 3
64 167 4
100 3 4
179 55 2
68 179 1
141 193 1
50 9 3
18 114 2
26 112 2
62 140 4
59 122 2
17 22 2
78 196 1
179 161 3
168 62 4
16 121 1
48 62 1
2 111 1
152 118 3
108 153 4
25 137 4
102 1 2
27 116 1
13 9 3
79 84 2
29 34 1
38 143 3
112 83 3
160 127 3
194 20 4
167 23 1
171 88 3
31 65 4
154 174 1
88 192 1
133 1 3
20 135 3
70 125 3
22 27 2
75 162 1
184 146 2
177 87 3
153 47 2
78 104 3
88 194 1
138 0 3
60 165 4
27 46 1
22 75 2
187 0 3
89 121 3
128 55 2
0 34 1
163 140 2
9 75 4
104 41 3
133 4 3
127 20 4
30 7 1
187 23 2
171 124 3
13 110 3
194 173 2
66 48 2
54 80 3
144 105 2
165 53 1
165 33 3
50 178 1
91 136 2
60 157 2
46 105 4
134 113 1
147 75 2
82 112 1
120 105 2
139 68 3
11 75 2
58 197 1
128 19 4
77 151 3
75 155 1
198 3 3
169 118 4
139 96 3
195 27 3
192 14 1
4 55 4
142 152 1
141 86 1
151 196 2
164 180 4
34 156 4
113 7 1
65 186 2
196 168 2
145 197 1
140 81 3
164 48 3
30 88 3
166 69 1
101 139 4
154 92 1
56 59 4
42 74 2
136 168 1
127 194 2
132 112 4
189 86 1
32 191 3
33 73 1
75 30 4
92 51 3
165 196 1
97 103 3
38 23 3
21 116 2
79 173 2
10 3 3
8 18 4
68 53 1
186 71 1
184 150 3
113 198 3
129 154 4
128 155 4
60 148 4
68 54 4
158 6 2
47 6 3
72 49 4
17 86 2
125 90 1
83 169 1
178 0 3
176 122 2
30 142 4
65 181 4
18 7 1
118 64 4
196 21 3
51 181 4
179 22 2
100 34 3
65 69 2
65 100 3
114 145 1
10 20 4
140 182 1
130 49 4
18 199 1
12 16 4
149 102 2
138 167 1
8 64 4
121 130 3
7 195 2
14 150 3
155 17 4
109 62 1
125 32 4
92 175 1
103 42 3
157 49 4
156 15 2
189 123 4
60 139 1
166 7 4
28 93 3
140 73 4
29 45 2
115 52 3
31 19 2
105 171 1
5 134 1
52 39 1
7 37 2
103 141 2
99 104 4
183 46 4
72 32 2
121 186 4
41 92 3
13 6 2
54 178 3
179 186 2
129 115 3
102 110 2
53 35 3
58 35 1
163 187 3
185 36 4
91 28 1
171 176 3
81 185 4
198 15 3
126 84 4
131 61 3
5 186 3
155 166 4
145 144 2
20 97 4
61 57 1
61 25 2
141 5 2
9 163 3
128 157 2
61 97 2
78 102 2
17 32 1
29 191 2
16 27 4
153 32 2
45 17 1
142 49 1
68 26 2
162 110 4
21 70 3
198 67 3
188 156 2
2 186 1
11 37 2
191 26 2
149 88 1
177 180 4
106 160 3
23 152 1
144 89 3
188 24 4
130 48 2
31 59 1
21 99 4
12 85 1
183 42 2
137 55 4
57 153 4
69 118 1
47 139 2
23 94 2
22 158 1
13 57 4
138 9 4
48 7 2
113 111 3
190 192 4
156 149 3
78 106 3
6 129 4
161 152 2
135 85 4
81 117 2
189 186 1
147 190 4
64 87 2
140 117 1
153 136 4
26 153 4
83 119 4
95 160 1
116 131 2
53 85 3
32 82 3
88 26 3
151 114 1
45 1 1
149 19 1
80 35 1
126 53 1
161 39 4
120 166 1
77 78 2
151 145 1
161 88 4
132 54 1
6 70 3
162 30 4
73 89 4
146 156 2
28 15 2
138 55 3
135 14 2
188 139 2
172 70 4
54 76 3
33 3 4
119 58 1
150 67 4
133 174 1
4 15 2
38 75 4
166 19 3
78 178 4
142 91 2
135 114 4
95 159 3
48 196 4
35 161 4
126 28 3
109 98 2
161 83 2
61 82 4
106 73 2
146 117 3
191 182 2
193 177 3
22 56 2
92 124 2
26 38 4
175 177 3
49 55 4
116 163 3
80 55 4
123 177 1
183 62 4
69 21 1
141 104 2
83 8 4
91 34 4
96 188 1
172 115 2
145 68 2
143 85 3
41 165 3
4 105 2
33 55 4
82 74 3
99 169 3
128 44 1
153 50 3
188 97 4
120 163 2
103 92 2
37 157 2
48 171 1
176 37 2
87 156 3
107 9 3
160 115 1
156 29 1
14 43 4
154 187 1
134 97 4
9 96 2
19 49 3
76 105 3
165 156 1
162 139 3
170 94 4
25 74 2
104 72 3
41 166 4
39 40 1
33 125 1
154 46 4
55 78 2
193 138 4
54 87 2
128 108 3
2 100 4
104 166 1
121 58 4
97 74 4
4 96 4
171 112 2
22 89 4
78 169 3
195 17 3
193 95 3
47 52 3
60 1 2
158 1 1
49 92 4
39 174 2
0 136 2
114 124 1
181 187 2
6 149 2
5 185 4
132 16 3
90 25 3
99 111 1
122 166 1
157 131 4
59 15 1
143 6 4
150 29 4
45 174 1
3 158 1
85 23 2
106 120 3
120 84 2
29 120 4
169 152 4
147 86 3
102 56 4
130 25 2
190 105 4
54 148 1
150 108 4
43 125 2
11 10 4
0 11 3
108 179 1
71 63 2
162 8 2
115 128 1
37 29 1
66 34 4
109 61 1
19 99 4
30 15 2
135 92 3
157 88 2
179 71 1
47 21 1
109 177 2
21 120 1
63 87 1
97 6 4
9 79 4
198 11 1
132 19 1
132 162 2
19 57 1
78 81 4
1 177 3
40 137 2
146 168 4
170 193 3
177 162 3
141 169 3
4 90 1
178 58 2
20 114 3
36 24 2
37 140 1
26 169 3
76 197 3
19 27 4
97 142 4
71 128 4
67 103 1
58 80 3
154 179 3
193 35 2
64 23 3
154 69 1
69 92 2
47 66 4
22 31 3
179 76 4
13 145 1
91 50 1
192 12 3
43 143 1
67 88 3
91 84 3
136 71 1
65 159 1
10 139 2
126 26 3
44 23 4
135 144 4
107 139 1
129 125 4
0 66 3
52 0 3
26 45 4
21 3 1
13 47 2
138 7 1
80 52 4
102 32 3
72 9 4
141 155 4
67 138 3
196 141 1
39 87 2
123 196 4
17 148 1
166 73 1
1 178 3
101 163 1
171 181 3
124 174 3
10 68 3
189 187 3
198 139 2
88 9 3
7 49 3
151 108 1
1 127 3
177 183 3
138 190 3
86 45 1
103 156 2
53 90 2
16 177 3
33 63 1
26 125 4
122 117 2
174 56 1
54 112 2
148 66 3
119 99 1
140 47 4
51 42 1
53 160 2
179 43 2
109 129 3
98 84 1
7 13 4
140 33 3
139 65 1
112 178 3
53 45 4
7 31 2
32 166 2
9 80 1
85 34 2
112 63 4
24 193 4
102 10 2
142 133 2
151 31 4
31 79 3
142 60 1
195 175 3
9 168 3
9 100 2
193 28 3
19 153 1
182 158 3
36 102 3
165 35 4
127 68 4
71 197 3
97 44 2
166 87 3
119 136 4
197 169 4
139 138 1
183 194 3
163 65 1
93 96 2
81 179 3
137 4 1
155 95 3
84 111 1
120 40 3
196 30 4
176 31 3
161 164 4
127 31 2
90 188 3
184 62 2
179 66 1
199 6 2
108 146 2
24 151 4
21 45 4
37 141 1
4 26 1
163 59 3
41 163 3
72 154 4
26 23 3
159 104 1
83 19 2
122 7 2
175 54 1
35 179 4
25 177 3
156 161 4
144 88 1
95 46 3
70 10 2
136 79 3
62 176 3
30 19 1
55 29 3
12 64 2
153 113 1
97 17 4
29 114 2
184 127 4
127 83 1
133 97 4
178 59 1
134 31 2
40 42 3
13 68 2
55 167 1
47 183 1
20 109 2
63 126 4
164 131 1
30 144 1
181 23 4
66 91 1
161 191 2
9 105 3
48 47 4
136 18 4
120 64 4
184 180 4
142 181 1
58 10 1
111 115 4
73 3 4
134 109 4
178 38 3
114 86 2
91 20 3
129 143 3
110 44 2
31 88 1
18 1 3
161 74 4
101 120 4
90 172 4
124 196 4
29 100 4
70 104 2
27 90 2
101 135 1
166 8 4
79 63 2
51 94 1
155 22 3
92 35 2
50 40 2
86 62 2
157 117 3
26 127 3
173 36 3
37 186 4
75 43 1
43 163 1
172 185 2
184 141 4
131 97 2
143 33 2
85 83 3
25 65 1
41 180 4
134 193 1
163 156 4
71 117 3
165 192 4
111 95 2
13 126 1
105 36 4
31 58 3
168 140 3
44 100 3
187 155 1
102 121 2
56 49 4
17 21 2
111 122 2
168 56 2
77 128 3
75 118 1
174 61 4
7 92 2
117 99 1
68 135 3
91 25 3
119 176 3
113 62 4
141 19 1
62 44 4
155 58 4
195 70 2
50 72 4
39 69 1
118 192 1
193 72 4
58 190 2
169 2 4
48 114 3
128 47 3
186 136 2
7 170 1
9 152 3
106 97 4
176 13 4
198 20 4
159 178 2
123 148 1
3 191 3
99 115 3
50 61 4
186 69 3
113 181 4
29 76 2
9 3 3
28 26 2
121 52 2
151 115 1
56 169 1
93 56 3
122 78 2
128 88 2
155 162 4
4 129 2
58 165 4
8 28 2
140 161 1
57 135 3
90 47 4
78 119 4
19 172 1
64 196 1
120 53 2
68 106 4
66 194 2
155 158 4
134 22 1
158 26 1
53 186 4
38 160 3
151 39 2
51 74 3
115 96 2
141 148 3
50 75 4
171 0 2
67 167 3
72 25 1
146 149 2
193 99 1
63 114 4
147 142 4
119 39 1
136 132 4
75 89 2
112 186 3
88 20 3
164 189 1
75 44 3
166 130 2
192 42 1
174 98 2
187 63 2
34 17 2
198 38 3
163 135 2
90 166 1
30 105 1
103 142 3
162 58 3
156 175 4
101 4 1
83 139 1
33 110 2
155 11 4
51 30 4
28 66 1
134 157 2
89 91 2
77 182 2
95 90 1
46 71 2
170 58 4
71 150 3
157 109 4
76 102 3
178 127 1
115 84 1
105 90 1
137 159 2
48 172 1
17 82 1
16 109 2
144 3 1
49 199 4
76 85 1
100 191 4
107 94 2
158 33 4
40 163 3
107 76 3
178 163 2
134 89 1
168 48 1
70 141 1
98 167 2
88 2 4
139 179 4
149 147 4
74 124 3
20 146 2
102 57 2
159 38 1
56 28 2
122 37 2
191 129 3
185 12 3
3 96 4
73 97 1
177 10 1
160 107 2
132 173 3
41 60 2
77 82 4
31 26 2
14 198 1
111 15 1
15 178 1
151 4 1
114 83 4
175 42 3
185 160 3
86 107 4
171 130 3
199 23 3
56 156 3
58 12 2
72 47 4
109 110 3
130 188 3
182 64 4
28 1 2
14 32 4
164 78 1
49 80 4
195 111 1
123 165 3
64 194 4
156 88 3
46 197 3
56 192 4
33 95 1
126 191 2
17 122 3
38 66 1
148 62 4
131 160 2
78 180 4
131 47 1
191 36 3
80 127 2
108 43 2
97 42 4
138 66 2
162 66 3
128 81 3
155 38 2
126 198 4
0 107 2
45 188 1
179 60 1
34 46 3
59 9 2
90 77 4
192 26 3
186 89 2
116 75 1
193 183 2
46 33 3
104 179 3
3 17 2
13 22 4
96 144 4
51 183 4
44 177 3
11 88 4
38 175 3
99 178 1
164 190 2
9 166 4
58 104 3
60 34 4
177 24 3
109 111 2
18 157 4
78 76 4
93 43 3
92 16 3
56 100 3
65 94 1
27 67 2
107 164 1
31 10 4
112 21 4
36 116 2
22 5 2
167 63 2
157 193 4
117 67 1
43 1 1
114 166 3
164 27 1
147 64 1
198 181 2
198 96 2
70 83 1
133 78 1
110 100 2
125 156 4
90 100 3
55 21 2
186 22 4
109 120 3
172 197 3
180 119 2
52 33 1
117 68 4
186 21 4
191 75 3
80 12 1
179 178 1
115 98 1
65 191 1
133 62 1
137 157 1
161 66 4
14 128 2
109 28 4
197 100 2
103 85 3
130 115 4
24 0 4
61 84 4
92 73 2
147 180 1
40 24 3
184 25 2
20 30 2
146 18 4
7 144 2
99 51 1
198 173 2
62 181 2
179 124 1
158 39 3
170 4 3
189 12 4
128 118 2
159 192 2
46 126 3
60 71 3
32 29 3
48 138 1
72 183 4
121 68 1
176 167 4
69 142 2
0 19 1
90 197 3
20 14 3
185 8 1
192 76 4
88 86 4
82 9 3
142 64 4
158 37 4
141 79 2
59 165 2
197 25 4
20 161 3
57 155 3
2 143 2
84 55 2
126 174 2
46 12 2
25 15 4
97 141 4
71 21 4
57 23 4
145 42 2
179 175 1
185 13 3
143 93 4
52 179 2
125 118 1
64 42 2
55 173 3
128 85 4
88 55 1
13 42 1
125 196 1
185 59 1
147 141 1
123 94 2
0 49 4
28 197 4
181 145 4
148 35 3
135 99 4
118 150 3
191 141 3
136 64 3
109 124 1
123 182 4
132 199 3
106 138 1
144 128 2
93 73 2
189 18 3
112 135 1
157 30 1
173 191 3
167 196 4
59 183 3
165 91 4
85 52 2
157 94 4
179 34 4
156 50 3
36 114 4
5 70 2
146 170 2
48 24 4
48 13 1
89 188 2
175 21 3
6 127 3
137 70 3
80 4 1
1 9 4
98 73 3
159 148 4
128 21 1
158 36 1
53 46 4
97 182 2
59 111 2
45 58 1
184 3 2
26 41 3
151 78 2
191 24 4
160 183 2
110 126 2
21 73 1
20 103 2
195 19 2
166 39 1
56 148 3
156 151 4
134 123 3
150 75 2
135 62 2
66 18 3
131 40 4
177 184 2
12 33 4
147 152 2
48 148 4
31 93 4
108 3 3
51 33 3
108 187 2
18 181 4
124 14 2
159 91 1
164 64 3
101 35 2
49 181 3
69 95 4
130 70 2
39 136 2
107 173 1
124 106 3
60 2 4
76 141 4
59 19 2
17 185 3
90 176 1
187 198 1
137 100 1
160 73 4
72 121 4
174 93 4
32 110 2
162 184 4
52 161 1
109 11 1
68 48 1
4 120 1
193 40 3
40 198 3
159 142 4
5 49 3
156 53 3
111 83 4
79 57 3
122 58 3
159 74 3
77 25 1
4 167 1
94 195 4
182 105 1
63 183 2
114 121 1
82 93 1
47 83 4
120 160 4
195 92 2
193 175 3
123 154 1
30 127 3
46 171 3
186 81 4
165 11 3
112 182 2
108 183 1
106 126 2
59 155 1
5 199 3
122 35 4
116 185 4
115 137 1
99 157 2
2 76 2
25 161 3
147 125 1
12 79 1
103 149 1
127 114 4
10 71 3
101 39 2
177 69 4
116 18 3
192 102 3
74 177 1
178 97 4
199 80 3
65 170 4
76 36 3
169 30 4
160 110 2
88 131 2
46 124 2
14 71 3
82 186 1
77 150 1
83 190 3
137 144 1
38 91 4
97 185 4
80 105 4
20 8 2
43 189 1
125 60 1
180 44 3
117 63 1
60 46 3
10 101 3
171 95 3
81 0 2
65 165 3
53 162 2
64 14 1
87 187 3
134 155 2
20 94 1
184 114 3
152 8 1
140 70 4
83 1 1
5 123 2
114 6 1
136 44 4
5 164 3
22 91 3
81 166 2
161 38 4
138 118 1
50 169 2
13 31 4
22 94 3
143 59 3
122 72 1
146 100 4
168 33 1
179 114 1
69 40 2
128 182 1
193 15 1
86 33 4
9 101 2
141 64 2
73 174 3
196 162 4
127 113 3
100 89 4
174 147 1
1 159 1
23 99 4
139 199 2
105 117 1
198 176 2
52 199 3
104 48 1
90 150 3
2 69 2
84 9 4
120 187 4
75 102 2
174 139 1
178 174 1
26 163 4
147 59 2
22 96 4
173 116 4
197 48 4
8 191 4
113 116 4
116 145 1
66 3 4
19 71 2
8 127 4
177 79 2
138 131 2
159 174 1
81 10 4
36 133 3
71 93 3
156 120 4
112 108 1
180 45 4
59 189 4
13 35 3
82 64 1
92 126 1
88 8 1
186 150 2
89 153 2
58 41 3
184 193 1
184 183 4
167 185 3
165 54 3
15 163 1
154 71 2
9 30 1
92 111 1
158 126 1
102 132 1
76 11 3
66 64 1
47 173 1
102 122 3
50 162 2
4 99 4
44 174 3
5 169 4
94 2 2
71 140 1
31 142 3
35 11 1
19 68 3
183 26 2
41 55 3
166 91 4
22 48 1
47 172 4
88 32 3
73 108 4
82 95 4
162 69 3
141 138 4
71 95 3
143 53 4
27 177 1
68 82 4
62 57 1
63 156 2
129 103 1
137 1 1
174 176 4
165 184 1
10 144 3
137 57 2
108 155 3
98 105 1
88 63 2
110 70 4
176 48 4
180 158 3
109 48 4
74 67 3
22 43 2
118 188 3
72 188 3
13 49 2
91 26 3
13 189 2
189 143 1
49 71 1
58 21 1
182 38 1
56 91 2
7 121 3
181 26 1
61 126 1
145 137 3
89 152 3
90 141 1
166 37 4
161 98 1
58 13 4
9 32 4
143 166 4
167 120 1
159 90 1
167 5 2
148 135 2
40 86 3
86 87 2
12 121 4
75 107 2
188 68 2
176 84 3
51 110 1
149 126 2
190 53 2
63 186 4
76 153 3
146 34 1
25 10 2
125 45 1
24 133 4
107 32 1
141 42 3
128 197 1
104 64 1
150 40 1
120 85 1
172 97 4
114 138 1
160 6 2
131 5 2
93 194 4
155 7 2
182 120 4
170 0 3
14 177 2
28 89 2
84 194 1
143 45 2
112 181 4
175 13 2
31 46 2
68 123 2
82 167 1
52 191 2
118 140 1
196 73 4
37 18 4
25 127 4
75 181 1
86 163 1
191 179 3
4 34 1
84 76 4
167 170 2
141 149 3
192 175 3
55 109 2
39 79 3
163 102 3
146 29 1
177 149 1
71 97 4
150 8 3
65 43 2
154 175 2
74 191 4
108 121 2
136 94 4
139 44 1
102 103 2
31 172 3
151 84 2
8 11 4
152 166 1
181 58 2
40 170 2
133 63 4
166 24 3
25 23 1
193 75 1
72 145 4
182 157 4
120 179 2
126 177 4
151 54 4
68 133 1
0 35 2
114 175 2
171 164 1
113 126 4
27 40 2
50 177 1
124 88 1
146 28 1
33 90 3
166 31 2
100 117 1
80 129 2
21 195 2
160 89 2
130 139 3
67 141 2
1 153 3
3 197 2
147 154 1
6 151 3
84 69 1
127 47 1
197 19 3
47 148 4
45 12 3
31 103 2
67 183 1
50 63 4
162 195 2
75 51 3
99 180 4
129 40 1
44 171 4
33 190 1
8 81 1
146 61 2
147 137 1
59 133 3
34 25 2
85 136 4
192 139 3
18 28 2
156 171 1
163 188 4
128 167 2
129 26 1
169 138 4
142 1 4
153 154 3
127 54 3
120 78 4
143 34 2
12 42 1
140 34 1
104 28 2
14 181 3
10 179 1
88 7 3
187 26 2
16 96 1
75 37 4
48 194 1
47 194 2
15 176 3
67 124 2
181 64 1
154 120 2
97 184 4
48 78 2
182 180 4
81 169 4
147 40 1
144 91 3
133 179 1
195 100 1
90 129 1
198 75 1
19 95 3
93 46 2
13 135 3
26 67 3
1 122 2
128 27 2
148 93 4
95 197 3
32 183 3
198 12 1
84 87 3
132 93 2
114 5 1
44 195 2
95 40 1
83 174 2
171 93 2
63 199 1
121 171 2
162 61 3
116 79 3
186 0 4
126 184 3
154 7 3
187 192 2
38 131 2
35 18 4
51 182 4
133 120 1
3 146 3
23 157 2
25 33 3
57 160 1
71 43 2
1 63 2
127 175 2
131 31 2
145 77 2
27 179 4
36 41 1
168 145 4
136 86 1
25 157 1
83 121 4
89 25 2
5 80 3
56 134 4
101 186 1
195 185 2
29 71 2
42 154 1
67 197 2
33 141 2
8 32 3
46 110 2
96 29 2
175 26 2
96 18 1
6 71 2
29 178 4
152 179 1
143 118 4
140 21 2
83 185 2
189 139 4
170 142 3
172 191 3
194 34 2
93 37 3
21 130 2
43 146 3
83 95 3
25 198 3
105 69 2
59 144 1
106 182 1
143 58 1
115 127 2
80 110 1
74 171 1
178 123 4
112 140 2
191 60 4
58 38 2
90 146 1
8 99 4
26 58 2
147 26 2
29 152 4
100 35 1
88 138 4
68 57 4
93 156 2
118 39 3
189 129 4
157 129 2
44 94 2
100 120 2
10 40 1
184 1 4
11 40 3
89 145 2
191 54 1
180 12 4
34 141 1
63 66 4
173 114 1
141 30 1
7 46 1
190 41 4
150 1 4
118 158 4
60 19 1
23 72 3
79 183 4
137 75 1
139 25 3
41 94 1
192 92 4
126 153 3
193 129 1
46 118 1
84 67 4
117 168 3
167 156 1
184 107 3
145 5 1
79 185 3
13 90 3
104 187 1
106 180 4
162 181 4
181 9 2
22 73 3
177 45 2
103 159 4
154 25 4
170 43 3
68 78 1
24 164 1
174 75 1
66 175 3
37 194 1
116 48 3
47 101 1
160 90 1
112 84 1
40 22 2
126 133 4
146 40 4
20 83 2
49 23 3
167 180 3
91 61 3
36 58 4
29 126 1
3 75 4
9 67 1
95 174 4
192 189 4
118 157 1
195 123 4
129 74 1
197 137 1
147 111 4
187 71 3
50 39 3
131 146 1
99 198 2
190 118 4
37 171 1
128 26 4
75 21 1
148 121 2
18 85 4
178 110 2
16 13 2
60 151 2
18 32 2
134 169 4
19 163 3
141 71 4
45 99 3
79 121 1
18 0 2
144 190 4
13 36 2
2 142 1
74 84 3
66 146 3
185 67 3
163 118 1
132 11 3
32 180 3
68 51 1
44 21 2
5 31 4
90 127 1
48 139 1
184 44 2
122 136 3
136 173 2
6 136 1
29 48 4
58 76 3
63 179 4
190 95 4
61 14 1
29 153 4
46 24 3
172 93 1
121 185 2
71 84 3
74 162 3
129 114 1
21 151 1
3 82 4
188 101 1
51 130 2
68 88 4
105 42 3
71 36 1
89 136 3
24 168 2
110 35 3
50 185 3
165 21 3
147 143 4
123 80 4
148 112 3
182 85 4
15 157 3
118 54 1
103 198 2
181 90 4
8 50 3
91 16 3
58 11 1
177 154 3
91 64 2
71 142 1
134 146 4
29 139 2
170 35 2
109 99 2
4 84 2
94 162 1
92 155 1
26 59 4
111 146 2
82 51 1
73 144 1
25 156 1
164 151 3
145 199 3
197 147 1
46 142 3
151 83 2
105 78 4
13 153 2
184 131 4
140 156 2
117 46 1
6 165 4
190 116 3
119 55 3
171 66 1
77 183 1
17 114 2
16 41 2
124 122 1
124 160 1
60 166 1
174 59 4
122 20 1
22 100 4
73 38 4
165 121 2
155 147 1
64 98 3
107 25 1
151 62 2
164 80 1
183 18 1
88 4 2
103 61 2
58 40 2
28 164 1
132 38 3
174 196 4
66 39 4
52 135 1
182 100 4
171 179 2
71 110 2
141 157 3
81 189 3
167 158 2
40 57 2
142 58 1
80 183 1
78 181 1
10 135 3
101 54 4
118 170 4
189 35 1
87 2 3
183 150 4
78 117 3
174 31 1
155 47 1
45 191 2
25 41 1
167 116 1
45 42 1
132 44 3
43 148 3
96 178 4
72 136 4
8 165 4
56 25 3
120 30 4
153 145 2
167 12 1
33 156 1
62 189 4
65 83 1
65 178 2
134 71 2
4 63 3
154 169 1
134 37 4
67 78 4
