1225 50
0 28 6
28 22 2
0 10 7
28 29 5
28 17 1
17 49 3
17 39 8
17 30 1
30 27 8
27 14 6
49 1 1
39 20 6
49 46 8
27 4 4
39 3 3
22 32 2
27 33 4
30 15 1
1 31 1
10 38 1
29 24 7
20 42 7
28 37 9
0 45 1
14 8 7
30 35 5
8 26 9
49 47 5
42 40 4
14 25 6
29 18 1
1 21 9
38 16 4
24 41 2
21 23 8
20 36 7
18 34 4
37 6 1
23 9 4
33 11 1
15 43 1
49 44 9
43 13 9
47 7 5
29 2 6
16 19 5
20 5 6
3 48 8
46 12 1
45 15 2
47 5 1
23 37 3
7 32 1
43 14 2
31 18 4
45 6 4
37 44 2
33 24 1
14 41 1
7 37 4
43 48 1
29 22 1
41 4 4
32 3 1
28 40 2
18 8 2
19 35 1
12 32 2
25 20 4
40 26 3
19 27 4
24 31 3
37 2 2
23 3 4
12 0 1
23 42 1
3 8 2
22 48 1
23 49 3
1 20 3
25 8 4
16 24 3
23 24 2
1 28 3
35 5 1
40 3 2
34 47 4
30 23 4
1 36 2
34 45 4
13 47 3
16 36 2
16 40 1
49 7 4
28 13 4
38 42 2
30 48 3
6 21 3
46 28 1
11 43 1
9 18 2
37 24 2
48 4 1
11 37 3
25 23 4
30 22 2
9 7 1
44 15 3
29 35 3
38 37 1
14 35 4
40 1 4
5 17 4
20 29 4
19 26 2
35 31 4
30 45 3
48 31 2
21 45 2
11 8 1
3 17 1
29 38 4
43 17 4
15 2 3
15 28 2
2 49 1
37 4 4
31 40 3
10 2 1
44 8 2
21 12 4
29 33 4
5 14 2
44 14 4
43 0 2
4 12 4
21 35 4
16 47 2
22 8 1
46 48 3
38 22 1
28 10 2
42 6 4
24 4 3
19 13 4
38 35 2
36 42 1
13 1 2
49 40 4
24 22 1
42 0 4
5 18 4
12 2 3
40 15 1
9 22 4
46 35 4
37 16 3
47 29 1
4 38 3
28 36 1
35 18 1
40 11 2
26 16 1
37 17 3
33 19 1
31 19 1
10 43 3
13 36 1
33 4 4
42 21 1
15 14 1
12 11 2
8 19 2
8 35 1
15 35 2
22 31 4
3 19 3
5 27 1
44 0 1
7 23 2
49 29 4
41 27 3
28 42 3
8 12 1
33 18 2
6 22 1
31 42 3
26 25 3
6 4 3
2 25 3
44 43 2
31 17 2
13 11 2
46 47 1
3 27 2
24 0 1
20 8 3
7 15 4
13 34 4
26 30 3
48 14 1
14 23 2
1 33 2
4 19 3
34 11 2
39 23 3
29 10 3
35 1 1
20 9 4
30 11 1
9 43 3
26 31 1
49 28 2
40 22 2
41 49 2
13 49 2
3 29 3
48 24 3
8 21 1
46 16 4
0 2 1
47 25 3
7 31 3
5 13 3
26 10 2
30 6 3
29 45 2
18 26 4
43 4 3
6 31 1
48 8 3
35 48 4
40 39 2
27 38 4
33 39 3
47 39 2
37 25 1
2 4 2
32 9 4
23 6 1
46 24 4
38 32 2
19 2 3
20 21 1
0 20 3
5 1 3
17 8 3
6 25 2
44 24 2
34 7 2
46 13 4
46 6 4
38 48 1
27 47 2
31 13 4
43 18 2
42 14 2
28 11 3
27 9 4
29 19 4
46 2 2
30 2 4
22 5 1
3 35 3
32 14 4
4 29 4
0 6 3
39 18 3
49 15 2
40 14 4
37 45 3
24 34 4
2 38 1
36 18 1
48 15 1
30 33 1
38 12 2
13 42 3
33 37 3
35 39 1
13 30 3
36 23 4
25 36 1
33 21 4
47 9 2
41 38 3
13 8 1
6 34 1
22 12 3
29 16 2
26 38 2
24 10 4
14 37 2
34 46 3
6 11 3
18 32 2
48 40 4
48 47 1
32 0 3
26 47 1
15 23 4
9 16 2
32 27 3
18 2 4
7 20 1
26 13 1
34 12 2
3 18 2
0 31 3
27 21 3
16 17 1
25 40 2
6 38 2
33 20 4
27 44 1
5 24 4
49 24 1
24 2 3
11 14 3
28 45 3
38 24 2
6 29 2
33 41 2
15 33 2
22 23 2
4 25 3
29 34 2
10 8 4
13 45 3
20 23 1
13 2 3
25 1 1
7 24 4
25 31 4
47 35 3
38 28 1
7 36 4
32 11 3
39 1 1
28 6 4
19 43 3
15 1 4
1 32 4
49 6 1
49 42 4
46 40 4
27 29 4
41 15 2
1 18 4
17 4 3
32 19 2
12 18 3
26 1 2
10 17 2
21 24 1
5 11 1
37 5 4
9 17 2
22 25 4
48 45 1
21 5 2
43 31 4
49 14 1
41 46 4
21 26 4
49 26 4
19 21 2
36 48 2
43 34 2
48 33 2
43 24 4
16 3 2
27 1 4
42 2 4
40 29 3
6 35 3
7 14 4
43 5 2
0 30 1
2 27 2
40 32 3
41 23 3
1 12 3
7 27 1
12 30 2
34 25 2
41 29 4
3 26 3
15 29 1
4 18 1
29 44 3
46 14 1
12 15 2
1 48 2
22 4 2
38 20 1
31 2 2
48 41 2
11 45 2
41 5 4
48 9 4
36 27 3
16 10 4
3 15 4
24 45 2
15 26 1
18 19 3
30 25 2
30 3 2
45 17 4
24 8 3
41 9 1
1 10 3
4 45 2
42 39 2
45 49 3
38 5 3
6 32 1
3 1 4
14 33 1
20 47 3
25 19 4
30 39 4
0 27 1
39 0 2
6 2 3
11 3 3
25 28 3
7 48 4
21 10 3
40 12 2
10 45 1
5 49 1
15 34 2
25 16 2
41 34 4
0 16 2
22 33 4
5 16 1
17 21 1
15 5 2
8 16 2
6 8 4
28 43 3
22 47 2
36 15 3
45 5 3
11 22 4
10 3 4
26 9 4
1 45 4
11 25 1
12 47 2
48 23 1
25 17 2
14 24 3
38 39 4
40 33 4
34 39 3
38 9 3
36 35 1
29 14 1
41 42 4
27 20 3
0 18 1
23 18 1
39 5 1
2 8 1
15 21 4
4 47 4
32 21 1
49 38 4
14 13 2
35 25 3
15 31 2
17 47 3
17 2 3
11 26 1
28 31 1
45 40 1
3 7 1
29 0 2
14 28 1
1 8 4
29 25 3
6 16 3
38 19 3
26 5 1
41 6 1
28 26 2
42 33 2
27 16 2
11 15 3
37 9 1
34 38 4
6 13 4
16 15 3
3 49 3
48 39 1
42 1 2
6 10 1
21 34 4
7 29 1
15 25 3
48 2 2
21 2 1
49 27 3
42 44 4
48 25 2
12 20 3
7 33 3
22 16 1
24 12 1
9 19 2
41 40 2
41 22 4
23 26 3
35 0 1
45 14 3
26 12 1
18 7 4
4 23 1
37 43 1
46 7 4
37 34 1
3 42 1
13 9 4
27 23 3
36 39 4
3 41 1
7 44 4
42 16 2
44 1 3
13 32 1
45 3 3
40 10 3
17 12 4
36 2 4
21 31 3
10 23 2
6 36 3
20 11 1
9 31 4
13 20 4
47 6 3
35 22 4
4 20 3
27 24 4
44 2 2
22 2 4
39 14 1
28 9 3
10 9 2
26 42 2
23 19 2
38 36 2
15 32 1
39 31 1
4 13 3
4 21 4
49 10 1
28 4 2
18 17 1
18 14 2
5 30 4
36 30 1
10 18 4
37 20 3
3 21 1
46 44 4
19 44 2
11 42 2
16 43 4
9 42 2
25 46 4
11 1 1
11 27 1
33 45 1
36 14 3
10 41 2
38 1 2
39 10 1
44 34 3
34 35 2
49 8 4
9 33 4
49 35 4
18 37 2
33 38 4
44 11 2
22 20 4
19 20 3
16 4 2
8 5 3
23 16 2
39 37 3
33 3 2
35 37 2
18 11 4
15 27 2
32 8 4
44 20 3
1 37 1
4 9 4
2 7 1
33 13 3
45 20 3
38 40 4
5 36 4
33 31 1
35 20 4
16 49 4
9 14 3
36 49 3
31 30 4
35 26 4
20 14 1
45 23 3
49 22 4
29 5 1
9 35 4
30 14 3
32 23 1
33 23 3
22 18 2
16 41 4
14 16 2
31 16 1
1 7 1
29 1 1
14 10 1
41 39 2
24 25 2
22 0 4
43 38 4
47 28 3
8 43 1
18 46 2
37 19 4
45 35 2
12 19 2
33 28 3
26 39 2
39 22 3
39 7 3
32 20 1
44 33 2
9 12 2
19 30 4
7 0 1
30 28 1
8 31 3
12 39 4
35 44 2
6 12 3
30 38 2
30 29 1
21 46 4
4 31 4
46 36 2
21 0 4
5 44 2
35 10 1
33 0 2
41 18 2
16 48 1
11 36 1
46 45 4
11 4 1
32 43 4
32 37 3
44 13 2
33 35 1
35 40 3
21 25 4
13 17 3
2 16 2
39 29 2
25 38 4
4 44 4
4 3 3
3 43 3
41 30 3
9 21 1
36 21 3
0 25 1
0 9 1
17 27 1
15 39 3
39 8 1
22 43 1
9 49 4
46 43 1
42 10 4
34 1 3
30 43 3
19 45 4
25 27 1
23 43 4
17 24 4
14 3 4
4 42 3
37 21 1
31 49 2
17 48 2
6 44 1
41 2 2
4 10 4
2 33 2
41 31 2
32 44 3
42 30 2
48 10 4
15 9 3
6 9 1
23 8 3
43 29 3
36 22 3
3 44 3
26 33 3
12 23 3
44 17 2
11 24 2
9 24 1
6 43 3
10 15 1
0 26 3
24 28 1
20 40 2
23 1 3
7 17 3
46 15 1
31 32 2
12 5 2
9 25 1
12 25 3
27 46 2
36 4 2
31 37 3
35 13 3
32 45 4
16 18 3
5 23 3
48 21 4
34 48 4
16 13 1
28 12 3
13 7 3
5 0 2
34 23 2
42 43 2
47 14 3
10 12 1
38 46 4
48 0 2
49 34 3
6 18 3
6 17 2
15 19 1
40 9 4
23 47 2
24 42 3
30 7 1
14 12 3
24 35 2
23 35 4
6 26 1
22 21 3
41 7 2
17 20 3
18 30 4
16 28 1
14 38 2
31 5 3
19 6 2
44 21 2
32 5 1
19 34 2
35 4 3
17 35 1
5 48 1
44 45 4
15 20 4
40 36 2
34 31 3
6 15 4
26 36 3
18 45 4
23 2 4
8 7 1
6 1 2
23 0 4
36 8 1
45 2 4
47 44 4
11 31 3
17 1 2
25 43 4
27 6 1
22 45 2
46 26 1
32 48 2
27 40 3
21 30 1
7 28 3
36 32 2
20 28 2
1 4 2
16 12 4
47 31 3
40 44 4
45 43 1
11 21 2
21 38 3
6 33 4
14 34 3
14 6 2
32 4 1
22 17 3
8 29 3
13 41 3
46 23 1
44 22 1
45 9 4
2 40 2
30 8 4
21 39 2
8 37 3
19 17 1
3 22 1
20 16 3
8 33 4
9 39 4
8 0 2
10 44 2
29 36 4
28 21 1
38 44 1
13 29 4
46 8 2
30 20 4
29 37 3
18 21 2
1 14 3
24 15 1
41 19 4
42 8 3
31 36 1
36 34 1
46 5 4
1 46 3
41 25 3
19 40 2
47 18 2
16 35 2
38 13 4
38 7 4
7 40 3
10 5 1
14 2 3
47 42 4
16 7 3
22 13 2
40 8 3
11 46 4
20 10 3
7 11 2
24 30 3
13 15 3
44 36 2
14 4 4
45 36 3
39 6 2
17 14 1
27 35 1
15 17 1
12 36 4
27 10 4
6 20 4
38 45 2
12 42 2
7 5 1
41 8 3
39 4 2
37 12 1
30 1 3
40 43 4
18 15 2
32 47 4
46 31 4
48 11 3
41 44 2
22 15 3
8 47 2
49 19 4
41 17 2
44 31 2
15 4 4
19 24 2
15 0 2
7 35 1
15 8 2
11 41 2
27 12 1
37 10 2
3 0 3
18 24 2
17 34 1
16 11 4
5 9 2
26 17 3
48 13 3
39 16 3
37 0 2
48 42 4
28 34 3
6 48 4
21 13 2
21 16 1
10 19 2
46 32 3
36 47 2
16 33 1
0 1 4
19 14 4
11 35 2
10 32 4
25 10 1
13 25 3
9 44 1
32 29 4
11 19 1
0 40 1
10 33 4
3 2 3
39 49 2
17 23 1
33 32 4
13 10 2
37 22 3
14 21 1
32 39 4
26 44 2
25 39 3
29 42 4
7 42 1
34 27 3
40 34 1
19 39 3
7 4 1
27 31 3
49 25 1
39 13 1
47 21 3
38 8 2
30 4 1
0 49 4
43 2 1
20 34 3
20 3 2
11 39 2
23 44 4
26 7 1
42 18 4
42 17 1
41 45 2
21 49 4
36 41 4
11 47 1
49 43 3
7 6 1
37 48 4
17 29 4
24 36 4
32 16 2
45 25 4
20 41 4
17 40 4
16 1 2
31 23 2
48 27 3
26 32 3
25 33 4
32 34 2
39 45 3
31 29 1
2 39 4
40 18 2
37 13 1
47 0 4
5 4 2
41 0 4
49 12 3
40 24 1
19 5 4
0 38 4
41 47 1
11 49 3
33 5 2
40 4 4
45 8 2
20 48 3
12 33 4
36 37 3
1 9 4
9 29 2
35 28 1
43 41 4
30 40 1
16 34 3
30 44 1
37 15 2
38 23 4
4 26 3
43 27 4
26 45 2
36 3 3
29 26 2
46 9 4
17 38 3
0 11 4
34 8 1
25 32 1
22 34 4
33 47 4
28 44 2
35 42 3
40 47 2
5 42 3
8 27 4
22 42 2
2 1 2
1 22 4
31 14 1
34 4 1
12 35 3
34 3 2
28 32 4
46 3 4
27 37 1
26 20 3
9 30 1
17 33 2
24 1 4
1 47 4
49 30 4
26 48 1
10 47 1
4 49 2
37 42 2
44 25 1
46 42 1
0 34 3
26 22 4
28 5 1
48 28 1
29 21 4
19 46 2
32 17 4
20 46 3
45 42 3
29 46 1
39 24 2
43 1 1
43 39 2
20 49 3
36 19 4
20 2 2
28 19 3
18 27 3
35 32 4
44 12 4
32 49 1
24 13 2
9 36 1
19 42 2
3 9 4
17 36 2
49 48 4
40 21 3
45 16 3
2 9 3
37 40 4
47 15 2
24 32 4
34 26 2
22 14 4
0 36 4
3 47 2
7 21 1
43 33 1
7 25 4
3 31 2
4 8 4
11 29 2
47 43 1
5 34 1
23 29 4
9 11 1
12 41 1
48 12 1
30 47 2
19 48 3
28 27 4
13 0 1
43 26 4
49 37 3
23 13 3
47 2 3
43 35 2
41 37 4
11 38 4
34 33 3
5 3 4
19 47 2
32 42 2
30 34 4
47 45 4
41 1 2
38 31 3
5 40 2
43 12 3
5 25 3
16 30 4
2 11 4
18 48 2
19 22 4
3 13 3
37 26 3
18 28 2
43 36 2
4 0 3
20 18 2
22 46 4
23 11 3
5 2 3
45 27 3
18 38 4
21 41 2
44 39 4
39 27 4
26 24 2
31 12 4
28 39 2
43 20 2
31 10 3
27 22 2
13 18 1
7 10 1
7 45 2
0 46 1
3 37 2
7 43 2
3 12 3
27 26 4
36 33 2
42 34 1
44 48 2
24 3 2
32 41 4
8 28 3
15 38 1
23 40 2
37 46 1
2 26 4
8 9 1
5 6 2
41 28 1
47 24 3
22 7 3
40 6 1
30 10 1
12 7 1
10 46 3
11 17 1
42 15 2
6 3 4
0 14 2
0 17 3
38 47 3
34 10 4
18 49 3
37 47 3
42 27 3
37 30 3
35 2 1
12 45 4
34 2 3
46 4 4
38 3 4
21 43 2
41 35 1
6 24 1
28 3 3
44 18 1
30 46 2
19 1 2
42 25 4
46 33 4
46 39 4
30 32 2
25 18 2
34 9 3
0 19 2
10 11 2
48 29 3
45 31 2
7 19 4
27 13 3
10 22 2
49 33 1
2 32 3
16 44 2
10 36 2
17 46 1
23 28 4
24 20 1
40 13 3
13 12 4
14 26 4
26 41 2
2 28 2
3 25 3
31 20 3
12 29 4
