1225 50
0 6 8
6 38 7
0 35 1
0 13 6
38 2 8
6 16 1
2 8 9
0 40 8
0 43 8
35 25 7
25 14 8
16 39 9
38 10 2
16 26 7
26 5 4
43 19 4
39 18 9
38 11 1
43 1 7
1 20 3
16 33 6
0 27 2
1 4 9
6 49 8
40 21 8
0 29 4
38 41 5
25 48 4
27 17 9
10 45 8
26 28 7
21 37 3
13 36 2
11 47 1
39 32 7
16 46 4
39 23 4
25 30 8
14 24 6
1 22 2
40 15 9
41 3 7
3 42 3
0 31 2
36 12 1
37 9 5
38 7 5
40 34 9
40 44 2
4 36 1
9 44 4
38 14 1
35 6 4
17 9 4
47 36 3
23 31 2
46 17 1
36 2 4
31 16 2
3 29 3
18 12 4
47 48 1
26 19 4
11 30 4
10 4 1
26 46 1
17 0 3
33 7 2
31 30 4
19 33 3
2 18 4
0 28 1
24 39 2
14 21 4
4 12 1
7 17 3
49 15 3
42 22 4
40 31 3
15 25 3
38 35 3
2 11 1
47 37 4
1 13 2
1 30 1
49 38 4
11 44 4
41 23 2
23 46 3
5 36 1
39 43 3
10 23 4
0 7 1
23 29 3
43 24 2
22 12 3
15 13 4
44 48 3
46 9 1
42 20 2
18 5 1
48 12 2
46 8 1
0 24 2
1 41 1
7 28 1
24 4 2
5 40 2
40 41 4
15 36 2
42 43 2
8 12 3
35 40 2
27 32 1
37 7 1
48 23 2
39 42 1
17 20 1
10 42 2
3 49 3
29 42 1
34 6 1
6 24 2
5 10 1
45 40 4
2 32 4
19 29 4
32 28 2
8 39 1
28 12 1
13 11 2
43 21 3
1 9 1
11 43 1
8 42 1
48 3 2
41 21 1
38 46 1
29 35 1
22 18 2
25 40 4
20 34 1
7 41 1
11 15 2
24 9 1
19 2 1
49 39 1
24 22 4
41 26 4
33 32 4
47 6 4
9 43 4
21 1 3
32 18 4
43 44 4
49 17 3
7 24 2
37 44 3
24 33 1
41 14 4
2 30 2
30 44 1
28 44 1
23 7 3
24 13 2
10 16 2
30 4 3
39 33 1
32 23 3
42 14 4
44 23 4
10 40 4
30 36 1
43 35 2
17 2 3
22 43 3
15 19 4
26 40 4
1 10 3
48 17 4
30 33 2
45 22 1
1 26 2
13 46 4
37 28 2
16 0 4
48 7 1
18 26 3
26 37 2
36 26 3
9 40 4
16 47 3
33 28 4
32 29 1
33 14 3
34 29 2
39 10 4
30 40 1
43 40 3
35 14 1
33 43 3
25 26 1
42 47 3
21 23 3
45 42 4
41 9 3
17 36 3
19 24 2
0 10 2
45 1 2
22 13 2
13 42 2
42 36 4
39 41 2
42 21 2
1 37 2
16 9 4
8 40 1
9 11 2
14 12 3
8 7 4
49 21 2
33 26 3
24 32 2
47 26 3
4 26 1
37 49 2
42 4 4
5 28 1
14 9 1
20 25 3
18 19 2
25 31 2
8 21 1
41 29 4
17 28 3
37 32 4
15 35 4
15 32 1
9 21 2
40 47 4
42 25 1
25 9 4
34 46 2
11 36 1
13 33 1
3 34 2
8 9 3
10 25 3
13 25 1
17 34 4
10 30 3
35 16 1
43 16 2
8 27 2
41 47 1
21 31 1
29 45 2
33 3 4
29 37 3
35 5 2
2 47 2
48 36 1
49 11 1
32 8 1
23 35 1
44 3 1
31 41 1
36 37 4
1 39 1
13 2 2
6 25 4
4 43 2
18 27 4
0 37 3
31 14 2
33 48 4
48 2 4
49 35 1
28 4 4
6 48 4
46 1 2
41 49 2
34 33 3
38 18 2
23 11 2
17 31 1
36 46 1
22 17 2
26 8 4
11 37 3
1 38 4
36 29 3
46 41 3
22 40 3
28 22 4
37 41 2
9 6 3
41 17 2
22 16 4
12 0 4
0 9 2
21 39 2
5 32 4
29 7 3
49 34 2
35 19 1
36 7 1
29 33 3
38 16 1
19 17 1
6 27 2
5 12 4
16 15 3
2 43 2
19 38 4
27 46 2
30 39 2
30 23 2
18 37 3
15 41 2
38 17 4
31 44 2
23 1 4
28 3 4
20 26 2
13 48 1
34 47 3
27 30 3
14 18 4
18 21 1
31 36 2
36 39 3
31 37 2
47 30 4
34 1 3
43 32 1
22 44 4
42 26 2
19 10 2
14 1 1
40 42 2
38 26 4
43 5 4
11 32 1
35 11 3
49 36 1
35 7 2
10 27 3
37 20 2
28 45 3
0 8 4
2 25 3
21 33 3
36 8 4
27 37 3
44 29 1
44 41 2
49 1 3
42 11 4
5 38 4
26 24 1
34 14 2
33 35 3
41 2 1
11 5 4
49 22 3
1 36 4
6 18 4
25 16 4
6 43 4
47 14 4
40 14 3
28 8 2
43 20 1
4 46 1
2 26 3
10 7 4
49 29 2
28 27 2
25 17 2
39 11 1
24 38 1
1 47 2
5 22 3
41 12 2
2 20 4
22 35 4
0 2 1
28 41 1
49 12 2
37 35 4
7 49 3
11 29 3
8 13 2
1 3 1
44 14 1
42 46 3
16 41 2
2 46 2
4 39 1
42 48 2
37 4 4
31 48 1
33 8 3
22 29 3
32 45 4
9 18 1
34 37 4
41 19 3
18 8 4
12 1 3
21 28 1
17 16 2
14 6 1
35 13 3
6 15 4
28 48 3
42 31 3
6 12 1
15 2 2
11 10 4
46 35 1
8 41 3
35 30 1
4 40 4
44 6 3
40 3 3
45 5 2
21 36 4
15 43 3
16 8 4
38 28 1
46 25 4
34 35 3
47 22 2
41 27 3
33 44 3
45 26 1
25 23 3
27 24 4
36 40 1
28 35 4
42 34 4
10 21 2
11 3 1
49 10 3
43 17 1
48 39 3
8 35 3
19 47 1
2 7 2
19 36 4
29 46 3
29 31 4
48 21 2
46 40 3
11 18 1
20 6 3
15 17 2
40 23 3
30 49 3
49 45 4
28 43 3
39 3 4
12 27 3
35 10 3
3 12 2
21 3 2
35 36 3
18 24 2
4 5 3
18 33 3
3 25 3
25 28 1
1 16 4
34 16 4
48 9 1
12 7 4
24 10 1
16 32 2
34 19 2
11 20 4
14 22 3
24 20 4
27 38 1
12 26 4
4 16 2
25 5 4
46 11 2
14 17 4
45 43 1
30 21 4
45 0 2
6 26 3
13 5 3
18 41 2
45 19 3
5 24 3
0 48 1
49 18 3
46 14 1
22 9 1
46 5 3
28 1 1
8 5 2
17 11 1
24 29 2
17 8 4
17 39 1
29 43 2
40 38 1
23 27 2
5 42 2
48 18 3
22 39 4
23 3 1
39 7 3
10 15 2
48 8 1
48 16 4
37 13 4
29 17 1
22 33 2
44 18 4
47 39 1
39 26 2
38 4 1
7 6 4
48 34 3
37 16 3
23 42 4
21 25 2
3 46 3
24 17 3
38 42 2
21 22 2
10 46 4
42 27 3
23 17 3
38 25 2
34 5 1
49 46 2
31 7 2
33 41 3
24 34 4
0 39 4
6 40 2
34 44 4
6 10 1
29 21 4
1 7 3
21 27 2
34 18 1
18 25 1
37 10 4
11 19 3
34 10 4
49 48 3
12 13 1
27 1 2
3 18 4
48 1 4
45 41 3
7 19 4
17 33 4
4 3 3
37 42 4
8 15 1
20 0 1
13 28 1
4 2 2
16 30 4
45 11 2
31 19 4
45 3 3
46 37 2
39 40 1
12 10 1
43 38 2
25 0 1
24 35 2
47 23 3
2 31 2
48 19 3
22 25 2
36 28 3
8 49 3
40 20 2
20 33 4
29 39 1
27 7 4
19 20 2
25 12 1
34 26 4
26 3 4
1 33 1
20 44 2
41 35 4
42 0 2
21 11 4
36 20 2
47 15 1
43 46 1
25 37 2
34 22 4
22 38 4
48 20 2
14 45 3
20 14 1
23 20 3
44 38 3
37 3 1
28 42 3
38 3 4
26 13 4
2 39 1
38 15 1
30 48 3
41 43 3
19 27 3
30 22 1
46 12 1
44 35 3
36 3 3
35 42 4
24 40 4
12 47 4
4 11 1
21 20 4
30 14 3
47 44 2
43 27 4
21 32 2
6 19 4
4 48 3
31 38 2
13 9 3
16 44 3
47 45 4
4 18 2
34 4 4
2 23 4
23 12 1
22 20 3
36 41 1
2 29 4
8 22 4
30 24 1
7 30 1
43 10 4
4 21 4
18 30 3
5 6 2
0 4 2
24 12 3
25 1 1
39 5 4
34 32 1
0 47 3
0 22 2
12 17 2
30 9 1
5 15 2
4 47 1
26 35 2
29 20 4
6 41 2
42 15 3
10 20 4
23 49 4
46 6 2
25 29 2
41 20 2
2 45 4
23 15 2
19 49 1
37 30 2
23 22 1
9 15 1
27 36 3
7 13 3
35 31 2
13 31 1
34 12 3
32 41 2
12 30 4
12 42 1
22 7 1
3 27 1
49 25 4
32 7 4
21 24 3
10 3 2
4 31 3
25 4 2
28 15 3
12 31 1
11 31 3
14 29 1
32 35 4
32 6 1
27 45 1
36 9 1
1 24 4
26 14 4
28 11 4
24 37 2
46 45 3
34 27 3
41 48 4
42 32 4
1 31 3
39 46 3
15 34 3
6 22 2
29 27 1
31 6 3
2 5 4
29 48 4
43 8 1
4 23 2
20 30 2
7 5 3
24 42 2
29 38 2
16 7 3
9 12 2
17 18 1
2 35 4
1 18 2
14 0 4
26 27 4
25 7 1
29 47 4
37 45 4
35 4 2
44 25 3
47 8 1
46 21 1
24 23 4
5 17 3
16 18 2
15 26 2
45 17 2
43 18 3
38 33 4
13 43 2
1 19 2
9 2 4
14 36 3
26 49 2
29 5 2
33 6 2
31 32 3
5 44 2
2 27 1
3 35 1
5 31 4
25 8 2
45 30 2
36 44 2
5 0 4
37 38 4
8 6 2
3 6 1
46 7 2
21 34 2
37 12 2
46 15 4
23 34 2
45 35 4
32 36 3
25 36 1
26 31 1
0 33 3
31 45 4
13 18 4
35 20 2
3 22 3
2 37 3
28 6 4
38 13 3
12 38 3
7 18 4
40 37 1
43 26 3
2 16 4
43 48 2
49 13 3
15 14 1
25 34 1
23 5 1
26 21 3
35 47 4
24 3 3
23 13 1
3 8 1
13 34 3
45 24 3
24 28 2
19 42 3
28 14 3
24 36 4
27 20 3
9 45 3
32 1 1
34 0 3
11 26 1
41 24 3
1 40 3
27 9 3
40 7 1
44 0 3
33 49 3
4 9 3
35 48 2
33 47 2
30 28 3
8 23 4
2 3 2
10 14 4
7 42 4
42 1 4
47 21 2
2 44 4
37 19 3
11 41 2
31 27 2
24 2 3
34 8 1
36 22 4
42 2 3
2 33 2
48 38 1
4 19 1
49 27 3
17 40 4
25 41 3
6 21 1
47 27 2
12 43 4
19 28 1
48 11 3
18 45 1
23 28 3
16 36 2
32 30 1
37 39 4
13 16 2
21 35 2
33 12 4
32 9 1
6 36 4
20 16 3
9 42 1
42 30 3
34 45 1
14 27 4
36 23 4
25 11 2
13 41 1
47 7 2
24 11 4
5 37 2
12 44 4
6 17 3
41 22 1
40 28 3
21 16 4
11 34 1
47 13 4
8 4 2
47 20 3
31 3 1
36 10 1
17 35 3
46 19 2
11 1 4
1 8 3
15 18 4
45 6 4
8 20 3
30 5 1
43 25 1
13 19 3
15 45 1
49 4 1
16 28 1
9 10 4
49 9 2
23 45 2
12 35 1
39 20 4
28 34 1
5 19 4
0 1 3
8 38 3
7 21 1
29 15 3
49 32 3
49 42 3
33 23 3
3 17 1
29 28 4
0 49 2
31 34 2
22 31 2
25 27 1
31 39 3
5 21 4
1 44 2
44 32 4
12 16 1
45 20 3
35 39 1
37 22 4
0 3 1
11 22 3
31 24 3
5 49 2
24 46 4
44 4 2
44 8 4
11 16 1
48 40 3
31 8 3
6 2 2
46 30 1
21 45 2
7 4 2
34 43 4
9 31 2
49 24 3
32 48 1
7 14 3
30 13 3
21 0 2
45 44 2
21 13 2
13 4 1
20 5 1
14 32 4
6 30 2
10 32 3
22 4 2
15 20 3
16 42 1
31 20 2
40 33 1
18 10 2
10 22 3
18 29 4
45 33 4
9 47 4
12 2 4
28 31 2
11 7 2
38 23 1
15 37 3
32 26 2
30 17 4
5 48 4
15 30 4
2 34 3
28 20 1
3 7 3
49 47 2
14 48 2
17 32 4
6 4 4
41 34 3
17 37 1
10 44 4
25 19 2
29 6 3
16 14 1
2 1 3
5 16 2
37 48 2
20 3 4
1 29 4
30 34 3
16 49 1
3 13 3
31 15 4
27 22 3
38 45 1
2 40 3
28 39 3
33 37 4
32 22 3
19 0 3
29 26 2
0 11 3
17 26 4
44 7 3
16 24 3
6 39 1
34 39 3
11 12 3
12 40 4
47 43 4
29 10 4
30 41 1
20 4 3
47 46 2
40 13 2
9 29 4
35 18 4
16 40 4
23 6 3
47 38 1
15 0 2
14 3 2
14 19 2
25 32 3
2 28 4
26 48 3
40 11 2
44 17 1
14 4 1
33 36 4
48 24 1
9 26 2
34 9 3
10 33 1
44 46 1
12 39 1
11 14 1
14 23 3
19 12 2
26 7 3
29 12 1
6 1 3
38 39 3
45 12 2
19 9 2
12 21 2
8 29 2
5 47 2
39 9 4
27 11 3
32 40 2
33 46 3
21 2 3
39 25 3
44 26 4
27 44 2
27 5 4
20 18 4
10 2 3
18 47 2
29 16 4
28 9 3
43 7 2
40 19 1
18 0 3
20 49 1
40 29 3
24 47 2
39 44 4
15 33 2
4 15 3
27 13 2
45 7 1
10 47 1
4 32 1
25 45 1
20 13 2
45 4 4
19 30 1
38 9 4
32 46 3
37 23 4
13 14 4
4 27 1
23 43 1
44 15 3
43 49 2
43 14 3
20 12 2
37 8 4
48 27 2
31 49 3
19 32 2
30 43 2
36 45 3
18 23 1
7 34 1
6 42 4
46 31 1
10 28 3
47 32 3
47 28 3
39 19 2
27 16 1
1 17 4
11 6 4
3 19 3
47 3 4
41 0 3
19 22 1
3 5 2
22 46 2
35 27 3
16 45 4
26 0 4
5 1 1
1 35 1
39 27 2
20 38 4
26 10 3
31 47 1
15 22 3
13 6 4
18 46 4
22 26 1
45 8 4
17 4 2
33 4 2
14 39 3
29 13 4
44 19 4
20 46 1
18 28 2
38 36 4
42 44 4
0 30 1
49 14 1
46 0 1
38 34 4
43 31 2
15 39 3
24 8 2
40 27 4
31 10 4
30 26 2
32 38 1
42 17 3
10 48 3
3 43 4
32 3 3
8 11 2
0 38 2
34 36 4
32 20 2
31 33 1
15 1 2
49 2 4
29 30 2
22 2 2
14 2 3
5 41 2
45 13 3
48 22 2
30 38 3
39 45 4
13 32 3
49 44 1
7 15 3
41 10 1
21 38 4
44 21 3
25 24 4
15 48 4
0 23 1
35 9 3
36 18 3
32 12 2
20 9 1
21 15 1
37 43 4
19 8 2
24 44 4
30 3 1
10 17 4
31 18 2
32 0 3
15 12 3
13 44 4
28 49 4
36 43 3
27 33 4
0 36 2
7 20 4
47 17 4
46 48 3
42 33 4
15 27 4
4 29 4
33 5 3
45 48 1
18 40 3
3 15 4
18 42 3
33 9 4
10 8 1
42 41 2
7 9 1
9 23 2
30 8 3
26 23 4
21 19 4
21 17 2
19 16 1
24 15 4
33 25 3
23 16 2
11 33 4
37 14 1
13 39 3
4 41 4
19 23 3
3 16 2
9 3 1
49 40 1
5 9 2
8 14 3
17 13 4
5 14 1
37 6 4
28 46 1
10 13 3
25 47 4
