1225 50
0 26 6
26 30 5
30 49 3
0 34 4
0 45 4
34 36 3
30 35 3
36 44 5
45 23 5
0 27 4
30 4 2
4 19 3
45 33 4
27 22 7
26 10 1
19 18 2
22 3 7
36 6 2
34 21 2
4 46 4
0 8 3
49 40 2
6 1 1
35 5 4
21 17 1
45 29 9
35 11 5
17 31 6
45 14 3
44 24 5
4 32 9
3 43 3
17 2 7
29 25 4
11 47 9
46 38 3
31 15 2
5 7 9
46 9 4
40 12 8
12 39 6
8 37 4
26 13 2
43 28 1
37 41 6
47 48 3
11 42 7
4 20 1
10 16 5
7 31 2
49 41 4
25 11 3
40 0 4
13 28 2
24 32 2
19 49 1
7 36 3
41 42 4
38 35 4
39 2 3
27 9 4
7 22 3
24 7 4
29 40 2
1 33 3
2 4 1
3 46 1
34 6 1
16 9 3
4 47 2
13 24 2
13 42 4
34 5 1
48 11 3
46 16 2
12 9 1
41 15 4
24 4 4
8 48 4
7 2 3
29 32 2
0 28 4
23 6 2
48 17 2
19 5 1
30 3 3
8 4 3
5 42 2
5 12 3
4 44 2
26 21 2
35 17 1
15 38 2
21 46 4
37 32 3
37 18 2
8 23 1
1 37 1
27 7 4
1 19 3
31 2 4
47 33 4
11 18 3
39 13 3
45 6 4
22 1 2
4 22 3
18 30 1
17 12 1
16 38 4
44 40 4
6 33 4
9 29 3
40 5 3
30 45 4
46 15 3
10 30 1
48 39 2
9 23 2
41 27 2
32 48 3
30 44 4
12 29 4
5 20 1
32 0 2
36 4 2
31 10 3
9 43 2
25 22 2
45 9 3
43 5 1
32 7 4
25 5 4
25 39 1
26 37 3
38 39 3
19 30 1
26 7 2
17 27 4
7 1 3
31 39 3
11 40 2
0 13 2
37 28 1
45 43 2
25 41 1
23 46 3
8 32 1
42 2 4
46 43 4
20 8 1
22 19 1
33 25 1
12 22 4
44 28 4
25 19 2
19 3 3
11 39 4
11 12 1
1 27 1
25 42 2
1 28 2
20 32 4
21 23 3
10 18 3
11 4 3
31 30 3
48 29 4
2 47 3
9 42 2
17 8 1
49 2 4
7 45 3
38 22 2
17 49 2
31 21 2
4 18 2
40 37 1
15 22 4
14 38 4
38 47 4
37 0 2
17 41 2
6 20 3
30 23 4
39 10 4
3 44 1
32 46 2
33 20 2
22 49 1
41 43 4
24 1 2
43 23 4
49 38 1
35 22 1
29 42 2
44 41 1
6 12 4
38 31 4
22 31 3
9 7 1
12 28 1
15 10 3
11 5 1
35 28 1
11 9 3
33 11 4
37 43 4
30 42 3
45 13 1
48 44 1
1 18 4
29 21 2
40 17 1
20 10 1
36 16 3
43 26 3
5 2 4
40 10 1
10 1 2
44 18 1
35 24 2
33 3 3
11 24 1
15 49 2
26 22 4
18 42 4
42 1 3
5 15 2
7 30 2
12 35 2
39 5 2
32 42 3
13 18 1
47 3 2
35 44 4
43 30 3
19 24 2
13 38 4
42 44 3
10 45 3
20 13 2
38 20 1
44 33 4
40 34 1
44 9 3
20 49 1
6 13 1
40 8 4
42 3 4
12 0 2
16 3 1
9 14 1
5 13 3
2 37 1
23 35 1
47 39 1
41 10 2
45 11 1
49 26 1
5 46 1
27 37 1
45 49 2
13 35 3
42 16 2
5 1 2
19 42 4
22 20 2
44 37 4
15 37 4
30 22 3
44 39 3
41 26 2
3 40 4
10 23 2
24 23 3
39 16 1
49 18 1
28 7 1
21 11 3
29 33 4
17 10 1
37 29 1
34 39 1
45 36 4
31 16 4
4 41 2
14 42 2
9 3 1
27 5 4
25 40 3
49 46 1
40 36 2
28 5 1
37 12 1
27 43 3
30 25 2
47 37 3
3 12 1
1 49 4
6 2 2
11 41 1
45 19 1
15 26 4
42 10 2
10 5 3
38 4 2
45 39 4
40 28 4
1 47 4
33 9 2
24 9 4
3 36 1
9 37 1
27 15 2
40 43 2
26 18 2
6 16 2
0 36 3
36 43 2
43 18 1
13 48 4
43 19 3
34 37 4
24 25 3
41 20 4
22 47 2
42 38 4
7 34 1
25 37 2
12 26 3
20 42 4
6 35 4
34 3 3
14 32 3
16 14 2
37 11 2
6 3 4
48 30 3
48 34 2
38 10 2
47 36 3
17 24 2
25 13 2
20 40 2
21 27 4
49 11 2
39 4 1
24 38 4
12 2 1
20 29 4
4 16 1
41 18 2
21 48 3
37 42 2
24 16 3
26 6 4
31 19 4
35 40 1
5 33 3
47 14 2
38 0 3
37 23 3
34 24 4
2 13 4
21 37 3
22 48 1
11 13 1
35 31 1
30 1 4
34 42 3
2 29 3
34 1 3
34 25 2
17 30 1
27 25 1
32 5 2
18 27 3
22 46 3
33 30 3
24 40 3
16 48 3
48 41 2
48 6 1
22 13 3
39 15 1
9 26 1
9 2 1
47 15 4
44 25 1
31 40 2
19 41 1
41 21 3
2 26 4
4 42 1
17 38 4
25 20 3
35 39 3
46 14 3
13 15 2
28 46 4
8 22 2
12 47 4
45 46 1
38 44 2
32 9 3
1 15 1
12 42 2
24 26 1
17 36 2
4 26 2
48 7 1
1 21 3
12 27 3
39 22 3
24 8 1
5 38 1
5 9 2
5 21 1
14 4 2
2 10 4
20 39 1
13 3 1
30 37 1
18 46 4
39 19 3
44 13 4
26 39 4
17 15 1
29 11 1
19 14 3
48 14 2
32 21 4
34 15 3
24 47 2
5 26 3
16 32 1
18 23 3
31 13 3
32 47 1
44 47 3
22 43 3
28 30 3
47 27 2
8 13 4
40 30 1
0 4 1
40 15 2
2 32 3
20 2 2
25 3 1
17 46 1
39 23 4
21 36 4
4 5 1
34 41 1
33 46 3
40 7 1
7 12 4
38 26 1
16 30 4
37 7 1
12 20 2
8 14 1
28 29 3
27 30 2
24 49 3
7 8 4
9 39 4
41 22 3
38 43 4
5 14 1
14 44 2
5 48 3
46 24 4
45 5 2
26 23 2
36 25 3
10 13 3
0 33 2
44 20 1
41 45 2
8 26 2
17 18 2
17 20 1
1 43 2
22 0 4
33 12 2
48 3 3
21 8 3
45 3 3
0 11 1
15 24 4
4 40 1
28 4 4
4 48 3
17 25 3
11 22 4
6 39 4
25 38 4
49 32 3
29 26 2
26 33 3
41 13 3
9 13 4
39 0 3
19 7 4
23 41 1
6 24 4
33 37 1
34 44 4
43 16 2
31 1 1
42 49 1
47 5 3
15 6 1
43 11 1
34 9 1
6 10 4
45 21 1
3 18 1
0 29 3
36 28 3
42 26 3
20 23 2
23 17 3
40 47 4
34 49 4
22 21 1
6 21 1
9 4 2
18 22 1
38 41 2
47 20 4
20 36 4
42 17 2
38 32 2
21 28 1
40 41 2
8 12 2
28 10 3
38 6 2
44 49 3
38 36 1
25 12 2
11 30 2
44 32 1
31 11 3
33 38 4
29 46 2
40 38 1
24 0 4
7 29 1
29 31 1
33 36 1
36 27 1
38 28 1
24 37 4
48 23 2
0 47 2
32 10 2
32 43 3
6 46 3
37 13 3
44 27 3
34 12 4
43 33 2
35 1 1
1 2 1
1 29 2
30 32 3
5 23 4
21 49 4
16 40 3
9 48 4
0 17 4
47 16 2
49 27 1
29 18 3
39 29 3
4 1 4
18 35 4
39 18 4
6 32 3
11 16 4
14 34 1
15 2 4
48 24 1
6 11 1
4 21 1
43 13 1
8 9 3
14 6 4
30 29 3
29 4 3
23 34 2
20 45 4
18 14 2
11 44 4
16 21 3
24 18 2
46 44 4
43 31 3
41 36 1
47 13 4
31 20 1
8 3 3
21 12 3
7 43 1
6 31 3
33 49 1
31 49 2
38 34 2
7 11 1
48 12 3
46 13 2
2 24 4
20 46 2
17 11 1
0 1 2
18 0 4
7 35 4
36 19 1
42 15 1
37 4 1
23 42 1
26 31 1
20 30 2
39 36 4
23 44 3
37 14 1
14 39 1
36 11 3
31 41 1
48 28 1
2 21 1
34 18 4
3 4 4
42 39 4
32 3 1
32 19 4
2 44 3
39 24 2
15 32 4
14 43 4
41 3 2
36 10 4
9 19 2
48 19 2
47 19 2
20 3 1
31 9 4
13 19 2
43 12 1
10 7 4
43 44 4
36 14 4
16 29 1
7 44 2
43 2 2
13 36 3
26 11 1
38 37 4
18 20 1
5 22 2
44 5 4
35 26 1
45 37 1
46 2 3
10 12 2
7 13 4
48 46 1
46 19 1
48 1 1
14 1 4
23 49 2
11 10 1
9 35 1
40 33 2
27 14 1
43 25 3
43 21 4
25 14 4
7 41 1
4 6 3
42 7 2
32 27 1
34 19 1
23 29 2
7 33 2
21 47 2
11 38 2
26 44 4
40 46 2
45 15 2
8 31 3
47 23 4
19 26 2
0 15 1
49 39 4
19 2 2
21 25 3
2 30 2
11 23 1
13 33 2
18 5 4
37 6 2
9 1 3
13 14 2
33 41 3
20 21 1
8 30 2
22 9 3
45 2 3
33 42 4
16 23 1
40 22 4
35 45 4
28 3 2
15 43 1
7 18 2
5 17 3
38 45 4
6 42 1
28 45 1
15 29 1
28 9 2
34 13 1
21 39 1
42 40 4
3 10 1
9 25 4
23 14 3
7 39 2
46 47 1
12 19 1
22 6 2
7 17 3
21 15 2
48 20 2
49 37 4
32 22 2
2 41 2
44 10 2
0 16 1
27 10 3
10 8 2
10 34 4
12 45 1
31 12 2
19 6 4
22 17 3
31 0 1
18 9 4
0 30 3
43 4 3
24 28 1
28 25 1
5 49 2
1 11 3
0 14 4
38 27 2
19 38 4
49 48 2
34 8 3
39 32 4
34 31 4
13 29 4
10 29 4
33 35 4
44 8 4
13 16 1
20 27 2
39 33 2
31 36 4
23 32 3
26 45 2
23 40 2
35 43 4
32 45 2
12 32 3
18 32 1
37 48 3
16 1 3
44 12 4
41 0 1
40 13 3
10 22 4
47 28 1
38 23 3
37 19 3
47 18 2
47 35 4
8 41 1
40 45 4
19 44 4
18 48 3
21 3 2
14 33 2
15 14 2
1 40 4
48 33 4
4 15 3
49 28 2
29 6 3
26 34 4
41 16 4
28 15 1
30 21 3
6 25 4
36 29 1
30 5 2
33 21 3
11 14 2
22 23 1
19 11 1
3 31 1
6 30 4
48 27 1
36 35 4
34 11 1
28 19 2
2 48 3
18 36 2
10 14 1
25 47 4
46 1 4
4 45 1
46 10 2
30 15 1
27 31 3
0 42 2
14 2 2
20 0 1
44 16 4
33 34 2
8 5 4
34 2 1
9 40 4
20 11 1
46 7 3
8 28 1
21 19 2
36 30 1
49 10 4
6 8 4
8 49 1
20 1 3
8 45 2
21 35 2
13 23 4
6 41 4
20 19 1
48 40 2
46 8 1
49 35 4
35 4 2
49 7 2
4 23 4
31 18 3
40 21 1
18 33 1
1 38 3
47 17 2
41 35 2
38 48 3
4 25 2
28 42 4
6 18 1
21 42 2
3 23 2
49 0 2
48 26 3
2 28 1
24 14 1
10 35 2
31 24 2
26 47 2
49 9 4
35 48 1
9 21 3
37 36 4
2 35 2
1 25 2
12 24 2
15 12 3
22 2 1
41 5 1
5 36 3
14 41 3
27 34 3
46 11 2
48 31 2
24 3 1
39 3 2
32 35 2
17 34 4
38 3 2
26 16 3
37 16 2
26 3 2
16 45 3
36 24 4
20 24 3
39 28 1
33 23 4
49 36 2
23 19 2
49 6 2
27 45 1
9 38 3
28 26 1
21 14 2
35 8 4
49 13 3
12 16 4
15 36 2
19 35 2
28 16 4
8 11 2
44 1 3
13 17 3
6 5 1
29 38 3
0 35 2
11 2 4
41 30 3
5 37 2
34 47 2
36 2 4
8 36 1
38 18 1
42 24 2
47 8 2
2 25 2
1 12 4
22 42 2
45 18 4
6 47 4
44 6 2
21 7 4
14 40 3
13 30 2
8 33 1
45 48 1
25 18 3
4 31 2
17 3 1
42 31 3
28 33 3
27 40 1
25 48 4
28 6 4
37 17 4
23 7 2
42 47 4
4 27 3
20 37 2
33 31 3
15 7 4
45 47 4
22 45 1
47 31 2
40 26 4
11 32 3
41 9 3
23 25 1
29 22 3
23 31 2
8 38 3
30 12 4
24 33 3
25 49 4
42 36 3
36 1 2
0 43 2
37 39 3
19 33 2
28 31 1
48 42 1
13 32 4
21 10 2
26 25 1
1 26 4
28 41 4
45 1 2
46 37 2
27 46 4
3 1 1
0 7 1
19 16 4
24 27 2
25 15 4
25 31 1
44 29 3
19 17 4
34 43 3
34 29 1
44 0 2
28 27 2
3 11 3
29 19 1
8 1 4
44 31 3
11 27 1
46 35 3
10 48 3
35 3 1
17 1 1
37 31 2
49 47 3
1 39 1
17 6 4
28 17 3
3 5 4
9 0 4
40 19 4
20 15 3
43 17 4
48 0 1
15 48 2
21 24 2
45 25 2
25 7 1
12 36 2
35 34 2
17 33 4
8 25 3
38 12 2
40 32 4
29 27 1
46 31 3
15 3 1
34 45 4
12 46 3
19 0 2
29 14 3
4 10 1
35 15 4
32 1 2
8 19 1
23 0 3
14 30 2
26 32 1
30 9 4
36 26 1
45 17 4
43 42 3
45 31 4
22 14 3
34 46 2
4 13 3
16 22 1
40 18 2
19 15 4
22 34 4
19 10 2
30 34 2
7 14 2
23 15 3
29 35 4
24 29 2
29 43 4
8 42 3
8 16 1
12 18 1
40 6 1
25 10 2
18 8 3
39 41 2
21 18 3
36 22 4
14 20 2
0 6 1
43 49 2
10 37 3
46 41 4
34 4 4
12 4 1
9 6 1
33 15 1
28 11 2
41 29 1
37 35 1
5 29 3
3 37 1
32 17 1
27 42 4
2 40 4
6 27 3
28 20 2
43 47 4
35 25 4
24 5 3
44 17 4
33 32 4
26 46 3
1 13 2
2 18 4
20 9 2
43 24 1
24 30 1
23 1 4
8 27 4
25 32 2
27 39 3
7 47 4
44 21 1
29 47 2
27 3 2
15 16 3
25 46 1
17 4 3
3 0 1
49 3 2
20 35 4
46 0 4
19 27 1
10 0 4
12 14 4
42 35 3
5 0 2
42 45 3
14 49 3
47 30 1
13 12 3
36 9 1
2 23 4
16 5 2
29 3 1
4 7 1
14 28 4
16 20 4
8 15 2
38 2 2
33 2 1
28 18 2
44 15 1
8 43 2
14 26 2
46 30 4
2 8 4
36 23 3
12 49 4
16 17 1
1 41 4
32 28 2
40 39 3
4 33 3
43 10 4
29 8 2
27 26 1
41 24 3
17 39 2
36 46 3
28 23 1
17 26 1
27 13 4
20 26 4
17 14 4
32 41 1
22 24 1
14 35 2
22 33 1
20 43 2
43 39 4
48 36 2
22 44 1
10 47 2
16 18 1
35 27 4
43 48 1
21 13 2
46 39 4
10 9 4
12 41 2
31 32 1
34 20 1
0 25 3
36 32 2
45 44 4
22 28 4
38 21 3
15 11 4
22 37 1
2 0 1
18 15 3
9 15 2
2 27 2
29 49 2
23 27 3
29 17 2
38 7 3
27 16 1
3 7 3
16 34 3
47 41 3
16 25 3
14 3 1
5 31 1
34 28 4
35 16 2
7 20 1
16 2 1
8 39 1
23 12 4
16 7 4
24 10 3
24 45 3
16 49 4
31 14 2
33 16 1
9 17 3
6 7 3
33 27 3
43 6 3
3 2 1
9 47 2
39 30 4
34 32 1
38 30 4
42 46 4
33 10 2
4 49 3
0 21 1
