9950 200
0 70 7
70 58 4
58 111 3
58 31 1
0 75 6
0 149 8
31 16 9
149 2 6
2 49 7
16 13 3
0 132 1
75 53 3
13 121 1
2 41 9
16 116 3
2 155 1
41 130 2
53 107 6
31 1 7
2 27 6
2 122 4
27 25 2
70 117 9
130 180 7
180 140 7
25 32 6
0 28 9
140 91 6
58 134 1
75 131 4
116 162 4
53 194 5
27 169 6
116 129 3
169 103 9
32 93 4
134 76 6
53 168 4
93 39 7
180 151 1
76 95 1
180 18 5
131 34 9
1 54 1
140 65 9
0 89 7
76 81 5
162 66 3
132 45 6
25 98 5
1 52 5
169 154 4
131 55 1
65 78 5
1 182 2
194 120 6
70 159 7
182 3 4
76 4 9
182 150 9
32 71 8
53 123 1
1 160 3
134 152 6
129 37 2
66 73 9
58 63 4
58 198 7
55 23 9
0 135 1
89 128 4
131 20 3
150 153 9
73 42 1
194 29 6
116 193 1
180 126 4
194 114 2
4 138 7
150 96 1
129 183 9
159 67 3
162 157 2
66 188 6
42 14 2
96 105 3
169 179 3
78 12 2
54 88 7
105 164 9
13 17 1
121 43 7
27 64 4
75 106 8
31 115 4
95 11 7
37 175 7
67 139 7
65 171 2
23 197 4
151 51 1
54 161 8
152 145 1
157 187 8
140 30 4
193 156 2
182 22 1
43 85 8
139 158 1
153 137 7
3 113 1
152 90 3
161 165 4
145 163 3
163 59 3
16 195 2
23 170 5
93 133 7
194 136 8
139 118 1
105 84 7
123 166 1
93 176 6
73 186 8
59 94 2
116 9 2
13 102 8
169 21 1
71 5 3
188 56 1
58 80 6
137 61 7
34 101 2
145 92 1
89 178 9
140 185 4
126 57 9
102 19 9
55 146 6
149 86 8
162 177 2
138 190 3
64 109 5
162 10 8
177 24 7
170 69 8
180 74 6
122 6 6
102 196 8
84 100 2
39 82 6
32 44 7
49 99 4
75 83 8
133 147 7
0 40 7
82 173 9
159 174 4
135 125 7
53 8 4
65 35 4
196 104 5
123 46 8
140 143 7
75 79 8
78 68 8
90 33 4
135 77 7
19 181 9
35 36 5
181 191 5
41 167 7
29 112 4
100 38 9
80 148 9
168 119 1
77 60 7
25 15 9
128 127 6
56 110 3
78 184 5
191 48 2
9 87 1
25 72 3
28 199 1
109 142 8
194 172 8
81 124 2
61 144 3
155 62 7
127 47 9
145 97 1
12 7 3
174 192 1
117 50 1
87 189 8
199 26 1
162 141 7
17 108 5
20 12 3
52 75 4
153 2 2
106 166 4
117 94 3
156 171 2
29 5 3
121 45 2
60 123 1
28 76 2
163 177 3
158 126 3
51 143 3
190 122 4
83 172 4
136 170 4
182 104 3
165 119 1
156 195 3
124 135 3
84 186 4
178 95 2
92 55 2
16 9 1
13 77 2
17 38 3
121 72 1
2 19 4
112 102 3
28 20 4
79 143 3
97 162 2
192 116 1
166 55 2
186 30 4
67 32 2
147 106 2
31 163 1
187 41 2
10 199 1
7 144 1
166 129 1
40 125 3
81 186 2
32 172 3
9 132 4
11 27 4
174 31 3
105 17 2
104 128 2
150 112 1
199 58 3
36 27 3
111 14 2
147 13 3
106 55 1
72 14 3
71 107 4
33 67 4
51 72 2
194 147 4
46 112 3
135 32 3
146 125 4
72 153 2
124 91 4
88 57 3
15 62 3
47 30 3
62 196 3
198 13 4
29 168 2
141 37 2
119 195 1
106 118 1
161 116 2
180 58 3
58 94 2
18 166 1
36 18 3
194 63 1
57 139 2
14 3 1
101 99 2
4 176 4
46 40 1
59 188 2
7 52 2
128 80 2
169 105 1
114 137 3
122 124 1
24 134 1
140 109 3
188 22 2
117 122 4
126 52 3
107 65 2
137 127 4
196 152 2
107 3 4
116 125 3
141 125 2
134 159 4
74 116 3
123 162 1
148 7 3
50 111 1
116 156 3
126 127 1
117 127 1
150 48 2
155 111 3
3 40 4
70 144 4
163 169 3
91 43 2
133 108 2
149 194 1
125 114 3
88 7 4
162 146 2
136 49 3
4 172 1
102 76 1
76 146 2
127 73 2
147 163 2
118 34 2
68 43 1
170 132 4
130 136 2
163 180 4
87 55 3
157 4 1
78 186 4
86 67 2
174 44 3
24 135 2
139 146 4
113 150 4
101 136 4
160 87 2
113 6 1
20 171 2
154 50 2
5 123 1
43 101 3
61 145 3
62 129 3
192 193 2
84 36 4
104 91 2
88 97 4
26 137 3
165 146 3
65 148 3
142 147 4
56 82 2
168 89 1
30 103 1
64 2 3
6 189 4
14 173 3
34 150 3
59 24 3
139 121 4
29 65 1
24 91 2
23 110 3
150 75 3
10 81 1
73 116 1
113 115 4
22 48 2
77 15 1
1 13 1
148 121 2
112 122 1
41 38 4
19 131 2
152 199 4
25 84 3
187 89 1
54 146 4
199 123 2
65 24 4
146 27 1
166 156 4
56 84 2
169 93 4
73 120 2
195 46 1
85 157 4
140 92 2
3 140 4
137 53 4
186 5 2
20 62 1
196 33 4
57 5 4
92 169 2
33 82 2
161 189 2
119 15 1
91 54 3
50 59 2
141 26 1
161 113 4
168 148 3
64 161 1
61 39 2
42 153 1
16 124 1
103 136 2
169 77 3
77 165 3
129 52 4
29 157 2
28 70 1
35 165 3
147 42 3
108 93 4
84 63 3
168 28 4
167 24 1
46 110 3
24 186 4
170 197 3
152 1 2
4 101 4
156 33 1
128 106 3
73 36 1
95 109 4
151 48 2
169 61 4
156 114 4
37 173 3
92 33 2
13 40 3
90 156 4
89 172 1
8 106 1
199 108 1
172 50 1
103 64 1
18 47 2
124 96 2
10 143 3
16 81 4
112 193 2
6 38 1
92 151 1
150 188 1
180 113 4
109 13 1
197 67 4
107 20 2
61 86 1
65 137 2
87 177 1
12 93 1
26 113 2
158 189 1
131 62 3
35 169 4
145 14 2
91 131 3
69 0 2
5 148 3
132 80 3
198 76 2
135 80 2
12 176 2
136 110 1
171 75 4
112 111 2
6 142 4
118 38 2
126 44 3
138 135 3
36 0 4
115 20 3
89 70 1
148 64 1
184 170 3
177 97 3
11 15 3
165 129 2
116 184 4
30 148 3
141 124 2
63 13 3
29 193 4
60 187 3
135 111 4
129 66 4
135 94 3
164 35 1
54 87 1
37 89 1
134 190 1
136 149 2
53 129 2
91 129 1
153 121 1
140 77 1
26 97 1
89 124 3
198 94 4
132 57 4
188 48 1
66 176 4
9 50 4
81 111 1
112 12 1
81 109 1
165 155 1
83 181 4
83 40 4
30 88 1
143 129 1
118 19 2
155 185 3
154 20 4
199 77 4
152 41 1
25 142 2
17 131 1
128 90 2
25 182 1
23 36 2
80 1 1
43 156 2
65 115 4
139 172 2
149 54 4
100 101 3
46 127 2
152 170 2
0 6 4
9 159 4
59 179 3
20 193 4
115 4 3
17 18 2
43 57 3
114 51 4
111 12 3
90 132 4
63 62 4
28 117 1
55 125 2
185 108 3
166 22 3
91 128 3
44 155 1
5 44 4
94 175 3
107 120 1
61 116 1
71 77 1
75 136 3
37 161 2
99 54 1
127 166 4
10 129 2
7 187 3
169 165 3
54 123 4
54 40 4
190 85 1
156 77 3
168 100 1
107 74 3
187 43 4
189 76 1
93 171 4
167 177 3
139 14 2
90 120 4
117 71 3
199 193 3
125 186 1
15 173 4
121 69 3
114 100 2
77 183 1
26 74 1
46 4 4
15 192 2
7 179 4
77 191 4
61 199 1
116 145 3
132 14 3
53 23 2
170 97 4
88 104 1
150 29 2
148 123 2
2 51 4
25 59 4
57 79 3
69 176 4
5 152 2
48 165 3
161 109 3
98 42 1
134 93 4
62 111 3
79 91 2
119 166 3
83 120 4
2 99 3
12 54 1
56 90 1
1 20 3
167 19 4
197 143 1
104 72 1
55 56 4
80 137 4
128 110 4
139 193 3
38 110 3
107 164 3
98 52 4
122 168 1
57 167 3
177 71 3
148 19 3
187 129 4
117 140 3
68 3 1
9 28 1
30 35 3
89 17 1
160 45 4
33 96 3
30 2 4
167 112 2
183 140 1
99 159 2
94 78 3
117 80 4
88 46 1
47 95 4
62 1 3
18 167 1
110 55 4
22 97 4
172 170 3
171 175 2
86 182 4
137 37 4
152 73 3
67 91 4
32 156 2
65 176 4
155 131 1
13 193 3
86 162 4
143 68 3
74 75 3
43 90 3
159 105 3
43 100 3
159 97 1
45 88 1
175 40 2
160 182 3
188 30 3
92 94 4
131 191 3
36 107 1
117 84 1
41 92 4
32 58 3
126 54 3
168 180 2
18 31 2
118 166 2
21 71 4
107 97 4
97 151 4
83 176 2
90 151 3
192 143 4
79 102 3
136 132 4
107 23 1
38 58 2
113 111 4
148 153 4
109 125 1
176 75 2
27 14 2
53 130 2
181 176 4
111 152 3
25 189 4
98 55 3
15 159 1
21 2 2
68 181 3
101 15 3
151 142 1
19 111 2
121 187 1
51 15 1
101 60 4
50 85 4
109 16 4
186 167 3
113 87 2
100 95 4
129 147 2
36 186 3
28 109 4
9 76 4
188 70 1
51 64 3
106 107 2
105 183 2
77 23 1
8 55 3
124 52 2
182 106 3
181 113 1
166 71 3
92 113 2
61 185 3
77 63 1
194 39 4
136 180 1
42 99 3
151 26 1
65 152 4
188 195 4
194 50 4
189 175 1
37 26 3
104 68 2
25 141 1
140 80 4
30 134 3
187 81 3
152 19 3
24 8 2
110 189 1
170 163 2
150 117 3
126 60 1
40 190 3
142 149 1
65 92 4
176 159 1
183 40 3
182 57 3
144 42 2
123 63 1
8 154 2
62 78 2
49 75 1
47 14 3
90 144 1
102 61 1
154 48 4
55 41 4
46 143 2
155 139 4
7 20 1
163 47 1
93 54 2
141 134 1
54 176 3
168 170 4
15 141 2
196 73 3
165 71 4
87 91 2
193 97 3
127 70 2
135 40 2
48 93 2
46 52 4
20 0 3
4 82 1
133 191 2
44 6 3
105 77 4
69 8 4
137 97 4
15 89 2
124 61 3
16 176 4
172 143 3
163 174 3
115 48 1
122 56 2
82 197 4
198 59 4
94 54 1
184 165 2
186 159 1
53 13 3
130 172 3
197 72 2
169 142 2
53 187 3
80 136 1
143 49 3
86 81 1
20 130 1
7 64 1
33 140 1
166 175 4
112 47 3
169 167 4
153 185 2
0 175 2
120 142 3
13 97 2
128 108 4
180 165 1
63 186 3
190 198 3
163 132 2
70 94 4
139 31 4
144 66 3
115 147 4
73 193 2
61 95 3
61 43 2
176 82 1
10 31 4
64 183 1
147 92 4
120 177 1
24 147 2
149 169 1
58 185 4
102 63 4
31 66 3
76 31 4
146 65 1
161 58 2
45 84 4
137 57 2
129 132 3
11 93 3
58 51 4
151 34 2
155 151 3
94 93 2
78 136 4
174 33 1
184 17 4
57 141 4
46 69 1
148 3 2
106 98 2
93 145 4
55 147 1
1 154 1
156 167 1
110 143 2
96 194 2
37 184 2
123 32 4
54 38 4
118 18 3
101 9 2
98 33 2
68 26 3
173 59 3
25 11 1
106 127 2
175 150 3
98 4 2
112 199 3
193 127 1
91 162 3
51 30 3
167 146 3
67 80 4
51 116 4
195 194 4
28 34 4
89 81 2
66 80 4
55 14 1
59 196 2
97 125 1
96 172 3
114 135 2
140 75 2
37 34 2
149 66 3
120 154 3
127 55 1
76 69 2
154 10 2
27 76 2
187 76 1
138 79 4
40 42 3
44 114 3
26 154 1
44 180 4
110 71 4
88 84 2
97 75 3
143 173 1
25 44 3
28 59 3
190 170 2
190 73 4
17 8 1
1 5 4
152 44 1
53 146 4
113 54 3
134 195 3
72 16 4
127 198 3
54 145 4
106 73 2
133 86 2
82 79 1
24 39 3
178 191 3
74 89 2
14 11 4
37 142 1
150 92 3
175 125 3
162 48 1
155 147 1
134 22 3
122 54 4
48 180 3
105 6 3
102 17 3
152 89 3
51 157 2
32 190 3
174 24 2
149 131 3
156 95 1
157 86 4
146 30 2
62 58 3
81 56 3
195 45 4
63 8 4
104 53 3
184 99 2
141 74 4
116 150 4
24 128 3
69 125 3
11 3 4
65 82 2
82 167 3
40 197 2
11 139 2
13 9 3
174 81 4
20 60 1
36 116 4
144 146 2
115 179 3
15 85 2
77 137 4
11 128 4
175 59 3
4 102 1
169 119 4
19 138 2
42 89 3
190 1 3
121 167 2
199 170 1
184 16 3
3 199 2
144 104 4
52 112 4
25 58 1
103 73 4
27 109 2
38 129 3
29 90 4
198 199 4
39 115 2
196 116 1
62 147 1
73 53 1
15 44 3
95 58 4
69 38 2
147 7 1
57 30 4
19 64 2
133 0 3
191 192 1
66 155 4
43 188 4
74 167 1
119 161 3
16 130 3
111 130 3
88 190 3
143 63 4
92 77 3
65 56 4
168 85 1
6 85 2
15 140 4
152 47 1
198 53 2
70 191 1
79 28 3
155 85 3
2 183 4
73 198 3
65 38 3
86 48 4
148 66 3
46 83 1
184 193 1
29 54 3
49 125 2
0 164 3
16 91 3
184 86 4
163 175 2
44 143 2
106 68 4
116 185 3
155 96 2
44 192 3
192 82 1
136 120 2
31 135 1
112 178 2
172 167 2
81 199 4
190 111 1
49 110 1
174 2 2
128 50 1
32 153 4
90 64 3
42 181 2
161 158 3
105 37 4
38 136 4
131 22 4
191 149 2
12 147 4
39 76 4
171 89 4
36 171 1
60 198 4
102 109 2
148 188 2
128 130 4
28 100 3
133 43 3
150 127 4
105 23 1
188 125 4
137 131 1
139 82 1
39 56 2
184 4 3
16 189 2
39 164 3
22 156 1
66 171 2
185 12 1
173 1 2
20 167 2
142 171 2
96 114 4
136 145 3
5 130 1
24 176 3
199 7 2
108 109 2
168 195 4
135 168 4
158 87 2
31 156 2
186 163 2
23 94 1
185 62 2
162 44 1
47 149 4
70 136 2
101 151 4
165 189 4
166 185 3
60 53 4
115 129 1
126 78 2
108 119 3
106 1 1
36 34 4
33 59 4
54 141 4
96 137 1
153 50 3
121 61 1
191 61 2
175 67 4
138 31 3
40 134 1
0 124 4
184 21 4
71 182 4
110 73 3
106 152 4
116 140 4
113 22 2
179 98 1
60 181 3
112 59 1
88 72 3
110 169 2
165 0 3
173 110 2
197 19 2
85 112 2
66 82 3
59 34 3
11 5 4
24 155 2
48 197 2
178 13 1
92 74 1
78 75 2
95 80 1
105 72 4
9 193 4
132 8 2
183 27 2
99 199 1
48 166 1
133 65 2
101 131 3
174 183 3
116 96 1
157 169 2
142 176 4
96 19 2
112 183 1
87 57 1
31 103 1
28 123 2
111 9 3
131 53 2
83 14 4
2 96 2
2 40 1
174 38 4
172 33 4
42 36 1
129 118 1
46 156 2
138 103 1
177 78 2
122 67 1
64 42 2
59 56 1
97 72 1
68 22 3
152 77 3
144 122 2
110 148 2
189 182 1
77 186 3
129 16 1
116 191 1
154 116 3
98 31 3
130 157 2
3 17 2
16 166 4
119 139 1
74 166 4
42 49 2
133 160 3
118 5 3
7 29 3
105 182 3
75 151 1
83 51 4
15 3 3
126 42 2
89 55 1
32 59 1
67 50 1
56 69 1
47 13 3
154 166 4
67 71 1
134 126 4
49 70 3
47 94 1
72 93 1
51 133 2
107 75 1
91 186 3
33 80 3
61 54 4
147 83 1
64 88 4
135 172 1
176 112 1
73 26 1
43 95 1
80 21 4
50 144 3
82 155 4
133 9 4
90 175 3
183 173 3
86 198 1
60 148 4
185 75 3
106 69 4
94 50 1
107 195 3
85 1 4
139 166 3
107 41 2
109 73 2
159 194 3
90 102 3
199 139 1
119 77 4
147 189 1
144 96 1
135 12 2
49 107 3
67 39 4
77 33 4
194 115 3
149 15 3
164 157 1
195 39 4
3 194 1
60 192 1
51 36 3
120 42 2
158 134 4
11 118 3
49 96 3
158 136 2
140 31 4
60 68 4
16 88 1
135 122 1
144 80 3
25 22 3
52 83 2
185 54 3
61 184 4
89 86 4
124 118 2
173 61 3
134 177 3
47 191 3
78 198 2
27 108 3
120 5 3
38 2 2
76 114 2
53 70 4
78 15 4
136 182 2
191 81 2
193 144 4
20 181 2
152 104 3
12 2 3
147 38 1
140 87 2
163 98 1
68 86 1
10 158 2
12 19 1
134 147 2
179 129 1
9 137 3
61 129 1
179 133 1
73 151 2
54 68 3
180 186 3
132 143 1
93 115 4
38 135 1
161 60 3
170 18 2
8 31 3
1 168 4
88 42 4
34 63 2
194 85 3
151 0 3
15 65 4
104 142 1
122 123 4
20 159 1
129 106 1
7 68 4
96 196 4
39 146 2
95 89 3
103 129 3
150 172 2
158 112 4
127 167 2
15 111 4
114 34 1
73 22 1
95 73 3
165 88 1
63 150 1
139 134 4
69 124 1
86 71 3
89 71 3
47 188 3
141 43 2
41 93 1
63 175 1
135 5 3
83 44 1
14 147 4
70 69 2
108 145 4
119 123 4
161 47 1
182 112 1
187 163 4
175 151 4
163 68 2
7 166 2
192 43 3
59 21 3
72 175 1
141 29 4
41 171 4
144 173 4
184 23 3
170 51 2
146 68 3
59 87 4
112 189 2
192 67 3
4 120 3
168 2 3
68 12 4
78 95 2
190 101 2
59 178 1
70 122 1
120 151 1
157 98 4
127 51 3
128 68 1
164 14 2
133 63 4
119 12 1
106 179 2
180 114 2
32 4 3
177 113 1
114 172 2
178 53 4
44 53 3
179 41 1
187 154 3
194 79 4
108 36 4
145 40 3
11 42 2
4 54 4
181 138 2
83 153 2
181 44 4
74 120 1
88 199 1
65 112 1
119 110 3
174 114 3
29 59 2
44 26 1
104 140 2
105 16 1
53 76 3
166 143 3
63 157 3
168 175 2
118 31 2
158 110 4
35 90 4
0 53 1
60 66 1
164 88 3
2 162 3
79 90 3
134 88 1
16 84 3
93 165 1
62 110 2
113 31 4
85 163 4
135 169 2
81 26 3
87 68 3
167 81 3
131 118 2
104 170 2
81 135 1
151 41 4
27 17 4
143 47 3
98 19 1
68 175 1
38 151 1
121 19 1
127 35 1
50 134 1
99 154 4
92 54 3
116 115 1
32 141 2
91 98 2
196 118 3
61 179 1
145 193 3
178 92 1
115 128 1
128 23 1
194 45 2
86 63 4
186 139 1
138 92 4
127 97 2
124 42 2
173 104 4
87 25 1
165 179 3
26 24 3
178 96 4
79 147 2
7 117 3
146 79 2
2 119 1
96 86 1
160 101 4
192 41 4
103 38 3
76 79 2
77 154 2
118 98 2
179 176 3
197 124 3
145 180 4
129 162 1
7 112 2
105 62 2
50 125 3
7 121 1
102 18 3
34 111 4
88 17 4
2 85 2
58 35 3
174 153 4
32 34 1
109 151 2
64 23 1
98 109 1
152 153 3
51 113 4
127 59 4
162 81 2
27 92 3
32 72 3
56 12 4
163 67 4
186 111 3
74 49 4
23 38 4
90 103 2
178 193 3
41 60 4
183 118 1
163 166 3
6 22 2
30 41 2
130 122 1
53 103 2
23 141 2
135 100 1
117 163 1
179 150 2
13 75 4
50 133 4
184 136 1
164 7 4
82 25 1
176 43 2
195 53 4
61 189 1
145 56 3
50 156 3
10 71 1
41 142 4
109 33 4
81 25 3
48 73 2
132 78 1
116 72 1
73 23 3
85 90 2
158 155 3
173 161 3
115 70 3
106 29 1
135 52 4
172 154 1
47 11 3
145 38 1
0 147 2
5 178 3
47 29 4
54 155 1
197 179 3
62 93 1
70 90 3
169 104 3
150 88 1
113 7 2
28 122 1
55 75 3
45 117 4
139 140 2
122 49 3
141 104 4
116 71 1
196 25 1
2 94 2
28 184 3
114 110 2
169 81 3
190 117 1
136 114 4
15 72 1
59 26 4
92 53 2
136 140 4
195 148 1
71 39 4
115 134 2
195 74 2
72 57 2
123 195 3
141 35 1
39 34 3
99 188 1
23 37 2
106 20 3
39 133 4
17 163 1
136 28 3
63 94 4
127 159 4
108 150 4
53 78 3
76 121 2
21 16 2
9 34 1
30 71 1
131 192 4
104 186 2
59 154 4
144 5 4
72 47 3
43 34 3
168 132 1
151 8 3
21 134 3
82 180 2
80 27 4
104 153 4
43 152 2
182 147 2
117 93 3
57 151 4
174 158 3
80 90 4
43 20 4
170 137 1
174 166 3
117 173 4
195 128 1
54 2 2
130 87 4
127 147 3
39 134 1
17 75 4
9 70 2
111 182 3
197 108 1
53 96 4
8 73 4
135 113 2
165 38 2
68 74 4
114 144 1
62 18 1
68 186 2
87 101 3
152 172 3
187 160 2
197 39 3
78 98 4
100 184 1
135 46 1
17 47 4
24 168 1
104 129 3
105 33 4
144 69 1
136 47 4
162 193 3
49 196 4
175 93 2
71 129 2
180 141 4
30 59 2
102 157 2
87 161 3
22 127 2
53 133 4
77 147 1
140 89 3
23 179 2
142 195 1
84 77 1
119 125 1
27 89 3
190 129 1
57 75 4
6 55 4
100 191 1
52 170 1
39 30 3
142 182 3
162 136 3
63 153 3
47 56 1
165 177 3
198 162 2
49 60 4
36 6 4
90 77 2
80 43 3
30 181 3
102 40 1
49 108 4
35 49 1
90 58 1
77 123 4
47 48 2
20 9 2
45 87 4
129 46 1
31 116 3
149 179 2
92 39 4
50 188 3
47 75 4
132 155 4
15 186 2
103 122 1
69 2 2
185 128 3
193 37 1
48 39 3
104 102 3
164 176 3
121 47 1
52 64 1
123 197 1
176 100 1
144 117 4
107 175 3
63 119 3
15 87 1
97 9 1
138 70 2
73 74 4
185 8 3
158 113 1
118 156 3
48 28 3
157 22 3
121 65 2
81 14 1
166 73 1
196 159 4
13 145 3
121 38 2
34 40 4
193 45 2
150 91 1
134 160 3
150 14 4
43 98 3
0 31 2
113 33 1
108 122 2
151 102 1
115 107 2
113 79 3
1 99 2
32 120 3
58 106 1
182 4 3
24 49 2
167 199 2
65 55 4
170 73 1
160 94 1
140 16 4
194 73 3
49 169 2
92 174 4
68 174 2
198 30 4
35 198 3
30 67 3
169 164 4
45 134 4
38 78 4
32 53 4
157 94 2
81 93 4
156 105 1
60 191 2
185 115 4
78 2 1
108 73 3
63 107 2
87 141 1
139 22 3
112 55 1
21 0 3
45 131 1
158 188 2
30 95 3
61 87 4
13 96 1
101 142 1
20 99 1
147 148 1
27 165 4
141 78 3
31 14 4
111 106 1
130 176 3
64 128 1
114 17 4
30 155 4
122 131 2
166 117 1
47 27 2
189 0 3
25 38 4
39 73 2
106 31 4
187 110 2
29 60 1
161 144 4
179 38 4
55 52 4
85 45 3
35 114 1
137 14 2
87 176 2
80 75 4
124 116 3
178 36 2
92 21 3
18 184 3
49 124 4
11 124 1
32 103 3
58 92 3
48 185 1
12 80 2
41 54 1
10 91 1
67 101 3
8 27 4
138 137 3
1 50 4
133 100 3
152 157 3
7 131 1
123 75 4
66 126 4
157 173 3
20 147 2
121 9 3
70 137 4
16 175 3
45 28 3
79 145 1
71 121 1
12 77 4
6 131 2
178 3 1
175 91 4
167 32 1
96 189 4
33 147 1
46 39 1
17 176 4
156 80 1
50 165 3
19 72 2
124 168 3
59 74 2
147 47 4
146 60 1
32 159 1
106 146 2
35 130 2
88 27 4
54 108 1
139 192 3
140 42 1
3 55 1
100 193 1
87 139 1
99 136 1
113 149 3
93 80 2
5 34 4
33 81 1
133 68 2
114 179 4
134 131 3
20 166 4
131 100 4
1 51 3
154 162 4
150 47 4
40 27 3
41 56 3
40 7 3
65 151 2
147 11 4
18 150 1
92 157 4
161 155 3
167 175 4
29 75 4
130 142 1
97 79 1
184 83 4
127 183 2
37 156 2
5 46 3
174 60 4
58 81 1
125 171 3
176 167 4
87 175 3
137 6 2
146 180 3
56 87 4
81 96 1
77 116 2
88 98 2
150 171 3
194 65 4
139 109 3
83 161 1
171 133 3
156 86 4
193 59 2
190 34 4
162 24 3
115 119 2
125 14 2
142 1 1
185 29 2
12 14 1
122 18 1
196 123 1
115 53 1
66 135 2
143 16 4
8 168 4
16 5 2
10 161 3
89 161 1
183 44 2
135 37 4
190 81 1
64 41 2
152 58 1
23 95 4
39 79 4
76 34 2
79 8 1
44 1 4
157 171 1
23 104 3
94 131 4
13 146 3
160 125 3
18 16 4
157 128 2
36 114 1
49 151 4
76 139 4
131 38 1
31 121 4
98 147 1
31 75 1
96 125 4
110 108 3
103 33 2
138 93 1
66 143 3
112 31 1
166 101 1
132 96 3
119 17 3
11 154 2
139 129 1
13 151 2
71 70 2
76 92 4
128 57 1
68 182 4
99 179 2
3 117 1
55 7 4
197 85 3
102 100 2
162 152 3
55 24 4
80 18 1
198 8 2
67 170 1
60 104 3
193 131 2
25 37 4
6 144 1
148 167 2
153 170 3
93 109 4
135 119 4
69 51 3
63 189 2
173 129 3
93 89 3
173 186 3
177 105 1
170 89 2
133 34 1
79 112 2
26 106 1
169 101 2
53 158 3
38 93 2
14 179 3
104 176 1
47 117 4
28 36 4
112 162 2
159 113 3
45 62 1
86 38 4
189 193 2
4 57 2
119 158 1
199 70 4
186 23 1
110 39 4
137 5 2
42 113 1
149 161 3
169 12 4
95 62 1
137 198 1
171 90 4
117 53 4
29 123 3
98 96 2
57 48 4
177 143 1
137 55 2
127 116 1
52 137 2
184 35 3
168 134 4
175 106 3
1 55 2
39 81 2
64 18 3
146 191 2
65 58 1
189 52 3
113 119 4
41 189 2
157 28 2
55 190 3
19 54 3
184 94 2
12 102 3
183 117 2
153 167 4
83 190 2
119 162 4
110 131 2
150 121 2
17 51 3
38 106 1
123 110 4
43 76 1
41 127 2
10 131 4
156 177 2
137 184 3
112 72 2
5 142 1
88 20 3
37 79 3
98 117 1
193 180 3
143 185 4
97 47 3
134 193 3
185 86 3
94 107 1
161 67 2
86 44 2
23 49 3
9 73 1
8 65 2
50 171 3
96 65 1
45 170 2
137 178 4
142 87 1
160 149 1
71 133 2
149 28 3
124 2 2
34 167 2
117 52 1
37 113 4
170 171 3
100 122 4
7 46 4
184 178 2
61 141 1
98 47 3
133 185 2
145 187 1
32 124 3
159 1 2
153 120 1
55 76 1
2 37 1
167 190 1
103 147 4
102 80 4
56 192 4
27 18 3
19 177 3
4 113 4
196 77 3
192 104 4
2 146 2
179 85 4
55 176 4
33 171 4
66 39 1
135 3 2
37 152 3
5 27 1
187 158 2
38 108 1
82 103 3
91 39 3
127 161 1
147 180 1
129 4 4
102 25 4
114 126 4
153 141 2
32 79 2
80 147 3
194 182 1
162 133 3
199 1 1
15 42 2
76 72 4
79 198 3
59 109 1
89 22 3
198 189 1
40 10 2
171 64 4
95 169 1
108 195 1
110 22 2
15 17 3
41 17 3
55 130 1
145 21 4
97 23 3
113 88 3
28 27 1
153 31 4
12 34 4
166 28 2
115 50 4
142 42 1
29 197 2
154 0 3
117 135 2
107 37 4
164 98 1
1 59 1
16 180 1
116 17 4
93 102 2
6 89 2
186 185 4
58 140 4
134 111 1
127 92 4
131 28 2
164 183 4
35 103 2
90 50 4
33 102 3
6 186 1
2 151 3
196 63 2
195 88 4
59 80 3
174 130 4
174 97 2
181 110 3
53 49 3
144 46 4
146 189 3
150 105 2
21 64 2
11 158 4
175 157 4
81 36 3
120 88 3
148 113 1
29 93 2
67 106 1
37 42 2
56 114 3
75 189 4
191 79 1
15 76 4
51 57 4
42 121 3
134 8 4
55 192 1
194 167 2
85 40 2
0 145 3
27 186 4
153 184 4
168 163 1
183 66 1
2 15 3
6 195 1
177 29 2
119 136 3
30 109 2
134 106 4
49 184 1
102 128 1
94 132 3
177 154 3
106 142 2
125 158 4
165 125 1
164 100 4
174 14 2
92 106 2
93 164 1
38 163 1
140 98 2
77 131 3
76 148 4
197 112 1
78 37 2
12 189 2
87 83 2
101 35 2
165 183 3
145 64 3
4 23 2
86 2 1
189 126 3
125 44 3
80 81 3
161 14 2
49 80 2
151 144 1
170 120 1
1 115 3
63 195 3
112 22 3
39 163 4
155 84 1
144 33 1
96 186 1
177 68 1
175 119 4
56 174 2
43 29 3
48 33 2
16 76 2
102 149 2
179 33 2
157 122 1
113 102 4
56 120 3
91 122 2
25 124 2
139 6 4
76 71 4
114 8 1
67 131 3
187 132 1
130 93 4
46 171 4
166 4 2
187 139 4
180 91 1
171 169 1
113 19 3
107 199 3
150 77 3
32 21 3
42 151 2
80 62 4
23 147 1
63 164 4
5 12 2
24 137 3
1 24 4
65 22 2
2 29 4
195 141 3
62 193 4
32 108 2
164 135 2
71 198 3
86 164 1
30 50 3
54 109 4
167 101 3
3 106 1
53 72 2
106 144 4
99 41 4
28 78 2
171 106 2
136 71 4
99 171 1
62 39 3
59 45 1
131 198 2
162 20 1
100 97 4
71 97 1
21 165 2
3 1 4
136 105 4
107 40 1
60 142 2
184 154 4
196 112 2
19 34 3
153 168 2
87 88 3
108 170 3
135 78 4
98 9 3
171 137 4
85 111 3
184 51 4
173 51 4
177 98 1
97 188 3
119 120 1
170 147 4
16 14 2
122 30 4
0 116 4
92 158 2
152 190 1
98 60 3
149 115 4
162 175 2
196 24 2
92 84 3
98 65 2
24 123 2
103 119 3
5 108 2
76 113 4
150 162 4
71 69 3
164 37 3
131 86 2
151 54 3
41 49 4
139 123 3
57 35 2
41 106 3
36 193 2
9 114 3
10 77 2
78 189 2
48 41 2
98 14 3
181 7 4
185 55 4
109 97 3
114 192 4
92 193 3
114 175 1
107 46 3
94 13 3
135 15 4
136 100 3
4 171 1
131 5 3
166 169 4
185 41 3
16 44 3
68 157 4
47 160 2
12 171 4
145 140 3
167 133 3
123 14 2
68 77 4
116 59 1
96 122 2
8 26 1
143 149 3
82 198 3
80 171 4
17 127 1
138 178 2
116 10 4
186 184 2
124 84 1
145 44 3
193 164 1
172 13 1
126 140 2
97 194 1
197 105 4
120 198 3
2 70 2
118 123 4
186 61 1
35 41 4
58 41 4
191 33 4
127 80 2
9 44 2
41 155 3
28 90 1
81 184 1
179 31 3
145 48 1
162 35 2
18 13 3
44 188 1
129 133 4
35 60 4
0 115 3
150 62 1
135 59 3
55 73 1
29 37 1
74 148 1
71 90 2
176 1 2
25 166 2
92 12 1
97 0 1
158 160 3
30 120 4
100 16 2
62 125 4
57 54 1
158 103 1
70 128 2
62 122 4
74 176 3
118 41 3
182 89 4
19 199 3
85 51 2
134 61 4
107 84 4
99 183 1
47 54 3
134 169 1
5 72 4
190 14 3
48 88 4
107 18 4
179 87 2
118 58 3
89 127 2
139 153 2
184 123 1
52 194 4
192 194 2
168 49 1
132 100 1
130 108 1
86 128 4
125 122 3
137 81 2
145 104 4
99 111 4
26 11 1
109 153 1
20 41 4
125 64 2
84 118 3
161 170 4
151 158 4
68 183 3
123 67 2
58 15 2
189 184 1
40 37 2
3 27 1
68 80 4
186 109 3
33 30 1
36 29 1
118 36 4
174 197 3
69 65 2
79 42 2
160 164 1
166 13 4
124 106 3
64 33 2
113 194 4
162 121 2
170 0 3
59 46 3
66 118 2
158 124 2
157 9 1
55 163 4
188 126 4
124 97 4
178 122 3
86 109 3
40 61 4
138 72 4
66 90 1
99 128 3
131 61 2
66 46 2
122 53 3
69 27 1
175 62 1
109 91 3
40 194 1
151 37 4
20 6 2
172 48 2
52 31 1
111 94 1
34 92 1
30 179 4
47 57 3
124 163 2
173 35 2
169 123 1
77 170 1
168 82 3
28 183 3
116 157 2
64 65 2
82 147 3
123 94 2
73 87 2
25 108 4
77 126 2
41 111 1
39 65 4
128 103 1
99 97 4
149 155 3
197 158 1
104 40 2
93 70 3
158 183 3
66 119 4
185 96 3
20 17 2
97 119 1
189 56 4
10 142 2
9 30 4
165 54 1
68 17 1
10 128 3
134 42 1
120 37 4
6 172 3
38 196 4
159 38 2
20 11 4
134 157 1
125 15 2
27 157 2
130 85 2
4 162 1
127 14 1
150 24 1
118 76 1
19 74 4
105 128 3
16 19 4
163 1 4
71 51 2
143 80 1
46 188 4
44 153 1
84 40 1
41 147 2
35 146 4
191 171 4
38 95 3
72 27 1
159 179 1
153 195 1
175 46 4
45 157 2
186 2 2
34 68 4
178 130 4
44 30 2
91 194 4
199 192 2
49 132 2
89 54 4
53 59 3
24 102 4
159 131 2
199 62 2
89 109 1
11 100 4
71 141 4
199 92 1
20 163 1
98 24 3
10 63 4
154 149 1
27 140 3
198 182 2
120 7 3
110 175 2
54 10 4
101 163 4
124 189 4
196 124 4
167 128 2
126 169 2
75 98 4
180 80 4
122 113 3
79 60 2
67 58 1
122 177 2
176 124 4
46 16 1
26 109 1
128 165 3
183 139 3
67 49 3
124 191 3
141 119 3
169 115 2
138 66 2
158 12 1
154 78 1
137 71 4
160 73 3
187 155 3
131 68 2
19 29 1
76 186 4
47 177 3
159 104 2
168 26 1
21 144 3
160 31 1
62 55 2
155 61 2
99 36 3
14 94 3
125 85 2
63 104 2
69 111 3
196 192 1
1 137 1
180 39 2
193 154 1
181 127 1
90 166 1
108 153 2
119 39 3
15 134 2
111 1 3
100 62 2
60 117 1
0 98 1
155 81 4
49 100 1
153 24 3
73 130 3
146 94 1
82 142 3
60 196 3
39 95 2
188 94 4
143 193 4
25 20 2
119 116 4
60 133 4
158 156 1
190 13 3
42 137 1
131 31 1
83 21 4
75 9 2
57 96 1
182 116 2
129 157 4
52 190 2
148 198 1
21 186 4
104 177 4
147 66 3
63 117 4
195 37 1
174 86 1
107 102 3
49 177 1
145 121 3
136 76 4
188 134 3
129 89 3
74 163 2
76 175 1
24 187 1
124 83 1
8 113 3
52 131 3
138 49 1
196 46 3
4 149 2
186 14 4
142 180 1
45 4 1
40 133 2
193 129 3
117 59 2
191 43 2
198 16 1
83 72 3
129 156 4
103 37 3
169 88 1
7 35 2
172 185 4
103 123 1
33 149 2
56 129 1
188 57 2
26 179 2
159 33 3
43 128 1
146 153 2
130 74 4
198 110 3
64 172 1
83 25 2
96 76 1
185 95 4
68 46 4
12 115 1
74 70 2
155 113 3
103 133 2
94 155 4
124 105 2
45 19 1
67 57 2
5 2 2
195 174 3
155 75 1
52 20 3
31 161 4
43 125 3
23 156 1
52 95 3
184 150 4
84 125 1
137 106 2
23 165 3
56 31 1
98 77 2
3 137 2
19 168 2
137 146 4
104 52 2
41 31 1
45 23 2
99 87 3
131 46 1
11 198 3
158 16 3
141 160 2
117 149 3
37 74 4
167 195 3
44 50 2
59 164 2
195 127 3
110 60 4
50 71 3
47 124 2
138 157 2
139 63 1
56 83 4
53 112 2
112 90 3
168 136 3
87 105 3
130 149 1
78 118 4
144 177 3
178 147 3
114 57 3
26 114 4
62 184 4
12 55 3
168 191 2
113 17 2
151 104 4
57 86 4
138 152 1
191 91 4
81 117 4
80 24 2
98 113 3
15 70 1
67 20 1
37 48 1
186 136 2
49 28 4
143 158 2
189 119 3
73 133 3
150 52 4
46 24 3
68 99 3
13 49 4
196 129 4
55 119 3
187 138 2
50 166 3
11 152 3
177 188 2
0 62 4
49 11 3
14 162 2
165 156 4
139 17 3
68 184 1
34 183 1
0 111 4
101 159 1
109 80 1
121 96 1
155 173 2
124 51 4
191 138 1
7 74 2
130 173 2
108 2 2
10 125 4
114 18 3
68 1 2
137 50 2
86 191 2
28 126 4
78 155 2
91 146 1
126 190 4
188 90 2
11 188 2
159 43 3
183 115 1
36 199 2
100 153 4
70 173 1
176 39 3
21 96 4
25 131 3
37 81 1
55 121 2
96 27 4
93 126 1
133 120 3
102 195 4
153 173 4
53 51 3
51 94 3
108 19 4
59 0 4
3 59 1
158 164 1
31 186 1
103 125 4
189 58 4
63 88 1
103 149 4
197 53 3
55 196 2
107 110 1
60 26 3
179 148 3
134 122 1
153 106 3
154 168 2
40 26 3
125 4 3
103 144 1
166 79 1
92 19 3
68 100 1
195 112 3
16 192 2
165 134 4
105 10 3
148 55 1
180 124 2
125 142 2
190 78 1
52 184 1
54 110 1
170 7 1
15 129 4
29 76 1
186 40 4
154 194 1
117 48 4
174 109 1
89 111 2
82 187 4
4 94 2
123 91 1
97 171 1
4 145 2
33 195 1
94 88 3
139 71 4
168 161 2
191 173 3
137 180 1
41 68 4
86 113 2
134 140 4
172 115 3
7 78 2
113 0 4
186 11 3
102 31 1
147 53 2
68 55 2
100 141 2
155 102 3
114 143 1
138 180 4
148 157 1
131 29 2
81 27 2
114 111 4
186 97 3
182 166 4
193 68 1
132 135 1
3 191 2
41 10 1
180 112 3
28 66 2
99 98 1
97 63 1
177 63 1
53 29 1
167 11 2
149 108 3
164 16 2
137 95 3
18 68 3
9 143 1
46 51 4
59 169 4
48 164 1
154 108 1
130 125 4
138 29 2
163 127 4
73 85 2
51 125 1
183 35 1
135 192 2
191 166 4
79 80 1
73 67 4
112 78 4
142 174 3
34 97 2
170 63 4
73 149 2
16 66 2
152 184 2
57 64 3
28 96 2
69 152 1
174 34 2
123 56 4
54 36 2
152 13 3
158 1 3
199 181 3
132 141 3
53 177 1
178 75 4
70 139 2
191 103 4
136 174 4
176 3 3
21 89 1
159 30 3
123 147 4
75 15 1
114 115 1
2 88 1
42 199 2
74 186 4
187 104 4
70 13 3
1 188 3
53 42 3
53 193 3
6 81 4
71 183 2
111 188 2
98 80 2
109 168 4
181 74 1
138 18 2
116 107 3
15 57 1
11 183 4
57 52 3
94 168 4
134 33 3
53 19 1
15 79 4
94 130 4
194 144 1
111 108 1
34 62 2
71 27 1
83 84 3
130 19 4
27 50 1
89 78 3
140 110 1
168 133 3
80 42 1
100 57 1
97 67 3
142 140 1
36 168 1
104 32 2
197 102 4
194 34 4
50 108 1
41 90 1
8 125 4
79 56 2
67 143 3
100 93 1
161 85 1
196 151 3
105 111 3
172 46 4
4 144 2
44 113 3
15 198 4
154 188 1
75 62 2
7 188 4
54 136 1
122 164 3
166 59 1
163 22 4
190 99 4
135 26 1
103 50 1
66 195 1
125 81 2
188 169 2
94 79 1
139 32 3
157 90 1
33 18 1
106 78 1
143 72 1
149 3 1
60 15 4
126 8 2
58 169 4
161 12 1
148 107 3
193 126 3
192 52 4
144 26 2
50 102 4
132 98 1
132 147 2
174 73 3
24 23 2
164 27 3
65 54 4
175 154 2
179 145 1
170 26 1
9 115 3
12 182 4
2 194 4
10 13 2
17 115 2
150 33 2
76 120 4
126 132 2
142 45 2
183 100 2
193 133 3
72 75 3
181 26 1
91 166 1
119 45 1
116 89 3
150 136 4
166 49 1
186 92 3
19 173 1
4 100 2
68 189 2
136 63 3
106 131 3
48 35 4
121 105 3
66 157 3
71 13 4
0 122 2
187 47 3
138 130 1
161 6 3
76 172 3
113 93 4
133 150 4
129 41 1
107 50 2
39 165 3
7 71 2
104 188 1
80 115 2
131 141 1
115 62 2
0 117 1
74 145 1
161 172 3
49 95 3
11 137 3
76 99 3
47 65 2
81 19 3
49 14 1
170 95 1
193 38 2
29 127 1
75 193 4
88 82 3
2 131 2
193 57 3
114 78 3
113 28 1
178 119 2
144 175 4
133 54 4
58 56 1
43 134 1
184 119 2
10 42 2
186 99 2
87 109 1
141 126 3
18 117 1
104 5 4
176 72 4
179 74 1
161 157 3
60 152 4
189 85 2
183 170 1
85 110 1
149 126 3
73 16 4
47 130 2
175 145 1
82 69 2
14 176 1
105 129 2
121 171 1
95 18 2
192 155 2
179 35 4
124 133 2
69 182 4
78 128 4
27 149 4
27 193 4
95 97 3
105 29 2
156 48 1
143 136 3
82 152 4
41 67 3
66 4 4
190 12 2
156 111 1
124 95 1
183 130 1
26 42 3
85 79 1
104 155 1
181 84 2
115 132 1
158 2 1
89 154 3
89 120 2
76 7 4
16 83 2
15 33 4
26 78 2
151 32 3
116 104 4
118 83 2
36 154 4
187 42 2
26 33 1
126 121 3
169 51 3
174 78 3
19 67 3
71 16 3
32 142 4
73 58 3
145 69 1
85 175 2
47 3 4
150 32 3
68 172 4
130 3 1
151 70 2
62 96 4
81 13 3
151 18 2
106 172 2
135 20 3
165 72 3
156 109 2
29 62 2
141 40 4
7 90 1
19 157 2
187 151 1
149 78 3
2 3 4
165 150 4
112 3 2
176 170 1
45 27 1
69 50 4
185 10 1
93 163 1
186 194 2
29 156 4
195 48 4
151 89 1
74 187 3
197 153 2
149 25 3
105 170 4
169 80 2
83 106 3
18 188 3
89 28 4
1 165 4
56 38 1
164 96 4
23 162 4
98 66 4
191 1 4
120 169 4
122 142 4
187 130 2
68 33 4
20 83 4
60 70 4
138 145 4
23 66 3
184 15 1
0 18 2
69 5 4
60 93 3
127 110 3
112 93 4
7 11 4
85 186 1
92 111 2
89 5 1
79 162 4
63 83 2
176 138 2
102 152 4
15 98 4
0 178 1
63 101 3
116 90 1
197 135 4
52 91 1
171 60 1
152 110 1
119 25 1
58 45 2
13 155 1
73 54 4
100 22 3
133 194 4
191 75 2
193 197 3
16 75 2
154 2 4
0 56 1
9 1 1
7 172 3
183 169 1
195 11 3
49 161 3
131 76 1
173 86 2
158 55 2
29 61 1
113 164 1
151 82 4
157 48 2
177 119 2
52 161 4
115 56 3
57 23 1
166 30 4
104 74 2
25 65 2
198 121 3
20 79 2
106 103 4
147 28 3
33 176 1
144 76 4
178 199 1
89 183 2
171 132 4
16 52 4
182 151 4
55 95 1
79 63 3
125 56 1
45 93 2
137 197 2
136 23 2
25 162 1
11 68 2
14 53 3
45 89 2
45 34 2
134 17 3
108 91 3
78 160 3
63 32 2
12 31 3
67 196 2
22 185 3
178 192 3
160 124 1
42 0 1
197 30 1
17 166 1
139 156 1
112 49 4
104 181 3
175 53 2
150 197 2
57 66 1
178 174 2
119 54 4
85 7 1
193 31 4
187 75 4
121 29 3
108 59 1
41 44 1
65 101 2
170 110 2
28 159 2
132 93 4
155 99 2
134 23 3
134 16 3
60 114 4
169 122 3
7 124 3
61 133 4
7 142 3
87 20 1
180 127 4
63 0 1
153 64 4
100 25 4
195 61 2
98 170 3
126 174 1
64 195 3
146 158 3
67 92 1
182 14 2
25 1 3
5 38 3
1 162 2
162 71 1
58 30 2
197 159 4
15 180 1
47 153 4
97 86 1
53 161 2
168 44 1
163 7 3
87 67 4
130 61 3
51 92 3
61 150 1
180 115 4
67 167 1
199 191 2
10 55 4
175 78 3
13 154 2
59 9 1
67 186 3
193 54 2
71 178 3
65 165 4
178 117 4
142 43 3
27 151 4
46 174 1
162 169 4
43 42 3
124 40 3
98 151 2
165 31 2
198 169 1
14 122 1
69 93 1
14 43 1
141 93 2
28 10 1
195 138 4
199 54 3
149 12 4
194 185 1
135 133 1
40 174 2
142 16 3
176 48 2
7 106 3
144 196 3
3 76 3
128 100 4
116 110 1
158 118 4
88 26 2
176 166 4
133 137 1
79 132 1
27 116 3
119 167 3
31 178 4
146 56 2
106 133 4
134 198 1
31 175 1
183 75 2
16 151 1
98 61 2
199 21 3
141 36 2
82 45 3
121 191 2
132 87 3
20 71 4
163 5 3
54 148 3
57 9 4
135 2 1
52 120 1
84 184 3
179 161 4
169 195 3
198 165 3
139 89 3
102 198 3
44 28 3
166 70 1
49 4 3
170 175 2
191 137 2
26 83 4
151 140 3
155 57 2
59 27 1
55 129 4
130 121 1
187 64 1
191 134 4
163 16 2
108 12 3
126 56 3
94 41 4
66 178 2
117 15 1
5 133 4
107 105 4
71 44 1
186 18 4
157 142 2
183 156 1
80 199 4
99 158 4
41 190 2
41 77 1
29 12 2
120 130 2
141 191 4
157 34 3
148 140 2
41 71 1
75 158 4
7 67 2
36 123 2
161 115 1
66 137 4
112 132 2
7 109 2
90 121 1
129 18 1
188 0 3
138 67 1
93 42 3
75 22 4
153 145 2
143 124 3
176 35 1
88 175 1
153 113 3
195 149 4
128 29 1
18 58 3
23 18 4
191 94 3
146 20 4
47 199 4
56 72 3
26 45 3
66 75 4
139 23 1
123 2 1
157 15 4
54 44 2
175 3 1
91 160 1
4 83 1
144 130 1
192 124 4
184 169 3
116 152 1
75 18 1
23 2 3
14 121 1
135 150 3
139 101 3
7 168 3
96 6 4
188 132 4
113 124 3
168 79 1
175 195 4
90 183 2
74 0 4
24 22 4
117 147 3
24 133 4
121 68 2
53 27 4
58 195 1
154 165 2
7 152 1
199 184 3
141 122 1
134 27 2
99 79 1
94 53 2
139 174 2
174 1 2
110 142 1
178 8 3
181 159 3
157 33 1
168 190 3
117 14 4
159 144 2
154 65 2
147 135 3
178 64 4
46 31 3
82 101 2
148 81 1
121 114 3
106 180 2
167 174 4
169 144 3
34 155 4
184 177 4
187 95 2
172 85 3
104 30 3
72 23 4
159 132 2
26 110 1
158 32 1
197 28 4
31 155 2
24 170 4
157 156 4
19 42 3
89 91 4
155 55 3
61 52 3
7 175 2
6 84 3
7 38 3
31 191 2
156 100 1
94 28 1
162 102 1
8 10 3
98 135 2
124 193 2
12 164 4
6 78 2
110 41 1
33 34 4
41 1 1
57 20 1
162 128 1
31 152 4
95 175 4
192 175 3
174 184 2
168 55 2
149 72 2
181 58 1
146 190 2
58 24 3
68 98 1
164 71 4
159 92 4
60 59 1
25 170 1
166 51 2
88 123 2
1 153 3
179 68 3
110 157 4
109 170 4
160 18 4
73 117 4
172 5 2
194 72 3
23 180 4
110 182 4
14 115 3
39 11 2
153 189 3
4 142 3
0 30 2
143 82 1
61 180 2
21 180 4
64 159 4
144 34 4
56 164 2
45 21 1
173 91 1
178 34 3
126 197 2
7 111 1
102 153 4
26 18 1
6 173 1
168 112 4
189 163 1
199 106 3
121 92 4
190 143 2
9 149 3
149 5 4
28 58 2
141 106 1
177 141 3
39 7 4
97 153 2
53 52 3
109 130 1
97 7 2
28 115 3
146 159 2
157 195 3
51 121 3
53 149 1
128 14 3
37 160 4
135 166 2
130 112 4
197 147 4
180 197 3
83 68 2
73 41 2
143 0 3
181 168 2
59 137 1
194 88 3
102 136 3
156 58 4
51 4 2
90 114 4
187 33 2
137 36 2
71 18 4
145 176 1
46 199 2
168 104 2
50 197 4
186 157 2
36 119 1
58 192 2
69 132 4
44 78 2
34 179 4
128 143 4
39 149 4
191 5 2
118 194 3
89 192 3
161 129 1
82 133 1
117 107 4
90 65 4
46 10 1
121 116 4
80 114 1
25 198 2
131 47 2
5 40 4
34 64 3
20 128 2
9 89 2
121 194 2
26 90 3
82 8 3
52 143 4
171 166 2
60 99 3
69 143 4
84 93 3
16 108 4
68 156 4
121 49 3
54 142 1
182 172 2
70 41 3
71 145 3
100 147 1
118 193 1
107 33 1
181 89 3
60 90 2
124 35 2
141 50 4
67 2 2
78 125 4
76 171 1
30 168 4
171 110 3
131 87 2
190 184 4
191 169 3
117 159 4
34 11 4
7 89 1
60 65 4
17 69 2
101 111 2
192 130 3
16 45 4
160 53 1
1 127 3
147 5 2
12 125 1
187 143 3
148 163 3
185 195 3
87 77 3
3 138 2
111 93 4
46 34 4
51 26 2
125 93 3
77 95 4
85 80 4
173 47 3
93 189 4
125 94 3
143 4 2
118 44 2
184 118 2
124 178 3
160 93 4
111 151 2
97 25 4
182 83 2
93 33 1
0 37 1
188 5 1
85 37 1
19 7 2
18 9 2
1 156 2
164 154 4
103 173 1
100 64 2
158 40 4
85 28 1
132 114 2
15 177 4
181 126 2
70 101 1
92 63 1
42 132 2
79 125 3
157 25 3
199 156 2
22 176 4
12 47 3
33 182 1
195 151 1
112 88 3
140 135 4
49 105 1
34 84 4
93 153 3
153 56 4
19 84 1
46 93 1
80 28 4
8 71 1
26 95 2
105 199 4
171 73 2
185 18 1
129 42 4
172 28 3
31 81 1
149 22 2
164 185 4
82 7 2
156 117 2
173 32 1
35 69 3
100 85 4
12 0 4
153 140 3
9 81 1
39 72 4
196 191 1
191 16 4
26 32 4
127 30 2
32 46 3
17 159 3
190 130 2
141 189 1
89 79 2
63 179 1
197 74 4
55 181 4
93 197 2
139 40 2
100 151 3
25 183 3
168 103 4
124 137 3
19 105 1
47 170 4
186 123 1
22 29 3
38 167 3
47 63 3
69 147 3
181 182 2
196 134 4
48 181 2
43 169 4
95 150 3
49 146 3
123 191 2
8 143 2
96 17 1
13 182 3
151 183 1
74 177 2
61 84 4
54 80 3
182 199 3
30 79 3
69 162 3
195 24 4
91 64 2
1 167 2
113 151 1
37 73 4
114 198 1
147 22 2
68 72 1
191 117 3
8 15 1
34 57 3
21 159 2
0 110 1
88 137 4
177 3 3
20 82 2
32 152 4
45 185 3
50 168 3
68 85 2
69 199 2
86 49 2
96 52 3
157 6 3
147 124 1
163 54 4
15 146 4
48 92 3
187 46 1
164 199 1
116 88 3
176 147 3
158 8 1
143 141 4
182 196 4
163 114 3
107 111 4
91 148 1
163 159 2
109 85 1
181 38 1
39 177 1
115 111 2
62 56 4
26 48 4
134 108 2
16 132 3
89 165 2
82 174 2
92 152 3
99 164 1
77 64 1
151 154 1
188 190 3
128 125 1
99 102 2
132 105 1
66 154 2
1 185 3
36 52 4
187 1 1
63 28 1
3 114 2
178 135 3
31 57 3
148 2 3
157 163 1
193 117 3
78 45 3
99 17 4
4 111 1
181 16 3
112 36 4
76 1 3
40 130 3
57 145 3
77 4 2
141 28 2
190 33 4
5 195 2
81 65 2
128 51 4
77 45 4
139 13 1
16 153 2
55 128 2
90 97 1
180 49 3
159 151 4
29 188 4
0 48 3
41 164 3
136 72 4
62 163 4
67 178 3
109 137 1
185 14 3
9 53 3
167 10 2
79 71 4
173 163 3
10 74 2
174 187 4
51 60 2
178 136 4
10 132 2
23 125 4
27 144 3
92 149 4
31 168 2
76 21 2
179 184 4
188 110 4
113 117 4
81 70 4
76 98 2
171 185 4
27 163 2
60 167 3
12 3 4
120 140 4
120 138 3
29 153 1
149 180 3
73 162 1
8 87 4
53 191 1
76 180 3
81 145 3
103 148 1
12 193 3
181 185 4
54 135 4
183 122 1
20 97 4
7 2 4
38 29 2
54 96 2
113 9 4
83 79 2
0 94 3
51 192 2
1 6 4
137 0 2
154 183 4
173 85 4
97 113 1
53 155 2
157 7 4
113 46 2
152 87 4
126 192 4
26 190 1
9 194 3
187 112 2
198 12 4
13 76 3
127 33 4
102 55 3
131 130 2
60 18 4
1 135 3
148 187 3
84 131 4
107 189 2
98 148 3
42 71 2
87 120 1
125 89 4
182 87 3
14 17 3
7 129 1
146 11 1
59 185 3
16 25 1
57 181 2
88 142 1
99 123 3
13 162 4
105 28 3
71 78 2
30 28 4
165 115 4
31 143 2
89 159 1
144 142 4
183 65 2
188 102 3
162 5 1
113 174 3
92 15 4
74 191 2
97 161 1
118 130 4
121 12 1
159 180 3
95 32 2
107 9 4
161 137 4
74 170 3
120 35 2
117 62 1
146 42 2
174 160 2
157 97 3
172 35 1
157 83 1
199 153 4
14 159 1
68 180 1
141 97 3
161 33 2
183 1 3
1 28 3
110 53 4
99 189 3
64 181 4
36 95 4
183 31 4
176 80 3
125 1 1
151 177 2
177 116 4
111 65 2
194 175 3
171 85 4
171 122 2
11 130 1
196 19 2
199 49 3
45 135 1
177 157 1
88 96 1
46 164 1
46 20 1
33 165 2
17 59 2
161 175 3
118 101 2
185 42 3
49 175 3
156 21 3
194 141 1
199 34 2
153 117 1
68 21 2
47 43 2
139 113 2
9 51 3
162 104 4
58 1 4
148 12 4
90 107 1
16 65 1
121 2 2
106 34 1
109 117 4
8 84 1
141 86 2
70 97 3
136 173 3
92 29 1
29 71 3
110 28 3
86 165 3
59 90 4
78 147 2
86 142 1
65 52 2
49 192 2
42 163 3
152 66 1
124 134 1
76 91 1
109 19 4
34 176 4
27 13 1
161 32 3
54 52 2
194 8 3
80 86 4
165 8 2
167 14 2
190 54 1
6 94 4
92 98 3
82 182 2
126 185 2
158 140 3
42 76 2
33 97 4
75 14 2
102 108 2
142 108 2
72 70 3
139 190 4
56 185 1
194 69 4
198 72 4
82 165 4
118 153 2
74 131 4
131 175 3
16 51 2
120 196 3
167 131 2
171 177 4
151 150 2
36 64 4
178 10 2
192 39 2
163 71 1
173 62 1
73 12 4
26 146 3
25 199 2
141 167 1
131 180 4
41 153 4
180 27 1
3 128 3
124 30 2
40 53 2
47 156 1
142 199 4
27 103 2
10 120 1
90 45 1
6 175 1
130 177 4
192 159 4
120 48 4
7 153 3
178 50 2
103 9 4
26 125 2
19 142 4
159 69 4
51 106 3
144 59 3
138 39 1
3 36 4
196 92 1
101 130 4
128 13 2
95 13 3
197 51 1
193 43 1
7 86 3
126 94 3
11 103 1
125 77 2
145 85 4
177 99 4
140 23 3
146 122 2
121 94 1
21 85 2
29 173 3
38 178 3
3 133 1
78 197 3
185 99 4
97 30 3
6 41 2
47 64 3
127 94 3
60 122 3
53 1 1
137 90 1
108 53 2
14 0 3
121 159 2
100 123 2
89 66 1
124 9 1
133 57 4
62 120 4
27 52 3
81 55 3
128 87 2
155 7 3
20 86 4
73 91 2
57 61 3
177 41 3
121 20 1
97 19 1
70 190 2
103 112 2
149 77 1
180 156 2
24 125 4
172 71 2
127 95 2
112 117 4
132 35 1
137 67 1
156 83 2
153 14 3
12 61 1
22 79 3
36 145 2
89 50 1
11 112 3
81 106 4
185 182 4
182 129 4
39 189 1
52 68 2
14 157 2
3 94 3
98 115 1
114 62 3
199 64 2
115 121 4
135 105 3
169 33 1
154 88 3
104 25 1
24 105 4
182 94 3
167 157 2
74 159 2
109 11 2
24 191 4
106 174 4
10 195 2
62 109 2
121 46 4
198 33 4
162 168 1
180 183 1
196 23 2
22 106 3
103 96 2
27 167 2
183 24 2
17 28 1
173 192 1
80 38 3
196 85 2
14 40 3
104 9 3
45 120 2
90 88 3
78 183 4
36 1 3
109 180 3
197 151 1
100 108 2
65 61 4
179 199 3
17 29 2
40 132 4
53 58 1
61 25 3
53 125 1
185 132 1
162 124 4
6 10 3
72 73 4
86 64 2
44 96 2
64 25 3
52 5 4
198 125 2
187 170 2
106 30 4
72 20 1
72 137 3
132 38 4
39 80 4
9 83 2
5 171 1
135 155 4
164 50 1
151 166 2
0 54 4
145 9 3
74 127 3
64 3 1
183 43 1
73 61 1
180 101 3
36 113 4
126 12 4
15 18 3
177 80 3
35 9 2
104 13 3
141 170 1
107 129 4
141 165 4
112 33 1
199 53 3
11 106 4
176 155 3
154 105 1
186 53 4
69 59 4
65 161 3
86 127 1
84 49 1
82 31 2
5 167 3
108 136 2
76 24 2
61 10 1
141 85 1
49 190 3
28 51 3
161 171 3
81 123 4
130 151 2
104 167 4
102 78 2
198 14 3
41 159 2
189 33 2
12 101 3
135 109 2
190 156 4
35 6 2
186 62 4
1 120 1
2 1 1
85 177 1
13 56 3
194 112 1
52 145 1
130 46 1
10 100 4
34 124 2
3 84 2
11 78 1
50 35 2
59 165 3
63 61 2
140 199 2
14 68 2
158 175 3
160 166 2
48 155 2
8 139 4
52 26 2
30 27 4
17 185 4
100 188 3
86 123 3
103 81 3
196 115 4
76 40 1
197 177 3
127 42 1
6 59 1
61 107 4
153 196 2
112 83 3
62 69 4
53 17 2
158 52 1
70 35 4
179 81 3
187 198 4
17 54 2
114 185 1
143 196 1
143 18 1
121 77 4
73 84 3
126 34 3
54 117 1
98 82 1
105 9 3
69 102 1
54 181 2
58 163 1
192 172 2
112 66 4
55 0 1
52 141 1
191 147 2
186 9 2
82 117 1
156 5 4
90 122 3
22 83 1
198 196 2
40 62 2
89 68 2
25 17 4
107 95 3
127 172 3
144 1 1
60 88 4
161 126 4
175 5 2
130 188 4
6 166 1
198 142 4
66 114 2
144 127 1
45 95 1
122 24 2
113 145 4
164 112 4
171 190 1
18 155 1
188 142 2
44 172 2
48 130 1
29 34 4
131 50 3
153 78 3
128 148 2
113 187 1
138 125 3
143 111 4
162 98 3
37 96 2
55 132 4
169 146 3
58 42 3
0 100 2
168 33 1
87 40 1
11 117 1
69 28 2
98 107 1
112 35 2
169 5 1
176 153 2
120 168 3
111 176 1
139 127 2
171 26 4
130 1 1
36 139 4
85 53 3
69 155 2
164 172 4
94 39 4
25 172 4
139 83 1
182 156 1
74 164 2
125 170 4
73 75 3
165 164 2
185 15 4
97 108 4
4 152 1
52 72 4
134 128 2
128 191 4
192 65 2
90 48 2
28 143 4
88 158 1
153 75 3
175 27 2
70 171 4
164 85 2
92 177 3
59 158 2
57 55 4
85 115 3
41 112 2
15 172 3
116 76 4
28 74 2
32 188 2
86 129 4
23 46 3
177 84 1
18 134 1
199 71 1
46 48 2
39 132 1
91 169 2
103 2 4
15 95 3
179 97 2
118 104 2
113 40 1
109 83 4
160 0 1
168 39 4
143 14 4
51 160 2
128 44 3
77 30 2
124 154 2
53 48 3
40 101 2
109 123 4
192 128 1
77 37 4
21 148 4
110 151 2
59 82 1
154 72 1
103 16 3
48 106 4
121 97 4
92 173 1
56 135 1
128 0 4
97 163 2
127 36 1
1 136 4
34 78 2
23 74 1
114 14 3
108 94 2
170 65 3
101 37 3
24 169 1
83 104 2
142 68 4
92 181 1
40 160 3
84 136 1
27 78 4
72 18 2
55 5 2
168 78 1
162 90 2
177 40 1
0 121 2
104 125 1
35 10 1
11 113 2
19 87 4
120 110 2
87 95 2
0 120 1
171 127 1
154 74 1
187 94 1
51 109 3
44 104 3
139 125 1
197 70 4
188 139 4
65 156 3
97 199 3
157 41 3
85 123 3
198 108 1
124 167 3
55 178 3
173 122 4
39 18 3
39 87 1
137 112 3
132 53 2
88 69 1
48 103 2
38 64 2
35 75 2
148 135 4
34 132 2
144 174 4
15 127 1
46 99 2
15 110 4
171 82 1
133 26 2
84 176 3
63 22 1
149 177 1
34 198 2
79 19 2
30 128 3
67 54 1
148 145 4
99 38 2
17 141 3
143 34 1
99 94 1
152 26 4
24 29 3
162 21 3
91 7 3
99 65 2
61 75 3
94 150 1
134 171 1
167 87 3
168 114 3
195 30 4
76 0 2
59 160 2
82 48 1
188 72 2
168 45 1
3 46 1
23 65 2
85 48 2
102 116 3
160 108 1
179 46 3
6 193 2
23 190 2
90 76 3
156 132 2
151 152 3
75 19 4
104 103 3
176 183 3
109 96 1
108 39 3
158 94 2
131 119 4
95 22 2
188 87 2
61 0 3
198 152 2
186 25 2
7 28 1
37 7 3
185 134 3
156 152 4
176 101 4
24 136 2
72 115 3
92 7 2
150 195 4
15 32 4
148 162 1
72 1 4
22 103 4
2 172 3
183 108 3
69 39 1
147 156 4
73 164 3
142 99 2
96 87 3
169 151 4
138 199 4
67 174 2
149 141 3
46 85 4
74 85 3
57 97 2
198 183 1
108 33 2
21 126 4
167 151 2
196 131 2
16 193 2
77 177 2
68 196 3
183 61 2
175 47 3
33 126 3
113 75 4
22 160 1
104 158 3
137 63 1
65 180 1
148 131 1
115 122 2
142 156 2
48 77 3
104 138 4
74 58 1
98 16 3
53 21 1
182 16 3
171 130 2
87 37 1
128 117 3
198 180 2
62 116 1
14 183 4
118 96 3
73 70 4
189 180 2
13 140 3
52 157 3
119 183 4
158 152 4
191 104 4
136 5 1
90 170 2
191 152 2
12 53 2
116 139 4
92 129 4
71 47 4
127 31 3
151 78 4
191 15 2
118 49 4
133 16 4
8 77 3
52 195 4
130 137 1
31 173 4
103 1 2
176 68 3
59 121 2
85 99 3
192 29 4
109 38 2
37 149 2
78 101 4
41 88 3
14 103 4
15 106 1
179 54 4
188 3 3
149 106 4
130 42 3
147 15 2
171 115 2
142 8 1
72 78 2
20 155 3
169 54 1
32 132 4
130 37 4
92 49 2
79 62 4
128 82 2
5 56 2
99 127 1
69 195 3
12 105 3
192 37 4
129 27 4
188 143 4
91 102 2
6 116 4
101 135 1
33 9 4
5 58 3
146 148 1
97 105 4
76 41 2
65 159 3
90 14 4
63 126 3
89 197 3
19 22 3
192 17 1
87 48 4
101 133 1
41 26 3
138 105 3
109 90 2
192 85 2
163 134 2
87 23 3
91 72 2
64 192 1
114 81 3
60 85 1
115 152 3
103 179 2
133 4 1
20 189 3
46 142 2
46 194 4
8 14 4
185 13 2
78 13 2
161 43 1
189 86 1
86 90 2
109 101 3
40 161 1
83 57 4
20 73 4
71 190 4
117 12 2
47 92 1
50 199 1
180 11 2
78 158 2
106 5 3
101 42 1
184 113 1
166 120 3
111 110 1
136 42 4
39 104 2
98 50 1
121 179 4
98 138 4
141 116 3
91 88 1
66 17 4
97 43 3
29 191 3
140 113 3
193 93 1
110 163 1
8 98 3
189 89 4
59 99 4
111 5 4
86 122 2
10 9 4
181 76 4
113 103 1
76 193 4
132 184 3
111 35 1
58 10 3
6 179 3
47 189 2
95 182 4
171 113 3
72 174 2
163 128 3
5 76 4
133 85 4
154 69 4
63 122 1
199 113 2
80 78 4
35 187 1
72 173 1
45 158 4
50 190 2
5 141 4
67 70 3
197 92 4
76 89 3
75 137 1
127 157 4
71 113 4
154 110 2
44 95 3
83 131 1
3 187 4
73 147 1
176 173 1
145 114 2
134 151 1
85 12 1
102 30 1
68 48 2
22 122 1
49 79 4
105 44 1
67 89 3
33 192 4
149 173 2
49 83 3
189 36 3
91 80 4
194 183 3
179 137 4
112 5 4
136 166 4
18 51 2
158 17 4
130 146 2
24 78 3
20 194 2
176 133 4
36 70 2
25 111 1
30 144 2
63 19 4
126 195 4
69 186 1
81 23 2
89 123 2
32 54 2
0 167 1
131 161 4
39 1 4
153 136 4
106 173 4
43 35 4
151 185 1
85 10 1
184 72 3
66 128 4
30 81 4
37 4 3
124 174 1
176 56 4
81 118 3
112 14 1
91 193 3
177 62 1
19 136 3
195 115 3
97 117 4
98 1 1
147 164 4
184 138 1
30 60 3
187 167 1
49 25 4
173 27 4
50 112 2
53 145 2
43 199 2
133 20 4
41 101 2
134 161 2
97 52 2
100 126 3
103 44 2
180 54 1
124 19 1
116 198 4
139 75 1
136 29 3
186 60 2
67 69 2
119 42 4
43 170 4
50 183 1
184 55 4
167 4 1
115 126 3
165 158 1
154 115 1
10 196 1
9 74 1
178 160 2
121 169 2
4 8 1
17 44 4
77 146 1
161 174 1
44 149 3
23 152 4
12 124 3
174 54 2
31 64 4
126 38 1
85 23 4
134 49 2
139 19 2
50 162 2
135 25 2
94 16 3
159 37 2
101 134 3
38 27 1
135 23 4
120 111 3
36 109 1
162 181 4
149 162 1
51 82 3
76 32 1
15 156 2
22 144 4
198 27 1
32 42 2
32 194 3
99 107 3
95 184 3
120 41 1
35 8 1
26 119 4
87 42 1
78 31 3
191 20 1
48 17 4
197 111 3
122 85 4
17 118 3
27 136 2
55 35 1
196 137 2
175 54 4
175 199 3
116 136 2
154 160 1
188 151 1
95 167 2
194 28 4
78 76 4
13 144 4
65 20 3
143 116 1
89 149 3
113 48 1
16 177 1
17 107 4
179 94 4
90 27 2
108 123 4
127 104 1
74 111 1
71 132 3
71 173 1
114 32 3
63 76 1
179 146 1
118 72 1
160 148 4
115 193 4
157 147 2
122 198 2
185 144 3
121 6 2
155 5 3
39 147 2
142 72 2
19 33 4
102 7 4
150 39 1
78 182 2
97 46 2
152 42 3
7 177 1
181 25 2
181 189 4
180 84 4
94 159 1
124 131 4
105 52 4
46 49 2
100 37 4
100 29 1
184 14 3
15 124 1
16 60 3
199 195 1
37 15 1
92 192 1
112 184 2
83 77 2
84 17 2
18 74 2
130 36 1
180 73 4
94 138 4
0 67 2
96 138 1
15 74 1
184 39 3
152 173 2
165 11 2
91 92 3
73 6 3
197 129 3
33 70 4
121 195 2
3 39 2
186 90 2
21 109 3
17 26 3
22 37 2
69 127 1
157 182 2
163 14 4
146 117 2
101 39 3
102 184 4
153 28 3
2 66 2
152 83 4
197 152 3
104 105 3
40 146 4
136 9 3
23 112 4
109 9 1
98 104 1
166 12 4
59 84 4
88 127 2
112 16 1
93 162 2
60 91 3
121 84 2
86 177 2
34 67 3
78 108 1
128 141 3
38 30 1
136 0 2
72 113 3
53 136 1
169 128 2
186 95 1
30 100 3
80 192 4
79 154 1
103 120 2
83 195 1
26 145 2
58 75 1
42 164 4
83 133 1
99 89 1
43 49 3
119 99 2
10 32 3
114 101 1
77 14 4
87 26 1
29 32 2
175 101 4
195 158 2
122 174 3
132 51 4
179 155 1
118 113 1
138 30 4
25 69 1
135 121 1
33 197 4
94 21 4
22 142 1
98 45 2
37 178 2
93 104 3
134 120 2
188 71 2
137 102 1
104 50 3
108 156 1
83 81 2
101 104 2
40 66 3
81 126 4
5 41 2
76 162 2
105 59 1
79 121 3
2 150 1
11 61 4
56 93 3
33 188 4
10 60 1
19 15 4
185 80 1
132 59 4
186 178 2
103 4 1
195 47 1
73 146 2
14 62 4
40 129 3
147 63 4
198 4 4
78 17 2
27 44 3
98 119 3
162 140 4
137 29 1
93 148 2
199 30 1
45 7 1
56 68 2
9 138 3
130 100 1
17 7 3
78 32 2
101 137 3
122 45 4
26 156 4
103 83 4
123 71 1
128 81 4
110 138 2
185 83 3
168 176 1
175 14 2
41 25 1
157 155 1
133 110 3
178 98 4
168 108 1
43 189 3
154 181 2
176 118 3
82 97 4
110 183 2
49 87 3
110 156 4
188 6 4
193 32 3
27 24 1
122 133 4
88 167 4
126 151 1
165 123 3
109 84 4
174 52 1
124 74 2
22 86 2
178 153 2
169 161 2
93 58 3
187 18 4
117 165 1
177 93 2
195 7 3
171 136 2
15 155 4
127 4 4
82 70 2
85 61 3
156 153 4
10 96 4
166 148 3
194 64 2
174 74 3
139 95 2
144 20 2
82 17 2
92 73 2
48 19 2
115 29 1
7 178 3
139 132 1
125 164 2
104 77 4
150 82 2
95 179 1
70 174 1
168 157 4
150 147 1
65 43 2
30 18 1
6 112 2
72 80 1
190 42 4
181 180 3
182 186 1
119 95 4
47 69 3
194 26 3
44 199 1
1 7 3
46 153 2
136 26 4
161 24 3
28 138 4
104 133 1
106 62 4
170 158 3
15 36 3
119 4 1
105 116 4
161 190 3
15 21 2
4 151 2
3 146 4
196 170 2
94 90 4
73 176 2
56 169 4
17 10 2
109 197 4
63 156 4
108 15 4
197 56 2
197 184 2
143 97 1
70 26 2
0 193 1
11 4 3
26 79 4
165 185 3
153 71 4
77 7 2
93 105 4
129 186 1
189 83 2
108 47 2
165 63 1
121 199 2
51 22 1
163 118 1
34 82 1
99 75 4
123 82 4
13 85 4
110 6 3
101 146 2
125 99 3
122 127 2
71 111 1
27 105 3
120 99 1
182 135 1
149 51 3
61 79 1
105 141 4
5 3 2
13 35 2
47 8 2
11 179 3
93 78 4
99 163 4
169 75 3
2 75 4
105 8 4
83 99 3
178 11 2
103 92 4
57 109 2
134 91 4
9 156 4
32 52 3
91 164 1
64 44 1
178 170 1
92 28 3
20 198 1
45 73 3
1 132 4
167 86 1
59 13 4
4 130 1
134 119 3
55 36 4
0 49 4
32 148 2
33 158 1
160 44 4
22 168 2
178 46 4
94 73 4
114 16 1
88 182 1
176 86 2
48 6 2
3 62 2
193 94 3
160 61 4
163 65 4
178 74 3
86 74 4
10 70 3
145 19 3
14 32 4
168 62 2
3 99 3
5 194 1
178 133 1
143 168 1
151 132 4
149 158 3
169 32 3
67 13 2
143 191 4
101 107 3
138 83 3
106 0 3
7 126 1
184 71 3
33 114 1
180 175 4
95 172 4
137 44 3
109 128 4
53 192 3
72 144 3
198 98 1
87 117 2
64 190 1
178 114 2
40 56 4
23 25 4
123 104 4
183 46 2
48 131 3
164 195 4
103 94 1
51 111 1
176 193 2
13 118 4
81 168 1
28 132 2
20 129 3
115 97 1
145 100 3
115 182 1
114 75 4
182 7 2
109 115 3
146 199 3
72 81 3
155 6 4
110 68 1
97 182 2
71 134 4
57 59 2
138 35 2
182 137 3
180 67 3
40 20 1
196 5 3
196 190 1
187 96 1
131 14 4
159 112 3
0 58 2
199 124 1
82 3 3
85 19 1
11 36 3
150 85 2
191 39 2
66 25 3
190 144 4
165 187 2
142 30 3
24 126 1
109 100 4
25 187 2
42 141 2
91 57 2
17 65 1
166 132 1
96 145 3
39 183 2
119 145 4
180 192 1
42 197 3
14 33 2
177 196 1
185 179 2
195 29 2
62 167 1
184 156 3
30 96 1
143 150 3
172 17 3
161 105 1
44 120 2
100 198 3
137 121 1
49 30 2
34 61 4
16 107 3
87 121 2
10 115 2
41 28 2
97 68 4
23 70 4
172 70 2
68 178 4
138 22 1
37 18 4
156 122 3
43 177 1
154 158 4
94 87 3
58 60 3
197 59 4
133 6 4
21 127 3
189 114 1
45 67 4
188 187 2
119 104 4
104 0 4
50 97 1
165 132 2
21 52 1
144 2 1
193 190 1
190 48 4
169 172 3
62 19 1
6 150 3
157 141 3
118 20 2
95 190 2
170 100 2
3 184 2
162 17 3
89 73 4
122 118 2
109 187 1
162 194 4
1 77 2
45 49 1
62 66 2
126 10 1
167 163 1
177 88 3
95 126 2
86 147 1
118 143 3
87 148 1
29 9 1
157 43 2
10 45 1
21 171 4
52 48 1
85 18 1
24 118 1
123 13 1
109 56 4
57 112 3
80 47 1
115 69 4
54 162 3
166 95 2
192 182 1
4 22 1
112 198 1
149 69 2
78 63 4
82 196 4
45 126 1
4 3 2
112 146 3
42 159 1
191 14 3
129 77 1
20 127 4
43 84 4
37 12 3
171 54 3
18 124 4
150 76 4
161 167 2
115 188 2
11 162 4
158 67 1
132 41 3
164 102 1
198 56 1
169 42 4
32 133 2
65 131 2
18 87 1
29 13 2
90 187 4
86 82 4
60 189 3
182 27 2
114 46 2
90 159 4
144 137 3
69 123 4
82 92 1
8 180 1
57 199 4
19 187 2
187 116 4
69 83 1
28 62 2
158 21 1
40 48 4
26 147 4
135 189 2
141 108 3
54 188 4
18 98 1
142 34 4
152 178 2
38 190 2
52 63 1
139 179 4
155 191 4
198 135 4
113 104 3
25 47 3
55 50 3
77 189 3
92 128 2
179 162 3
119 62 1
93 86 3
40 100 3
121 104 4
51 199 3
11 193 3
23 138 4
21 57 2
41 3 1
187 178 3
30 42 1
110 47 3
77 193 4
136 181 4
0 10 2
151 162 1
52 125 3
187 146 3
1 86 2
17 98 4
31 108 3
49 128 3
176 180 3
68 15 3
132 31 2
40 103 1
54 56 4
133 145 4
4 179 2
195 31 4
193 105 1
50 39 1
52 132 4
151 11 3
55 177 3
5 37 2
51 195 4
74 11 2
52 178 4
171 103 2
6 170 4
94 77 2
195 26 2
64 189 2
180 94 2
139 157 1
95 116 4
160 131 4
193 42 4
21 183 3
21 115 2
57 85 1
50 163 4
160 128 3
12 122 1
64 149 1
155 186 4
31 4 1
91 137 2
147 4 2
153 15 2
180 83 3
159 190 1
25 95 1
56 157 4
6 181 2
51 126 4
114 119 2
125 28 3
67 37 4
147 173 4
87 186 1
130 9 1
93 22 1
97 56 3
44 20 3
64 175 3
134 179 2
4 134 4
69 40 2
189 74 4
141 14 2
84 157 1
28 155 3
127 8 2
195 43 1
99 115 1
154 91 1
154 43 1
76 84 1
2 26 3
57 152 3
154 126 3
23 5 4
116 189 4
30 150 2
30 180 1
190 179 3
56 199 4
2 73 1
174 4 2
66 44 1
177 81 4
107 173 4
135 22 4
109 136 4
104 198 4
175 58 1
129 54 4
164 44 2
194 116 2
169 25 3
39 196 3
6 98 2
194 67 4
135 60 1
178 29 1
98 93 1
66 184 3
48 27 2
142 138 3
116 101 2
154 68 4
99 174 3
169 175 2
8 89 1
147 21 2
98 63 2
83 47 4
142 194 3
8 90 3
45 100 3
77 78 4
141 181 4
180 9 1
57 29 2
170 140 4
96 110 2
65 67 2
3 97 1
48 148 1
35 87 1
10 49 3
117 86 2
98 193 1
21 114 2
198 65 2
57 8 3
160 26 2
178 62 1
6 24 4
52 144 3
4 2 2
175 60 3
89 49 3
40 157 1
76 126 4
142 36 4
191 0 1
35 19 4
160 41 3
132 193 4
13 43 2
164 75 1
60 37 3
24 100 3
95 104 2
96 127 4
117 92 1
151 137 2
23 127 3
85 144 4
5 98 4
22 128 1
76 174 2
99 132 1
84 123 4
139 185 1
184 106 3
101 10 2
20 122 1
169 173 4
105 149 4
192 185 4
196 48 3
65 1 1
154 93 2
63 193 1
194 177 4
63 27 3
51 96 1
131 139 2
10 198 3
138 136 3
0 161 1
78 159 3
157 125 3
22 14 1
66 197 4
177 111 4
110 172 2
180 184 2
149 198 4
188 196 3
177 189 3
11 46 4
188 138 3
129 113 1
19 191 2
62 88 2
167 65 3
26 65 3
156 2 2
4 67 1
17 45 2
170 34 3
166 180 3
111 64 4
111 103 3
105 13 3
62 108 2
153 90 1
11 12 3
42 107 1
28 39 1
143 135 2
35 88 3
193 78 2
181 95 4
71 63 1
133 187 1
90 126 4
56 184 4
138 7 1
37 191 2
45 159 2
19 117 4
185 4 4
117 195 2
23 102 2
111 157 1
85 69 1
102 163 2
141 154 1
124 185 2
14 181 1
47 51 1
189 155 1
168 173 1
77 66 4
51 147 2
124 3 3
83 41 4
82 170 4
139 88 1
31 130 4
33 186 4
139 97 3
151 71 2
17 125 2
57 117 2
184 6 1
174 28 3
150 194 4
26 47 4
189 22 3
186 4 3
121 32 2
197 6 4
44 132 2
199 52 4
100 163 2
15 164 3
181 114 1
170 114 3
32 87 3
8 28 1
181 28 2
190 132 2
150 35 4
15 195 4
32 184 1
44 31 2
95 71 2
97 120 4
162 26 1
129 163 2
115 106 2
35 109 4
96 134 1
1 192 1
163 130 1
160 175 1
174 42 2
190 89 2
26 143 3
72 140 2
161 188 1
22 72 1
61 158 3
173 0 4
90 196 2
13 124 3
187 10 4
170 42 3
33 75 3
28 198 3
66 161 1
118 25 2
3 35 2
33 83 1
121 58 4
172 23 1
65 28 1
178 157 2
129 47 4
6 66 4
53 28 1
33 63 2
183 88 2
38 150 1
123 111 1
141 145 1
24 112 2
25 103 3
47 91 3
38 70 3
6 90 1
197 144 1
85 119 4
195 137 4
198 85 4
86 148 4
86 31 4
109 12 4
198 45 3
157 31 3
39 153 1
153 34 3
9 163 2
119 179 4
152 27 3
40 63 2
45 37 4
36 47 3
78 59 3
11 87 2
164 57 1
161 159 2
49 12 3
143 30 3
196 184 2
121 17 3
129 69 1
164 49 1
187 180 3
96 4 2
168 117 4
156 76 1
163 87 1
150 21 4
161 177 4
74 151 2
112 94 3
157 54 3
183 59 1
166 138 3
126 117 3
173 164 2
102 64 1
184 109 2
13 120 3
0 183 4
63 31 3
142 133 4
88 122 2
163 192 4
98 73 4
156 138 1
42 62 3
166 46 3
93 55 4
34 83 1
34 197 3
180 86 4
182 80 1
69 20 1
47 115 1
37 56 2
0 85 1
91 49 3
122 17 4
109 145 2
75 165 3
154 45 4
71 105 4
174 137 2
5 157 3
52 38 1
102 37 1
33 175 1
118 43 1
83 48 1
20 174 4
17 100 2
138 155 2
148 193 3
63 151 1
65 95 1
19 165 2
182 26 1
148 165 1
9 106 3
53 10 4
144 165 1
195 166 1
15 138 3
49 102 1
102 159 4
170 37 1
27 65 3
129 100 1
99 176 3
36 124 3
110 178 1
111 167 1
24 111 3
108 126 2
174 12 2
127 65 2
22 102 2
153 157 2
156 137 2
3 92 4
10 183 2
176 192 2
78 5 2
37 71 2
19 172 2
53 41 2
139 117 1
163 185 3
156 164 4
198 96 3
13 181 2
0 144 4
47 39 2
133 148 4
112 173 4
97 41 1
198 191 2
0 46 2
13 12 4
66 58 4
184 57 2
118 3 3
121 53 2
46 2 1
117 102 4
146 4 1
180 102 3
87 79 2
175 139 4
61 161 3
125 124 4
133 169 3
121 34 2
21 18 3
17 35 4
24 193 1
47 134 4
189 57 4
99 52 1
167 6 1
84 54 2
113 152 3
109 5 1
3 180 3
122 58 4
63 2 2
130 45 4
60 180 4
100 53 4
141 169 3
108 139 4
148 158 4
187 115 2
97 184 1
10 155 1
103 20 2
160 143 1
125 197 1
95 129 2
44 185 2
13 157 4
74 27 1
136 177 4
99 178 3
112 26 1
56 104 4
44 186 2
93 25 1
67 140 3
43 7 1
96 94 1
150 130 1
87 90 1
83 42 3
15 114 4
86 66 2
52 173 3
150 25 1
77 73 2
144 135 1
177 38 3
24 67 4
96 154 4
189 197 3
117 133 3
107 91 2
15 41 3
105 26 4
147 193 4
198 61 3
52 149 1
118 90 1
128 170 2
24 138 4
89 100 4
198 168 3
92 120 4
149 87 3
185 168 3
106 143 2
81 180 1
152 164 2
21 69 4
74 135 3
60 81 1
164 129 4
144 39 2
46 1 1
96 15 3
157 158 3
125 61 2
174 43 2
39 173 3
111 56 1
81 197 4
93 63 2
49 36 4
133 143 3
82 177 1
69 3 2
140 102 3
35 93 2
130 97 2
52 110 3
123 127 1
187 196 2
193 52 4
157 78 3
68 19 1
199 118 4
34 8 3
131 150 4
87 3 1
11 77 2
82 5 2
172 84 3
79 23 1
61 83 3
184 85 1
199 174 1
116 172 2
196 117 4
101 173 1
179 28 2
79 43 2
166 23 4
69 164 2
73 63 2
197 160 4
56 191 1
3 157 1
12 163 4
62 48 3
113 34 4
17 39 4
81 193 4
25 76 1
27 161 4
145 82 4
169 69 1
75 138 4
136 196 1
155 3 2
199 73 3
117 42 1
150 69 3
151 160 1
127 52 3
159 126 1
197 25 2
13 50 2
45 143 4
158 70 1
156 45 1
82 159 3
136 85 2
182 48 4
111 100 2
139 4 4
23 187 3
76 184 1
110 130 4
185 53 3
137 47 1
8 184 4
92 133 4
91 71 3
185 123 1
117 136 4
64 146 4
27 177 4
52 92 3
95 120 3
114 88 2
109 152 3
199 14 4
107 135 1
90 2 4
19 119 3
177 96 3
136 135 3
87 195 1
81 165 2
32 109 3
180 79 2
172 136 2
22 91 1
22 158 2
50 175 1
41 65 2
37 146 2
132 140 3
191 126 4
143 161 4
38 32 4
180 62 1
192 106 3
128 116 4
193 51 1
103 165 3
149 118 1
197 106 3
24 0 2
58 22 4
33 88 3
29 11 2
129 189 4
129 177 1
10 90 1
69 42 4
173 95 4
5 170 1
131 104 2
13 117 4
5 114 4
15 39 4
198 88 1
50 87 2
81 69 3
176 40 3
85 39 1
84 193 1
69 135 4
3 54 2
12 179 2
22 180 1
137 34 3
102 34 2
152 183 3
106 77 4
97 150 2
41 23 3
50 45 4
196 111 2
103 194 2
185 9 1
159 22 3
142 59 1
87 183 4
115 7 2
30 74 1
157 74 3
65 97 3
194 90 3
69 64 4
81 112 4
83 67 3
117 31 4
161 39 4
55 59 3
60 27 2
99 141 4
76 123 3
56 45 3
49 55 1
96 9 1
102 98 4
168 171 4
90 161 1
122 87 1
101 38 4
158 48 4
160 165 3
150 191 3
163 137 1
129 50 2
71 100 1
196 0 1
93 13 1
6 54 1
139 144 3
15 160 2
21 58 3
62 91 3
117 56 3
65 124 1
44 195 3
0 7 2
73 52 2
120 106 1
0 86 2
5 139 1
110 79 1
130 15 2
1 70 4
81 198 2
86 35 4
146 181 2
82 54 2
151 36 2
1 147 1
51 78 4
130 72 1
26 27 4
16 179 1
187 189 3
113 179 1
67 104 2
118 138 3
173 194 1
145 86 2
82 115 1
53 97 4
156 96 3
4 84 3
33 23 3
56 3 3
145 129 2
151 181 3
67 15 3
37 181 4
109 31 2
128 54 2
184 144 2
84 111 4
42 182 3
90 164 2
100 127 3
150 115 3
39 128 4
157 61 4
7 173 2
165 151 4
18 113 2
52 81 2
76 8 4
173 118 4
1 19 4
188 172 3
107 6 1
158 132 4
121 170 2
18 70 2
66 68 3
125 108 3
65 88 2
121 173 2
20 182 1
137 98 1
165 188 2
104 183 1
112 95 4
73 107 2
108 107 3
55 171 1
125 86 4
165 126 3
117 91 2
147 112 1
170 60 1
60 11 3
38 102 3
15 61 1
155 59 2
18 77 2
48 55 4
191 44 2
38 16 3
117 65 1
94 162 4
133 127 4
186 149 3
94 176 4
149 172 4
18 175 3
117 170 1
176 52 1
48 100 2
197 99 4
181 112 2
38 170 4
19 125 3
51 84 1
66 81 4
194 18 1
31 129 1
141 117 2
142 193 2
199 60 2
66 187 4
176 125 4
86 144 4
105 21 4
19 71 2
94 136 4
171 11 4
193 186 3
23 169 3
37 147 3
25 4 4
25 152 2
160 122 1
27 112 3
75 156 3
42 118 4
176 129 4
114 2 3
100 21 2
126 137 1
46 189 4
106 88 1
67 52 2
66 111 3
25 113 2
113 110 2
90 125 3
10 144 4
3 51 1
152 107 4
46 13 1
58 110 4
123 90 3
69 146 1
131 138 3
20 176 2
122 147 4
173 99 4
53 190 1
47 101 1
141 173 2
139 124 2
184 12 4
50 186 1
154 186 2
42 162 4
26 0 2
149 138 4
188 9 4
178 102 3
156 143 2
94 33 4
176 32 3
127 61 4
113 65 3
191 62 2
54 144 4
87 173 3
7 63 4
25 79 2
86 172 3
78 133 3
154 76 1
18 152 4
157 91 4
75 199 2
97 42 4
156 113 4
2 171 2
34 160 4
51 31 1
189 103 1
158 68 1
49 58 4
48 146 3
185 30 4
71 126 1
155 121 3
35 142 3
199 185 4
60 159 4
194 51 4
55 124 3
65 10 3
74 60 4
158 93 2
190 97 3
37 98 1
142 100 4
43 158 2
128 189 4
75 162 4
199 115 1
66 159 1
117 181 3
96 133 1
188 17 1
126 86 2
25 75 3
24 172 2
14 13 2
146 83 4
127 168 1
125 46 2
139 24 1
82 124 1
74 199 3
30 83 4
109 121 2
188 93 4
44 29 2
122 52 2
162 33 4
29 124 4
59 115 2
132 117 4
121 144 3
154 47 4
107 104 1
150 152 1
43 63 2
189 69 1
88 128 3
47 32 3
25 62 1
197 63 1
114 146 3
75 5 4
63 55 2
148 173 4
186 140 3
117 2 2
84 35 2
21 166 1
89 102 3
85 153 1
132 146 1
16 20 3
149 135 3
129 99 4
148 49 1
0 185 4
65 71 3
189 121 1
107 139 4
36 146 3
69 168 2
142 21 2
42 7 4
188 108 1
130 77 4
66 72 1
8 101 2
151 53 2
194 143 4
141 38 2
109 22 1
48 16 1
199 194 3
145 115 1
112 138 4
110 144 4
165 47 4
79 134 1
113 12 2
102 150 2
17 151 2
180 105 2
43 94 1
144 49 1
153 51 1
187 4 4
13 160 3
19 8 2
134 84 2
192 75 4
119 75 3
178 105 4
125 45 3
118 14 1
52 47 1
1 119 2
67 141 3
10 52 4
110 50 3
4 126 2
99 82 2
138 127 4
104 87 1
109 55 2
40 65 2
131 183 4
92 80 4
163 141 4
23 92 4
80 83 3
116 178 4
36 105 1
171 165 1
82 110 3
80 89 3
126 6 2
199 188 2
183 132 1
7 72 1
126 112 2
111 141 3
119 73 1
29 183 3
0 159 1
89 65 4
82 188 3
43 148 3
173 20 3
175 138 2
122 199 2
188 166 4
66 32 1
96 142 4
187 86 2
135 102 4
186 120 2
102 171 2
63 127 3
55 97 1
97 58 4
144 102 1
177 124 2
146 145 3
180 133 4
195 80 2
193 96 1
46 25 1
26 191 3
4 161 3
61 140 1
37 115 2
109 106 1
189 18 4
116 48 4
45 57 4
91 145 1
95 123 1
193 65 3
88 184 4
180 57 3
140 123 2
167 142 4
40 182 1
181 85 2
33 170 1
5 198 2
153 23 3
95 174 4
16 123 1
178 123 1
175 28 2
111 184 1
152 185 4
186 162 2
118 82 4
137 125 4
27 100 3
112 71 2
26 50 2
104 136 3
114 150 1
49 51 1
198 47 1
28 195 4
109 154 2
126 11 3
39 41 1
63 17 1
53 91 1
58 132 3
172 133 4
147 87 2
42 21 2
144 16 4
19 82 1
186 41 3
56 119 2
119 118 1
2 83 2
5 174 1
173 123 3
59 172 4
125 129 1
4 13 2
140 190 2
33 142 2
177 173 3
74 110 1
128 149 3
134 113 2
107 8 3
185 198 3
128 140 4
27 170 2
74 81 1
37 126 4
104 37 3
27 191 3
167 76 3
114 190 3
146 194 4
145 47 1
167 162 2
191 115 3
43 180 2
51 62 3
95 135 3
192 164 2
148 40 4
136 44 4
146 127 3
185 57 4
80 103 2
82 26 2
83 88 2
33 177 3
138 11 3
116 40 1
141 76 1
65 144 4
60 42 3
172 43 3
30 31 4
125 82 3
30 151 4
94 68 4
141 12 2
69 157 3
197 90 4
62 113 1
125 127 1
166 75 2
2 184 2
115 158 4
146 57 1
133 41 2
118 95 4
132 25 4
76 11 2
77 61 3
179 194 2
34 17 1
27 162 3
82 148 3
152 155 3
84 94 1
87 30 4
94 25 2
10 15 2
81 115 2
157 59 3
97 152 4
89 3 2
39 109 2
89 144 1
111 189 4
145 110 1
84 168 3
108 52 4
6 165 1
135 18 4
167 63 2
89 138 2
90 0 4
155 170 2
55 83 4
23 182 1
7 33 1
188 123 3
5 159 3
105 162 1
23 29 2
146 33 3
0 131 2
37 69 4
80 134 3
149 181 2
65 142 1
4 55 2
88 12 3
175 108 4
45 118 1
163 77 3
91 195 1
94 30 4
159 188 3
179 193 3
68 53 4
149 137 2
12 180 1
40 4 3
13 23 1
186 47 1
94 177 3
14 107 4
167 147 4
5 48 3
192 71 3
86 54 2
18 196 1
68 195 3
79 58 4
199 130 1
76 153 4
38 185 2
77 49 2
45 20 4
173 96 3
117 40 1
140 169 2
194 161 3
15 197 1
69 184 2
95 24 2
115 198 1
173 63 2
44 35 2
138 88 2
95 66 1
34 42 4
54 97 3
91 55 4
38 192 3
168 165 3
173 114 4
178 87 3
133 44 2
179 104 1
104 75 1
86 150 2
113 83 3
179 164 2
141 110 2
111 116 3
44 49 2
50 40 2
78 146 4
132 197 1
119 69 4
153 43 4
16 7 3
74 39 1
2 25 1
135 183 1
164 155 4
12 16 4
82 132 4
188 16 3
82 40 4
179 167 2
168 58 1
31 137 1
25 26 3
130 143 1
156 106 1
116 2 4
13 19 1
170 139 3
106 188 3
29 58 2
120 24 3
30 182 4
109 24 2
4 85 3
174 125 1
119 164 3
168 160 3
47 197 1
120 66 4
145 173 3
33 42 2
132 169 2
101 171 4
56 179 2
39 55 2
80 188 2
166 0 4
8 196 1
146 81 4
156 121 3
158 163 2
100 77 3
174 37 2
157 8 4
25 144 1
47 148 2
92 43 2
56 26 2
189 70 1
3 109 1
161 121 1
113 45 2
88 131 1
66 22 4
49 27 1
147 152 1
81 21 4
29 110 3
137 177 2
1 74 4
6 23 2
154 182 4
136 60 2
49 62 2
18 116 1
68 145 3
77 127 4
183 193 4
130 83 1
59 63 2
33 17 4
160 4 4
133 126 1
75 159 1
74 29 1
167 188 3
71 87 1
25 148 2
197 3 2
116 87 4
133 37 4
3 16 1
126 164 2
103 175 1
69 183 4
112 99 2
192 122 1
116 68 1
178 14 2
145 155 3
7 101 4
49 16 2
135 120 4
68 112 3
128 37 3
114 39 3
77 25 2
48 123 1
158 15 3
75 26 3
191 45 1
55 151 4
187 147 4
16 6 1
111 54 2
180 31 1
136 91 4
3 90 2
125 27 1
101 53 3
76 137 3
169 48 2
119 132 1
102 32 2
34 41 2
35 102 3
36 93 1
30 43 3
68 171 4
6 128 4
41 51 4
163 60 3
4 173 1
175 115 3
151 47 2
65 187 2
175 172 4
104 15 3
127 12 2
30 118 1
134 37 2
132 192 4
149 190 2
93 8 1
54 16 4
132 72 2
101 96 1
118 172 1
38 166 3
188 117 3
143 2 1
117 101 2
167 160 3
94 151 1
74 153 2
79 34 3
8 54 4
127 2 4
79 165 3
146 19 4
170 159 1
53 6 3
58 187 4
69 140 1
92 110 4
130 14 3
125 151 4
81 166 4
187 98 2
140 181 3
124 151 4
155 72 4
56 154 4
134 175 1
45 41 2
135 118 1
132 144 1
176 60 1
20 94 4
180 90 2
69 30 2
164 65 3
27 104 1
17 83 2
32 137 2
5 158 1
29 189 1
153 57 4
194 196 2
184 164 4
50 157 4
116 135 3
167 9 3
118 121 1
50 75 1
179 82 3
16 167 2
123 52 4
29 144 3
159 98 2
82 111 4
138 64 1
116 79 3
134 46 2
113 190 3
94 89 2
66 0 2
104 180 4
138 150 2
141 69 2
44 57 4
86 41 4
92 88 2
197 18 1
177 168 3
29 187 4
135 106 2
19 88 4
60 143 1
124 182 1
44 169 2
95 130 3
79 46 1
9 80 2
28 104 4
132 65 2
155 120 2
118 74 4
147 151 1
21 4 1
153 65 3
88 192 4
158 85 1
85 41 4
39 174 2
173 22 4
194 49 4
103 43 1
18 97 4
6 8 2
83 95 4
27 127 2
100 124 3
142 154 3
79 52 1
96 165 2
62 41 4
21 196 4
143 155 3
4 114 1
3 131 3
102 154 2
115 138 4
42 86 4
111 175 4
106 196 1
57 173 4
174 8 2
87 34 2
146 71 4
35 126 3
64 108 1
122 116 2
86 70 3
41 131 3
30 114 1
104 58 1
41 37 2
151 117 2
166 33 2
81 161 1
182 153 2
175 174 4
133 173 1
86 161 4
33 104 3
1 105 1
172 179 4
143 48 2
189 115 1
22 114 2
73 43 1
153 132 3
165 3 1
38 57 4
156 20 3
36 195 4
159 150 4
45 11 4
71 147 2
78 192 4
14 158 2
24 53 4
37 183 4
137 113 3
149 50 4
6 87 1
182 15 2
196 14 2
12 41 1
125 102 1
130 26 4
77 47 4
148 72 3
18 34 2
38 113 1
40 199 4
31 167 3
150 0 1
147 145 3
12 23 1
8 96 2
172 142 4
36 177 1
143 123 2
110 24 2
36 103 2
185 110 2
174 188 3
99 23 1
110 9 1
161 130 2
152 10 3
2 74 1
32 118 2
172 129 3
47 133 1
142 114 1
75 7 3
6 177 4
85 55 4
177 65 3
16 80 1
184 114 4
52 182 3
46 101 3
107 192 3
57 18 4
160 64 1
68 31 4
45 91 2
30 53 1
12 17 4
129 135 1
199 163 1
25 21 1
165 181 3
100 6 3
122 93 3
22 61 3
119 130 3
70 141 2
127 71 3
44 123 3
41 59 1
195 162 2
115 34 3
24 88 1
128 132 1
141 81 2
12 107 1
172 18 4
24 151 3
131 108 3
108 8 2
41 105 1
179 75 2
154 6 4
139 181 4
2 31 3
16 8 1
80 45 1
196 79 2
116 55 1
17 199 4
150 122 2
48 109 4
185 71 1
44 134 4
26 172 1
134 182 4
170 154 1
11 67 2
62 103 3
108 65 2
89 164 3
89 169 1
68 136 3
4 35 4
87 27 1
183 177 4
152 101 2
48 144 3
108 61 3
14 155 2
191 151 1
6 11 2
39 112 4
101 83 4
178 20 1
3 6 4
10 75 3
22 126 3
123 167 1
115 35 4
79 78 4
5 42 3
183 145 3
29 91 2
114 27 2
70 12 3
125 98 4
168 107 1
125 147 4
160 14 2
181 102 2
56 182 4
123 115 3
81 121 1
92 83 3
3 196 4
91 78 4
15 73 3
98 167 3
180 191 1
149 70 4
99 156 2
196 132 4
111 164 2
140 6 2
87 124 2
95 96 3
35 80 4
184 50 3
61 175 1
45 107 4
22 94 4
60 116 2
23 131 1
1 128 4
165 43 4
50 146 3
73 49 4
68 39 2
168 51 2
55 120 1
191 114 1
80 6 4
88 51 3
77 114 3
57 69 2
64 66 2
104 199 4
60 52 3
34 161 1
192 115 1
81 133 4
110 5 1
119 70 1
31 196 1
9 199 3
30 172 4
4 50 2
145 65 3
102 158 2
118 97 4
62 136 4
54 101 3
46 185 4
171 3 1
95 194 3
186 7 3
138 154 3
50 21 3
120 17 1
1 40 2
0 88 3
133 155 3
161 28 3
103 192 2
152 181 4
110 190 2
133 190 1
120 38 2
51 134 2
106 108 3
85 9 2
84 14 3
8 163 3
70 46 1
7 93 4
172 3 1
79 47 3
62 98 2
70 76 3
148 127 3
61 101 3
134 13 1
122 7 3
79 86 4
175 126 1
8 162 2
176 51 1
187 103 4
114 109 1
175 11 3
38 154 1
22 13 3
6 111 2
26 5 1
152 139 2
3 20 4
129 64 4
190 59 4
25 19 2
104 66 2
109 138 4
128 126 1
157 159 3
60 71 4
52 93 1
114 130 3
75 198 3
0 39 1
141 27 2
143 74 4
83 186 2
169 46 2
10 94 2
70 186 2
170 54 1
139 141 1
87 38 1
141 60 3
182 98 1
89 157 1
140 164 4
176 175 4
76 73 1
49 162 1
185 146 2
121 30 4
106 163 3
192 27 4
108 184 4
168 14 1
79 172 2
112 114 2
67 126 2
194 111 2
109 72 3
157 194 4
10 109 1
146 160 1
141 73 1
60 32 3
90 142 3
41 183 1
164 52 2
153 129 1
117 88 3
54 115 2
21 152 2
91 181 3
36 110 2
168 101 3
13 106 3
153 198 4
104 149 4
74 40 2
191 42 2
35 128 3
108 95 4
167 48 4
40 163 1
155 154 1
132 56 4
21 34 1
21 111 2
75 121 3
142 173 1
141 112 1
46 92 4
139 151 2
10 133 3
106 159 2
138 95 2
188 4 4
26 107 2
81 75 3
183 120 4
117 158 4
113 60 2
97 60 2
47 62 3
196 167 4
36 188 4
55 165 3
84 58 1
81 73 2
183 172 2
155 79 2
186 106 4
102 58 4
114 53 1
21 14 1
183 133 2
173 81 3
108 92 2
1 175 4
45 72 4
190 90 4
22 30 3
82 160 2
199 159 3
61 9 3
118 198 1
57 56 1
5 116 4
31 162 2
162 68 4
64 139 4
139 79 3
20 2 1
3 75 3
3 110 1
79 55 3
171 58 3
149 157 4
95 188 3
129 1 4
104 130 3
68 149 2
133 164 1
19 128 2
176 182 4
55 69 3
155 21 2
0 158 4
150 128 3
70 40 1
120 172 1
154 57 1
43 1 2
107 147 4
127 153 2
44 93 1
8 9 4
26 192 3
148 185 4
86 160 3
164 189 3
19 174 1
55 2 1
29 164 1
54 192 2
127 85 1
20 8 1
41 199 1
34 71 1
86 56 3
162 174 2
50 73 4
164 187 2
179 132 3
163 116 1
12 143 4
1 93 2
175 140 1
161 135 4
169 194 4
112 144 4
34 81 1
140 195 4
94 18 3
149 62 4
34 48 4
146 99 4
61 132 2
9 4 4
198 195 2
28 61 4
187 183 1
116 32 3
198 66 1
197 162 3
17 79 2
185 105 1
152 14 2
184 80 2
55 29 2
145 2 3
74 171 2
116 29 3
70 7 3
165 85 3
165 41 1
13 87 4
89 137 4
49 174 2
132 86 3
194 156 1
128 65 1
188 84 1
27 62 4
15 131 4
34 148 3
196 161 1
156 151 3
64 162 3
159 122 1
42 155 1
98 153 2
118 145 3
37 171 3
89 136 1
95 14 2
67 148 3
45 102 1
152 130 4
63 118 4
89 51 3
51 81 3
53 57 1
131 78 1
29 135 2
180 77 4
5 10 3
84 28 2
82 12 2
39 20 3
146 197 1
161 8 4
42 112 2
159 152 3
162 155 1
93 136 4
111 13 2
159 10 4
146 170 2
117 75 4
175 51 4
101 22 1
113 1 4
142 112 2
92 161 2
175 148 2
87 98 4
25 42 4
145 34 2
158 129 3
127 50 3
155 51 3
65 37 2
73 44 2
13 159 2
70 87 2
131 185 2
124 109 2
113 70 1
130 50 2
185 50 4
7 136 4
124 5 3
1 177 2
124 179 4
191 6 3
50 113 2
160 65 1
63 1 4
193 188 3
33 128 1
170 123 3
29 95 2
65 106 3
195 103 3
108 174 2
11 164 1
140 7 4
75 126 1
136 37 4
61 48 2
76 125 3
132 164 1
32 180 2
140 24 1
147 48 1
37 109 4
114 54 4
182 59 2
178 72 1
54 30 3
76 54 3
108 179 4
124 117 2
93 0 1
177 50 3
27 178 2
193 28 2
50 179 4
161 22 1
190 36 1
64 48 4
57 111 2
37 47 4
139 138 3
150 84 4
171 87 3
139 48 2
74 147 4
199 59 3
6 152 1
59 89 2
115 139 2
141 21 3
27 142 4
139 194 2
103 95 3
19 3 4
55 167 4
63 155 4
6 33 4
113 127 2
125 121 4
65 168 3
123 163 2
69 63 1
158 57 1
107 2 3
108 83 2
35 110 4
79 103 3
134 114 1
112 160 2
105 188 4
85 32 1
78 145 3
34 88 2
185 66 1
71 80 3
53 166 3
41 24 3
116 168 1
97 155 1
181 93 3
56 11 4
4 165 4
193 141 2
164 101 1
190 10 2
122 161 4
112 56 1
71 12 3
159 25 3
184 70 2
149 11 1
83 126 1
130 116 3
92 168 1
79 152 1
75 130 4
97 64 1
70 22 2
66 42 1
135 61 2
78 137 1
11 197 2
0 72 2
156 41 4
163 51 1
81 132 1
9 0 2
93 76 2
3 96 2
181 94 2
110 43 4
105 68 2
127 5 4
43 17 1
137 56 1
180 119 2
43 78 1
95 88 1
80 129 3
189 149 3
25 86 2
22 8 3
90 145 1
164 104 3
30 193 2
14 74 3
178 93 3
123 172 1
73 143 3
123 183 2
193 152 4
194 145 3
113 95 3
65 30 3
108 116 3
181 10 4
17 133 3
104 185 3
179 88 3
157 93 1
21 74 4
68 90 2
162 111 2
139 191 4
11 157 1
46 91 4
18 181 3
172 112 4
49 69 3
23 20 4
15 133 4
37 125 2
198 90 3
177 155 1
159 185 3
100 181 3
51 198 3
192 28 4
106 93 4
23 185 4
124 85 3
49 171 2
187 118 1
10 170 4
179 110 4
146 45 2
115 58 4
94 8 3
6 148 4
169 3 3
18 45 2
44 68 4
18 130 1
147 111 1
21 19 4
147 65 2
51 154 3
86 37 2
19 133 3
124 58 3
128 138 1
154 148 1
94 101 4
92 176 4
122 97 3
82 164 4
171 47 3
185 7 4
196 47 4
197 134 2
162 118 2
194 178 4
61 88 1
155 153 2
66 70 1
73 126 2
46 158 3
155 160 4
44 3 1
77 157 4
49 117 1
47 132 2
33 28 1
51 105 1
5 68 4
175 10 3
87 151 1
192 90 3
35 161 4
4 73 3
152 59 2
117 104 4
37 76 3
149 145 3
135 76 2
48 168 3
173 171 1
27 166 3
151 114 3
69 54 2
102 97 4
91 9 4
58 99 2
70 8 3
92 122 3
66 9 4
52 89 4
115 197 1
113 178 3
103 181 4
134 34 3
108 132 4
77 120 3
175 15 1
124 155 1
144 83 4
104 46 1
19 60 4
77 158 4
141 46 2
18 121 2
137 105 2
134 117 3
171 181 4
154 123 3
58 96 4
134 110 3
106 21 1
77 159 2
138 76 4
102 39 4
177 9 3
155 33 1
91 15 4
140 88 2
53 98 3
88 157 1
195 62 1
166 32 1
188 31 4
125 88 3
185 119 4
50 65 3
199 149 1
21 40 4
73 68 3
50 78 3
24 21 4
68 20 1
135 96 2
151 6 4
150 1 1
103 143 4
74 173 3
169 63 1
36 48 4
68 8 3
112 125 1
36 89 1
15 26 1
133 182 1
99 147 1
187 192 4
25 8 3
64 164 3
51 130 1
99 5 2
111 174 4
141 24 3
52 116 2
143 144 4
56 171 1
173 16 2
163 194 1
31 40 3
15 88 3
130 184 4
66 51 4
145 25 1
103 176 4
119 121 3
42 90 4
121 172 1
130 135 4
10 104 4
35 158 1
69 33 1
110 44 4
21 1 1
192 35 4
156 24 3
105 75 3
141 83 2
137 129 4
44 141 3
87 80 2
184 19 2
111 40 2
4 80 4
86 24 4
38 96 2
172 21 1
181 167 4
64 4 1
90 141 4
138 42 2
165 84 3
173 181 4
81 195 2
84 72 4
129 48 1
158 95 3
124 93 2
76 45 2
107 103 4
8 129 2
17 81 1
132 180 2
46 118 4
126 196 4
168 156 1
48 38 1
119 193 3
116 82 2
138 182 4
83 73 2
181 198 2
87 187 4
95 154 3
75 54 1
38 28 2
117 36 4
19 28 1
110 100 4
33 129 2
143 159 3
20 89 2
8 188 2
39 70 4
34 186 1
120 139 1
36 72 3
70 80 1
5 150 2
90 78 2
75 129 2
41 166 2
122 184 3
44 101 3
133 95 3
66 76 3
168 166 4
119 81 1
140 25 2
91 172 1
22 137 1
148 29 2
140 90 1
139 197 1
173 158 4
36 187 2
165 49 3
97 92 4
163 57 1
132 134 2
52 185 2
1 67 1
133 146 4
101 24 2
27 75 2
151 60 1
158 27 1
81 18 4
173 128 1
92 56 4
67 35 4
188 96 1
20 102 1
183 52 1
58 131 3
136 59 3
77 198 3
32 70 1
172 42 4
92 132 4
183 102 4
178 189 2
19 26 1
34 85 3
57 33 2
172 176 2
130 92 4
105 58 2
48 163 2
88 181 3
122 165 3
107 77 3
32 74 1
160 156 4
173 196 3
42 28 4
180 24 4
56 50 2
21 163 1
179 168 3
42 29 3
151 31 4
115 38 1
123 15 3
177 158 2
174 140 1
46 191 3
184 185 4
159 189 2
50 54 2
176 77 2
137 140 1
74 34 2
191 177 3
30 107 1
127 24 1
69 165 3
140 38 4
180 164 4
77 50 3
57 183 1
125 140 1
102 6 4
176 194 1
114 103 4
175 109 2
24 166 2
3 126 4
128 75 2
90 191 1
161 178 4
134 192 3
73 65 3
124 123 2
54 121 1
67 44 2
128 171 2
71 23 1
153 91 1
149 10 1
63 16 3
52 156 4
133 77 3
133 48 4
20 151 4
128 135 4
123 19 4
11 43 4
115 178 2
68 190 1
123 117 1
84 152 3
103 24 3
193 99 3
193 41 2
129 175 4
30 12 4
193 125 4
15 14 3
125 7 3
50 99 2
2 167 3
104 47 1
103 154 2
75 21 2
135 97 4
189 194 1
171 131 2
87 111 3
179 166 3
191 32 1
109 118 4
183 5 4
159 84 4
39 83 2
118 64 3
140 163 4
184 34 2
117 78 2
77 27 2
66 136 4
99 198 2
0 187 3
135 179 3
3 13 1
171 120 1
67 146 3
49 113 1
43 124 1
11 172 1
169 130 4
63 60 2
10 124 4
163 11 1
78 107 4
10 86 4
15 54 3
118 168 3
105 187 4
57 1 4
119 101 2
33 73 3
122 151 1
176 187 1
122 47 2
15 112 1
141 30 3
69 158 1
120 158 2
154 146 2
151 192 1
36 58 3
48 170 4
73 135 3
114 31 1
137 141 3
29 154 2
168 63 4
152 175 1
62 145 4
63 132 4
20 169 4
130 185 1
82 75 4
155 109 2
83 98 3
89 106 4
75 90 1
195 135 4
123 120 3
131 143 2
140 105 4
169 150 2
8 186 4
11 177 1
156 28 4
64 173 4
172 117 1
9 146 4
6 9 4
132 84 2
68 159 2
18 84 3
97 138 1
81 84 2
164 138 2
17 169 3
171 159 1
101 52 2
36 21 1
133 195 3
166 103 3
135 49 1
84 67 2
151 107 1
54 153 2
76 130 3
131 24 3
110 184 4
78 73 4
23 88 4
190 17 3
96 100 1
37 13 2
36 85 2
133 115 3
66 127 2
60 106 1
188 114 3
17 58 2
199 68 1
132 17 4
134 105 4
181 81 2
107 162 3
51 172 4
195 172 3
190 153 4
103 74 3
84 154 2
70 11 4
147 190 3
66 108 1
42 2 4
57 101 2
191 187 1
63 20 2
107 62 4
129 142 1
178 146 1
52 78 3
24 32 1
23 177 4
34 116 1
90 165 2
86 85 3
178 97 4
7 83 2
112 54 2
128 183 1
179 101 2
138 85 2
141 58 4
11 66 4
73 25 4
26 142 2
4 192 1
1 45 2
36 135 4
88 74 3
32 182 3
54 158 1
23 103 1
38 31 2
129 195 2
118 70 1
199 78 3
25 154 4
74 56 1
10 180 1
59 143 1
87 10 3
194 57 1
24 119 2
172 9 3
152 169 2
168 98 1
58 86 4
57 99 2
124 73 3
173 76 3
61 32 4
109 42 2
97 80 3
191 162 4
188 21 4
130 89 2
147 185 3
109 6 1
127 49 3
122 83 4
119 44 2
104 157 2
2 157 4
102 57 4
87 126 2
140 146 3
138 99 4
181 124 2
21 47 3
65 135 4
173 90 1
7 59 1
74 125 2
62 198 3
124 165 2
176 157 1
132 50 1
188 45 1
63 174 3
93 120 3
113 188 4
132 74 4
29 79 4
55 60 2
9 139 4
19 161 2
80 119 4
28 164 2
105 142 2
116 167 2
134 38 4
145 22 4
186 13 4
79 190 1
174 146 3
79 36 1
21 103 3
32 113 1
155 39 1
132 11 1
176 156 1
134 180 3
85 160 3
32 16 2
127 58 3
133 139 3
166 181 1
94 140 1
45 104 4
160 180 3
126 29 2
8 38 4
95 57 3
98 112 3
15 166 1
174 45 3
178 159 1
195 105 3
170 94 4
125 67 2
10 30 1
36 88 3
70 194 1
181 155 3
121 57 3
146 196 2
127 34 3
41 52 1
188 14 4
67 56 4
39 5 1
16 197 4
198 52 2
53 176 2
92 1 3
82 199 3
161 114 2
56 44 3
137 40 4
103 157 3
129 60 2
7 160 2
86 181 2
111 158 3
76 59 4
129 57 3
140 178 1
123 17 3
167 42 3
145 29 3
162 145 4
147 30 2
169 185 1
113 133 1
125 32 4
44 144 4
168 189 2
30 23 3
86 103 3
149 30 2
169 138 1
128 146 1
67 154 4
144 19 2
99 13 1
183 9 2
7 191 1
42 114 2
160 140 4
58 39 4
141 0 1
65 79 2
113 162 3
50 41 1
156 186 4
199 173 3
31 154 1
52 30 3
25 3 3
99 7 4
71 197 1
119 84 1
54 23 2
150 98 1
190 160 4
159 11 3
167 33 4
161 124 4
53 20 1
4 107 1
41 14 2
196 32 1
162 114 3
82 183 1
85 167 2
100 32 2
49 155 3
108 63 3
136 56 4
177 147 2
153 52 4
92 137 2
90 195 1
196 51 3
108 118 2
141 127 3
49 97 1
14 1 4
50 145 2
142 102 3
71 99 1
172 165 2
87 159 3
128 174 3
94 1 4
188 194 1
86 53 1
141 183 4
24 116 1
177 4 1
196 37 2
28 81 3
199 27 2
15 81 3
29 68 2
65 109 4
75 95 2
154 85 3
153 58 2
21 26 4
40 143 1
161 96 2
162 173 3
163 30 4
173 116 1
19 178 4
123 153 1
178 149 2
190 9 1
52 163 2
100 12 3
59 47 1
138 179 2
129 58 4
36 140 1
51 39 4
24 154 4
85 83 1
3 95 3
90 51 3
88 44 3
144 53 3
107 31 4
78 188 4
7 80 2
56 151 2
50 63 1
152 78 1
96 82 1
170 71 4
12 156 4
26 178 1
192 77 1
60 120 3
107 156 4
146 135 3
70 108 2
136 36 1
165 78 2
195 8 3
163 136 1
133 151 3
39 52 2
72 126 4
178 57 1
2 176 3
8 91 1
20 160 1
15 187 2
43 115 3
167 193 2
169 2 4
0 134 3
55 90 3
126 14 2
170 76 1
89 148 1
73 19 3
48 10 2
189 38 3
111 27 4
109 47 3
50 58 1
51 100 4
58 135 2
79 189 4
190 128 4
7 51 2
89 47 4
38 169 2
106 44 3
35 154 3
155 98 1
151 80 2
135 47 1
133 21 3
0 146 4
98 95 1
35 97 3
58 126 4
2 34 1
41 96 1
145 84 1
44 85 1
56 94 2
32 89 2
68 93 3
118 88 1
14 180 2
123 151 1
166 3 1
177 115 3
129 74 4
56 27 1
83 136 3
104 36 2
132 195 3
11 122 2
32 75 3
113 41 1
45 177 4
27 156 3
26 6 1
95 90 2
73 69 1
90 117 4
28 114 3
13 108 3
120 112 4
76 188 2
82 122 1
69 185 4
46 62 1
43 175 3
149 140 1
74 113 1
141 133 3
40 126 3
168 140 2
166 43 3
108 86 4
158 81 2
55 187 2
39 57 4
18 89 4
48 99 2
76 57 2
24 17 2
22 41 3
18 157 3
130 49 2
168 158 1
70 147 2
68 160 2
73 71 4
123 45 2
61 30 4
170 131 4
142 131 4
51 190 3
68 57 3
100 154 1
167 58 2
57 198 4
49 185 2
139 42 1
143 127 2
195 186 3
63 181 4
166 189 1
86 170 4
191 101 3
165 14 1
173 109 1
9 92 4
31 7 3
66 5 4
13 168 2
60 115 4
40 105 4
77 74 4
90 11 4
31 159 3
27 99 3
186 160 4
162 45 1
111 165 2
170 81 4
168 90 4
168 60 1
31 39 4
149 96 1
176 144 3
99 69 1
153 73 2
183 84 3
25 52 2
139 2 1
171 69 3
105 145 4
52 37 3
84 26 1
53 35 3
63 87 2
38 133 2
175 98 4
105 20 3
136 106 2
122 98 3
72 110 4
103 93 1
40 128 3
189 137 3
120 67 4
85 31 4
162 171 4
25 99 4
16 183 3
37 106 3
145 122 3
133 99 4
60 89 1
102 88 2
177 181 1
8 109 3
154 174 4
103 199 4
57 25 4
2 110 1
110 83 4
21 104 2
67 31 3
156 7 1
60 138 4
121 33 4
135 104 4
58 150 3
23 7 4
41 149 1
164 8 1
127 75 2
109 66 1
178 43 4
199 65 2
96 179 4
88 129 2
15 170 1
7 137 1
5 105 3
125 0 4
39 137 4
81 87 2
117 83 1
85 59 3
32 160 1
141 172 4
60 105 4
8 36 4
157 20 3
45 114 3
108 90 1
39 198 3
127 25 2
74 54 3
16 26 3
11 64 1
156 70 3
141 48 4
99 157 2
114 74 4
152 132 1
136 31 4
0 73 2
160 103 4
153 191 3
157 70 3
195 190 2
85 147 2
12 104 3
143 182 3
3 142 4
174 30 3
170 53 1
160 3 2
97 126 4
169 100 4
11 129 2
158 49 2
113 154 1
83 121 3
67 171 1
49 191 1
41 181 4
152 62 2
52 71 2
17 94 1
79 50 1
154 159 4
197 167 1
142 75 4
19 20 4
189 24 1
119 160 1
62 85 1
77 20 2
107 109 1
112 161 1
61 149 2
196 6 2
81 20 1
155 11 4
198 184 3
102 124 4
127 67 2
64 132 1
161 75 2
100 140 2
190 93 1
43 15 1
102 3 4
182 19 2
184 42 4
182 191 2
44 178 1
73 140 1
74 80 3
153 133 1
126 68 2
127 189 4
24 107 2
8 187 1
106 24 2
145 123 1
171 118 2
23 199 1
113 185 3
58 142 3
160 106 2
11 33 4
73 136 3
103 41 4
197 164 1
8 122 3
78 55 3
108 55 3
159 36 2
40 144 4
90 115 2
117 116 3
79 72 2
149 14 1
163 115 1
14 23 3
196 78 3
13 142 4
8 146 3
66 69 1
192 190 1
85 102 1
135 151 1
94 85 4
17 195 1
141 196 3
32 35 1
26 128 1
181 101 1
5 101 4
129 130 1
8 83 2
93 64 2
30 110 1
198 173 1
101 45 1
113 99 4
137 169 2
105 108 2
58 143 3
194 99 1
6 39 2
67 118 1
189 91 2
111 32 3
10 78 4
62 30 3
102 15 3
17 62 2
49 141 2
22 5 2
54 160 4
81 85 1
180 174 4
77 3 3
71 0 2
54 25 2
112 84 3
29 111 2
39 154 4
196 61 2
192 24 3
34 193 1
184 101 2
67 62 1
45 139 3
51 52 2
120 40 4
161 146 3
39 2 1
181 56 3
51 180 3
52 165 1
11 38 1
23 194 4
13 101 2
153 59 4
23 168 3
33 13 3
127 196 1
198 197 4
42 95 1
22 56 3
65 33 4
50 68 1
84 99 2
107 179 1
136 188 2
170 40 2
141 13 2
68 151 1
46 8 3
78 162 4
187 93 2
17 2 2
78 48 2
82 71 4
195 159 4
193 138 3
98 146 4
74 52 4
108 146 4
10 145 1
29 46 2
89 48 2
118 192 1
92 148 1
61 181 3
5 6 4
18 141 2
45 33 1
105 126 1
168 61 4
18 59 1
53 182 1
112 185 1
151 61 2
180 157 2
167 93 2
185 77 2
3 121 4
12 35 2
60 194 2
32 99 4
54 116 4
43 120 4
7 48 1
61 47 4
183 56 1
127 191 2
40 108 4
30 130 1
174 69 2
54 11 1
134 67 2
11 80 1
80 19 2
87 92 4
8 155 1
85 54 1
163 131 4
78 21 3
195 84 3
150 41 4
189 160 2
175 97 2
58 136 1
154 145 2
104 4 3
121 168 4
59 180 2
43 69 1
4 89 4
80 23 2
111 170 4
75 23 3
83 167 3
174 127 3
31 169 3
0 180 3
129 82 3
166 192 1
152 176 2
116 159 2
108 9 1
117 129 3
138 90 2
193 172 4
16 190 4
144 147 3
150 78 4
126 109 1
193 69 1
38 79 1
29 147 3
21 54 3
104 18 4
101 30 2
127 82 3
171 23 1
43 99 4
118 191 3
52 103 2
31 176 4
137 123 2
152 55 2
135 75 4
149 114 1
43 33 4
75 85 3
188 19 3
132 62 2
157 53 1
122 35 2
169 7 2
49 149 4
122 26 1
92 155 2
27 66 4
159 48 1
131 135 1
130 194 4
24 64 1
111 136 1
111 146 2
55 94 1
127 165 2
20 139 1
4 56 4
21 101 1
32 127 1
47 96 4
179 45 3
56 36 3
72 21 4
107 57 1
64 168 2
84 164 3
120 193 1
70 120 2
89 97 4
13 28 2
112 121 1
106 191 1
55 86 4
39 35 2
84 170 1
35 5 3
147 75 1
177 28 2
147 25 1
27 138 3
146 47 4
116 94 4
50 24 3
126 101 2
113 196 4
97 84 2
10 18 1
101 95 1
37 139 4
161 5 3
145 88 1
191 51 4
131 80 3
63 54 2
151 45 4
146 100 1
164 54 2
134 130 2
135 90 3
198 128 4
73 189 1
20 165 1
82 30 2
163 142 4
194 19 1
97 185 1
191 195 2
130 59 3
25 138 1
145 76 4
166 155 1
65 42 3
164 53 1
150 119 3
59 5 1
25 56 1
47 105 1
121 183 1
71 150 3
175 24 2
5 190 2
170 113 3
40 9 3
124 60 4
164 34 3
89 88 4
189 118 1
100 79 1
61 67 3
51 95 2
31 120 2
124 21 3
2 93 1
125 117 4
198 143 1
50 195 1
58 157 2
39 116 2
167 39 4
103 76 2
78 103 3
102 187 1
73 93 2
123 93 3
181 22 3
54 24 2
171 78 4
27 68 1
161 117 4
3 141 4
31 125 2
116 75 1
32 106 3
30 40 3
96 39 3
165 108 4
113 82 1
42 168 3
161 120 2
138 158 4
153 89 3
46 126 1
104 55 4
39 25 3
11 190 3
48 125 2
33 66 2
112 186 2
2 100 4
63 163 3
77 136 1
149 165 1
29 152 2
185 84 1
116 197 2
46 163 4
106 123 3
63 91 3
96 92 4
79 69 1
188 119 4
90 172 2
28 57 2
91 135 3
186 66 3
159 136 3
113 10 3
15 12 1
149 187 1
98 34 3
73 183 2
5 49 3
196 42 3
116 93 3
96 23 4
161 139 4
105 158 2
76 197 1
98 174 2
82 106 2
136 160 4
74 76 4
135 196 2
62 153 2
153 103 4
84 138 2
24 194 4
80 110 4
26 126 1
164 62 1
150 126 2
86 26 3
84 130 4
171 51 3
105 53 3
74 36 4
115 181 3
16 95 2
165 10 2
119 176 2
40 162 3
171 29 4
73 191 4
164 166 1
35 71 4
164 4 2
123 40 4
172 49 3
78 97 1
67 130 2
155 86 3
67 17 4
185 74 1
99 29 4
19 101 3
50 82 2
84 95 2
60 119 4
35 195 4
11 55 3
161 118 4
62 77 3
75 12 1
56 155 3
5 102 1
132 7 4
189 94 3
184 194 4
29 41 4
122 155 1
189 51 1
105 81 1
188 64 2
148 144 1
170 80 1
130 182 1
102 36 1
148 119 3
41 136 3
152 121 4
61 76 1
115 117 4
51 156 2
143 81 1
69 13 3
79 153 1
143 15 3
171 40 2
116 151 1
109 40 2
160 196 1
46 182 2
181 45 2
88 108 4
139 61 2
62 76 1
2 125 2
107 52 3
165 64 2
25 128 1
112 108 2
145 198 3
96 169 1
64 158 3
142 183 3
93 151 2
77 128 3
47 84 4
11 199 3
80 120 4
60 1 1
48 178 1
170 167 2
135 55 4
180 139 3
34 130 3
167 171 3
80 17 2
134 26 1
164 33 4
20 132 2
199 161 2
104 166 2
57 162 3
93 137 2
68 91 2
55 16 4
70 65 4
118 23 2
71 75 1
131 56 1
140 165 3
87 5 2
176 98 2
16 92 3
145 27 4
17 164 1
179 154 2
190 82 1
173 50 2
15 38 1
87 51 1
63 4 2
77 82 4
105 130 2
165 147 3
29 73 4
147 174 2
182 18 4
135 158 2
74 158 3
184 126 3
158 41 1
108 162 3
195 106 3
95 155 3
46 87 2
42 171 2
18 41 2
63 23 2
13 83 4
29 98 1
49 101 4
39 103 3
87 75 4
143 151 2
76 109 2
96 128 3
34 13 2
38 97 2
93 53 1
21 13 2
190 145 3
188 197 3
8 78 3
149 166 1
61 51 3
48 50 1
193 25 4
105 174 2
83 151 3
105 63 2
127 145 1
108 1 1
90 167 1
171 149 2
124 152 3
170 177 1
118 148 1
92 90 2
21 12 3
94 194 2
190 165 3
158 72 1
174 26 3
191 63 4
66 43 2
23 84 4
50 86 4
172 122 3
178 83 1
142 47 4
192 50 4
57 93 3
151 9 3
66 74 1
63 141 3
89 122 2
68 194 4
80 113 4
48 67 2
63 159 2
7 66 2
6 57 4
12 157 1
6 118 4
4 197 4
190 178 4
60 50 1
185 26 2
15 0 4
191 40 3
132 137 2
49 81 2
132 189 2
138 37 2
179 24 1
163 96 3
134 166 1
137 194 1
170 191 1
127 121 3
10 95 2
67 77 1
14 6 1
107 131 4
79 178 3
85 152 1
8 86 3
181 170 3
40 86 2
56 156 4
30 173 4
123 187 1
163 103 2
141 129 2
199 129 2
27 194 2
156 92 4
81 185 4
12 123 1
173 46 1
196 121 2
35 152 2
198 176 4
7 193 3
11 30 1
197 9 1
143 56 4
144 186 4
196 158 3
102 126 2
80 181 3
191 108 2
178 134 4
19 134 1
22 143 1
147 8 3
40 19 2
88 73 1
17 22 3
199 95 3
114 128 2
189 170 3
82 90 3
193 14 4
3 49 3
10 174 2
1 107 3
144 12 3
101 36 3
199 189 4
85 131 1
142 111 3
198 97 4
162 138 1
177 102 2
47 55 1
185 162 2
34 182 3
72 38 1
98 133 4
6 171 3
190 180 3
154 118 1
39 166 4
192 46 3
102 67 3
158 34 4
183 199 1
60 144 4
181 67 3
96 143 1
91 114 1
54 28 4
122 180 4
61 159 3
89 115 3
191 82 3
155 17 4
176 162 4
32 165 4
138 146 2
174 16 2
138 51 4
41 116 3
17 110 2
138 148 4
63 18 1
8 121 2
12 154 2
35 96 1
99 11 2
178 195 1
86 124 4
69 110 4
76 142 3
171 16 1
78 109 3
131 176 2
145 17 4
192 14 2
11 97 2
85 156 1
72 63 4
139 100 4
85 67 1
74 63 4
7 167 4
1 100 3
158 123 2
72 64 3
34 100 4
56 73 2
126 39 1
30 112 4
44 171 1
180 96 1
181 79 4
103 68 3
118 105 2
79 149 2
63 37 3
141 109 4
108 75 2
159 57 2
136 165 4
129 6 1
52 13 3
42 173 4
29 8 4
100 159 4
43 117 2
196 56 3
123 92 2
122 182 2
3 119 2
167 109 1
48 173 4
25 43 1
142 150 1
98 81 4
2 105 4
41 188 1
14 166 2
62 192 4
125 163 3
72 123 4
174 191 3
99 39 1
58 147 4
182 36 1
154 5 1
111 68 3
190 103 2
161 80 2
135 39 4
169 36 2
67 64 4
71 156 2
3 72 4
109 14 2
156 181 3
6 174 2
151 39 3
142 38 4
191 34 2
188 128 2
71 31 3
125 22 1
64 140 1
22 178 1
93 14 1
45 184 4
103 152 4
30 192 1
39 98 3
10 164 1
86 166 4
158 184 2
49 147 3
197 176 3
126 152 1
138 78 3
46 190 1
85 16 2
82 78 4
39 118 2
57 122 3
9 17 4
172 40 3
18 156 3
27 94 2
50 193 3
93 31 3
109 103 4
46 162 4
103 130 2
172 75 2
175 193 3
34 149 4
106 116 4
95 141 1
159 111 4
97 73 3
192 2 1
29 89 2
11 127 2
197 121 3
14 195 3
64 8 1
148 50 2
112 60 2
135 108 1
107 35 1
185 183 3
21 194 4
113 96 1
145 80 4
11 133 3
138 196 3
34 77 1
103 59 3
192 142 2
174 71 2
4 48 4
107 174 1
197 7 2
11 84 3
142 155 1
150 43 4
10 163 4
169 148 1
19 147 4
38 130 3
51 161 2
92 42 1
69 172 4
36 160 3
129 160 1
101 182 2
3 38 3
80 13 4
51 63 4
60 73 2
185 76 3
29 104 4
64 94 3
194 42 3
172 104 2
171 188 3
69 133 2
151 79 2
144 116 4
165 80 2
43 132 1
163 24 4
59 133 2
198 106 1
147 126 1
199 158 1
14 66 4
126 155 4
9 142 4
168 86 4
115 176 4
164 123 4
28 118 4
168 91 2
87 58 1
173 135 4
105 22 4
22 47 4
154 133 1
179 183 2
79 129 2
182 62 2
84 82 4
68 82 4
165 106 3
102 1 4
19 156 1
173 21 2
154 144 1
33 136 4
129 90 4
9 189 2
184 187 1
132 95 3
110 155 4
72 50 3
44 187 1
193 187 4
148 177 3
104 2 3
167 8 2
144 78 4
29 48 4
139 16 4
17 60 2
193 146 2
1 114 3
115 32 2
192 12 1
113 101 1
143 54 3
128 28 1
78 142 4
64 55 3
191 142 1
142 48 1
24 47 1
4 193 1
198 130 3
192 110 2
115 46 2
179 123 2
133 159 3
30 191 2
66 140 4
69 175 2
116 188 4
71 85 2
173 174 1
73 137 2
60 131 1
144 180 3
66 54 2
17 170 2
41 176 1
80 123 4
172 180 1
15 199 3
191 85 4
97 160 4
68 45 4
55 103 2
109 164 1
197 37 2
40 8 2
164 19 1
136 151 4
11 59 1
95 189 1
14 18 4
52 43 4
111 178 3
125 196 2
27 117 1
20 10 4
14 10 2
198 158 3
58 37 1
175 70 4
71 26 4
137 176 3
29 103 2
188 103 4
32 178 1
18 103 2
187 77 4
168 10 2
198 166 1
23 35 4
12 32 4
96 195 3
82 195 1
76 38 3
5 45 3
74 51 4
160 12 4
115 86 4
29 198 4
20 32 3
152 165 3
164 150 4
14 99 2
100 190 1
139 168 1
43 186 2
24 9 4
156 128 1
153 181 4
176 15 2
176 199 4
53 7 4
156 140 3
114 105 4
150 185 2
123 22 1
120 157 4
59 66 3
164 161 4
13 38 1
87 84 1
155 4 4
87 107 3
38 152 3
34 23 2
131 4 3
195 184 4
30 70 4
85 64 4
198 155 2
147 36 3
134 69 2
195 163 3
34 140 1
22 49 4
132 122 2
43 173 4
175 133 3
175 112 3
105 25 4
95 193 2
69 14 1
104 48 2
50 121 2
95 159 2
3 86 3
0 157 3
73 197 2
175 136 4
198 42 1
59 123 2
130 160 3
141 152 3
165 162 2
54 13 3
190 22 4
48 121 1
184 54 1
156 30 2
9 195 4
43 184 2
150 190 2
162 163 1
151 112 4
91 121 4
35 170 3
182 144 3
77 166 4
33 148 4
59 52 1
93 152 3
12 120 2
32 6 3
107 198 3
152 34 4
56 150 3
5 9 2
44 91 4
197 49 4
19 129 4
126 124 2
164 2 3
165 101 2
33 135 2
169 94 3
26 164 4
8 160 2
86 138 1
0 174 3
185 20 2
186 116 4
169 158 2
101 156 3
80 124 2
155 150 4
38 40 3
181 195 2
65 189 4
99 37 3
179 147 3
161 20 2
123 62 4
168 184 3
197 100 1
153 8 3
62 189 1
128 178 1
99 95 4
131 151 3
14 67 3
36 4 2
5 122 4
48 184 4
49 142 1
109 4 1
51 137 2
115 102 3
84 57 1
170 30 3
115 2 3
51 141 4
70 57 3
84 41 3
144 123 3
20 170 4
176 190 1
143 37 1
185 142 3
79 5 1
142 81 4
109 191 3
63 96 3
56 29 3
69 24 3
114 127 3
62 74 3
98 72 1
46 98 1
47 33 4
57 37 4
24 158 2
93 173 1
173 165 1
80 2 1
103 45 3
