9950 200
0 89 2
89 60 4
60 6 4
6 170 5
60 177 4
177 102 3
89 63 7
170 183 8
60 130 1
177 125 1
130 78 7
130 134 5
130 19 2
170 33 6
183 158 3
89 27 3
63 5 2
33 65 1
130 139 4
139 174 5
6 184 1
139 121 4
174 188 1
158 187 5
33 81 6
60 168 8
63 76 6
158 108 3
27 94 5
168 75 9
27 44 4
158 191 7
170 25 9
108 195 4
33 82 2
134 83 7
191 164 8
65 18 4
63 45 8
125 88 2
187 37 5
121 147 3
76 110 2
76 68 2
83 150 6
44 194 6
82 2 6
27 96 2
183 101 3
37 90 7
188 123 8
125 17 1
44 115 1
191 106 6
177 62 3
0 22 5
27 36 6
27 149 3
65 72 7
183 49 6
130 155 2
27 136 2
25 135 3
94 199 5
187 23 4
149 141 7
147 43 6
177 182 5
6 129 4
164 127 4
121 16 7
155 87 2
81 133 9
83 30 3
6 132 9
102 118 2
76 7 2
7 131 4
65 13 4
7 9 8
17 166 1
191 79 9
131 119 2
9 14 3
134 120 9
9 20 2
127 67 3
75 152 2
87 32 9
133 3 6
130 85 2
32 50 3
195 153 3
141 185 4
0 112 8
32 176 3
22 46 7
185 109 3
82 138 6
119 42 1
36 40 9
63 169 3
0 137 3
147 142 7
123 105 6
88 172 5
169 126 5
164 124 5
155 148 5
78 189 3
32 29 6
124 66 7
189 179 9
29 111 1
125 165 3
127 80 8
83 39 3
83 28 8
185 192 3
79 73 5
88 34 2
174 54 7
87 97 2
118 173 4
130 128 7
94 71 3
71 197 9
97 12 9
188 114 2
124 100 6
188 26 8
101 92 9
191 151 4
173 86 1
86 58 3
179 77 8
102 10 8
10 35 9
66 160 5
169 180 4
187 31 2
165 196 5
106 146 3
39 144 2
130 181 2
120 171 2
137 53 1
115 69 8
65 113 3
187 93 2
23 56 1
65 190 4
195 161 5
161 122 9
73 48 1
122 186 7
89 99 9
7 11 3
139 51 3
40 157 8
166 24 8
181 41 5
12 95 8
40 104 1
54 91 2
177 59 6
10 178 5
5 163 4
166 167 8
71 15 9
123 1 5
97 103 4
14 162 4
60 107 4
148 156 6
144 145 7
56 117 1
93 98 3
88 154 4
78 8 9
162 140 1
59 47 5
24 74 4
179 159 3
42 64 3
12 52 9
6 4 9
19 193 8
141 84 6
82 198 1
26 143 5
130 57 6
78 116 3
195 38 7
78 21 6
80 61 5
95 70 7
66 55 4
6 175 4
168 97 3
72 83 4
119 116 2
57 110 3
162 85 1
70 72 1
3 25 4
83 98 2
180 150 3
36 12 4
83 8 3
123 183 4
103 143 3
15 45 3
78 168 4
42 127 1
107 168 3
71 126 4
44 43 1
167 11 1
114 11 2
122 144 2
132 101 1
40 109 2
44 108 1
139 142 4
71 113 2
26 152 3
22 66 3
175 35 2
101 59 4
97 128 4
179 43 4
89 15 3
59 153 2
119 162 4
80 159 1
80 154 1
73 40 4
58 134 4
11 78 2
15 166 2
183 129 2
122 64 4
52 143 1
195 138 3
72 126 2
118 89 4
10 93 2
182 114 3
93 39 2
9 137 4
86 180 2
77 156 3
41 129 1
145 85 1
18 17 2
106 60 2
101 139 3
70 190 4
81 179 2
184 1 1
36 141 4
0 144 3
172 175 1
92 98 4
136 51 3
79 111 2
108 97 3
174 39 1
155 147 2
147 95 1
113 11 3
64 69 4
53 89 2
178 32 4
98 28 2
128 101 2
47 161 2
42 72 3
4 15 4
180 137 4
19 31 3
142 77 3
88 144 2
175 3 4
119 188 1
73 161 4
88 56 2
106 40 1
105 77 4
47 70 1
67 135 2
10 114 1
184 189 2
27 111 2
85 173 1
60 124 1
110 119 3
99 35 3
187 125 1
7 160 2
106 50 1
123 125 1
179 87 3
135 164 4
113 184 3
8 171 2
92 65 4
169 32 4
43 192 1
156 91 1
36 113 2
174 64 2
147 127 3
147 53 3
30 87 3
12 77 2
141 126 4
80 156 1
163 28 4
73 57 1
109 107 2
100 161 3
54 36 2
187 172 3
102 47 3
33 156 4
125 50 2
53 66 3
73 122 2
66 136 2
26 107 4
15 5 2
136 155 2
105 142 4
74 70 4
23 197 4
64 81 1
63 182 2
142 47 2
22 141 1
145 98 3
163 151 1
137 101 4
164 103 3
66 49 3
61 133 3
55 123 4
85 92 2
35 134 3
168 162 1
143 129 1
169 59 2
91 5 2
111 57 4
53 87 1
124 112 4
39 196 3
36 172 1
52 184 4
64 118 2
186 26 2
54 196 1
11 64 4
147 196 3
189 88 4
0 150 1
55 174 4
139 38 4
134 173 1
80 22 4
171 135 3
100 91 3
45 25 3
14 41 3
199 62 1
152 20 1
146 96 3
135 174 1
156 76 2
81 77 1
68 4 3
25 113 3
35 132 4
57 140 3
163 29 4
127 25 3
134 192 4
167 34 2
14 45 1
92 109 4
98 25 3
86 43 4
144 181 1
166 55 3
113 15 4
99 39 1
69 120 4
117 21 2
122 38 3
46 118 2
94 146 4
12 60 3
64 53 4
14 68 2
92 56 3
22 142 3
190 174 1
183 92 1
22 140 3
185 86 2
186 31 4
29 156 1
154 179 2
90 145 4
83 147 2
11 174 3
125 93 4
48 96 1
95 59 1
17 12 4
115 61 1
52 97 2
0 179 2
58 198 3
86 147 2
167 111 3
158 89 2
169 11 4
9 164 1
96 197 2
26 166 4
173 196 3
57 78 3
117 195 4
81 45 4
158 162 3
150 52 4
65 186 4
197 135 4
122 179 4
165 185 4
168 100 2
105 197 2
137 95 2
170 123 2
65 155 1
150 140 2
15 42 2
133 59 2
197 1 3
131 16 1
24 103 2
19 127 3
132 191 2
142 176 3
54 55 3
161 113 2
113 170 2
143 120 2
184 66 4
43 148 2
171 139 2
75 57 1
38 40 1
88 64 2
45 127 1
159 189 2
88 26 4
158 82 4
60 63 1
31 199 3
17 149 1
62 34 3
168 67 3
97 131 4
118 171 1
122 150 1
162 134 4
17 142 2
77 112 2
71 48 2
157 190 2
129 111 1
55 61 2
118 159 2
54 130 2
3 192 3
172 29 1
94 147 1
115 110 3
180 159 1
155 107 2
19 177 4
85 154 1
14 72 1
173 116 2
11 149 3
20 6 4
116 118 2
81 55 1
136 64 4
158 16 1
100 180 3
186 74 1
107 54 3
3 164 2
150 33 2
18 14 4
28 36 2
76 135 4
141 171 2
109 53 2
89 116 1
148 126 4
57 71 4
28 168 2
41 175 1
106 66 1
19 189 4
62 173 2
101 31 3
183 146 1
57 90 3
65 6 3
136 82 4
101 90 2
121 146 3
187 195 1
141 93 2
145 71 2
81 9 2
34 126 2
87 79 1
154 148 2
139 28 3
111 58 1
189 101 4
24 78 3
173 80 4
183 78 4
71 101 3
39 54 1
174 102 3
81 148 1
192 88 1
31 80 2
67 99 1
87 55 4
74 71 4
188 154 2
73 97 3
120 8 4
52 54 1
118 1 1
177 192 4
10 195 4
22 52 4
156 69 2
186 81 1
88 20 2
97 24 4
85 10 1
57 82 4
171 16 2
163 21 4
100 195 2
178 4 1
125 89 2
175 1 1
10 99 2
45 24 2
181 131 4
38 112 2
43 20 1
17 164 4
146 79 2
153 119 2
51 49 2
175 174 1
55 45 2
58 92 1
156 43 2
177 132 1
36 0 3
42 9 4
167 121 1
141 100 3
107 188 3
187 19 3
98 195 3
62 192 3
164 92 4
58 9 3
96 31 3
85 171 1
60 109 3
81 105 2
120 90 2
44 70 2
171 97 2
49 108 3
170 143 3
54 189 3
74 170 1
103 112 2
179 110 2
65 144 3
5 20 4
160 15 1
39 127 4
82 28 4
25 73 4
146 7 1
147 42 1
93 185 2
13 73 4
146 72 4
55 117 1
148 127 2
64 77 1
162 102 1
51 195 3
190 134 3
55 165 4
124 192 4
56 68 1
109 196 3
143 31 1
154 3 1
10 177 1
158 83 2
98 169 2
12 37 2
132 158 4
98 12 2
74 112 1
133 142 4
134 43 3
2 92 1
16 141 3
197 170 1
47 54 4
22 103 4
130 108 3
107 180 1
165 24 1
176 127 2
150 67 4
145 44 1
198 93 2
171 81 1
56 123 2
37 197 3
104 191 3
108 117 4
195 4 4
82 160 1
196 37 2
28 113 2
154 83 1
11 185 2
89 183 2
4 69 4
70 15 3
5 136 4
135 4 1
167 149 2
115 121 4
108 64 4
174 176 1
183 85 1
35 123 1
43 55 4
60 147 2
28 103 2
154 33 4
66 189 1
68 44 1
128 27 2
82 156 2
130 46 3
130 37 1
160 178 3
40 10 4
38 104 2
1 152 3
57 139 1
143 50 3
21 137 2
192 33 4
40 14 4
100 153 1
31 150 3
120 161 3
1 161 4
166 171 2
199 76 2
117 93 4
21 40 3
197 29 1
166 11 2
110 160 3
192 66 4
23 144 2
15 19 4
25 150 1
27 53 3
105 171 4
176 12 1
32 47 1
170 182 4
101 38 2
162 155 3
188 189 2
174 147 1
152 115 4
84 185 2
33 151 2
50 28 2
192 49 4
106 30 4
79 13 2
129 80 3
149 110 4
20 144 4
145 33 1
15 129 2
161 21 4
185 178 1
75 165 1
171 147 2
0 19 1
19 121 4
19 163 4
31 22 1
78 157 2
159 104 1
11 31 1
137 199 3
5 1 3
40 127 4
112 106 4
88 77 1
168 38 1
63 166 1
178 132 3
18 10 3
101 76 3
102 92 1
151 93 4
124 6 2
15 91 3
168 198 3
111 52 2
3 180 4
165 33 2
36 144 4
176 196 1
0 184 4
17 70 4
103 71 1
115 85 2
42 79 1
198 146 1
75 113 3
12 182 3
188 60 3
37 82 4
124 101 2
95 133 1
47 143 4
146 101 1
78 14 2
134 185 1
199 88 2
135 40 2
72 195 4
124 51 3
142 45 2
40 129 3
114 90 2
119 163 3
100 68 4
133 10 1
22 120 1
166 110 3
85 117 3
175 144 1
5 180 1
77 181 2
22 57 3
183 35 1
166 66 3
106 72 4
197 55 2
64 137 4
31 149 1
143 179 3
82 77 3
86 1 4
18 22 2
102 28 2
62 195 3
179 113 3
84 102 2
99 79 2
91 95 3
31 37 2
79 31 4
153 116 4
32 95 4
67 54 1
37 72 2
80 195 3
111 89 4
139 109 4
102 179 2
160 54 2
198 177 4
9 17 3
29 112 4
160 174 2
151 19 3
24 2 3
108 123 2
53 29 2
29 69 1
123 51 2
26 117 2
190 179 4
82 32 2
168 23 3
147 46 2
181 152 4
179 135 3
15 179 4
21 13 4
190 168 2
145 139 2
3 4 4
105 70 3
1 196 4
19 133 1
145 29 3
29 55 3
15 117 1
40 145 2
22 65 3
136 52 1
152 6 2
170 86 1
29 31 4
144 35 1
17 160 3
165 187 2
105 166 3
56 142 1
5 25 3
94 26 4
140 10 3
80 34 4
189 110 3
26 155 3
116 86 3
83 197 3
138 91 1
170 131 2
127 144 4
76 181 1
158 49 4
166 113 2
197 25 3
125 28 2
4 181 3
128 43 2
134 10 1
61 65 1
111 15 2
103 23 2
58 16 1
134 51 4
130 163 4
101 194 2
183 34 3
73 96 4
13 180 4
134 113 4
89 184 2
181 167 1
54 101 4
173 28 4
100 132 4
66 117 4
161 132 1
85 27 4
4 177 1
25 181 2
77 13 1
187 84 1
169 178 4
173 72 3
146 57 4
114 13 2
66 5 3
53 23 2
87 171 4
148 78 4
167 189 3
131 113 1
191 157 1
29 12 3
3 85 3
12 50 2
17 121 4
129 16 3
75 101 4
169 158 4
5 130 3
116 199 3
159 24 3
56 45 2
37 71 1
52 118 2
45 105 3
78 29 3
110 167 4
10 4 3
56 21 4
65 95 2
0 198 3
31 152 4
58 102 1
163 138 4
32 11 4
26 135 3
184 156 3
169 165 2
37 38 4
114 95 1
94 76 4
177 63 3
14 133 4
40 32 4
181 189 1
77 73 4
121 180 2
39 77 2
180 192 1
110 184 3
15 140 3
169 191 4
45 100 1
5 17 4
91 35 3
13 108 3
140 69 1
7 100 2
110 51 3
167 199 2
18 44 3
82 179 3
138 175 4
107 165 2
9 30 2
158 90 4
54 49 1
21 34 1
161 24 1
166 94 1
191 18 3
37 106 2
3 49 4
18 97 3
31 176 4
41 160 1
32 155 1
158 173 4
158 95 3
31 2 4
90 146 2
48 194 4
175 61 2
99 190 2
32 146 2
27 188 4
142 131 4
19 46 1
20 177 3
26 32 1
38 56 2
66 181 1
181 13 2
160 29 2
118 104 1
101 79 2
108 199 3
189 122 3
11 30 4
163 196 2
139 81 4
125 12 2
63 4 2
48 109 2
171 131 1
197 93 2
105 65 1
99 177 2
178 24 4
32 171 2
30 88 2
51 103 2
160 75 2
179 192 4
46 64 1
21 107 4
149 113 4
1 24 3
26 89 3
59 187 3
2 163 4
159 126 3
184 94 1
124 127 4
131 109 1
153 180 4
63 147 1
108 56 4
148 190 4
14 42 4
98 32 4
193 93 2
69 118 2
26 123 1
16 86 4
83 80 3
129 154 2
103 50 2
162 16 2
20 40 1
65 130 3
14 159 3
11 182 3
69 73 4
21 148 3
86 31 4
175 173 3
165 65 2
75 181 4
156 3 2
29 24 3
73 132 1
128 95 4
154 41 3
124 92 4
87 169 4
138 51 3
65 80 2
148 61 3
164 93 3
162 67 2
15 84 1
28 153 2
146 131 4
193 88 1
160 149 1
107 148 1
139 15 4
161 51 4
116 28 1
97 191 4
171 163 4
196 7 3
48 132 3
43 27 4
100 138 4
107 41 2
77 186 4
9 97 1
42 26 2
25 187 4
45 82 1
173 19 1
198 138 1
164 38 2
75 46 2
196 78 2
117 22 1
155 141 3
188 110 2
91 77 3
63 196 1
178 143 1
63 82 3
157 123 4
146 59 2
182 26 4
151 77 4
115 179 4
72 86 3
172 42 3
75 174 4
188 23 2
154 135 4
184 23 4
28 158 4
195 113 2
49 8 4
40 11 1
162 105 3
71 29 2
159 97 4
45 64 3
36 158 1
83 133 1
164 60 1
189 176 3
142 197 3
136 77 2
2 139 3
114 199 1
172 24 1
118 81 4
78 30 3
181 48 3
154 45 4
58 73 2
82 71 3
10 171 2
122 42 3
36 173 2
168 160 4
110 164 1
119 49 4
28 97 2
141 136 1
74 90 4
87 130 4
101 43 1
171 31 3
62 29 3
190 129 2
118 184 3
161 94 4
139 45 4
1 88 1
15 112 4
134 26 2
108 23 2
127 140 1
14 184 4
34 16 1
141 159 4
111 81 3
125 183 3
67 124 3
62 101 4
36 145 2
58 42 4
9 145 1
191 150 4
128 57 3
93 54 2
21 64 2
63 75 4
156 25 3
66 41 3
19 134 1
66 108 2
80 178 1
92 166 3
85 199 4
175 129 2
171 185 3
83 21 3
163 168 1
15 77 1
135 139 3
71 46 1
9 94 1
80 100 3
14 118 3
124 134 2
115 13 1
152 165 2
47 121 2
42 152 2
143 36 1
75 38 4
185 50 1
4 79 2
109 141 4
11 107 2
7 64 2
127 6 2
62 133 4
70 76 2
58 164 1
174 93 2
129 73 1
15 131 2
193 45 1
178 81 1
13 5 2
2 167 3
108 136 3
66 171 4
148 9 2
81 156 1
181 117 2
63 85 1
30 198 4
141 99 3
85 7 4
116 58 4
166 31 4
9 141 4
179 39 1
16 152 3
141 37 3
74 187 4
11 15 3
124 188 4
198 124 2
69 23 2
31 35 1
109 128 1
82 171 4
19 108 1
159 193 2
155 122 3
101 105 1
163 175 2
17 54 4
98 184 2
37 108 4
53 175 2
184 30 2
136 146 3
37 181 4
153 79 2
66 60 4
68 93 1
157 36 2
147 159 3
173 37 3
115 105 2
39 59 3
40 163 3
131 5 2
33 22 4
175 59 3
167 173 4
177 22 2
187 193 2
118 70 4
12 84 4
91 1 2
29 10 1
54 118 1
29 45 2
25 145 2
167 138 1
187 151 2
12 6 1
65 134 1
99 61 2
12 27 1
116 77 2
12 139 3
82 97 1
67 69 3
109 85 2
101 103 4
174 2 4
198 2 4
104 37 3
149 97 1
90 78 2
108 159 2
72 11 4
109 18 3
83 19 3
81 121 1
42 86 3
171 46 2
102 81 4
172 107 2
31 136 1
115 194 4
24 3 1
92 152 1
113 17 2
53 82 3
19 54 1
123 77 3
49 144 2
193 102 2
183 127 4
78 170 2
114 94 2
17 123 3
112 154 1
198 54 4
109 15 1
31 45 3
77 137 3
179 53 3
111 184 4
139 56 2
66 80 1
112 146 1
186 126 1
53 70 4
24 55 1
177 23 4
34 185 2
40 68 1
148 29 3
33 133 4
158 52 3
134 45 3
187 99 2
71 122 3
197 111 1
88 98 1
73 171 4
63 98 3
34 195 2
133 44 4
70 58 1
39 164 3
97 57 4
155 83 1
166 51 3
50 120 4
141 33 1
122 0 1
159 112 2
173 87 1
50 6 2
7 21 2
34 4 4
22 101 1
42 159 2
50 20 1
140 157 3
9 24 2
160 16 3
180 122 4
74 110 4
152 46 3
43 104 2
173 31 4
190 177 4
115 97 4
125 130 4
175 139 1
18 57 1
124 157 1
179 19 4
132 192 4
184 146 2
24 111 3
78 128 4
123 106 4
33 3 4
170 14 4
113 193 4
27 132 3
194 163 3
94 84 4
134 126 4
119 95 1
181 187 1
20 47 3
160 24 4
83 170 3
173 38 1
162 52 1
72 51 4
141 8 3
15 104 3
57 137 2
93 140 1
2 50 1
121 168 3
89 105 1
16 91 1
50 186 4
47 30 2
156 73 1
101 57 1
91 73 2
8 189 2
97 129 3
11 160 2
104 97 4
28 194 1
75 192 2
142 4 2
81 164 3
63 17 2
111 93 4
52 100 1
138 176 1
11 191 3
190 162 3
162 108 1
49 153 2
117 186 4
114 142 4
43 82 1
68 196 3
170 76 1
71 165 1
11 19 4
152 189 4
112 64 2
72 2 4
152 178 4
156 161 2
50 78 4
46 50 1
169 60 2
45 111 1
188 100 3
30 54 2
141 89 2
183 39 2
123 146 3
90 141 3
190 22 1
63 176 3
98 15 1
24 36 2
104 158 4
155 84 4
130 173 4
28 165 4
197 183 2
116 30 4
101 110 2
32 0 3
30 122 4
10 22 2
121 52 2
15 20 3
62 169 1
197 28 2
189 55 2
33 2 4
160 181 3
136 145 4
68 120 3
78 121 1
178 177 4
81 177 1
122 63 1
98 77 4
122 12 4
85 166 3
82 109 2
62 121 1
190 127 2
74 48 2
58 169 3
188 185 1
77 7 1
104 59 2
16 59 3
117 159 4
77 59 4
174 29 2
154 60 2
99 78 4
30 51 4
91 86 1
28 146 4
92 163 3
16 19 4
142 43 4
46 12 4
34 15 4
60 39 2
190 119 3
193 40 3
195 83 2
117 196 1
167 41 1
117 69 1
7 176 1
53 169 3
101 18 4
116 138 2
52 93 4
168 19 3
34 144 1
154 23 1
118 77 3
34 194 4
178 34 2
87 175 1
151 55 1
136 113 1
183 163 1
49 170 2
159 122 4
96 81 4
99 155 1
51 116 4
93 194 2
127 131 2
180 191 1
184 140 4
59 11 2
67 43 4
159 28 1
88 108 3
102 156 4
134 69 4
118 17 2
57 60 1
32 20 3
113 109 3
135 60 4
91 179 4
196 24 3
3 5 1
65 184 1
166 147 1
71 146 3
29 86 4
120 77 2
2 40 1
8 50 1
136 123 2
76 25 2
152 47 3
14 97 4
130 182 4
121 71 4
26 130 3
90 154 4
187 171 1
5 83 2
169 75 4
56 35 4
158 19 4
147 31 4
6 139 2
185 7 2
119 180 1
109 154 3
192 135 2
125 133 4
48 21 4
194 56 4
161 97 3
109 56 3
111 189 1
145 175 1
54 63 2
41 180 2
47 92 2
80 35 2
187 160 4
156 50 1
167 134 1
107 150 1
74 156 3
138 132 4
154 162 1
44 29 3
78 137 4
156 59 4
84 101 2
190 93 2
69 51 1
183 159 1
159 59 1
151 139 1
192 78 1
44 91 1
83 180 1
21 86 2
123 182 1
17 76 4
64 195 2
97 54 3
94 70 1
68 182 1
115 27 3
181 68 4
4 27 1
104 145 2
105 189 3
144 26 4
185 113 4
135 178 3
161 65 3
106 19 2
6 111 4
23 6 3
51 130 1
13 184 1
86 188 1
51 65 4
165 121 4
7 63 4
38 94 4
38 81 1
129 30 2
140 168 2
69 181 1
196 30 2
145 75 2
8 92 1
86 97 1
60 94 3
88 118 3
104 82 1
89 199 1
192 76 1
16 50 1
57 171 3
97 72 2
44 155 4
155 72 4
95 15 1
186 38 2
168 96 4
188 146 4
166 150 3
29 42 3
49 18 2
104 184 4
90 186 3
114 179 2
88 23 2
98 131 4
78 68 2
76 178 1
123 91 2
74 196 2
82 14 4
109 172 3
56 79 2
174 53 1
90 20 3
67 103 4
119 90 1
152 17 2
34 77 3
75 111 2
184 181 4
162 36 2
190 199 1
169 57 2
155 81 4
32 172 4
104 186 4
109 163 2
167 13 1
72 174 2
64 17 3
80 45 1
92 149 3
141 23 1
32 51 1
64 58 4
177 3 3
192 136 4
148 173 3
42 150 2
94 48 3
121 72 4
189 43 4
125 127 3
45 38 4
83 130 1
113 176 4
64 68 2
89 137 3
164 185 1
130 132 1
86 184 2
28 129 3
185 105 1
113 22 2
181 133 4
139 193 3
47 122 1
79 126 4
24 127 4
155 167 1
160 121 1
118 2 2
160 94 3
132 10 2
126 23 3
177 76 3
36 77 1
95 90 1
16 110 3
41 4 2
33 48 3
159 33 2
165 12 2
76 46 2
140 83 2
154 19 2
118 192 1
26 116 2
74 137 4
78 4 2
64 36 3
100 143 4
65 3 4
193 13 3
112 63 2
60 166 4
48 56 1
1 93 2
103 171 3
126 45 1
153 93 4
132 108 3
135 85 1
123 49 1
82 48 3
83 144 1
198 97 3
189 33 3
144 30 3
181 192 4
13 145 1
13 76 1
97 45 3
94 7 1
181 175 1
91 160 4
64 54 1
155 10 1
148 30 2
77 84 2
125 42 1
155 118 2
124 80 4
31 120 3
185 58 4
143 136 1
39 150 3
78 46 2
182 153 4
120 124 2
71 110 4
50 131 4
1 180 3
134 105 2
184 38 4
35 187 1
95 186 3
112 56 1
68 85 3
113 16 3
21 69 3
78 81 3
64 22 4
194 78 3
154 170 3
165 42 4
32 157 1
69 154 3
161 23 4
194 10 4
119 93 3
10 64 4
48 49 4
113 63 4
80 70 2
111 177 2
107 44 2
198 160 3
24 37 4
149 49 3
19 13 1
113 18 4
176 0 4
58 17 3
2 116 1
134 1 1
33 118 1
152 129 3
182 4 2
74 104 4
91 141 1
133 157 4
136 21 1
190 59 2
47 56 1
8 192 2
157 88 2
114 59 2
70 185 3
199 105 2
0 7 2
84 23 3
185 57 4
66 179 3
46 148 1
182 67 4
64 8 2
41 9 1
85 128 1
152 140 1
89 6 2
88 138 2
136 36 1
23 142 3
182 20 4
64 135 1
87 35 3
26 61 1
72 123 4
88 155 2
170 29 3
129 177 4
181 1 1
109 87 4
108 68 3
129 20 2
81 13 2
97 114 4
26 149 4
106 134 2
21 143 4
37 134 3
24 48 2
184 129 4
124 119 4
120 28 3
37 43 1
54 141 1
161 32 1
88 121 4
132 15 2
50 139 4
29 43 1
88 61 4
87 42 2
121 130 3
22 78 3
123 44 1
120 94 4
154 124 2
188 93 1
68 130 4
102 104 4
115 163 3
122 50 2
133 186 2
13 90 4
119 25 4
75 170 4
63 181 2
161 105 3
161 55 3
56 28 1
33 50 4
135 77 1
68 112 2
26 138 4
92 24 1
15 184 1
128 36 1
97 197 2
173 189 2
64 44 2
184 81 2
95 0 1
27 45 4
161 31 3
58 89 4
97 7 3
181 92 1
145 16 1
63 114 4
65 131 1
156 79 3
34 119 4
138 142 2
89 44 3
178 136 1
173 92 2
163 0 1
185 106 2
54 0 1
16 22 1
106 43 1
2 6 4
185 100 4
52 68 1
60 13 1
2 160 2
185 90 4
41 49 1
50 168 3
150 197 1
11 171 1
145 51 3
165 2 3
148 28 1
58 104 3
175 196 4
5 52 1
40 132 1
169 177 1
181 158 1
107 89 4
29 96 3
91 65 4
109 118 3
24 25 2
141 146 1
56 0 2
190 96 2
138 170 3
155 71 2
32 58 4
146 126 1
103 74 2
141 138 3
85 9 3
27 134 3
36 161 1
176 80 4
32 128 3
164 174 3
102 144 4
163 17 4
34 38 3
24 58 4
157 122 3
60 167 3
85 149 2
125 85 4
54 34 2
176 150 1
93 148 2
114 157 2
5 56 1
167 161 2
64 123 1
181 162 2
135 163 1
49 98 3
55 129 1
11 146 1
5 193 3
9 104 2
36 97 4
120 140 4
124 118 2
52 34 1
149 30 4
92 89 3
30 172 3
109 189 3
8 115 2
137 83 4
137 49 1
52 76 3
105 94 2
43 121 4
50 65 4
129 11 1
104 23 3
129 108 2
110 104 1
21 72 1
148 129 2
103 32 1
61 30 4
185 83 1
137 175 4
62 125 3
93 167 3
163 11 2
152 71 2
132 52 2
163 102 2
43 71 4
109 7 2
65 10 3
13 124 3
55 73 2
59 83 1
20 73 4
48 121 3
14 114 2
197 21 1
193 68 2
62 33 3
92 68 1
165 43 3
30 64 3
45 161 2
146 22 1
62 21 2
151 84 3
26 137 3
11 75 2
133 106 4
174 112 4
2 150 3
99 50 3
17 66 1
45 132 4
24 95 1
178 103 3
183 54 4
132 197 3
89 55 3
156 65 2
6 86 1
26 73 4
196 148 1
80 141 4
140 84 3
88 50 3
21 151 3
48 8 2
13 85 2
102 188 4
97 1 1
14 124 3
70 126 4
78 58 4
139 105 2
84 29 4
73 143 1
97 56 1
90 62 1
159 103 1
116 190 1
71 196 4
56 33 1
149 194 4
132 24 3
194 73 3
30 50 2
153 129 2
66 112 4
44 41 3
103 195 2
105 175 1
170 19 4
53 76 2
174 16 1
189 57 2
4 60 2
126 48 3
79 110 4
119 101 4
32 68 4
132 21 2
194 6 2
44 14 2
66 163 4
195 129 3
111 148 4
199 41 3
198 130 3
182 118 1
113 156 4
5 116 4
193 135 2
4 77 1
146 3 3
140 198 3
48 36 1
104 123 2
199 48 2
177 34 4
144 196 3
23 199 3
14 99 4
143 196 4
122 142 3
112 44 1
104 113 2
65 128 3
157 9 2
36 169 3
91 180 2
102 37 2
107 175 1
4 88 1
76 33 1
2 60 1
31 138 1
189 165 3
15 170 1
42 158 2
160 145 2
131 25 2
194 153 3
75 119 3
57 35 2
128 113 4
77 130 4
45 28 1
129 188 2
85 50 2
173 131 4
115 95 3
111 110 1
134 11 3
65 0 2
86 136 1
44 81 4
89 128 4
35 113 2
173 124 1
189 150 4
195 180 1
6 122 1
1 119 1
87 189 4
131 195 2
17 153 4
78 36 3
184 173 2
64 93 2
108 169 4
67 111 4
186 100 2
44 2 2
170 117 2
107 39 2
164 102 1
115 35 4
177 110 3
163 148 2
16 198 4
88 153 3
28 35 3
92 21 2
144 186 4
129 4 2
156 177 4
193 30 1
152 122 4
36 196 2
186 178 4
146 130 3
194 100 3
132 25 4
0 72 1
115 167 4
113 8 2
54 151 1
181 27 2
72 26 1
173 0 1
79 175 1
61 183 4
62 39 3
137 112 4
73 114 4
177 88 4
169 190 4
75 150 2
30 186 2
86 94 1
20 154 4
160 95 3
122 143 3
147 151 4
68 31 3
185 168 3
49 31 3
50 49 4
81 79 1
114 24 1
69 150 3
82 199 4
189 46 3
30 75 3
5 39 3
108 60 1
133 184 3
12 161 4
131 183 2
138 129 3
178 142 1
21 195 3
39 102 1
86 98 4
106 136 3
130 70 2
14 176 3
175 64 2
163 120 1
126 154 1
172 20 4
26 128 3
37 27 4
24 83 2
129 67 3
138 190 3
62 193 3
21 73 1
63 12 1
106 14 2
70 113 4
90 136 1
65 146 2
173 165 3
144 77 4
36 89 3
109 81 3
19 183 2
97 27 4
113 171 3
171 137 3
61 135 4
170 105 4
143 53 4
2 89 3
196 111 3
126 178 2
191 136 4
89 34 2
184 26 1
131 169 2
107 156 2
31 114 3
155 47 3
158 91 3
176 186 2
180 2 1
8 169 2
129 189 4
125 134 1
11 3 4
136 171 2
139 24 1
31 105 1
42 129 1
190 172 3
37 93 2
132 88 4
34 74 1
49 77 3
138 117 2
3 114 1
167 64 3
46 135 4
140 80 4
122 184 4
182 62 2
13 7 4
105 137 1
171 93 2
96 93 1
27 165 4
146 181 4
160 53 3
75 10 4
29 8 3
42 156 3
180 185 2
45 119 1
42 114 3
60 138 2
91 81 3
87 196 2
133 135 4
18 126 4
82 16 4
108 148 3
64 113 1
63 97 2
82 108 2
118 117 3
32 88 2
27 190 3
153 95 3
2 126 4
175 115 1
116 180 4
162 164 4
94 14 4
177 118 3
32 79 3
150 178 2
129 168 1
68 82 2
109 23 1
178 18 3
52 160 2
173 41 3
55 180 1
36 159 1
74 30 4
73 113 4
31 115 4
110 113 3
195 171 1
135 116 3
113 145 4
97 50 2
159 10 1
48 66 3
92 160 2
50 63 1
135 187 3
193 20 1
61 59 1
68 0 2
196 4 3
165 183 3
10 147 4
154 52 3
92 93 4
14 81 3
131 130 1
92 3 2
114 79 2
15 1 3
5 33 2
181 151 2
48 186 1
191 143 2
92 197 4
32 42 3
116 106 3
19 157 3
139 66 3
22 127 3
150 97 4
124 179 4
141 29 3
74 169 1
162 153 1
90 167 1
190 33 2
25 12 1
59 137 1
18 45 2
26 21 1
94 83 2
8 172 1
50 128 4
92 94 4
76 21 2
160 176 3
98 170 4
57 17 2
195 122 4
61 110 4
169 56 3
32 10 3
134 77 1
115 106 4
197 58 1
93 176 1
98 60 4
126 100 2
130 109 2
74 168 2
138 152 2
167 31 1
84 99 2
15 97 3
152 96 4
44 136 4
42 194 1
97 188 1
57 5 4
41 93 1
85 146 2
85 124 2
2 106 4
83 96 2
168 66 4
7 19 2
89 160 1
131 59 1
113 34 2
47 69 3
165 22 4
165 141 3
28 143 3
7 161 4
143 156 4
14 22 1
90 96 2
47 36 1
167 71 1
97 181 1
100 43 2
30 185 3
9 15 4
62 1 1
199 7 1
182 171 3
153 196 2
72 73 1
188 52 2
40 166 2
36 73 3
55 137 1
172 138 1
17 158 4
71 11 2
24 91 3
153 21 3
140 24 3
158 103 3
93 88 4
117 172 1
172 37 1
173 45 1
43 21 1
180 111 4
60 8 2
100 40 2
31 65 1
87 4 1
40 133 1
190 3 4
128 49 2
26 178 1
194 138 1
197 76 3
95 196 1
3 15 1
6 138 1
193 29 4
153 73 4
157 38 1
190 47 3
38 178 4
125 53 3
155 19 1
0 49 2
199 16 2
140 101 3
84 192 3
0 80 3
142 151 1
93 186 4
189 56 3
159 94 1
131 58 3
124 155 1
131 198 4
142 91 1
199 195 1
125 120 4
22 48 4
69 42 4
87 174 4
147 45 4
129 117 3
49 196 3
94 153 3
112 149 1
166 77 3
47 24 3
162 64 3
94 0 2
59 110 3
25 122 4
15 182 3
129 178 2
24 181 2
195 110 2
149 2 2
162 68 2
94 122 2
84 66 4
145 14 4
137 63 4
162 177 3
48 7 3
162 107 1
82 92 2
85 170 1
132 185 4
21 102 1
17 188 2
87 152 3
58 28 1
106 194 1
7 99 2
170 150 1
123 165 1
148 174 2
139 8 4
1 162 1
110 118 3
54 7 4
51 90 3
170 186 3
1 76 1
139 75 2
53 39 1
46 72 1
165 17 3
100 127 1
93 113 4
133 179 1
122 3 4
10 111 1
136 83 3
5 85 1
90 195 3
17 186 3
159 120 3
8 10 3
6 128 3
138 136 2
141 86 3
151 172 4
10 63 4
125 68 3
146 109 1
19 84 2
23 82 1
147 134 4
178 187 1
48 112 1
11 99 1
192 157 1
198 81 4
157 1 2
100 36 2
142 46 1
103 125 2
99 43 2
173 48 4
48 6 4
149 13 2
108 141 3
130 11 4
38 106 3
105 129 4
78 15 3
102 15 2
73 60 3
35 4 1
183 100 4
150 81 4
152 158 3
62 37 2
2 66 2
110 45 4
136 152 1
156 154 3
130 72 4
29 16 1
67 140 1
62 36 2
27 3 2
95 189 2
174 90 1
164 175 1
161 116 4
193 70 4
145 135 1
69 188 3
46 24 3
71 87 3
139 58 4
52 193 4
189 116 4
134 117 3
54 152 3
149 171 3
58 98 2
23 49 2
131 79 4
130 140 2
180 66 4
96 137 3
168 64 2
40 64 1
34 64 4
91 195 1
147 21 1
97 66 1
40 175 3
62 53 1
178 121 4
144 8 4
29 128 3
61 120 1
199 10 4
72 108 2
88 97 1
133 88 1
180 149 1
2 137 2
102 130 2
125 80 4
62 55 1
29 191 2
156 67 1
92 106 3
136 43 4
69 136 2
178 33 3
58 43 1
78 43 4
95 191 2
62 14 4
46 188 2
47 106 1
111 175 4
16 170 4
87 41 3
43 54 3
48 15 1
104 103 2
13 99 2
98 100 1
69 91 3
85 29 1
29 137 1
58 18 3
70 112 4
83 196 4
35 110 4
24 51 1
75 77 2
167 38 4
162 114 4
6 37 4
50 136 1
71 166 2
59 149 1
2 42 2
154 4 1
90 92 2
93 59 1
135 50 4
26 70 3
37 198 1
50 187 3
8 122 2
79 29 1
196 81 4
149 61 4
91 137 3
191 68 4
50 83 4
80 118 3
116 160 1
71 47 1
110 22 1
44 92 3
167 98 2
21 194 2
62 131 2
167 183 3
152 106 4
102 134 3
103 100 4
134 129 4
47 133 1
59 129 1
51 26 1
54 164 3
40 155 2
199 53 1
22 114 1
35 194 1
7 162 3
160 169 1
1 19 1
188 74 1
125 135 3
5 153 1
43 159 4
53 10 3
174 117 3
105 26 3
128 148 1
50 52 1
106 176 3
28 105 2
128 176 4
195 109 3
109 178 3
43 172 2
137 71 2
83 117 4
43 163 3
62 129 4
183 119 3
44 15 1
157 52 1
197 34 1
79 15 3
101 122 1
106 12 3
176 47 1
171 61 4
197 10 4
53 84 3
19 26 1
26 157 3
46 28 3
75 5 4
19 102 3
5 181 3
169 65 4
82 93 2
169 116 4
74 86 4
189 196 1
22 158 1
151 35 4
187 2 2
106 24 3
6 85 4
64 103 1
66 90 4
84 75 2
125 40 2
191 102 1
51 60 2
97 95 3
86 179 3
81 86 2
73 173 1
143 76 2
119 160 4
129 39 1
68 140 1
116 182 4
47 27 2
182 9 1
5 115 1
104 105 2
167 174 4
99 151 3
91 12 4
199 170 1
91 39 1
86 133 1
69 152 3
137 24 3
65 104 1
57 10 1
146 33 3
73 31 4
101 129 1
74 18 4
101 178 1
21 125 3
146 145 4
94 89 4
86 157 1
38 192 2
184 144 1
20 12 3
65 197 3
123 21 2
193 148 1
129 150 1
112 67 3
20 99 2
70 110 4
60 132 4
195 42 1
40 60 2
71 69 3
87 166 3
76 166 3
100 77 3
184 48 4
3 42 2
168 169 4
196 120 1
2 108 3
60 20 3
153 122 2
141 30 2
167 169 3
107 130 4
85 161 3
17 72 4
20 42 3
192 94 2
167 66 3
67 176 2
62 68 4
110 152 3
125 19 2
147 98 4
99 41 4
153 83 2
91 103 4
191 99 2
153 76 3
36 1 4
192 35 4
185 22 2
132 71 2
128 98 1
110 95 2
114 190 1
84 153 3
55 124 1
114 192 3
62 17 4
4 156 2
13 70 3
109 142 1
116 48 1
156 128 2
86 4 3
16 172 3
44 71 1
85 139 4
7 69 2
3 149 2
87 103 4
178 14 3
95 150 3
68 116 2
150 175 3
164 40 1
159 30 4
137 182 1
162 93 4
23 183 1
172 177 2
130 119 1
43 79 4
178 106 4
129 49 1
102 121 4
173 7 3
167 194 3
24 185 3
174 74 1
24 198 4
157 142 2
69 170 3
159 60 4
46 69 1
9 170 4
72 160 1
167 120 1
79 199 4
14 74 2
50 43 3
104 45 3
151 8 3
172 59 4
40 143 4
53 176 4
158 43 1
23 70 4
33 187 3
25 57 4
131 75 3
106 62 1
80 89 1
89 104 3
1 170 3
157 98 3
16 196 4
109 191 3
45 16 4
109 16 2
18 24 1
34 33 3
54 126 4
117 132 3
102 53 3
66 115 4
73 130 2
20 48 4
8 0 3
142 165 2
186 39 1
78 92 3
158 97 4
103 62 3
56 184 4
38 150 2
38 63 4
58 83 3
101 199 3
41 115 2
14 66 4
126 168 3
91 186 3
142 88 3
66 116 1
53 162 4
89 50 3
54 144 3
36 194 2
170 34 3
45 190 3
78 71 2
116 124 4
169 76 3
2 151 4
136 137 4
76 0 1
66 70 4
110 126 3
177 154 4
50 176 4
2 124 1
176 68 3
115 139 4
149 163 4
48 64 3
75 164 4
72 15 1
60 199 2
122 45 2
97 101 3
74 155 3
21 77 2
85 177 1
58 94 2
22 138 4
89 198 3
187 14 1
170 175 2
125 56 4
189 114 4
143 86 3
84 89 2
199 191 2
176 172 1
119 146 3
51 187 1
2 84 4
145 163 1
1 195 1
24 71 1
74 37 2
143 119 4
31 111 4
77 147 1
92 198 4
73 15 2
169 3 3
24 104 3
51 152 1
186 193 3
70 154 3
31 188 2
8 23 4
38 141 1
52 30 4
145 23 2
85 84 3
79 141 4
123 184 1
3 44 4
60 195 1
59 60 4
99 15 4
137 163 4
196 43 2
63 65 1
153 70 1
148 192 3
75 86 4
69 167 3
144 128 3
84 123 2
26 101 1
125 20 4
198 137 4
145 37 2
32 136 2
150 34 4
90 88 2
158 8 3
10 0 2
142 100 2
0 192 2
68 67 4
35 100 4
92 1 2
50 93 3
91 196 2
20 27 4
147 117 3
82 84 2
126 81 4
120 37 4
84 168 4
125 175 3
65 179 1
0 43 4
42 157 2
121 91 2
80 94 2
19 63 4
198 151 3
178 118 2
160 177 3
96 13 1
77 89 1
52 187 2
191 66 3
76 29 2
79 150 3
19 175 2
29 168 1
96 19 4
17 109 2
127 103 1
142 173 4
19 139 2
26 10 3
183 47 3
19 22 3
67 146 3
153 167 4
198 155 1
113 96 1
38 80 1
139 112 4
190 72 3
5 19 4
186 179 1
36 67 3
12 180 1
179 88 4
43 77 2
167 158 3
53 22 1
40 194 4
38 152 4
12 147 1
172 85 3
95 51 4
179 17 4
125 75 1
127 142 4
68 174 1
193 173 1
119 78 2
104 177 1
166 108 3
0 11 2
188 128 4
91 140 2
100 46 1
119 174 3
68 154 1
78 1 2
10 52 1
100 174 3
90 54 2
54 18 1
174 189 1
22 136 3
123 33 1
29 95 3
125 84 1
119 137 4
180 174 3
4 159 3
30 195 1
72 149 2
191 42 1
171 17 3
13 33 1
88 45 2
28 39 4
81 15 4
35 12 4
59 99 1
169 110 3
2 145 4
29 159 3
63 106 3
149 29 3
73 147 4
148 109 2
151 148 3
165 186 2
113 112 4
167 3 1
0 15 3
172 44 4
44 190 1
79 39 2
154 128 4
49 172 4
60 80 3
177 36 3
70 24 2
67 108 1
87 48 4
190 76 1
169 123 2
86 22 1
102 143 4
127 138 3
147 119 4
18 86 4
37 34 4
192 151 3
98 70 4
14 163 4
166 124 2
116 95 2
117 90 4
88 74 1
153 133 1
72 109 4
10 189 1
175 161 1
82 24 2
134 86 1
199 180 3
118 142 1
136 166 4
46 41 3
145 143 4
60 68 4
67 132 2
174 195 2
43 88 2
11 76 4
45 32 3
78 67 1
167 113 3
71 195 1
51 149 2
195 19 3
82 127 4
100 99 2
55 40 1
68 101 2
153 45 1
138 122 1
105 75 3
77 190 4
157 31 2
119 64 3
47 197 3
101 164 1
188 158 3
99 194 4
162 118 1
124 167 2
177 103 1
139 44 4
81 99 4
78 113 3
180 106 2
149 152 1
50 91 1
25 146 1
100 12 2
69 95 4
147 15 1
70 0 3
37 36 2
69 53 2
116 171 2
157 100 4
195 79 1
189 42 2
172 129 1
115 45 2
158 11 2
39 41 3
156 197 1
128 178 4
59 69 1
179 27 3
113 135 3
109 64 4
31 108 4
5 47 4
182 45 1
124 44 4
180 58 1
182 183 4
128 117 1
67 198 4
169 90 3
34 139 1
14 181 1
131 101 4
63 47 1
146 128 3
162 149 2
8 107 3
40 112 1
133 28 3
108 32 1
137 151 1
89 61 2
118 164 4
44 143 2
121 111 2
150 89 2
86 54 4
50 82 3
120 185 4
63 198 3
176 137 3
102 185 4
40 54 1
79 45 3
40 120 2
121 183 4
11 87 3
197 119 1
29 124 4
168 68 4
46 7 1
132 173 2
3 126 1
140 97 1
88 186 1
188 88 4
115 64 3
104 11 2
157 106 2
91 169 3
155 178 4
31 56 1
166 84 3
179 11 3
44 22 3
146 133 2
172 137 3
91 93 4
71 38 4
78 173 3
94 33 4
6 112 2
16 53 4
43 118 3
72 84 2
131 45 3
106 173 3
152 37 2
106 57 4
41 56 4
199 196 4
74 113 4
105 157 4
11 70 3
176 175 2
27 71 4
16 153 2
23 133 4
185 88 2
135 149 3
162 5 1
197 12 1
0 37 3
153 90 1
171 132 2
105 153 3
97 144 4
191 54 4
18 48 2
160 81 2
51 52 1
27 32 2
78 111 4
69 133 3
132 90 1
175 55 2
141 130 4
69 122 4
107 76 2
33 85 2
154 78 3
119 77 1
110 98 1
66 129 3
119 128 1
113 23 4
14 160 3
198 61 3
46 79 3
133 85 2
9 144 3
167 125 1
157 44 2
161 110 4
182 117 2
172 149 3
34 151 3
192 164 3
144 130 2
52 112 2
142 3 4
163 75 2
166 16 4
58 90 2
168 33 1
135 35 3
186 162 4
73 30 2
155 80 2
23 195 3
82 121 2
86 55 4
36 17 1
117 42 3
117 192 1
102 0 2
148 91 3
18 77 2
108 164 2
90 162 2
11 118 3
115 65 2
172 10 4
102 125 1
11 193 3
96 34 2
3 37 4
28 60 1
138 148 2
22 162 1
26 141 1
172 25 4
181 188 1
1 79 2
68 133 1
30 103 2
169 117 4
82 129 2
188 57 2
150 103 3
25 173 2
139 80 3
17 110 4
174 108 1
180 7 1
103 16 2
25 167 3
124 84 1
27 57 2
12 65 3
148 40 1
98 180 1
8 157 3
33 157 3
9 172 3
18 130 3
118 103 4
84 105 2
134 164 1
164 199 4
176 59 3
84 190 3
58 41 3
158 60 1
14 116 3
184 105 2
129 102 3
14 86 2
48 117 3
182 2 1
109 159 4
56 72 1
5 40 2
26 52 2
124 150 4
56 96 1
185 43 3
96 110 1
107 3 1
84 139 1
36 163 1
141 77 3
73 191 1
93 182 4
99 58 2
32 167 3
34 90 4
157 108 2
82 193 4
5 28 3
151 87 2
164 125 4
60 126 1
197 143 4
2 103 2
107 126 1
22 188 3
60 176 2
174 62 3
177 123 4
18 124 1
96 66 2
175 188 1
71 75 4
184 61 2
111 71 3
31 47 4
190 79 4
79 135 3
23 105 3
36 22 3
37 133 3
193 157 3
14 55 1
103 81 2
187 63 1
83 9 4
136 118 1
90 30 1
32 147 2
186 3 1
199 77 2
82 155 1
122 187 4
164 112 2
8 5 4
146 53 2
123 178 4
133 52 3
160 114 1
56 43 2
164 68 1
8 197 2
182 181 4
92 155 4
102 5 3
52 181 3
27 84 2
15 116 2
170 71 2
8 84 2
57 24 3
197 121 3
43 198 1
195 190 2
137 141 3
136 20 1
114 180 1
34 70 4
62 188 1
39 185 2
101 63 2
61 31 2
175 67 3
89 181 2
13 148 3
12 41 3
143 124 1
110 49 1
28 192 1
134 108 4
24 154 4
128 66 3
59 161 1
163 63 3
139 79 4
66 9 4
4 144 4
180 84 3
58 72 1
71 85 2
57 65 3
164 140 3
32 101 1
56 131 4
77 79 3
180 193 1
22 115 1
34 132 3
192 2 4
187 113 1
29 181 3
4 118 2
2 26 3
138 196 4
198 14 3
31 98 3
138 81 1
49 43 2
75 158 2
77 103 4
180 44 1
198 175 4
68 190 3
190 11 3
118 9 1
185 138 4
7 179 3
86 73 3
114 128 4
82 162 2
20 80 2
1 190 3
137 50 3
36 92 1
64 189 1
86 110 1
156 98 3
82 94 3
57 187 2
182 19 2
195 14 4
172 69 2
14 171 4
9 183 1
70 97 3
180 152 1
132 143 2
105 43 3
172 169 4
76 136 2
174 28 1
174 45 2
104 127 3
38 149 2
156 147 3
20 162 1
1 0 4
98 8 1
9 36 1
122 44 2
181 82 3
22 189 1
69 14 1
151 98 3
23 151 2
122 23 1
33 47 2
117 94 2
144 189 4
137 38 3
5 194 3
139 52 1
121 7 4
4 127 4
35 127 1
103 73 3
40 172 1
3 66 2
83 188 3
15 192 4
79 108 3
190 156 2
16 2 1
163 131 2
193 104 1
143 23 2
178 6 2
147 143 3
104 80 1
115 189 1
160 19 4
58 187 1
166 50 3
195 175 1
135 158 2
53 6 4
112 88 1
32 24 1
99 44 1
176 122 2
109 114 1
51 111 2
59 167 4
92 95 1
79 173 4
198 5 1
46 166 3
34 135 1
107 70 1
68 11 2
24 75 4
99 47 1
101 197 2
120 127 3
0 143 3
44 39 1
132 112 4
148 176 2
181 194 3
82 163 1
115 53 4
180 33 1
61 112 2
193 22 3
125 100 2
36 127 3
139 13 1
78 171 2
4 105 3
156 191 2
16 97 2
88 161 2
22 68 3
61 132 3
87 52 3
7 129 3
8 34 3
149 95 3
138 62 3
2 51 3
27 1 3
73 92 3
107 169 4
119 15 4
48 26 3
193 184 4
16 169 4
53 90 3
74 100 3
174 49 1
194 116 4
25 166 3
161 66 4
66 182 4
178 71 2
192 23 2
116 39 2
32 61 2
41 153 3
10 43 2
47 196 2
70 77 2
14 134 4
61 66 1
183 126 2
195 172 4
59 63 4
168 92 3
66 32 1
116 35 2
11 85 3
116 117 3
161 86 2
121 5 4
58 31 1
194 190 3
166 127 3
27 92 1
154 130 4
31 144 1
5 165 2
19 2 1
114 6 4
127 76 1
116 144 3
4 83 3
163 125 4
151 121 4
129 89 2
178 193 2
171 189 1
1 82 1
10 34 4
177 133 2
65 108 4
102 71 4
60 189 4
57 85 4
159 15 1
55 169 4
48 54 1
132 42 1
16 161 3
60 150 4
127 72 4
118 167 2
131 104 1
118 56 3
23 34 3
55 195 2
90 59 4
24 169 3
189 75 2
90 47 3
101 34 2
196 149 4
105 120 3
158 174 4
3 113 1
157 13 3
130 145 2
30 8 4
173 52 2
3 52 4
2 61 3
131 2 3
117 64 4
133 9 3
55 12 1
107 75 4
36 195 1
92 53 1
104 182 4
103 151 3
83 13 4
19 4 1
9 33 4
64 18 3
13 103 4
191 116 2
198 19 3
73 138 4
196 133 4
80 115 1
40 23 2
93 89 3
148 58 1
22 74 3
35 199 3
173 171 2
160 131 2
46 194 1
81 136 1
85 156 4
181 110 3
162 94 4
90 77 4
166 6 4
7 152 2
66 68 2
195 82 4
88 180 1
70 171 1
155 85 2
124 145 1
115 170 4
68 151 2
28 65 1
187 61 2
86 83 2
53 172 2
12 121 3
119 39 3
112 51 1
44 129 3
47 72 1
88 152 2
27 78 3
108 11 4
50 108 3
32 131 3
166 149 4
170 17 3
146 180 2
150 59 2
163 107 4
100 69 1
181 120 4
166 184 3
142 111 2
28 64 1
90 81 3
64 170 2
81 12 3
92 43 4
175 194 2
144 52 2
162 24 4
40 82 2
35 9 3
31 20 2
42 182 4
34 191 4
184 70 4
160 99 4
114 50 1
199 43 2
83 15 4
8 183 3
27 174 1
32 37 1
153 22 3
31 75 2
105 96 2
155 50 1
192 166 3
180 172 2
62 175 1
120 189 4
169 38 2
6 171 1
71 128 4
175 49 4
75 66 2
118 19 4
104 116 1
168 77 4
60 32 4
72 101 4
111 21 2
115 140 1
192 123 4
102 159 2
92 71 4
184 151 2
35 118 2
68 153 2
121 54 3
97 100 3
195 67 3
159 69 1
28 96 4
117 99 1
29 6 2
187 108 1
97 135 1
168 26 3
195 97 3
120 133 3
67 102 3
196 77 2
108 47 2
116 81 3
102 124 4
172 6 1
159 115 3
83 22 3
185 89 3
9 59 4
51 193 1
24 99 4
100 3 3
110 183 2
8 146 4
4 197 3
74 128 1
19 117 4
79 176 1
40 149 2
74 79 4
43 98 3
105 50 2
44 100 1
6 26 4
69 113 2
43 84 4
173 185 1
89 196 2
63 96 1
23 101 4
22 174 1
145 181 1
89 20 2
87 149 2
138 159 2
0 59 1
165 143 4
151 0 4
134 30 3
56 199 3
133 38 3
103 196 4
184 185 4
135 131 1
21 134 3
103 19 3
193 182 2
146 6 3
191 134 4
58 37 2
186 33 1
69 182 4
64 193 3
190 163 3
139 67 4
94 168 4
191 75 3
181 81 3
23 67 4
60 81 1
33 194 2
131 37 1
49 142 2
135 123 2
70 90 4
32 134 2
92 169 2
182 16 1
116 141 2
72 172 4
183 11 2
8 22 1
67 24 2
176 40 3
188 50 2
163 38 4
164 182 2
117 145 1
191 38 3
105 53 4
168 196 4
121 83 3
62 35 1
131 194 4
62 107 3
182 165 3
16 195 1
154 125 1
163 91 3
134 171 1
74 181 2
142 8 3
83 189 1
75 65 1
63 78 3
31 190 2
62 146 1
20 24 2
139 141 4
112 156 4
155 39 3
163 47 3
131 53 4
63 171 3
50 160 2
144 156 3
170 21 3
126 171 1
10 94 3
85 96 1
180 90 4
122 111 2
107 37 1
42 176 3
74 40 4
34 47 2
48 97 1
157 166 1
113 47 2
144 107 2
188 135 2
119 96 3
124 38 1
26 145 3
187 155 4
194 136 4
27 148 3
161 9 2
12 56 4
55 84 3
7 90 4
0 139 3
58 8 4
177 83 1
54 199 1
121 127 4
88 29 2
0 126 4
66 37 1
59 154 1
8 36 4
152 111 2
126 65 2
131 38 2
46 167 1
30 6 1
181 65 2
43 141 4
172 38 1
47 95 1
91 130 3
84 46 4
95 40 1
115 190 3
118 72 1
197 88 3
24 64 1
22 30 4
106 26 2
131 136 1
106 120 1
78 166 3
117 119 4
125 16 3
21 180 2
89 152 3
99 68 4
40 27 2
131 93 1
131 141 3
18 173 1
75 178 3
168 69 2
1 103 4
84 103 4
12 181 3
78 89 4
119 177 1
37 136 2
14 121 1
165 109 4
149 35 2
111 109 4
148 162 3
142 123 1
61 38 1
6 117 4
66 185 2
173 46 1
55 78 3
160 158 1
132 142 2
133 0 4
117 115 1
8 181 4
124 17 3
83 40 2
64 176 1
184 18 4
134 196 2
49 143 3
190 125 1
166 128 2
189 177 1
124 10 1
33 14 1
84 91 2
130 9 1
154 2 3
175 159 2
103 120 3
11 198 1
27 7 4
35 157 3
8 136 1
143 109 2
25 171 3
187 90 1
111 44 3
177 117 4
62 165 2
62 67 2
130 160 3
15 133 4
123 109 1
167 30 2
35 79 3
91 83 1
170 140 1
64 79 4
139 136 3
185 126 1
5 152 3
54 1 1
173 170 3
39 132 1
152 27 4
149 88 1
151 18 4
88 178 3
128 153 3
40 188 1
116 3 3
126 44 3
125 111 1
32 76 4
160 108 3
128 5 3
4 163 4
125 197 1
98 16 4
25 4 4
179 98 2
165 168 1
59 13 3
40 111 1
44 94 1
68 26 1
141 92 2
73 197 2
3 23 3
8 147 1
100 156 2
162 98 3
39 78 3
143 54 2
70 59 3
81 135 4
79 98 1
178 7 4
121 13 4
85 176 3
75 27 4
61 24 2
133 92 1
148 42 3
138 130 2
61 93 4
159 18 2
147 138 1
142 162 3
184 68 4
49 178 2
39 172 4
150 1 4
92 18 1
40 61 3
77 28 4
78 44 2
61 141 1
7 40 1
143 164 2
1 163 4
75 42 1
67 66 1
145 22 4
78 129 4
124 181 2
87 190 2
61 137 2
138 109 1
133 199 4
64 121 2
147 37 2
145 184 3
97 136 3
32 33 2
36 35 1
25 69 2
89 130 2
102 72 1
113 6 2
192 173 3
159 98 2
115 161 4
29 179 4
96 51 1
176 143 1
49 159 1
63 135 1
143 75 2
37 77 2
158 176 1
86 65 1
56 191 2
114 145 2
89 41 4
45 198 1
104 181 4
174 47 4
32 145 3
139 31 4
98 46 4
131 88 1
147 78 2
73 198 2
166 103 3
118 90 1
24 170 2
196 197 1
82 52 4
5 184 1
183 174 4
156 176 2
52 106 4
27 183 3
45 57 3
0 182 2
60 95 3
42 97 4
126 58 1
179 44 2
88 54 1
159 88 1
129 29 4
113 0 1
192 21 1
137 145 4
32 126 2
98 123 1
52 29 4
162 143 3
119 11 3
2 79 4
139 73 3
15 38 4
85 64 4
38 109 3
142 39 4
59 38 1
146 189 1
38 108 4
182 75 2
171 45 4
158 13 1
181 60 2
53 117 1
141 160 2
126 7 2
187 86 3
146 117 3
172 159 2
51 1 2
121 133 1
6 22 3
90 19 1
80 169 4
119 14 2
77 128 2
163 50 4
44 174 1
196 20 3
64 13 4
113 111 1
46 101 1
47 64 2
14 140 4
145 97 4
87 95 3
104 166 4
63 46 4
124 163 2
132 59 2
181 116 3
106 163 2
31 198 1
67 123 4
91 199 1
191 195 1
5 31 4
95 193 4
56 80 3
11 136 1
6 118 3
146 27 2
149 187 3
157 131 4
59 126 3
162 179 3
130 35 3
105 76 1
45 169 1
193 48 3
173 155 3
36 6 3
39 149 1
33 182 2
81 84 4
150 68 1
68 198 2
9 48 4
113 61 1
99 174 2
74 32 4
176 76 1
73 177 2
162 130 2
79 112 3
70 157 4
156 132 2
84 110 4
107 2 4
59 144 3
80 120 1
191 48 3
5 176 1
53 97 2
73 135 3
130 28 4
159 77 1
172 71 1
37 28 4
196 61 3
193 18 4
4 152 1
162 79 3
192 158 3
174 173 3
89 66 3
39 156 2
33 176 2
32 166 2
29 114 4
74 83 3
32 141 3
88 198 4
104 169 4
30 121 2
81 180 1
112 54 2
83 73 4
51 157 3
100 173 4
110 112 2
185 127 1
148 130 3
61 142 1
188 0 2
48 111 2
146 95 3
121 135 3
160 35 2
196 12 2
154 8 4
156 185 2
130 86 1
3 20 2
74 28 2
114 37 2
184 180 2
188 198 3
78 126 1
23 116 1
155 45 2
168 88 4
44 183 2
14 21 2
86 7 2
110 125 2
57 91 3
3 1 2
166 18 3
35 146 2
56 188 3
103 113 2
135 181 4
123 43 1
44 61 3
78 122 3
20 84 3
52 1 2
78 16 1
16 28 4
117 28 4
193 3 3
143 157 3
78 42 3
107 124 3
24 26 4
196 192 4
33 77 3
150 168 1
120 112 2
18 84 4
36 50 1
80 42 4
11 172 1
178 21 1
111 193 3
149 164 2
29 173 2
84 14 1
36 106 2
111 118 4
33 68 4
88 181 2
76 27 4
15 92 2
162 121 1
153 24 1
5 140 2
115 28 1
141 198 3
142 164 1
92 72 1
64 155 1
152 130 4
167 6 4
145 15 2
31 148 2
189 151 4
155 1 2
115 96 2
199 29 2
132 51 3
165 41 4
182 77 2
75 175 4
127 93 4
157 132 4
116 91 1
1 37 1
117 91 2
20 77 1
127 195 1
167 100 1
182 190 3
7 92 1
198 44 4
159 162 3
6 55 3
187 67 3
179 58 4
64 63 4
100 8 4
85 157 1
196 115 3
83 62 3
163 57 1
115 46 3
130 30 2
186 166 4
65 45 3
26 198 2
96 5 2
65 151 3
145 61 1
151 104 3
9 154 3
141 12 2
103 189 3
120 128 2
5 143 4
71 150 4
57 133 3
59 62 3
23 185 3
137 106 1
182 134 1
174 114 4
64 131 1
45 168 1
133 141 4
95 123 4
192 113 2
199 173 4
177 25 3
9 122 1
11 195 4
43 151 1
175 116 1
106 156 3
39 123 1
6 125 2
140 169 2
115 173 3
167 91 2
115 138 3
142 190 4
189 17 4
86 25 4
144 48 1
50 31 2
185 19 2
73 184 2
61 144 3
19 184 1
179 160 1
57 143 1
150 142 3
194 97 1
165 97 1
74 154 2
127 117 2
106 101 2
64 12 1
111 73 1
56 129 3
40 75 1
97 133 3
188 94 1
53 186 1
114 164 1
7 125 3
113 62 4
20 0 1
182 38 4
163 165 4
187 77 3
190 176 4
3 118 1
83 14 4
166 188 4
140 145 3
78 131 4
102 41 1
137 115 2
164 48 3
24 116 3
9 47 1
44 82 4
113 146 2
105 25 2
98 23 1
99 123 2
23 24 2
35 23 4
129 164 3
110 8 1
197 109 3
175 14 4
168 128 3
144 197 3
153 183 1
24 105 3
194 13 3
6 169 1
85 134 1
26 151 2
170 92 4
25 78 4
128 126 4
22 81 1
36 75 4
99 124 1
84 179 4
138 102 4
158 136 2
160 159 3
185 76 4
74 172 2
24 80 3
189 38 1
74 97 3
70 68 1
109 162 3
95 18 4
145 187 3
192 194 3
11 192 4
8 173 2
17 23 3
192 161 4
70 166 4
0 2 3
144 166 3
192 57 1
169 106 4
93 9 2
133 8 1
177 38 2
47 172 3
38 166 1
71 177 1
93 31 4
38 82 4
167 78 2
186 196 1
128 69 3
147 169 4
48 127 4
117 162 3
60 24 4
85 127 4
69 58 4
133 91 4
12 183 2
76 81 1
9 27 1
85 189 3
74 109 1
173 194 3
156 26 1
121 77 2
58 68 1
162 8 1
113 45 3
67 157 1
105 190 3
82 164 4
195 185 4
58 184 4
141 19 1
148 167 4
28 48 4
47 91 1
173 108 2
60 185 3
139 181 1
91 20 2
86 169 1
161 60 4
16 156 3
165 91 3
66 111 3
27 58 2
126 4 1
70 147 2
49 181 3
35 0 4
73 8 1
14 172 3
159 62 1
34 149 1
93 75 4
121 145 3
52 66 4
134 144 4
62 60 4
110 75 4
65 143 1
0 17 1
12 130 3
123 114 1
153 66 3
143 7 3
62 135 2
182 197 4
150 174 4
21 175 4
107 119 4
34 187 2
80 149 3
140 90 1
50 165 3
70 181 4
80 150 2
41 85 3
196 137 4
152 72 4
170 18 4
128 157 2
81 8 3
75 187 2
140 44 4
27 93 4
98 117 4
166 154 3
19 92 1
26 87 4
6 141 3
118 18 4
23 153 2
93 66 3
117 41 4
168 148 3
33 55 3
127 107 3
141 117 4
23 12 4
119 189 1
7 153 3
182 135 1
0 39 3
83 34 3
66 24 3
73 148 4
71 193 3
84 78 4
106 155 3
58 128 2
64 80 4
34 56 2
184 108 4
193 197 4
62 190 2
86 159 3
68 34 3
148 41 1
88 78 3
42 188 2
120 121 3
93 192 3
152 15 1
50 123 3
174 6 3
42 23 2
191 96 3
136 159 3
198 163 2
139 155 3
133 84 3
70 165 3
95 82 2
84 181 1
96 23 4
19 159 2
171 192 3
106 168 1
178 12 2
12 175 3
108 142 3
55 30 1
69 130 2
59 138 1
197 81 4
98 47 1
161 127 1
179 10 1
165 8 2
47 181 4
122 134 2
15 62 2
35 20 3
28 22 4
27 193 3
66 10 1
67 173 3
120 47 2
138 149 3
188 140 2
154 99 4
67 56 4
76 60 4
138 104 3
90 67 2
94 142 1
90 21 3
91 172 3
192 146 3
167 109 3
92 129 4
5 195 2
111 132 1
187 156 3
1 31 4
15 74 4
192 127 3
85 24 1
25 64 1
61 60 1
61 5 1
1 130 2
116 82 2
122 191 3
17 156 3
64 192 1
83 45 1
61 70 1
161 28 2
102 29 3
52 23 1
37 157 2
44 10 4
59 21 1
2 52 1
8 88 4
93 178 1
154 56 1
163 52 3
91 106 3
153 185 3
3 78 4
148 178 3
165 56 1
70 5 1
89 153 3
84 157 3
135 117 1
182 58 1
45 4 1
65 142 3
126 193 1
171 40 3
157 57 2
192 9 1
184 192 3
69 173 4
127 83 3
186 135 4
17 115 2
51 5 3
63 39 1
172 115 2
173 22 4
9 158 1
23 169 4
29 183 4
71 120 4
132 184 4
28 104 4
76 147 4
37 49 1
139 197 4
197 39 4
184 93 2
146 52 1
30 85 2
116 10 4
128 105 4
137 42 4
199 187 2
190 192 2
86 144 1
147 29 4
70 148 1
11 16 1
134 8 3
158 120 1
38 128 1
162 180 2
9 56 2
0 77 1
4 174 4
13 58 1
0 58 1
56 173 2
114 108 3
60 91 1
36 151 1
122 100 4
2 69 2
34 94 4
153 1 2
98 105 3
193 149 4
158 102 4
34 98 1
164 1 1
161 146 1
53 195 1
113 83 3
122 46 3
14 92 3
153 134 2
5 22 1
66 105 2
23 75 4
45 43 4
143 89 4
159 58 1
157 134 2
85 118 2
167 126 3
83 92 2
32 185 1
17 65 1
157 152 1
13 106 1
8 150 1
166 139 4
140 126 4
30 123 3
162 185 3
78 75 3
158 153 4
167 163 1
6 115 1
16 106 1
159 194 4
54 177 4
125 46 1
137 170 3
67 116 2
192 101 3
45 176 4
93 29 3
24 199 2
62 16 3
111 13 1
155 188 3
62 56 1
92 199 1
30 65 4
32 186 1
31 197 3
38 93 3
165 81 4
132 167 1
101 2 1
103 133 3
184 25 4
195 162 3
94 174 3
181 78 1
114 175 3
93 160 1
79 51 2
95 154 1
39 136 2
162 193 2
161 77 4
173 151 1
149 67 1
179 97 1
195 198 2
4 81 3
13 1 3
183 90 2
186 70 3
62 166 2
139 132 4
146 74 4
10 152 4
185 124 2
5 10 4
92 54 4
168 119 1
33 128 3
82 125 2
168 63 2
97 22 2
64 57 4
70 102 1
107 128 3
180 64 1
6 14 3
73 29 1
9 162 3
199 165 4
65 37 3
3 105 3
55 79 4
119 5 3
30 34 2
56 78 2
69 149 1
143 14 1
114 166 1
9 175 4
76 73 4
34 53 4
128 108 1
86 20 1
55 128 1
122 41 4
72 169 1
160 170 3
196 191 2
65 48 1
148 97 3
195 76 1
124 94 4
116 33 4
179 72 2
63 107 3
112 1 4
8 188 4
36 42 1
184 4 2
26 153 2
107 164 3
95 136 2
42 149 4
105 91 3
104 96 2
115 29 3
125 105 4
66 155 2
116 52 4
65 71 4
155 199 2
134 29 3
3 129 1
149 115 1
67 70 1
49 109 4
123 118 1
190 184 1
79 93 4
71 81 3
87 67 2
10 122 1
87 43 4
188 156 2
71 26 4
116 18 2
161 178 1
8 59 2
91 3 2
198 53 4
152 156 3
52 166 3
79 107 3
196 98 1
86 28 4
71 55 1
49 13 1
57 50 1
149 12 2
86 163 4
125 23 1
57 13 3
10 125 2
133 104 2
194 113 2
45 191 2
128 52 3
14 148 3
119 199 2
12 58 2
59 94 3
133 109 2
8 79 1
76 100 2
54 87 4
18 108 1
46 48 3
63 35 2
124 90 4
181 28 4
94 28 2
102 199 1
2 39 3
172 114 3
120 5 1
13 98 3
33 127 3
51 160 3
11 141 4
73 54 4
39 92 1
60 112 1
108 161 1
31 78 1
135 112 2
15 57 4
65 147 1
169 20 3
169 73 2
129 158 4
98 91 3
176 90 2
151 196 3
45 52 2
4 18 2
105 30 2
62 185 3
132 0 2
30 166 2
9 80 4
126 184 4
116 76 2
28 183 1
142 53 3
159 185 3
31 168 3
183 178 2
30 176 2
11 23 4
132 198 3
137 158 2
60 191 3
21 91 1
144 180 4
176 115 4
6 119 1
130 170 4
164 168 1
175 78 1
58 84 2
68 51 4
192 50 2
1 143 1
66 169 2
58 20 3
127 56 2
149 102 1
143 169 4
110 9 4
27 34 3
161 119 1
105 46 1
52 194 3
90 173 2
141 157 3
44 62 2
105 168 1
57 194 2
187 48 4
163 23 1
20 124 4
44 181 2
131 68 2
126 153 1
46 57 2
74 59 4
155 168 3
195 93 4
43 187 1
110 173 1
27 33 2
65 49 3
52 73 4
171 127 1
137 160 1
14 20 4
8 87 3
37 29 1
128 83 3
152 182 2
151 131 4
198 8 1
13 112 3
49 171 1
103 132 2
139 106 1
79 70 3
157 55 4
106 175 2
0 155 4
183 184 4
13 74 2
79 92 1
42 37 1
65 32 2
152 19 3
68 134 2
169 12 4
131 87 1
40 195 2
129 146 1
87 57 3
69 11 2
180 148 1
86 33 3
122 127 1
119 13 2
141 67 3
95 181 1
196 185 4
5 81 4
25 31 4
79 168 2
4 56 2
89 43 3
27 99 3
122 141 4
132 163 1
168 17 1
100 62 4
40 84 1
13 120 3
34 179 4
79 119 2
71 72 3
103 38 1
126 173 2
92 115 3
48 125 4
149 125 4
16 114 4
86 9 3
146 164 3
9 100 1
132 2 2
94 50 4
82 49 2
47 194 4
70 123 4
127 37 1
123 132 4
114 60 1
124 48 3
198 174 2
185 158 2
93 196 1
158 99 3
14 199 2
124 81 1
41 113 1
42 192 4
15 76 3
69 112 2
31 193 3
3 181 2
166 153 3
37 188 4
152 67 3
168 80 3
30 15 3
124 148 4
95 22 2
52 125 3
133 96 1
55 77 2
56 76 4
170 168 3
106 15 2
43 70 2
30 194 2
166 41 4
138 37 2
183 180 1
177 64 3
53 180 1
90 46 3
172 191 3
154 10 2
53 177 3
165 127 1
39 193 3
140 73 2
26 12 1
133 67 1
122 17 4
77 132 3
98 137 3
150 43 2
93 105 3
129 137 3
73 175 2
117 80 4
164 84 2
197 52 3
83 87 2
50 171 4
60 116 1
147 56 2
68 194 3
49 167 1
118 49 1
61 87 3
98 14 1
145 55 1
55 19 1
199 136 4
32 189 2
199 183 4
51 64 1
5 0 3
148 95 4
122 36 1
155 166 1
172 153 1
142 75 4
51 54 3
101 153 2
93 77 3
144 167 2
113 118 4
142 181 2
40 116 3
35 190 3
109 198 3
38 44 3
148 152 2
73 68 3
164 197 4
145 56 2
97 166 2
107 186 4
154 53 1
47 83 2
185 193 3
94 129 2
152 198 2
117 47 2
122 130 4
111 88 3
77 56 3
83 152 2
174 113 1
157 162 1
180 120 4
119 37 2
106 10 3
52 15 2
183 51 3
148 131 2
62 178 3
58 25 3
171 33 3
70 93 4
15 75 1
61 96 1
176 114 4
61 98 3
179 173 3
154 27 3
166 1 3
26 15 4
107 46 2
123 131 4
67 15 4
176 171 3
9 112 1
98 50 3
68 114 3
91 194 4
133 129 2
193 177 3
54 171 4
197 199 2
102 6 1
153 175 3
165 21 2
148 169 2
106 0 4
112 50 1
114 92 3
175 91 3
28 25 1
118 84 2
56 84 1
38 13 4
59 26 2
198 158 1
177 32 1
154 46 1
128 37 3
167 67 2
156 167 4
21 158 3
156 27 2
43 3 1
76 62 4
71 140 1
104 154 3
36 117 2
174 124 2
88 166 2
186 110 2
145 115 1
191 137 1
136 35 3
1 94 1
118 66 2
163 42 1
76 40 1
159 73 4
124 170 1
102 74 4
145 42 2
57 47 4
93 4 2
141 28 4
111 14 3
158 107 4
29 105 3
99 169 4
9 4 3
140 174 2
187 188 4
160 133 3
113 33 2
196 50 2
120 26 3
155 133 2
162 47 3
120 88 4
72 104 2
101 99 4
27 133 4
44 159 3
71 169 4
47 170 2
141 24 2
130 45 4
146 120 4
171 48 4
79 10 2
113 20 1
10 49 1
138 156 1
98 57 3
121 44 4
156 47 1
116 29 2
2 95 2
28 13 4
106 73 1
51 126 2
101 134 2
32 48 2
62 124 3
121 101 4
196 19 4
114 194 4
120 58 1
144 17 2
8 35 2
107 83 3
181 141 1
51 0 2
187 44 1
72 131 1
71 51 2
124 137 3
105 18 1
24 73 3
147 4 3
166 102 2
47 185 1
172 41 3
186 161 4
84 79 3
28 9 4
149 199 4
100 26 2
157 77 4
144 53 4
14 169 3
160 61 2
198 75 1
172 78 3
184 10 3
125 63 4
20 53 1
52 115 3
33 64 3
115 124 1
43 149 2
49 7 4
37 4 4
189 118 3
15 130 3
176 81 1
14 36 1
1 7 2
196 141 2
151 88 2
163 39 1
21 79 4
138 166 1
92 134 3
14 26 4
167 123 2
181 137 1
149 174 2
110 192 4
66 98 1
5 111 3
114 141 2
160 173 2
77 16 2
108 85 2
50 109 4
69 158 2
61 102 1
142 141 1
146 102 1
104 160 1
137 62 2
99 40 2
59 184 1
128 7 4
11 81 4
82 0 4
179 61 2
18 153 4
29 23 2
115 34 3
165 177 2
144 76 4
62 94 3
182 198 4
192 51 2
118 186 3
93 135 2
43 94 4
177 95 3
56 87 4
37 158 1
51 45 4
120 162 3
197 180 2
90 36 4
99 143 2
91 114 3
28 27 4
140 38 1
116 123 4
123 37 2
162 87 3
90 108 4
103 154 2
120 108 2
38 197 2
181 6 4
4 52 1
157 198 4
92 42 1
9 113 3
61 95 1
24 135 3
35 74 2
69 26 4
98 82 2
86 111 4
107 129 1
41 179 2
31 13 1
83 6 1
166 58 4
160 128 4
187 76 2
111 22 1
105 156 4
195 28 4
104 129 1
34 159 4
58 161 4
132 193 4
48 136 2
191 182 2
104 164 3
171 68 4
16 14 1
118 101 1
176 46 4
19 52 2
101 37 2
193 189 2
116 167 4
166 125 2
109 94 4
11 143 3
179 125 2
168 25 3
121 142 3
105 126 3
106 53 4
26 139 2
65 116 1
175 5 1
142 63 3
143 60 1
144 45 2
51 168 2
14 146 4
59 168 4
159 85 2
131 184 4
150 30 3
33 181 1
116 139 1
173 83 4
49 155 1
72 197 2
170 13 2
128 87 2
83 145 4
153 141 4
191 110 2
74 178 4
65 168 3
187 128 4
1 102 4
123 121 2
196 178 3
60 155 3
18 16 3
171 36 2
37 5 4
53 19 2
152 134 3
83 65 2
193 137 4
181 118 4
161 194 3
141 7 3
71 188 4
194 155 1
41 15 4
148 123 4
195 48 3
136 29 1
158 114 4
90 199 4
27 87 2
184 163 4
123 52 1
101 155 2
58 145 2
164 115 4
113 191 3
57 61 1
183 107 1
115 143 3
11 100 4
178 149 3
62 105 4
51 36 2
191 47 1
62 158 3
171 181 4
99 152 3
93 46 1
161 95 4
139 78 4
153 120 3
103 155 3
21 145 1
78 34 2
44 117 3
22 60 3
87 22 1
121 175 1
95 67 2
39 74 3
73 22 3
7 20 1
114 15 3
93 107 4
123 119 2
194 193 2
133 60 3
73 123 3
165 89 2
17 176 1
2 169 2
79 157 3
58 167 2
184 124 4
98 166 4
181 99 4
118 44 3
178 189 1
38 92 3
54 56 2
73 152 3
82 194 4
189 170 2
21 81 1
148 75 3
84 135 4
160 150 2
83 69 3
197 59 2
163 103 2
171 9 1
77 108 3
19 148 2
87 126 1
43 93 3
0 111 3
103 56 2
31 74 2
167 29 1
62 28 2
63 178 4
167 63 3
73 160 2
163 33 3
58 133 4
32 52 1
177 61 3
18 196 4
41 152 4
167 143 3
156 186 2
21 128 3
7 150 1
33 93 1
126 175 1
192 105 3
190 117 3
119 142 3
121 166 1
44 152 1
20 164 4
92 154 1
36 34 2
62 92 4
53 135 1
8 74 2
110 42 2
157 6 2
96 169 2
30 49 4
27 29 4
163 156 3
169 118 2
17 75 1
121 3 4
73 70 1
140 81 1
189 100 1
174 10 2
96 132 1
26 80 3
6 109 2
30 173 2
112 169 4
132 187 2
113 80 1
108 74 3
169 39 2
163 153 2
139 180 4
86 122 2
72 59 1
93 97 3
66 147 2
142 180 1
159 178 3
123 63 4
32 35 3
194 59 3
82 74 4
80 78 2
100 181 1
86 48 3
82 20 2
54 96 4
25 81 3
108 198 2
162 184 1
84 52 2
107 98 2
59 152 3
165 171 1
110 165 4
197 48 4
119 47 4
191 168 2
18 40 2
113 56 2
159 143 3
132 120 1
88 17 3
49 86 3
12 93 4
56 65 4
38 132 2
71 153 3
79 48 2
33 88 4
94 187 1
195 65 2
60 101 4
11 175 4
54 57 2
107 116 3
164 170 4
182 37 1
32 72 1
12 96 4
12 107 2
82 187 3
102 51 2
194 27 1
94 65 4
144 198 1
93 199 3
39 148 1
23 45 1
118 195 2
20 45 3
49 4 3
95 125 1
114 76 2
57 170 4
57 31 2
171 128 4
40 30 4
25 46 2
96 14 1
155 177 1
162 165 4
3 117 1
85 153 1
125 58 2
92 137 4
154 5 1
120 1 2
21 110 2
197 188 3
108 45 1
17 95 3
3 45 2
192 100 4
158 111 4
142 20 2
159 75 3
114 196 3
10 185 3
3 174 4
153 97 4
72 62 3
62 115 3
196 6 1
2 148 4
176 166 4
4 94 1
159 21 4
110 27 4
189 172 3
10 30 3
115 148 3
128 81 1
73 144 4
109 83 3
160 155 1
125 78 2
48 85 4
60 152 3
27 163 1
14 71 1
129 166 4
42 142 3
197 85 2
171 155 1
192 175 1
22 163 1
173 149 1
174 83 3
36 82 4
63 172 4
40 173 1
193 99 3
112 35 1
115 107 1
107 30 4
14 93 1
85 15 4
195 81 4
145 133 3
15 169 1
68 141 2
89 106 2
151 140 4
132 91 2
171 197 2
175 94 1
150 51 1
36 32 4
44 106 3
99 74 2
47 13 3
30 127 1
167 57 1
45 136 4
65 25 3
11 24 3
129 46 2
152 141 2
5 156 1
65 123 4
49 15 3
83 84 3
161 106 3
7 104 2
101 73 1
89 95 1
167 18 3
93 150 1
59 66 3
85 175 2
138 89 2
127 3 4
91 74 4
43 96 4
65 67 3
139 5 3
100 146 1
74 127 2
82 86 4
135 11 3
68 71 3
63 195 3
32 7 3
21 162 2
164 49 1
93 5 4
5 46 4
155 161 3
24 5 1
197 185 3
180 168 2
12 54 4
17 69 1
38 0 3
51 58 3
83 162 1
191 173 2
126 132 4
89 86 3
67 60 2
39 8 2
30 69 1
24 130 4
14 77 2
90 135 3
166 74 2
150 128 3
62 84 2
137 173 2
71 73 4
86 166 3
43 7 4
76 80 3
33 149 2
34 84 4
80 196 3
49 85 2
8 86 3
187 118 3
173 71 1
170 184 3
5 147 2
124 130 4
88 38 2
115 43 2
194 89 1
86 148 1
143 186 2
166 134 1
125 26 4
138 1 3
8 128 1
117 184 4
94 115 1
111 157 1
157 174 2
174 38 3
199 157 1
67 38 4
162 188 4
151 102 2
40 24 3
171 39 2
165 57 4
84 165 4
29 152 2
102 108 3
76 19 1
169 4 1
24 122 3
71 1 1
101 188 2
153 75 4
25 44 1
120 63 4
63 48 3
180 141 1
55 35 3
88 195 2
36 146 4
172 186 4
82 169 4
20 70 1
105 57 2
1 104 1
174 88 4
175 171 3
81 53 2
12 158 3
10 150 4
142 188 2
102 105 1
147 47 1
116 176 1
199 169 3
85 73 3
71 36 2
111 131 2
122 114 4
2 75 2
91 94 1
47 0 4
26 174 3
114 161 3
117 136 3
79 83 1
155 190 3
24 107 3
77 78 3
11 137 3
5 82 3
61 143 1
147 180 3
165 73 1
143 131 3
56 111 2
161 70 3
59 163 1
122 156 3
144 63 1
124 74 4
47 178 3
12 118 4
110 72 4
26 177 2
159 23 2
15 199 1
118 21 3
184 53 1
6 147 1
173 9 2
170 39 3
30 18 3
189 132 4
8 18 1
101 148 2
191 76 4
93 132 3
80 153 1
72 49 2
25 56 2
180 131 3
118 61 1
131 40 4
76 28 2
21 127 4
59 53 3
184 114 4
142 26 1
85 91 1
176 155 1
9 82 4
131 197 4
28 89 1
183 166 2
23 147 3
177 86 1
56 93 1
148 63 3
167 26 1
93 112 2
18 60 1
62 139 2
104 91 4
114 119 2
148 36 4
66 12 2
85 4 4
5 100 4
39 27 4
149 148 1
151 124 2
42 62 3
24 194 4
146 48 4
187 4 4
110 130 2
27 98 2
38 22 4
89 140 3
162 78 4
180 49 4
21 114 4
7 38 3
187 189 4
185 123 1
63 40 1
192 160 4
82 133 1
115 183 1
120 135 1
9 13 1
116 198 4
41 59 2
50 189 2
157 169 4
196 62 2
60 50 1
193 123 2
150 3 1
2 138 4
183 145 1
18 110 4
133 151 3
179 118 2
160 135 1
171 191 2
82 80 4
100 114 1
64 60 2
194 170 2
57 141 3
78 72 4
27 124 1
82 165 3
39 165 4
175 77 3
13 154 1
173 129 3
139 41 3
176 103 4
28 7 2
117 52 2
162 123 3
122 160 2
110 11 2
140 143 2
153 82 1
69 66 3
33 72 2
87 74 3
196 139 1
58 153 4
6 74 1
122 197 2
108 106 1
45 158 4
84 80 1
33 26 2
26 114 4
131 125 3
26 92 2
32 124 3
54 76 1
117 187 2
56 22 1
177 157 4
3 81 1
46 178 1
24 121 4
146 160 1
53 178 3
61 58 1
179 60 4
35 15 2
5 142 4
163 58 4
190 109 4
64 50 4
108 171 2
169 105 2
138 153 1
4 107 2
169 181 4
97 21 3
77 139 2
91 66 4
122 99 3
52 140 1
18 36 4
16 33 2
135 114 2
158 39 3
138 103 1
180 189 2
197 53 2
10 62 4
121 75 3
169 44 4
89 75 3
175 68 4
143 101 2
125 181 2
177 78 3
48 168 4
12 159 1
96 88 3
192 98 4
133 65 4
72 7 2
175 10 3
114 56 4
99 144 1
51 34 4
131 51 3
133 24 1
194 185 1
8 177 4
62 151 1
154 86 1
10 163 3
39 90 4
134 42 2
18 188 4
117 149 1
113 189 1
155 78 1
19 43 3
34 20 1
156 193 3
16 163 4
2 158 4
109 68 3
67 155 1
45 46 1
116 94 3
172 102 1
1 25 4
174 24 3
95 174 3
92 158 1
197 89 2
57 69 4
133 161 2
198 149 2
82 132 2
126 1 1
6 21 3
56 99 2
172 124 4
123 46 4
152 53 2
119 172 3
69 75 4
126 114 1
191 46 3
41 54 3
124 42 2
170 110 4
22 51 2
90 64 1
159 70 3
185 21 4
154 183 2
154 34 4
99 170 1
198 57 1
131 69 4
167 122 3
56 162 2
68 90 4
53 28 4
71 105 3
64 106 1
144 43 3
50 92 2
195 137 2
164 132 4
190 86 4
152 166 2
172 157 1
0 129 2
88 158 1
76 99 4
32 44 2
41 133 4
121 114 1
73 187 4
98 172 1
163 179 3
150 44 4
31 52 1
76 57 3
133 49 1
65 114 1
138 168 1
95 162 1
52 47 2
27 90 3
72 67 2
82 173 3
46 9 4
9 49 4
64 138 4
137 35 1
198 13 4
116 159 2
49 187 4
180 108 1
115 146 1
113 124 1
123 113 3
9 60 3
18 32 3
166 133 3
141 143 4
157 7 4
104 162 3
40 15 4
158 113 1
152 173 2
2 68 3
75 188 1
131 3 1
195 26 1
30 24 2
59 68 1
65 15 3
99 157 1
117 107 3
90 156 1
117 199 2
185 67 4
45 76 3
49 2 4
53 134 1
65 172 4
56 37 1
162 156 3
79 164 1
37 81 4
102 44 3
84 129 1
111 11 1
22 26 2
113 152 2
141 168 3
156 58 4
2 65 2
115 103 1
116 134 1
138 3 2
179 70 1
190 175 3
28 187 4
178 41 2
88 89 3
121 2 2
195 92 2
5 151 4
120 118 2
25 59 3
157 83 3
22 9 2
88 196 3
148 144 3
29 162 2
82 175 2
59 14 4
177 56 2
127 105 3
193 97 4
195 130 2
13 68 3
74 116 4
67 21 2
183 84 2
57 179 2
4 130 3
58 181 1
186 159 1
144 182 1
52 98 4
49 1 4
157 96 4
59 143 3
24 39 4
132 107 2
198 193 2
73 6 3
196 29 3
134 12 3
12 80 1
25 179 3
189 45 2
122 125 1
49 195 1
68 197 3
108 178 4
128 46 1
125 152 1
135 148 2
188 3 1
44 97 2
165 112 1
32 86 2
181 108 2
30 17 4
129 186 3
54 119 4
107 120 1
11 105 2
105 165 2
98 161 4
35 117 4
130 62 1
12 19 3
84 39 3
101 191 1
1 156 2
57 121 4
66 156 3
149 23 1
0 62 2
8 62 2
33 45 3
131 83 2
188 108 2
23 112 3
79 179 4
99 110 2
22 108 1
18 72 2
95 131 4
42 102 2
178 19 2
90 3 3
34 32 1
140 147 2
80 121 2
126 149 1
162 199 4
41 75 1
59 174 3
162 72 2
116 110 1
50 35 1
106 140 1
71 162 4
31 135 2
170 7 1
177 107 3
186 147 4
172 127 2
73 16 3
35 150 1
97 77 4
123 47 2
84 161 1
178 29 3
81 134 4
83 193 2
61 116 4
79 151 4
37 70 2
197 129 3
11 97 3
146 132 1
62 167 4
74 5 2
142 194 1
108 179 3
199 81 4
51 105 2
150 104 2
21 31 4
168 5 3
72 159 4
30 156 1
24 163 1
130 67 2
169 156 1
1 146 2
118 121 2
115 83 2
70 86 1
166 59 3
108 57 4
156 121 4
148 161 2
118 60 2
85 93 2
66 38 2
128 20 4
29 123 3
25 38 2
124 195 3
195 167 1
155 94 2
60 165 2
4 100 1
183 186 4
125 140 2
8 127 1
167 28 2
70 139 2
65 120 3
125 114 4
184 102 1
10 20 1
51 87 4
50 173 1
75 184 3
27 56 1
116 156 4
122 105 4
51 196 2
25 194 4
41 144 3
50 17 3
52 25 3
170 30 3
128 142 3
14 180 4
120 86 4
83 102 1
23 90 2
109 0 2
180 95 1
64 148 2
23 100 3
43 197 3
5 53 3
67 136 3
90 107 4
114 86 4
197 152 2
52 183 2
80 116 4
77 8 3
114 66 1
138 151 4
182 34 2
149 156 4
42 22 2
67 12 1
105 180 1
177 144 1
184 9 1
191 35 3
92 17 1
63 161 1
41 26 4
47 158 1
144 151 4
198 190 2
199 98 3
12 10 1
30 38 2
170 63 2
57 178 2
191 64 1
116 121 4
7 3 2
183 16 3
54 113 4
152 147 3
170 127 2
149 129 4
38 32 1
103 124 4
170 12 3
51 94 2
2 20 2
141 127 1
58 96 4
140 176 2
112 125 3
163 126 1
64 187 2
158 172 3
125 36 1
185 187 4
84 113 1
142 97 3
19 144 4
189 141 2
61 3 4
171 123 3
125 41 4
42 167 2
40 156 3
27 177 1
35 163 4
49 166 4
134 187 4
188 35 3
25 136 3
56 57 3
129 116 2
3 38 2
107 118 3
75 177 1
147 16 1
146 142 1
84 144 2
98 187 3
106 165 2
9 177 3
123 13 2
171 115 3
36 189 3
124 153 1
35 5 4
80 72 4
94 136 3
66 58 4
111 12 4
178 130 3
152 135 2
123 76 4
198 6 1
126 158 1
29 81 1
47 8 3
6 88 3
193 120 3
118 62 2
67 17 1
74 185 1
154 91 2
37 192 2
16 43 4
110 78 3
109 95 4
6 58 1
103 27 3
30 153 3
63 84 1
14 123 1
2 179 3
176 88 4
126 68 3
89 132 1
181 177 4
108 20 4
74 162 1
33 11 1
44 12 3
128 169 1
11 77 3
15 101 1
3 182 2
27 14 3
119 109 1
130 10 4
117 150 4
173 150 1
139 144 3
195 85 4
180 23 3
134 177 2
3 135 3
145 49 1
46 18 3
169 7 4
112 126 4
111 87 2
159 132 3
66 0 4
101 107 4
151 109 4
121 148 2
40 170 1
135 96 2
182 70 1
111 188 3
187 21 2
12 195 4
45 36 4
169 68 1
148 18 2
194 55 1
157 71 2
179 177 4
35 7 3
46 86 2
118 198 1
64 5 1
117 160 3
17 93 2
148 165 3
133 131 2
40 3 4
52 174 1
134 39 4
91 43 3
140 9 2
165 194 2
7 114 2
150 6 4
0 21 1
39 192 3
31 18 1
48 151 2
18 112 4
161 87 3
197 114 2
13 163 1
118 74 3
61 123 3
194 184 3
1 121 4
178 139 2
74 72 4
24 164 3
2 102 2
130 48 4
9 106 1
56 152 4
135 157 3
116 31 4
97 141 1
161 141 1
32 142 4
39 23 3
58 56 4
3 171 2
26 127 1
9 197 2
124 117 1
165 26 4
13 63 3
128 177 2
12 70 4
147 153 4
183 120 1
197 26 4
198 199 2
123 137 3
23 157 3
47 14 1
45 152 2
85 0 3
25 137 4
9 98 2
79 52 2
114 155 4
144 133 3
13 177 3
12 157 2
190 4 3
56 29 1
165 144 3
67 91 2
143 20 2
75 76 2
71 190 1
7 70 3
8 7 2
101 95 1
71 151 2
160 39 3
157 54 2
71 114 4
170 148 1
84 177 3
151 120 3
121 58 4
183 189 3
116 145 3
81 88 4
86 38 2
189 102 3
102 66 1
57 42 3
180 40 4
177 14 4
131 106 3
122 81 3
76 65 3
24 31 4
86 199 4
154 171 4
98 11 3
130 20 1
148 3 3
156 142 4
145 73 2
88 135 3
185 144 1
121 87 2
56 61 2
135 71 1
61 71 1
73 34 4
142 163 1
0 34 4
127 49 4
9 40 3
80 145 2
193 90 4
17 7 4
22 90 4
65 136 4
198 179 3
12 48 2
79 6 4
54 156 3
69 19 3
66 39 2
13 2 3
100 119 3
192 81 3
25 143 3
140 61 2
124 128 1
2 178 1
146 21 3
182 98 2
174 138 3
193 35 4
112 188 1
24 119 3
151 78 3
175 57 4
43 138 4
82 4 2
22 170 1
11 52 1
136 4 3
50 170 1
10 61 3
62 20 4
5 84 3
96 142 4
44 186 1
119 63 3
19 17 2
39 12 4
182 113 4
158 25 1
55 28 1
153 62 2
22 159 3
103 86 1
97 59 4
72 66 4
90 179 2
105 22 2
128 197 3
154 73 4
45 151 3
162 11 2
111 4 3
103 153 3
184 154 4
89 68 2
74 135 2
7 30 3
38 79 1
167 170 4
21 66 1
119 26 4
141 69 4
114 156 4
118 140 2
196 182 1
39 180 1
168 102 1
157 101 1
3 21 4
188 161 2
40 59 4
127 178 2
178 67 4
127 99 3
145 190 1
178 28 2
77 148 4
44 176 1
12 76 3
108 42 1
115 63 3
157 197 1
101 4 2
110 151 4
177 6 4
193 109 2
84 171 4
40 181 2
13 94 3
128 67 4
79 185 3
91 131 1
2 159 3
166 115 2
172 152 1
139 117 4
13 10 3
133 99 1
145 88 2
6 5 1
69 65 2
30 19 3
44 158 1
38 145 1
178 56 4
7 154 3
179 1 3
102 181 4
100 165 3
38 115 3
85 81 1
180 145 1
61 50 1
60 83 2
117 155 3
139 160 1
60 198 4
183 143 3
159 92 3
69 89 2
66 16 4
167 51 3
189 192 1
153 98 2
9 38 2
79 152 3
168 53 1
137 190 2
175 0 1
103 78 3
87 114 1
74 114 4
40 191 4
136 140 1
125 174 3
71 34 1
119 17 4
89 23 2
19 60 3
46 47 1
62 73 3
148 15 1
139 11 3
140 33 1
110 2 4
67 98 4
70 104 3
185 20 4
2 59 4
11 197 3
183 71 4
190 52 2
34 41 1
92 37 3
47 18 4
5 48 2
44 48 3
53 12 1
6 160 3
133 150 1
114 12 3
90 97 1
158 140 1
105 55 2
48 1 4
64 143 3
172 118 1
23 4 4
5 26 1
16 61 1
79 170 2
132 85 4
20 165 2
100 148 3
158 10 2
9 23 4
52 37 2
122 146 1
113 138 1
151 81 4
175 39 1
197 194 4
176 197 4
92 182 4
132 127 1
155 125 4
75 90 2
74 159 1
139 36 1
99 45 1
188 33 4
119 51 2
147 112 3
71 164 3
91 25 2
189 82 4
16 117 4
80 151 1
3 89 2
46 184 1
155 182 2
75 53 3
43 9 3
166 10 3
167 9 2
66 162 3
45 137 1
25 71 3
106 183 3
29 89 4
149 136 1
22 47 4
174 151 4
133 75 3
22 106 4
90 55 4
71 42 1
3 195 2
191 83 3
154 138 3
6 80 1
189 48 1
44 86 3
136 46 2
124 71 2
106 193 1
24 177 4
121 189 2
123 69 1
11 93 1
2 34 2
33 31 2
103 10 2
115 51 2
124 180 1
1 87 4
179 30 2
61 155 1
119 157 4
26 176 1
32 180 1
140 109 3
89 151 3
98 90 2
25 34 2
57 49 3
80 71 2
160 125 4
60 128 4
40 69 1
186 64 4
159 106 4
195 57 3
117 110 3
92 196 1
137 60 1
83 2 3
119 155 2
118 76 3
59 28 2
149 14 4
143 92 1
73 118 2
90 194 2
45 61 4
42 184 1
177 49 3
14 126 4
180 133 2
161 8 4
112 101 1
5 106 4
193 154 4
80 134 4
96 128 2
106 167 3
92 127 1
93 15 3
44 193 1
187 26 1
67 163 3
198 135 2
12 28 4
63 56 1
48 19 4
87 33 3
107 47 4
187 138 1
96 175 4
69 99 4
127 110 4
24 21 3
48 68 4
158 71 4
185 95 1
184 136 3
186 188 4
70 122 4
6 39 4
98 108 3
152 8 1
140 42 4
9 91 4
64 31 1
12 45 4
180 182 3
191 23 3
18 157 1
132 153 1
114 43 3
157 20 1
161 103 4
31 55 3
150 77 1
84 198 1
68 189 4
198 4 2
166 9 2
144 160 1
56 134 3
19 136 4
88 105 4
107 55 2
145 153 1
187 12 3
59 18 2
100 61 1
65 77 2
110 148 2
20 181 3
101 172 3
154 42 4
195 24 4
88 169 2
106 124 1
54 79 4
73 2 3
173 113 2
143 189 1
161 74 2
76 103 3
137 34 4
86 30 1
56 70 2
86 10 4
50 44 2
1 83 3
160 138 4
108 125 1
46 180 1
73 65 3
20 163 4
20 140 4
155 69 4
160 23 4
9 135 1
10 128 3
180 167 1
46 133 2
67 63 2
26 49 2
47 50 2
68 21 4
167 198 4
151 64 4
130 149 4
171 158 2
73 179 4
66 144 1
18 56 3
83 119 2
38 20 3
81 190 1
68 185 4
171 122 1
68 115 1
182 59 4
117 27 4
105 78 1
180 155 4
103 186 4
28 122 1
196 118 3
126 162 4
89 195 4
81 63 2
133 30 2
117 152 2
116 102 4
186 58 2
14 48 1
92 41 4
50 3 1
92 0 4
132 155 2
121 66 4
13 190 1
174 146 4
80 128 2
100 135 1
199 193 3
20 146 3
153 104 2
6 186 3
85 90 4
65 96 1
26 150 2
107 154 4
116 11 4
9 108 1
54 167 3
28 8 2
95 20 1
9 189 4
195 101 3
34 153 1
131 105 4
193 174 1
90 103 1
50 177 2
186 14 2
17 16 3
119 133 1
93 138 2
178 171 4
150 115 2
28 73 2
145 122 2
33 129 1
95 94 4
179 36 3
81 194 2
18 152 4
179 24 3
57 173 4
5 192 4
55 65 1
0 16 4
150 148 3
28 0 4
43 127 4
114 187 3
102 178 4
84 36 4
135 38 1
152 85 4
68 80 3
129 17 4
116 154 2
196 96 4
14 110 3
93 180 1
158 35 2
35 184 2
144 126 3
117 157 1
195 176 4
72 112 2
91 155 1
49 59 2
180 50 1
173 109 4
37 44 3
101 7 1
106 190 3
33 73 4
182 157 4
105 103 2
103 42 2
72 68 3
178 175 3
124 178 4
82 184 3
186 9 2
165 25 2
196 9 1
16 138 3
190 118 1
149 55 2
186 18 3
16 84 2
198 74 3
142 28 4
48 27 3
2 146 4
165 90 1
9 178 2
14 67 4
36 31 3
155 51 4
175 187 2
71 141 4
61 1 1
83 81 2
175 26 3
112 194 2
67 92 2
93 122 1
40 62 1
149 74 2
74 49 1
1 149 4
126 27 1
171 101 2
109 32 4
97 162 4
44 33 4
137 139 1
55 193 2
68 178 1
117 58 1
121 128 4
107 171 3
144 22 4
124 28 2
146 168 3
73 119 2
79 85 4
11 164 4
84 108 3
52 57 4
58 189 2
157 165 1
59 44 1
180 29 2
185 15 1
36 58 4
129 151 4
10 196 4
195 126 4
180 82 1
46 144 3
151 40 2
103 190 3
34 196 2
104 144 4
177 7 1
177 31 1
43 60 4
84 160 3
108 3 2
123 181 2
112 92 1
168 76 3
73 84 4
190 73 1
61 42 3
122 58 3
39 65 3
129 156 1
188 160 4
2 88 2
110 198 2
197 174 2
127 86 3
187 32 3
154 140 1
118 108 1
132 190 3
189 140 3
156 45 4
1 81 3
111 156 2
16 38 3
162 76 4
128 64 2
118 15 4
15 33 3
74 183 1
17 51 3
144 129 4
71 97 3
175 179 4
109 121 2
193 169 2
68 163 4
95 107 3
133 51 1
95 183 4
34 44 3
17 135 1
57 115 1
22 40 4
195 31 3
163 116 1
63 62 3
167 23 1
6 168 2
57 172 4
108 99 1
77 1 1
145 63 4
19 156 1
41 192 2
17 169 4
87 58 4
132 134 2
49 151 3
26 28 1
44 60 1
28 190 1
125 188 2
127 182 1
161 5 1
29 169 3
178 125 3
163 51 1
81 137 1
125 47 3
42 94 2
121 187 4
103 14 1
42 111 2
13 133 4
172 45 4
90 89 1
93 129 1
163 34 4
22 41 1
89 121 4
18 50 1
151 188 4
47 55 1
170 84 1
124 4 3
81 159 1
195 144 4
54 53 3
13 27 3
167 140 3
16 112 4
130 97 3
99 97 3
101 66 4
63 74 4
12 186 4
11 115 1
36 72 1
16 148 3
79 67 2
178 96 3
71 143 4
143 9 4
112 114 1
178 194 2
168 8 1
94 154 2
124 83 4
133 118 2
115 126 3
74 173 2
100 113 2
104 179 4
179 156 3
164 163 1
62 141 2
7 71 2
144 123 1
153 65 1
161 40 2
11 53 3
102 190 4
186 97 2
9 55 2
29 82 3
131 188 3
87 78 4
190 122 4
192 70 2
40 88 2
76 24 4
98 102 3
32 78 2
20 122 2
189 13 1
61 81 2
163 37 1
138 186 1
105 17 1
45 192 2
147 52 4
196 166 4
144 163 3
92 103 1
192 198 3
168 159 3
192 77 2
185 140 2
51 56 2
184 164 1
46 11 2
171 99 1
26 98 4
138 47 3
11 144 2
36 65 4
127 112 3
80 51 1
92 120 1
39 140 1
33 1 1
102 69 4
165 184 4
196 122 1
48 178 3
30 59 2
59 4 1
179 112 4
37 53 3
114 1 3
6 153 3
3 168 2
186 84 4
47 40 4
127 47 3
103 117 3
168 55 1
24 27 4
74 55 3
151 135 3
113 147 1
68 180 3
136 105 1
106 8 3
35 51 3
131 158 1
174 89 1
199 172 1
78 136 4
53 18 1
137 161 3
93 71 3
43 28 1
128 135 1
170 166 4
99 106 1
83 48 1
101 91 4
14 34 2
6 81 4
184 63 3
93 175 3
126 53 1
188 7 1
165 111 4
47 23 3
43 161 4
60 10 4
50 21 2
55 99 4
150 36 2
99 149 4
93 100 1
54 102 3
32 75 1
62 136 3
98 87 4
37 165 1
104 195 1
29 20 4
30 168 1
48 102 2
84 6 3
111 150 2
62 52 3
93 58 3
85 180 3
44 49 4
17 161 4
152 95 2
47 53 3
74 1 3
108 170 3
77 85 3
10 77 4
26 20 3
190 30 1
92 172 1
158 170 3
55 26 4
142 182 4
57 68 1
35 82 4
6 67 2
86 41 3
139 131 1
183 26 3
39 101 1
121 191 2
40 183 4
96 107 4
61 105 3
16 68 4
35 94 3
59 136 1
192 140 3
93 13 2
29 109 3
91 78 4
91 4 4
74 106 2
151 51 1
181 22 4
75 37 2
21 183 2
13 55 3
56 122 4
146 68 2
26 7 1
140 11 4
21 85 2
27 155 3
32 15 4
192 138 4
71 187 2
78 142 2
164 144 1
156 78 2
195 155 2
189 81 1
59 98 4
37 100 4
155 52 2
122 49 2
129 47 4
42 39 1
150 22 2
104 112 1
28 1 2
13 155 3
151 149 2
132 160 4
52 86 2
196 174 2
46 66 3
100 49 4
11 55 4
101 30 1
183 81 2
134 189 2
66 148 1
158 58 4
112 11 1
24 52 2
48 95 2
138 39 2
160 103 2
13 159 4
135 159 1
1 145 3
118 98 4
71 138 2
23 27 2
100 108 3
155 22 3
128 11 3
37 86 2
63 70 2
70 1 3
155 15 3
133 138 3
90 190 1
137 125 2
150 70 3
40 122 3
2 97 2
129 52 2
104 115 2
75 7 2
116 54 4
51 10 4
36 131 2
20 178 2
9 89 4
164 117 2
25 139 2
32 23 3
64 27 3
7 122 1
72 175 3
40 107 2
55 102 1
86 145 1
52 78 4
3 103 1
41 7 4
166 143 2
124 142 4
163 98 1
1 129 1
73 125 2
72 183 4
174 161 2
152 100 4
136 47 1
84 147 3
173 127 2
118 91 1
99 70 2
172 19 3
53 36 3
49 5 4
74 73 2
38 73 1
28 134 4
41 119 4
131 10 3
150 186 2
87 108 2
192 168 2
53 7 3
79 69 2
169 9 4
100 41 3
67 115 3
6 164 3
140 7 3
185 104 2
1 22 4
188 177 4
193 144 1
45 72 4
28 93 1
15 120 3
177 58 4
193 77 4
51 73 2
80 5 1
15 29 4
170 88 3
75 199 3
198 21 4
22 7 2
199 70 1
46 158 2
3 173 1
179 96 4
140 1 3
65 173 4
60 102 4
122 109 1
180 129 2
178 72 3
128 159 3
187 141 4
61 43 1
139 93 3
12 160 1
75 118 3
79 0 2
69 88 3
176 19 2
134 47 3
46 159 4
179 83 2
4 122 1
146 127 3
106 86 2
144 105 1
138 135 3
192 103 4
81 82 4
121 179 2
107 159 4
56 115 3
149 81 3
43 119 4
138 69 3
32 57 3
149 181 3
101 80 1
110 38 1
16 119 4
111 146 3
109 34 3
3 97 1
102 100 2
150 185 1
44 45 4
19 37 4
183 172 4
186 20 3
100 104 4
89 175 1
6 59 4
182 65 1
52 99 1
105 133 2
24 49 4
117 173 1
196 42 2
42 44 3
100 25 1
28 137 3
43 22 2
193 100 4
59 43 4
16 71 4
128 116 3
152 118 4
171 162 3
54 4 1
114 41 3
13 97 2
152 119 1
164 198 2
191 13 1
10 38 3
99 48 3
54 165 3
62 13 1
84 95 4
146 30 2
31 85 3
16 20 2
41 0 1
131 174 3
160 46 1
86 39 4
115 37 4
109 22 4
100 71 1
12 57 1
77 170 2
69 177 4
40 102 3
60 184 1
19 174 1
168 2 2
146 93 1
149 15 3
81 2 4
185 108 1
165 64 3
12 198 4
74 131 2
32 9 2
132 136 1
24 56 4
58 55 4
85 89 4
26 18 1
104 83 1
22 21 1
186 96 1
6 151 3
100 166 3
54 142 1
128 185 1
80 2 2
91 176 1
190 23 1
7 37 1
199 138 1
116 100 2
108 16 4
183 103 3
144 137 2
62 81 2
104 88 3
18 179 1
6 10 2
154 55 2
65 187 1
103 94 1
35 142 4
105 42 4
1 23 2
93 42 3
181 179 1
172 110 2
41 50 4
42 73 4
134 136 2
21 4 1
58 114 4
80 161 4
190 56 2
181 107 4
8 153 2
35 114 3
137 86 3
95 58 1
146 49 3
65 100 2
196 161 4
121 188 4
8 170 1
32 85 2
77 92 2
183 130 3
52 36 1
188 2 1
113 190 1
188 81 3
85 131 1
29 68 1
109 116 2
8 43 2
29 5 1
5 21 1
128 170 3
189 77 4
93 163 3
53 161 3
196 187 1
110 81 4
156 117 2
199 22 3
170 93 1
93 6 4
107 108 2
59 112 3
166 90 4
81 32 1
68 127 2
113 88 2
187 127 4
57 33 2
90 151 1
132 3 4
136 13 3
103 5 2
140 179 1
81 129 3
67 22 1
16 44 2
53 153 1
99 16 3
64 134 2
194 132 2
31 156 4
184 32 3
142 6 1
11 42 3
141 164 3
60 141 2
134 23 1
4 71 4
192 29 4
95 164 4
34 162 1
88 18 2
56 60 2
128 145 4
5 76 3
29 171 1
4 47 2
179 144 4
170 125 3
165 53 2
189 12 3
163 105 1
120 164 3
1 16 1
42 162 4
11 56 2
197 30 4
181 98 2
17 15 3
152 137 1
159 3 3
25 60 1
59 31 2
82 154 3
193 114 1
115 91 4
171 22 3
150 64 2
195 158 1
95 85 4
103 194 2
174 116 4
156 60 3
194 120 2
127 9 3
180 75 1
175 118 4
173 128 4
178 120 1
171 2 4
15 183 4
18 5 3
173 42 1
100 90 1
128 136 3
137 154 3
184 17 2
101 47 2
175 154 4
103 65 3
159 131 4
71 58 1
101 138 2
140 96 2
184 85 2
105 92 1
33 111 1
153 25 4
128 122 1
109 27 1
31 137 4
35 138 4
110 168 2
24 173 4
13 61 1
168 186 1
58 10 4
42 138 2
25 159 4
117 67 2
158 78 3
64 146 3
172 156 2
59 139 4
198 187 2
128 199 4
23 172 2
192 54 2
32 17 2
20 76 4
0 156 3
147 71 4
186 190 3
140 55 3
86 88 1
144 79 3
130 6 2
122 2 4
167 75 3
10 180 2
161 193 3
148 146 3
123 126 2
196 106 4
13 95 4
100 84 4
34 180 2
108 52 2
154 152 1
104 119 4
27 82 3
132 37 2
41 25 2
27 198 4
121 132 1
109 97 2
16 190 4
175 80 1
89 19 4
159 187 4
163 112 4
141 0 4
37 88 2
182 80 3
145 47 3
145 48 3
164 99 3
150 61 2
112 196 4
103 167 1
102 63 2
17 193 2
77 99 4
108 133 4
74 117 4
142 9 1
194 32 4
44 9 1
181 190 4
23 72 2
30 181 4
109 147 3
95 145 3
124 65 2
171 92 1
98 45 3
33 109 2
172 194 4
41 118 2
153 159 4
66 188 4
165 197 3
195 32 3
159 38 1
38 181 1
190 0 3
61 195 3
64 1 1
88 21 2
192 20 2
162 17 1
57 159 2
115 70 4
32 64 3
78 133 3
161 75 1
49 94 1
50 183 1
159 35 1
116 85 3
164 0 4
82 176 2
176 37 4
172 80 3
198 32 1
120 83 2
159 129 4
56 126 3
7 158 3
59 127 3
119 150 2
82 72 4
108 34 1
10 151 2
191 20 4
139 46 1
99 8 4
6 68 2
130 180 1
18 79 1
177 174 4
42 120 2
138 27 1
143 135 3
134 198 1
8 93 3
51 121 4
28 33 3
40 51 4
30 27 4
76 198 3
152 40 1
77 67 4
103 49 4
100 176 1
141 40 4
83 184 2
41 134 1
22 168 4
80 41 4
49 132 3
33 67 4
125 59 3
168 36 1
43 15 3
137 109 3
62 70 3
199 112 2
155 105 2
177 148 4
151 92 2
175 54 2
58 81 3
171 74 2
153 40 2
117 73 3
24 191 1
135 167 1
153 187 4
111 116 1
91 145 3
43 18 1
96 37 3
99 139 2
127 63 2
163 129 3
107 61 3
91 136 2
85 36 1
43 110 2
119 30 2
26 57 4
125 72 1
51 141 2
174 104 3
143 194 1
55 32 1
198 52 2
46 141 2
18 131 2
153 54 3
100 18 1
57 120 4
153 165 2
77 44 1
37 84 3
174 96 3
159 68 2
104 173 2
199 61 1
170 159 2
95 120 4
33 104 4
157 24 3
96 8 2
100 29 3
124 88 1
52 67 4
23 80 3
130 184 3
83 182 4
174 76 3
45 124 4
121 53 4
152 162 1
178 195 3
82 59 3
7 191 4
195 47 3
71 125 3
71 13 3
147 34 4
159 56 1
83 75 1
3 63 3
157 46 1
67 7 4
25 154 2
84 65 1
47 189 2
30 160 2
70 151 1
147 197 4
85 17 1
177 175 4
2 184 2
197 117 2
36 108 2
37 175 2
182 13 3
61 161 3
6 121 4
57 161 3
48 101 2
94 149 3
104 14 1
169 61 2
195 74 4
91 126 2
7 111 4
42 28 2
101 149 1
75 12 2
186 127 4
84 92 1
87 185 4
75 151 4
29 60 1
195 75 4
98 168 3
114 133 1
32 93 1
80 198 2
97 65 2
71 3 1
55 36 3
70 19 1
141 78 3
149 142 4
168 144 3
6 38 4
29 98 4
57 180 1
40 50 1
148 197 4
98 177 2
187 17 4
63 86 3
26 194 3
55 41 4
53 85 3
87 13 4
33 23 4
186 199 4
198 28 3
192 4 4
31 141 1
5 188 1
177 150 2
125 49 2
148 85 2
112 145 2
62 85 3
35 147 2
39 88 3
36 7 1
151 190 2
157 82 4
127 62 4
199 142 1
84 142 3
90 155 1
178 97 4
53 67 3
32 199 2
162 160 4
124 160 3
133 110 1
198 186 4
62 89 2
21 179 2
175 58 3
155 75 2
109 46 2
168 32 2
52 9 4
0 128 1
168 4 2
193 158 1
120 39 3
0 134 3
198 70 4
25 189 1
28 156 1
61 109 2
51 86 4
193 121 3
17 190 3
163 178 2
86 123 3
82 170 2
145 174 1
77 131 1
189 128 2
112 141 2
76 106 2
72 170 3
113 92 4
160 120 4
136 154 4
71 174 3
194 77 2
63 28 2
141 85 3
21 89 1
120 23 4
175 48 2
81 115 1
30 62 4
0 142 2
23 21 2
175 141 3
75 126 3
54 172 1
149 114 2
36 170 1
194 124 4
54 184 4
154 165 3
146 167 3
78 123 2
50 59 3
30 89 1
133 100 4
192 144 1
160 97 1
24 175 3
142 14 2
183 181 3
30 147 4
99 54 3
173 84 4
179 131 1
158 156 1
180 154 1
47 118 4
145 70 3
94 121 1
146 24 1
162 196 4
48 169 2
120 52 2
176 61 2
71 67 4
81 143 1
124 138 4
143 126 1
68 110 4
14 152 3
70 4 3
169 153 4
132 16 3
151 159 3
177 108 2
191 21 3
55 131 4
111 168 4
16 69 2
157 4 2
143 78 1
93 137 2
22 27 1
23 28 4
13 156 1
194 174 2
47 104 4
155 6 4
176 126 2
76 83 4
105 109 1
21 75 3
91 19 4
111 181 3
118 82 3
96 198 2
123 130 1
166 22 3
103 139 3
183 111 4
11 58 3
195 13 2
182 95 1
66 196 2
3 197 3
8 193 2
13 173 4
109 26 3
123 90 4
60 163 1
143 158 1
119 194 3
191 3 3
5 173 4
58 196 3
188 51 4
186 4 2
154 192 4
95 99 2
21 174 2
135 126 4
78 182 2
4 109 3
101 8 3
176 98 1
66 28 1
136 129 3
3 32 1
38 1 2
77 162 4
44 84 4
110 55 2
11 57 3
148 84 2
112 22 2
198 139 4
36 56 4
30 191 2
2 27 3
116 172 2
199 154 1
154 114 3
188 19 3
31 104 4
46 82 4
10 165 3
154 12 3
143 15 3
193 87 2
92 108 4
129 191 3
61 153 4
183 176 4
23 93 2
155 97 2
168 161 3
92 150 2
142 58 2
89 164 4
64 23 1
64 99 4
187 116 2
58 82 1
43 177 1
52 40 3
85 107 3
94 72 3
131 196 4
119 10 4
164 41 3
72 81 3
32 113 2
73 193 3
168 135 1
0 30 3
198 126 4
37 166 3
38 51 4
176 185 1
35 18 3
69 80 2
136 98 2
193 4 4
145 127 1
195 146 4
139 4 1
100 59 3
1 39 3
61 131 3
114 191 2
159 96 4
138 76 2
114 167 1
30 174 3
15 121 1
52 104 4
118 29 1
125 83 3
100 15 4
115 0 1
124 176 2
89 82 3
30 84 3
39 52 2
113 66 1
96 188 2
25 66 1
122 136 3
74 176 4
49 157 4
182 132 3
106 54 4
173 159 1
34 79 1
145 105 1
83 139 2
82 90 2
45 42 4
93 99 1
80 7 4
197 104 4
188 32 4
135 122 1
191 44 1
89 192 4
11 2 3
135 10 4
101 141 1
181 45 2
26 110 3
60 197 1
171 59 4
24 7 2
24 87 4
58 183 3
65 193 4
66 119 3
21 10 1
121 8 4
35 143 3
103 157 2
91 177 3
1 8 1
124 58 4
168 156 3
113 59 4
11 199 4
148 51 2
179 4 2
76 2 2
175 113 4
85 187 1
124 133 3
4 176 3
22 89 3
189 148 2
24 8 4
85 140 4
63 157 4
1 122 1
115 132 3
119 76 3
67 89 4
101 161 4
147 3 4
143 95 1
112 105 4
3 77 4
181 32 1
108 189 3
48 37 3
24 118 2
156 195 4
37 151 2
33 124 1
48 59 1
117 142 1
45 47 1
62 183 4
116 34 4
138 177 3
50 42 1
139 148 1
39 100 2
159 124 1
65 70 3
144 174 3
51 176 2
182 43 2
68 12 4
156 97 3
25 164 1
94 18 4
88 99 1
150 198 2
142 82 3
51 182 2
10 69 3
58 91 3
45 89 4
100 22 2
137 156 2
152 193 3
174 25 4
128 62 2
84 178 4
23 111 2
93 73 3
6 183 3
177 11 3
167 16 1
87 199 3
87 85 4
85 126 2
77 122 3
198 171 3
76 69 4
149 106 4
4 103 4
6 18 2
159 47 4
58 57 2
68 158 2
134 143 4
96 95 3
53 183 3
186 139 4
199 21 1
46 68 4
129 124 3
161 10 2
83 183 2
11 73 2
9 76 3
106 103 4
123 6 1
76 82 3
82 152 2
117 46 1
98 3 2
172 182 2
47 87 3
73 182 2
2 177 3
157 147 1
68 144 2
191 107 3
166 160 1
62 170 2
147 161 4
184 20 3
180 102 1
25 149 3
194 162 3
139 96 2
1 165 4
93 145 3
82 167 1
67 105 1
70 121 2
170 156 4
16 80 1
107 64 1
120 93 2
66 6 3
179 13 4
60 41 2
198 127 3
34 19 4
119 105 4
31 107 1
39 87 1
147 179 4
184 37 2
117 5 2
24 69 4
187 47 4
35 120 3
21 109 4
174 134 4
88 41 1
138 79 2
109 88 4
171 4 1
128 35 3
176 6 3
161 18 2
1 46 2
192 68 1
8 114 3
65 85 2
186 189 4
63 100 1
178 37 3
83 199 4
88 71 1
120 96 4
80 180 4
82 178 4
13 35 1
138 188 2
108 26 4
198 153 2
49 78 3
108 59 1
78 26 1
171 150 3
68 124 1
111 53 2
142 73 4
68 53 1
93 60 1
111 112 3
97 147 1
145 94 2
108 10 1
79 117 4
131 52 1
197 98 1
94 79 3
135 199 3
147 62 3
113 81 2
188 79 4
151 16 1
31 169 2
179 76 4
154 106 1
60 38 4
38 127 1
135 66 3
89 154 2
180 28 3
184 171 2
43 173 3
79 159 1
163 154 3
32 110 2
67 183 1
54 145 4
125 77 4
78 79 1
31 71 2
82 56 4
47 85 1
6 110 2
141 184 3
76 124 3
47 35 3
35 19 1
36 13 2
185 91 3
141 123 1
17 177 1
32 62 2
114 151 2
142 67 4
176 1 4
113 72 3
71 118 1
158 117 3
199 74 2
47 29 2
85 105 2
29 26 1
49 101 4
35 78 1
103 116 3
27 100 4
51 191 1
176 49 3
7 105 2
58 132 3
72 188 4
40 77 1
64 182 4
84 194 4
4 84 1
88 164 4
24 193 3
95 75 1
107 38 4
56 186 3
21 116 4
165 151 4
25 196 1
134 94 4
112 5 4
146 46 3
164 50 1
38 62 2
68 37 2
154 72 4
75 138 3
118 131 3
76 129 2
100 81 3
59 88 2
56 26 4
42 96 4
196 8 4
32 121 2
58 49 4
192 82 2
146 194 2
115 54 2
81 162 4
28 47 2
50 148 3
11 126 4
169 13 4
38 33 2
123 19 4
82 126 3
37 103 2
47 169 1
151 4 3
71 130 2
163 73 4
124 190 2
156 174 1
62 114 1
144 149 4
109 9 4
4 132 1
118 126 1
143 149 3
160 87 1
199 115 3
35 173 2
81 132 2
133 148 2
14 108 3
153 2 3
26 1 1
2 38 4
43 191 4
146 124 1
132 102 2
82 96 3
167 164 3
195 173 1
156 110 3
119 173 2
77 149 3
81 40 3
75 197 3
6 7 1
199 118 2
185 81 1
182 156 1
152 84 4
83 159 2
29 131 2
79 61 3
140 160 2
91 153 4
53 78 3
67 134 1
178 122 4
184 188 1
189 92 3
75 102 1
140 117 4
51 177 1
144 155 1
13 92 4
157 173 1
10 54 2
147 0 3
29 99 3
178 172 3
62 143 1
184 116 1
99 38 2
32 49 3
30 5 4
131 41 1
168 81 2
126 94 4
136 164 4
57 43 4
34 42 3
66 29 2
38 171 1
150 165 1
18 155 4
61 85 3
26 39 3
127 179 4
48 198 3
143 195 3
31 26 3
111 155 3
115 177 1
4 137 3
159 93 1
147 135 4
185 96 1
101 173 4
124 189 2
175 76 1
75 137 1
47 131 3
25 94 3
106 162 2
130 159 1
51 158 4
162 187 4
82 42 2
127 34 1
93 87 2
62 71 4
176 66 3
2 91 4
172 150 2
70 103 2
68 65 1
21 184 3
30 92 3
102 99 1
126 102 4
179 155 1
143 84 1
70 136 3
3 34 3
102 153 3
95 104 2
156 44 3
40 39 2
127 89 2
183 73 1
42 115 1
179 120 1
99 83 4
14 1 1
57 176 1
10 14 3
38 91 2
73 23 4
128 115 1
77 109 2
152 11 2
154 17 2
181 132 2
68 167 3
16 107 4
35 198 1
126 33 4
122 39 2
110 60 1
120 192 1
189 98 1
166 35 1
32 149 2
197 20 1
5 88 4
90 65 2
62 98 4
157 148 2
122 106 2
151 94 4
121 196 1
108 116 2
59 199 4
47 3 1
31 159 4
35 89 3
144 95 2
151 27 1
77 124 3
195 37 4
145 0 3
55 7 3
141 121 3
109 19 4
182 10 1
155 102 2
144 157 1
10 129 4
44 192 3
105 195 4
125 57 2
53 112 3
194 117 2
111 136 3
39 94 1
154 196 1
188 147 2
142 130 2
199 28 3
99 33 3
29 165 4
7 82 1
15 154 4
61 36 1
151 67 4
115 49 3
95 26 1
26 146 4
67 8 3
152 57 4
109 69 2
180 135 3
74 10 1
157 130 1
111 164 1
17 106 1
104 171 3
98 109 4
19 78 2
38 4 1
148 92 2
131 132 2
28 52 4
90 43 1
25 106 1
76 6 2
100 56 2
4 115 2
44 154 3
63 77 2
195 9 4
9 8 1
196 75 4
26 46 1
135 69 3
178 61 1
199 78 2
149 71 3
73 134 3
153 37 4
51 198 1
163 7 3
67 4 1
181 172 3
157 15 4
44 66 4
84 48 1
180 181 3
25 11 1
17 147 3
130 8 3
29 48 2
172 21 1
23 57 2
54 138 3
189 135 2
185 143 1
149 182 2
173 58 3
49 62 1
97 170 1
40 179 3
140 79 4
49 190 4
128 165 2
199 163 3
143 163 2
2 100 1
193 10 1
109 182 4
60 3 4
27 50 2
175 95 3
145 34 4
186 13 3
96 25 1
113 154 3
99 23 3
79 136 2
158 5 2
170 152 3
64 127 2
112 49 4
59 32 1
197 66 2
80 17 1
152 144 2
23 118 1
18 90 2
154 191 1
167 37 4
144 33 2
174 168 4
139 183 3
138 45 3
124 37 1
57 181 4
73 116 2
91 112 1
163 170 4
118 57 4
27 73 4
92 138 4
0 194 1
127 128 2
159 65 2
3 198 3
96 41 2
108 35 2
62 161 2
25 160 3
179 71 2
98 149 2
4 43 2
82 31 2
182 1 1
2 172 1
193 131 3
169 28 4
59 192 3
75 156 4
3 110 3
1 109 1
96 4 3
4 44 3
60 100 2
179 111 4
61 72 3
47 150 4
19 64 2
64 116 2
183 152 2
103 95 3
142 27 3
87 91 1
163 49 1
89 135 2
60 151 1
14 102 1
39 187 4
54 159 3
85 42 2
76 8 2
97 32 1
129 77 1
101 0 4
196 82 3
102 20 2
24 98 1
160 28 2
136 144 1
122 67 2
7 119 4
58 170 2
31 163 3
184 103 2
162 176 3
111 85 3
41 149 1
71 8 3
126 131 1
149 62 3
165 58 4
11 186 3
173 14 1
106 151 4
172 174 4
57 153 4
144 21 4
72 192 4
29 187 3
169 138 1
24 12 1
137 138 1
5 114 2
87 37 4
105 158 3
52 107 4
111 2 3
172 105 1
193 25 2
27 173 4
84 51 1
99 21 1
58 5 1
137 69 2
178 0 1
149 50 3
173 66 4
113 67 1
74 192 4
78 163 3
107 80 1
122 80 4
110 62 1
194 168 4
165 79 3
25 72 3
143 184 4
103 98 1
37 97 2
96 17 1
141 170 1
13 104 3
70 163 4
43 169 4
1 192 2
188 115 2
169 52 4
124 26 1
73 50 2
122 163 3
183 151 3
114 163 1
140 137 4
98 94 2
17 49 2
123 92 4
10 187 4
99 0 3
176 188 3
193 23 3
181 17 2
55 1 3
159 95 4
83 192 2
191 17 3
130 25 4
45 166 2
178 167 3
106 69 4
35 168 4
95 45 4
87 188 1
174 36 3
51 57 4
78 149 2
151 74 2
179 187 1
141 145 2
115 93 4
137 6 3
116 164 1
74 148 3
81 30 4
130 14 4
94 178 4
75 162 3
126 190 3
168 147 3
78 23 3
191 192 4
75 67 3
194 72 1
79 40 2
77 57 4
32 160 1
86 78 3
102 95 1
187 5 1
24 108 2
135 78 1
31 77 4
133 5 2
76 173 4
33 90 2
130 53 2
80 148 3
150 183 4
83 103 3
175 33 1
198 20 3
8 178 2
87 191 2
25 29 4
70 142 1
13 118 1
135 140 4
159 87 3
96 144 2
7 124 2
153 42 3
18 71 3
9 88 1
164 86 4
131 17 3
171 13 3
112 176 2
51 189 1
38 72 4
100 66 1
4 55 3
101 96 2
178 179 2
187 22 2
15 124 1
143 107 4
95 14 1
178 133 4
190 131 2
135 18 4
109 181 3
196 170 4
135 115 2
190 24 2
15 69 4
158 186 2
51 129 4
137 153 2
135 175 3
180 62 3
179 64 3
100 163 2
179 191 1
100 178 4
52 105 1
153 152 2
192 99 3
125 162 1
52 35 3
73 90 1
135 185 2
53 122 4
90 60 3
36 178 1
69 45 2
36 66 2
112 171 3
91 80 1
96 10 2
21 186 3
128 42 3
161 154 2
158 98 2
113 79 2
93 147 4
79 174 2
131 9 3
171 106 2
130 42 1
135 2 3
186 15 1
134 63 3
140 112 3
151 14 3
192 176 1
151 107 4
93 7 1
89 120 1
79 197 1
146 56 1
121 174 2
37 180 3
30 112 2
184 71 4
9 37 4
64 15 4
62 41 3
115 111 1
181 103 3
27 0 2
90 72 2
110 36 3
192 32 3
1 12 1
14 136 4
13 140 4
63 154 4
182 25 1
171 151 3
35 154 3
151 160 1
176 102 3
192 188 1
83 166 3
147 96 4
160 37 1
192 26 2
189 14 1
180 56 1
187 69 1
90 79 4
51 9 4
94 45 4
87 65 4
182 154 1
129 103 3
58 4 1
175 108 3
14 39 3
127 167 4
194 58 4
52 80 4
175 99 1
194 169 2
49 70 3
5 148 4
107 141 4
81 18 3
34 140 1
106 128 3
114 54 2
88 116 4
46 161 4
25 30 3
36 25 3
176 180 1
191 185 2
174 85 2
28 177 3
195 27 2
129 167 4
135 43 3
179 95 1
196 152 4
147 182 1
51 100 4
45 78 1
0 86 3
189 199 4
106 23 4
104 178 1
76 193 1
121 143 4
29 122 4
171 28 1
102 80 3
86 171 3
196 94 2
67 47 2
47 177 4
17 29 3
169 41 2
52 0 1
125 92 3
189 80 1
153 107 4
34 85 1
15 10 3
20 33 4
129 141 4
4 128 4
59 115 2
46 151 1
175 30 3
133 189 4
147 28 2
124 193 4
164 145 3
106 51 2
102 115 4
62 43 3
51 91 2
117 87 1
184 109 4
104 120 4
107 113 1
46 108 2
146 75 4
98 134 1
40 123 3
33 74 2
22 125 3
114 75 1
153 99 4
184 64 4
81 108 3
104 0 3
14 166 3
19 14 2
169 83 1
152 49 1
149 82 4
136 179 3
115 21 3
125 173 2
47 38 4
3 125 3
53 103 1
99 199 1
181 85 4
20 174 2
13 175 4
191 118 2
11 54 1
65 199 1
60 171 2
138 25 4
41 38 1
15 37 1
57 162 4
172 99 1
98 143 3
113 4 3
158 121 4
133 156 3
68 147 4
141 53 2
101 81 1
86 155 1
128 190 1
22 133 3
147 49 3
131 192 2
78 150 4
135 155 1
147 162 2
197 123 3
22 152 3
24 19 2
61 90 4
153 106 2
149 90 4
160 142 3
146 44 2
168 171 1
118 156 1
79 105 4
143 74 1
146 13 4
47 141 4
44 163 1
67 191 1
27 18 1
42 41 4
50 87 3
84 109 1
77 176 3
48 62 3
58 144 1
96 16 3
155 186 4
43 12 3
48 142 1
115 157 4
169 121 4
150 123 3
171 20 4
128 137 1
106 105 2
96 129 4
88 128 2
95 113 1
97 116 1
95 35 2
160 57 2
23 54 3
53 61 3
12 153 2
101 160 2
104 35 1
101 64 2
193 163 2
61 15 2
108 91 4
179 134 1
178 170 4
141 2 1
149 89 1
142 51 1
167 177 2
189 4 3
175 143 4
113 144 2
103 148 3
63 197 4
66 137 2
65 119 1
2 191 1
26 122 4
182 112 3
23 156 2
197 87 2
129 114 4
76 89 1
167 176 3
190 61 4
111 124 2
76 142 4
29 119 4
15 175 1
117 84 4
162 166 1
105 191 4
117 81 3
70 195 4
71 189 3
58 21 4
47 12 3
172 66 3
141 56 4
78 152 4
165 181 1
46 187 2
51 23 4
87 127 1
198 46 1
85 28 1
156 46 4
21 171 1
159 125 2
183 14 4
11 26 3
25 126 2
94 197 1
24 110 2
38 117 1
159 11 4
3 199 1
134 137 4
108 55 4
162 91 2
81 187 4
58 147 1
108 6 2
80 138 2
1 72 4
116 62 3
145 78 2
28 151 1
149 60 3
157 137 2
173 94 4
112 190 2
0 33 2
24 142 3
191 131 4
31 180 4
119 120 4
169 1 1
180 25 2
98 198 2
180 113 3
112 183 4
132 188 1
111 55 1
15 39 2
155 31 2
104 75 2
64 91 4
13 161 4
136 130 2
86 175 4
99 3 3
48 166 2
139 165 2
199 50 4
43 113 2
27 25 1
4 89 3
31 27 4
172 179 2
56 158 2
121 157 1
70 55 3
103 33 2
176 101 1
62 181 2
150 58 3
158 32 2
147 126 1
34 158 4
36 41 4
191 177 4
46 30 4
3 2 2
12 151 1
169 0 3
182 28 4
143 127 4
6 197 4
14 7 3
154 185 4
103 21 4
110 64 4
117 106 1
93 86 3
147 195 3
115 151 1
91 111 2
128 184 4
149 68 2
196 22 2
160 154 2
135 183 1
185 65 2
157 90 3
176 48 4
177 199 1
171 146 3
58 59 2
188 170 1
11 27 4
122 117 2
126 170 4
11 35 3
48 81 1
98 33 3
19 100 3
39 130 1
78 48 1
22 180 4
55 177 4
130 80 2
171 23 3
103 169 3
173 51 4
185 17 3
45 125 2
116 72 1
52 124 1
55 136 4
122 51 3
73 149 1
128 19 3
161 90 4
116 50 4
140 46 3
152 184 1
166 111 1
56 151 3
8 179 2
155 153 4
39 184 2
126 67 4
16 176 1
191 178 1
15 122 4
133 115 1
145 152 1
161 102 3
171 194 2
44 110 3
110 89 1
95 138 2
4 11 4
48 108 1
164 55 2
168 71 3
45 143 4
75 185 3
62 91 1
64 129 3
188 38 1
54 161 2
151 177 2
114 102 2
93 168 4
45 60 4
37 16 1
93 128 3
196 64 2
141 110 1
114 169 2
1 113 2
100 6 2
53 99 3
76 47 1
53 185 3
124 91 4
138 11 1
136 198 3
119 31 3
151 150 4
56 164 4
192 91 1
189 24 4
76 154 2
75 140 3
192 165 2
143 63 4
157 153 2
162 116 2
181 7 4
7 194 4
24 188 2
2 128 2
118 28 2
37 17 4
179 123 4
190 20 4
141 94 1
44 137 1
36 80 1
94 180 1
178 146 2
25 195 1
108 58 1
95 73 2
39 103 3
8 55 3
55 155 4
30 99 2
82 47 2
173 23 2
77 50 4
52 153 2
110 180 4
54 74 4
16 74 4
172 125 2
75 45 3
53 108 4
199 84 2
82 134 4
30 187 1
37 142 2
167 7 4
163 101 4
139 49 4
110 100 2
53 86 2
34 49 4
11 37 4
45 35 1
125 101 2
48 135 4
57 7 1
133 136 4
104 4 3
53 150 2
78 101 2
115 109 2
174 18 3
72 161 2
144 101 4
115 192 2
163 169 2
98 56 4
49 114 1
109 36 3
107 82 4
115 89 3
54 129 3
93 55 2
113 148 2
43 2 1
15 197 3
107 22 2
155 110 2
40 78 3
140 144 3
50 75 2
77 111 3
170 106 2
23 50 2
8 69 3
70 51 1
7 182 4
141 115 2
21 157 3
4 12 2
122 168 3
99 173 4
125 96 1
29 13 2
2 15 2
178 25 4
117 144 3
111 160 1
160 182 3
129 127 1
143 2 4
187 139 4
36 123 4
167 185 3
139 47 4
94 22 3
168 57 2
24 68 3
113 155 3
167 150 4
86 99 4
180 35 2
85 143 1
45 86 1
130 165 2
192 143 2
77 24 3
177 66 1
173 181 4
76 37 3
33 37 4
97 180 2
174 9 3
87 6 4
72 91 3
48 147 1
7 52 3
171 121 3
131 35 3
170 5 1
121 177 2
159 137 4
47 86 2
114 77 1
107 182 4
90 9 3
57 30 4
132 46 2
196 69 2
149 9 3
42 66 1
65 46 2
45 107 2
97 61 3
158 116 3
175 2 3
13 126 2
35 124 1
124 47 1
157 136 3
60 146 4
193 41 2
82 112 4
177 164 2
67 25 3
141 55 4
32 43 3
166 175 4
140 99 3
23 55 1
95 63 2
53 72 3
88 187 4
18 137 3
131 121 3
130 176 3
163 79 4
80 32 1
83 71 2
24 144 4
152 120 1
7 183 4
124 186 4
57 145 4
135 94 1
29 59 4
149 189 3
154 22 1
114 39 4
120 60 2
54 187 1
92 135 4
51 171 3
110 48 1
48 69 4
156 153 3
139 20 3
173 168 1
57 100 3
148 175 2
51 178 4
62 87 3
122 126 3
186 148 4
94 158 3
159 149 3
175 45 3
140 111 3
119 27 3
29 142 4
65 125 2
155 134 3
119 2 3
58 143 2
16 124 1
42 190 1
86 146 4
198 79 3
16 122 4
182 168 4
168 12 3
154 49 4
56 106 3
87 9 1
39 37 3
39 137 3
46 70 1
86 104 1
138 90 3
119 175 1
69 163 4
170 198 4
194 158 3
56 104 4
118 188 3
120 138 2
173 172 4
180 6 3
140 187 3
44 153 3
90 137 2
96 67 2
14 65 4
140 182 4
39 82 1
65 110 3
103 11 2
86 102 2
139 164 1
38 52 3
198 9 4
174 13 1
163 71 3
187 40 1
195 132 3
115 15 2
162 55 2
175 132 2
192 163 4
187 80 4
165 103 2
105 149 3
80 29 4
131 117 1
165 38 3
109 175 1
88 63 2
186 149 3
141 15 1
33 106 3
