9950 200
0 54 1
0 180 4
54 199 7
180 150 3
199 149 4
54 16 4
180 18 4
199 21 4
180 83 1
0 71 5
0 13 5
180 138 2
150 133 9
83 29 5
0 128 8
133 64 3
149 70 9
150 91 1
138 136 4
150 140 8
18 142 1
136 50 2
71 37 6
37 7 7
16 34 3
21 46 3
54 63 1
0 126 3
13 172 1
34 120 8
21 87 8
0 12 9
7 42 9
140 25 7
149 59 4
46 155 7
87 93 7
21 60 3
7 188 4
18 112 5
172 11 3
83 57 7
0 47 5
16 147 8
34 184 2
47 179 4
64 139 8
140 162 4
138 170 1
42 158 7
150 113 1
63 169 1
57 66 9
180 27 4
139 48 3
199 82 8
0 178 5
139 44 3
120 22 3
188 32 4
29 30 5
180 185 4
140 115 4
64 109 7
147 17 3
150 31 5
172 20 2
29 118 6
93 23 3
12 174 4
169 106 7
63 194 7
179 198 4
31 2 7
147 51 6
87 103 8
140 193 9
120 125 5
162 33 5
147 85 3
34 89 8
82 108 3
21 19 2
85 189 2
136 65 6
82 146 8
89 127 6
17 8 3
63 129 4
70 41 3
140 86 2
32 1 3
33 122 2
139 72 2
118 134 6
63 14 6
85 6 3
122 80 1
46 74 5
80 160 2
83 75 6
71 39 4
66 119 6
184 40 4
19 157 6
64 190 8
160 76 2
120 81 2
18 141 3
42 117 3
22 124 2
178 78 1
193 111 5
93 102 3
188 84 9
31 56 9
125 110 5
60 62 5
40 131 4
138 165 1
54 171 4
108 97 8
19 96 7
21 95 9
13 121 4
80 9 3
37 152 8
193 132 9
40 90 1
189 94 6
91 77 7
94 98 4
126 156 4
29 166 4
56 69 6
23 135 8
199 195 6
198 173 2
166 58 5
108 38 9
190 36 5
30 10 4
44 164 6
95 15 7
48 116 4
8 4 6
9 181 6
150 159 3
65 176 8
172 177 4
132 100 2
0 192 7
50 35 2
64 28 2
140 187 9
22 107 9
158 52 1
89 104 7
41 45 6
0 148 9
184 168 5
87 61 1
152 3 5
38 143 9
0 175 8
193 88 2
115 53 1
193 73 6
76 183 9
87 123 3
119 92 2
110 68 4
35 186 1
122 153 4
178 99 4
133 5 3
29 26 8
98 151 1
56 105 8
85 145 6
16 49 4
21 130 2
44 154 4
36 67 2
126 163 3
90 191 5
67 167 5
72 137 2
100 182 1
103 55 9
76 144 5
60 101 6
30 24 9
46 197 2
16 161 6
135 114 7
67 43 1
176 196 5
1 79 7
47 125 3
55 52 1
176 139 4
114 21 3
114 92 1
164 137 2
167 194 2
44 182 2
41 55 4
60 64 3
106 136 4
157 9 4
164 86 2
86 13 2
163 60 1
136 48 3
199 46 1
121 39 3
24 18 4
86 145 3
137 147 4
186 3 1
87 116 4
184 173 4
12 161 4
106 33 3
174 167 1
106 183 3
40 195 2
27 93 3
142 173 2
97 174 1
172 75 4
36 156 3
16 188 3
158 64 3
42 51 3
60 168 4
185 142 2
128 189 4
55 115 3
151 3 1
141 181 1
5 44 1
39 166 2
92 156 1
69 165 4
185 173 4
86 62 2
180 191 4
77 111 1
169 121 4
76 10 3
54 115 3
119 56 1
62 117 2
135 35 1
85 94 3
107 7 3
84 11 2
2 192 1
161 143 2
116 55 2
91 147 1
143 106 2
25 149 4
85 78 4
45 40 1
60 197 4
89 87 4
70 113 1
111 87 2
175 48 1
155 52 3
173 71 2
50 10 3
38 148 1
147 72 2
70 45 4
15 112 1
31 137 3
139 68 1
30 61 1
158 77 2
17 35 4
27 130 4
151 73 4
76 94 4
53 133 4
171 170 1
6 147 4
64 195 4
163 179 2
20 91 3
158 66 3
22 155 2
137 174 2
136 75 2
16 85 3
153 2 1
6 68 1
30 59 3
193 114 3
173 93 3
45 32 4
159 192 3
49 31 2
84 71 2
183 91 1
49 48 1
44 123 1
10 193 2
86 176 4
117 164 4
74 194 1
132 5 2
94 35 1
117 11 4
139 171 4
102 151 3
19 73 3
133 44 3
15 52 3
141 97 2
155 122 3
139 33 3
92 176 3
65 127 3
146 137 3
37 166 1
164 116 4
4 29 2
133 128 2
19 181 1
125 192 2
80 195 2
26 7 1
46 101 2
150 43 1
180 155 3
144 192 2
60 167 2
78 117 2
151 49 4
77 56 1
86 105 4
62 63 4
8 130 4
40 71 1
98 116 2
38 0 1
35 76 3
81 171 3
100 40 3
56 114 4
3 165 2
119 175 1
89 22 4
111 138 3
48 28 3
32 109 4
106 74 4
156 42 4
77 132 1
54 93 4
172 165 3
87 142 4
120 16 3
25 187 2
168 171 3
49 14 2
157 14 4
17 122 1
141 90 2
177 195 2
126 194 3
73 87 2
79 97 4
160 195 4
174 95 2
79 174 4
107 145 1
70 185 4
130 90 3
9 72 3
94 120 2
42 174 2
1 58 1
72 52 4
100 107 2
40 77 3
150 103 3
3 77 2
53 69 3
136 92 2
23 187 2
65 12 2
30 83 2
51 30 4
126 127 3
185 95 4
154 175 1
28 53 3
29 6 3
140 82 3
141 106 4
28 107 2
36 133 3
74 136 1
2 29 3
143 92 2
145 39 1
10 179 2
141 88 2
50 82 4
188 128 2
132 20 4
13 112 2
82 16 1
96 54 4
90 181 4
109 141 4
64 70 4
185 67 1
193 116 2
80 57 3
168 187 3
198 80 2
138 30 4
42 98 3
188 44 2
53 159 1
38 80 3
74 97 3
112 47 4
151 160 3
119 160 1
108 170 1
107 95 1
127 191 4
111 127 2
28 175 4
78 16 4
73 148 2
57 89 1
173 144 3
94 174 2
32 130 4
27 115 1
64 21 3
16 81 3
19 117 3
35 103 2
52 195 3
74 111 4
188 120 4
193 166 3
7 38 3
187 131 2
163 17 4
159 171 4
13 95 1
173 101 3
66 111 4
186 181 4
37 183 3
143 187 2
193 149 3
20 83 2
123 3 1
118 136 3
122 198 1
177 163 1
149 65 2
180 33 4
5 107 1
40 126 1
51 32 2
169 99 4
77 105 2
66 3 4
34 117 2
83 141 1
69 128 3
21 171 1
111 137 4
87 170 1
95 184 3
55 34 3
118 37 3
171 74 4
172 102 4
0 132 1
53 32 4
167 30 2
196 171 1
109 40 4
169 25 1
49 153 2
191 61 2
2 142 2
146 159 1
92 139 1
189 97 4
153 79 3
70 194 3
14 58 1
156 147 4
30 23 1
185 18 4
80 197 4
3 117 3
112 137 4
143 110 4
100 147 2
188 94 1
88 163 4
112 50 4
90 117 3
32 28 2
5 173 1
144 3 3
131 78 1
33 96 2
97 41 1
137 53 2
36 146 1
23 90 3
24 78 2
83 108 1
199 36 2
173 197 4
164 124 4
128 19 2
37 105 1
45 149 1
41 107 4
142 31 3
6 38 3
56 95 2
44 4 4
85 151 2
138 24 3
195 158 3
22 15 4
176 106 4
96 145 4
61 95 4
111 16 2
42 112 2
135 72 4
163 144 1
34 62 3
69 120 3
43 54 3
16 126 3
128 26 2
70 24 4
56 153 1
14 118 2
66 18 4
172 159 4
44 172 3
55 199 1
48 192 2
24 43 2
155 102 2
64 83 2
154 178 4
91 73 4
137 194 2
71 89 1
165 76 3
118 132 2
166 74 1
79 131 2
27 106 2
84 136 3
95 124 4
198 116 1
41 43 2
72 3 2
186 43 4
92 77 1
133 19 1
152 120 2
104 119 4
191 31 3
134 110 2
101 143 4
59 53 3
16 112 4
93 84 4
93 7 2
195 94 2
85 121 3
118 91 2
150 99 2
101 163 2
8 86 2
43 61 1
179 95 3
164 24 3
123 95 2
85 185 1
34 18 3
140 30 4
1 51 3
117 66 3
124 134 2
155 192 2
164 114 2
115 117 2
198 131 2
195 194 3
153 4 2
134 195 2
71 131 2
149 31 2
177 124 2
43 110 4
133 140 4
122 84 4
136 170 1
58 90 3
89 157 2
89 5 4
28 88 4
53 9 1
26 37 1
146 79 2
88 65 4
26 147 4
84 5 3
114 70 1
89 25 4
52 62 3
169 110 4
172 143 4
180 43 2
125 188 3
169 3 2
81 69 3
52 112 2
8 72 3
48 67 2
153 5 2
171 84 3
68 57 1
118 131 1
149 84 4
0 68 1
49 50 4
119 0 1
116 37 3
67 187 4
45 119 3
189 151 2
35 110 3
42 16 3
95 161 1
114 131 3
158 111 2
38 70 3
133 37 1
195 8 1
12 62 3
177 194 1
29 107 4
199 16 3
132 197 2
80 71 2
142 150 3
6 149 2
47 2 1
141 199 2
166 79 3
44 63 3
13 54 2
61 13 3
196 141 2
45 3 4
166 101 3
49 150 1
156 172 4
4 196 1
176 102 3
172 45 2
54 91 1
141 145 1
15 127 3
163 192 4
43 160 1
143 103 4
94 111 3
184 144 2
15 156 1
75 68 3
72 29 2
65 2 1
85 27 2
165 34 3
140 117 4
106 137 2
60 28 1
21 194 1
108 128 4
82 135 1
34 198 3
199 175 1
81 139 1
65 53 1
51 15 4
74 22 3
189 141 3
152 191 3
83 150 2
159 105 2
88 15 3
118 116 1
131 119 3
196 108 1
93 160 2
176 5 1
143 98 2
167 129 2
192 3 4
2 148 1
154 78 1
154 43 4
67 128 2
25 172 1
45 163 3
180 47 2
67 80 2
60 50 1
79 28 1
165 78 2
20 137 3
35 11 3
185 132 2
81 179 4
127 148 1
111 147 2
121 19 2
132 2 4
5 135 1
142 102 4
119 115 4
128 75 1
167 101 1
144 156 1
100 167 4
84 107 2
142 78 4
98 49 4
100 135 1
16 129 2
95 145 1
194 182 4
66 12 4
109 144 1
156 125 1
53 179 2
187 179 3
148 145 1
103 7 1
177 123 2
49 64 3
16 133 3
112 86 1
136 100 3
194 37 2
11 107 3
118 75 2
199 65 4
148 63 1
122 135 1
159 167 1
145 159 4
44 99 2
43 50 4
179 134 2
110 131 3
114 144 4
63 11 2
155 131 1
34 41 3
12 79 3
92 95 1
5 70 4
153 169 1
129 38 2
187 19 3
184 134 2
42 192 1
6 134 4
182 61 1
109 120 2
87 39 2
26 189 1
153 196 2
185 193 2
120 23 4
85 129 4
198 140 3
160 134 3
172 189 1
83 197 2
95 73 1
56 191 4
90 31 4
41 58 3
108 187 1
187 188 3
137 153 4
81 60 3
67 139 4
128 158 3
101 109 1
12 56 3
53 39 1
126 116 1
53 192 3
160 115 4
34 46 2
29 100 1
130 46 2
21 79 3
110 189 2
141 2 1
90 99 2
63 131 1
7 116 3
86 77 3
180 73 3
118 58 2
166 36 2
13 10 3
23 171 4
98 55 4
144 22 3
31 185 3
85 138 1
167 118 4
145 112 2
51 165 3
25 22 2
134 121 3
198 22 4
97 178 3
60 148 1
147 71 4
79 60 3
181 146 2
65 51 3
5 183 3
72 44 4
56 60 4
162 172 1
71 161 4
13 37 3
101 150 3
58 97 1
68 109 1
3 20 3
196 37 4
114 127 2
51 161 3
74 164 3
26 41 2
49 126 2
85 181 3
7 69 2
61 187 2
136 80 3
197 28 2
52 124 1
192 23 4
173 24 3
0 120 1
43 184 1
107 168 3
65 8 3
100 57 2
8 181 1
153 41 3
11 131 4
199 110 4
25 113 3
136 135 2
111 178 1
18 122 2
131 163 3
69 20 1
33 158 3
120 168 4
101 152 2
45 91 4
166 97 1
61 125 1
195 139 2
67 111 3
17 13 2
124 25 4
145 8 2
155 58 2
11 189 4
38 88 1
28 84 1
79 102 2
162 152 1
47 51 2
67 178 3
133 135 1
33 141 1
33 34 3
97 26 2
162 114 3
143 119 2
65 125 4
135 153 3
37 185 4
115 7 3
10 38 2
59 51 4
163 55 2
126 21 3
134 152 4
195 84 4
139 19 1
90 149 4
40 164 4
83 3 4
180 178 4
127 74 3
13 127 3
38 155 4
146 46 4
152 197 4
47 54 2
91 17 4
177 29 4
25 189 4
161 141 4
26 12 4
181 46 3
163 5 4
89 98 3
178 192 4
86 111 1
130 192 3
134 79 2
174 87 1
2 152 2
0 131 2
67 132 2
130 70 3
104 183 3
147 183 3
129 160 2
125 27 4
178 23 1
30 95 2
63 49 2
90 62 4
197 133 2
144 58 1
55 22 4
144 81 4
142 176 1
198 123 1
99 128 3
115 4 2
50 101 1
192 10 4
134 119 1
92 193 1
179 63 2
3 81 3
48 101 3
105 150 3
39 130 1
58 192 3
164 23 3
88 19 2
18 3 3
0 36 1
145 184 1
186 131 2
169 8 3
56 59 2
150 102 3
191 139 2
187 14 3
85 70 4
47 147 4
61 26 1
124 192 3
131 129 3
89 138 3
151 196 3
37 197 3
126 108 4
42 172 1
193 99 3
48 65 1
123 51 3
65 33 1
95 10 1
22 123 4
141 93 4
22 98 3
108 139 3
182 175 3
183 27 3
179 82 4
12 144 4
163 118 1
123 4 2
85 91 3
148 169 3
129 53 3
16 76 2
57 126 3
195 113 4
71 143 4
106 184 2
87 34 3
61 135 3
63 52 3
44 114 4
177 154 2
64 3 2
109 169 1
40 155 1
164 177 2
136 8 4
74 84 4
92 166 2
169 158 2
98 130 3
120 129 4
115 9 3
183 85 3
125 151 3
2 86 4
119 99 3
108 141 2
5 158 1
123 181 4
112 139 2
169 67 2
39 20 4
37 24 1
191 121 4
93 95 1
192 16 2
98 87 1
130 67 3
182 37 1
13 15 3
194 107 4
160 185 2
58 22 4
147 63 2
38 192 4
27 43 3
34 144 3
71 103 1
48 157 1
147 106 2
65 19 3
155 75 2
157 18 3
180 168 2
19 78 1
75 20 3
99 93 2
64 193 3
146 119 4
59 25 1
187 157 1
161 167 4
8 6 3
22 179 2
49 8 4
156 114 3
190 179 3
10 58 1
189 144 4
172 115 2
50 185 2
98 160 3
62 157 3
83 160 1
189 41 2
59 57 3
66 124 4
50 29 3
90 33 2
154 38 4
5 150 1
151 72 4
44 52 1
161 89 1
110 107 3
112 182 4
170 120 1
59 154 1
123 31 3
122 137 2
92 129 4
94 196 4
28 45 2
181 0 3
106 177 1
38 107 2
192 154 2
96 111 4
110 66 1
38 173 4
103 29 4
107 66 4
56 26 4
48 145 1
65 97 3
85 117 1
0 10 2
49 108 3
57 159 4
104 168 3
65 57 1
198 189 2
6 193 3
5 189 1
174 82 2
52 173 4
92 69 4
156 6 2
179 151 4
127 47 1
10 81 3
111 183 3
29 194 3
32 160 3
66 61 3
138 58 4
48 1 4
124 98 2
58 47 1
165 171 4
85 13 1
31 37 2
151 92 1
92 140 2
88 116 1
166 150 1
13 176 1
66 27 1
184 19 1
47 11 3
134 67 2
196 122 2
121 187 4
141 77 1
51 174 4
106 160 1
178 185 4
33 14 3
111 5 1
159 37 2
5 174 1
132 128 4
41 11 4
169 199 3
103 88 2
6 12 3
166 85 2
54 58 3
196 57 2
186 20 2
80 27 3
151 156 4
112 146 4
44 113 4
98 148 4
80 121 2
31 95 3
181 108 4
168 41 4
5 97 4
0 182 3
86 178 3
193 105 2
118 183 3
126 152 3
152 181 1
7 133 2
67 190 2
194 31 3
145 20 4
16 57 1
151 140 4
177 65 4
33 87 1
17 188 4
79 133 3
57 158 1
58 77 3
152 51 1
6 52 4
49 75 2
29 147 1
145 88 3
27 184 1
95 46 2
108 31 3
124 141 3
138 20 4
57 54 3
38 86 1
24 158 4
164 189 2
158 13 3
7 94 4
48 78 4
79 156 4
129 74 1
76 132 3
50 30 1
70 156 3
11 183 4
119 80 2
142 114 3
118 103 1
20 159 3
158 109 1
147 99 2
79 189 1
81 199 4
111 109 2
195 149 3
27 153 2
115 199 1
28 34 4
5 66 1
78 22 4
48 71 1
90 138 3
20 191 2
181 27 1
131 97 3
130 9 2
73 96 3
57 132 4
188 176 4
16 190 2
86 101 3
56 0 4
80 106 1
92 133 2
97 3 3
139 5 3
157 17 2
96 129 4
80 81 1
60 179 2
15 111 1
102 98 1
96 122 4
18 138 2
135 16 4
44 77 4
90 113 1
46 150 2
24 99 1
13 135 3
18 38 4
2 146 3
23 184 1
42 49 1
81 125 3
181 184 2
152 97 4
180 1 4
112 34 4
197 14 1
77 17 4
77 178 3
62 28 3
136 91 2
190 60 2
120 61 3
30 27 3
108 96 2
44 187 1
107 72 4
177 143 4
94 84 2
97 82 4
45 112 4
184 71 1
189 143 4
19 3 2
29 149 3
50 141 1
114 136 2
55 81 1
130 45 1
177 63 1
148 107 4
101 54 4
108 167 2
44 48 1
199 193 4
101 104 3
5 22 2
178 95 4
113 5 3
4 43 1
189 129 1
85 141 1
196 47 3
165 56 4
102 45 4
155 91 3
25 51 3
156 1 2
124 154 2
134 30 1
19 174 1
160 13 4
14 23 4
171 12 2
70 4 4
38 121 2
87 42 4
157 121 2
112 8 3
115 63 1
9 37 4
92 35 1
148 97 3
117 13 4
140 78 3
62 36 4
144 13 3
86 166 4
86 174 4
165 158 1
115 118 1
22 132 1
121 94 1
4 117 4
196 77 2
86 139 2
73 195 1
12 191 1
178 98 2
12 157 3
19 30 1
142 30 2
89 110 3
102 184 2
180 183 4
23 163 1
44 189 1
22 97 4
102 122 2
84 18 4
76 145 4
57 101 1
84 172 4
65 44 3
142 199 2
147 120 2
119 152 3
64 37 2
179 19 3
152 144 2
129 79 2
118 180 4
53 127 2
67 39 2
57 49 3
178 50 1
16 65 3
172 179 3
52 30 2
184 135 4
163 132 2
126 178 4
157 133 2
159 175 1
135 195 1
91 134 3
100 95 3
114 76 1
198 28 2
48 135 1
185 139 3
34 93 1
92 58 2
45 186 4
63 164 2
195 31 3
148 111 3
128 83 1
179 162 3
131 43 1
124 84 1
120 110 2
97 49 3
70 132 3
124 113 3
126 146 2
75 171 1
142 109 1
26 84 2
95 0 4
7 44 2
31 53 1
67 105 1
80 138 1
33 0 1
75 162 3
1 170 3
142 97 3
52 42 3
13 73 2
117 103 4
83 165 3
198 81 2
105 194 4
158 106 1
134 46 2
29 141 4
4 39 4
34 3 1
29 130 1
95 116 4
192 127 1
153 87 4
117 198 1
15 28 2
56 2 2
63 168 2
109 15 3
101 35 4
151 81 4
48 106 4
77 122 1
187 4 1
93 71 4
171 157 1
185 23 3
77 172 2
7 108 3
199 57 4
77 94 2
138 6 1
56 96 3
129 20 2
150 145 1
0 109 4
121 138 2
18 146 3
162 68 3
56 1 2
196 29 3
112 23 1
174 72 2
181 177 3
171 9 4
195 159 4
56 25 3
124 7 2
2 167 3
178 148 1
55 72 2
31 88 2
119 64 3
7 79 3
102 107 2
134 102 1
122 36 3
24 167 1
85 128 4
4 199 3
157 182 1
181 83 4
3 41 1
31 54 3
143 115 2
150 124 4
67 124 3
30 60 2
36 3 2
80 199 1
165 70 1
47 33 1
22 47 1
40 38 1
19 166 1
197 87 3
5 81 4
63 57 4
49 55 4
106 145 2
26 55 3
2 74 2
62 154 1
5 79 4
2 99 1
170 135 2
75 127 2
104 153 4
105 188 4
28 92 1
66 130 1
175 58 2
130 40 3
102 21 3
194 14 4
34 175 2
171 17 1
64 128 3
74 135 4
97 101 2
85 159 2
116 127 2
72 24 4
28 13 1
75 27 2
139 96 1
130 142 4
122 128 3
120 24 1
154 25 4
198 7 3
82 130 2
99 43 4
126 136 3
100 70 3
102 99 3
88 194 2
88 33 1
67 131 2
150 25 1
105 79 3
65 184 1
74 65 3
115 95 3
24 4 2
29 112 3
126 135 2
52 31 1
91 13 3
101 192 4
103 45 3
121 65 2
91 36 4
75 196 2
101 181 1
142 147 2
129 179 3
115 107 2
191 167 4
189 20 2
71 45 1
133 99 1
173 163 4
1 136 4
83 86 1
138 91 1
9 160 4
160 69 3
50 130 4
64 188 1
19 5 1
60 97 3
173 126 1
67 45 1
63 118 4
59 189 1
155 188 4
179 15 4
118 106 4
155 152 2
131 1 4
98 76 3
113 145 1
148 156 1
93 184 3
31 64 3
144 102 3
141 87 1
12 181 1
181 187 2
32 58 3
182 58 1
76 19 4
164 26 1
160 34 3
146 196 2
192 121 1
93 55 4
185 138 1
28 56 3
108 174 3
151 87 2
197 74 3
159 78 4
89 1 3
191 179 3
136 96 2
107 1 1
152 44 2
64 149 4
26 124 2
43 111 1
161 52 2
41 66 4
6 87 3
96 104 2
191 125 4
160 15 2
105 38 2
112 197 4
79 162 1
158 88 4
149 163 4
186 23 1
192 55 2
150 155 2
46 14 4
32 73 2
50 125 4
109 3 3
59 118 2
104 131 1
187 177 4
110 132 4
31 60 4
120 9 2
55 83 4
23 6 2
194 60 2
192 50 4
45 116 2
174 182 3
90 153 4
93 154 1
9 187 1
73 8 1
75 66 4
178 169 2
152 93 4
120 49 4
113 180 3
85 10 3
140 148 1
98 86 3
20 30 1
149 2 4
39 146 2
59 180 2
142 36 4
187 71 4
175 143 2
70 154 2
94 67 3
157 82 1
174 169 1
134 181 1
156 182 4
28 189 2
163 56 2
90 142 3
126 147 1
41 30 1
152 78 4
157 75 4
194 66 4
190 95 3
96 184 2
1 78 2
33 80 2
121 122 2
172 185 4
66 70 3
2 32 4
21 110 3
92 179 2
127 106 4
88 90 4
23 7 4
139 49 1
174 196 3
13 124 3
118 181 3
13 104 2
164 22 1
181 179 2
76 59 3
41 142 3
16 145 2
15 129 2
107 82 1
32 155 2
125 8 1
147 136 1
127 78 3
76 180 1
26 150 4
131 26 4
145 147 2
34 0 4
158 154 3
153 61 3
56 167 1
190 136 2
98 8 3
118 12 1
59 77 2
88 167 2
58 79 4
34 168 3
122 91 1
38 159 4
114 39 1
147 9 1
16 53 1
52 90 2
21 143 3
89 107 3
78 38 4
67 137 3
11 55 4
144 119 1
18 33 4
91 28 1
175 167 2
89 120 1
57 44 2
71 181 4
193 71 4
132 120 1
69 21 2
15 6 3
128 15 2
161 33 4
150 66 4
150 114 2
67 66 3
38 58 1
118 13 3
21 124 2
138 40 1
56 176 4
25 9 1
101 41 2
186 80 1
140 194 3
85 178 2
82 65 1
82 20 2
127 107 3
96 159 2
191 66 1
174 59 4
104 190 2
170 70 3
194 134 4
51 141 2
195 138 1
106 111 4
84 14 1
73 164 2
20 55 4
115 69 4
4 152 2
103 25 1
62 146 3
102 8 4
149 49 4
86 71 1
176 29 1
148 67 4
73 165 2
191 24 1
181 147 1
139 125 2
115 186 3
6 65 3
134 34 3
180 2 4
16 88 1
160 17 3
84 0 1
16 186 4
155 103 1
71 194 2
48 160 2
160 75 1
124 6 3
130 31 3
96 4 4
41 60 2
46 127 1
80 10 3
74 196 1
35 30 2
119 120 4
144 35 1
21 72 3
138 167 4
134 72 4
194 103 1
87 22 2
36 30 3
65 118 4
116 6 4
144 31 1
1 28 4
134 109 2
192 71 4
48 150 2
32 199 2
77 149 4
126 109 2
6 120 1
131 173 1
101 14 4
174 43 4
121 92 1
158 90 1
167 53 1
125 51 3
45 127 2
42 60 4
105 78 3
186 150 4
185 158 4
38 185 2
89 47 4
79 190 2
85 101 4
170 77 4
24 60 4
19 98 2
19 143 3
137 77 2
186 134 1
132 97 3
0 176 3
154 179 2
43 82 4
97 90 1
17 25 2
112 187 3
189 149 4
100 179 3
74 148 3
134 40 4
143 22 2
157 7 1
55 155 1
47 189 3
51 105 2
90 137 4
73 62 3
159 62 2
199 44 2
76 182 4
92 10 3
49 78 4
100 187 4
83 107 4
190 69 4
62 110 1
93 74 3
35 124 1
19 37 3
179 183 2
80 176 1
121 25 3
61 92 4
137 86 4
59 155 4
132 61 1
178 164 2
105 160 2
84 67 4
150 137 4
80 194 4
75 87 4
15 132 2
36 102 4
181 116 2
90 6 2
20 175 2
95 168 3
112 12 3
199 92 2
144 99 4
138 74 3
168 57 4
3 189 3
127 62 1
124 178 1
161 197 3
62 147 3
101 58 4
141 91 2
87 189 2
81 93 2
163 41 3
121 96 1
36 17 3
123 78 3
130 146 4
17 168 4
148 110 3
130 85 1
63 111 3
143 191 3
20 126 1
47 69 1
187 151 3
66 38 2
38 141 4
126 52 1
16 137 3
52 29 4
48 3 3
87 85 2
34 195 1
56 193 4
161 103 2
67 18 1
179 182 3
17 93 1
72 63 1
142 71 3
27 29 1
42 198 1
68 26 1
135 97 2
81 85 2
66 73 2
57 42 4
26 91 1
17 27 3
65 139 4
127 30 2
95 17 4
87 25 2
198 108 4
100 32 4
166 119 3
165 103 4
103 70 4
112 172 1
7 87 2
53 63 1
156 160 2
121 174 4
114 25 3
157 86 3
34 194 2
29 75 2
155 92 2
164 153 1
82 33 3
9 154 1
69 167 2
1 167 2
99 4 3
181 76 3
130 11 1
33 81 1
113 42 1
75 42 4
93 40 4
50 85 3
9 48 2
155 197 4
18 158 1
55 146 1
20 72 1
170 73 3
146 65 2
121 41 3
23 70 2
2 155 3
46 140 2
88 99 4
99 145 2
157 136 2
192 106 1
161 177 1
36 197 2
140 66 1
8 129 3
139 21 2
39 186 2
166 131 2
115 57 2
5 85 4
199 25 4
52 37 3
104 123 4
94 15 2
23 22 1
118 31 2
118 27 4
153 182 2
93 112 1
23 67 3
106 17 1
88 69 3
155 149 3
15 184 2
165 91 2
69 28 4
12 44 3
155 28 3
14 168 3
56 23 4
120 161 1
114 90 4
1 164 3
163 158 4
124 159 3
187 93 1
77 146 1
132 68 3
131 192 1
134 103 2
151 67 4
101 118 3
26 132 4
106 54 1
91 61 1
199 123 2
157 148 1
19 173 4
83 36 4
5 68 1
15 97 1
29 70 2
108 171 2
24 94 2
172 24 2
105 186 1
0 27 4
19 199 3
7 172 4
4 108 1
128 195 2
182 119 2
113 58 3
164 72 2
133 158 3
165 161 2
98 195 4
32 49 2
122 82 4
120 90 4
31 186 2
190 195 2
80 185 1
142 17 4
28 18 3
120 186 2
199 155 2
130 37 3
28 137 3
16 38 3
171 118 4
151 6 2
55 45 1
97 140 4
97 150 2
178 19 3
77 30 1
187 192 4
116 145 2
28 99 4
178 115 4
126 179 4
134 100 4
182 60 3
78 89 3
48 147 3
141 76 1
142 98 3
13 119 2
163 53 1
134 41 2
17 3 4
51 10 3
125 161 1
54 166 4
38 19 4
113 100 1
29 17 3
12 22 1
47 57 2
16 36 1
28 158 4
54 128 3
118 96 4
132 21 4
195 163 1
55 102 2
145 1 2
172 49 4
15 194 1
154 111 4
188 183 4
42 130 3
6 199 4
8 187 2
23 88 1
131 83 2
191 30 2
145 17 1
155 116 3
119 142 2
156 71 4
182 146 2
3 42 3
190 157 1
119 39 3
129 17 4
47 6 1
98 21 4
14 35 2
137 176 4
45 110 1
84 156 1
141 105 4
157 128 3
122 46 1
138 25 4
199 88 3
51 121 2
102 147 1
27 4 2
36 23 3
166 50 1
3 59 1
19 140 3
1 61 1
175 164 3
130 113 4
95 153 2
98 53 2
62 23 1
9 77 3
62 180 4
88 10 3
7 174 2
108 121 1
190 71 4
36 174 4
157 38 4
197 158 2
184 26 2
38 194 1
150 32 1
177 192 2
5 40 4
187 22 2
14 150 4
135 39 4
66 78 3
18 144 3
190 54 4
170 17 2
199 186 1
115 73 3
37 179 2
197 32 4
89 181 1
170 85 2
162 117 2
92 9 3
144 127 3
33 8 2
33 24 1
50 1 4
187 124 1
24 39 4
45 138 3
22 129 1
197 108 1
163 85 1
0 174 3
71 94 1
144 59 2
50 147 4
123 158 1
111 136 2
86 1 2
104 174 4
48 199 4
11 133 2
52 189 4
53 52 3
5 24 2
80 123 1
118 95 4
66 196 1
188 119 1
47 158 1
93 144 3
102 18 3
162 46 4
103 175 2
37 114 4
39 133 2
68 188 4
131 44 3
69 61 4
10 107 3
165 196 1
199 179 2
69 184 4
123 117 4
41 180 2
64 196 1
97 67 2
152 163 4
130 13 4
87 78 3
86 144 1
48 75 4
36 180 3
89 166 1
191 173 1
196 187 4
42 66 1
76 55 1
33 26 2
8 140 4
170 67 2
56 86 2
198 32 1
53 1 2
133 119 3
181 50 1
87 99 4
138 122 4
167 95 4
45 64 2
94 81 3
149 32 2
151 161 4
104 165 1
179 136 4
21 154 4
160 55 1
78 63 2
0 137 3
88 37 4
65 76 3
143 138 3
3 9 1
98 128 1
142 158 4
63 90 3
127 33 1
61 196 4
164 71 4
36 80 3
59 178 4
120 151 2
194 61 1
115 64 2
128 105 3
153 6 2
164 174 3
64 143 1
130 104 3
194 163 1
193 113 4
37 181 4
88 104 1
75 51 3
22 54 2
191 128 1
106 58 1
61 76 1
53 49 1
193 9 4
162 77 4
46 192 1
85 4 3
113 47 2
197 101 3
62 27 3
8 24 3
137 115 4
87 106 3
40 28 3
0 63 3
136 128 2
137 124 1
76 172 3
157 29 4
44 143 3
114 126 2
31 161 3
82 98 1
124 197 3
164 92 1
62 136 3
61 99 3
85 132 3
57 29 4
130 149 2
15 199 3
22 148 4
75 165 1
26 0 2
26 193 3
71 58 4
150 37 1
62 66 2
61 113 2
196 39 1
64 84 1
119 199 2
60 173 2
162 147 4
103 1 4
19 90 3
110 15 4
198 141 4
115 105 4
65 112 2
16 50 3
56 72 3
157 195 1
177 11 2
70 94 3
2 160 2
83 127 1
176 161 3
53 60 4
107 8 1
95 172 4
77 87 4
183 59 4
134 17 1
135 37 2
96 113 1
76 82 2
71 126 4
199 185 2
38 35 2
22 6 3
193 98 4
55 23 4
69 95 2
191 43 1
166 17 2
26 163 4
157 152 2
92 87 1
180 13 2
3 46 1
111 52 2
4 136 2
159 141 3
175 157 3
68 42 2
86 23 4
72 142 3
20 116 1
19 115 3
158 147 3
117 94 3
44 94 3
25 115 1
88 155 4
121 185 2
139 24 3
122 183 1
8 153 1
38 104 4
158 149 4
63 166 1
35 2 2
24 132 2
197 16 4
145 90 3
43 23 2
178 79 4
158 116 1
101 141 2
188 36 1
170 80 3
31 136 1
187 24 3
52 117 2
136 134 1
103 109 3
135 178 3
161 138 3
14 136 4
34 150 1
133 180 1
89 135 3
197 137 4
118 86 4
18 159 3
130 114 4
162 160 2
49 51 2
110 168 3
59 114 3
179 132 4
80 42 2
46 91 4
69 35 4
106 113 3
73 63 4
153 187 4
68 41 1
199 68 1
87 148 2
27 48 4
189 117 3
89 101 2
138 61 4
121 110 3
158 184 1
161 94 1
18 72 1
73 82 4
134 94 1
117 24 4
177 42 3
133 51 3
187 37 1
173 86 3
90 129 4
142 121 4
10 2 4
5 35 4
90 150 1
137 22 3
92 99 3
142 6 3
19 97 1
90 75 1
37 123 2
88 159 1
12 55 1
56 36 2
92 78 2
91 5 4
65 111 1
12 110 2
18 36 3
166 46 4
185 113 3
130 112 4
54 107 1
195 133 2
58 64 3
168 183 4
192 34 2
133 70 4
30 38 2
63 146 1
134 166 3
163 122 1
3 54 4
145 43 1
140 91 2
25 40 4
62 77 3
31 159 3
119 102 4
161 78 2
188 143 2
36 41 3
74 86 1
61 129 1
184 151 4
73 177 4
192 70 3
110 34 2
102 140 4
125 46 2
178 172 1
73 162 1
52 49 3
117 176 2
52 176 3
62 89 4
20 100 2
74 168 2
153 145 2
198 2 1
41 136 1
114 140 3
110 29 2
11 150 3
169 29 3
18 4 1
157 31 4
91 94 2
178 146 2
15 175 1
76 96 2
166 83 3
168 75 2
150 17 3
139 22 1
98 61 4
4 1 4
37 74 2
184 9 2
164 167 1
82 13 1
39 73 3
114 186 1
119 190 1
91 161 3
52 99 2
142 135 3
10 34 1
38 90 1
0 65 1
19 57 4
126 142 2
48 84 1
64 73 3
163 0 3
71 169 4
28 44 4
75 38 4
81 126 2
19 198 4
32 120 4
74 28 2
193 100 3
130 48 2
1 169 2
65 23 2
5 21 3
144 138 1
139 136 3
20 112 2
97 59 2
99 65 2
191 162 2
185 46 4
53 118 1
159 174 4
68 76 2
12 125 4
122 185 1
95 170 1
77 198 4
114 104 1
105 136 4
153 52 3
160 50 2
147 59 4
161 174 2
92 172 1
103 54 4
59 160 4
115 151 2
16 71 2
69 8 1
9 113 2
146 33 2
183 142 1
12 37 1
152 8 3
67 174 2
49 161 1
5 33 3
35 187 4
7 16 4
148 32 3
151 149 4
166 146 1
7 114 1
61 101 4
176 76 2
171 187 4
25 104 4
68 93 4
42 181 2
166 28 2
7 131 2
147 170 2
195 53 3
8 103 3
42 193 4
143 144 3
124 78 1
183 0 4
58 179 3
33 64 1
124 54 2
29 8 4
54 119 1
17 140 4
28 165 1
67 70 2
22 81 4
90 190 2
82 142 2
74 38 4
80 174 1
170 183 3
79 30 4
76 150 3
132 141 1
42 39 4
93 139 1
76 66 2
176 127 2
179 157 2
59 42 3
50 90 4
137 36 1
184 196 3
146 11 2
53 96 3
70 47 3
161 106 3
68 107 4
31 102 2
10 120 2
166 189 1
116 157 4
4 176 1
73 152 4
92 44 1
0 166 4
100 106 2
138 149 1
150 42 1
6 63 4
172 174 1
49 171 2
14 66 3
147 43 4
155 51 2
167 35 1
39 103 3
8 170 3
75 121 3
133 31 4
101 162 1
160 79 4
175 151 2
71 182 2
134 162 4
151 80 2
181 28 4
145 93 2
4 95 4
39 169 2
58 67 4
186 70 2
158 78 2
2 87 2
45 24 3
77 152 4
154 109 1
31 21 2
142 146 3
176 155 1
112 132 1
167 109 4
135 51 2
37 53 3
61 151 2
77 95 4
133 3 4
173 68 3
160 60 2
102 53 1
58 111 1
139 121 1
69 176 2
175 190 3
73 116 4
146 164 1
15 154 2
16 67 3
131 124 3
183 121 3
12 87 3
93 194 2
97 71 4
123 20 1
41 140 1
164 21 1
5 136 1
38 139 1
69 74 4
194 114 4
44 87 1
111 54 4
130 194 4
124 133 3
81 152 2
127 36 2
27 151 1
162 148 2
165 54 1
108 138 2
22 67 2
62 129 4
181 25 2
167 48 4
192 4 1
114 95 4
64 150 3
193 190 4
154 0 4
198 156 3
37 22 4
16 158 4
189 192 4
186 74 2
133 152 4
172 117 4
142 29 4
85 173 2
135 181 3
107 87 3
41 20 3
154 121 2
71 176 1
193 103 4
48 24 1
102 35 3
45 42 4
144 131 1
197 181 1
31 26 2
146 108 4
32 117 1
86 188 1
117 109 3
45 76 3
50 116 2
22 122 1
117 105 3
121 50 4
105 66 1
26 51 2
164 58 3
93 114 3
67 32 2
82 11 3
128 125 2
78 62 4
156 38 3
111 181 2
116 142 4
145 194 1
100 165 1
144 36 4
2 14 2
79 81 2
106 20 2
191 137 3
124 176 3
109 151 3
168 161 1
38 56 2
169 49 2
9 150 4
61 62 1
117 179 2
6 152 3
82 139 4
145 175 4
199 173 3
23 197 3
69 142 2
53 99 4
181 16 2
172 68 2
107 174 4
111 78 4
105 112 4
31 151 4
136 32 1
99 140 1
172 9 1
106 10 2
58 131 1
49 152 2
97 149 4
136 185 4
198 114 4
46 102 2
148 36 1
95 129 2
11 93 4
91 120 3
179 127 3
16 2 1
99 95 4
52 178 1
82 40 2
161 70 1
30 163 4
110 17 4
105 190 4
192 140 4
147 64 4
177 169 4
90 79 3
122 87 3
186 145 2
37 117 1
4 131 4
22 21 2
76 90 4
162 100 1
162 122 3
19 62 3
67 193 1
103 140 1
170 26 1
16 11 3
151 9 3
113 82 1
68 62 1
57 88 2
177 59 3
171 43 3
101 191 1
134 29 4
6 64 4
167 156 2
38 193 2
139 162 4
166 145 3
170 118 3
79 112 4
145 108 2
135 43 4
94 169 2
41 179 1
130 155 3
183 78 3
178 179 3
42 6 3
35 199 2
183 63 1
123 141 4
140 167 4
70 33 3
182 15 4
25 13 4
104 60 1
172 151 3
145 149 1
171 20 4
108 22 1
132 27 3
140 139 4
108 100 2
131 66 4
163 99 4
197 20 2
79 187 1
106 110 2
68 152 4
65 175 2
42 67 4
195 22 3
40 101 3
96 102 1
49 20 1
181 144 1
41 183 2
25 197 2
89 113 2
9 78 1
171 199 3
172 139 4
30 132 1
55 168 1
79 43 4
88 109 1
11 182 3
121 27 4
36 10 4
41 119 1
40 104 2
51 171 2
52 41 3
46 187 1
37 147 1
6 26 4
105 183 4
135 27 2
125 126 4
186 71 2
55 94 2
197 174 4
164 140 2
181 124 2
33 17 1
172 74 1
98 141 2
24 103 4
137 120 3
175 186 2
114 120 2
116 102 1
94 33 3
132 73 3
1 113 2
114 111 3
185 196 4
48 163 2
1 47 4
50 64 3
30 92 4
130 84 4
83 32 1
135 64 2
97 161 4
38 28 3
185 34 3
106 196 3
158 198 2
147 143 4
80 72 4
129 24 1
115 80 4
106 34 2
44 14 2
89 128 3
143 39 4
101 12 2
36 95 2
142 89 1
108 154 4
153 143 3
71 98 3
161 58 3
144 70 2
149 120 4
182 88 1
164 49 4
55 97 3
67 40 2
175 57 1
42 190 2
167 27 4
22 177 2
99 89 3
35 79 2
48 102 3
171 192 2
9 179 2
23 98 1
112 48 2
76 86 4
68 144 3
22 125 2
21 15 2
44 43 3
47 110 1
38 57 2
137 70 1
139 186 2
117 161 2
46 69 3
47 197 4
104 138 1
6 37 1
88 60 2
107 94 3
191 165 1
170 191 4
84 3 1
52 98 1
123 49 1
154 8 4
27 171 1
40 91 4
131 126 1
190 33 4
69 125 1
148 35 3
141 80 3
169 78 4
108 183 1
85 190 3
92 152 4
110 63 3
10 195 2
172 184 2
68 50 1
143 113 3
40 9 3
35 28 3
100 18 2
116 153 3
153 144 1
180 145 3
71 110 1
27 164 1
25 159 4
106 38 4
160 181 2
49 128 1
199 83 4
45 95 2
5 117 3
54 167 4
81 25 1
98 88 1
151 157 2
9 153 1
17 149 3
187 70 1
101 70 2
192 182 4
65 29 4
82 39 2
134 139 2
70 31 1
183 80 3
50 151 4
2 122 4
70 166 4
41 84 1
196 109 2
105 119 1
91 53 3
159 80 1
24 179 1
5 76 2
153 185 1
71 65 4
174 66 3
11 57 1
77 19 3
24 166 1
180 124 2
143 74 1
83 8 1
154 149 1
88 175 3
16 59 4
136 85 2
29 173 4
93 29 3
166 178 2
96 93 1
75 146 3
41 109 4
79 158 2
64 144 1
2 135 2
89 167 2
164 94 3
108 59 4
120 79 3
114 74 3
141 167 4
102 52 3
135 160 2
109 37 1
138 148 2
76 67 4
132 99 4
127 2 1
165 72 1
18 64 1
107 62 2
17 167 2
79 123 2
197 116 3
142 107 1
144 168 2
0 42 1
23 124 3
161 0 1
85 80 4
104 117 1
40 97 3
15 198 4
186 32 2
5 69 2
7 49 1
177 175 1
67 91 1
189 43 1
96 117 1
109 130 2
86 96 4
45 18 3
60 147 4
144 128 1
48 62 4
134 78 4
137 199 3
139 14 2
118 160 3
85 9 2
21 121 2
194 159 1
23 40 2
83 195 4
161 1 1
148 42 1
11 72 1
155 79 3
152 90 3
171 88 2
118 166 3
89 155 3
56 78 2
148 158 4
168 49 4
158 177 3
110 184 1
94 46 3
35 121 1
62 109 4
190 191 3
2 24 4
130 59 2
85 179 2
52 185 3
23 15 1
81 167 2
112 95 1
180 130 4
163 191 3
77 96 4
82 170 2
41 98 1
190 13 3
42 195 3
198 37 2
83 87 3
37 28 2
170 90 2
10 43 3
114 183 4
34 171 3
38 118 1
90 169 1
142 34 1
36 94 4
0 188 3
50 70 4
168 32 4
80 99 3
72 53 1
76 49 1
30 80 3
155 182 3
49 66 4
174 8 4
43 149 2
10 40 4
166 72 4
12 53 3
69 54 1
53 51 4
78 189 1
13 94 2
111 26 1
131 194 3
135 98 4
167 125 1
153 76 3
161 123 3
14 98 1
139 120 4
74 125 1
12 17 4
141 120 4
191 181 1
66 46 4
146 131 4
91 37 3
87 90 4
49 177 1
18 92 4
177 145 4
155 177 2
49 25 3
0 50 3
45 148 1
173 150 3
149 115 1
6 54 2
89 56 1
87 147 2
188 164 2
177 100 4
97 80 3
158 144 2
118 72 3
86 152 3
74 51 3
144 92 3
177 57 4
125 169 2
165 134 2
1 38 4
149 105 2
51 132 2
112 77 1
0 152 2
45 137 4
68 165 2
25 171 1
108 24 3
122 107 3
193 61 3
48 152 4
70 37 3
5 78 4
58 147 2
15 82 2
187 176 3
60 195 1
157 13 4
33 19 4
143 89 4
51 154 1
32 35 1
159 138 2
174 4 4
40 20 3
176 135 3
56 49 2
64 81 4
67 158 3
160 97 1
87 86 3
30 101 4
96 16 3
125 14 3
135 56 3
188 158 1
116 168 2
109 187 3
183 44 4
147 84 3
55 37 2
11 4 4
31 101 2
90 101 4
141 186 1
53 176 1
55 75 3
29 49 2
52 157 1
39 182 1
9 69 2
102 171 3
119 123 4
100 109 3
6 89 4
139 146 2
183 107 1
33 105 3
183 198 1
170 28 3
107 98 4
13 49 2
141 1 2
91 179 2
138 189 4
167 73 1
185 88 1
4 86 1
140 119 2
130 133 4
89 7 4
184 152 4
112 98 1
137 47 4
175 104 3
102 164 1
172 199 3
196 14 1
3 51 4
127 88 3
145 192 2
31 16 3
25 116 3
181 122 3
146 149 1
141 182 1
199 118 1
68 66 2
127 155 3
192 89 4
9 70 1
176 116 4
1 146 1
127 110 3
7 125 2
43 138 3
60 120 3
83 84 4
33 177 2
133 183 2
17 180 3
108 89 1
151 116 4
6 154 4
31 138 2
155 179 4
25 92 3
137 127 3
25 42 3
132 192 1
159 11 3
13 178 3
155 184 3
97 183 1
168 99 3
38 89 2
184 94 2
21 76 3
11 176 2
75 126 2
25 180 2
141 179 4
52 171 2
46 77 1
188 54 3
187 115 2
163 110 2
73 109 4
193 36 4
172 22 4
194 124 2
95 177 2
132 153 1
35 47 1
37 139 1
180 50 2
181 163 3
29 35 1
8 158 2
110 98 3
97 180 1
58 153 2
134 177 3
91 152 3
121 22 2
56 133 1
2 37 2
34 6 2
100 158 2
187 97 4
23 165 4
132 23 4
132 155 4
40 34 3
107 15 3
174 194 4
17 74 1
22 53 2
1 163 3
102 131 4
71 108 4
105 25 3
47 160 2
69 31 4
190 97 4
148 163 4
141 128 4
63 56 1
55 185 3
84 145 4
140 144 1
112 190 4
58 3 4
88 39 2
144 129 2
125 163 4
104 29 1
195 172 3
42 144 4
163 98 1
151 93 4
125 53 4
154 196 2
100 157 2
131 157 1
33 40 4
13 146 1
164 149 4
53 141 3
58 130 3
13 14 2
183 189 3
125 41 3
129 36 3
159 162 2
195 167 4
121 83 2
110 171 4
121 87 1
106 138 4
192 135 4
20 190 1
120 25 2
155 26 4
23 193 4
182 196 1
103 105 1
92 66 1
78 82 2
48 128 4
122 142 3
115 163 3
134 163 1
74 16 2
199 188 2
33 86 3
47 140 2
180 128 4
198 4 3
137 130 2
126 68 3
31 117 4
38 189 4
195 21 4
160 11 1
101 52 1
54 39 2
137 102 4
11 155 1
56 67 4
74 4 2
134 171 3
196 63 4
144 87 2
82 1 4
56 30 4
165 93 4
94 83 1
174 73 4
165 52 2
158 59 2
60 196 2
173 105 4
49 182 1
73 80 2
68 175 1
199 102 1
76 7 1
161 128 4
80 5 2
99 36 1
154 22 4
150 193 2
73 59 2
143 34 3
114 91 2
144 190 1
47 119 4
19 72 2
159 144 4
14 90 2
158 15 1
189 137 2
174 192 1
152 175 4
155 0 2
196 92 3
115 176 2
4 129 3
14 67 4
57 167 2
49 17 4
176 79 3
90 39 4
182 6 2
29 78 1
12 146 3
23 26 1
191 120 1
85 103 1
145 83 3
21 187 2
83 179 2
57 30 1
130 138 4
173 103 3
57 87 3
110 11 1
141 56 1
8 196 4
128 116 4
98 114 4
19 127 3
114 134 3
128 62 4
79 31 4
167 96 1
154 147 2
18 164 4
63 175 1
193 184 2
57 197 2
41 33 3
102 25 4
87 166 4
85 26 4
167 114 4
131 47 4
143 49 1
36 61 1
75 161 3
121 175 4
125 78 3
128 23 1
19 81 4
83 26 1
146 59 3
189 63 3
92 171 3
5 165 3
21 56 1
11 44 1
152 36 2
175 77 3
126 34 2
97 75 3
154 182 4
182 75 1
186 51 2
32 17 2
174 190 3
27 117 1
2 175 2
51 89 4
183 81 1
192 184 2
83 31 1
197 163 4
30 69 2
125 130 2
43 133 4
120 48 3
17 57 2
31 68 3
24 178 2
65 154 2
96 71 1
42 114 3
108 160 4
152 153 4
89 117 3
151 145 3
112 81 1
134 193 4
95 27 3
101 177 4
9 117 4
92 100 4
156 149 2
74 34 4
175 147 2
170 146 2
55 147 4
152 52 4
106 108 1
160 187 2
80 50 3
132 190 2
162 195 3
134 167 4
155 87 1
40 41 1
28 39 2
132 10 1
128 160 2
16 91 2
178 112 4
103 184 2
72 97 4
96 14 3
68 63 3
10 57 3
28 82 4
168 48 4
131 193 4
36 73 4
28 81 3
60 90 2
133 96 1
63 152 1
58 62 3
11 127 4
185 26 1
199 194 3
65 52 2
50 11 1
103 36 4
14 151 1
110 7 3
116 51 4
24 82 2
43 122 1
84 178 4
114 153 2
140 134 3
158 84 2
176 64 1
193 5 1
166 136 2
52 8 1
54 177 2
194 53 4
66 112 3
140 186 4
102 61 3
78 46 4
94 48 1
88 70 3
112 10 3
154 198 4
170 72 2
177 32 4
119 76 3
152 199 1
28 184 4
128 22 2
157 59 3
69 187 3
137 92 2
38 8 4
162 124 3
3 197 2
34 73 4
106 28 1
43 178 1
4 2 3
140 172 1
124 34 2
25 10 3
13 195 2
178 73 4
66 193 2
97 185 3
30 133 2
146 88 3
115 99 4
124 80 2
68 1 4
10 20 2
99 101 1
93 118 4
12 78 1
61 155 2
96 154 4
0 30 1
99 1 4
191 124 2
80 163 4
169 152 4
23 155 2
48 170 4
26 149 3
14 36 1
142 11 2
156 119 2
5 6 4
0 39 4
127 170 2
86 113 4
186 19 3
138 15 3
158 56 4
96 63 2
6 60 4
160 138 2
84 140 2
121 145 4
182 91 2
23 2 2
85 65 4
15 146 2
198 166 3
145 174 2
57 184 4
161 169 1
151 82 4
137 75 1
91 135 1
124 37 2
22 83 2
57 135 3
135 52 4
183 34 3
169 30 4
180 61 1
172 63 2
93 76 2
165 118 3
52 191 3
41 23 2
25 146 4
10 152 3
149 186 4
65 24 2
129 91 1
128 84 1
98 191 2
46 7 3
49 184 3
156 35 4
142 168 2
140 51 3
7 180 4
167 144 1
82 185 4
191 126 1
59 198 1
71 137 3
136 73 4
194 11 3
120 145 2
53 36 1
61 34 2
163 42 2
104 94 3
168 39 1
186 183 3
114 105 2
100 184 2
104 139 2
90 121 1
110 154 2
169 74 3
57 169 1
93 64 2
34 98 2
106 5 1
158 94 4
103 94 2
97 69 3
119 69 4
75 71 4
133 72 4
8 189 3
151 83 4
123 97 2
38 174 1
80 23 4
162 130 3
51 138 3
153 110 3
6 11 1
110 126 3
95 110 4
140 170 3
58 72 3
115 35 2
188 93 4
183 54 4
67 152 4
195 29 2
127 32 3
44 160 4
38 36 4
148 62 1
70 39 1
188 192 3
71 165 1
65 181 2
69 179 2
174 116 2
52 2 4
48 91 2
58 15 1
198 57 4
83 115 3
54 136 4
109 53 1
130 3 1
38 160 2
95 63 4
115 15 3
43 104 1
135 163 2
179 46 1
2 126 3
108 63 4
114 26 2
123 0 2
189 122 2
199 146 1
0 177 4
29 120 1
198 127 4
180 29 4
80 154 4
3 8 3
115 168 3
115 106 3
33 60 4
29 119 1
32 60 4
30 98 1
128 71 3
171 172 1
178 36 4
15 153 1
87 133 2
115 90 1
129 199 1
93 35 2
195 4 2
22 57 4
86 68 2
114 196 3
129 108 3
65 89 3
55 16 2
92 198 1
147 178 1
165 116 4
7 145 2
101 160 2
193 84 2
164 17 1
27 186 1
188 59 2
191 160 1
166 88 3
109 145 1
27 173 1
43 103 1
114 197 4
47 93 4
188 38 2
193 118 3
113 75 2
152 65 1
183 39 4
44 165 3
21 188 1
185 49 3
182 101 1
73 144 4
9 94 1
47 173 2
185 129 1
4 165 2
125 52 2
150 98 4
17 133 3
142 106 4
196 135 3
154 140 4
123 18 2
190 52 3
184 42 4
130 148 4
14 192 1
195 116 3
25 11 3
33 119 3
85 125 2
173 33 3
69 148 1
18 162 4
115 103 4
191 176 2
40 106 1
31 23 1
160 179 4
164 64 1
48 129 4
116 11 4
99 121 3
127 109 3
23 12 4
93 149 2
137 185 2
54 113 4
0 25 2
85 172 2
21 94 3
6 59 4
110 174 1
147 124 2
173 136 2
57 172 2
28 163 2
104 71 4
186 41 1
101 149 1
161 56 4
193 65 3
61 162 2
198 147 3
184 143 4
122 154 3
21 157 3
187 142 2
101 112 4
178 113 4
10 166 2
87 171 3
160 142 3
62 141 4
152 132 1
168 111 1
7 22 2
103 37 2
175 64 3
109 11 3
166 96 2
1 46 1
193 129 3
132 50 2
16 170 1
135 152 4
179 3 3
83 147 4
94 18 4
122 65 4
151 2 4
99 154 4
83 134 2
110 182 4
165 48 1
72 67 3
134 189 4
4 167 1
92 63 2
118 127 1
153 156 3
160 193 3
185 44 4
142 39 3
149 30 3
0 144 2
119 50 2
78 197 1
196 91 2
27 175 4
147 4 1
67 4 4
162 116 1
22 56 1
150 35 4
182 176 1
194 106 1
192 179 1
18 176 1
190 118 4
7 15 4
144 136 3
35 191 2
16 169 1
1 144 1
76 20 1
183 127 4
91 38 2
44 159 1
164 151 2
36 124 3
134 151 3
20 105 2
96 169 3
182 137 2
68 4 3
37 94 1
3 56 2
11 37 4
143 140 3
154 88 3
54 133 1
120 38 2
12 168 2
161 199 1
97 48 3
117 35 4
158 153 2
193 151 2
162 196 3
72 89 4
40 76 1
166 102 4
147 61 1
153 147 2
85 89 4
36 98 4
172 157 1
9 136 3
193 172 4
76 37 1
57 130 1
190 74 3
52 104 4
106 90 2
169 80 4
161 10 3
9 56 1
182 45 1
5 168 4
142 152 2
72 76 1
116 31 3
137 30 2
113 34 4
10 127 3
103 122 1
128 196 3
88 2 3
28 178 2
51 124 2
94 27 2
165 96 4
148 134 3
100 149 4
166 167 1
64 56 4
38 179 4
82 161 2
125 109 2
164 10 1
198 195 4
88 132 2
113 62 3
144 139 3
49 125 3
51 17 3
149 24 2
121 165 2
103 40 1
89 92 3
163 151 2
20 167 2
36 140 4
71 105 4
92 153 3
193 141 1
181 182 2
6 164 2
11 103 2
181 7 3
196 111 1
46 114 3
25 32 4
18 120 1
85 114 3
121 106 1
176 66 1
156 138 3
154 197 4
60 165 2
2 38 2
120 83 1
16 195 2
179 124 2
76 179 1
165 92 3
72 38 3
187 3 3
21 158 4
134 26 4
47 18 2
51 142 1
91 2 1
102 197 2
73 44 3
81 77 1
136 116 1
67 78 3
114 36 4
100 164 2
110 22 2
125 111 4
73 31 3
97 192 4
118 195 2
10 165 1
89 21 4
29 87 1
41 46 2
154 33 3
142 70 3
156 59 2
39 35 3
129 23 2
159 99 3
123 70 1
56 19 1
134 126 3
21 119 3
0 114 2
110 67 4
72 189 3
150 82 2
69 162 3
185 198 1
82 105 3
156 46 4
31 119 3
9 21 4
92 158 1
168 51 4
153 20 1
44 116 1
6 18 4
198 175 1
164 144 1
125 172 1
33 121 4
75 28 3
59 190 3
99 85 1
43 58 3
87 149 1
55 25 1
146 156 4
131 18 2
129 44 2
92 49 4
20 127 2
140 73 4
120 53 1
115 17 3
171 99 2
83 42 2
81 191 1
95 151 1
35 96 1
193 50 2
32 13 4
10 188 3
72 109 3
75 104 2
57 31 1
20 139 3
92 126 3
120 107 3
55 150 1
43 22 4
42 4 2
101 127 3
38 31 1
94 32 2
2 19 1
93 153 3
110 75 2
173 138 1
82 104 4
188 24 1
40 35 4
109 57 4
85 144 2
196 43 4
62 94 4
76 80 4
27 107 4
178 137 4
104 188 4
167 107 4
76 8 4
194 185 1
51 122 2
20 43 3
54 78 3
17 155 2
174 101 4
177 1 4
99 164 2
167 70 4
145 44 1
147 173 3
175 82 3
81 149 3
61 14 4
40 159 1
199 24 3
148 105 4
108 9 1
31 87 2
91 174 3
75 32 4
134 192 2
35 16 4
77 23 2
66 154 3
108 85 2
191 188 2
116 132 2
101 63 4
80 132 2
193 46 3
108 142 1
74 153 1
11 95 1
148 12 3
9 106 4
76 137 2
64 182 1
94 10 3
24 140 2
3 178 3
78 187 4
28 17 3
47 187 1
28 43 3
183 119 4
114 182 2
123 28 3
19 131 3
46 71 3
99 62 1
180 37 4
50 9 4
56 45 1
20 5 1
52 162 4
32 66 3
119 184 3
77 163 1
26 130 1
88 179 3
15 149 2
39 94 3
151 119 2
36 63 3
183 53 2
69 133 3
109 67 2
7 64 1
146 57 3
147 139 2
174 124 4
97 145 2
103 78 3
96 161 1
5 126 4
170 188 1
53 68 3
51 57 4
93 158 4
61 97 4
144 107 3
103 76 4
136 45 4
176 126 3
121 179 2
45 96 4
188 28 2
67 102 1
57 41 3
135 101 1
119 84 3
34 158 2
148 117 2
141 164 3
25 151 3
155 9 1
154 72 4
186 118 4
82 173 3
25 62 3
105 108 1
136 87 2
86 99 2
15 170 1
124 172 2
8 146 3
19 132 1
100 58 3
122 180 1
41 24 1
22 118 2
60 159 1
136 42 1
116 28 4
57 162 1
184 133 4
66 99 1
149 168 1
22 66 4
188 109 1
162 45 1
19 71 4
18 51 3
45 57 2
10 82 2
159 51 2
123 189 1
61 161 1
129 178 1
176 177 4
127 52 1
131 84 1
133 176 2
14 105 3
58 121 2
181 30 1
58 30 1
136 18 3
65 144 1
70 52 1
178 41 4
6 167 1
76 127 4
61 128 1
86 97 4
54 168 4
95 183 1
103 6 2
45 196 2
30 47 1
85 31 3
176 175 3
37 86 4
155 123 1
78 104 2
22 102 1
34 14 4
188 171 3
150 157 4
125 123 3
81 108 1
169 171 3
168 46 3
21 16 3
0 194 2
79 45 2
73 176 2
15 131 1
73 76 2
186 98 3
26 158 4
0 74 3
127 143 1
189 64 1
148 55 2
29 43 1
136 82 2
110 108 3
122 23 2
153 72 3
2 136 1
162 49 4
44 109 4
61 197 4
45 135 1
11 115 4
75 94 4
27 197 3
167 75 4
183 79 4
104 17 1
121 34 1
124 138 4
178 20 2
164 176 1
133 91 3
80 7 4
198 35 2
87 188 3
106 13 2
21 88 1
150 178 2
92 145 4
5 112 3
1 117 3
116 123 1
56 11 4
123 173 1
134 199 1
54 5 1
106 174 1
180 94 3
198 155 1
122 52 3
135 70 1
96 100 2
81 36 2
195 156 3
130 93 3
76 155 2
43 30 3
77 159 1
194 41 4
156 61 4
157 174 4
107 39 4
20 140 1
9 35 4
34 92 1
3 111 3
109 183 4
46 96 3
53 2 4
21 29 2
70 25 1
84 170 4
135 182 2
156 75 1
13 155 3
2 21 1
23 154 2
133 148 2
177 3 2
83 114 2
36 161 2
108 67 1
110 183 3
81 143 3
51 127 1
146 23 1
131 100 1
52 199 1
50 93 1
108 55 4
12 64 2
187 123 3
125 97 4
132 136 2
94 192 3
7 5 4
139 107 4
24 163 2
74 167 3
82 26 2
6 97 2
141 79 3
4 125 1
161 74 2
113 136 2
180 63 4
39 27 2
173 193 4
20 103 4
164 135 4
22 189 1
149 18 4
109 107 4
17 1 3
17 146 4
131 17 2
155 136 2
148 109 4
103 198 2
177 4 4
176 103 2
47 62 4
175 134 3
145 34 3
175 17 3
65 188 4
25 125 1
149 152 2
15 8 3
43 40 2
89 81 1
78 195 1
42 94 2
137 109 1
135 162 1
34 13 2
118 17 2
167 99 1
199 122 4
13 166 4
96 155 1
175 116 2
71 197 3
90 188 3
175 148 1
69 177 3
58 190 3
53 181 4
170 128 2
95 144 4
138 171 2
172 107 4
10 176 2
99 139 3
18 130 2
186 76 1
119 167 1
54 83 3
107 114 4
198 90 1
138 8 3
21 82 3
129 71 1
199 158 1
55 87 1
171 78 1
90 105 4
195 1 4
50 15 1
135 127 1
108 18 3
116 23 3
107 133 4
108 134 4
181 192 2
132 194 2
146 78 4
171 104 2
191 106 2
112 175 4
113 127 3
65 141 2
128 176 2
155 173 4
6 185 4
96 15 1
131 197 1
24 161 1
16 105 4
126 189 4
26 70 2
98 145 4
146 22 3
24 93 4
105 80 2
68 118 4
199 26 2
19 70 3
105 152 4
119 1 2
160 133 2
95 2 3
153 179 2
191 198 2
108 15 3
45 111 4
45 106 3
121 32 1
151 13 1
59 161 1
173 44 3
193 83 3
110 99 3
103 188 2
44 111 2
96 44 4
66 2 4
132 124 4
20 183 2
39 33 4
70 180 2
14 172 2
128 149 1
173 158 1
93 12 4
139 71 2
144 16 2
82 132 4
146 106 2
147 80 2
127 1 3
189 177 2
160 74 2
88 112 2
57 60 1
122 178 4
169 26 1
136 79 4
122 159 3
173 156 4
2 162 3
46 177 2
53 14 2
45 30 4
8 116 1
8 67 2
28 109 2
110 42 1
161 158 2
62 32 1
161 181 1
171 197 3
159 66 4
148 43 3
22 158 1
122 124 2
114 109 1
142 20 1
162 71 1
23 76 1
177 102 3
156 185 2
148 141 4
109 159 1
77 0 1
115 165 4
41 114 3
137 89 2
108 62 4
64 159 4
22 63 1
44 175 4
85 167 1
134 196 3
19 180 3
78 32 4
140 106 4
53 175 1
108 173 2
139 163 1
180 177 4
49 119 2
72 41 4
177 131 4
73 46 2
1 10 2
179 49 4
139 0 2
13 134 1
179 31 1
75 149 3
159 180 2
103 195 4
168 169 1
56 103 4
32 139 3
84 44 3
32 81 1
159 176 2
56 57 2
196 110 3
164 5 4
151 181 1
157 26 2
181 79 3
109 181 4
138 19 3
152 136 2
26 98 3
33 48 3
89 156 2
34 170 1
79 113 3
80 61 4
171 149 4
74 83 2
28 139 1
49 106 2
186 152 3
56 128 1
58 172 2
35 134 3
93 3 4
109 161 1
166 116 4
116 75 4
199 150 4
138 194 4
150 51 1
61 139 4
81 67 3
105 89 4
187 15 1
191 154 4
34 31 3
1 43 2
162 166 3
93 10 3
126 119 4
155 126 3
182 20 4
23 173 1
0 179 3
76 151 2
83 21 1
48 194 4
141 32 3
191 17 1
118 19 2
54 148 2
44 174 2
133 88 4
73 159 2
181 189 2
100 153 3
169 6 1
164 197 3
158 19 4
151 159 4
114 32 2
102 100 4
102 57 1
10 173 2
3 26 2
135 32 3
181 193 1
74 57 4
192 24 4
4 49 1
93 162 1
24 29 4
39 97 1
65 143 3
48 86 1
183 156 1
21 169 1
191 7 3
27 19 4
107 191 1
8 172 2
158 58 4
42 84 2
197 153 3
173 114 1
99 67 2
12 130 3
153 109 2
126 4 2
8 142 2
165 35 1
15 165 2
18 2 4
72 185 1
125 159 2
116 199 4
145 171 2
185 102 4
100 26 2
20 33 4
1 159 2
45 132 2
167 19 3
114 22 3
78 53 3
161 47 4
82 138 3
124 55 3
43 194 4
72 70 3
104 99 1
192 43 3
160 199 1
139 193 2
107 136 4
9 122 4
44 21 1
139 175 3
66 31 4
173 50 2
177 28 2
92 108 4
190 158 3
185 62 2
133 10 1
76 104 4
16 139 1
106 195 1
157 135 2
69 110 3
66 106 1
148 142 3
193 180 4
45 83 1
138 36 3
198 11 2
121 190 1
175 84 1
182 66 1
97 121 1
133 194 3
146 98 2
23 45 4
28 199 4
52 193 1
145 54 3
19 54 4
66 60 2
162 137 2
34 138 2
130 159 1
1 191 1
100 148 2
56 104 3
50 139 2
15 102 4
164 191 4
97 85 1
77 123 4
17 116 3
111 149 1
133 172 3
80 93 1
159 139 1
34 115 4
134 164 1
51 63 4
77 54 2
186 1 1
123 163 1
136 39 3
23 19 2
84 55 1
145 183 3
51 6 3
8 192 2
146 51 3
68 54 3
135 84 3
173 146 4
193 130 1
117 102 2
94 199 3
33 50 3
107 198 1
74 175 3
144 74 4
183 75 4
82 70 2
116 32 2
57 114 4
32 99 2
71 195 4
104 189 1
117 101 2
73 69 3
100 43 2
131 115 3
39 91 1
176 68 1
55 44 4
129 31 4
161 44 3
166 69 4
3 105 1
37 137 2
153 154 3
8 157 2
44 134 2
145 173 2
177 99 4
30 146 1
18 173 3
25 190 4
177 55 3
88 178 4
2 138 2
188 140 3
113 192 4
192 109 4
154 113 3
49 159 4
48 87 2
71 177 4
160 141 2
15 196 4
168 155 3
54 185 2
6 158 3
110 37 4
187 29 1
150 138 3
80 113 3
49 85 1
182 169 3
70 87 3
172 108 2
153 120 1
146 99 4
121 188 1
76 53 3
148 147 4
72 162 2
21 52 2
55 77 3
112 170 4
50 27 1
66 45 2
16 69 1
137 123 1
100 175 4
36 128 1
84 38 1
154 29 2
11 3 1
1 66 3
143 107 1
146 61 3
53 103 2
7 35 4
88 68 1
59 167 1
100 174 1
15 118 2
26 109 1
112 106 3
122 127 1
102 193 3
45 198 1
142 112 3
12 72 4
33 59 2
73 40 1
14 198 2
112 107 2
120 160 2
41 7 4
17 23 2
191 38 3
52 4 1
62 151 3
181 78 3
80 26 4
157 98 3
102 135 2
10 70 2
184 160 3
45 0 2
120 96 4
141 169 4
163 84 1
96 170 3
18 59 1
69 183 1
95 87 4
130 141 3
71 107 2
197 104 1
133 89 2
160 127 3
69 18 1
175 30 4
14 16 1
71 135 2
96 52 3
115 145 1
24 154 1
173 26 4
175 32 2
100 180 4
64 35 3
73 130 2
171 14 3
52 166 1
21 28 2
193 27 1
158 193 3
54 2 1
69 51 2
72 163 2
93 192 2
88 140 3
158 108 3
162 66 3
134 161 4
194 118 1
14 107 1
86 42 2
5 122 2
57 0 1
74 95 1
33 77 4
18 0 2
93 191 4
166 38 1
115 116 3
57 188 3
198 50 3
177 144 4
155 14 4
40 32 4
6 128 2
9 97 1
69 152 2
119 48 1
149 132 2
93 53 3
191 109 3
77 142 3
62 50 2
8 0 3
66 137 3
5 71 1
194 112 1
172 190 1
151 70 2
21 112 1
64 4 1
153 77 1
54 36 4
183 38 3
130 154 4
110 48 4
30 54 3
55 57 2
58 119 2
80 150 3
56 79 3
52 83 2
58 96 1
25 38 3
50 175 3
55 198 3
37 68 2
148 34 3
106 152 4
109 23 1
6 58 1
120 72 1
152 18 2
51 94 2
85 84 2
66 83 3
126 104 2
167 169 4
13 33 4
59 134 3
43 31 3
168 88 2
90 144 2
131 130 1
185 90 1
62 74 1
142 59 1
2 177 4
128 13 4
183 89 2
102 37 1
66 101 2
190 150 1
174 28 1
97 52 4
83 10 2
31 134 4
0 157 1
98 0 3
11 85 2
76 188 4
54 90 4
77 78 3
94 63 1
197 68 2
162 8 4
42 162 4
168 53 1
167 104 3
173 122 2
96 83 3
70 183 3
156 99 3
16 79 1
61 11 2
75 166 2
15 143 2
65 103 2
73 47 2
115 198 1
1 98 1
42 199 4
30 193 2
75 7 3
14 188 2
168 24 3
91 10 1
153 32 1
9 133 2
13 186 3
145 138 4
46 51 3
52 16 4
184 55 1
139 63 1
24 181 1
58 108 4
116 113 4
59 100 1
161 4 3
47 128 3
152 34 3
119 193 4
115 188 1
108 46 3
136 161 1
142 94 1
136 150 2
92 65 3
111 49 4
64 85 3
30 73 1
102 133 3
1 198 4
87 30 2
132 133 3
14 52 3
98 13 3
44 177 4
29 55 2
145 36 3
168 29 2
179 185 2
161 93 2
127 152 1
16 15 3
5 59 1
135 93 4
158 166 2
141 16 2
72 15 2
76 42 2
80 193 3
149 98 3
11 111 4
41 86 1
171 13 3
193 35 2
45 51 2
37 160 3
120 123 1
8 118 3
49 187 4
64 117 4
95 29 2
120 101 1
37 0 3
55 95 1
188 181 1
10 7 3
193 156 4
121 120 1
47 138 1
0 5 4
61 149 3
162 16 4
178 161 3
150 27 3
27 156 1
76 39 1
153 57 4
151 88 4
72 22 1
13 138 1
27 168 2
6 70 1
180 38 4
15 20 1
65 38 3
47 194 1
120 68 4
195 137 4
27 99 2
104 152 4
147 187 2
94 175 4
137 170 3
160 116 4
116 122 4
180 106 4
120 108 4
132 60 3
137 6 2
142 156 1
171 55 3
71 175 4
16 173 2
147 41 4
83 27 1
16 114 2
108 137 3
24 9 1
120 19 1
52 76 2
19 60 4
109 189 4
178 109 2
172 134 4
110 8 4
49 136 4
34 114 3
155 158 1
26 71 4
85 109 2
75 133 4
112 198 4
157 57 4
129 7 1
4 19 1
178 116 4
18 15 1
12 117 4
113 169 1
168 133 4
174 14 3
187 96 3
32 170 1
168 94 1
17 6 2
57 129 2
153 89 2
84 176 2
190 165 3
9 26 2
23 166 1
168 191 3
118 76 1
138 190 3
5 32 3
186 135 4
86 147 4
40 150 4
26 113 2
153 51 4
165 57 4
10 23 3
71 78 2
118 162 1
144 191 4
53 45 2
144 67 1
139 73 2
177 31 4
68 23 1
42 93 1
67 85 1
22 96 2
154 190 2
18 194 4
82 168 4
1 90 4
98 161 1
64 51 2
112 183 2
166 182 2
110 79 1
52 64 1
22 112 4
29 138 4
154 31 1
91 132 3
127 184 4
76 162 1
168 154 2
147 129 1
3 135 3
28 42 4
70 83 4
160 35 1
62 177 4
105 29 3
102 190 4
73 88 2
93 134 1
187 39 3
28 100 4
149 113 4
135 149 3
119 155 1
120 113 4
39 51 1
15 125 3
102 156 2
15 93 2
144 178 2
112 157 2
108 188 2
82 128 1
34 141 1
5 14 3
7 25 3
63 65 2
165 59 4
25 6 3
67 75 3
136 93 4
2 77 4
133 81 2
136 110 4
140 159 3
156 81 1
22 29 1
167 177 3
26 20 1
43 5 4
169 38 2
154 137 1
106 134 4
170 124 4
31 187 1
61 29 1
44 163 4
83 72 4
75 103 1
6 192 2
24 91 3
180 49 4
196 50 2
108 29 4
6 123 3
93 116 1
27 81 3
126 56 2
111 103 1
50 28 1
136 52 3
121 118 2
44 75 3
89 172 2
136 37 2
169 137 3
4 162 3
2 55 3
153 160 4
73 94 4
25 88 4
172 100 2
168 109 2
177 50 1
96 141 4
18 57 3
50 31 3
12 38 2
163 65 1
199 127 3
105 53 3
21 197 1
17 169 2
106 105 1
62 152 1
59 50 2
182 189 2
70 197 1
77 93 1
75 153 4
4 169 1
25 97 2
174 90 3
2 194 3
42 127 1
85 43 2
116 81 3
45 125 2
162 144 2
3 32 4
146 151 3
34 57 4
39 126 4
171 95 4
10 61 1
158 63 3
43 162 4
161 119 4
30 107 2
3 137 4
176 101 2
17 113 1
1 165 4
152 31 3
53 33 3
150 125 3
60 25 3
30 62 3
18 161 4
100 140 3
2 137 4
170 31 4
71 138 3
12 5 2
195 51 1
142 3 3
176 47 1
112 184 3
91 188 3
122 61 3
104 33 1
98 58 1
100 152 1
29 20 3
23 161 2
102 120 1
44 51 1
55 9 4
0 78 4
0 86 2
150 2 2
167 117 1
134 96 1
170 71 2
164 41 2
42 147 1
174 148 1
28 176 1
142 198 4
97 35 3
167 152 4
35 56 3
102 14 1
46 16 2
148 21 1
64 107 1
145 19 3
92 52 1
0 80 2
176 33 2
54 169 2
192 168 1
141 144 2
83 117 1
44 126 4
196 46 4
34 197 4
96 123 2
36 79 3
29 37 2
142 131 1
60 51 1
58 156 2
12 131 1
21 145 3
112 17 2
196 117 2
112 36 3
87 60 2
197 188 1
182 193 4
95 7 1
62 187 4
34 128 1
190 48 4
183 36 3
161 147 3
130 115 1
145 128 2
93 190 4
157 44 2
19 64 1
161 19 2
49 34 3
185 162 4
135 151 3
148 183 3
142 4 2
144 23 3
181 125 1
181 72 2
95 149 2
11 122 2
182 113 2
198 119 3
25 65 3
11 137 3
198 91 1
67 196 1
14 65 1
51 68 3
167 43 2
121 143 1
155 183 4
149 170 1
37 3 4
186 24 2
137 183 1
180 192 3
122 192 2
98 170 3
105 61 3
96 50 3
56 111 4
193 101 1
123 59 4
36 66 3
192 37 1
54 144 3
33 128 1
65 172 4
137 98 2
88 107 3
23 99 1
155 98 1
156 100 3
189 95 3
182 133 3
99 6 3
156 22 2
180 196 4
116 63 4
72 26 2
0 92 1
25 164 2
26 69 1
117 155 3
126 130 1
143 27 1
61 60 2
125 104 1
186 168 2
73 143 3
172 71 1
74 199 2
192 74 4
18 35 2
183 26 3
135 46 4
189 16 4
19 95 2
108 112 4
162 63 3
2 81 4
109 79 3
24 0 2
155 144 2
77 145 4
77 128 2
150 111 2
0 2 4
47 181 1
192 52 1
145 104 2
12 103 1
112 102 2
99 136 3
139 26 1
118 20 2
181 170 1
166 168 4
5 61 2
63 34 1
17 139 4
112 19 3
102 84 4
90 4 4
165 29 4
119 60 3
21 13 4
16 24 1
79 22 4
149 114 1
137 18 3
122 4 4
10 46 2
145 11 4
180 78 1
6 56 3
153 177 1
59 186 2
95 24 2
41 184 1
79 151 4
193 135 4
138 103 1
24 130 3
14 120 3
189 42 2
122 131 2
140 168 4
173 195 4
141 118 4
134 52 1
147 130 1
163 128 1
124 93 2
75 26 1
154 55 2
142 197 2
66 59 1
183 181 3
47 151 1
165 47 1
95 58 3
83 162 2
89 36 4
112 75 4
121 136 3
40 57 1
118 130 3
4 186 3
143 83 1
106 57 2
141 151 3
6 21 4
110 18 1
117 174 1
66 90 2
97 111 4
157 115 3
197 18 4
191 166 2
59 199 2
166 169 1
183 178 2
5 10 2
105 196 4
81 182 2
2 22 3
124 39 4
170 122 4
167 183 4
178 89 2
89 4 1
46 120 4
140 195 4
144 57 2
59 65 4
156 139 4
143 193 2
9 194 4
116 18 1
16 171 3
185 184 1
23 133 1
156 50 4
128 154 1
35 90 4
99 45 2
185 170 3
36 168 1
160 25 4
38 20 2
73 169 1
151 144 1
195 97 4
116 108 2
174 158 1
182 116 1
78 128 4
45 164 2
149 60 3
80 108 4
102 109 1
114 123 3
14 159 1
67 53 4
29 156 1
50 128 1
63 124 4
89 70 2
12 92 2
63 19 3
173 66 1
24 81 1
72 62 4
89 17 4
78 114 2
16 23 2
19 74 2
58 55 3
145 56 2
146 86 2
164 39 3
77 131 3
197 166 2
10 29 1
35 173 2
45 11 2
5 190 3
20 128 2
23 69 2
62 79 4
172 147 1
110 87 1
126 139 3
152 171 1
93 189 3
189 21 1
88 125 1
136 11 3
85 96 4
172 59 2
74 121 4
26 112 1
43 116 4
94 1 2
188 148 3
32 44 2
69 77 2
30 26 3
0 35 3
129 69 2
123 134 1
18 188 1
48 54 3
124 79 3
73 126 4
90 32 1
9 30 1
73 179 1
135 119 4
118 107 1
162 35 4
78 39 3
21 104 2
113 198 1
127 175 3
118 155 2
192 45 1
179 62 1
93 106 3
22 140 1
171 61 2
151 7 1
184 3 2
129 175 1
139 133 4
64 100 2
91 50 3
20 52 3
136 83 3
147 19 1
5 130 4
161 38 4
49 103 4
92 159 4
11 101 4
113 66 1
43 13 3
126 160 2
2 185 4
5 157 1
143 156 1
37 154 2
61 83 1
2 140 2
16 28 1
52 172 4
33 182 4
89 79 2
72 25 1
31 0 1
147 52 3
25 107 3
92 27 3
116 148 3
62 122 1
145 169 4
87 71 2
69 175 1
108 111 4
60 126 1
71 121 1
186 86 2
93 103 3
69 123 2
62 103 4
148 85 1
157 32 4
177 37 3
24 38 2
161 40 1
33 188 2
85 54 1
191 130 2
178 87 2
110 85 2
54 12 1
53 136 3
155 128 4
80 100 3
22 82 4
81 59 4
183 124 4
47 157 2
21 184 2
40 51 2
37 138 2
177 23 4
140 190 1
187 114 1
65 153 1
0 4 1
125 17 1
55 118 4
187 158 1
134 99 3
144 100 1
3 171 3
56 137 3
33 4 2
124 47 1
183 152 2
106 69 2
79 99 1
84 187 4
83 194 3
135 173 2
61 74 2
197 52 1
175 6 4
8 126 4
197 144 4
31 141 4
10 122 4
138 134 2
33 196 2
161 194 2
137 159 4
86 128 2
30 141 3
44 122 2
2 43 2
53 70 2
117 0 3
132 109 3
110 105 3
75 123 2
104 102 2
109 124 4
163 31 1
147 135 2
109 20 2
194 7 1
127 60 2
81 173 3
13 132 4
109 133 2
135 17 4
72 123 1
39 41 1
41 115 3
117 25 1
3 12 2
198 51 2
112 58 2
139 151 2
183 16 3
175 24 3
96 140 3
66 166 3
183 149 1
67 12 3
122 136 2
103 156 1
80 2 2
176 120 3
60 38 2
66 118 3
115 122 1
159 75 3
7 11 1
107 104 3
59 54 2
86 47 1
32 137 3
101 36 1
76 135 2
64 94 2
107 37 2
4 57 2
173 14 1
73 17 2
108 20 4
38 152 4
183 153 2
94 114 2
63 69 1
59 23 2
22 101 4
170 7 3
48 46 2
32 151 2
90 156 2
64 29 4
183 174 4
197 134 2
84 109 4
98 103 4
138 142 2
136 162 2
174 131 2
65 84 1
28 140 4
137 143 3
132 183 4
194 175 2
198 64 4
158 145 2
154 199 1
99 123 3
39 125 4
75 142 2
168 199 2
191 37 4
184 82 2
117 28 1
81 129 4
15 174 1
129 196 2
140 152 2
95 169 3
122 109 3
122 129 2
17 66 1
100 126 2
22 136 1
129 174 2
69 32 3
21 107 3
1 72 3
196 177 4
199 17 1
165 32 2
131 159 1
163 172 3
109 7 3
19 134 2
13 97 2
37 92 2
56 108 2
81 107 4
162 157 3
100 38 3
176 112 3
5 30 4
11 190 3
7 92 1
170 47 3
139 132 4
25 185 4
105 142 2
152 108 1
105 97 3
89 170 3
112 76 4
169 62 1
171 125 4
61 6 1
47 117 1
104 193 1
38 21 3
185 133 3
88 189 3
4 30 2
105 7 3
30 25 2
40 89 2
65 10 1
167 121 1
63 71 4
45 60 4
160 198 3
6 178 1
42 107 2
81 72 4
58 122 3
88 123 3
199 43 1
50 171 2
50 103 3
4 109 3
63 8 4
130 153 4
180 162 3
180 158 3
28 22 3
83 130 2
19 163 4
10 45 3
161 163 3
133 186 4
82 111 2
135 103 1
149 56 3
54 178 3
173 48 3
89 67 1
72 95 4
166 20 2
157 129 3
101 154 2
86 160 2
187 166 3
21 125 1
65 116 4
47 156 2
184 83 1
11 157 1
9 54 4
171 8 1
163 169 2
0 158 1
105 36 4
117 186 4
1 62 1
4 191 3
195 59 3
67 186 2
185 168 4
151 26 2
33 74 2
70 140 2
141 152 4
82 48 3
99 181 2
0 72 1
70 199 4
57 192 3
68 52 4
7 52 3
141 19 3
127 96 4
91 189 4
21 61 4
96 110 2
182 139 3
128 169 1
178 162 3
84 191 4
94 38 2
57 77 2
23 53 3
85 154 3
6 43 3
8 78 3
155 31 1
25 143 2
28 186 3
148 57 3
140 184 2
191 94 4
70 18 1
85 1 3
56 15 3
137 54 1
97 199 3
159 149 3
22 93 4
45 94 1
140 141 4
164 13 3
101 186 1
126 103 4
89 190 2
159 110 4
57 195 4
127 162 4
17 156 3
159 48 2
95 182 3
118 151 1
103 16 3
196 56 4
106 173 4
86 53 4
55 61 4
190 81 2
10 171 3
184 182 2
48 69 3
76 167 2
63 31 1
47 107 1
180 58 4
97 33 4
93 32 2
52 106 1
147 73 1
36 126 4
122 123 3
26 121 2
66 77 1
37 156 1
105 59 2
153 94 1
52 94 3
193 28 4
67 176 4
189 193 3
160 197 4
1 142 4
93 41 2
116 2 4
102 126 3
128 72 3
96 98 2
91 131 4
177 130 3
196 178 3
163 20 3
110 9 4
174 178 2
54 179 1
74 110 4
10 134 1
160 58 3
35 175 1
102 9 4
169 136 4
21 65 3
5 186 4
60 91 4
128 16 4
6 2 4
139 168 1
196 13 2
157 154 1
41 130 2
22 62 3
169 133 3
149 117 2
126 66 2
90 151 2
192 11 2
109 6 2
67 172 1
6 14 4
114 146 3
118 198 2
38 181 2
95 135 1
71 160 1
192 183 2
109 8 4
51 117 2
99 106 4
18 87 1
154 119 3
170 141 2
71 72 2
70 134 1
0 159 3
54 139 3
183 52 3
97 102 2
42 46 2
168 11 1
195 41 2
182 129 3
131 167 1
49 115 3
69 67 1
45 185 2
134 2 1
185 77 4
145 136 2
55 134 1
105 101 1
147 121 4
163 106 1
69 159 3
23 180 4
155 194 3
144 174 4
42 32 1
185 63 4
79 84 2
97 107 3
179 14 2
156 152 4
100 55 1
113 181 2
94 122 3
114 125 2
6 183 2
162 22 2
32 95 2
196 34 1
92 106 1
139 105 1
28 154 1
91 160 1
141 138 1
100 104 4
156 10 4
190 3 3
45 147 2
65 140 2
91 199 2
98 10 3
154 87 4
161 77 4
60 22 2
129 14 2
53 7 3
170 10 3
102 153 3
137 141 3
68 179 4
190 8 4
115 87 1
170 115 4
104 28 2
192 102 4
71 14 2
165 166 4
99 194 3
88 6 1
126 41 1
1 33 2
90 26 2
87 51 1
47 79 2
119 116 1
75 141 4
13 88 1
6 55 4
66 71 4
99 97 3
184 180 1
98 25 3
150 161 3
59 132 3
4 7 1
20 102 1
97 42 2
140 13 1
41 71 3
136 165 3
121 155 4
0 9 2
43 26 1
93 182 4
123 183 4
5 162 4
128 52 3
95 60 4
102 115 4
92 116 1
90 111 1
121 166 1
31 199 3
48 115 4
140 153 2
140 169 4
131 141 1
164 190 2
82 114 2
26 93 1
145 135 3
142 15 4
133 4 4
82 72 4
182 29 4
181 169 3
194 97 3
190 177 1
53 161 3
145 52 4
187 165 3
157 33 1
93 37 1
169 46 4
8 122 2
174 187 4
168 131 1
4 135 4
55 96 2
192 108 3
180 87 4
38 170 2
149 142 1
39 56 3
62 42 4
104 172 4
79 185 4
191 49 2
124 19 1
153 194 2
57 110 2
80 17 2
81 110 4
45 39 1
59 122 1
41 37 3
161 79 1
5 178 1
149 107 1
131 170 1
133 15 1
188 27 4
96 66 4
60 26 3
61 144 4
11 1 2
121 158 2
87 156 4
176 125 3
23 92 2
77 119 4
80 4 4
170 86 2
68 25 2
46 44 3
106 76 3
101 5 2
2 158 2
6 66 1
103 46 1
22 170 3
19 185 3
196 103 3
6 190 2
78 20 3
80 110 3
45 165 2
185 167 3
35 100 1
81 161 3
3 199 1
141 129 1
139 1 2
169 173 4
166 71 3
157 73 4
131 36 3
160 6 2
175 149 4
28 71 2
56 179 3
137 105 1
4 193 2
89 169 3
148 51 2
81 104 2
185 135 2
51 191 2
104 2 3
173 129 1
44 30 3
112 196 4
157 24 3
191 86 4
141 111 3
83 40 1
176 148 2
47 150 3
198 74 3
188 98 4
49 134 4
128 111 4
17 37 3
14 144 2
163 29 2
63 167 2
16 51 1
121 113 4
151 128 1
151 198 3
69 151 2
40 92 2
186 72 1
51 4 1
63 77 4
16 108 4
5 63 1
45 33 3
80 171 2
152 17 2
108 34 2
53 191 2
16 115 3
81 106 1
77 45 1
130 143 4
113 134 2
95 89 2
178 33 3
53 0 2
172 118 3
37 14 4
17 31 2
191 92 4
125 119 1
140 181 3
24 54 4
117 99 2
99 94 4
141 195 1
197 148 2
97 130 1
164 30 2
87 40 3
0 21 4
53 57 1
41 106 2
42 186 2
109 1 2
77 11 2
132 176 1
104 74 3
136 47 2
20 18 2
138 135 4
64 105 4
132 39 2
167 8 1
52 77 3
68 87 3
185 100 1
158 55 4
54 194 1
69 126 4
77 134 2
195 115 4
124 48 1
129 51 1
192 123 1
119 36 4
191 79 4
144 103 1
171 41 2
16 62 2
19 41 4
83 50 1
118 189 1
67 125 1
139 174 3
70 195 2
88 115 3
189 40 2
23 189 3
89 100 4
157 20 1
17 84 2
171 124 3
153 39 4
134 117 3
105 21 2
99 114 2
95 105 4
36 107 4
100 178 3
18 153 4
174 142 3
141 17 3
18 169 1
174 173 2
101 144 3
165 135 3
181 149 1
159 114 4
38 150 2
114 147 1
144 17 2
136 51 3
118 54 1
65 124 3
119 168 3
26 27 2
2 13 4
165 199 4
88 54 3
20 57 2
56 37 1
105 111 3
81 145 3
169 51 3
84 196 1
132 3 4
110 30 4
143 164 2
57 119 2
159 183 1
192 129 3
172 103 2
179 142 4
56 168 4
48 68 4
23 64 3
0 115 1
97 2 1
152 82 2
11 73 4
54 180 1
9 22 3
158 25 4
62 64 4
30 157 2
164 120 3
4 119 4
172 158 4
54 102 2
37 141 3
81 58 1
10 17 3
144 125 3
69 113 3
64 104 1
78 27 1
16 167 2
106 165 2
150 12 1
180 137 1
106 98 1
108 88 2
156 23 1
96 158 4
66 187 4
115 46 4
113 155 4
21 74 2
67 62 3
112 68 2
51 34 4
137 26 2
56 65 3
67 0 3
160 180 1
166 106 1
168 150 1
96 65 3
102 91 2
122 177 2
157 40 1
195 91 3
52 103 4
115 66 1
73 138 1
181 62 1
165 74 1
123 159 2
18 121 2
87 165 3
162 17 4
166 57 2
124 136 1
146 83 2
36 104 3
185 86 4
152 130 4
46 165 4
197 0 2
23 147 4
6 179 2
64 123 1
88 134 4
195 11 2
45 105 1
29 128 1
36 69 2
60 141 3
158 126 2
189 186 3
100 45 2
111 126 1
135 131 4
190 109 2
21 142 2
161 139 1
128 97 1
100 8 3
112 147 3
60 67 1
22 92 2
7 0 4
141 114 3
190 70 1
181 93 1
36 106 1
59 116 2
127 136 2
39 5 2
24 96 4
190 167 2
148 1 3
196 27 3
173 62 3
56 52 1
67 6 1
123 73 4
149 3 2
63 199 2
143 124 3
133 73 1
18 184 2
17 69 3
133 113 4
42 161 2
3 108 2
68 145 2
121 64 2
74 45 1
7 96 4
66 134 4
30 28 2
111 177 3
22 175 1
134 64 2
143 26 4
4 146 2
141 158 2
16 48 1
51 156 4
89 68 2
39 43 3
8 160 4
62 95 3
181 58 4
184 32 2
115 153 2
126 29 1
190 141 1
118 98 1
134 133 1
184 98 2
103 27 2
186 163 4
79 73 1
156 19 3
114 170 2
187 149 2
46 82 1
52 170 3
25 53 4
176 82 4
42 9 4
56 160 4
39 137 3
193 85 3
163 4 4
43 35 2
29 54 3
11 196 3
80 62 4
194 193 3
197 4 2
95 109 2
48 6 3
56 178 1
155 95 2
188 160 3
109 65 1
85 14 4
7 132 4
105 40 3
149 160 2
143 111 1
163 54 2
57 64 1
102 44 2
52 69 3
29 164 2
52 34 4
116 191 3
131 162 1
67 142 1
172 39 4
49 132 3
19 26 3
30 99 4
69 117 3
119 159 2
150 107 2
73 191 2
170 193 3
1 14 4
180 85 2
127 124 3
163 62 1
86 163 3
36 71 2
199 125 3
113 151 1
30 93 3
43 128 3
129 3 3
168 135 4
199 180 4
27 56 1
65 160 4
14 15 1
138 125 2
94 166 4
40 96 1
105 99 1
58 65 1
190 125 1
161 192 1
11 59 2
171 193 3
157 197 3
92 180 4
177 173 2
39 184 3
177 146 2
100 155 2
194 78 2
91 186 3
194 181 4
196 10 3
76 34 4
25 77 2
0 29 4
29 171 1
5 98 4
67 195 1
140 72 2
43 94 4
40 64 4
20 31 3
146 163 3
114 29 3
46 79 1
150 78 3
34 177 2
147 199 3
24 20 3
59 84 3
168 118 2
101 53 2
142 84 2
99 120 1
32 6 2
51 62 3
24 124 4
163 11 2
185 114 3
142 27 1
119 7 2
6 102 2
187 34 3
97 177 4
134 54 2
18 109 2
117 86 4
50 20 3
87 79 4
39 163 2
158 125 3
163 2 3
64 34 1
8 188 3
155 97 2
102 198 3
99 40 3
19 197 2
122 139 3
82 183 4
72 161 4
60 9 3
68 142 2
148 76 3
8 150 3
190 15 2
83 158 4
97 119 1
147 76 1
32 72 1
198 20 2
55 144 2
60 155 3
47 87 2
16 8 2
77 4 2
34 193 3
73 25 4
44 138 2
151 94 2
23 9 4
27 165 3
96 74 3
15 178 1
0 168 4
61 174 4
130 53 4
178 10 4
116 189 3
38 44 2
140 23 3
138 129 2
41 127 4
99 186 2
82 49 4
89 90 1
43 151 2
162 31 1
183 160 4
143 125 1
198 73 1
105 18 1
123 61 1
181 178 3
146 19 3
97 143 2
68 183 4
190 62 4
61 148 1
63 10 4
190 170 4
145 103 3
74 94 1
105 167 3
176 129 3
164 145 3
185 181 1
115 180 1
68 122 1
20 48 4
99 131 2
168 158 2
61 79 1
25 192 1
56 62 2
95 23 2
65 179 4
182 1 2
39 109 1
115 58 2
67 24 3
138 198 4
158 192 1
28 101 2
44 147 4
6 86 3
36 189 1
104 79 3
180 16 3
133 125 2
13 133 4
82 31 1
26 36 4
190 122 3
29 80 3
76 102 4
185 148 2
7 121 2
119 27 4
96 182 2
59 12 1
171 33 2
110 150 2
11 9 4
26 76 3
119 138 4
175 91 2
117 61 4
54 71 3
188 81 1
84 61 4
165 19 4
35 132 1
133 159 1
5 159 2
133 8 2
21 181 2
155 44 4
162 41 2
176 43 3
124 14 4
44 56 4
47 76 1
78 100 1
138 197 4
154 84 4
165 13 2
51 38 3
117 152 3
102 3 3
67 68 4
112 60 1
37 99 2
91 27 1
150 87 3
2 63 1
19 61 2
68 147 2
143 2 1
175 76 4
169 131 3
103 41 3
40 3 4
102 178 2
121 95 3
170 74 2
126 7 3
71 35 1
91 106 2
15 62 4
123 81 3
186 84 2
3 188 4
147 101 1
182 3 2
170 64 1
68 12 2
0 107 1
23 18 3
98 35 1
88 41 4
161 153 4
108 135 2
150 188 2
133 12 4
72 23 4
82 144 3
46 54 4
90 193 2
88 198 3
199 103 4
159 33 4
198 3 3
195 188 1
20 125 4
4 141 2
71 2 3
178 184 1
4 20 1
46 38 3
47 103 1
26 177 3
181 94 2
78 14 2
171 45 1
72 106 2
138 84 4
163 92 4
148 164 3
128 21 1
99 129 1
30 22 1
69 134 2
132 9 1
62 88 4
10 8 1
71 8 2
30 172 1
22 71 3
129 40 4
39 141 4
9 190 3
127 14 3
145 45 2
17 97 3
53 153 1
157 106 4
159 87 1
61 7 3
61 38 2
43 42 3
10 148 1
160 125 4
109 197 4
77 99 2
57 6 4
61 78 3
15 64 4
61 121 2
174 1 2
92 138 2
115 61 3
133 118 4
193 110 1
99 91 1
106 156 3
55 123 2
84 88 1
117 91 2
47 40 4
44 140 2
155 134 3
19 20 2
164 82 4
7 148 2
63 9 3
175 21 3
122 55 2
65 77 4
34 15 3
71 81 1
104 45 1
38 142 3
121 111 3
167 126 1
14 180 1
110 78 2
64 24 2
72 178 2
112 122 4
128 30 1
89 125 1
40 63 2
135 148 1
49 26 3
6 170 3
23 169 3
95 14 2
53 142 2
105 41 4
23 107 1
38 145 3
28 65 2
174 33 3
179 52 2
91 130 1
53 79 1
152 96 1
52 38 1
27 44 1
58 185 1
149 33 2
10 99 3
101 151 4
15 1 4
33 16 4
172 60 1
67 198 3
153 168 2
162 28 1
31 18 1
55 110 1
122 99 1
96 51 3
159 17 3
146 171 2
72 84 1
49 86 4
12 1 3
184 62 1
145 157 1
185 164 1
136 142 4
154 135 2
176 121 4
45 52 1
136 81 2
40 62 3
138 32 3
102 74 1
12 158 4
104 180 4
7 152 1
143 180 1
11 141 3
24 75 2
130 80 2
95 12 4
11 76 4
138 70 2
64 157 4
84 108 2
108 161 2
42 88 3
14 21 3
49 156 2
93 174 3
32 104 3
127 94 3
198 188 2
17 192 3
146 155 4
110 70 2
84 151 4
88 96 3
187 170 3
46 59 2
194 12 4
109 77 1
70 51 2
196 21 2
189 124 1
60 94 4
63 161 4
34 137 3
108 99 3
161 159 4
110 181 4
3 82 1
71 61 4
185 39 2
189 68 3
190 111 1
78 45 2
57 96 4
44 117 1
97 182 3
185 0 4
135 144 2
148 172 1
58 73 1
25 27 2
7 31 4
198 161 4
10 183 1
97 94 2
8 165 4
158 7 1
181 120 2
76 115 3
199 27 1
36 42 2
119 12 3
29 60 4
83 175 3
29 143 4
35 136 2
27 33 1
72 116 3
45 31 3
118 164 3
50 159 2
115 135 3
145 168 4
76 4 3
87 37 4
119 195 2
176 59 1
114 5 2
159 36 2
10 131 1
12 170 1
128 73 3
186 161 3
74 90 2
168 181 2
3 79 4
46 39 4
40 178 4
81 26 2
153 159 4
78 133 4
175 140 1
40 11 2
84 40 2
190 10 2
120 92 3
182 12 2
166 151 2
192 104 2
197 123 1
143 0 1
54 1 1
63 39 3
148 9 3
141 52 3
21 99 2
88 17 3
71 191 2
4 5 4
194 49 2
178 176 1
130 195 1
107 192 4
12 83 4
167 150 4
104 11 4
159 86 1
117 75 2
77 5 1
178 121 2
18 61 1
58 52 1
62 156 4
121 36 3
162 107 4
30 185 2
68 125 1
64 187 2
174 24 4
78 23 3
82 103 4
93 58 4
27 179 3
71 30 1
130 69 3
10 159 1
180 112 1
21 75 4
89 196 1
173 162 4
4 103 2
149 104 4
60 17 1
47 20 4
80 56 1
171 69 4
54 41 1
152 176 4
24 87 1
126 70 4
193 176 3
33 15 1
128 87 2
60 106 4
43 32 4
156 112 4
9 185 1
86 169 4
41 158 1
7 185 2
38 176 4
180 12 2
181 32 4
194 184 3
102 161 3
70 1 2
191 111 1
36 111 2
121 2 3
64 155 4
78 84 4
163 67 2
164 46 1
18 80 3
103 60 4
47 64 1
176 17 1
113 21 1
104 135 2
174 18 4
183 29 2
29 86 3
80 68 2
166 164 2
81 11 1
8 80 1
141 134 2
46 126 3
103 136 2
4 73 4
19 85 4
123 42 2
125 37 2
33 78 2
170 158 2
137 99 3
111 159 2
61 159 4
83 122 1
80 13 2
124 125 2
114 145 1
142 80 3
115 132 4
127 177 2
162 64 1
183 67 4
118 88 1
128 192 3
102 182 1
94 146 3
18 114 2
68 64 1
197 141 1
4 66 2
73 83 1
45 170 1
7 160 4
18 132 3
186 110 2
172 160 1
148 31 3
8 149 1
170 21 1
112 149 1
16 66 3
179 152 3
54 141 2
117 159 4
135 132 1
7 139 3
73 102 4
162 38 2
128 119 3
86 28 3
151 18 1
104 12 4
131 105 1
169 100 2
161 155 1
5 142 1
139 153 3
48 26 2
28 0 2
189 157 1
183 73 4
186 81 3
35 36 1
27 192 1
38 17 3
14 199 4
1 87 3
104 163 2
31 104 3
23 141 2
59 153 4
193 15 2
163 193 2
26 192 3
65 75 1
195 153 1
19 55 1
104 109 1
104 164 1
166 65 4
21 50 1
180 165 3
35 27 3
44 108 4
76 123 4
141 22 1
186 106 1
18 195 3
4 184 3
90 143 3
172 43 3
114 132 1
168 64 2
113 196 1
135 143 3
178 158 3
140 108 2
78 145 3
128 12 1
70 30 2
45 173 3
178 143 2
72 160 4
26 186 1
127 138 2
170 134 1
93 8 4
75 88 3
142 157 3
134 62 4
178 149 3
168 143 2
45 13 3
91 31 1
138 113 2
146 132 3
178 177 1
174 78 1
3 44 1
164 179 1
44 60 4
11 129 3
28 153 3
40 74 3
59 36 3
182 82 1
125 101 2
72 28 4
7 163 4
171 180 3
86 32 3
113 85 2
186 69 1
1 194 2
149 108 3
196 40 4
73 68 3
63 144 2
50 129 4
189 102 2
57 150 2
44 135 4
164 128 1
120 122 1
168 141 2
188 96 4
50 52 4
196 195 4
32 146 3
80 184 1
131 73 3
111 176 4
53 155 3
153 166 1
98 165 4
32 131 3
122 106 3
38 59 1
149 16 4
80 179 4
113 57 1
162 115 4
77 42 1
132 107 4
87 137 2
125 183 4
132 83 1
30 89 3
93 170 3
109 180 2
14 106 1
135 69 3
20 177 4
26 166 2
170 167 3
130 36 4
137 145 2
175 87 1
164 180 2
11 46 1
149 10 2
11 69 1
153 69 3
67 180 1
104 92 4
90 77 3
35 172 2
127 28 2
6 146 3
157 53 4
4 185 1
138 184 3
134 191 4
182 188 4
31 190 1
151 39 2
47 130 2
185 22 1
9 178 3
189 162 3
24 58 3
142 19 3
117 43 3
88 81 2
10 74 2
66 64 3
24 102 1
9 137 3
152 182 3
137 156 1
70 14 3
147 70 3
86 130 2
155 74 4
68 135 3
62 85 4
178 93 1
135 15 3
0 145 1
59 151 2
60 122 1
197 167 3
161 73 2
99 81 3
97 167 3
6 84 3
0 89 2
116 187 1
88 77 1
91 63 3
137 119 1
34 7 1
107 108 4
163 145 4
1 65 4
105 179 3
93 56 2
90 107 2
72 103 1
131 92 3
27 114 2
176 140 2
48 140 4
67 184 4
127 95 1
3 175 1
102 159 3
45 190 4
6 189 3
156 7 3
53 8 4
151 103 3
33 107 2
141 188 1
49 148 3
50 195 4
171 32 1
194 128 1
86 63 1
40 132 2
100 81 1
35 125 2
187 132 3
165 85 3
45 124 2
3 86 4
96 87 4
132 62 3
31 158 2
117 124 3
112 40 3
128 17 4
14 154 1
109 131 3
119 117 4
79 119 4
10 123 3
21 147 2
102 27 3
3 141 1
134 71 3
198 194 1
73 9 4
137 74 1
122 119 2
186 129 3
87 158 2
83 24 3
30 96 3
45 8 1
191 50 2
32 39 2
159 98 2
163 6 3
159 74 3
169 108 4
83 89 4
13 147 2
87 74 2
106 89 4
191 88 3
115 104 1
50 99 4
100 23 3
113 188 2
193 33 2
191 34 1
133 127 1
104 77 4
149 48 1
171 141 4
7 60 2
157 149 2
51 100 3
52 48 1
148 139 3
109 115 1
84 86 4
177 142 1
152 72 1
5 124 4
125 107 2
129 166 4
103 18 1
127 121 4
91 89 2
167 39 4
193 137 4
131 151 1
113 37 1
57 118 3
110 103 2
17 30 3
75 40 3
43 114 4
20 161 4
194 157 4
67 11 4
67 140 1
149 76 1
194 127 3
193 126 1
135 29 1
88 131 4
171 161 1
36 48 1
26 87 1
183 185 4
69 144 3
116 36 4
178 198 1
148 80 4
100 21 3
111 146 1
15 45 1
146 49 4
137 126 2
180 190 1
182 8 2
43 25 2
35 155 4
76 128 1
193 124 1
44 78 2
26 4 3
47 37 1
32 98 3
25 5 3
69 10 3
110 20 3
99 153 3
12 149 2
43 88 3
141 6 3
100 115 4
107 117 4
142 64 1
171 28 4
12 155 2
18 119 4
62 59 1
81 102 1
58 48 3
41 96 2
116 5 2
31 105 4
157 39 4
97 159 4
101 15 3
189 45 3
17 184 2
8 128 1
65 148 4
119 5 2
28 108 1
169 122 1
28 136 4
45 20 4
97 133 2
49 1 2
189 179 4
11 158 1
103 63 2
154 46 3
114 6 1
78 108 2
51 97 3
71 114 2
70 36 2
111 101 2
177 160 2
55 128 3
125 135 2
138 72 3
192 32 3
101 71 4
160 85 1
18 1 1
2 98 2
35 118 1
74 174 1
92 2 4
173 57 4
196 97 1
5 75 1
100 133 3
32 145 3
159 16 4
134 76 3
189 0 2
104 185 2
44 81 3
122 143 3
181 10 4
92 154 3
91 110 3
120 63 1
84 33 2
55 151 4
17 178 1
12 15 1
32 118 2
44 10 4
176 37 3
26 175 1
180 151 4
137 188 4
82 9 2
156 5 4
31 46 3
157 169 2
92 3 1
44 192 4
162 60 1
66 171 1
3 172 1
23 39 3
96 90 3
40 149 1
47 29 3
68 138 3
148 5 3
127 23 3
11 78 2
0 162 1
148 150 1
189 60 3
196 167 3
187 91 1
21 106 3
42 40 3
150 84 4
180 144 4
54 62 3
68 85 1
13 63 2
33 123 3
145 66 1
188 193 1
166 48 1
117 143 4
63 135 1
71 92 4
25 167 3
26 148 4
155 86 1
56 8 2
11 153 4
57 121 1
117 168 1
149 196 1
41 89 1
171 148 2
198 153 3
166 41 4
130 158 3
176 143 3
113 184 4
59 175 3
34 182 3
44 61 1
17 117 2
49 113 2
61 0 3
48 55 1
66 19 1
76 60 3
98 100 2
103 61 2
34 59 3
115 111 3
183 169 3
124 46 4
43 161 1
50 8 3
144 88 4
134 187 3
21 138 3
48 182 1
24 184 2
125 77 1
60 158 3
163 156 2
182 17 2
73 192 4
129 41 3
171 37 2
45 134 4
10 110 3
3 91 4
13 4 2
91 8 2
30 78 1
24 10 4
24 195 1
108 36 2
48 96 4
197 156 3
155 80 2
42 14 2
178 94 4
86 153 3
10 64 3
88 93 4
167 44 1
151 22 1
99 60 1
34 21 3
104 122 2
66 39 3
151 16 1
63 26 4
179 48 4
112 186 4
48 45 3
119 78 3
3 161 3
66 138 3
28 23 2
17 96 4
3 68 3
137 23 1
20 28 2
188 30 1
131 161 1
46 175 2
82 89 4
154 171 3
147 132 1
77 13 4
39 128 2
14 12 4
164 35 1
188 165 1
108 54 2
48 76 2
8 115 3
156 88 4
142 10 2
118 102 4
72 88 4
68 170 2
93 175 4
180 154 4
107 147 2
52 130 4
179 40 4
20 42 2
68 166 2
2 83 3
152 103 3
42 58 4
110 177 2
20 111 2
114 143 3
100 62 1
37 18 2
132 48 4
86 58 3
52 143 1
6 39 1
67 49 1
181 104 1
22 11 1
72 46 3
190 152 1
99 126 2
129 119 2
81 155 1
7 1 4
79 27 3
20 119 3
181 5 3
10 71 2
35 34 3
183 17 1
180 35 2
90 109 1
72 124 1
74 66 2
30 42 1
53 148 1
147 119 3
196 170 3
46 29 2
179 87 1
178 74 1
132 191 3
129 2 2
22 95 2
199 77 1
60 193 1
139 55 1
95 140 4
82 64 1
66 11 1
82 90 2
26 11 4
7 186 1
154 34 2
105 10 1
130 7 4
130 161 1
57 36 1
85 192 1
140 45 3
134 89 3
119 101 1
194 120 3
33 7 3
123 196 2
140 33 2
198 101 2
75 144 3
1 95 4
87 9 4
74 182 1
111 72 3
55 27 4
196 42 3
120 190 3
71 44 1
82 53 3
159 21 2
122 100 2
39 165 3
50 138 2
70 61 3
12 169 2
196 107 3
15 130 3
140 136 2
175 107 2
158 95 1
4 139 4
53 77 1
187 185 2
173 55 4
169 107 3
198 66 4
64 75 2
17 181 1
22 127 3
196 95 4
5 197 3
159 115 4
9 83 1
151 28 4
116 76 2
23 139 4
129 98 1
196 179 4
39 75 2
70 84 1
31 78 1
194 150 3
167 110 4
70 143 1
37 65 4
104 158 2
12 111 3
142 113 4
196 24 1
47 21 3
177 162 1
54 34 4
42 82 2
101 45 4
111 135 4
40 53 2
46 67 2
184 13 4
81 140 1
8 22 3
57 95 1
154 148 4
26 53 2
71 7 2
1 199 2
43 185 2
186 21 1
161 160 3
185 14 3
91 74 2
51 180 3
132 34 4
85 118 2
144 147 4
77 154 4
168 9 1
23 42 1
5 198 3
178 105 3
162 87 1
27 69 2
143 77 3
10 158 2
180 5 3
58 75 4
94 173 4
99 74 2
196 7 3
43 84 3
96 107 2
187 45 1
172 121 3
50 118 2
148 102 4
148 165 3
196 136 2
157 34 3
131 61 2
40 1 4
8 144 3
152 61 3
181 145 4
134 39 3
195 165 2
185 188 2
129 73 3
174 113 1
165 0 1
147 33 4
90 159 3
77 160 4
28 77 2
129 140 1
195 187 4
121 31 1
165 86 2
145 139 1
24 190 4
141 55 3
157 153 4
66 155 3
20 56 4
184 38 3
175 160 3
27 15 3
69 49 2
171 136 3
100 166 2
87 161 3
121 146 1
181 106 2
94 187 2
163 71 1
189 50 4
154 56 3
73 27 1
129 6 3
199 176 3
3 43 4
18 16 1
13 152 3
119 16 3
0 146 3
171 174 2
115 147 2
122 144 1
135 50 1
113 125 1
100 112 2
128 124 4
59 139 2
186 184 4
117 192 4
155 170 2
165 97 1
61 47 4
123 19 3
46 49 1
76 58 2
186 17 3
66 142 3
25 78 3
196 132 1
23 114 1
187 159 4
110 93 1
124 3 2
148 81 2
163 79 1
174 134 4
161 9 1
195 58 4
64 14 4
114 169 4
13 89 1
188 149 1
176 95 2
195 26 1
106 84 2
42 105 3
190 131 3
37 48 3
77 79 3
12 30 2
27 18 4
176 49 4
181 107 1
117 38 4
59 110 3
149 150 3
179 101 3
70 175 2
49 174 4
117 141 1
25 161 1
119 109 4
77 168 1
178 70 3
167 14 3
78 122 1
105 58 1
134 25 2
63 171 2
68 8 4
169 14 2
44 181 4
78 198 1
51 85 4
156 192 1
95 122 2
28 90 4
184 179 4
19 130 4
112 191 1
136 194 3
58 26 2
110 56 4
140 199 3
64 69 4
15 5 1
81 9 2
168 80 2
0 140 1
37 151 3
152 30 4
153 38 2
112 67 2
62 38 4
115 139 4
137 132 2
32 164 2
4 113 3
113 122 2
67 194 1
81 68 1
95 43 3
55 99 2
154 125 2
195 37 3
86 192 3
21 30 1
113 152 2
137 172 3
186 142 4
29 9 2
97 139 3
66 13 3
85 134 1
153 12 4
62 191 3
69 1 1
142 86 3
11 10 1
198 105 4
105 28 2
48 93 3
170 43 1
111 145 1
30 14 2
5 64 2
198 53 4
31 165 3
75 13 1
171 77 2
120 20 4
105 50 2
107 49 3
190 181 1
115 72 3
53 152 3
119 174 3
159 13 3
86 65 4
75 0 1
166 142 3
90 183 1
162 113 4
28 5 3
182 104 3
112 138 2
185 51 3
33 160 2
160 178 2
115 71 2
66 21 2
198 171 3
116 82 1
161 112 3
190 49 2
186 61 1
196 183 3
90 34 2
74 7 4
129 28 1
114 17 3
165 142 2
143 6 3
112 53 4
133 52 4
167 92 3
153 126 1
155 71 2
67 55 3
191 133 1
186 15 3
164 105 3
85 175 1
9 121 3
120 73 2
187 172 2
147 165 3
82 66 4
47 191 4
43 78 4
90 167 1
185 83 2
58 177 4
126 77 2
134 42 2
197 88 2
24 153 2
183 35 3
176 166 3
116 66 1
12 114 1
72 196 2
82 155 2
183 25 1
25 23 1
160 167 3
24 66 1
172 106 1
168 136 4
33 142 4
174 81 3
111 0 4
97 28 4
63 188 1
143 31 4
150 18 4
126 112 1
24 170 4
187 73 3
90 165 3
185 127 4
48 73 1
40 176 1
79 165 4
27 154 4
43 47 4
120 156 1
71 136 2
111 119 4
128 177 3
1 155 3
119 6 4
4 79 4
98 37 3
76 31 4
48 123 4
13 27 2
43 123 1
108 39 1
9 1 3
90 179 2
132 123 2
50 140 2
147 77 2
191 68 2
122 53 1
110 94 2
33 3 3
0 76 3
16 172 2
11 125 1
106 7 3
161 193 3
195 142 3
54 40 1
34 38 2
195 23 1
108 14 4
16 134 1
12 105 3
95 111 3
187 117 4
124 64 4
44 193 2
108 189 4
8 127 2
168 45 3
9 65 1
190 27 1
97 110 4
196 49 2
36 125 2
66 128 1
134 180 1
169 93 1
191 189 1
34 27 3
17 48 4
173 137 4
111 142 2
78 83 1
24 182 4
141 142 2
111 61 3
12 82 1
192 91 3
29 44 1
143 182 3
104 112 4
6 96 2
94 17 1
94 116 4
4 63 3
38 124 1
175 109 1
154 35 1
160 94 1
68 98 3
73 18 2
7 20 4
25 34 2
67 65 1
31 113 4
191 6 3
36 8 2
97 112 2
12 132 4
80 11 1
134 158 4
152 161 2
188 95 4
166 186 1
168 198 3
15 85 4
90 56 1
41 132 3
121 132 4
185 91 1
158 183 4
148 59 4
127 34 2
98 101 2
142 57 2
56 71 1
20 73 4
40 21 2
52 23 4
64 118 1
68 61 3
64 152 4
25 41 2
62 24 1
188 134 1
144 29 4
116 84 2
48 142 1
193 107 4
104 16 3
6 135 2
88 120 1
185 120 2
47 152 4
32 185 2
77 101 1
40 148 2
95 125 2
136 188 1
109 25 1
40 58 3
114 177 3
130 157 4
11 24 1
128 175 1
185 112 1
173 87 3
36 31 2
120 31 2
83 99 3
196 41 2
154 144 2
38 109 4
125 164 1
78 3 4
189 4 4
30 91 2
183 113 1
111 99 2
150 44 4
54 114 4
24 59 1
186 14 3
40 29 4
3 7 1
25 54 2
187 128 3
72 34 1
194 94 1
141 41 2
162 120 2
165 33 1
32 31 1
20 149 2
59 86 1
122 50 1
16 39 2
104 63 4
170 41 2
102 63 2
41 6 3
171 132 1
107 9 3
54 197 4
130 14 3
125 155 3
185 191 4
1 21 3
172 6 2
193 133 3
23 110 4
52 156 3
163 121 3
58 176 1
126 168 4
183 126 4
69 58 1
44 194 2
138 9 2
144 118 4
15 136 3
138 175 3
128 168 3
0 106 3
155 3 4
84 174 3
148 146 1
82 189 1
188 43 2
59 28 3
118 154 3
150 33 4
177 139 1
169 185 4
154 12 2
171 144 1
74 59 2
126 86 1
3 15 3
163 199 1
34 97 3
179 135 1
196 118 3
194 36 3
20 169 1
17 78 4
48 117 1
79 143 3
193 3 2
168 101 4
178 165 4
98 39 1
133 48 4
122 186 2
98 29 2
21 20 3
5 149 3
166 133 3
139 117 1
3 112 1
119 90 2
107 48 3
88 30 4
81 98 2
168 194 4
160 110 4
70 74 4
198 72 1
23 97 3
77 113 3
185 109 3
56 147 1
190 117 1
133 67 3
81 119 1
77 38 2
146 197 2
64 163 3
59 171 1
148 89 4
168 38 1
140 1 3
152 33 1
9 114 4
189 142 2
106 63 1
159 81 3
168 178 4
113 156 3
83 56 1
194 33 4
92 20 2
158 71 3
40 174 1
69 90 1
63 165 2
109 59 3
28 112 2
47 198 2
144 195 2
67 143 1
43 121 1
48 4 4
145 25 2
5 125 4
96 157 1
62 43 3
31 22 4
76 129 1
182 180 3
114 30 1
97 77 1
88 56 4
104 108 1
50 32 2
63 141 2
97 20 1
88 138 1
151 169 4
79 148 1
103 15 1
195 92 4
194 135 3
2 188 1
117 116 2
39 13 4
146 10 1
24 56 2
199 93 3
46 98 1
144 83 1
149 166 1
80 54 4
156 105 2
162 187 1
50 107 2
95 88 3
118 138 1
143 86 4
167 61 3
147 46 2
98 62 2
119 40 2
1 75 3
15 0 1
93 33 1
57 185 4
2 172 3
65 198 1
161 11 4
18 172 1
172 46 2
25 95 2
80 6 4
85 45 3
61 51 3
150 85 4
156 166 4
177 47 1
91 80 3
89 75 4
16 45 3
145 75 1
88 12 3
109 43 4
161 28 3
81 170 4
164 91 2
57 145 2
157 76 3
141 68 1
164 115 3
124 100 1
46 153 3
163 95 3
112 181 4
177 30 1
116 180 1
156 96 3
4 150 4
153 47 2
149 71 1
4 130 3
66 183 2
148 167 2
19 18 1
184 129 1
194 188 4
23 174 1
189 170 1
108 136 4
37 155 1
44 41 2
145 47 1
79 175 3
2 112 4
120 47 1
76 126 3
194 75 2
1 25 4
18 56 1
64 22 4
166 7 4
30 46 3
100 127 2
65 117 3
132 198 1
21 177 3
71 85 3
124 75 1
131 149 3
31 67 1
144 157 1
170 91 2
86 25 3
177 141 1
90 197 4
53 88 2
46 110 1
52 144 3
172 94 3
127 165 2
149 133 1
105 93 2
133 111 1
185 68 2
5 128 3
17 65 3
182 42 3
28 133 1
14 164 4
134 135 4
75 138 1
123 5 3
109 21 2
30 119 1
91 11 2
104 124 3
41 123 4
116 99 3
90 44 3
151 44 1
42 103 3
83 123 2
106 149 3
137 41 3
155 57 2
27 138 2
9 71 4
101 42 3
132 32 3
183 87 4
112 38 4
84 133 2
1 31 4
121 170 4
74 195 2
63 182 4
77 10 1
174 193 4
165 21 3
174 27 4
195 105 1
109 138 2
198 135 2
170 125 1
180 21 3
198 104 4
45 177 4
34 84 3
120 51 1
35 25 1
69 80 1
131 136 1
7 195 2
150 153 3
129 47 4
0 104 1
39 57 1
33 85 3
59 19 4
46 149 2
58 135 1
175 12 2
131 59 1
151 126 3
30 11 3
57 139 2
145 63 2
21 70 4
68 123 4
65 194 2
189 153 2
139 142 1
1 178 3
125 129 2
149 137 3
67 44 2
42 21 4
154 134 2
93 38 1
128 92 1
83 91 2
87 13 1
28 27 2
44 23 2
70 97 4
12 141 2
30 116 1
16 1 3
39 55 2
186 177 3
141 5 2
46 55 1
190 186 4
173 92 1
51 43 4
158 20 1
48 185 4
176 26 3
90 103 1
196 80 4
42 164 3
80 180 4
103 131 1
58 117 3
104 147 1
13 74 2
3 157 3
143 148 3
111 30 1
85 61 1
165 146 4
151 8 4
190 192 3
174 31 1
159 39 1
118 185 4
106 190 4
69 109 3
160 182 1
139 138 3
185 197 3
58 126 4
156 188 4
160 124 2
104 170 3
77 15 3
18 163 2
159 41 2
111 180 1
192 49 2
195 33 3
192 162 3
165 41 2
78 155 2
83 37 3
135 36 2
62 114 2
43 33 1
93 140 3
0 129 2
13 120 4
29 69 3
69 6 2
190 169 3
64 2 1
34 166 3
57 15 2
114 154 1
137 88 4
50 176 2
155 18 4
49 131 2
162 89 4
27 182 1
138 81 3
39 47 4
183 58 3
30 150 2
98 194 3
42 151 2
32 21 1
60 170 3
14 55 4
36 7 4
3 119 4
78 35 2
84 81 1
44 37 2
176 149 2
71 153 1
38 126 1
19 34 3
14 153 3
131 98 3
56 97 1
137 12 3
4 180 2
90 91 1
49 43 3
199 47 3
37 106 1
89 146 1
147 95 1
117 20 4
186 93 3
13 53 3
62 112 4
120 3 1
119 38 3
194 64 2
30 82 3
190 61 3
48 188 4
154 151 4
80 120 2
74 113 1
5 87 3
129 165 3
156 8 2
94 147 3
45 86 4
175 31 3
146 91 1
169 98 3
56 189 3
199 156 3
1 63 1
61 199 4
21 182 2
160 92 1
23 123 1
25 152 3
117 74 4
16 77 2
147 108 3
109 94 1
91 42 1
147 125 3
141 7 4
194 190 3
148 124 2
53 190 4
132 44 4
177 40 1
167 178 3
191 114 4
71 31 2
73 112 3
97 114 4
82 41 3
37 69 2
28 141 3
162 74 2
80 157 4
71 178 1
61 133 3
69 111 4
79 8 4
71 132 2
96 69 1
141 103 4
190 133 3
184 123 3
108 75 3
122 165 4
2 176 3
196 139 4
53 147 1
187 133 1
160 165 2
174 154 4
191 74 2
101 92 3
12 197 4
170 111 1
22 36 2
69 158 4
116 154 4
38 47 3
157 127 2
191 171 4
152 39 2
8 42 4
37 190 3
151 17 2
133 116 1
31 74 4
64 61 4
177 67 1
146 176 1
54 126 1
147 133 4
176 78 2
112 94 3
57 187 1
110 19 4
133 137 2
34 188 1
87 195 3
186 46 3
79 0 2
12 160 3
167 77 2
113 40 1
12 106 4
168 4 2
34 12 1
76 3 1
186 89 1
36 150 4
199 181 1
63 76 2
32 92 1
57 46 4
160 45 3
66 52 1
51 36 1
160 114 2
144 110 1
44 197 3
60 92 4
179 158 2
153 106 4
7 182 4
79 173 4
92 184 1
167 11 3
35 188 3
199 126 1
52 105 3
45 167 1
24 22 1
146 80 4
52 139 2
101 132 3
156 164 4
120 100 4
128 120 2
129 158 3
12 97 1
30 187 2
93 166 2
185 65 2
198 27 4
90 71 3
37 170 4
89 188 3
90 100 2
126 190 3
125 58 2
86 156 4
153 167 4
31 110 2
33 103 3
15 55 2
29 73 4
133 114 3
93 69 2
105 143 2
149 197 2
155 67 3
48 18 4
74 146 3
105 129 4
121 49 2
101 100 3
33 117 2
52 164 1
89 94 1
182 109 3
184 46 2
137 142 2
99 0 2
160 166 2
51 12 1
96 185 3
65 13 2
38 144 2
125 56 2
136 16 2
166 190 1
31 13 3
158 70 1
93 128 1
144 146 4
170 51 1
163 81 2
103 189 3
91 104 4
79 122 2
98 40 3
184 159 3
162 121 4
92 118 4
162 193 1
13 48 4
179 96 3
8 184 2
160 19 4
86 40 4
163 143 4
13 60 3
71 74 3
108 148 4
145 179 2
99 76 4
167 23 3
189 2 2
30 112 4
51 145 2
160 174 4
49 195 3
22 152 2
4 60 1
74 126 3
196 65 1
154 155 1
18 58 2
25 36 4
62 123 1
18 191 2
83 190 3
27 170 4
106 185 2
80 140 1
68 168 3
72 117 2
181 51 4
99 11 3
71 68 3
172 191 4
119 87 3
43 75 2
1 74 1
107 161 2
69 168 4
170 18 4
56 162 3
22 138 4
44 25 2
174 98 3
77 50 3
180 163 4
177 138 1
45 133 2
189 27 2
84 121 2
169 52 1
194 166 2
42 187 2
193 178 4
20 17 4
133 27 4
159 191 1
70 148 3
27 87 2
156 108 4
172 90 2
26 160 2
56 10 4
68 164 4
113 23 2
132 144 2
25 15 3
189 190 3
44 16 4
3 95 2
24 146 2
189 15 3
158 51 1
79 34 1
189 125 2
73 197 1
73 188 2
38 171 2
62 176 1
180 99 2
25 130 1
149 192 2
30 144 3
100 36 1
168 122 2
35 42 4
60 23 4
30 6 1
113 55 1
144 186 1
135 188 3
91 51 4
23 148 3
42 119 4
40 52 2
199 108 1
27 166 4
73 65 3
71 144 3
35 182 3
6 150 4
54 117 4
157 111 4
193 183 3
196 157 1
107 70 1
89 61 1
44 76 3
80 78 2
103 129 2
32 126 4
33 181 1
65 66 3
44 0 1
54 196 1
99 152 1
46 43 1
16 72 1
71 52 4
51 11 2
111 91 1
138 147 4
159 28 4
108 35 4
119 19 3
113 135 4
181 91 1
26 108 1
154 48 3
47 192 1
52 108 4
32 16 1
8 143 1
189 89 1
94 11 3
136 21 1
2 165 3
195 131 3
106 182 1
128 115 3
90 51 4
44 49 4
101 64 3
182 118 1
5 38 2
97 151 2
21 35 3
12 80 2
154 5 3
159 72 2
68 130 1
27 109 1
164 11 3
31 166 3
172 55 4
2 114 3
195 66 4
77 47 4
12 186 4
184 183 1
59 48 1
134 11 4
20 130 1
96 26 3
65 164 3
7 24 2
66 122 1
126 63 1
118 113 2
35 129 2
129 58 4
158 176 4
98 15 1
131 31 3
14 56 2
57 93 4
1 19 1
107 45 1
165 183 2
123 111 4
40 18 1
55 132 2
113 2 4
5 36 3
64 140 4
29 111 1
97 87 2
57 94 4
61 143 1
84 148 4
171 64 3
183 40 3
76 154 4
49 38 4
104 26 2
127 104 3
175 162 3
155 165 4
21 149 4
111 134 2
138 100 4
110 142 2
98 168 4
68 30 3
62 97 3
140 142 2
81 158 4
121 3 3
168 35 3
186 162 4
102 38 3
82 167 2
105 70 1
22 166 3
88 91 2
50 40 4
176 173 1
96 146 4
179 186 2
129 152 4
13 70 1
74 140 4
165 177 2
21 134 3
117 29 1
176 60 1
116 74 1
157 68 1
45 197 1
188 6 3
57 90 3
140 14 2
69 72 1
99 179 4
74 156 1
66 30 1
100 37 3
195 109 4
103 192 4
192 84 3
45 183 2
199 101 2
111 28 4
150 197 3
65 159 3
67 100 4
148 166 1
187 60 2
55 157 4
108 57 3
48 176 3
39 79 1
156 196 4
115 175 3
102 136 4
45 161 3
163 124 3
123 131 2
157 94 4
146 5 3
113 105 1
14 126 2
156 82 2
101 24 3
60 1 2
30 154 2
164 109 3
199 151 3
101 2 3
155 25 1
10 187 3
97 120 2
111 79 3
22 75 4
85 36 1
188 163 3
27 124 1
76 15 1
152 151 3
1 30 3
87 163 3
122 42 3
90 199 1
67 90 4
105 17 1
34 58 1
8 119 1
72 10 4
160 170 2
3 57 1
59 60 2
127 48 1
6 95 2
151 36 2
102 123 3
74 189 3
48 8 3
136 178 3
148 184 2
92 68 1
11 86 1
148 39 2
155 77 2
65 20 3
64 87 1
9 49 4
10 186 4
130 60 3
0 32 3
68 155 2
135 75 1
29 19 3
107 126 3
66 86 1
1 45 2
134 22 3
76 36 2
173 112 1
28 70 1
152 88 3
2 102 2
60 70 2
150 112 1
41 53 2
53 104 1
97 157 4
138 52 2
80 167 2
78 162 1
120 82 4
20 115 3
145 80 2
157 119 4
46 18 4
81 34 4
47 4 3
176 162 1
177 35 2
99 160 2
10 52 3
185 176 1
105 185 1
36 195 2
1 2 3
2 100 2
18 182 4
91 127 1
106 133 3
115 30 2
123 191 4
114 24 2
116 60 4
80 178 4
69 87 2
172 27 3
192 100 1
41 38 4
78 95 4
142 151 3
55 149 2
104 195 4
67 20 1
190 130 1
172 33 3
25 131 3
129 172 2
167 51 2
46 37 2
116 42 2
155 108 3
6 40 4
12 28 2
154 120 4
39 12 4
187 75 2
132 113 1
137 138 1
146 162 3
73 105 4
153 34 2
40 0 3
38 127 3
31 42 4
62 196 2
68 148 2
192 64 3
48 100 3
1 52 1
169 79 3
192 199 3
78 157 3
60 55 2
62 14 3
190 87 2
115 32 4
102 62 4
43 98 1
85 2 2
189 65 4
74 9 2
110 114 4
37 164 3
185 78 4
112 124 3
119 127 4
86 27 2
36 60 3
114 89 4
138 105 3
159 196 1
139 194 4
65 190 4
50 110 4
17 15 1
197 184 2
112 70 2
49 35 2
194 117 2
146 168 1
89 31 1
10 177 3
128 70 2
7 155 3
81 15 3
140 173 3
145 69 1
4 50 4
158 36 1
84 115 1
152 174 2
133 179 4
75 74 2
113 175 2
131 20 2
63 98 3
96 128 4
90 132 2
129 130 2
158 4 2
165 163 2
135 81 1
162 106 3
58 186 2
51 5 2
103 149 2
193 31 4
23 145 1
126 154 1
52 182 2
57 14 3
133 171 3
11 119 3
10 182 2
135 65 4
196 98 3
192 176 1
99 138 1
127 54 2
195 62 2
11 5 4
143 63 3
46 159 1
103 84 2
91 79 4
174 10 4
78 79 1
117 129 2
75 99 3
165 84 4
73 154 3
176 85 4
96 67 2
161 60 3
53 30 3
50 39 4
131 139 4
85 164 2
61 31 2
24 115 3
1 22 2
12 9 3
39 74 1
26 21 3
128 94 2
118 90 2
68 19 2
157 72 2
133 41 2
81 132 4
191 36 4
32 34 2
66 199 1
143 186 2
109 105 2
107 131 4
99 174 3
174 181 1
99 196 2
166 84 1
152 125 3
31 198 2
80 75 2
59 145 1
57 140 3
143 9 3
12 120 2
19 152 2
95 59 4
142 76 1
77 37 1
85 25 4
43 182 3
37 60 4
133 32 2
93 120 2
21 146 4
35 68 1
167 15 2
23 5 2
84 12 2
123 110 2
175 179 3
148 129 4
103 30 4
139 11 3
158 98 3
156 190 1
117 169 3
99 64 3
149 194 1
185 152 2
140 137 1
25 94 3
98 164 4
162 54 4
59 88 2
27 11 4
173 37 4
105 174 3
163 12 1
154 136 1
191 60 4
2 170 1
174 65 2
76 109 3
86 35 1
54 100 4
84 96 4
59 64 4
163 70 2
96 150 1
86 5 1
198 48 2
78 74 4
162 123 1
10 172 4
121 78 3
88 49 1
188 66 2
8 159 4
180 65 1
40 56 3
56 48 2
78 69 2
42 128 4
137 114 3
73 108 1
81 23 2
135 109 4
77 183 1
70 155 4
12 71 4
155 160 1
193 153 1
170 61 4
59 169 4
41 12 2
184 164 4
129 33 2
40 127 3
92 16 2
107 19 3
47 104 2
195 12 2
49 27 1
168 103 2
13 18 4
167 163 4
49 60 1
181 171 3
107 63 3
47 90 2
114 77 3
173 42 1
127 85 1
95 195 3
82 177 2
27 152 3
77 133 1
111 71 3
37 63 3
150 95 2
191 99 3
51 144 4
17 41 1
98 54 4
165 30 2
0 17 4
175 184 4
32 101 4
36 153 4
51 56 1
59 150 4
55 4 4
154 18 4
96 79 1
62 44 1
157 37 3
64 102 2
36 92 1
109 146 2
150 28 3
99 125 2
96 151 4
98 99 3
61 160 3
120 1 4
91 166 2
36 185 1
156 56 2
174 77 4
84 114 4
74 24 4
143 1 4
41 191 2
182 165 3
25 136 1
101 3 1
25 39 3
40 2 4
153 180 4
194 164 2
95 84 1
0 48 4
156 9 4
166 128 3
12 60 4
76 105 2
1 124 3
128 183 1
7 169 4
12 32 2
181 43 1
62 149 3
75 15 2
179 59 2
75 173 4
157 122 4
166 16 4
150 151 3
171 96 3
106 44 4
3 180 4
77 190 3
196 69 4
100 14 1
56 81 3
49 5 4
27 195 2
82 123 3
15 100 2
161 154 1
24 134 1
198 56 2
28 149 3
108 21 4
88 1 1
144 148 2
42 160 4
172 122 3
138 114 3
95 187 4
146 153 3
188 172 2
163 9 3
150 115 4
104 5 4
36 46 1
144 5 3
171 116 2
139 179 4
193 125 4
25 83 1
188 174 3
31 180 2
106 198 4
179 26 4
187 136 1
157 58 3
47 154 4
123 150 3
55 78 3
32 106 4
86 121 2
34 56 3
100 33 3
112 1 3
78 34 2
138 178 1
12 73 2
148 13 3
83 67 2
128 32 1
98 117 3
175 196 1
93 109 1
148 168 3
125 31 1
144 79 1
19 192 1
174 13 1
69 38 3
70 59 3
159 104 3
24 122 2
6 117 2
23 118 4
112 51 4
7 18 2
66 132 2
132 29 3
192 22 3
63 27 1
30 153 3
80 182 2
126 159 2
186 75 1
175 180 2
17 136 1
86 78 1
16 106 1
121 5 3
66 120 4
23 75 2
49 58 1
96 178 1
165 88 3
96 177 2
86 21 4
18 115 2
180 56 4
63 127 4
146 198 3
74 12 2
103 73 4
56 66 4
29 129 4
131 14 3
20 62 3
50 92 3
59 87 1
166 174 2
53 144 2
94 87 1
28 73 4
186 198 4
169 32 2
14 83 3
55 47 2
40 17 3
88 85 4
42 34 1
3 114 3
196 147 4
185 81 1
45 131 3
118 104 4
189 154 4
115 192 2
40 115 2
76 124 3
171 68 2
161 157 4
61 181 2
176 15 1
48 29 2
41 150 3
118 61 4
30 104 1
167 122 3
15 159 2
76 28 1
118 84 3
71 171 1
85 0 1
126 31 2
77 60 2
115 196 4
189 53 4
178 69 4
137 14 2
30 170 2
127 187 1
166 82 1
80 53 2
191 67 2
96 197 3
108 109 2
101 130 4
157 167 2
163 34 2
52 196 2
15 84 2
192 111 2
186 6 1
107 141 3
88 183 1
81 43 4
11 49 3
150 22 1
21 167 3
178 199 4
41 63 1
184 189 4
184 70 3
130 30 3
174 30 3
64 11 2
151 11 1
113 38 2
139 30 3
127 58 2
139 12 1
45 2 3
107 157 2
3 1 3
81 14 4
114 80 4
198 95 2
131 120 3
142 127 1
39 86 2
82 106 4
23 74 3
62 168 4
44 69 3
20 2 3
82 94 2
99 35 1
83 148 4
18 11 2
24 145 2
0 121 1
175 171 3
25 100 1
69 99 3
132 14 4
62 82 2
191 89 2
93 44 4
191 196 3
42 194 2
133 142 4
72 31 2
128 159 3
27 12 1
35 116 1
123 52 2
154 112 2
42 41 1
120 95 1
133 101 2
61 25 1
34 123 3
102 173 2
171 123 1
149 180 3
190 75 3
126 166 4
89 48 3
24 119 3
189 132 1
20 35 3
101 49 3
184 14 4
118 161 1
3 62 3
75 73 1
135 116 1
73 134 3
150 187 3
173 84 2
132 75 3
185 166 2
60 75 3
190 30 2
147 93 1
87 53 4
162 164 4
182 79 4
63 45 2
158 73 2
19 89 2
46 106 1
168 52 2
107 154 4
188 61 3
20 174 3
28 87 4
118 119 3
29 172 1
146 85 3
122 12 3
148 114 4
177 61 2
33 186 2
102 51 2
77 180 3
27 191 1
51 194 4
134 84 3
175 36 2
85 66 3
15 113 4
128 60 4
140 163 3
83 1 1
101 142 2
125 43 2
40 48 4
174 68 2
145 190 1
16 68 2
38 198 3
27 77 1
48 99 2
82 133 3
110 90 2
24 63 3
134 43 1
20 61 1
117 130 1
76 77 3
193 81 1
146 158 1
186 123 4
41 152 4
83 19 4
74 142 4
160 109 4
16 9 3
16 122 1
150 122 4
163 43 4
180 71 4
188 88 3
2 118 1
168 147 2
128 131 3
88 190 1
19 67 1
