9950 200
0 136 6
136 51 8
0 140 2
51 169 7
136 149 8
169 182 3
51 109 5
136 188 9
136 93 3
0 52 2
52 3 5
3 161 5
109 191 5
188 143 7
149 54 3
136 199 8
0 64 4
182 29 3
52 35 1
52 87 1
199 120 1
191 168 7
191 192 4
35 49 2
87 152 4
152 90 9
93 133 4
152 2 3
49 131 3
188 115 9
109 156 6
115 102 8
169 22 3
0 42 6
2 132 1
156 41 7
143 32 6
169 18 5
143 147 6
149 88 7
3 159 6
35 185 9
102 44 7
49 28 5
136 34 9
54 27 8
168 154 6
93 144 5
131 116 9
44 56 6
152 9 1
102 19 1
28 172 1
185 121 4
168 45 1
143 197 2
182 117 3
87 177 2
133 167 7
19 67 9
102 38 8
90 83 1
22 31 3
51 175 3
29 165 9
34 79 8
172 171 5
51 10 9
121 113 8
49 5 9
159 184 7
54 13 7
172 153 3
0 148 8
117 70 4
168 62 1
18 8 8
109 105 9
41 106 4
2 138 5
34 82 6
42 112 1
132 180 1
167 59 7
87 187 2
171 12 7
180 76 9
28 15 6
112 95 7
8 119 5
79 65 1
79 73 8
187 179 6
115 104 9
192 77 9
168 108 8
34 142 9
29 146 2
144 4 2
180 36 1
41 198 2
182 58 6
138 71 8
56 60 2
82 17 4
54 98 9
188 128 4
60 92 1
95 46 5
38 7 8
13 75 2
199 101 2
188 135 4
101 37 7
187 173 5
35 24 3
52 20 5
35 137 4
75 11 8
167 43 2
161 23 1
43 21 3
64 53 6
24 48 6
146 164 1
70 40 9
2 176 3
180 55 5
165 110 7
182 157 7
95 163 4
12 166 2
185 141 1
164 107 8
161 6 1
92 126 1
144 97 9
4 80 1
52 84 5
88 16 4
179 151 8
87 1 4
19 129 2
90 89 9
153 130 6
135 118 8
55 78 6
116 183 5
22 81 1
16 50 8
32 124 1
93 47 5
107 190 1
67 174 1
197 14 3
198 122 9
8 189 4
22 162 6
173 125 8
113 111 2
106 94 3
119 158 4
130 57 8
46 86 1
44 33 7
9 25 9
131 160 2
25 195 8
120 170 2
90 72 5
75 193 6
41 155 6
113 26 3
11 61 4
48 186 6
175 181 5
97 103 6
162 114 6
128 127 2
144 145 7
55 66 3
169 100 6
188 30 7
12 63 5
21 96 4
165 150 5
176 85 8
13 139 3
128 39 6
35 91 9
90 196 7
29 194 4
16 178 1
90 68 6
68 134 9
126 123 9
131 99 5
41 74 2
5 69 7
14 138 1
161 189 2
42 113 4
20 64 3
52 28 4
172 147 2
101 184 2
109 199 4
169 127 1
90 106 3
150 61 4
178 173 3
92 47 2
197 126 3
92 115 4
108 8 4
52 1 1
179 76 3
160 76 4
100 1 3
96 71 3
179 124 2
105 10 3
140 182 4
61 144 3
111 37 2
74 96 2
89 57 1
132 190 3
62 19 3
134 25 2
144 114 4
55 181 1
154 197 1
101 34 3
56 105 3
171 144 2
141 193 1
194 45 4
120 187 4
14 54 2
160 33 4
93 106 4
59 49 1
2 90 3
126 181 3
17 181 3
134 138 1
133 7 2
111 77 3
193 12 3
131 171 2
147 94 4
53 153 4
20 68 3
170 48 4
16 33 4
30 154 2
156 182 1
161 192 2
56 20 2
0 47 2
145 42 3
68 36 1
43 3 3
198 73 2
180 61 2
190 148 3
66 137 4
33 135 2
190 63 4
1 172 3
37 102 3
73 39 2
140 33 2
79 179 4
137 2 1
50 124 4
78 194 4
157 52 2
172 74 2
24 176 3
148 143 3
53 132 2
58 91 3
114 85 3
142 112 3
122 14 4
158 193 4
9 193 4
51 156 1
5 191 2
36 106 3
16 102 3
139 187 2
184 27 1
151 64 4
25 80 4
107 124 1
116 143 3
94 188 3
111 166 4
54 62 1
167 155 2
156 79 1
191 183 3
123 142 3
0 199 2
138 47 4
26 137 3
59 96 4
18 195 4
165 77 3
63 97 4
87 39 4
95 2 1
101 4 4
20 150 3
42 199 1
75 195 4
84 145 4
126 156 3
34 46 2
68 33 1
141 20 2
22 109 1
87 77 4
153 104 4
153 97 4
169 5 2
116 147 2
147 43 3
71 182 1
0 118 1
48 5 1
163 123 3
190 62 4
81 74 4
158 185 3
194 102 2
114 139 3
180 127 4
15 144 3
83 32 1
70 4 2
42 137 1
44 21 4
64 126 3
103 34 2
155 55 3
179 159 2
173 168 2
47 158 2
47 21 2
152 4 4
192 86 1
177 73 1
140 135 3
37 185 4
167 99 2
134 148 3
67 7 4
7 169 3
69 116 1
183 53 4
38 153 2
166 161 2
149 108 4
57 43 3
163 96 3
36 160 2
85 45 4
6 173 2
77 53 1
36 35 2
6 144 2
124 70 4
177 158 2
23 109 3
38 112 3
44 32 2
169 52 2
47 107 4
1 193 4
180 186 2
182 92 2
59 41 4
128 1 4
6 48 1
41 87 1
188 127 1
88 32 3
18 6 3
96 171 3
167 178 3
0 34 3
197 199 3
113 128 3
98 40 3
124 169 3
160 165 2
179 12 1
49 4 3
18 11 1
185 11 2
24 191 1
185 108 4
59 102 4
192 151 4
155 26 3
136 161 2
100 16 4
107 126 3
17 4 3
0 60 4
97 193 2
128 153 2
99 153 3
171 149 1
88 117 1
130 85 1
175 23 4
16 167 4
151 108 4
24 19 2
177 136 1
59 197 2
47 117 1
176 21 1
163 15 3
46 167 1
146 113 4
133 192 2
11 66 1
114 22 1
150 137 2
22 29 1
64 83 1
75 122 2
54 169 2
109 104 4
195 7 2
134 143 3
124 97 3
125 135 4
93 129 3
177 194 3
180 184 2
79 186 1
146 31 1
128 79 2
177 36 2
183 84 4
189 65 4
99 188 2
77 144 3
23 125 4
11 149 2
137 157 4
109 1 2
179 72 2
179 131 2
42 198 3
86 95 4
63 70 3
28 128 3
171 136 3
79 17 3
106 121 3
199 76 4
132 35 4
135 154 2
98 177 1
78 119 2
53 162 4
22 115 3
75 56 4
114 82 4
63 113 3
88 183 4
179 67 3
193 181 2
60 187 2
102 110 2
198 5 1
28 31 1
11 167 2
168 48 3
137 122 4
19 168 1
75 109 2
146 68 1
177 186 1
115 32 1
57 154 2
108 115 4
81 182 4
132 45 1
78 84 2
86 199 4
172 69 3
106 32 2
2 158 2
121 29 3
155 90 2
158 154 3
128 175 4
122 86 3
9 142 1
52 112 1
71 80 2
127 108 1
49 153 4
188 149 2
53 164 1
78 167 1
181 56 1
111 147 4
56 139 4
71 33 2
106 60 3
160 38 2
143 48 2
92 14 1
15 12 2
124 89 1
128 6 4
173 101 3
58 24 4
54 55 2
187 131 2
117 166 1
168 112 1
171 78 3
143 91 1
46 70 1
109 113 3
6 109 1
36 148 3
177 185 2
183 122 1
97 177 1
43 33 2
186 100 3
12 57 2
177 20 2
159 197 4
81 7 1
161 179 1
89 160 2
172 88 3
187 157 1
61 49 4
1 21 4
40 151 2
18 175 3
94 31 3
6 176 4
14 61 3
192 68 3
175 103 2
102 25 3
29 35 2
152 154 4
27 182 3
26 114 3
2 41 2
68 129 1
36 103 3
172 189 2
88 58 3
120 37 1
0 165 1
141 178 2
14 42 1
97 168 4
20 98 4
40 61 3
72 183 2
41 152 2
131 104 2
78 110 4
186 189 2
108 23 3
199 33 3
72 105 2
134 93 3
191 95 2
168 69 1
117 103 3
166 20 3
28 24 4
163 60 3
64 191 2
172 44 2
53 144 4
147 168 1
156 114 3
199 149 3
193 174 4
138 22 2
59 156 3
140 83 1
77 107 1
8 58 2
52 86 3
121 39 2
67 16 1
190 35 2
118 190 1
60 190 4
66 37 4
193 80 3
6 7 1
83 111 2
120 99 2
151 131 4
188 46 4
71 166 2
191 9 1
61 3 1
185 92 1
183 100 4
188 163 1
93 142 1
144 175 4
142 106 1
154 75 1
5 152 1
54 94 1
30 196 2
196 39 3
191 42 1
15 151 3
151 198 2
128 82 1
198 60 1
104 151 1
53 100 3
141 36 1
128 37 4
169 36 3
133 124 3
36 185 3
50 155 4
192 15 3
88 116 3
93 12 4
42 80 3
128 58 3
24 105 4
77 19 3
49 192 1
32 104 3
36 112 3
101 127 2
85 199 2
103 177 4
132 12 1
67 119 4
110 162 3
190 166 2
9 196 2
139 126 2
33 73 2
10 89 2
16 196 4
171 5 3
146 3 2
101 158 3
14 142 4
20 46 4
33 193 3
32 136 4
128 94 1
97 8 3
34 197 4
122 167 2
126 14 2
123 127 3
130 86 2
9 122 3
80 124 1
123 43 4
58 114 2
124 199 3
0 41 2
145 159 3
152 18 4
75 127 4
92 72 3
138 33 4
40 191 1
111 103 4
14 187 2
8 148 3
128 76 4
131 23 4
111 174 1
94 162 2
47 148 4
141 10 4
37 93 2
43 134 4
71 82 1
48 123 3
28 12 2
59 99 1
192 177 1
176 28 1
51 152 2
30 177 2
176 32 4
85 187 3
106 125 3
95 140 2
47 165 4
58 186 3
103 20 1
53 192 3
179 191 4
115 119 2
76 138 4
191 104 1
109 5 3
131 120 2
197 113 3
194 189 2
68 57 1
185 145 2
173 185 4
194 118 4
85 83 3
34 22 3
79 109 4
137 133 1
84 112 4
10 168 2
71 0 1
163 11 1
121 73 1
198 20 1
109 89 2
4 151 2
38 119 2
97 27 1
179 81 1
108 144 2
194 119 4
63 81 2
172 181 2
1 137 1
51 31 3
180 188 1
25 111 1
167 7 1
45 126 2
39 63 3
4 138 1
27 11 2
83 41 1
49 128 2
26 83 3
76 4 1
166 186 1
154 151 1
52 40 4
92 5 3
66 196 2
168 170 4
107 88 4
73 51 2
129 38 2
181 159 1
77 190 1
139 157 4
61 37 4
34 148 4
70 101 1
192 114 4
197 152 1
139 142 2
100 143 3
22 110 1
122 109 1
17 119 1
187 78 2
75 66 4
28 30 3
33 188 1
107 43 3
85 42 3
103 113 3
117 184 2
3 177 4
63 17 2
62 18 2
14 133 2
198 195 4
141 162 2
80 39 4
17 192 1
95 122 1
114 28 2
120 30 2
156 158 1
5 129 3
125 160 1
62 145 3
112 21 2
135 57 1
169 178 2
45 141 2
99 72 2
97 13 3
103 50 1
45 58 1
121 12 1
95 139 2
164 104 4
20 159 3
113 148 3
157 38 3
21 134 3
146 40 2
102 136 2
182 121 4
99 49 3
77 121 4
162 171 3
96 12 1
24 64 3
121 110 1
14 130 2
143 124 1
23 142 3
167 118 4
78 50 1
34 87 4
151 150 1
107 101 4
68 4 4
88 110 1
156 78 2
110 54 1
2 52 2
161 138 3
20 90 4
26 9 3
128 40 1
86 18 4
37 142 3
138 31 3
59 106 1
81 127 2
38 144 2
51 158 4
22 123 1
175 8 4
183 181 4
31 191 1
84 3 2
60 12 3
37 122 1
199 12 2
48 119 4
10 151 2
130 145 2
127 14 4
66 39 1
73 99 2
10 111 2
120 47 4
91 136 3
143 144 3
60 110 2
128 198 2
131 1 4
104 3 2
80 177 2
152 10 3
18 110 4
108 62 2
62 80 3
125 64 2
26 23 2
14 23 3
152 198 3
102 42 2
188 168 4
66 101 1
102 31 1
3 32 4
2 145 2
199 34 3
33 95 1
158 153 2
54 124 2
19 93 1
5 162 1
107 80 2
46 176 1
128 75 4
28 69 2
74 32 3
149 62 4
56 10 4
117 64 3
68 178 3
72 79 2
132 22 2
95 152 4
152 91 2
33 28 2
1 0 2
49 0 4
38 5 4
136 67 3
185 44 3
71 43 3
11 40 2
13 163 4
26 30 3
171 27 3
45 44 2
180 79 3
161 95 1
181 15 1
94 52 1
75 116 3
88 74 4
119 98 4
76 191 3
89 82 2
121 127 1
160 62 4
103 110 3
185 6 3
176 148 2
143 97 1
136 64 2
132 74 1
49 197 1
66 30 4
150 138 3
29 164 2
189 126 2
144 19 2
1 47 4
63 119 2
101 98 3
134 116 4
183 43 1
105 121 1
10 32 3
79 11 1
93 45 2
21 131 2
50 61 3
84 11 1
169 29 3
27 172 4
149 114 1
170 70 2
87 8 1
21 160 3
154 108 1
109 131 2
171 88 3
94 118 2
124 153 2
181 47 3
184 182 1
140 9 1
171 120 1
86 191 4
16 131 4
47 140 3
136 12 3
161 132 4
57 52 4
39 74 3
158 132 2
123 104 2
108 195 2
70 72 1
3 170 1
67 12 2
25 53 3
56 3 3
93 137 1
121 153 3
175 33 1
80 187 4
46 170 3
60 196 3
41 29 1
82 125 2
112 81 3
184 34 2
166 70 3
142 146 3
43 120 2
42 37 4
19 193 1
40 93 1
165 70 3
183 107 2
0 132 4
88 19 4
57 95 1
191 74 4
150 36 2
151 44 1
13 127 2
29 113 2
183 71 2
21 26 3
191 11 2
106 58 1
121 150 1
54 115 2
179 33 4
112 103 1
3 48 2
7 192 2
8 171 4
176 26 2
152 80 3
50 63 3
103 142 3
86 118 4
88 115 2
59 94 1
129 62 3
47 161 4
52 189 1
144 104 2
36 15 3
59 34 1
57 45 3
194 34 2
157 112 3
16 41 3
6 164 4
90 81 3
6 50 2
146 87 3
60 111 1
180 138 2
122 58 2
0 113 3
100 147 2
173 159 3
36 88 2
168 158 2
8 53 2
54 164 3
171 16 2
30 0 2
51 157 1
135 128 3
137 142 1
58 22 1
20 122 4
103 10 3
165 73 3
78 116 4
152 50 2
40 36 4
106 46 1
73 171 3
172 95 4
81 71 2
2 12 2
67 82 3
121 173 2
72 16 2
48 42 2
163 142 3
60 66 3
157 78 3
119 87 1
59 198 4
13 35 4
40 183 1
86 141 4
136 179 4
139 105 3
150 181 2
133 161 1
105 31 2
101 0 4
155 176 3
5 125 1
188 125 1
11 181 2
94 134 1
128 10 2
114 38 3
20 10 1
156 98 2
172 191 4
12 59 4
167 19 3
40 113 3
141 159 3
13 93 1
171 119 2
47 53 2
139 42 4
75 64 1
197 179 3
4 33 3
68 142 2
138 182 3
177 60 2
96 190 1
112 104 3
171 181 2
194 150 1
157 138 3
84 98 4
108 169 1
91 15 2
82 54 1
108 192 2
131 34 3
198 32 2
150 164 1
149 169 3
89 134 2
17 70 2
114 171 1
194 41 2
117 131 1
98 165 4
114 177 1
45 115 4
113 27 4
74 182 3
115 178 4
178 72 3
135 180 2
155 3 1
169 78 2
80 28 4
43 143 1
34 129 1
30 18 3
171 35 1
105 115 2
176 161 4
159 17 3
131 85 4
48 111 4
78 26 4
38 122 4
62 189 1
136 112 2
124 37 2
122 69 3
28 41 4
40 154 3
118 157 1
0 55 2
152 174 2
61 64 1
83 53 4
29 162 4
78 91 4
94 138 4
30 167 2
84 161 4
99 176 4
98 32 2
13 110 3
130 97 3
88 198 3
71 44 3
90 14 4
160 122 1
193 185 2
161 167 4
86 29 3
20 28 3
102 78 1
135 122 4
10 18 3
75 97 4
161 34 3
105 22 1
60 194 2
74 142 2
134 58 1
20 146 1
51 75 2
149 145 3
150 169 3
94 119 2
146 74 2
43 162 1
131 55 1
60 131 2
1 125 4
154 145 4
47 134 2
95 16 4
196 184 4
131 168 1
167 132 4
107 111 2
45 166 4
25 16 4
66 7 3
41 131 1
178 139 3
135 99 3
30 101 4
61 6 3
27 106 4
81 1 4
194 23 3
156 77 1
55 135 3
195 78 4
122 131 3
35 136 1
35 73 2
119 180 3
173 66 2
157 62 2
13 191 4
92 137 3
161 199 4
74 65 1
144 139 2
64 94 2
195 146 2
170 142 3
101 198 2
189 33 4
185 25 2
168 143 3
28 7 3
122 83 1
18 150 3
176 127 2
70 93 3
12 80 2
177 143 3
147 5 4
162 169 3
48 125 1
172 78 1
66 120 4
107 193 2
174 100 4
79 85 1
96 66 2
65 14 4
105 46 3
22 178 3
115 13 2
72 107 3
29 25 1
139 14 4
24 75 4
169 103 4
23 127 2
48 142 2
57 76 3
128 177 3
2 192 4
144 190 3
197 149 3
186 98 1
141 173 1
40 83 4
159 15 2
107 148 3
29 192 1
82 50 1
129 4 4
41 67 2
194 149 4
181 174 3
77 0 1
118 139 3
89 174 3
197 127 4
130 155 4
15 185 3
180 113 4
184 14 3
146 67 2
141 172 4
185 41 1
39 20 2
89 4 1
173 184 1
175 58 3
60 192 3
20 45 2
80 30 1
186 92 3
120 135 2
7 24 4
175 93 1
155 106 2
98 63 4
46 21 4
112 138 2
27 5 2
126 164 2
98 113 3
49 12 1
57 194 4
40 116 1
48 159 1
24 6 1
63 120 3
3 79 1
76 103 2
13 114 4
142 98 3
43 184 3
49 70 2
30 176 3
187 130 4
135 79 2
186 42 4
112 25 2
76 32 4
121 179 2
197 110 3
195 106 1
12 120 3
6 189 3
11 150 2
39 24 2
2 167 1
163 125 3
6 51 4
107 7 4
125 128 2
12 76 4
194 94 2
157 177 2
165 48 3
87 112 3
109 123 2
39 170 4
94 53 3
20 111 1
59 187 1
45 113 4
106 30 2
25 78 2
120 93 3
111 26 1
12 147 2
171 19 4
164 86 2
55 7 1
169 69 1
149 175 3
197 7 4
101 141 3
22 33 1
65 160 3
52 42 4
31 180 1
77 108 2
40 162 4
67 83 1
55 165 4
192 73 3
176 182 2
167 164 1
48 69 3
193 156 2
61 60 4
49 104 4
186 10 2
152 167 4
118 155 3
116 190 3
49 101 4
52 122 3
177 83 3
93 160 2
89 9 4
25 188 3
92 152 4
46 54 4
118 51 3
16 194 2
30 27 1
134 127 1
158 131 1
113 106 1
28 192 3
122 118 4
53 21 1
13 118 4
128 114 3
103 149 1
0 81 4
40 174 2
15 35 2
3 133 1
38 150 3
150 90 1
194 142 2
177 72 1
174 165 2
172 118 4
198 71 4
109 135 3
86 43 4
140 119 1
174 159 2
110 70 1
105 186 3
58 2 3
83 62 3
139 128 3
148 65 2
144 112 3
132 186 1
51 36 4
124 105 2
40 56 1
36 113 2
64 32 1
196 89 1
127 199 4
4 40 2
180 169 4
169 20 1
197 181 1
168 38 4
168 132 4
88 179 2
110 152 4
74 97 2
182 155 3
88 39 3
159 135 3
152 20 2
92 29 4
85 142 3
45 42 1
150 127 4
116 144 4
150 167 1
152 22 4
18 104 3
145 22 1
5 112 4
193 130 4
123 166 3
84 71 4
147 7 1
25 26 2
75 60 4
120 89 1
89 126 4
189 76 2
95 107 1
8 38 3
86 158 2
74 29 1
193 145 1
80 137 1
164 112 1
163 191 3
100 131 1
159 71 3
50 120 1
118 14 4
72 165 1
186 39 3
2 84 4
30 175 2
95 135 3
80 160 4
104 103 1
22 130 2
181 45 1
134 150 4
193 100 3
70 87 1
58 159 3
116 111 1
16 85 4
52 74 3
156 174 1
38 26 1
187 103 4
109 58 4
120 73 3
153 175 3
82 73 4
124 25 1
25 66 1
111 138 2
164 181 4
83 189 3
110 135 4
107 61 2
36 32 1
71 162 3
95 12 4
70 182 2
45 35 3
8 199 1
174 195 1
120 126 4
162 186 3
74 112 4
22 175 2
90 124 1
99 106 2
73 166 1
19 152 1
16 183 3
166 75 3
157 85 3
136 52 1
159 23 4
198 15 3
83 132 2
37 153 3
174 12 4
2 133 1
172 192 3
139 175 4
18 121 3
56 59 3
111 95 4
52 77 2
12 3 3
169 109 3
71 153 2
128 22 4
15 141 3
82 101 1
175 155 3
130 51 4
27 14 4
97 17 1
165 198 3
27 56 4
144 16 4
69 119 1
165 193 2
20 132 3
190 199 1
148 14 3
163 128 3
168 178 2
23 10 1
118 141 2
194 3 4
55 58 4
144 105 4
70 107 2
199 133 1
149 130 2
167 107 3
171 57 4
37 6 3
50 168 3
63 186 3
195 71 3
161 74 2
122 79 2
28 191 2
88 22 1
146 5 2
177 27 1
199 55 4
44 129 3
13 47 3
160 18 4
173 79 1
166 156 4
93 22 4
144 22 1
94 96 3
57 160 3
50 66 4
56 145 4
51 29 3
154 185 4
161 148 2
16 52 3
39 153 1
76 49 1
103 74 1
194 148 3
185 132 3
175 147 1
75 8 2
140 53 1
37 83 1
109 98 3
26 153 2
43 173 4
173 37 3
38 69 2
7 134 4
99 13 4
19 148 3
106 103 4
170 197 2
26 92 4
49 44 4
52 147 1
47 169 1
81 13 4
39 90 4
105 191 3
61 51 3
17 71 1
173 16 2
44 182 3
164 62 2
46 131 3
74 192 3
12 82 3
184 84 1
122 195 1
38 60 4
6 175 4
117 178 4
11 54 3
112 108 3
137 65 1
186 120 3
11 46 4
132 116 2
116 155 2
80 81 3
141 29 3
4 112 2
151 98 1
106 129 2
29 187 3
96 193 4
104 118 2
95 101 3
139 55 4
35 86 1
150 13 4
137 19 4
59 159 3
107 38 2
129 140 3
93 78 2
132 101 2
162 54 2
155 140 2
68 60 4
117 81 2
124 135 3
160 136 4
35 120 4
3 124 1
104 97 2
108 11 4
120 174 2
149 96 1
9 5 2
148 90 2
41 57 3
89 114 3
169 134 3
89 21 4
36 154 4
75 153 2
140 10 3
113 41 2
11 26 1
113 18 3
115 179 4
20 59 3
51 41 1
82 143 3
175 125 2
59 115 3
171 100 3
86 67 2
180 190 2
10 13 1
31 174 2
110 7 3
185 89 4
12 78 4
3 178 3
66 98 2
55 94 4
58 44 1
164 153 3
68 22 4
79 61 2
48 153 2
79 110 1
151 48 4
115 196 2
55 92 3
76 33 2
117 44 3
179 57 2
107 37 3
113 102 3
43 153 1
166 84 1
65 95 4
29 70 1
7 156 4
170 148 1
37 11 4
2 20 2
165 102 4
81 32 4
71 30 2
117 125 2
157 1 4
175 15 4
194 58 1
139 171 4
34 157 1
168 103 1
12 64 2
57 139 4
7 4 3
34 94 2
110 36 4
187 196 4
146 53 4
184 10 2
70 143 1
172 182 2
94 120 3
30 35 4
45 53 2
155 189 1
17 188 1
68 117 4
160 51 2
136 108 3
27 131 4
15 187 3
96 82 3
109 181 4
84 34 1
188 87 1
121 13 1
162 128 3
149 170 1
18 159 4
35 110 2
99 69 4
99 19 3
189 36 2
125 121 3
124 52 4
162 138 1
148 3 2
165 61 3
155 82 3
126 25 2
182 77 3
68 75 2
159 87 3
143 131 2
25 92 1
187 79 3
191 72 2
198 93 4
138 56 3
6 94 2
85 40 3
187 104 4
124 190 4
133 182 4
13 5 1
33 111 1
135 10 3
101 178 1
163 71 4
1 69 1
131 66 3
17 130 2
106 47 3
161 101 2
81 155 1
66 52 4
51 126 3
110 99 2
172 139 4
165 14 1
38 99 4
47 22 1
89 11 4
127 170 4
28 100 3
152 1 3
158 50 4
21 182 4
71 128 1
74 82 2
103 26 3
95 64 4
168 23 4
187 197 4
94 19 3
120 155 2
4 0 1
149 18 2
138 32 2
21 107 1
96 40 3
3 128 2
45 30 2
84 42 1
11 198 4
50 196 4
105 41 2
67 191 3
109 145 2
93 147 1
29 57 4
136 87 3
94 29 1
195 79 3
25 135 4
7 174 4
172 18 3
103 107 1
50 49 1
18 158 1
182 30 3
97 114 3
126 132 4
71 165 3
32 84 1
138 70 2
149 76 3
184 61 2
195 17 1
68 112 2
84 163 1
175 27 3
91 123 1
78 69 4
117 111 1
174 91 1
171 147 1
151 91 4
22 187 1
73 32 1
180 6 2
63 107 3
78 44 1
24 130 1
148 29 4
8 4 2
120 197 4
86 190 3
46 146 4
82 171 3
77 90 3
131 2 1
171 160 1
78 51 1
152 127 1
102 61 1
106 164 4
90 157 4
146 95 3
182 72 4
164 137 4
151 180 3
8 172 3
94 151 4
146 191 3
187 133 1
8 188 2
83 20 2
122 34 2
2 101 3
66 130 2
67 185 3
2 170 4
170 194 2
57 4 1
26 59 4
100 6 4
77 67 4
194 30 4
106 159 3
52 184 2
35 103 2
32 155 2
23 152 4
109 49 4
182 134 3
119 49 3
160 173 4
159 147 2
70 199 2
154 92 3
188 86 4
183 37 2
152 133 3
185 163 4
48 174 4
144 169 4
27 181 4
186 15 2
82 194 3
54 96 2
140 57 2
175 104 4
47 96 4
140 107 4
27 132 3
137 175 2
126 97 4
44 145 1
109 192 1
68 41 4
38 179 1
136 33 2
100 151 2
135 94 1
123 0 4
75 143 3
92 120 3
181 192 2
80 29 3
86 77 1
120 84 4
184 44 3
185 174 2
6 63 4
4 162 3
59 191 4
21 74 3
92 65 3
10 99 2
155 53 2
89 107 1
119 170 3
8 44 3
9 108 2
37 169 2
71 115 2
197 102 2
61 33 2
25 153 3
142 42 2
38 163 4
111 157 2
6 149 3
145 155 3
36 64 1
97 132 1
140 152 2
63 173 4
172 60 3
84 108 3
26 2 1
98 35 4
55 185 3
60 105 1
142 167 1
89 53 1
198 143 3
138 79 2
77 178 4
147 177 2
39 141 2
149 167 4
37 163 4
97 69 2
122 45 1
165 141 3
26 138 2
54 52 3
49 176 4
25 158 2
111 21 3
134 175 1
104 129 3
136 130 1
197 21 4
67 181 4
26 29 4
195 132 4
145 21 3
72 181 2
115 171 3
123 41 1
184 51 2
134 64 2
191 49 3
40 21 3
12 155 1
4 187 1
56 15 3
64 23 4
91 20 1
115 175 2
36 54 2
16 111 3
48 0 4
112 11 1
3 154 3
121 52 4
34 20 2
41 72 1
178 198 2
119 110 4
47 188 3
112 0 4
162 120 4
45 108 2
127 21 4
72 62 4
43 72 3
137 58 4
1 26 4
124 193 4
140 178 1
198 121 4
30 150 2
5 161 2
43 61 1
122 190 3
39 29 4
121 103 2
131 121 4
120 57 3
143 21 2
108 193 4
102 51 4
5 2 4
129 16 1
176 90 2
94 140 4
175 174 1
38 73 1
23 0 4
130 133 2
99 75 3
157 153 4
192 32 1
10 104 3
168 150 1
85 164 4
145 47 2
173 146 3
186 169 1
95 70 1
27 154 2
26 120 2
49 51 2
35 146 3
48 98 2
183 172 4
99 82 4
5 79 3
128 89 2
46 130 3
142 5 4
174 50 3
85 51 1
158 52 3
154 191 1
130 132 4
160 82 2
10 167 1
169 98 2
2 195 1
151 171 2
153 82 2
184 15 2
44 154 4
196 106 3
50 151 2
57 198 2
98 126 2
133 59 4
48 20 2
114 9 4
106 182 1
183 57 3
14 36 3
108 32 4
145 184 2
13 36 2
146 49 3
156 33 2
178 25 2
182 159 4
189 175 2
193 164 2
181 113 2
133 122 2
167 15 4
47 184 2
91 102 1
94 117 3
19 25 4
28 186 3
56 36 3
128 176 1
70 171 1
140 198 2
73 152 1
176 71 1
63 137 1
184 198 4
160 13 3
74 58 1
199 155 1
115 121 3
187 164 1
190 74 3
160 15 4
122 191 3
187 124 4
136 1 2
66 160 4
119 6 2
48 39 1
101 181 3
107 11 3
102 105 3
86 110 1
77 10 3
99 35 3
81 161 1
76 113 3
53 92 1
197 101 4
120 79 3
3 112 3
179 83 3
68 38 2
47 128 4
107 146 1
21 100 3
193 148 1
177 2 4
140 139 4
27 85 1
27 152 4
111 152 2
129 185 2
127 122 1
5 148 3
149 181 4
181 148 4
30 34 3
169 174 3
152 43 4
189 70 1
9 33 3
98 125 4
26 146 3
182 61 3
168 122 4
69 39 3
15 44 1
100 5 3
177 55 2
69 174 2
18 184 3
89 122 3
142 52 2
78 30 3
148 20 2
120 175 4
22 103 4
26 164 4
56 54 4
82 78 4
63 171 2
41 158 1
130 15 1
105 62 3
72 73 4
198 166 4
24 60 1
48 138 3
84 90 4
22 96 4
111 92 1
23 49 4
19 74 2
61 187 4
54 88 2
103 98 4
63 140 3
150 80 4
146 90 2
100 113 3
191 51 4
156 91 1
80 95 2
28 48 1
174 162 4
40 42 2
154 113 2
130 72 3
71 120 2
82 168 1
119 153 3
133 146 1
13 148 3
152 76 4
131 133 2
145 103 3
64 177 2
35 60 2
18 106 2
31 135 1
134 170 3
31 182 2
43 38 4
122 102 3
45 50 4
20 38 4
12 178 1
135 139 4
75 184 2
188 44 1
106 187 2
97 15 1
160 147 3
10 174 2
26 198 3
134 197 1
87 55 2
83 134 1
131 35 2
138 103 1
98 69 2
3 99 1
179 113 2
132 128 3
28 61 3
52 47 4
191 100 1
119 54 2
54 84 1
95 138 2
184 2 2
13 140 3
23 47 1
159 70 3
77 106 3
193 55 1
114 21 2
1 185 4
131 165 3
191 55 2
70 91 3
192 188 2
157 160 1
59 151 1
68 187 3
156 2 2
185 196 4
25 146 2
71 188 2
23 55 1
181 144 3
41 132 3
172 128 2
26 156 3
146 159 4
125 189 1
187 16 2
70 73 3
177 19 1
90 10 3
199 90 2
109 114 3
106 189 1
30 197 1
15 117 1
1 156 1
86 101 1
136 14 4
21 9 3
116 159 2
42 32 1
181 74 3
136 37 1
195 163 1
22 190 2
136 61 3
31 132 3
48 13 1
113 188 1
149 71 2
64 127 4
14 107 2
10 161 3
149 93 4
108 133 1
177 56 3
179 129 1
91 93 4
104 6 1
107 71 2
41 108 3
151 80 2
135 172 1
196 197 3
81 173 2
199 181 4
26 178 2
64 91 2
126 166 4
129 96 2
45 174 4
45 185 1
184 152 1
75 133 3
135 158 4
71 25 4
174 154 4
163 31 4
18 23 4
102 71 3
170 140 2
106 115 2
96 187 2
9 139 1
180 160 2
129 81 1
175 62 4
40 138 1
4 124 1
67 72 1
113 117 2
86 87 1
149 115 2
27 34 1
172 129 2
24 53 3
157 113 4
93 21 4
47 192 1
143 120 2
110 189 2
119 122 1
44 17 1
138 78 2
14 95 4
198 53 3
33 178 1
33 196 2
115 118 1
12 36 2
32 45 1
86 51 4
99 77 2
12 162 3
120 169 4
106 191 2
189 89 1
72 21 2
67 169 1
181 169 1
47 132 1
130 74 1
130 44 1
80 43 1
143 160 3
35 17 3
11 121 4
69 82 3
35 27 1
86 195 2
192 136 4
31 194 3
129 192 4
131 108 1
51 106 1
149 159 4
11 162 1
8 157 1
96 108 1
10 163 2
186 55 2
199 104 2
126 191 1
92 193 3
120 116 1
34 88 4
37 68 2
131 142 2
70 18 2
128 73 4
161 185 3
162 2 3
176 190 4
102 151 3
29 108 4
99 52 2
177 71 1
122 23 2
73 25 2
65 162 1
163 197 2
13 168 1
46 181 4
55 133 2
9 155 2
123 199 2
27 162 4
72 135 1
47 78 1
24 118 1
104 44 3
28 184 4
29 135 1
180 124 1
90 163 4
46 147 3
90 122 1
145 53 1
36 22 2
49 80 4
149 90 1
116 197 2
39 144 1
103 24 4
116 180 3
28 116 3
174 184 2
178 124 2
131 144 2
114 191 2
40 182 4
3 115 3
11 134 2
176 122 3
175 37 4
13 58 4
106 40 2
101 35 3
22 124 3
199 75 2
157 74 4
109 97 2
100 2 4
66 169 2
199 73 2
62 81 1
151 199 3
8 120 4
38 139 3
26 175 3
115 63 2
78 144 3
51 3 2
189 66 1
28 38 3
59 82 1
177 163 3
152 54 1
124 9 2
46 43 1
157 13 2
173 140 1
177 93 2
197 88 1
170 144 2
101 79 1
39 185 4
150 49 4
24 83 2
192 113 4
78 28 4
80 190 4
27 157 2
146 94 1
108 76 4
84 38 1
18 198 4
15 180 4
199 30 2
116 95 4
126 69 1
179 146 4
48 79 3
2 125 1
101 131 3
189 95 3
20 75 2
18 123 1
171 86 1
127 73 4
52 108 4
75 96 4
126 119 2
87 164 1
37 108 2
112 151 3
130 102 4
128 98 1
87 129 2
81 52 1
122 126 1
161 114 3
88 133 4
78 94 1
178 81 2
111 99 1
158 150 4
103 135 2
113 135 3
72 116 3
182 17 2
171 74 2
38 41 1
7 193 4
60 88 3
162 96 3
17 132 3
146 120 2
26 86 1
152 26 4
15 55 1
160 179 1
97 52 3
39 52 2
126 19 4
71 58 2
132 106 3
14 162 1
114 133 4
56 70 2
151 93 4
53 170 3
80 86 4
102 185 4
160 91 1
18 133 2
49 120 3
86 60 2
46 187 4
3 193 2
114 66 3
18 179 3
175 56 2
24 148 1
0 22 3
55 174 3
65 101 4
30 164 2
143 133 2
59 27 1
170 57 1
185 128 1
54 86 3
31 99 3
53 23 2
17 138 1
43 52 1
115 74 1
10 137 1
44 31 3
170 166 4
29 89 2
47 74 3
55 65 3
115 125 2
3 113 3
164 90 2
134 69 4
21 5 4
112 29 4
143 185 4
182 59 2
87 174 1
184 131 1
61 155 3
179 106 2
119 45 4
27 156 4
157 20 2
148 33 1
32 47 1
87 123 3
36 95 2
127 20 3
88 87 1
102 106 2
111 150 2
19 64 3
153 114 4
149 184 3
28 196 4
165 63 4
76 122 2
25 141 2
94 190 4
12 97 3
137 165 1
173 179 4
138 57 4
6 181 2
190 109 2
52 181 1
168 78 4
108 17 1
4 92 3
140 122 4
58 176 3
116 186 3
88 139 4
15 69 4
148 59 2
106 4 4
125 156 3
135 98 4
92 42 4
67 90 1
15 98 3
194 124 3
62 57 4
72 66 1
161 144 4
40 90 1
51 174 4
40 189 2
175 177 3
144 94 4
163 183 3
77 132 2
23 137 1
57 34 3
104 27 3
41 104 4
118 65 1
55 149 2
148 123 2
31 73 3
57 114 4
128 194 1
105 3 2
161 45 1
153 89 4
197 74 2
129 13 4
10 49 1
142 162 4
95 91 2
145 70 1
81 39 1
20 165 2
171 39 4
192 149 1
104 195 4
105 187 2
82 109 1
156 90 1
58 14 1
103 194 4
56 158 2
3 119 1
137 71 4
12 181 3
199 17 3
49 133 2
81 141 2
142 96 2
118 142 4
82 111 4
102 75 4
55 2 4
64 78 4
127 35 1
146 16 2
62 114 1
190 104 2
180 18 1
122 66 3
35 10 3
57 108 1
181 76 2
71 169 4
80 24 2
91 167 2
175 44 2
108 30 4
64 180 1
101 47 3
50 13 1
80 153 2
181 156 2
174 42 3
179 174 4
52 58 2
168 56 2
24 190 2
7 5 4
63 25 4
30 111 4
66 61 1
83 110 3
174 15 3
21 169 1
93 145 1
169 139 3
166 16 1
100 48 2
181 96 4
78 8 4
168 57 2
157 42 3
71 185 1
157 149 1
28 85 1
50 86 2
50 55 1
56 96 3
129 132 4
20 65 4
85 26 4
188 157 4
128 140 3
60 9 4
143 199 1
159 72 4
66 108 3
132 118 2
39 167 4
22 28 4
51 111 4
114 35 1
9 20 3
123 31 2
116 189 2
163 30 2
60 145 2
21 106 3
109 132 2
118 25 4
63 49 3
92 144 4
163 196 4
132 173 1
107 171 4
194 185 4
1 163 1
121 65 1
93 63 4
165 108 1
13 154 2
0 51 2
139 34 3
0 36 3
193 52 3
1 31 4
145 112 2
44 70 2
187 17 2
170 21 3
122 120 1
17 169 2
24 27 1
66 126 3
158 31 1
145 189 4
25 70 4
80 77 1
42 27 4
126 56 2
153 106 1
77 110 3
79 67 3
106 105 2
87 110 4
19 188 1
189 191 1
96 98 3
106 162 4
83 171 2
183 195 4
2 9 3
26 94 4
118 97 3
139 85 2
130 3 3
53 84 3
96 97 1
40 34 3
47 196 2
122 7 1
92 161 1
194 134 4
71 92 1
71 64 1
76 105 2
81 177 1
149 177 1
128 173 2
108 46 2
89 32 4
32 95 1
76 39 3
63 168 2
162 84 1
158 199 3
81 91 3
35 44 3
35 150 2
59 193 4
41 134 3
82 127 2
186 59 2
95 15 3
166 15 4
195 95 4
100 107 3
28 142 2
92 19 3
72 47 2
120 165 3
52 63 1
14 21 4
41 129 4
134 129 1
115 69 4
147 192 2
16 23 4
84 43 3
97 66 3
27 87 2
36 11 2
118 100 3
161 111 1
99 97 2
179 128 2
151 97 1
166 86 2
125 52 4
87 142 2
131 69 1
33 78 4
56 186 3
109 84 2
125 164 2
42 178 1
157 122 4
182 103 4
80 178 3
48 96 2
102 138 1
158 172 4
130 73 1
60 189 2
129 139 1
80 70 4
68 61 2
75 100 3
53 184 1
107 178 4
115 158 2
72 75 4
101 22 2
120 150 1
197 66 1
81 10 3
72 28 3
33 197 1
8 151 3
31 172 1
14 167 4
133 176 3
63 21 2
41 39 2
85 3 1
159 165 3
141 5 4
32 13 3
46 154 3
113 71 4
181 195 1
188 80 3
164 118 4
58 41 4
179 4 4
82 39 2
40 64 4
54 122 2
26 134 2
72 50 2
107 87 1
110 177 1
25 42 1
177 144 3
174 93 3
130 4 1
49 124 3
89 97 4
194 115 2
122 88 1
141 187 3
161 76 4
118 159 2
5 189 2
17 51 4
51 181 3
191 93 4
64 146 3
0 193 1
140 108 4
194 117 3
93 7 3
36 132 3
3 163 1
92 141 2
134 103 3
107 79 3
131 146 2
115 76 2
149 43 3
190 177 2
174 101 1
72 74 2
124 147 4
161 123 3
174 148 4
130 192 1
20 130 1
180 88 3
166 155 2
11 50 4
67 172 1
23 41 3
83 182 1
191 57 4
132 72 3
172 51 1
151 173 1
5 123 4
26 122 4
80 106 3
91 130 4
146 60 3
4 12 4
179 74 3
132 196 4
64 172 1
20 35 1
121 119 4
63 91 1
93 52 3
45 105 2
199 77 3
148 81 1
120 193 3
133 95 1
173 61 4
77 120 4
141 65 1
115 77 2
81 152 4
159 183 2
2 25 3
160 133 4
140 51 3
192 142 4
70 188 3
122 156 1
189 197 3
97 148 3
19 115 3
140 73 4
113 74 1
113 129 4
19 15 3
84 175 1
160 9 4
196 172 3
49 143 3
50 8 1
31 63 1
150 94 1
147 34 4
6 4 3
126 188 3
169 92 4
37 5 4
55 74 1
3 55 2
66 47 2
161 53 2
40 86 3
128 68 1
79 175 3
73 133 1
141 46 3
55 72 2
20 139 4
112 39 2
199 134 3
153 50 4
124 53 1
72 78 1
170 66 3
51 14 4
70 112 2
117 151 1
187 135 1
138 89 4
120 145 2
74 164 4
99 118 4
102 69 3
88 192 3
153 68 4
39 156 1
97 112 4
1 48 1
29 93 2
147 49 4
111 131 3
86 4 3
83 31 2
146 188 3
115 18 1
52 50 3
81 181 4
31 193 4
16 35 1
133 147 2
189 71 1
121 199 1
94 195 3
118 68 2
87 0 4
161 145 1
15 199 3
111 134 1
124 43 1
198 155 4
196 107 2
180 41 2
11 111 1
153 69 1
104 189 1
19 71 2
79 116 1
13 185 2
37 53 1
185 14 3
134 186 1
19 174 2
23 123 4
76 91 4
111 94 2
182 60 2
32 112 4
143 89 2
115 27 4
35 14 2
198 131 2
155 183 1
23 8 2
170 83 3
117 46 1
60 45 2
104 188 1
117 174 4
67 170 2
31 192 2
34 41 4
134 183 2
167 110 4
18 132 3
186 114 3
82 103 4
79 104 1
185 171 4
145 6 3
1 192 1
141 123 2
36 100 2
16 58 3
110 67 1
33 42 2
123 2 3
112 113 4
196 74 1
63 156 1
64 167 3
138 18 2
162 111 2
114 29 3
191 134 2
12 113 4
90 131 2
164 194 4
64 30 3
122 112 4
68 149 2
39 110 1
163 113 4
19 149 2
151 101 1
114 46 2
157 120 4
57 1 1
12 105 2
118 80 1
69 53 2
29 152 4
107 73 4
155 188 2
48 89 2
25 175 4
143 80 2
44 87 4
71 126 1
137 20 2
92 101 1
97 62 3
13 91 3
103 99 1
166 140 2
42 136 3
65 174 4
152 11 3
112 124 4
92 17 4
109 41 3
9 150 3
57 24 1
67 154 1
181 28 1
93 60 1
181 177 3
145 182 4
92 104 1
10 169 1
182 125 4
115 61 4
189 121 1
125 38 4
66 58 4
88 9 3
113 46 2
58 73 2
108 134 2
181 78 3
175 99 3
74 8 2
113 108 4
27 169 2
63 198 1
164 82 2
162 98 3
171 189 2
169 188 1
151 36 3
38 174 3
9 10 3
78 141 3
136 65 2
105 117 1
120 0 4
146 44 3
72 23 3
95 196 4
149 165 1
147 24 3
35 57 4
91 179 2
99 64 3
19 2 2
102 159 1
110 161 1
70 120 3
60 91 3
57 70 3
90 102 2
153 149 3
117 155 2
179 87 4
139 12 2
82 161 1
165 113 1
77 114 2
72 169 2
181 71 2
199 110 1
18 108 1
42 167 4
199 36 1
198 106 4
164 101 4
94 139 3
157 36 3
116 17 3
166 14 1
26 7 4
55 112 3
110 163 3
0 168 3
117 145 4
64 52 4
90 114 2
85 122 3
9 8 1
129 24 2
164 75 3
188 91 1
120 132 4
159 53 2
72 38 1
83 94 4
113 86 1
66 71 3
92 121 1
59 33 1
26 65 3
102 41 1
120 133 3
33 144 2
85 78 1
187 112 3
195 35 3
161 175 4
0 31 1
99 180 2
135 174 2
117 123 1
87 160 3
117 189 2
105 75 2
148 128 4
29 104 2
78 192 3
119 7 1
124 38 1
90 8 3
120 4 4
114 184 2
198 45 2
1 123 4
93 101 1
76 186 4
153 1 3
147 77 3
18 4 3
188 21 3
11 90 4
186 148 3
123 50 1
176 112 3
89 119 4
133 24 4
53 115 1
78 21 1
78 71 3
181 75 3
61 169 1
159 74 4
78 9 1
52 101 1
44 107 3
186 145 1
199 95 2
106 118 4
12 62 1
77 142 3
79 55 3
93 143 1
196 88 3
23 82 4
183 39 4
93 168 4
46 112 3
82 53 1
185 188 4
110 151 4
169 168 1
80 32 1
141 27 3
96 136 4
9 147 2
92 196 3
126 9 4
69 73 2
58 110 3
165 78 3
61 26 2
134 15 2
83 89 2
1 74 3
126 65 4
56 42 3
28 107 2
77 146 1
46 51 4
110 90 3
76 51 1
39 22 2
68 59 4
9 93 3
46 56 1
177 96 1
23 87 2
171 98 4
125 194 3
167 123 3
6 65 3
172 66 1
118 27 4
75 132 3
164 27 3
7 175 3
131 177 2
82 91 1
173 194 1
145 41 4
50 145 3
60 32 3
51 35 4
16 197 3
8 63 2
79 88 1
163 162 2
83 141 2
103 124 3
165 62 2
99 12 1
2 150 4
25 133 2
181 39 3
177 165 2
80 82 1
40 81 2
194 146 4
48 195 3
111 100 2
102 103 1
48 55 1
86 157 2
31 106 1
138 100 2
155 65 3
149 191 3
74 145 2
103 57 4
36 136 3
56 121 1
197 131 3
87 182 4
93 119 3
40 111 4
172 101 4
123 27 1
194 43 2
166 11 3
18 134 2
199 89 1
78 96 3
186 131 2
83 126 4
95 56 2
119 151 3
130 23 2
182 107 2
183 51 1
77 33 4
58 172 1
199 65 3
60 70 2
136 31 3
35 154 3
150 148 4
31 86 4
161 75 1
137 51 3
150 197 4
54 125 2
139 106 4
8 162 2
84 147 2
0 143 4
68 150 3
38 78 4
74 54 2
117 116 3
164 7 2
160 94 2
171 15 1
102 133 2
6 140 4
168 130 1
190 129 2
74 11 1
45 13 2
157 154 3
19 156 1
136 90 2
134 166 4
194 172 4
90 61 4
32 187 2
65 124 2
85 167 3
138 86 4
15 20 1
115 79 2
129 167 3
18 182 3
168 25 2
152 42 4
16 61 1
161 72 2
71 146 3
98 41 2
179 105 2
59 93 2
17 180 4
157 171 3
157 199 4
96 11 1
39 37 2
72 27 1
71 4 2
115 23 1
127 3 3
55 103 2
175 176 4
44 48 3
161 118 2
29 54 2
95 40 3
136 56 3
143 69 1
75 46 1
172 10 3
149 20 3
52 6 3
102 45 4
96 43 2
107 157 3
98 24 1
177 24 4
189 168 4
72 33 3
27 199 4
73 40 4
85 156 3
165 151 3
144 72 2
11 12 4
81 86 2
28 26 4
52 130 1
33 35 2
43 189 3
140 82 1
35 88 2
168 183 1
172 122 2
88 104 3
39 194 4
167 138 4
188 156 4
61 117 3
120 16 1
110 139 2
125 40 1
5 93 3
178 44 1
7 17 4
139 137 4
32 53 4
122 93 3
101 126 1
121 23 1
75 145 3
55 91 2
36 20 4
144 62 1
96 167 4
14 97 1
135 53 3
118 133 2
66 49 2
95 154 4
177 193 2
28 55 2
13 164 4
81 73 1
68 141 1
107 119 4
104 134 3
43 53 4
91 25 4
17 33 2
182 99 3
121 10 3
3 185 2
41 26 3
102 98 1
35 82 4
146 183 3
172 75 1
26 34 4
39 136 1
130 191 3
65 41 1
180 128 1
190 88 1
27 48 1
91 159 2
121 178 1
69 162 3
181 166 2
97 154 2
181 186 3
144 101 1
90 151 3
71 32 3
16 116 3
38 17 3
110 3 2
9 30 4
123 56 3
7 117 4
28 164 4
132 177 4
33 158 2
193 65 3
131 71 4
117 114 4
125 71 1
186 159 1
57 90 2
177 179 3
139 195 1
43 60 4
46 85 3
75 174 3
188 108 1
88 42 3
100 162 1
170 121 1
53 66 3
78 90 3
51 103 4
184 12 2
17 128 4
193 98 2
192 8 3
13 84 2
36 74 1
52 88 4
147 98 4
24 0 1
5 106 1
149 196 1
78 61 2
92 190 2
156 157 1
27 55 2
158 166 2
105 29 4
92 84 3
49 166 2
36 45 2
119 112 4
194 76 1
63 102 3
1 65 4
111 181 3
78 188 1
189 80 3
52 145 1
195 126 1
129 77 3
185 133 1
114 37 4
185 124 3
123 192 2
140 68 4
42 61 2
132 33 3
186 50 1
149 10 1
2 140 3
127 147 1
29 37 3
117 56 1
156 50 4
62 122 3
36 70 3
86 61 1
19 32 2
20 53 2
140 195 1
45 51 2
41 45 1
146 15 3
10 21 3
2 107 1
13 176 3
116 149 4
68 76 4
146 100 1
19 164 4
75 94 3
198 83 1
68 86 3
43 40 2
149 185 2
50 42 2
77 149 4
162 23 4
171 67 2
179 116 3
160 121 2
80 56 3
25 104 3
184 166 2
116 4 2
100 102 1
37 154 2
60 59 1
71 124 4
104 157 3
62 27 3
166 17 3
54 179 1
113 159 1
111 93 3
108 72 2
169 89 1
159 38 3
104 116 1
85 108 2
17 54 3
44 161 4
11 17 3
75 31 3
173 186 4
168 99 2
10 7 4
62 11 1
159 195 1
90 180 1
101 170 2
109 25 3
88 138 3
54 67 4
156 123 2
141 74 1
175 199 1
187 69 1
26 131 3
118 46 1
128 97 3
189 103 4
170 14 3
40 164 3
134 155 3
28 125 4
183 157 1
69 67 2
174 80 3
124 158 4
46 138 2
54 174 1
129 65 1
19 68 2
44 6 3
178 134 2
148 61 3
10 29 1
104 85 3
111 158 2
57 93 1
101 157 1
91 10 4
114 170 3
199 144 1
70 48 3
62 173 2
136 85 4
162 194 3
146 38 2
130 41 4
46 17 4
153 57 3
138 12 2
124 85 4
52 12 4
168 72 1
89 58 3
25 131 2
151 99 1
197 4 4
24 114 4
198 111 2
17 62 4
174 189 1
154 198 2
146 190 2
139 117 4
59 123 1
186 122 4
130 115 2
134 145 4
195 150 3
23 57 4
126 52 3
1 32 3
124 122 2
182 20 4
44 19 4
6 106 1
125 122 4
56 197 2
163 170 3
14 7 3
109 176 1
160 72 2
108 129 4
91 54 3
12 46 3
150 185 4
158 173 2
176 102 4
150 109 2
110 17 4
86 125 3
84 182 1
73 29 2
154 143 1
196 182 2
117 195 2
172 127 1
163 57 3
11 56 1
23 13 2
107 50 3
86 28 1
85 190 2
46 82 1
171 148 4
185 175 4
155 111 2
45 177 1
14 195 1
85 58 1
42 110 4
1 27 1
43 146 2
44 59 1
175 121 4
4 87 3
13 178 2
145 71 4
130 116 3
56 184 4
37 71 4
149 198 3
61 85 3
187 86 3
118 28 3
7 111 1
56 103 2
157 69 2
6 177 3
198 8 4
184 21 2
166 129 4
46 55 1
183 127 3
158 143 1
6 136 3
31 39 3
22 179 4
85 31 2
65 90 4
41 56 3
164 37 3
142 160 4
90 50 1
170 96 4
154 42 4
66 27 1
97 98 3
55 73 1
144 140 4
166 5 1
98 52 1
130 163 3
112 143 3
167 44 4
21 172 2
2 37 1
180 170 2
115 43 4
33 109 4
58 43 3
16 128 1
193 42 1
10 162 4
38 191 1
90 174 3
116 51 4
78 95 4
10 5 2
112 65 3
129 148 4
172 119 1
154 101 2
189 131 2
163 91 1
117 133 1
24 73 4
150 17 1
197 175 1
173 48 3
140 76 4
48 104 1
97 6 2
137 112 1
95 73 1
123 74 2
76 147 4
57 100 1
81 166 2
99 67 1
180 50 2
42 168 1
23 39 1
8 137 3
172 107 3
158 149 4
80 167 2
45 67 4
63 195 1
23 163 3
46 36 1
149 142 2
85 155 1
136 135 3
124 84 4
146 50 1
174 121 1
9 58 1
60 119 3
79 18 3
76 156 4
155 11 1
189 63 3
6 197 2
63 106 2
70 33 3
113 69 2
82 24 4
148 116 2
91 45 4
153 135 3
165 18 2
141 102 1
68 104 3
180 195 4
16 18 2
192 154 3
152 46 1
199 44 2
99 150 2
8 67 3
89 105 3
28 14 4
70 75 2
49 134 2
94 121 1
15 52 1
73 74 4
11 165 2
42 177 3
188 137 4
188 24 2
9 75 4
80 161 2
10 46 4
94 17 3
136 142 1
8 193 4
86 37 2
123 72 1
86 47 3
132 32 3
164 148 3
18 111 1
24 195 1
121 95 3
197 15 2
99 6 1
36 133 2
49 170 1
178 1 1
198 180 2
37 152 1
194 56 3
150 7 4
120 72 1
90 186 2
128 20 4
18 2 4
64 43 2
183 91 4
165 60 1
90 101 3
194 168 1
178 38 1
182 2 4
62 55 3
62 104 2
117 23 3
55 53 4
4 35 1
146 58 1
117 102 1
190 196 3
47 185 1
86 14 4
113 59 3
62 37 2
80 120 1
168 159 3
99 196 2
62 15 2
181 10 1
60 20 4
165 88 2
104 168 4
55 130 2
29 125 2
163 119 2
123 46 4
32 144 4
55 148 2
46 111 3
27 163 4
177 140 2
163 167 1
56 187 2
125 57 1
30 190 3
13 62 1
163 25 2
106 111 2
60 112 4
84 103 3
151 168 3
0 124 3
185 104 1
91 180 1
156 187 4
40 124 4
186 146 3
107 16 4
7 171 3
138 15 2
114 115 4
119 51 1
119 15 3
147 6 3
53 33 4
114 10 2
55 44 4
138 140 1
63 35 1
165 13 3
114 67 3
178 111 1
64 119 3
96 199 3
81 176 4
116 126 1
146 162 2
45 83 2
197 58 4
81 108 3
192 11 4
31 121 2
63 95 2
189 138 4
198 96 3
165 145 2
99 17 1
198 92 4
55 121 2
130 70 4
140 98 2
110 101 2
118 32 3
78 163 2
12 144 3
13 59 3
99 85 4
191 25 1
66 159 2
43 161 1
100 95 2
189 196 1
58 141 4
87 97 3
32 173 2
174 130 2
198 127 4
76 69 2
176 44 3
54 147 2
118 191 4
4 51 3
121 19 3
44 134 3
115 193 2
1 140 1
107 117 2
22 40 3
130 166 2
142 44 4
175 55 2
152 74 1
56 7 4
117 183 3
182 46 2
190 58 4
135 107 4
191 36 4
34 44 2
36 81 2
176 3 3
96 65 4
74 116 4
147 196 3
111 5 3
121 108 2
196 79 4
117 55 4
133 164 3
45 80 1
57 7 4
134 90 4
145 61 1
42 111 2
150 52 2
108 61 2
61 131 1
65 13 3
175 1 1
5 8 3
143 19 1
16 51 1
143 10 3
121 162 1
49 198 3
191 155 1
50 88 4
199 81 3
104 179 2
98 11 3
84 93 2
82 119 2
31 166 4
171 167 3
30 105 4
91 178 2
98 36 2
111 160 3
141 116 3
124 72 4
5 190 3
139 120 4
21 110 1
152 16 3
184 190 1
38 29 4
88 8 3
141 107 3
3 139 1
68 154 4
158 70 3
109 154 2
151 122 4
73 50 4
129 145 1
170 103 3
19 56 3
11 57 3
59 90 2
45 101 3
158 17 3
23 20 1
99 149 3
26 110 4
156 180 2
67 2 1
128 190 1
47 56 2
169 111 2
69 107 2
154 190 2
169 193 1
140 136 4
53 93 3
22 66 4
84 67 2
67 120 1
64 174 2
136 22 1
152 79 3
136 13 2
65 104 2
39 71 2
50 5 4
126 72 2
116 19 2
129 162 2
100 153 2
56 84 2
57 17 4
46 103 2
24 47 1
18 75 1
74 106 2
127 70 2
176 137 2
103 62 4
176 150 2
114 51 3
160 128 4
147 68 3
155 71 4
13 69 4
57 10 3
100 177 1
56 171 1
146 17 4
66 176 2
26 70 2
134 163 3
195 0 2
55 81 4
17 165 3
199 26 3
124 167 1
11 55 3
105 23 1
90 123 4
66 82 2
153 54 4
137 33 3
51 15 3
197 104 2
16 113 2
111 4 3
162 154 2
58 112 1
13 71 1
30 158 1
105 25 3
47 126 2
137 99 3
80 59 2
28 170 2
139 134 2
128 15 4
75 30 4
75 129 2
105 192 3
161 9 1
41 32 1
47 122 2
42 6 3
117 143 4
122 16 4
23 60 4
2 188 1
195 85 2
23 180 1
162 37 1
39 147 2
86 144 2
103 125 4
125 110 4
63 13 2
159 65 2
115 6 3
87 155 4
22 199 1
135 177 2
21 19 4
31 183 4
8 76 2
56 51 1
5 128 4
41 8 3
168 121 1
23 31 2
81 68 1
47 147 1
93 104 4
189 18 3
71 103 3
68 42 4
103 67 3
176 54 1
67 133 4
178 126 3
113 13 1
34 50 1
121 14 4
131 193 2
97 173 1
142 72 2
47 118 4
128 57 3
17 144 2
116 46 2
184 123 4
67 188 2
45 118 4
125 55 4
136 20 2
142 152 1
67 147 4
10 177 4
17 157 4
129 186 2
65 135 2
146 23 4
9 67 3
84 19 3
89 127 1
178 90 2
136 95 1
21 24 3
100 81 1
121 181 1
90 179 3
177 47 3
192 174 4
169 122 3
16 150 1
155 143 1
66 179 2
28 91 2
84 140 2
106 149 2
87 62 2
144 186 4
28 81 3
26 165 4
93 69 4
24 76 2
199 61 3
149 133 1
61 124 3
170 129 3
163 46 2
155 59 2
25 32 1
53 114 2
100 64 3
159 152 1
125 159 4
165 112 4
21 137 2
87 80 1
45 1 3
122 22 4
139 83 1
21 0 1
85 141 3
173 108 2
99 142 1
133 17 3
32 194 1
99 158 3
160 126 4
76 52 1
117 40 3
44 62 2
25 179 2
33 63 3
173 157 2
164 39 1
198 10 3
143 180 1
18 109 3
16 57 3
156 56 4
174 163 2
72 10 3
92 48 2
183 55 2
28 194 2
29 137 1
157 175 1
92 174 3
136 84 4
102 193 2
90 28 2
84 171 3
176 52 1
84 50 4
102 46 3
43 48 3
99 65 3
120 198 3
70 21 3
172 167 1
6 108 4
18 96 1
146 125 1
19 161 4
199 14 1
120 45 1
137 179 3
51 7 3
3 0 3
134 187 1
150 155 3
170 88 1
68 191 1
138 155 2
159 196 4
109 71 3
36 115 4
124 46 3
52 152 1
129 117 1
85 56 2
192 46 2
53 106 2
37 155 2
54 24 2
29 2 2
145 72 4
11 80 2
168 180 4
80 121 2
68 13 4
127 1 4
37 166 4
56 183 3
30 184 3
185 16 1
154 94 2
185 170 3
60 161 2
173 99 3
178 148 3
130 6 4
29 63 1
93 167 1
27 108 1
151 157 3
89 115 1
135 67 3
143 114 2
89 40 4
167 173 4
72 173 3
49 148 4
25 22 1
191 121 1
50 119 3
184 39 4
114 116 2
50 65 3
198 159 1
179 199 4
63 175 4
198 40 1
0 111 2
194 176 3
153 110 2
186 184 4
164 196 3
9 73 3
6 123 2
191 3 4
140 30 1
146 101 3
124 109 3
64 148 3
108 161 4
27 57 1
28 101 1
72 106 3
53 163 3
72 119 3
57 81 1
187 167 3
150 118 4
193 197 2
181 167 1
186 104 3
3 75 4
33 87 3
80 138 1
6 198 3
85 175 3
118 44 2
56 30 4
132 21 2
86 94 3
22 86 2
192 52 3
45 107 2
153 61 1
170 79 2
33 47 3
176 106 2
95 8 3
139 22 1
121 74 1
41 168 4
66 124 1
169 55 1
47 68 3
54 92 3
44 99 2
107 53 2
151 141 3
78 101 4
192 155 2
12 164 2
179 0 2
1 39 4
156 20 2
11 43 1
58 28 3
5 179 1
50 135 2
23 171 2
82 77 4
59 66 3
26 8 3
77 76 2
142 107 3
192 157 2
169 45 4
51 1 4
9 148 3
161 102 1
58 62 3
146 93 4
45 21 3
191 153 2
76 143 1
169 14 2
37 187 1
89 62 2
74 198 2
53 122 4
32 185 3
4 98 1
30 110 3
135 56 4
89 195 1
39 179 1
146 56 1
103 33 4
168 160 2
13 131 2
20 17 3
186 188 1
176 55 3
188 111 2
5 175 4
127 18 4
138 24 1
99 152 3
129 105 1
157 47 2
27 45 4
94 2 1
80 34 3
157 142 4
4 194 3
143 72 4
67 58 4
183 44 4
24 194 1
158 22 3
45 46 1
131 50 4
50 79 3
136 175 3
26 57 2
163 70 2
178 135 2
180 177 1
141 130 3
191 22 3
150 175 1
61 38 2
35 196 4
128 36 2
9 177 3
65 27 4
29 106 4
185 107 4
192 185 1
33 162 3
173 176 3
100 124 2
38 148 3
30 61 4
189 183 1
56 152 2
161 40 1
64 154 2
164 80 1
103 116 4
55 21 3
3 63 3
180 123 3
30 174 2
131 106 3
36 179 4
83 152 3
93 3 3
162 130 1
70 64 1
71 157 3
188 193 4
61 52 4
50 110 3
196 177 4
59 9 1
29 134 1
163 166 4
167 34 4
116 172 3
70 55 1
99 193 1
168 162 1
97 30 1
79 52 2
7 105 1
119 36 1
135 138 4
184 187 3
195 40 2
176 165 1
146 82 3
170 22 3
116 22 4
81 99 2
177 153 1
191 29 1
110 117 2
102 119 1
23 150 4
62 117 1
144 57 1
2 97 2
124 60 3
123 132 1
24 144 1
94 161 4
25 107 1
155 97 1
2 175 3
43 169 4
82 126 1
98 75 1
143 36 1
134 158 4
8 106 2
145 80 2
96 62 1
36 175 4
146 167 2
63 123 3
69 29 1
181 19 3
51 199 4
4 139 4
108 158 4
186 68 3
28 178 2
94 12 3
4 20 4
190 27 2
104 57 3
36 134 2
32 147 4
52 75 4
1 83 2
128 171 2
113 140 1
12 118 1
12 195 3
114 63 1
78 131 4
127 105 2
95 158 3
129 58 1
178 8 1
25 171 4
117 38 2
137 118 3
70 184 1
46 110 1
137 189 1
54 161 4
53 48 4
115 127 1
105 52 4
192 194 1
104 125 2
63 167 4
195 199 4
188 16 4
108 74 1
105 156 2
145 192 3
65 71 3
100 74 1
123 82 2
161 147 4
106 48 2
172 115 3
134 32 4
157 14 1
155 135 4
168 81 4
120 28 4
30 73 4
101 140 2
68 11 4
79 38 3
100 105 4
198 133 2
111 6 3
197 43 4
92 69 1
26 136 4
56 173 2
97 105 2
23 102 1
139 49 1
125 68 3
171 150 4
148 147 4
171 103 3
149 104 3
132 3 4
152 143 4
16 174 4
163 34 4
131 135 4
120 110 4
195 28 3
133 90 2
181 65 3
160 75 2
100 83 2
14 10 2
19 98 2
143 35 4
119 42 4
28 131 1
144 176 1
2 14 4
31 107 1
139 186 4
155 86 1
54 181 2
169 154 3
173 65 2
125 183 1
15 89 2
184 40 1
164 192 3
121 70 4
196 180 1
160 101 2
180 4 3
167 156 2
84 80 2
124 163 2
125 11 3
111 31 1
119 47 1
195 31 4
150 59 3
171 166 3
157 140 2
92 149 2
129 100 2
126 173 3
153 184 2
112 30 1
152 139 1
21 174 3
181 129 2
71 87 3
178 31 2
30 46 2
69 197 3
128 42 2
27 150 2
150 182 2
177 51 3
187 47 4
99 47 1
16 80 1
197 60 2
153 28 2
124 170 3
162 145 1
137 194 2
65 116 4
61 157 2
26 64 3
53 175 1
67 88 4
108 191 4
186 112 4
144 5 2
105 108 1
168 116 3
174 36 1
179 84 2
147 181 2
40 27 3
131 20 2
132 187 4
50 159 3
90 0 4
46 185 1
158 80 1
14 45 1
166 99 3
144 179 1
115 99 2
30 86 3
120 29 2
68 48 2
156 162 3
83 47 1
179 44 2
173 180 3
51 112 3
63 160 4
172 20 4
8 107 3
178 92 4
74 44 3
161 186 1
186 1 3
52 14 2
59 40 2
179 164 2
166 103 3
59 70 4
54 102 1
115 8 3
22 27 2
170 117 4
28 57 2
150 133 4
117 9 2
92 31 2
108 16 3
119 101 3
116 45 1
134 98 1
19 197 4
11 8 3
58 185 4
117 48 1
173 41 3
9 16 1
60 58 4
53 141 3
86 149 3
183 129 1
114 107 3
146 111 4
54 60 1
89 175 4
19 3 3
23 52 4
82 88 1
153 181 1
170 69 1
120 151 3
55 171 1
18 142 1
72 133 2
116 151 3
118 77 3
134 168 4
97 161 2
30 38 2
139 10 1
71 174 4
129 50 4
173 96 4
125 56 4
118 117 4
40 38 1
43 92 3
57 175 4
28 160 4
155 195 1
188 45 4
86 97 2
145 121 4
18 171 4
3 175 1
166 120 3
6 54 3
0 154 3
134 24 1
144 48 1
33 62 4
54 196 1
95 184 2
195 190 2
181 100 2
98 26 2
180 58 4
130 106 4
147 131 3
59 38 1
166 44 3
76 59 4
146 178 4
168 76 1
56 147 4
106 156 1
112 28 3
125 32 1
15 118 3
4 9 2
199 119 4
100 198 3
58 155 2
197 93 2
154 115 3
161 104 1
153 123 2
94 110 1
35 1 3
186 157 2
164 51 2
7 166 1
150 124 4
199 142 1
186 143 3
146 28 2
182 124 2
3 199 3
110 168 1
62 132 2
55 95 2
98 73 1
133 53 2
170 12 2
185 79 4
54 72 4
81 12 2
80 13 4
137 197 1
143 115 3
0 53 3
52 168 1
44 162 1
148 50 3
162 125 1
136 138 1
129 82 1
162 192 1
5 64 3
46 37 4
126 110 4
173 165 4
195 27 4
180 75 2
101 56 4
32 94 3
194 123 1
9 100 3
170 38 3
149 94 1
96 28 3
151 54 3
119 156 2
6 187 4
147 104 1
57 20 3
189 139 4
102 57 4
145 100 2
40 57 3
144 54 3
48 164 4
39 131 3
101 134 4
54 108 2
114 188 2
94 152 4
112 179 4
63 1 1
136 180 1
28 149 1
68 116 4
11 124 4
121 163 4
197 36 3
111 145 3
37 110 1
66 36 1
57 3 4
85 81 2
115 68 4
181 30 2
139 33 3
61 94 1
158 74 4
192 67 4
114 176 3
169 155 1
9 118 2
168 24 3
161 66 2
65 187 4
132 51 3
109 171 1
197 39 3
74 94 4
132 4 4
198 2 4
22 45 2
68 45 2
52 115 2
4 113 4
38 66 1
63 154 4
20 180 3
62 162 3
94 37 3
55 25 1
127 103 3
41 126 4
163 51 3
94 9 2
132 197 3
145 164 4
47 178 3
125 84 2
37 15 3
0 153 2
135 8 3
61 55 3
113 160 1
159 29 4
158 129 1
87 66 2
34 91 4
105 32 1
107 65 1
4 36 4
50 194 1
149 48 4
188 37 3
122 49 3
38 67 3
120 14 3
13 27 1
12 156 4
7 22 4
196 151 1
94 33 1
32 158 2
175 95 2
134 60 3
118 1 4
94 4 3
170 155 1
9 129 2
81 69 1
131 176 4
12 17 1
139 131 4
35 84 3
135 74 4
92 151 1
65 85 1
39 38 2
51 178 3
49 155 2
0 138 2
159 148 4
51 20 3
31 87 1
77 157 2
164 23 3
154 62 3
116 98 4
126 8 3
34 63 2
33 165 2
83 178 3
179 32 2
129 173 1
18 116 1
178 71 4
178 188 3
43 136 3
172 186 4
165 2 2
179 119 4
123 86 1
169 56 4
62 76 1
11 178 2
60 109 4
183 14 4
167 102 3
32 12 3
54 186 4
182 97 3
195 88 3
177 63 4
134 63 3
115 98 1
76 133 2
60 174 1
178 27 1
89 163 3
84 29 3
38 181 1
83 78 1
99 27 1
195 13 2
61 59 1
4 175 1
187 71 4
125 24 1
92 22 4
125 42 2
102 172 3
55 161 4
73 110 1
73 27 3
181 23 4
138 99 1
191 32 4
3 27 1
61 48 4
124 31 4
84 159 2
46 160 2
147 165 4
15 107 1
109 186 4
150 123 3
117 53 4
55 10 4
13 123 4
192 4 1
0 12 1
128 147 3
125 158 3
145 142 2
93 169 3
115 75 4
91 2 1
56 165 1
122 56 3
55 60 3
99 170 2
123 14 3
70 85 2
143 62 4
8 42 4
56 9 1
68 66 4
1 169 3
26 186 1
180 104 1
58 49 3
119 46 3
64 48 2
26 196 3
62 140 2
0 191 3
53 116 3
117 51 4
165 30 4
123 88 2
49 157 3
130 33 2
28 148 1
35 192 4
121 134 2
26 45 4
115 7 4
82 84 1
84 89 1
177 35 1
169 183 2
73 96 3
140 142 4
189 85 3
24 43 1
90 70 3
190 126 1
19 4 1
195 19 2
189 57 2
109 39 1
63 74 3
87 54 3
193 32 3
98 160 2
116 133 4
111 184 3
43 94 1
149 65 3
44 50 3
30 183 4
28 150 2
60 183 2
130 110 2
66 112 4
46 150 1
60 101 4
0 115 3
170 152 3
54 188 3
50 137 4
168 163 3
8 61 4
151 140 4
23 193 1
43 62 4
29 62 1
119 53 3
72 13 4
106 167 1
183 104 2
157 136 3
11 118 2
188 101 3
40 133 3
82 37 1
63 85 3
32 164 2
1 141 3
186 61 3
184 146 1
162 182 2
87 196 4
167 168 1
48 158 2
6 143 1
92 103 3
106 171 1
100 172 1
142 63 3
3 108 4
34 108 1
92 2 4
51 72 3
118 7 2
195 99 3
136 145 2
11 44 4
78 129 2
190 6 2
193 111 2
27 38 1
123 193 1
105 196 2
115 169 4
67 166 3
36 37 3
49 87 3
195 186 4
164 38 4
178 157 1
87 24 2
184 31 2
175 83 3
81 122 1
141 168 2
132 50 1
108 7 3
99 105 2
40 101 3
74 51 4
123 155 3
122 44 1
42 18 3
52 18 3
64 184 1
11 180 1
134 70 3
194 62 4
68 31 3
17 13 3
60 153 4
148 23 4
193 135 1
59 195 3
121 82 1
29 126 4
18 0 4
52 8 3
145 0 3
94 36 4
78 59 1
59 23 4
65 188 4
179 117 3
183 153 4
2 196 1
194 116 3
186 133 3
84 51 2
132 68 1
61 25 2
194 139 2
81 3 2
45 95 2
144 91 3
144 81 3
128 142 4
185 98 4
111 28 4
76 30 3
141 75 3
9 24 4
95 87 2
95 5 3
25 190 1
123 169 2
67 157 1
174 197 2
4 190 4
71 14 4
191 187 2
66 56 2
72 17 2
3 190 1
59 43 4
102 4 4
141 105 1
131 6 4
46 23 3
55 164 4
172 6 1
129 112 4
166 83 1
112 9 2
154 125 2
63 110 2
116 5 4
38 9 4
18 3 4
141 191 4
111 133 3
146 128 3
70 24 4
182 188 2
96 178 1
124 197 1
140 50 4
107 198 1
98 180 4
74 148 4
15 67 4
31 34 4
63 105 3
0 129 2
153 182 3
190 61 4
192 115 1
2 144 2
153 139 3
150 136 4
124 15 3
9 131 3
11 172 4
182 45 1
175 126 1
94 125 1
38 166 2
79 71 2
189 88 3
144 26 3
84 1 4
12 123 1
156 48 3
184 162 3
128 84 1
194 196 1
185 40 4
66 18 1
160 71 3
183 93 4
138 190 1
14 25 3
84 152 4
101 77 3
56 155 4
48 40 4
63 82 3
170 187 4
94 123 1
164 174 2
197 123 2
38 64 1
170 139 2
89 44 1
155 154 1
191 46 2
153 196 1
6 89 1
66 15 1
70 126 2
103 12 2
100 116 2
120 115 2
84 74 3
117 134 1
133 104 1
100 136 3
65 125 3
110 33 2
27 60 1
13 130 1
154 140 1
40 103 1
110 55 4
81 84 3
43 129 2
54 32 2
190 193 2
183 50 3
9 110 3
179 64 3
185 114 1
23 17 2
148 167 2
88 81 1
190 103 2
158 189 2
124 44 1
78 147 1
66 93 2
41 138 2
88 12 3
52 161 4
55 101 4
185 139 4
100 63 4
12 87 1
102 30 2
187 43 1
39 101 2
145 16 2
18 126 2
97 183 1
185 54 3
142 138 3
128 195 1
128 150 1
151 19 2
87 195 3
61 139 4
134 161 2
135 3 4
128 95 2
64 170 3
86 11 2
93 23 1
36 31 2
120 130 2
28 36 1
150 199 1
127 9 1
101 27 1
193 150 2
87 85 1
183 26 2
199 60 2
56 149 3
55 36 4
133 44 3
132 121 1
195 46 3
45 74 1
63 126 1
23 134 4
15 152 2
199 50 1
134 75 3
164 58 4
45 55 2
150 117 3
178 128 3
67 1 3
95 7 3
72 100 4
93 72 3
21 23 1
72 134 2
27 117 3
77 15 1
37 151 2
42 150 3
171 196 4
7 163 1
6 40 4
80 185 4
109 44 2
131 105 4
76 50 4
164 65 1
102 153 2
57 185 2
167 25 3
176 76 1
98 77 1
174 11 4
197 65 2
113 152 1
124 41 4
145 188 3
92 27 2
79 136 3
64 56 4
46 120 2
121 167 4
3 29 4
59 107 1
120 53 3
175 171 1
51 90 3
128 141 2
155 190 3
43 98 2
31 173 1
47 109 1
84 195 3
17 27 1
141 52 4
26 52 1
186 25 1
189 92 3
82 147 4
177 141 2
62 52 3
187 146 1
160 184 1
10 83 2
118 48 1
76 70 2
116 76 1
122 192 1
144 113 1
163 102 3
37 18 3
48 7 3
80 123 4
96 175 2
105 78 1
151 121 4
133 170 3
143 111 4
107 125 3
194 165 1
39 30 2
31 199 3
145 143 2
155 185 1
111 156 1
172 123 1
132 1 3
152 150 2
195 125 3
124 148 3
17 64 2
162 90 4
157 18 2
48 74 3
131 10 4
117 26 1
192 26 3
165 121 2
36 5 3
73 172 3
84 37 1
161 59 2
58 161 3
163 50 4
33 102 2
170 192 2
177 168 3
52 173 2
19 86 4
62 199 2
0 171 2
75 186 1
134 164 4
104 90 3
5 173 1
93 36 1
152 55 2
87 13 4
176 95 1
70 0 3
14 48 2
179 181 2
127 71 4
7 91 2
116 48 3
153 34 1
126 74 3
23 154 4
39 35 1
41 35 4
97 110 4
16 141 4
57 116 3
47 44 4
136 2 3
35 191 2
12 86 1
162 113 3
124 24 1
10 146 3
166 191 2
125 3 3
16 160 4
31 77 3
80 94 4
49 94 1
85 25 3
30 166 4
112 196 3
7 182 1
190 110 4
180 95 3
194 40 2
131 62 4
59 15 1
25 37 1
163 67 1
19 112 3
103 130 1
94 25 3
111 96 3
165 24 2
176 77 3
132 52 2
9 18 2
47 81 4
150 149 3
20 69 4
116 137 1
147 27 1
50 188 3
108 83 1
84 65 4
143 178 3
23 85 1
151 28 4
108 180 1
51 18 3
138 166 4
20 162 1
171 61 3
113 131 2
122 138 3
173 174 2
113 199 2
184 88 2
109 52 4
75 170 4
29 136 1
73 10 4
58 101 4
13 179 3
192 38 4
111 170 2
28 19 1
154 182 3
149 98 4
4 48 3
11 169 2
164 79 1
107 26 4
145 166 1
116 135 2
116 43 1
198 64 4
144 31 2
147 74 1
84 141 2
105 38 2
21 48 3
11 58 1
140 180 3
15 157 3
183 67 1
32 50 4
141 61 3
147 25 3
177 116 1
179 2 4
183 69 1
142 47 4
37 54 1
15 1 2
130 76 2
50 187 1
136 133 2
62 115 1
69 123 1
177 127 4
51 5 4
197 79 4
50 147 2
124 88 3
30 109 4
47 159 3
184 183 4
81 95 2
28 82 3
171 51 4
181 112 2
28 59 2
21 4 2
19 184 1
82 1 4
79 40 3
158 8 3
121 33 4
65 45 1
14 177 1
109 144 4
24 162 2
121 123 4
9 80 2
141 43 4
79 155 1
93 62 3
96 23 4
175 113 2
82 26 4
22 117 2
93 98 4
100 62 2
170 31 3
33 152 1
52 114 3
102 86 1
36 16 2
199 187 4
68 100 1
189 10 3
119 178 4
184 147 1
1 86 4
111 154 1
165 43 4
14 15 2
187 107 3
161 190 2
46 168 3
34 96 1
89 100 3
180 5 3
98 53 2
157 19 3
194 195 2
160 123 2
68 109 4
5 99 4
112 15 2
186 67 2
9 85 2
39 148 2
17 148 3
186 37 3
140 194 1
101 111 2
67 26 2
120 7 3
60 8 3
12 119 3
41 15 3
104 47 3
87 65 1
78 111 2
55 122 1
123 95 3
185 95 2
145 151 1
86 71 1
185 165 1
38 93 2
31 70 3
70 181 1
180 28 4
148 54 2
147 178 2
100 13 1
26 31 3
92 57 3
14 179 2
163 2 2
149 3 2
139 30 4
113 54 4
40 51 2
40 188 4
147 65 3
55 68 1
7 97 4
59 166 3
25 143 4
171 26 4
22 41 4
165 127 1
47 110 1
91 108 4
103 133 4
183 19 1
24 109 1
14 178 1
105 142 3
73 161 4
3 97 4
148 35 4
143 22 3
58 26 3
44 159 3
60 135 1
141 54 4
92 99 1
107 153 3
72 25 4
191 56 3
50 18 4
141 72 1
1 11 1
81 172 4
178 123 1
132 143 1
71 34 4
151 0 4
140 179 2
43 154 4
189 147 4
133 177 3
48 188 4
140 42 4
189 93 4
71 56 4
168 66 2
156 83 2
19 39 1
29 76 2
114 163 1
34 37 2
128 123 1
83 95 2
152 147 4
131 31 3
81 83 4
147 10 4
20 119 2
8 45 3
71 194 3
126 117 2
115 167 4
94 141 4
138 146 3
59 141 1
198 104 3
182 102 2
127 143 3
194 63 1
41 1 1
61 63 1
197 64 3
128 38 4
110 98 4
25 38 1
197 194 1
166 124 2
70 20 4
183 151 1
119 142 4
188 165 3
64 14 1
149 126 2
16 147 2
42 169 2
126 146 2
15 104 1
107 156 3
187 160 2
125 123 2
154 72 4
57 115 2
77 100 4
62 59 1
44 43 2
61 19 1
84 155 3
162 151 2
176 183 1
77 17 4
194 120 1
136 106 3
52 21 2
17 60 1
25 99 4
151 27 1
167 180 1
92 191 3
167 199 3
92 88 2
162 193 4
175 35 2
123 187 3
80 105 1
164 119 1
96 8 2
68 98 1
58 156 1
67 92 2
54 28 2
188 12 3
98 146 4
90 63 3
118 148 4
87 175 4
130 151 2
194 129 1
65 9 2
179 114 3
26 180 4
28 159 2
107 165 3
136 81 3
36 108 1
182 141 3
44 157 4
147 59 1
132 14 1
68 164 4
174 168 2
3 137 1
65 23 1
125 0 1
27 18 4
173 102 3
175 146 2
92 125 4
2 168 3
91 29 1
122 152 3
177 29 1
52 41 3
43 104 4
36 170 4
10 38 4
70 19 4
147 190 2
160 152 1
154 122 3
128 121 3
9 91 2
94 0 3
70 14 4
48 190 3
182 129 3
5 6 2
177 69 4
194 68 1
116 70 1
179 195 4
77 4 4
3 64 4
2 141 2
8 6 2
93 83 2
73 109 1
83 184 2
124 159 1
130 88 3
27 63 3
139 100 4
26 102 2
109 61 1
27 64 1
117 89 4
154 88 4
160 186 4
15 8 2
175 102 3
137 97 1
107 64 3
108 99 1
85 115 3
83 88 3
196 154 4
166 150 3
133 121 3
48 80 1
33 82 2
68 193 4
133 10 3
140 149 2
82 44 2
131 114 1
119 141 2
57 188 1
117 115 2
172 85 4
128 161 2
177 25 4
159 68 1
146 155 1
191 173 1
148 198 1
11 135 2
2 53 3
101 108 3
118 173 4
118 144 1
79 123 4
57 137 4
42 21 3
148 7 1
68 69 3
99 184 3
16 34 1
67 20 2
138 82 2
38 77 4
51 143 4
101 190 4
147 61 1
101 109 2
121 17 4
40 148 2
71 197 1
10 109 2
97 59 4
108 152 4
119 130 4
131 152 4
172 195 2
86 107 3
197 161 1
174 105 2
182 193 4
191 123 3
15 179 3
61 97 4
29 36 2
99 11 4
132 23 3
101 171 3
192 144 1
94 76 3
12 128 2
83 43 2
4 161 1
74 117 1
121 176 1
198 16 2
197 122 2
181 189 1
23 140 4
69 90 3
24 50 4
133 11 2
166 54 4
56 102 2
74 114 2
70 135 4
6 184 2
40 197 1
56 192 4
2 13 3
0 189 1
72 65 4
151 132 3
20 151 1
158 45 3
28 56 4
104 170 4
63 71 2
20 179 2
39 180 2
184 138 4
86 96 4
150 6 2
145 5 3
126 171 3
116 93 4
112 171 4
196 155 4
44 139 4
159 55 4
176 113 4
190 55 3
77 103 1
120 13 3
46 2 3
139 151 2
143 11 2
181 21 2
90 161 4
2 86 2
141 136 2
131 3 4
90 18 2
80 136 1
60 117 4
181 107 3
131 97 3
110 23 1
180 189 2
90 145 2
93 125 1
168 6 1
155 13 4
91 107 4
112 13 2
133 112 3
16 31 1
133 86 4
142 197 1
94 181 2
90 13 4
129 161 2
85 162 2
104 86 2
102 187 2
12 112 4
187 9 4
40 35 2
150 106 3
128 145 2
49 161 1
166 132 2
82 2 2
100 71 1
91 192 2
30 119 4
33 3 1
170 178 2
29 8 3
46 79 1
196 146 4
48 26 1
60 195 2
35 50 4
130 12 2
163 150 2
31 40 1
197 180 4
165 169 4
160 146 4
47 151 3
170 45 4
104 2 3
145 3 4
113 153 1
80 117 1
19 127 2
148 135 3
110 143 2
43 63 1
169 53 2
168 17 4
191 171 1
92 105 4
30 178 1
34 77 2
170 106 1
144 152 1
53 51 2
134 22 3
154 6 1
148 18 1
32 152 1
93 179 1
89 36 4
10 80 1
179 41 4
184 136 3
162 91 3
165 132 3
116 118 2
94 115 2
135 92 4
18 112 4
70 8 4
177 107 4
97 174 2
196 13 4
9 151 3
10 196 4
102 107 2
97 50 3
103 16 2
94 23 3
74 31 1
89 165 3
134 96 3
14 38 2
21 18 4
165 65 4
8 28 2
141 76 3
173 147 1
158 21 4
84 197 4
16 44 3
34 2 1
93 74 3
4 181 3
113 85 1
132 103 1
101 192 3
176 145 2
83 153 1
151 160 1
171 79 4
34 138 1
34 192 2
119 145 1
4 32 1
28 141 2
176 60 4
45 11 2
44 84 1
4 135 4
189 12 3
24 173 2
131 126 2
179 190 3
5 119 3
166 102 3
11 182 1
78 146 2
137 143 3
10 150 1
163 29 3
183 49 1
18 131 2
58 174 1
145 113 2
95 67 4
35 59 4
62 48 2
174 112 2
159 34 3
76 88 3
129 89 4
190 54 4
105 85 3
171 30 4
30 49 2
137 149 2
114 198 3
198 189 1
140 69 2
145 1 3
13 172 2
7 153 4
181 40 1
20 26 3
81 67 4
117 41 3
118 160 2
37 74 2
134 46 1
156 176 2
156 44 1
119 198 3
134 106 2
81 128 3
198 44 1
19 125 3
147 126 4
17 32 4
78 24 3
68 49 2
157 72 2
137 61 4
46 19 4
86 129 3
55 172 2
121 24 1
63 132 2
194 33 3
100 93 2
2 76 4
102 48 1
147 199 1
93 118 3
37 75 3
155 35 4
150 180 3
171 6 2
183 65 4
121 79 3
94 112 1
20 66 1
67 156 2
23 167 3
24 198 4
126 187 2
122 91 1
45 31 2
97 73 4
104 169 2
192 89 1
81 158 2
105 88 1
1 50 2
13 126 2
65 186 2
91 56 1
197 47 4
81 104 4
69 112 1
87 84 4
195 38 2
166 35 1
11 67 3
12 192 1
34 4 4
154 131 3
124 45 4
89 181 2
183 135 2
185 64 1
189 46 1
25 144 1
37 168 4
45 24 2
191 23 1
124 186 2
123 107 4
130 77 3
73 167 3
76 0 2
22 51 1
103 13 4
199 11 4
33 117 3
154 50 3
4 143 1
48 154 2
41 42 3
107 132 4
159 46 2
59 92 2
9 188 4
58 138 2
33 170 3
35 178 2
194 144 4
151 86 1
66 153 4
149 64 4
66 44 1
96 141 2
36 60 1
57 25 2
192 184 4
83 120 1
1 77 3
190 69 2
22 3 4
62 141 4
179 75 3
124 36 2
57 55 3
6 91 4
67 108 1
148 115 1
122 180 1
145 9 1
102 140 4
31 2 1
127 126 2
196 83 4
128 124 3
136 148 1
63 72 1
72 89 1
119 99 1
72 166 1
11 173 4
3 35 4
175 179 2
67 47 1
108 13 1
21 82 4
76 79 1
49 118 3
132 92 4
54 40 3
116 140 4
169 140 4
65 33 1
121 6 4
37 149 4
89 37 2
164 95 3
0 73 1
96 63 3
97 138 2
125 111 1
40 53 4
10 22 4
162 68 3
6 183 3
94 27 3
61 18 1
150 95 2
166 2 1
75 130 2
22 76 2
81 6 2
50 28 4
46 5 4
60 87 4
25 125 2
42 122 2
172 152 4
38 96 1
170 27 3
13 137 3
195 72 3
148 149 3
58 90 3
67 159 4
136 4 4
5 42 3
92 18 1
174 124 3
37 150 2
9 76 2
84 17 3
62 158 3
57 85 1
138 125 1
126 135 2
139 21 3
151 137 1
165 87 3
126 75 3
140 163 2
54 114 1
77 41 4
163 16 2
94 87 2
6 157 1
67 87 3
107 122 3
64 161 4
172 132 2
173 172 3
120 156 2
125 198 4
132 66 4
110 76 1
138 7 3
58 127 3
180 63 1
5 149 2
53 156 3
149 121 3
68 122 2
185 169 3
84 9 4
55 119 2
108 132 4
33 185 1
186 16 3
92 93 3
35 139 4
100 33 4
139 167 4
44 170 4
12 69 3
77 71 2
52 29 3
5 168 1
169 15 2
31 125 2
69 63 3
131 132 3
191 83 4
190 79 4
11 187 4
192 153 3
64 10 4
74 28 2
104 19 2
53 102 2
97 157 1
57 80 4
147 118 2
7 52 1
74 5 4
158 28 4
163 93 1
131 178 4
41 40 1
78 53 3
136 107 3
49 179 3
27 192 1
19 43 1
86 82 4
93 80 1
51 194 1
145 32 3
57 123 3
103 191 4
118 53 1
141 91 2
193 189 2
48 132 1
163 52 2
184 97 3
60 136 1
175 182 2
167 18 3
1 126 4
131 195 3
106 75 3
146 99 1
145 104 3
70 193 4
88 103 1
191 148 1
99 42 1
123 110 3
158 38 4
142 158 3
19 89 4
53 190 3
24 161 3
161 67 3
25 136 2
92 1 3
127 78 1
156 40 4
182 116 3
112 85 1
86 57 4
75 138 4
173 89 1
164 172 3
76 100 1
159 191 4
37 49 2
91 111 2
66 17 2
83 57 3
25 199 4
3 91 1
182 118 1
115 187 3
127 182 4
174 182 3
197 145 2
136 163 4
70 11 3
124 134 4
189 34 3
122 117 2
139 103 1
50 118 3
94 3 3
49 6 4
76 41 3
131 47 2
22 20 2
87 121 1
12 169 2
54 89 4
23 178 2
28 199 3
134 28 4
10 170 4
169 62 3
138 50 2
65 12 1
138 60 2
187 63 3
96 188 1
83 30 1
107 68 4
94 101 3
14 72 1
161 61 2
51 146 3
107 195 2
7 144 3
27 47 3
103 68 1
112 24 4
54 41 4
125 66 3
40 75 1
32 167 2
120 86 4
10 176 3
140 28 1
158 183 3
124 116 1
144 195 4
153 190 3
169 151 2
189 61 1
194 183 1
65 40 1
58 59 3
145 133 2
161 86 4
129 40 2
174 94 1
85 110 2
184 4 4
16 184 4
121 129 1
195 153 2
172 168 3
160 138 1
156 0 2
54 69 3
29 46 2
3 28 1
19 5 4
168 137 1
112 177 2
137 183 3
27 137 3
42 60 4
197 94 2
159 140 2
99 98 4
196 96 4
197 80 3
66 21 2
36 48 2
189 27 4
11 39 3
42 166 4
2 153 4
43 93 4
141 171 2
72 192 4
63 116 4
17 28 1
18 87 1
30 90 3
92 106 1
1 60 1
166 88 2
117 142 1
31 41 4
111 86 4
26 133 1
9 103 3
182 90 2
169 94 2
161 196 2
178 15 1
36 158 2
105 173 1
99 114 4
116 10 3
183 61 2
142 27 4
14 110 3
33 67 2
124 191 4
47 41 1
21 76 2
23 113 4
147 132 3
15 193 1
105 67 4
34 183 4
193 66 2
185 38 2
109 94 3
89 2 3
125 70 3
57 71 4
25 181 3
112 34 3
39 137 4
152 146 2
84 132 2
8 93 3
150 84 1
177 183 2
77 21 3
192 42 3
174 191 4
73 89 4
146 166 2
106 185 4
50 54 3
98 192 2
11 102 4
109 50 2
152 106 3
112 117 3
148 189 2
45 190 1
128 80 2
58 84 3
86 177 2
81 156 1
44 136 3
56 141 4
130 186 1
17 29 1
175 135 1
3 73 3
73 122 2
100 154 2
97 5 2
169 4 1
82 131 2
96 19 4
180 174 2
34 116 3
160 189 2
49 54 4
100 117 4
66 48 1
91 148 4
106 12 3
118 81 2
51 139 1
32 113 3
116 158 4
48 150 2
196 170 1
24 131 3
41 169 4
18 22 4
67 44 1
75 12 3
159 19 4
58 93 3
59 89 1
161 163 1
90 27 2
153 94 3
95 34 3
1 138 3
125 89 2
44 23 2
180 109 3
164 183 3
127 113 4
133 41 1
164 91 1
9 181 4
178 144 4
80 173 2
176 125 4
187 92 2
119 100 3
195 39 1
142 147 3
142 26 4
152 157 2
24 110 4
198 142 2
184 50 3
33 118 1
151 6 4
149 132 2
43 32 1
197 29 2
152 176 2
68 1 3
51 170 3
54 175 1
151 70 3
3 156 4
147 197 2
15 194 3
26 6 2
1 72 4
170 94 3
93 155 3
69 166 3
189 7 2
40 165 1
15 92 2
154 138 4
144 8 4
92 97 1
12 168 3
41 82 3
150 145 2
127 63 1
163 28 1
45 4 4
168 43 2
46 101 1
195 74 1
100 109 1
184 151 1
44 46 1
96 132 2
192 138 2
103 48 1
59 95 1
78 18 2
96 44 1
73 113 3
136 164 3
25 13 1
28 188 2
13 170 2
148 11 3
191 98 2
38 190 3
78 142 3
127 44 3
133 115 4
179 65 2
52 178 1
58 165 1
176 132 4
77 66 3
190 33 1
118 83 2
90 33 1
84 75 4
133 58 3
163 138 1
72 188 2
23 116 1
73 141 1
114 105 2
84 185 1
96 57 1
136 78 1
91 31 4
21 189 1
171 14 1
13 31 3
22 146 3
162 7 3
138 83 2
141 114 1
111 34 4
165 31 3
60 65 3
67 118 4
1 173 4
58 148 3
37 194 3
86 90 4
117 180 2
57 150 1
169 135 3
157 55 1
135 101 3
40 80 2
174 18 1
28 98 1
191 78 4
191 85 1
70 78 1
138 59 2
112 83 2
89 46 4
146 66 1
169 113 3
84 18 4
62 67 4
103 184 4
176 38 1
45 5 1
120 117 1
154 116 4
92 171 4
169 137 3
192 140 4
197 9 3
141 124 1
152 129 1
75 110 2
165 139 1
110 154 1
16 74 1
6 87 2
14 161 1
92 162 2
63 112 1
121 45 3
41 12 4
94 103 4
131 180 2
1 176 2
53 197 3
142 193 3
125 90 3
112 80 2
138 29 2
58 50 2
153 137 4
163 187 4
97 170 3
14 77 3
107 104 2
149 70 1
116 150 3
24 66 3
71 36 1
169 116 3
74 184 1
44 42 4
83 145 3
179 102 3
143 96 3
83 130 2
97 152 3
43 68 4
178 195 4
87 115 3
107 128 4
69 6 4
115 91 1
25 33 2
73 159 4
16 3 4
6 98 4
185 182 1
116 35 1
137 152 1
183 22 1
19 91 2
30 8 1
94 159 3
148 114 3
146 2 4
96 69 3
172 62 3
92 179 3
90 5 3
66 148 3
153 188 3
35 83 2
98 56 3
78 27 2
97 139 4
112 56 4
80 192 4
141 190 1
72 97 3
35 66 4
159 36 2
167 38 2
175 97 1
73 180 1
121 42 4
5 78 2
14 5 3
193 87 4
179 132 3
70 13 2
141 197 2
116 92 1
126 125 4
10 102 3
58 82 4
109 59 1
188 23 1
158 54 1
144 50 1
5 194 3
85 147 4
44 86 2
81 116 4
11 29 3
17 58 2
64 105 1
69 43 2
173 7 3
74 99 1
83 84 2
122 114 3
117 31 2
59 116 3
0 45 1
79 32 4
84 12 4
198 75 2
89 135 1
37 192 3
17 6 1
160 42 3
71 141 3
53 38 2
167 128 2
130 179 4
96 191 3
62 69 2
186 36 1
113 55 4
22 155 4
130 148 2
3 174 2
128 105 4
49 103 3
23 101 3
114 160 4
100 60 2
177 4 1
105 122 1
134 39 3
37 8 4
108 190 1
57 14 4
58 5 2
199 35 1
81 93 2
177 21 1
135 143 4
188 131 1
138 93 4
193 191 4
13 60 4
19 122 2
79 112 2
58 99 1
139 147 4
49 14 2
137 126 1
69 167 4
128 7 3
30 24 1
145 152 4
143 78 3
132 164 2
173 170 1
8 112 2
19 26 2
81 34 4
86 131 1
191 75 1
174 47 4
108 12 3
118 63 1
89 141 1
151 65 2
4 50 3
160 144 2
117 85 1
110 38 1
179 188 1
133 99 3
134 142 3
120 81 4
33 29 1
59 53 1
98 168 4
48 139 2
146 75 1
122 35 3
103 58 1
118 87 4
32 133 1
13 167 2
39 133 1
145 15 4
81 20 4
22 147 1
10 188 4
32 121 3
199 74 3
163 63 3
157 10 1
114 78 4
181 132 4
142 124 1
106 54 4
56 163 3
150 85 2
66 62 1
138 130 2
68 137 4
175 129 1
174 73 3
59 39 4
30 135 2
61 177 3
17 86 2
152 156 2
124 138 1
152 105 4
91 53 3
183 174 4
40 94 3
49 117 3
51 25 3
150 3 2
111 119 2
155 136 2
38 50 4
100 101 2
55 132 1
26 91 3
129 142 3
18 128 1
182 64 1
21 69 3
177 161 2
68 23 1
80 103 1
176 73 1
171 76 3
134 160 3
48 19 2
173 182 1
127 145 1
104 159 3
158 196 4
43 142 4
96 90 3
8 81 2
57 8 1
100 78 2
159 85 1
93 176 3
55 32 3
70 194 3
81 131 1
21 165 2
188 79 1
127 148 2
52 182 4
191 143 1
124 10 1
125 129 3
125 44 4
145 31 1
161 143 3
136 53 4
149 81 2
75 149 1
73 181 2
157 63 3
172 146 1
143 125 1
16 64 1
143 193 1
13 24 4
174 118 1
43 188 2
61 159 1
61 36 2
90 43 3
150 77 2
133 6 1
182 148 1
34 130 3
114 31 3
142 143 3
146 121 4
17 162 4
48 99 1
196 34 3
6 23 4
91 177 4
155 152 2
53 50 3
14 24 1
125 81 4
20 12 1
103 11 4
44 140 4
96 50 1
177 94 4
20 78 3
54 142 3
133 82 2
20 153 3
115 128 1
92 11 2
60 104 2
168 21 2
0 126 2
161 100 1
91 198 4
152 179 2
9 22 2
120 142 4
182 112 2
158 191 1
148 22 2
191 128 3
102 66 4
95 71 2
47 45 1
127 171 2
103 119 2
36 72 2
145 13 3
32 66 3
34 32 3
167 41 1
1 144 3
14 153 2
113 172 1
149 129 1
125 96 1
123 58 4
22 83 4
125 83 2
144 28 2
9 134 3
34 164 3
156 189 2
110 134 1
94 164 3
4 153 4
49 115 3
0 39 3
13 18 1
38 6 1
145 196 4
80 184 2
8 43 2
143 24 3
71 6 4
63 73 3
66 118 4
68 92 3
14 143 2
137 178 4
56 119 3
77 131 2
134 14 4
124 126 3
20 108 1
115 66 2
48 49 4
24 178 4
154 79 3
41 161 2
6 194 1
4 24 4
15 88 3
83 103 4
172 77 3
9 48 1
130 167 3
147 119 3
21 153 4
0 63 4
89 172 1
27 36 3
189 141 3
164 111 2
6 174 3
71 135 1
76 163 3
156 142 4
137 44 2
124 57 4
122 82 2
103 123 2
68 3 2
109 128 2
192 23 4
60 149 1
104 63 1
163 109 4
108 198 3
156 52 2
46 122 3
146 18 4
71 151 1
132 65 1
88 17 2
76 53 4
170 113 2
49 29 2
87 76 1
194 126 2
76 134 3
175 183 3
61 1 1
152 103 3
134 12 4
172 161 1
182 41 2
182 68 1
17 107 3
115 33 3
198 129 2
88 140 3
68 79 1
50 128 2
76 101 2
165 9 2
146 63 1
61 105 4
18 85 3
39 173 2
141 40 3
67 50 1
62 47 2
13 28 4
79 69 3
52 154 3
110 182 1
62 107 1
114 32 3
19 14 2
106 174 4
87 168 2
78 193 3
168 83 2
92 183 4
180 69 2
111 84 2
139 5 4
183 186 1
79 51 2
197 17 3
59 129 4
72 94 3
109 86 4
155 70 3
184 67 1
111 183 1
194 21 4
6 107 1
13 74 4
9 115 1
80 131 4
64 90 1
179 125 4
117 173 4
123 100 3
194 87 4
119 193 1
110 133 3
35 145 2
146 149 1
20 121 3
173 21 3
124 164 2
0 84 4
158 93 1
138 101 4
23 71 3
148 185 2
58 75 3
38 97 4
17 109 1
197 130 2
83 157 3
189 20 2
125 131 4
150 183 3
169 16 3
164 0 1
94 38 2
58 183 3
73 100 4
91 32 1
154 188 2
5 134 3
18 129 3
176 51 2
105 71 2
70 5 3
102 87 3
154 70 4
6 152 4
132 43 2
6 78 2
198 124 2
86 76 1
179 43 3
68 180 3
142 38 2
161 124 2
57 146 1
167 92 3
121 136 1
174 61 3
172 79 4
135 161 3
18 183 4
166 149 4
160 88 3
190 70 3
138 188 2
171 159 1
5 136 3
0 157 1
65 77 1
99 4 1
32 117 3
111 114 3
48 95 2
76 175 3
188 171 3
83 114 2
132 125 1
175 163 1
85 35 4
13 175 4
114 49 1
105 133 2
177 166 3
68 119 1
167 137 2
80 113 4
90 154 2
23 86 1
193 147 4
37 138 3
32 58 2
173 192 2
34 78 2
43 16 3
191 45 2
56 21 1
169 57 4
16 137 1
192 110 2
15 10 1
92 89 2
187 30 2
176 84 2
28 136 3
101 148 3
197 50 1
8 54 3
45 167 3
170 42 3
23 112 4
180 56 3
105 123 3
105 73 1
39 192 2
105 40 2
36 167 2
44 194 2
158 197 2
80 0 3
6 66 2
146 154 1
65 113 4
92 139 4
130 161 4
180 94 2
97 22 2
186 69 2
171 197 2
78 76 4
61 193 1
75 192 1
39 65 1
0 147 4
177 16 4
67 57 2
120 27 3
4 170 3
86 150 4
38 98 3
112 180 2
41 111 2
37 95 4
40 143 1
80 144 1
81 105 3
25 48 1
174 68 4
148 2 1
184 36 3
111 49 2
177 197 1
147 20 3
199 99 3
159 157 4
162 118 2
105 57 2
67 49 2
48 18 4
97 45 2
136 122 2
56 129 4
171 45 2
66 42 2
37 115 2
180 145 2
34 162 4
17 104 1
52 38 3
121 140 1
151 82 4
183 29 2
11 151 3
122 162 4
70 122 4
63 89 2
182 3 2
9 55 2
173 22 3
92 156 1
101 118 2
56 189 1
99 62 4
46 32 4
22 188 4
42 134 2
117 57 3
64 67 3
122 33 3
113 84 3
83 18 3
160 4 2
89 151 3
107 56 4
11 60 3
12 135 4
102 168 4
79 148 4
105 98 1
84 193 2
89 74 3
31 57 1
151 84 3
79 147 4
155 29 3
34 104 3
131 153 4
102 82 1
125 196 3
46 136 3
71 70 2
27 158 2
36 42 4
161 62 1
167 182 4
141 188 1
4 103 2
147 88 2
12 39 2
149 67 3
42 144 4
42 17 1
81 33 2
76 14 2
3 160 3
10 93 3
107 144 1
59 178 2
184 143 4
119 176 4
73 48 3
132 156 1
32 128 2
2 185 2
122 179 1
133 106 2
127 161 2
76 90 1
11 115 2
92 35 2
120 176 2
93 14 1
161 162 4
22 77 2
158 92 1
3 5 4
182 15 2
16 37 2
138 23 3
87 40 2
176 166 1
53 191 3
83 87 2
79 102 1
71 31 1
143 60 3
157 21 3
66 64 2
26 154 1
47 160 2
120 129 1
164 115 4
30 133 2
133 183 3
70 79 4
73 71 4
65 22 3
152 86 1
68 93 4
14 154 4
127 54 3
61 103 1
24 25 3
101 48 3
194 161 3
90 26 1
4 127 2
166 26 4
142 109 3
29 173 3
140 20 1
80 8 1
68 190 4
194 181 2
50 105 3
123 113 1
171 122 3
71 116 4
108 117 4
92 74 1
160 67 1
104 22 4
69 139 2
114 72 3
140 66 4
65 32 2
89 110 3
112 93 3
27 32 4
143 129 2
137 37 2
95 160 4
7 34 3
87 105 4
43 103 1
85 37 4
44 54 1
79 8 3
132 102 2
96 183 1
13 134 4
139 67 2
195 145 1
168 175 4
86 142 1
79 184 3
99 84 4
145 68 4
196 41 3
52 138 2
172 180 1
38 187 1
166 159 3
166 133 3
81 170 3
103 17 3
95 25 2
108 53 2
109 170 2
109 108 3
136 110 2
127 175 1
155 151 1
127 193 4
49 163 4
66 155 3
172 133 3
50 198 3
87 96 2
114 71 2
59 168 4
67 194 4
176 18 1
166 153 1
191 7 2
170 100 1
138 116 3
105 93 3
39 125 1
89 95 2
29 110 2
62 119 3
143 101 4
44 128 1
70 129 2
179 60 1
152 132 3
164 72 2
46 162 3
96 161 1
53 26 1
44 52 3
83 149 1
198 25 4
44 148 1
43 4 1
22 1 1
144 90 2
140 103 3
83 91 3
194 122 3
167 153 4
87 68 4
183 70 4
5 140 3
154 39 3
36 99 1
55 5 1
174 25 2
60 48 2
16 165 1
74 137 4
185 147 2
102 189 2
26 50 3
168 61 4
35 164 4
73 62 3
118 34 1
27 67 4
173 36 1
118 176 1
65 56 2
40 122 2
118 136 4
79 169 2
133 66 4
5 193 3
96 140 1
171 170 3
160 37 2
96 156 2
109 54 4
104 174 1
39 7 4
6 102 3
188 89 4
141 34 4
141 192 4
58 189 4
116 7 4
123 75 3
44 100 3
138 126 3
67 132 2
64 141 3
26 150 2
193 176 3
35 5 4
161 146 4
57 99 3
119 154 1
14 78 1
197 192 2
12 129 1
195 81 4
57 193 3
16 161 3
9 37 3
151 56 4
136 115 3
196 102 2
110 28 3
47 84 4
9 79 2
125 6 3
199 166 1
82 106 3
152 162 1
55 187 1
79 31 3
94 133 2
128 31 4
33 161 1
150 162 3
5 156 1
23 114 1
39 9 2
136 23 2
144 34 3
189 51 2
105 20 1
145 92 3
9 157 3
84 174 3
52 96 4
32 31 3
4 140 2
139 24 3
47 125 3
162 86 2
153 59 2
48 10 4
15 148 1
133 89 2
150 107 1
184 32 4
30 2 4
28 0 1
25 108 4
126 91 3
12 24 2
175 118 1
40 17 3
174 119 2
70 54 1
17 39 3
102 170 3
51 28 2
155 129 1
141 111 4
99 28 2
183 5 3
136 159 4
144 75 3
162 55 3
104 35 2
174 138 2
118 98 3
69 22 1
43 119 2
101 189 2
74 165 2
191 12 3
34 15 2
28 119 3
198 147 2
101 145 3
184 20 1
143 139 3
56 92 2
117 163 2
127 153 3
172 144 2
23 69 3
56 45 3
105 147 1
152 59 2
132 119 4
67 198 3
39 40 3
32 6 3
149 110 3
146 80 2
16 40 4
121 192 4
120 33 2
17 170 2
180 120 3
122 106 4
109 69 1
70 22 2
87 63 1
194 156 1
104 172 2
84 22 1
8 51 4
117 39 3
182 62 4
169 176 4
158 195 1
94 79 4
5 176 1
34 66 4
171 135 3
177 67 4
79 161 4
179 69 3
193 184 2
177 85 4
34 134 3
47 170 4
150 96 4
88 71 3
83 66 2
129 103 4
132 160 2
152 189 4
193 69 4
107 97 1
2 35 4
195 167 2
34 143 3
26 151 2
81 154 3
196 117 4
147 15 1
54 138 3
13 147 2
173 112 1
156 124 4
25 5 2
43 42 2
10 130 3
186 164 2
49 137 3
83 192 1
46 96 3
26 118 1
21 186 3
60 188 1
91 106 4
36 39 4
182 146 3
169 189 3
140 59 4
72 95 4
47 4 4
33 34 1
84 148 4
14 88 4
116 62 2
136 71 4
101 57 3
80 141 4
103 181 4
42 64 1
107 139 3
92 16 4
51 96 3
157 5 3
170 135 3
25 76 1
188 158 3
59 22 3
144 37 4
198 27 1
43 47 2
173 150 2
128 157 3
106 10 1
24 49 3
57 178 3
92 23 2
196 58 2
49 110 2
45 18 3
91 153 2
168 187 4
188 109 2
133 107 3
52 140 2
190 95 2
158 100 2
33 164 3
105 159 3
15 183 3
145 168 4
176 94 2
140 134 3
169 24 2
3 134 1
124 79 1
64 15 2
101 142 4
136 174 4
122 100 3
129 154 1
105 138 4
110 105 2
97 180 3
82 193 1
137 30 2
64 124 1
137 53 2
165 172 4
93 16 1
32 123 1
18 93 4
96 102 4
99 194 4
164 61 1
190 71 1
148 57 2
117 148 2
81 143 3
6 129 1
155 194 2
8 91 4
187 137 1
151 95 4
99 185 1
125 20 4
91 4 4
159 117 2
147 86 1
55 145 2
199 135 3
132 56 3
119 11 2
159 137 3
28 185 3
29 96 4
126 183 4
76 159 4
57 60 3
102 65 1
20 196 3
58 34 4
37 4 2
1 76 3
23 158 4
24 74 2
176 86 4
197 190 4
197 151 1
60 120 1
88 68 4
106 172 3
107 194 4
27 51 2
64 144 2
104 51 1
73 75 2
91 129 3
101 25 3
137 156 3
86 170 4
135 162 4
46 142 4
153 160 3
112 40 3
33 92 1
55 198 1
40 37 3
131 11 4
109 152 3
70 28 3
126 141 4
171 177 3
151 22 2
121 0 3
163 18 1
165 144 3
15 45 3
183 94 2
104 96 2
35 74 1
69 191 1
187 41 2
80 186 2
166 193 2
182 80 4
30 95 2
112 75 4
124 121 4
83 46 2
179 145 2
77 83 4
114 25 4
180 111 2
54 64 2
17 184 3
38 138 4
127 97 2
14 44 4
71 130 4
10 34 4
70 169 1
43 133 1
28 67 1
12 154 1
27 165 1
177 58 2
53 75 4
124 101 3
196 5 1
136 132 3
123 16 4
93 48 1
11 73 4
33 180 3
167 162 3
154 21 2
62 70 4
21 155 4
41 24 1
71 134 3
1 3 3
40 149 1
108 88 2
174 125 2
7 149 3
64 103 2
187 142 4
24 33 3
23 186 4
39 142 4
188 41 3
73 115 2
76 54 4
79 149 4
86 184 4
145 132 3
33 171 4
119 52 2
73 112 4
177 182 4
193 63 3
195 1 1
154 159 2
59 72 2
35 156 2
199 37 1
112 43 3
35 61 4
173 47 3
23 33 1
61 198 4
197 186 2
108 69 4
88 7 4
179 189 2
64 192 4
90 140 3
7 98 2
88 98 4
136 169 4
33 141 2
178 95 3
104 69 3
84 172 4
78 170 4
45 62 1
83 23 2
18 76 3
181 8 4
77 133 2
99 9 4
90 108 3
54 128 3
2 44 2
61 80 1
176 96 3
162 42 4
140 185 4
176 97 2
90 52 4
33 113 3
28 147 3
87 178 3
32 9 4
59 1 3
197 106 2
198 22 1
124 165 1
129 26 4
167 97 4
58 136 2
32 195 2
80 98 2
65 182 3
179 147 3
176 153 1
145 28 3
102 125 1
88 111 4
180 72 3
110 124 4
84 130 2
150 65 3
90 12 4
111 163 4
99 139 4
148 152 1
84 121 3
15 24 2
103 96 1
78 180 2
86 66 1
12 137 3
187 70 1
131 157 1
193 104 1
12 157 2
187 177 1
88 27 1
137 15 3
97 120 1
42 31 1
0 92 4
134 30 4
134 97 1
16 77 2
70 177 2
169 163 3
134 0 1
172 163 1
176 116 2
2 134 1
156 99 1
85 186 3
144 13 3
30 141 2
122 108 4
169 31 4
14 150 4
188 18 2
178 41 2
34 83 4
140 146 4
140 21 3
153 9 4
36 126 2
85 72 1
21 192 2
84 114 4
61 142 4
105 107 3
172 120 1
154 106 3
12 92 1
132 73 4
165 156 1
177 84 1
74 64 4
14 164 4
81 78 3
199 193 3
2 147 1
128 26 3
133 8 4
47 51 4
10 148 1
145 160 4
51 192 2
67 55 3
132 8 1
141 3 1
95 183 1
183 128 1
171 54 1
35 72 1
8 185 4
175 130 2
91 146 1
94 93 2
69 86 3
156 129 1
149 35 1
89 152 3
190 76 4
144 137 2
33 54 2
39 89 2
166 33 3
106 184 2
162 143 3
8 149 2
89 20 3
111 61 4
106 158 1
10 171 2
36 102 4
125 187 4
5 107 3
2 75 4
52 116 1
22 131 2
101 103 2
163 55 1
49 88 2
64 131 4
44 7 3
51 81 2
114 101 1
173 90 1
140 19 1
110 156 1
122 2 4
39 199 4
174 43 2
151 126 1
90 88 1
65 171 2
130 123 1
72 5 2
186 47 1
105 36 3
41 84 4
38 147 4
115 190 2
14 46 2
3 66 1
158 61 2
22 87 3
178 193 4
100 135 1
62 101 4
195 193 1
137 131 1
122 113 4
34 67 2
116 15 1
89 132 4
92 112 4
168 146 4
153 56 4
143 90 1
150 101 1
141 195 2
119 159 1
16 29 3
185 156 1
43 130 2
105 136 1
189 2 4
84 45 3
165 168 1
33 119 3
104 56 2
176 179 2
34 182 4
198 98 2
178 76 2
180 65 2
162 72 4
41 192 1
52 171 1
136 165 3
136 114 3
64 18 3
119 181 3
165 4 3
3 151 3
131 70 3
155 1 4
126 168 2
21 62 4
90 170 4
16 106 1
171 118 4
121 141 2
192 196 3
40 67 4
36 47 4
145 153 2
144 173 4
128 122 2
93 50 2
23 129 3
138 181 2
77 24 2
180 100 3
180 54 2
180 133 2
181 146 1
152 136 3
34 185 3
19 106 4
25 30 2
12 125 2
183 119 2
82 98 1
76 111 2
88 109 4
85 20 3
24 38 1
156 9 3
189 64 4
145 26 2
152 39 1
179 42 4
100 160 2
100 168 2
77 30 2
42 159 2
168 40 2
185 51 4
175 50 4
69 135 4
131 58 2
113 177 1
62 118 1
56 12 2
17 48 3
95 51 3
32 163 1
119 195 2
168 153 2
103 147 4
125 95 4
187 162 2
25 154 3
98 18 3
160 166 4
179 77 3
158 34 3
56 24 2
5 23 1
39 32 4
15 155 3
88 181 4
154 173 4
115 82 1
83 172 3
47 172 1
107 159 4
152 151 3
15 17 4
8 141 1
67 100 3
102 74 1
129 20 1
190 98 2
43 181 4
70 6 3
144 159 2
81 65 2
19 34 1
15 31 2
144 182 2
22 46 1
69 106 3
108 142 2
165 199 1
140 186 3
147 81 3
10 160 1
101 69 1
51 63 1
101 137 2
66 181 3
72 189 4
133 9 1
13 186 1
131 134 3
189 23 1
162 83 1
65 8 1
159 22 2
156 147 3
47 15 3
50 181 2
184 49 4
11 97 2
166 97 2
182 24 4
157 162 4
178 196 1
189 142 1
63 169 3
20 161 1
1 55 3
91 22 2
152 35 3
40 72 2
139 181 4
72 121 2
33 195 4
134 149 4
92 50 4
30 74 1
102 174 3
41 18 2
94 100 4
46 93 3
189 32 4
79 163 3
8 195 1
135 105 3
49 86 4
66 85 4
25 67 4
160 159 2
136 147 3
126 192 4
44 131 2
50 41 1
163 85 1
192 40 1
130 78 1
105 68 4
160 19 1
98 9 3
180 158 4
58 40 4
192 81 1
41 114 2
189 107 1
178 43 4
103 174 3
79 6 1
89 94 3
80 110 2
98 130 3
120 18 4
113 43 2
113 143 4
82 100 4
132 86 3
70 88 1
27 8 4
86 165 2
87 7 1
17 112 1
194 186 1
189 128 2
20 6 3
142 130 2
133 23 2
154 195 4
197 112 4
166 152 1
121 180 1
43 138 2
146 19 4
13 0 3
13 102 3
195 100 3
96 70 1
32 100 2
188 51 1
50 157 3
133 132 3
105 188 1
33 91 3
95 118 1
33 50 1
139 31 3
52 34 1
97 141 2
114 135 2
83 13 2
73 170 3
8 161 2
22 49 1
162 81 4
97 101 3
37 87 4
40 196 1
188 196 2
54 38 3
69 144 2
195 115 3
68 24 3
196 82 2
122 27 3
0 93 4
175 152 3
73 53 2
87 35 1
199 189 1
123 177 2
158 186 2
62 34 4
149 123 1
92 122 1
61 32 4
42 28 4
34 177 4
59 190 2
170 58 2
14 105 1
134 100 1
98 182 2
92 64 4
42 197 4
76 164 3
87 61 2
0 37 4
192 187 1
81 186 3
26 123 2
114 180 4
21 95 2
125 43 1
104 46 4
147 125 4
157 79 4
23 15 2
145 57 2
142 94 4
68 82 2
145 107 3
164 117 1
0 158 4
147 137 3
168 3 3
187 7 2
64 82 2
38 126 4
112 35 3
187 121 1
93 96 1
139 64 3
26 104 4
31 3 4
99 179 2
159 156 4
151 158 3
114 0 1
81 72 4
119 104 3
160 48 2
28 182 3
148 88 4
141 161 2
58 6 1
172 24 1
185 138 3
41 143 2
161 21 1
99 162 4
135 134 1
178 88 3
195 151 1
144 95 4
134 56 3
121 158 3
63 40 4
93 24 2
199 185 2
89 157 4
140 11 4
8 190 2
190 131 4
22 60 4
171 187 1
153 13 4
98 30 3
109 151 3
169 28 3
37 19 4
25 31 2
66 81 1
0 26 4
39 86 4
21 108 1
33 97 3
77 64 4
173 60 3
195 37 1
172 109 2
53 4 1
1 171 3
95 92 4
50 172 4
85 34 3
6 105 4
106 14 3
58 118 1
109 166 4
107 22 2
168 64 2
64 62 4
93 199 4
112 148 3
184 194 2
117 154 2
183 167 2
193 81 2
51 151 3
42 9 2
7 186 1
118 8 4
84 173 1
25 89 2
126 108 2
98 170 4
61 172 4
22 120 2
24 193 2
178 181 1
158 184 4
179 68 4
62 78 3
135 146 3
167 1 1
142 21 1
46 125 2
155 20 3
0 98 1
126 179 2
100 196 4
40 114 3
197 185 2
56 48 3
85 53 1
6 21 4
53 42 3
112 101 3
4 108 2
118 184 4
98 8 2
80 75 4
10 75 1
174 22 2
63 10 3
167 3 2
153 67 1
186 4 4
145 8 1
128 181 3
161 140 1
11 6 2
179 101 4
155 45 3
124 184 4
163 155 4
120 31 3
104 94 4
17 115 1
79 114 3
56 182 3
42 63 2
62 24 3
114 14 3
87 43 1
100 69 2
158 190 1
84 194 1
116 30 1
111 192 2
23 172 2
28 6 4
35 18 3
49 186 2
125 30 1
192 167 4
146 61 3
18 190 4
92 195 1
145 64 2
82 87 1
121 96 2
126 84 2
132 163 1
182 51 3
157 70 4
86 145 2
126 109 1
127 62 1
138 132 2
18 38 3
28 122 3
125 18 3
126 39 3
181 91 3
18 28 3
28 97 3
17 111 4
148 184 4
87 11 2
96 53 1
186 170 3
129 74 2
77 196 3
185 118 2
92 131 4
39 143 3
112 109 1
44 121 1
199 174 3
1 70 3
193 114 3
154 193 2
42 81 1
179 167 2
78 160 1
88 157 2
120 191 1
192 79 1
16 27 3
157 98 4
130 104 1
171 2 2
193 91 4
127 74 1
159 180 4
27 107 3
11 175 3
104 50 4
89 91 2
14 56 3
13 56 4
140 48 2
74 160 2
117 8 3
197 76 2
5 39 2
193 73 4
25 39 2
12 54 2
13 187 3
16 140 4
32 14 2
165 34 1
74 60 3
98 85 3
100 120 4
141 166 4
6 73 2
2 39 4
85 30 4
122 150 2
152 44 2
46 164 1
92 134 2
41 159 3
2 154 2
155 67 4
25 161 2
148 92 1
68 25 2
85 47 4
76 166 1
184 171 4
0 83 2
80 198 1
68 72 1
7 185 3
15 99 1
151 133 3
28 190 3
94 136 2
9 66 2
148 26 4
92 180 3
122 174 2
150 140 3
88 43 1
100 84 2
72 158 1
197 26 4
80 163 4
102 85 3
179 11 4
161 50 3
185 69 3
187 19 4
175 133 3
68 9 3
87 75 4
18 72 1
193 152 1
54 157 3
56 140 3
161 168 2
37 156 4
175 14 3
193 93 1
166 113 3
108 1 3
119 61 2
78 175 3
101 63 3
13 119 4
4 171 1
81 60 1
186 97 2
29 116 2
1 198 4
89 162 2
148 98 2
62 110 4
130 105 1
21 148 1
181 154 2
158 88 2
134 156 4
90 159 1
2 180 2
115 58 4
61 92 2
54 146 4
18 7 3
4 39 3
69 4 4
82 72 3
89 103 3
172 99 1
106 57 1
87 132 2
66 67 2
61 7 3
121 46 1
127 47 4
91 66 2
127 67 2
135 14 2
25 12 3
38 115 1
139 84 2
65 53 4
198 85 3
129 147 1
44 80 2
62 3 4
122 110 2
130 27 3
193 58 2
151 18 4
95 162 1
157 31 2
199 40 3
65 83 4
183 121 2
47 164 3
143 9 1
145 30 2
194 135 3
124 114 3
68 151 1
48 152 4
142 41 2
127 93 1
199 183 3
144 41 3
37 127 3
112 152 1
156 169 4
88 161 1
164 189 2
15 3 3
119 106 1
46 13 3
25 86 1
113 82 4
137 181 2
170 167 2
129 126 3
108 135 3
13 96 2
95 0 3
93 190 3
180 129 1
81 29 4
55 178 1
44 36 4
74 76 1
145 87 3
92 83 3
9 182 1
2 124 3
5 131 1
107 85 2
177 178 4
42 89 3
172 5 1
134 153 1
193 83 1
60 19 1
5 174 3
186 165 2
130 150 1
126 133 1
186 141 3
2 63 2
30 29 1
143 187 3
26 95 1
21 2 1
30 55 1
54 34 4
136 198 4
67 178 4
69 155 2
100 133 1
7 90 2
173 100 3
75 155 2
195 69 4
111 59 2
108 35 3
32 168 4
9 31 1
41 139 4
163 158 2
32 21 1
46 98 3
166 165 1
40 20 2
138 73 4
90 54 4
184 55 2
43 198 2
89 136 4
190 157 4
7 20 3
73 155 3
126 58 3
45 54 4
1 89 3
43 49 4
65 31 2
89 7 3
132 80 1
1 37 3
142 15 1
127 84 3
143 50 3
137 136 2
125 22 4
17 30 2
114 55 1
65 51 3
142 122 1
6 47 2
34 181 4
5 68 4
165 25 2
59 11 1
119 37 4
129 189 4
154 77 3
17 151 3
51 147 1
133 196 3
91 97 3
24 100 1
161 137 1
48 121 2
89 156 2
6 191 4
38 37 3
88 150 3
53 34 4
114 138 1
71 16 3
66 184 1
187 178 1
30 155 4
2 128 2
88 173 3
136 57 3
135 93 2
172 110 1
186 0 3
125 191 2
39 15 2
30 62 4
144 56 3
34 98 3
150 104 4
179 16 4
56 16 1
27 109 3
9 123 4
196 143 1
185 187 1
198 192 3
91 138 2
11 195 4
85 90 2
90 109 4
195 187 2
63 192 1
133 195 1
77 141 3
101 44 4
98 158 2
33 37 3
96 55 2
183 152 3
32 96 1
77 88 1
42 163 3
156 146 4
148 160 3
44 37 2
43 5 2
18 74 3
81 197 1
104 78 2
81 151 1
34 151 2
105 170 3
108 19 3
136 41 1
111 132 1
192 54 2
37 104 4
121 156 3
119 85 4
148 83 2
90 98 2
130 99 2
162 123 4
180 166 2
10 40 1
12 8 2
22 44 3
93 154 4
152 107 1
12 83 1
1 90 3
186 72 2
48 83 4
180 67 3
164 140 2
1 122 4
8 10 1
118 130 1
142 144 4
19 191 2
128 52 3
2 10 2
164 83 3
150 55 4
84 72 2
141 22 1
156 113 2
96 151 4
191 66 4
173 92 2
153 163 1
86 193 3
86 115 4
158 105 1
199 172 1
194 191 1
37 167 1
49 149 3
136 189 4
25 98 1
13 79 2
66 23 4
106 188 2
141 19 2
114 95 3
142 171 2
137 81 3
6 166 1
16 38 2
38 197 3
107 129 4
155 184 2
44 39 1
20 94 1
76 119 1
169 130 4
24 187 3
63 16 1
75 6 3
77 2 1
177 159 4
19 10 1
125 4 4
36 1 4
83 54 4
145 66 3
52 73 2
132 193 2
134 179 1
161 83 3
17 189 1
141 108 1
173 77 2
100 189 3
192 152 4
101 42 3
23 157 2
56 179 4
156 23 1
99 136 1
57 75 3
152 58 1
125 75 3
152 114 1
183 23 1
125 61 1
29 188 4
34 45 4
165 162 4
94 24 3
76 127 1
186 154 2
84 88 3
87 32 2
188 31 4
79 15 4
7 1 3
53 158 1
31 11 3
48 180 3
25 21 1
73 49 4
41 176 1
101 183 1
19 119 4
102 154 1
151 115 2
12 30 2
127 131 3
160 139 2
4 128 2
21 79 4
109 103 1
136 167 2
106 98 1
89 14 4
61 122 4
176 143 4
177 37 3
153 140 1
196 51 2
131 163 4
91 71 3
106 52 3
169 121 1
109 148 1
165 45 3
11 158 4
152 180 2
157 172 2
53 110 1
117 1 1
157 169 2
115 176 1
68 27 2
143 77 1
68 2 3
63 172 1
7 154 3
145 73 2
162 3 2
91 176 3
118 134 2
14 163 4
31 118 4
168 176 2
7 79 1
57 195 4
57 192 3
101 36 3
122 164 4
150 47 2
159 40 2
63 188 3
171 41 1
124 95 2
148 169 1
166 135 2
140 141 4
3 157 3
85 62 4
164 24 3
176 180 4
27 77 3
72 148 4
199 16 2
36 116 1
148 67 2
94 91 1
83 117 2
118 152 1
29 147 1
74 61 2
182 42 4
27 174 3
29 1 4
95 145 4
10 70 2
89 170 1
190 194 3
142 84 4
134 66 2
119 41 4
57 22 2
21 30 4
187 154 4
188 134 4
3 106 4
75 45 4
0 100 2
13 158 1
180 46 1
168 7 3
93 56 1
69 189 3
170 54 1
126 46 2
141 138 4
3 196 2
161 183 2
16 149 4
199 82 4
139 19 1
7 106 1
188 172 3
102 137 3
48 175 4
174 134 4
169 190 1
46 183 2
96 58 1
119 57 4
186 94 3
160 185 2
60 108 2
153 35 1
99 189 1
135 88 2
94 82 1
169 147 2
50 116 3
49 180 4
97 196 3
147 21 2
174 23 3
41 120 1
25 82 2
4 172 4
36 92 2
76 154 2
53 179 4
77 145 3
40 169 2
187 89 4
136 111 1
57 74 4
73 143 1
6 165 1
116 115 1
8 139 4
14 198 1
24 192 3
158 102 3
41 97 2
127 92 2
72 76 2
136 59 2
172 166 1
159 93 3
110 118 2
189 19 2
99 71 4
167 117 1
96 45 1
85 4 1
45 40 2
188 97 3
15 78 4
164 99 4
72 190 1
65 42 2
107 110 4
128 78 2
158 181 1
87 109 3
80 53 1
47 40 1
198 190 2
41 62 2
133 165 3
3 45 3
149 15 1
112 67 3
19 194 2
48 33 4
25 69 4
81 115 3
199 92 4
149 156 4
74 26 4
46 27 2
75 104 1
144 196 1
33 56 1
35 12 2
193 45 1
172 124 3
2 157 2
145 198 2
78 150 3
125 108 3
170 141 1
133 98 3
164 159 2
138 107 4
107 108 3
114 126 4
17 31 4
131 95 1
184 175 2
109 53 2
90 160 3
22 164 2
98 184 3
166 187 4
183 178 1
104 39 1
134 48 4
163 48 4
4 158 2
108 102 1
120 190 4
114 169 3
25 130 1
131 15 4
96 113 3
124 39 2
118 105 4
86 181 2
39 162 4
52 72 3
69 85 4
47 143 4
51 13 1
49 175 2
9 87 1
71 89 4
60 167 4
165 92 2
130 146 1
50 133 1
90 168 3
186 89 4
78 74 1
114 145 4
42 54 4
195 147 1
198 19 4
174 13 3
40 12 1
160 175 4
73 168 3
178 171 2
108 33 3
138 77 2
64 121 3
52 22 2
121 112 2
194 109 2
117 97 2
46 128 4
8 150 1
135 102 2
23 42 4
56 4 1
84 110 4
111 118 1
133 109 2
66 185 3
162 149 1
168 184 2
144 84 4
139 45 4
83 52 3
159 51 1
160 12 2
124 29 2
47 31 2
90 6 1
112 184 1
147 87 1
194 169 1
115 35 1
124 113 2
199 32 1
60 178 2
173 27 2
115 147 4
99 46 3
93 51 3
166 41 3
175 190 2
88 163 4
107 19 3
117 10 2
130 172 3
134 157 4
95 44 3
96 116 3
119 81 1
181 99 1
24 86 4
9 109 1
48 34 4
104 1 4
186 57 2
145 7 1
169 83 3
69 75 4
69 128 1
188 122 3
192 102 4
161 125 2
52 100 1
186 138 3
152 188 1
52 164 3
145 140 2
158 73 2
34 145 3
69 127 2
0 78 4
102 184 1
143 94 2
36 139 1
143 146 3
93 152 1
93 194 4
51 9 1
95 177 4
81 121 1
36 84 4
16 136 3
113 72 2
94 107 2
172 65 4
144 68 2
137 115 2
150 69 4
155 144 4
119 40 4
176 40 3
114 110 2
185 183 3
103 100 4
181 176 4
126 128 2
80 130 1
123 152 2
63 62 4
145 40 1
14 50 3
81 70 1
39 54 1
66 16 1
37 103 2
196 111 3
109 143 2
134 74 3
146 144 1
140 158 1
199 43 4
94 41 1
161 106 2
90 177 2
124 51 3
48 133 3
93 102 3
15 156 1
117 12 3
153 161 4
171 89 3
90 197 4
88 152 4
180 80 4
24 26 1
29 55 2
128 8 1
53 177 3
194 72 4
65 19 4
38 194 3
5 15 4
76 7 2
51 44 3
135 22 2
76 187 1
80 1 4
43 70 3
171 42 1
191 80 3
162 116 1
123 136 3
122 64 4
169 48 2
174 139 4
111 15 1
39 94 2
119 186 4
117 71 2
195 152 2
115 101 2
28 79 4
60 144 1
98 91 4
26 3 2
75 67 2
19 120 3
72 155 1
187 109 3
146 119 2
23 177 3
71 172 3
160 155 3
170 60 1
86 9 4
192 176 2
97 67 1
39 26 1
43 193 4
196 11 3
31 24 1
189 3 2
197 68 1
105 104 4
131 94 4
61 162 1
4 164 4
12 173 2
79 74 3
101 106 1
1 159 3
11 69 2
196 67 2
176 59 4
180 194 4
150 131 4
4 29 4
20 187 3
112 57 1
9 40 2
182 135 1
172 40 3
169 76 3
160 59 4
71 46 3
45 49 4
84 199 3
174 56 3
170 172 2
196 64 4
60 127 1
38 45 2
2 127 2
64 80 4
160 120 4
53 72 2
69 19 4
165 83 4
171 193 4
20 164 2
22 168 1
95 9 1
165 100 1
68 177 3
132 174 3
117 193 4
115 111 3
4 109 3
100 27 4
198 113 4
63 45 4
119 25 3
190 7 2
3 6 1
56 159 1
98 74 3
74 173 3
117 42 2
174 149 3
13 53 1
107 24 4
87 183 4
43 102 2
30 132 1
62 91 2
25 65 2
191 30 3
35 118 2
69 110 4
64 178 3
63 53 4
37 118 1
100 41 3
165 190 1
173 116 4
188 120 1
118 52 2
28 75 3
40 69 1
13 41 1
152 117 1
107 34 2
113 196 4
163 154 2
64 173 1
24 102 3
124 62 3
145 67 3
73 195 2
156 150 3
198 161 2
158 43 2
140 189 1
167 8 3
50 69 3
182 25 1
179 29 4
119 83 2
197 156 3
31 6 1
124 176 1
81 150 1
184 13 3
105 49 3
101 117 1
157 129 1
17 43 1
194 152 4
18 197 1
190 111 4
128 64 2
1 95 4
99 40 1
12 27 3
163 148 4
124 183 4
161 99 2
92 24 2
40 1 2
181 42 4
163 133 4
111 140 1
122 115 1
14 124 3
49 165 3
12 152 2
193 53 3
115 142 2
186 29 4
77 126 2
5 120 4
115 129 1
146 79 2
100 65 4
55 158 1
134 167 2
71 15 1
118 120 4
75 49 2
131 110 1
171 123 2
25 64 2
158 89 4
29 88 3
183 166 3
42 132 4
95 38 4
118 3 1
176 50 2
80 166 1
55 111 3
108 172 4
80 22 4
192 143 1
153 138 2
180 57 1
163 5 2
6 155 1
134 59 1
78 153 4
103 199 3
75 33 4
92 184 3
21 101 1
84 123 2
50 64 1
131 54 1
135 185 3
15 27 3
62 86 4
120 2 2
46 39 3
169 95 4
127 162 3
137 25 1
71 75 2
5 137 4
159 6 4
49 77 2
195 191 4
117 86 1
72 197 2
17 76 2
16 101 3
169 64 4
77 164 4
83 61 3
81 26 1
145 25 3
48 38 3
88 101 2
136 139 4
81 107 4
149 0 4
139 190 2
66 190 4
57 94 2
102 139 1
78 87 2
98 51 3
109 15 4
196 124 3
75 148 4
107 199 1
117 138 2
39 13 4
182 115 4
28 83 4
14 9 3
79 181 2
141 125 1
82 118 3
18 69 1
154 127 1
37 22 3
186 53 1
51 142 2
85 95 1
128 61 2
92 77 3
25 117 4
24 119 2
124 96 2
186 121 2
167 177 3
124 155 3
70 38 4
118 29 1
62 22 2
23 84 2
139 39 2
114 158 3
121 157 4
62 151 3
90 35 3
32 0 2
159 176 4
18 168 4
86 20 3
84 156 3
154 175 3
87 198 4
165 35 3
37 45 1
156 34 4
21 84 3
147 33 3
50 91 2
143 140 3
108 159 4
129 123 2
71 101 3
95 192 4
157 75 1
99 7 3
16 32 1
2 72 4
125 167 3
75 17 3
128 131 4
115 159 2
41 195 4
90 44 3
165 158 3
57 132 4
82 157 2
79 119 4
79 89 4
133 54 1
140 12 2
167 33 4
189 115 4
73 101 1
114 121 1
82 187 3
173 95 2
195 4 1
75 78 2
197 96 3
64 76 3
80 26 2
135 119 2
39 190 1
65 16 1
135 145 3
177 38 2
46 28 2
128 184 1
104 152 3
162 31 3
185 81 3
188 92 4
188 107 1
10 108 4
164 165 3
92 49 2
78 106 2
53 150 2
110 180 1
73 90 3
14 4 1
91 57 4
198 199 1
164 173 2
160 77 1
50 98 1
19 186 2
150 21 4
197 153 2
135 43 3
61 62 1
3 11 1
199 105 3
112 178 1
67 74 3
53 134 2
94 199 3
38 51 1
176 61 3
165 101 4
22 185 4
55 19 1
104 106 2
17 131 4
0 182 4
74 188 3
197 167 3
79 45 3
24 199 4
9 130 4
124 20 1
37 24 2
91 182 4
120 152 1
161 142 1
54 59 4
108 14 2
34 25 2
159 126 1
176 140 4
125 99 4
134 38 2
144 59 3
194 55 3
165 15 2
87 172 3
159 80 1
195 170 1
182 48 3
147 122 3
126 112 2
181 188 2
121 90 4
106 97 1
13 8 2
173 30 4
129 178 3
108 26 3
88 1 1
127 53 3
151 14 4
40 157 3
139 68 1
74 180 4
198 191 3
58 132 2
37 96 2
187 21 3
198 9 3
130 35 3
33 52 4
197 3 2
48 88 2
122 4 4
22 95 4
134 82 2
64 152 2
75 5 2
170 7 3
61 76 1
156 179 1
87 135 3
193 25 4
53 151 4
194 163 3
179 70 4
17 45 4
120 91 4
142 177 4
95 129 2
59 88 1
158 39 1
45 142 4
171 47 1
52 185 2
107 20 2
29 122 4
177 172 2
24 5 2
131 164 3
154 60 3
150 22 2
124 125 2
170 190 1
100 190 1
