9950 200
0 2 7
2 107 4
2 13 9
107 49 6
13 127 3
13 23 1
49 95 6
107 60 1
60 53 2
127 45 6
127 37 7
107 105 2
53 154 6
23 14 9
49 88 3
154 29 3
14 137 3
107 31 4
60 43 8
2 26 9
107 193 1
107 42 8
154 155 8
127 168 8
13 71 2
193 5 7
13 30 5
31 189 1
95 165 4
154 68 9
45 4 7
2 83 7
26 124 8
88 56 4
29 160 8
13 177 5
49 3 4
5 10 7
43 84 1
31 93 7
29 138 3
83 36 4
29 27 2
137 157 8
95 96 7
84 133 8
68 22 4
53 52 8
13 32 4
22 114 9
42 92 1
49 125 3
30 104 8
107 86 5
30 64 3
114 111 7
27 21 5
5 139 2
36 50 3
138 162 2
137 119 2
104 123 9
49 98 8
124 131 8
3 80 8
138 141 9
83 140 1
52 179 2
123 11 1
21 113 1
162 122 6
177 132 5
53 76 3
122 173 8
133 178 9
104 81 4
3 28 7
27 44 2
124 152 6
133 38 6
71 48 6
13 7 1
193 190 4
189 1 8
162 69 9
113 97 8
139 182 2
114 35 5
48 20 7
190 47 4
2 171 7
189 192 6
22 142 9
38 6 2
20 19 9
190 188 6
23 65 1
76 15 9
1 115 8
65 66 1
11 163 6
21 87 2
83 169 2
142 73 3
96 110 8
179 46 7
119 120 7
7 70 3
171 99 1
119 101 5
29 116 6
114 166 6
56 67 1
20 121 3
15 150 3
99 183 1
138 149 7
26 8 5
140 16 5
113 148 9
111 89 1
73 117 2
80 33 5
4 18 7
113 196 8
166 175 6
13 112 2
73 55 5
163 34 5
27 106 8
21 57 4
13 151 6
86 147 2
125 181 6
44 12 4
165 170 4
21 136 8
138 58 4
179 186 9
64 103 6
105 198 4
64 134 3
28 75 3
117 77 6
114 40 4
177 51 9
4 59 1
66 164 7
43 61 2
113 126 5
152 85 5
28 102 7
142 159 8
18 145 4
112 146 6
34 78 6
151 63 4
181 108 7
136 194 4
165 82 8
88 174 1
65 79 1
33 24 1
26 74 6
105 109 5
80 144 7
42 191 8
12 41 1
41 128 3
30 62 8
93 90 4
175 195 2
35 167 9
41 158 7
37 185 3
102 17 8
102 172 5
82 91 7
173 100 4
132 129 2
151 153 3
65 184 2
188 94 2
157 54 1
191 130 8
66 187 4
13 161 2
188 9 6
110 118 9
54 135 2
78 199 9
135 39 9
51 72 2
75 25 8
76 143 2
170 197 6
126 180 2
4 156 4
61 176 6
65 76 4
62 90 4
62 17 3
15 113 4
130 71 2
38 92 2
50 182 1
128 20 2
198 137 3
124 84 1
196 186 3
1 66 1
133 64 3
13 1 2
12 136 2
115 55 3
101 35 3
12 91 4
72 122 1
70 113 3
133 189 2
73 43 4
115 82 1
11 170 4
56 131 1
129 130 2
106 69 1
11 122 4
132 71 1
51 32 2
178 82 1
19 25 1
64 183 4
129 46 1
73 57 4
55 144 1
81 84 3
18 88 1
138 25 4
56 65 2
99 135 2
21 50 3
78 82 3
141 8 3
22 110 1
17 98 3
93 168 1
8 197 3
27 4 2
158 124 1
158 65 3
104 137 3
111 28 3
33 112 1
137 175 3
20 86 2
136 182 1
159 115 1
21 120 2
71 39 2
9 134 3
72 192 3
161 85 2
26 147 3
4 75 2
154 130 3
55 59 1
35 190 3
134 143 4
72 145 2
14 56 2
36 13 4
178 59 1
119 64 2
193 147 3
105 192 1
85 79 1
60 65 1
166 161 4
103 195 3
133 182 3
141 190 1
80 110 1
88 73 2
61 102 4
113 92 2
66 124 4
55 75 2
159 69 2
138 26 4
78 184 2
130 168 3
9 7 1
155 96 4
176 191 2
74 85 3
54 12 4
110 15 2
198 44 4
64 87 2
70 107 4
75 22 3
73 168 4
135 195 4
189 117 2
136 159 3
165 55 1
17 105 1
70 96 1
151 120 2
49 130 1
186 52 4
86 111 3
66 42 3
11 35 1
81 103 2
12 176 2
72 95 1
43 2 4
147 184 2
96 160 1
176 119 4
43 80 1
199 58 1
124 138 1
131 80 4
139 147 1
61 88 2
53 183 3
113 141 4
15 130 2
147 52 1
84 83 2
196 65 2
56 142 4
199 84 1
116 76 1
186 77 4
94 108 3
34 143 1
126 123 2
157 116 4
11 150 4
143 183 2
28 13 1
0 146 4
81 115 2
60 5 1
149 134 1
161 45 4
32 58 4
0 57 3
172 91 3
62 88 1
155 147 4
79 138 1
76 127 3
149 37 3
53 159 3
98 125 1
137 63 2
160 61 2
70 69 2
70 146 3
194 51 2
185 140 3
8 24 3
132 191 2
100 168 2
125 193 1
42 166 4
75 8 4
145 191 2
82 128 4
69 79 2
179 104 3
152 26 4
118 9 4
166 44 2
176 144 2
197 185 3
197 166 1
194 152 4
21 77 4
139 188 2
183 89 2
118 0 3
168 99 4
16 141 1
124 150 2
54 198 4
110 16 1
78 114 2
156 22 2
130 120 1
199 184 4
92 140 4
126 156 2
92 48 3
41 126 4
31 185 2
6 52 4
130 70 3
180 17 2
36 174 1
66 120 1
103 127 2
174 145 2
123 33 2
70 22 4
132 98 3
23 197 2
154 11 4
181 199 2
9 106 3
30 14 2
195 100 2
186 80 3
102 105 4
35 73 2
23 142 1
147 79 3
155 29 1
170 56 3
183 191 1
15 5 1
0 42 2
23 75 4
15 137 1
36 177 3
195 114 4
110 140 1
94 103 2
173 136 2
177 154 2
118 64 4
135 118 4
46 58 1
171 128 3
70 171 4
128 28 4
141 0 2
13 103 2
28 168 4
153 57 4
177 152 3
14 103 3
143 22 1
69 188 4
54 41 4
165 198 3
116 91 3
187 11 4
170 196 4
150 141 2
192 145 1
147 162 1
90 32 2
117 99 4
78 194 3
22 42 2
22 118 4
29 69 1
194 0 3
25 24 3
96 172 2
194 55 2
12 125 3
182 99 3
183 108 1
156 144 2
18 56 4
54 196 2
44 75 1
175 99 1
157 78 1
98 153 2
46 193 3
110 34 2
69 122 2
4 189 1
134 30 1
196 174 2
192 164 4
66 103 1
21 178 1
53 38 2
97 177 3
40 170 4
22 69 3
57 152 1
35 115 2
56 39 4
164 196 3
146 192 1
117 162 3
52 17 4
169 162 4
138 92 1
138 88 2
167 190 1
85 194 3
119 160 1
171 131 1
139 67 3
67 121 2
146 58 3
100 123 3
143 54 2
94 28 4
67 48 4
109 98 4
11 139 4
109 20 3
32 66 3
134 172 1
191 10 4
60 138 3
62 12 4
22 57 4
67 25 2
10 156 2
114 45 1
74 152 2
139 161 1
47 66 3
155 14 2
81 199 4
67 168 4
167 185 1
152 34 4
1 159 1
128 51 4
91 56 4
97 190 1
149 173 1
18 0 1
33 46 2
143 43 1
84 149 1
127 41 4
11 127 1
55 51 2
72 164 4
77 112 2
69 182 1
31 2 1
80 171 3
26 137 4
191 61 2
35 43 4
175 46 3
44 99 4
112 22 2
68 101 3
134 132 4
31 74 1
89 8 1
142 136 1
178 197 4
108 125 2
38 66 3
103 95 4
124 123 4
72 198 4
2 78 1
171 138 2
82 57 3
155 128 2
60 199 3
123 79 2
121 147 1
120 157 2
111 198 3
112 175 1
20 165 4
155 179 2
16 70 2
107 66 2
104 68 4
106 25 3
111 69 3
124 155 1
93 166 4
169 72 1
58 191 4
142 24 4
99 49 3
85 113 1
187 41 2
76 131 1
37 25 3
111 16 3
74 95 2
138 166 3
15 145 1
109 37 4
167 137 3
191 118 3
142 188 2
175 66 2
136 105 4
137 130 3
143 67 1
140 179 3
114 52 3
16 39 3
183 95 3
101 165 2
18 177 2
197 92 3
6 127 1
11 146 2
100 65 3
44 140 3
135 69 1
70 78 2
100 111 4
197 39 1
0 82 2
52 28 1
132 90 4
43 87 1
14 17 3
86 19 2
179 45 1
23 173 3
181 76 2
0 148 2
61 131 1
169 179 2
7 21 2
113 197 1
23 179 1
178 121 2
177 191 2
186 130 2
142 54 1
86 123 4
184 60 2
19 159 4
17 11 3
25 115 2
110 137 1
28 146 4
154 143 2
139 160 4
121 172 2
111 104 4
91 25 4
68 169 4
48 72 1
66 31 3
75 188 1
98 57 2
183 137 4
53 37 1
152 82 1
26 174 2
23 152 3
85 99 3
162 157 2
106 1 2
169 122 1
138 47 3
44 98 1
167 107 1
106 161 4
160 129 3
86 197 2
8 160 3
114 36 3
144 171 1
105 177 1
122 153 1
171 123 1
3 29 1
120 29 2
49 137 3
171 74 3
9 88 3
137 191 4
38 110 2
85 5 1
104 61 4
126 198 3
122 128 1
32 44 2
109 184 3
74 108 1
116 31 1
150 194 3
187 73 3
10 65 4
106 78 4
7 44 3
114 69 2
29 94 2
34 181 4
127 53 4
69 144 1
151 19 1
110 199 1
181 61 4
156 112 4
93 40 2
102 0 4
149 172 1
175 129 1
143 111 2
151 21 4
188 160 4
179 18 4
24 112 4
119 177 4
159 174 3
18 117 1
84 57 1
68 189 1
65 88 3
94 178 3
173 56 3
178 128 3
22 128 3
189 106 3
43 74 2
128 133 1
36 170 1
121 12 1
27 172 2
160 44 1
80 51 3
168 78 2
42 133 2
50 105 4
121 173 4
7 190 2
9 91 4
97 39 3
168 154 3
85 52 2
156 190 3
99 5 4
69 75 1
189 112 4
131 196 3
136 165 1
107 182 1
47 55 1
9 179 4
96 54 1
148 49 3
41 8 4
156 39 1
110 0 1
61 56 3
174 129 3
78 138 4
192 56 1
8 48 1
49 187 1
70 71 1
192 40 3
86 163 1
109 143 2
28 40 2
16 36 3
162 52 1
0 84 4
83 68 4
136 198 3
9 32 1
189 97 4
130 78 4
168 26 3
90 5 2
172 152 4
174 6 1
57 19 4
14 167 3
119 172 3
123 63 3
110 54 3
167 54 2
142 179 3
180 114 2
102 149 2
2 195 1
76 84 4
64 47 2
120 40 1
40 9 4
70 193 2
167 25 4
94 87 3
85 104 2
116 88 3
140 69 3
25 151 4
167 118 4
24 56 3
63 176 4
40 165 2
47 178 4
169 111 3
105 174 3
21 164 2
168 170 4
87 122 2
6 30 1
152 60 4
106 125 2
27 100 4
16 95 3
43 93 1
136 43 2
57 28 2
196 194 3
162 30 1
37 41 1
192 179 4
38 188 4
116 148 1
105 93 4
145 138 1
123 29 3
135 176 4
146 126 2
40 29 4
99 150 3
68 90 1
61 4 2
30 86 2
89 134 1
160 64 3
98 161 3
176 18 4
38 108 3
91 121 2
159 167 1
39 27 3
64 112 2
89 135 2
86 31 2
3 74 3
111 120 1
42 116 3
96 66 2
173 147 4
100 148 1
184 83 2
6 26 2
121 80 3
41 32 4
76 147 1
126 165 3
155 189 3
62 121 4
99 79 2
101 5 1
30 114 3
133 34 3
177 85 4
164 163 1
95 182 3
43 6 2
110 85 3
66 189 4
131 130 4
67 141 4
135 125 1
18 186 4
87 84 2
193 153 1
20 85 4
193 34 2
172 155 3
50 46 4
123 78 3
186 131 4
118 157 2
127 189 4
166 29 2
106 65 2
74 124 4
77 12 2
36 78 1
4 149 1
92 171 2
182 65 2
171 52 4
117 181 1
92 109 1
116 37 1
129 199 3
3 75 1
23 3 4
58 170 1
126 42 3
190 10 2
107 188 4
114 115 3
108 70 2
142 71 3
112 140 4
23 4 1
154 64 1
18 36 1
185 187 2
127 137 2
111 116 1
95 30 3
0 73 3
82 75 1
90 198 2
90 66 3
36 84 1
142 55 4
8 152 2
171 169 4
153 6 1
178 16 1
47 130 4
119 43 1
41 146 3
65 197 3
153 60 3
195 184 2
175 40 1
83 172 2
3 86 1
144 157 3
32 88 1
190 184 1
9 116 2
66 163 3
24 55 4
75 117 3
65 147 1
195 69 1
198 18 2
13 98 2
190 170 1
104 69 2
152 156 4
160 4 3
36 116 2
23 153 2
151 187 2
67 84 3
57 103 3
148 180 3
50 41 3
19 74 3
165 25 1
157 61 2
123 3 1
97 158 4
173 137 1
34 42 3
156 43 3
28 49 2
59 120 1
106 108 2
106 11 1
80 28 3
185 144 4
196 97 2
195 64 3
75 189 2
114 150 1
4 117 1
34 63 3
162 63 3
43 123 2
66 83 3
93 128 1
162 151 1
96 159 3
47 1 1
20 150 3
28 73 4
111 70 2
68 59 3
103 134 3
120 54 4
180 171 3
82 87 2
98 155 4
163 87 3
61 124 3
17 90 4
56 31 2
114 117 1
47 40 2
100 86 3
137 17 4
157 31 4
101 31 4
36 102 2
25 94 2
7 198 4
182 52 2
57 81 2
27 162 3
22 2 2
56 118 3
87 7 3
101 133 4
92 119 3
28 104 1
83 113 3
23 176 4
191 86 3
103 185 2
197 40 1
134 77 3
100 184 4
52 152 2
111 154 4
185 194 2
20 6 2
175 101 2
144 139 4
18 45 4
12 181 1
191 195 3
152 134 2
144 104 4
9 93 3
166 105 1
75 35 1
37 88 2
7 185 3
160 46 4
125 180 4
42 197 4
59 182 4
151 0 2
50 163 1
73 195 2
18 46 1
99 165 2
51 135 1
187 27 1
55 86 4
76 97 4
13 18 2
174 119 1
126 62 4
104 47 1
159 85 2
86 190 4
175 60 1
143 28 2
195 26 4
81 154 4
144 81 2
43 90 4
16 73 3
35 6 2
86 53 2
63 106 2
189 142 1
125 76 4
158 53 4
153 52 2
169 20 4
22 39 4
42 16 1
22 65 3
199 59 4
17 125 2
49 127 2
4 132 3
58 15 4
175 161 4
17 126 2
97 192 2
176 195 2
39 100 2
97 54 2
1 157 3
145 142 1
149 161 2
26 158 2
63 50 2
74 163 4
24 113 4
145 84 3
195 145 3
13 139 3
51 83 2
137 5 1
69 77 1
88 137 1
26 7 1
87 55 4
163 100 4
183 82 3
54 106 2
42 177 4
174 0 4
150 133 4
16 33 2
170 115 1
151 4 2
72 92 4
64 19 1
97 117 3
150 135 4
181 73 4
122 8 4
143 120 1
83 103 3
68 18 4
165 51 2
97 128 3
171 39 3
74 24 3
9 162 2
195 90 3
7 64 3
163 98 1
185 99 1
38 39 1
160 99 1
74 191 2
61 32 3
161 196 3
179 107 1
9 177 3
58 161 4
32 133 4
108 71 3
110 188 3
82 92 2
60 166 4
1 6 2
46 136 4
152 118 3
141 139 1
170 65 1
151 144 2
164 185 3
187 127 1
47 71 1
104 199 4
24 105 1
80 148 2
121 109 3
89 166 2
186 93 4
1 121 3
73 146 2
126 128 3
158 116 2
174 157 1
55 155 2
175 11 1
44 184 2
108 136 2
62 109 3
25 21 4
13 29 3
30 123 4
49 101 1
136 134 3
180 184 4
163 33 3
40 133 3
144 16 2
12 20 3
4 22 1
192 154 4
15 33 3
37 33 2
164 90 1
23 163 1
30 186 4
47 23 1
16 1 1
6 123 1
153 7 1
60 64 3
175 171 1
59 67 4
124 95 4
19 141 3
14 101 4
120 173 2
194 180 1
192 41 1
151 126 4
64 177 4
76 24 2
69 166 1
61 172 1
56 113 4
152 159 2
27 20 1
23 194 3
144 84 4
191 153 2
176 45 2
81 65 2
94 76 2
60 130 1
16 75 4
170 45 3
118 39 3
62 66 4
53 170 3
91 162 3
176 192 4
121 50 2
55 95 2
65 151 2
2 3 1
162 125 1
130 198 2
176 15 4
0 197 3
185 189 3
17 193 2
88 173 3
91 84 1
46 9 2
115 178 3
96 198 2
65 183 3
142 196 1
9 194 2
27 71 2
198 158 3
57 126 4
33 50 1
57 16 2
29 129 1
198 129 4
33 120 3
35 191 2
110 50 1
136 75 1
161 73 3
98 175 2
49 51 3
11 120 2
161 159 2
73 154 1
47 99 4
54 1 3
82 30 4
102 66 4
14 168 2
150 67 4
155 45 3
175 104 3
93 17 2
43 166 3
161 69 1
175 89 3
90 131 4
192 12 4
114 49 4
150 91 2
111 36 4
163 138 2
75 49 4
68 199 1
132 63 3
20 190 3
154 124 2
137 4 3
74 68 3
142 83 2
184 49 2
107 96 4
13 42 1
16 120 1
78 102 1
26 163 4
75 2 4
8 103 4
97 15 4
1 30 3
84 103 1
46 195 3
32 6 3
65 48 3
23 129 4
69 32 4
154 19 1
186 180 4
86 40 1
115 138 2
105 9 3
67 176 3
188 67 3
198 43 3
17 138 1
19 4 2
98 187 2
179 133 1
102 184 1
113 105 2
46 107 3
8 87 3
64 85 1
4 52 1
7 145 4
128 59 4
0 138 2
27 177 3
115 11 1
13 0 3
119 141 1
149 61 3
36 173 1
120 57 1
153 197 3
159 15 3
107 114 2
9 114 2
172 8 2
129 172 1
73 119 4
144 175 2
165 77 4
49 195 3
182 183 3
147 8 4
193 21 4
48 99 3
101 70 1
1 172 4
114 112 3
45 44 3
169 43 3
14 174 3
119 190 4
47 37 4
181 55 3
173 60 2
37 63 3
39 173 2
5 113 3
149 100 2
89 39 4
104 114 4
100 0 4
186 140 1
178 182 3
130 188 1
190 42 2
192 22 2
101 6 3
144 22 4
131 172 4
184 17 2
115 70 2
31 149 4
183 80 3
84 186 1
167 67 1
81 116 3
163 191 2
155 112 2
152 99 1
197 72 1
163 3 1
121 14 1
146 153 3
125 155 3
50 82 3
37 65 4
161 51 3
114 66 3
144 15 4
55 168 4
124 81 2
12 7 1
62 76 1
8 187 3
174 115 4
152 184 1
9 193 4
98 120 4
10 86 3
18 165 3
143 62 4
164 32 1
62 168 1
83 42 4
67 42 3
150 68 4
195 93 2
29 2 2
52 110 3
128 94 3
132 66 4
89 110 3
19 79 3
148 36 1
41 99 1
57 134 1
93 103 4
124 98 4
123 103 1
151 117 1
148 53 2
136 116 4
27 198 2
9 5 3
172 22 4
148 122 1
80 91 1
106 29 3
130 18 2
187 33 3
37 18 3
175 51 2
29 140 3
141 98 2
48 41 3
170 148 2
12 50 4
65 46 4
175 50 4
60 156 4
69 53 3
33 169 2
15 93 4
113 123 2
64 48 4
160 124 2
34 189 1
151 42 1
47 140 1
41 21 1
156 94 4
83 12 4
107 93 1
154 145 2
141 176 1
103 130 3
181 172 3
130 119 1
16 107 4
115 180 3
83 138 1
99 54 4
141 186 4
63 21 2
33 195 2
104 76 4
144 71 2
75 183 3
34 139 1
147 31 4
148 9 2
128 110 2
35 125 3
102 41 4
129 103 3
104 188 1
80 13 3
16 103 3
14 189 4
103 34 1
94 162 2
79 111 4
123 54 3
152 101 4
104 148 2
125 38 4
144 47 4
90 56 3
65 137 2
165 41 1
55 17 4
170 130 2
165 166 4
155 41 2
179 111 3
187 85 3
92 18 4
129 81 1
34 102 2
131 31 3
55 58 2
193 126 3
79 26 2
162 184 1
20 77 4
190 51 4
194 115 4
73 29 2
174 53 2
14 178 4
137 142 2
146 197 4
178 57 2
199 46 2
180 18 2
1 195 4
150 92 2
178 156 4
71 67 4
195 87 3
146 3 1
142 180 1
11 101 4
4 9 1
115 153 4
189 110 2
33 129 3
89 46 4
152 84 3
24 80 4
75 39 3
146 115 4
198 174 3
156 154 3
189 107 3
31 28 3
62 37 3
43 4 2
12 113 1
182 196 3
140 30 2
108 45 4
50 23 1
125 68 4
139 105 2
35 194 2
164 131 1
88 149 3
138 192 3
182 110 2
157 130 3
193 170 2
198 188 4
28 38 2
148 105 1
186 176 3
159 153 2
180 188 2
198 127 2
34 120 1
175 53 1
106 149 2
49 15 3
8 192 4
162 193 3
196 162 2
9 53 2
188 84 1
178 124 4
169 63 3
153 111 1
15 125 4
72 21 3
181 14 4
97 108 1
162 121 2
149 81 3
183 122 3
179 181 1
46 123 3
181 113 1
123 154 3
97 48 4
28 149 3
151 180 2
102 111 2
51 199 3
189 41 3
156 71 2
147 123 2
46 80 2
148 181 2
94 65 2
146 68 1
53 160 4
104 48 3
80 1 3
152 21 1
136 53 2
49 141 3
140 42 3
126 163 4
3 73 3
26 103 2
174 54 3
62 188 4
188 3 3
11 93 4
16 199 3
108 156 3
158 173 1
40 41 4
36 32 1
160 199 1
193 28 3
131 68 4
48 191 3
156 147 4
170 154 4
48 121 3
45 110 2
61 175 4
108 115 1
8 18 4
100 180 2
59 145 4
48 61 2
57 74 1
102 134 3
99 7 4
105 158 1
63 198 3
122 181 2
16 170 1
64 149 3
23 101 4
89 94 4
165 168 2
11 66 3
133 158 3
65 132 2
113 131 4
156 184 1
40 140 3
85 136 4
187 166 2
32 141 1
127 129 1
87 37 1
194 1 1
57 24 2
193 63 3
61 38 3
102 69 1
52 51 1
107 192 1
52 93 4
199 120 3
114 199 1
198 197 2
189 199 2
29 107 2
22 80 2
22 0 1
22 102 4
168 182 2
177 123 3
177 124 4
21 161 2
34 157 1
75 96 4
32 87 2
161 87 3
128 191 1
9 66 3
5 170 3
132 83 2
91 64 4
175 174 1
153 109 4
69 128 3
131 84 1
77 36 4
54 199 2
125 165 2
5 36 2
182 85 3
104 149 1
161 156 3
59 22 2
141 128 1
89 30 1
53 120 1
78 151 3
120 177 3
184 192 3
97 43 1
133 117 4
81 126 1
163 124 1
48 18 2
62 122 3
91 124 4
192 122 4
7 195 2
52 193 4
56 121 4
127 130 1
47 7 4
75 88 3
43 17 4
131 41 2
38 170 2
40 69 2
96 163 1
5 116 1
26 27 2
64 77 1
22 30 3
109 16 3
148 70 1
85 156 4
141 175 4
107 61 1
103 161 4
31 197 2
133 169 2
91 61 1
165 56 4
133 180 2
157 15 4
60 150 4
105 181 4
18 124 4
119 63 3
3 16 3
94 54 1
129 77 1
143 25 4
168 21 2
113 147 1
194 145 3
51 168 3
42 28 3
186 19 2
40 64 4
111 3 4
131 179 4
39 79 1
33 119 4
176 100 2
60 137 3
99 124 1
32 196 4
102 118 3
60 124 4
168 65 1
58 56 2
48 42 3
122 136 4
174 52 3
32 130 1
78 124 1
149 16 3
65 160 2
74 158 3
190 189 1
3 41 4
181 100 3
114 168 4
106 67 2
122 106 2
166 31 2
119 151 2
67 65 2
153 131 3
59 157 1
132 22 3
182 125 3
75 92 1
64 26 3
165 17 2
98 40 1
123 181 3
124 7 4
104 54 1
113 172 3
179 81 2
118 133 1
14 28 3
162 126 2
95 8 2
109 57 1
126 82 3
116 191 2
69 71 4
95 69 3
151 173 2
76 109 2
40 182 3
154 182 3
60 181 2
186 138 2
146 194 1
0 179 2
172 117 2
41 80 1
98 122 2
79 23 1
125 41 4
18 153 2
141 160 4
88 180 1
140 161 1
152 164 1
30 120 1
39 25 2
156 125 3
72 12 4
93 77 4
87 169 1
190 138 2
135 147 2
154 78 3
117 120 2
33 113 2
121 26 1
199 177 2
109 179 1
152 35 3
106 156 1
192 141 2
87 59 1
86 34 3
72 185 2
169 74 2
142 18 2
89 72 3
136 180 2
125 42 3
91 197 3
32 19 2
35 132 1
0 104 3
135 30 3
67 7 1
148 21 3
4 54 3
148 166 2
42 85 1
115 36 4
156 155 1
32 175 4
88 25 1
38 45 2
197 181 4
147 2 4
165 16 2
138 161 1
192 186 1
157 27 3
138 81 1
185 142 2
101 92 2
72 116 3
88 131 1
44 2 3
48 111 4
96 80 3
9 71 1
190 85 2
44 89 2
188 192 4
169 35 3
175 19 3
103 191 4
183 105 3
172 48 2
165 141 2
196 188 1
27 171 2
123 58 3
20 199 2
126 24 1
144 21 3
111 152 4
180 34 2
87 158 1
0 21 4
167 85 2
181 9 1
188 14 3
46 84 1
12 36 2
38 98 4
150 170 3
76 45 3
133 151 2
50 9 4
188 127 3
148 85 1
117 138 1
27 69 3
129 197 4
180 158 4
110 178 2
64 171 2
165 172 3
21 22 3
85 60 3
35 124 4
22 26 3
81 125 2
153 88 1
112 88 2
26 154 2
190 9 4
35 81 1
179 184 1
44 132 4
81 183 1
29 7 3
78 128 1
121 169 4
0 195 1
15 68 4
38 149 3
102 95 3
180 131 4
95 107 3
131 140 2
38 127 4
101 147 2
10 159 3
184 5 1
74 38 2
182 191 2
58 95 2
139 150 3
88 192 2
62 102 3
11 49 4
126 103 4
155 121 4
57 135 2
86 74 1
61 59 4
98 146 2
126 10 3
15 199 2
68 127 1
168 41 1
65 32 2
142 111 1
35 133 1
61 90 4
170 167 4
60 19 1
30 19 1
136 181 2
125 141 1
128 134 4
105 91 1
144 113 1
162 74 3
6 57 4
150 106 4
175 103 1
7 180 3
137 106 4
143 78 1
182 14 3
115 91 4
177 77 2
66 97 4
165 192 3
0 149 4
12 145 3
162 144 1
25 152 4
73 18 1
109 188 1
62 7 3
154 184 4
40 38 1
33 51 2
51 173 3
169 115 1
199 6 4
60 172 1
162 133 1
59 41 3
172 103 3
46 146 4
97 77 3
143 42 3
122 92 3
58 154 1
68 187 4
11 142 4
142 141 3
19 47 4
190 110 3
178 31 1
6 177 1
182 88 3
127 148 1
63 183 1
146 44 3
176 193 2
88 59 3
102 104 3
18 159 3
110 13 3
66 154 3
15 22 1
129 104 4
8 179 2
89 169 4
19 160 4
164 58 3
143 192 1
168 71 3
48 182 1
107 183 1
7 181 3
13 164 3
49 183 1
42 112 3
22 7 2
149 198 4
45 182 1
184 72 3
1 177 2
20 66 3
135 105 4
72 63 4
89 56 1
93 189 3
45 97 3
125 73 2
19 0 3
145 185 1
82 6 4
161 7 2
39 159 3
15 77 1
55 148 1
88 148 3
79 194 3
24 3 1
130 99 3
17 104 3
101 83 4
107 149 4
198 120 2
87 35 4
43 79 1
4 24 4
78 196 1
95 22 1
177 157 2
61 41 2
137 161 4
94 4 2
134 181 4
51 75 1
102 158 1
43 165 2
63 17 2
195 140 4
94 184 1
114 151 1
146 9 1
197 94 3
135 82 1
129 61 2
162 137 1
74 119 1
74 79 2
56 182 4
143 129 4
109 114 2
28 74 4
83 118 3
134 156 2
166 120 1
91 7 1
163 102 1
43 20 4
195 121 2
96 43 1
15 85 4
141 52 2
5 100 4
191 159 1
52 196 4
87 36 3
118 126 1
59 103 4
67 53 1
175 75 1
62 186 3
93 19 1
191 47 4
80 50 2
8 25 2
153 107 2
73 72 4
24 86 1
141 197 4
120 153 1
156 69 2
125 23 4
191 88 3
165 167 3
54 119 1
75 178 3
54 62 4
27 82 1
37 181 3
91 98 2
100 118 3
51 11 1
192 58 1
156 121 3
185 47 1
138 194 4
126 131 2
53 34 1
175 57 4
183 127 1
30 85 3
40 178 3
101 67 4
42 58 1
94 78 2
147 129 3
147 67 2
171 89 2
112 68 2
8 144 1
171 173 3
40 185 2
35 91 1
4 145 1
65 87 2
55 23 2
186 191 4
194 25 4
178 91 2
45 197 4
8 2 3
175 44 4
155 34 3
79 73 2
160 77 3
57 51 1
131 122 3
11 167 2
174 144 4
52 133 3
182 89 4
161 96 3
11 96 2
56 146 1
166 55 2
28 150 2
167 142 3
175 55 3
88 3 4
67 30 1
36 149 2
71 199 3
134 179 3
54 19 2
91 111 3
79 163 2
29 193 4
157 198 2
160 80 3
121 88 3
164 109 4
162 93 4
38 184 1
64 145 2
78 161 4
128 18 4
110 83 2
33 81 4
82 121 4
105 35 4
24 175 4
164 37 4
53 77 1
168 57 4
143 157 4
152 186 2
189 2 1
192 96 1
75 119 4
140 93 3
199 48 3
22 183 3
35 116 4
114 13 4
193 72 3
64 34 1
41 51 3
75 182 1
46 76 2
151 41 4
107 134 2
159 30 1
40 196 2
94 62 3
3 26 4
41 136 3
9 21 2
131 110 4
94 185 4
135 127 3
196 95 3
83 43 3
96 113 2
127 192 1
32 91 1
188 113 1
68 190 3
131 103 4
113 28 3
92 174 3
137 53 2
82 105 4
80 112 4
102 197 3
155 186 2
28 137 2
108 196 1
20 181 3
95 132 2
44 110 2
167 57 1
176 124 4
73 158 1
166 122 4
107 108 4
40 154 1
37 103 3
113 177 1
33 159 1
120 194 4
34 138 3
108 16 3
82 40 3
100 6 3
45 156 3
141 122 4
128 101 3
180 79 3
1 14 4
79 171 3
29 185 3
118 184 1
186 198 2
134 131 1
63 38 2
106 45 1
130 28 4
14 147 2
142 77 4
171 11 4
11 27 2
35 128 2
120 28 2
23 123 4
60 40 3
43 64 2
116 41 3
71 163 1
88 85 2
121 192 3
21 107 3
179 148 3
8 137 2
60 50 2
31 0 4
150 162 4
118 155 2
113 133 1
101 168 3
196 30 1
154 102 3
119 112 4
119 60 2
66 197 4
137 62 1
48 24 1
181 42 3
83 127 4
161 169 2
55 62 4
156 78 1
122 147 3
17 123 1
26 140 3
60 18 1
52 8 1
47 48 2
91 174 4
166 136 4
79 89 3
30 100 1
149 178 2
20 126 2
121 70 2
149 99 1
144 138 3
159 131 4
92 105 3
192 28 4
113 173 2
161 39 3
84 100 2
113 140 3
91 194 3
45 142 3
114 128 1
54 7 1
57 29 3
57 151 2
41 53 4
44 143 3
29 53 4
143 131 2
108 18 4
75 147 1
61 184 2
92 166 1
190 125 1
47 67 1
87 46 1
44 117 2
40 168 4
99 198 3
67 94 2
73 172 2
173 11 3
189 12 1
79 96 4
37 138 3
163 45 1
179 177 2
4 167 3
83 115 3
179 42 3
44 106 3
68 161 3
52 111 3
192 167 3
27 175 3
12 187 3
110 65 1
156 101 3
21 118 3
63 51 1
136 1 2
100 113 2
109 167 1
143 176 1
146 61 3
103 145 3
144 57 4
59 38 3
49 29 3
135 123 2
47 80 4
187 178 1
56 71 3
66 74 4
40 173 2
155 194 1
35 96 1
48 175 1
198 19 3
49 133 2
191 196 3
72 106 3
79 113 2
101 125 1
8 72 4
5 2 3
70 10 1
5 114 4
10 26 4
71 182 1
189 131 2
24 152 1
145 160 4
89 11 4
0 145 1
61 167 4
9 16 1
101 42 3
138 177 3
61 46 3
178 73 3
141 65 1
89 139 4
10 110 4
163 70 3
33 25 2
13 144 4
91 11 1
163 72 1
58 140 3
128 176 1
190 148 2
56 34 2
88 101 2
24 172 1
10 44 2
27 158 1
133 37 3
62 58 4
131 199 2
117 94 3
187 143 1
57 140 2
127 143 4
23 94 3
37 191 1
138 10 3
155 27 4
126 23 3
6 158 4
73 27 3
88 82 1
165 80 2
41 198 1
152 91 4
130 58 2
80 158 4
64 198 2
11 56 3
136 135 4
68 113 1
82 79 3
139 176 4
47 149 4
11 131 2
46 190 2
194 104 3
86 58 3
127 97 4
22 14 1
33 160 1
46 164 2
193 114 3
56 46 2
58 92 1
152 158 4
183 51 1
159 138 3
168 178 2
141 23 4
121 29 1
91 54 1
54 182 4
139 169 3
127 176 1
63 145 2
180 107 3
120 0 4
114 65 1
64 100 3
198 45 2
162 195 3
79 195 3
114 54 4
98 186 2
6 167 3
192 14 2
72 13 2
17 10 2
84 31 3
18 80 4
50 58 3
176 33 1
147 99 4
111 108 3
19 26 3
79 92 2
52 79 4
93 122 4
10 18 4
115 5 4
110 97 3
98 148 3
140 62 1
47 51 1
91 131 1
41 81 2
88 127 4
89 103 3
63 78 2
18 2 4
60 9 3
107 26 2
118 194 2
194 54 3
144 119 1
9 161 2
116 67 2
112 105 3
191 18 4
55 6 4
66 82 3
100 74 3
79 108 4
178 28 3
189 140 1
171 18 2
70 182 2
92 147 2
34 33 2
171 107 4
121 16 3
148 32 3
56 10 2
197 174 2
22 182 1
178 70 4
139 194 3
126 7 1
135 13 2
79 27 1
150 42 4
56 33 1
95 186 4
18 107 4
74 189 2
94 183 3
94 161 1
42 194 2
28 8 3
140 65 4
75 174 3
34 176 3
195 57 4
11 129 1
91 0 3
193 57 1
144 153 2
10 31 2
9 136 2
15 63 3
114 101 2
167 153 4
108 96 3
146 52 3
90 185 3
43 49 3
41 199 3
47 14 2
53 23 4
98 26 1
76 60 3
168 39 4
95 197 3
47 197 2
45 123 2
33 67 3
15 102 1
8 79 1
151 56 1
159 166 3
23 78 3
30 185 2
18 170 2
188 153 3
192 161 3
43 24 3
126 161 1
188 126 4
37 52 1
129 151 1
105 153 4
81 13 2
79 84 1
159 137 1
96 177 3
72 66 1
116 16 4
106 32 2
196 56 2
140 171 3
33 196 2
49 55 1
122 103 1
91 41 3
166 154 2
54 83 3
94 153 1
52 29 3
29 30 3
27 103 2
147 20 1
18 116 3
8 31 4
16 62 1
71 8 2
123 159 1
135 145 2
59 166 3
54 177 1
109 70 1
146 156 4
88 189 3
80 94 2
48 159 3
99 68 4
133 187 1
152 7 1
125 150 4
100 56 3
158 114 1
151 96 1
99 63 2
102 21 4
170 152 4
152 50 3
146 181 1
157 123 4
63 153 3
36 186 1
76 95 4
124 116 3
169 105 1
87 153 2
35 30 2
172 69 2
142 150 4
26 157 4
99 114 4
112 130 1
124 101 4
111 42 3
3 177 1
18 61 4
110 176 2
187 123 3
52 89 2
2 164 4
196 195 1
182 148 3
121 17 3
167 84 4
28 116 2
95 195 3
138 129 1
50 127 1
3 156 2
145 68 2
76 78 2
138 76 2
9 127 4
163 46 4
170 111 3
95 11 2
131 74 2
59 79 1
194 63 4
133 167 2
45 69 1
54 56 3
113 64 2
42 40 3
160 175 3
66 153 2
114 96 2
119 35 2
149 180 1
180 135 3
48 16 3
68 122 2
57 181 4
40 142 2
155 79 2
75 90 3
122 27 3
134 76 2
162 113 2
49 72 1
129 148 3
62 36 1
8 85 1
192 17 2
47 136 4
179 48 3
69 11 4
9 10 4
21 34 3
80 5 2
76 47 3
47 110 1
119 31 4
130 21 3
85 92 2
125 83 2
53 74 2
140 34 3
102 187 3
94 154 3
81 37 2
158 84 4
191 101 4
115 68 2
94 32 4
193 32 1
49 31 4
114 100 1
65 101 3
1 199 1
125 117 1
127 52 1
166 34 4
139 136 4
1 55 1
156 16 4
70 174 3
185 166 1
49 138 3
147 53 2
184 188 2
69 82 2
82 142 4
198 162 1
115 98 2
136 59 3
137 149 1
17 186 4
139 99 2
154 96 2
103 168 4
3 127 4
5 51 1
192 104 2
89 65 4
3 138 2
197 82 3
150 26 1
188 105 2
11 188 1
33 193 3
71 198 1
61 15 3
1 42 3
89 49 2
78 100 2
10 82 3
72 71 2
36 135 4
89 38 3
97 171 2
189 55 4
96 19 4
193 87 2
11 149 2
132 86 3
84 107 4
12 160 2
124 194 4
99 32 2
138 130 4
63 16 2
189 119 2
58 186 4
85 118 4
126 133 2
149 21 3
169 177 2
127 120 2
173 3 1
177 187 3
74 15 1
118 171 3
148 16 4
163 197 3
121 112 2
47 129 2
89 54 4
95 179 2
72 175 1
155 94 2
40 108 2
41 186 1
146 12 3
190 173 4
108 179 1
166 22 1
140 15 3
135 26 2
141 27 4
95 40 1
138 119 3
139 21 4
30 187 1
149 40 1
17 64 4
8 29 2
95 10 1
127 59 2
171 22 2
24 53 3
113 125 1
117 55 2
114 176 3
149 12 1
193 8 4
36 147 1
26 156 2
173 64 2
12 18 1
133 153 4
173 128 2
153 78 2
56 124 2
12 94 4
193 122 1
130 83 1
187 124 3
23 24 1
6 72 1
189 99 1
143 59 2
167 30 2
66 150 4
146 4 1
109 113 1
101 188 2
132 24 3
34 94 3
92 30 4
30 117 2
155 153 1
84 94 1
52 76 3
53 62 1
92 44 3
103 115 2
45 118 1
151 103 3
115 96 2
186 76 4
50 95 2
151 29 1
109 119 1
51 169 4
116 153 1
150 8 4
86 141 2
130 72 1
74 192 3
114 84 1
70 180 3
71 87 4
172 72 3
60 132 2
32 165 3
89 152 3
187 43 4
101 54 2
157 186 1
63 35 3
189 157 4
180 137 3
136 171 2
63 39 1
188 8 4
23 132 2
75 144 1
141 189 2
103 184 3
104 187 4
18 155 1
19 135 4
165 0 4
127 95 2
46 15 4
124 117 1
8 126 2
113 30 3
64 161 3
125 196 4
123 72 3
168 169 3
193 51 4
169 131 3
172 160 2
198 0 1
100 191 2
76 2 1
137 6 4
112 128 3
174 132 1
94 20 1
76 169 2
97 159 1
93 159 4
123 80 1
125 175 4
29 176 1
143 197 2
49 41 3
87 194 4
57 92 3
18 86 1
174 21 1
138 80 1
43 164 4
95 62 2
34 182 4
175 106 4
97 188 1
125 188 1
78 197 1
15 161 2
138 27 1
91 102 1
98 157 4
130 69 2
102 46 4
88 94 2
23 189 1
96 158 1
162 29 3
10 145 1
63 44 3
148 121 1
14 177 4
167 36 3
126 173 2
19 194 4
34 149 4
111 196 2
137 126 1
14 104 2
142 170 3
42 24 3
31 18 1
45 51 1
110 109 3
54 158 1
8 174 4
186 147 1
53 61 1
111 72 1
30 17 1
23 195 3
80 92 1
187 96 3
77 85 4
187 13 3
186 158 1
104 90 1
165 59 4
167 143 4
129 139 4
35 156 3
66 91 3
181 41 3
103 144 3
168 68 4
116 154 4
91 5 4
37 21 1
104 41 3
6 116 3
118 6 1
66 23 4
24 181 2
128 127 4
186 107 3
106 10 2
83 35 2
28 7 3
105 124 3
9 73 3
95 27 4
176 55 1
5 123 4
39 94 1
192 157 1
10 181 4
19 152 4
184 64 2
117 192 3
102 4 2
177 81 4
195 181 4
62 56 1
170 172 3
181 182 2
135 165 1
25 97 1
106 184 3
187 130 2
195 127 3
42 72 4
181 83 1
71 15 4
77 54 2
19 105 4
74 146 1
69 17 3
50 18 4
74 145 3
70 54 2
145 35 2
37 60 3
67 61 2
85 166 1
74 117 3
8 168 3
43 154 1
90 89 3
75 43 2
194 189 4
175 142 2
151 18 1
191 143 4
44 100 1
155 17 3
115 130 2
76 25 2
43 99 1
125 179 4
176 104 2
87 89 4
155 120 1
49 57 1
132 181 4
113 104 3
199 178 1
164 47 4
39 140 1
35 69 3
184 176 3
90 191 4
108 30 4
189 6 4
141 155 3
134 171 3
98 53 4
120 92 4
77 154 3
162 116 1
167 65 2
113 74 3
11 74 4
101 44 1
116 198 1
174 2 1
19 90 2
93 0 3
60 171 3
111 22 1
186 100 3
140 117 3
199 9 3
4 58 3
116 44 2
81 152 2
126 45 2
171 69 2
127 47 4
180 147 3
143 0 3
125 187 3
197 81 2
108 121 4
83 128 3
70 4 4
17 176 2
46 151 3
102 128 1
182 141 1
162 70 4
29 118 1
184 186 3
30 156 2
62 70 3
82 194 3
26 173 3
151 128 4
172 159 2
126 18 2
42 55 2
151 49 3
129 15 1
170 139 4
178 171 3
148 82 1
169 99 4
79 91 2
123 28 1
56 78 4
99 46 4
89 181 1
22 196 3
95 88 1
71 127 1
165 11 3
151 39 4
6 105 2
136 57 3
84 174 1
52 132 3
51 133 3
18 160 3
151 81 2
31 78 2
35 64 3
177 180 1
134 121 2
23 134 2
153 21 3
73 159 4
63 9 1
81 146 4
190 39 2
2 40 1
194 28 1
151 171 1
187 87 2
144 65 3
10 27 4
116 25 4
35 121 2
49 48 4
88 156 4
191 114 1
28 161 4
129 101 4
138 57 1
90 37 4
26 18 4
124 115 1
58 14 4
172 116 4
51 84 4
16 66 1
9 76 4
172 101 1
130 199 2
176 105 3
14 7 2
171 166 4
93 20 2
178 154 1
78 158 4
150 81 4
73 175 2
134 12 4
119 27 4
172 115 2
48 187 2
1 38 3
6 183 2
190 31 3
140 96 3
45 22 4
156 33 3
113 179 3
85 32 2
154 148 4
192 53 2
103 162 2
86 175 4
174 34 2
151 85 2
190 114 4
68 63 3
109 51 1
194 175 4
18 190 1
97 51 2
141 179 2
54 58 4
83 67 1
89 130 2
78 169 3
115 175 2
36 150 2
98 154 4
82 154 3
45 187 2
36 194 1
76 29 4
31 172 1
149 77 4
157 112 4
169 143 3
127 30 1
35 28 2
7 79 4
24 166 2
49 189 4
139 149 4
153 152 2
197 21 2
55 12 1
177 83 1
92 94 1
103 55 2
190 175 3
190 165 4
164 122 2
6 77 2
156 58 1
22 174 1
111 175 2
180 185 2
4 6 2
125 56 4
99 186 1
187 136 3
115 100 4
163 107 2
131 93 3
3 118 2
85 106 1
42 94 1
38 114 3
189 135 3
55 152 3
96 28 2
16 115 1
16 89 3
49 145 4
106 94 1
187 75 3
91 68 2
138 98 4
110 88 2
126 50 4
138 12 3
198 139 4
164 127 2
50 28 1
42 136 4
138 38 1
136 126 1
102 101 4
17 1 1
196 197 4
90 137 2
135 41 4
35 65 3
153 172 3
114 43 4
141 167 3
63 29 3
91 96 3
74 128 1
148 158 1
162 185 3
53 114 3
141 99 4
20 174 3
116 173 3
199 30 4
158 142 2
146 174 2
118 150 1
3 143 2
86 95 2
196 189 2
189 198 2
128 182 2
150 63 1
156 168 3
52 69 2
40 70 2
176 115 4
71 38 2
18 173 4
188 145 4
155 143 2
92 173 3
195 13 3
146 131 1
1 83 4
109 9 3
166 2 2
18 40 1
83 23 1
30 39 4
24 158 1
10 151 3
22 94 1
151 24 4
118 47 2
112 111 4
44 17 1
69 155 4
150 59 4
194 132 1
158 153 4
142 128 1
196 156 1
112 163 3
66 71 1
25 1 4
45 67 2
182 25 1
188 186 2
142 39 1
16 25 1
29 194 2
43 115 3
93 180 2
134 112 2
1 180 2
116 56 3
150 132 2
18 182 4
67 198 3
160 140 3
15 53 1
27 145 4
124 67 1
109 145 2
37 155 2
129 182 2
20 141 4
103 107 1
114 177 2
158 37 4
110 133 4
39 121 1
181 178 3
117 113 2
97 109 1
83 96 2
185 9 2
38 191 1
190 172 1
54 57 2
155 167 1
30 0 1
33 189 4
102 100 4
43 63 3
136 98 4
11 160 2
61 75 3
46 52 4
80 40 4
54 61 4
114 28 2
107 44 2
27 135 4
159 16 2
116 188 3
55 140 2
36 157 3
52 115 3
141 55 4
193 102 1
190 153 3
125 167 4
133 129 1
58 167 3
171 88 2
125 75 4
28 24 4
193 186 2
121 140 1
105 79 3
179 188 4
90 60 4
199 188 3
181 112 4
72 36 2
11 9 4
135 35 4
18 11 1
184 70 3
88 184 4
98 78 1
33 95 1
100 94 1
155 33 3
74 42 2
84 193 4
108 90 3
114 162 3
73 143 3
117 82 1
162 3 3
22 43 1
115 72 2
157 81 2
66 172 1
89 108 4
44 186 4
145 71 1
88 43 2
147 90 4
185 1 1
131 142 2
7 120 1
133 66 1
130 12 1
98 29 4
13 176 2
111 141 2
78 198 2
190 129 4
14 106 1
53 132 1
165 145 4
165 48 2
30 10 4
80 150 3
49 129 2
49 47 4
107 76 4
150 108 1
17 116 2
169 84 1
170 75 2
162 177 1
79 51 2
7 121 3
98 52 2
0 119 3
19 184 1
78 122 3
52 167 2
180 198 3
85 98 3
99 28 1
47 181 4
158 134 1
121 179 1
80 12 2
135 194 4
62 1 1
13 10 3
88 0 2
134 144 3
69 179 1
183 146 1
116 119 4
56 69 3
50 17 3
53 109 3
82 90 3
122 90 1
88 40 4
9 27 4
148 73 4
178 153 4
68 173 1
55 36 1
24 168 3
139 181 1
183 10 2
135 109 1
86 121 3
34 3 4
69 136 4
76 156 1
149 166 3
24 9 3
112 20 3
152 197 1
116 23 2
177 75 1
181 8 2
49 61 2
82 51 1
127 149 4
40 191 2
16 8 4
191 30 4
168 199 3
199 65 1
167 132 1
24 31 3
85 121 3
2 20 1
105 121 2
143 18 3
20 97 4
57 5 1
1 182 2
84 75 3
58 174 1
46 181 3
155 64 4
81 105 2
64 56 1
88 29 4
129 187 1
45 74 1
105 47 3
45 121 2
162 49 3
189 156 2
61 197 1
132 183 4
65 53 3
29 136 4
31 37 2
50 52 2
151 16 2
35 14 2
168 159 3
182 38 2
142 4 2
130 146 2
38 0 3
148 155 2
136 152 1
55 118 4
145 16 1
115 86 2
191 50 3
126 106 1
18 110 3
43 33 2
165 179 3
7 46 2
134 115 1
130 176 1
64 162 4
135 166 1
82 31 3
80 145 1
85 133 4
117 92 3
88 93 1
4 85 3
105 178 2
196 79 1
171 49 2
56 159 1
171 139 1
119 38 4
63 83 4
8 118 1
6 69 3
123 156 4
2 57 2
67 146 3
118 163 1
109 31 1
56 163 2
61 12 2
179 30 2
43 137 3
147 82 1
156 64 4
160 45 1
94 115 3
36 7 1
16 150 4
78 97 3
53 144 1
140 166 1
6 91 3
102 14 1
123 133 2
37 17 3
169 0 1
97 14 4
23 88 4
155 161 3
19 144 1
7 117 2
178 193 2
75 59 3
74 10 4
87 98 4
150 191 4
99 50 3
150 50 3
79 78 1
194 74 3
106 168 3
74 150 1
139 180 2
144 196 4
173 96 4
20 95 4
21 36 3
122 99 1
165 127 4
96 196 1
173 118 1
171 191 3
127 104 2
166 137 2
18 79 2
11 130 4
3 195 4
24 58 3
110 158 3
153 30 2
166 39 3
0 108 2
139 111 3
165 21 3
108 34 3
194 41 2
129 173 3
159 126 1
15 191 2
138 160 1
136 169 3
119 105 3
32 84 2
196 4 3
121 124 2
179 180 2
58 101 1
29 104 3
194 43 4
172 188 3
168 172 3
145 92 2
67 108 3
1 110 1
23 74 3
103 169 4
100 24 1
196 181 3
183 69 2
146 97 2
89 57 2
162 13 2
166 195 1
68 177 2
136 74 1
116 92 2
82 127 1
166 77 2
79 95 4
184 74 1
143 41 4
7 114 3
180 47 4
32 57 3
37 46 2
170 161 4
172 157 3
38 50 2
71 33 1
102 136 3
99 158 4
165 70 4
53 118 1
75 152 3
17 175 3
179 173 4
38 77 3
106 38 4
121 21 3
78 68 4
76 123 2
38 159 3
173 199 2
152 174 4
164 159 4
73 127 4
166 100 1
71 22 3
20 191 1
131 114 4
104 15 4
180 190 4
53 18 2
55 122 2
58 21 3
72 80 2
175 178 2
151 68 1
173 181 4
3 151 3
66 19 2
5 98 1
137 41 3
42 164 3
86 61 2
12 158 4
85 40 4
79 114 4
17 46 1
17 78 2
7 43 3
67 183 3
173 8 3
74 48 1
174 134 1
100 25 1
122 114 2
151 168 2
94 140 3
199 67 4
53 146 3
182 187 2
4 158 3
79 110 3
111 123 2
25 147 1
106 199 1
63 177 2
193 180 4
131 65 1
35 95 3
13 199 4
61 14 3
117 32 4
19 132 2
80 155 3
92 131 2
60 82 1
106 57 1
164 16 4
50 53 4
104 119 1
178 122 3
75 86 4
100 77 2
89 23 3
131 111 4
58 6 3
4 199 4
123 81 2
80 32 4
95 198 1
159 102 2
91 26 2
103 46 3
142 69 3
68 109 2
191 162 3
93 196 4
90 101 2
20 49 2
56 133 4
2 106 2
172 186 4
92 12 4
38 35 3
94 97 2
140 17 1
72 18 4
175 179 2
197 122 2
122 63 1
128 6 1
87 66 4
90 124 4
7 49 4
56 16 3
162 72 2
96 128 3
90 150 4
160 9 2
61 188 2
121 47 3
108 57 2
24 185 2
26 41 1
193 31 4
10 101 3
125 114 3
198 192 2
185 192 3
109 125 4
79 157 1
191 104 3
134 100 4
92 77 4
44 85 4
119 69 2
176 182 1
47 73 3
165 154 3
161 53 4
193 151 4
135 20 4
93 6 3
179 28 1
72 140 1
24 29 2
9 191 1
8 186 3
76 149 1
140 8 1
62 181 4
65 172 2
103 44 2
173 7 3
2 38 2
29 135 2
108 69 3
134 175 3
49 46 3
68 20 4
166 96 2
28 119 3
140 1 3
139 156 3
166 83 4
88 102 1
38 185 1
95 153 1
151 115 4
41 148 1
34 46 3
71 60 3
46 141 4
171 103 4
145 65 3
11 134 1
162 0 2
15 148 1
138 153 3
20 127 1
129 184 2
50 72 3
103 143 3
171 104 2
71 12 2
157 88 4
139 3 1
106 186 1
97 150 1
161 157 3
144 152 2
140 174 1
187 67 2
171 67 2
155 85 4
131 38 2
136 2 4
120 76 2
79 24 3
130 175 3
169 141 1
129 164 3
114 187 4
131 139 4
110 141 3
186 112 1
93 151 4
129 59 3
13 55 1
78 33 4
71 183 2
159 25 3
44 13 1
79 117 3
7 61 3
14 40 4
141 116 1
4 113 3
102 84 1
116 163 3
152 66 2
117 45 1
164 10 3
27 134 2
191 129 1
73 107 1
162 104 2
53 93 4
70 2 3
197 116 2
9 144 4
17 76 3
168 53 4
175 155 4
14 96 4
87 29 4
33 26 2
74 187 4
92 106 3
6 19 3
135 170 2
102 157 2
73 189 4
44 102 3
132 165 2
126 117 4
174 147 3
12 152 2
25 153 2
70 192 3
96 157 3
98 171 4
62 5 2
53 36 2
25 148 3
132 47 4
146 60 4
55 56 1
109 189 3
59 171 1
62 79 2
126 92 1
77 86 2
116 99 3
149 193 3
26 11 3
128 169 4
25 5 1
47 87 3
48 129 4
64 50 4
99 144 2
53 79 1
82 104 1
56 109 4
128 147 4
189 3 1
163 80 3
2 35 3
50 57 2
31 3 3
89 126 4
111 58 1
198 83 1
99 95 2
99 164 3
183 54 4
118 19 1
46 113 2
0 115 2
171 56 1
137 40 2
155 130 3
149 56 3
51 19 2
120 183 2
56 122 1
70 170 4
163 101 2
165 65 2
11 140 1
197 112 2
103 75 3
25 105 3
186 103 2
36 51 1
63 121 4
79 145 4
198 199 2
97 88 4
56 117 2
134 29 4
59 90 1
24 154 3
102 168 4
16 0 4
32 98 3
189 148 4
146 22 2
53 47 4
46 8 3
108 3 1
133 96 2
98 22 2
110 164 4
3 77 4
159 184 1
157 57 2
2 184 1
84 154 1
65 97 3
10 171 3
168 189 3
145 124 3
42 51 2
14 59 1
141 5 3
95 141 4
83 97 1
57 110 4
107 33 1
75 91 3
192 29 3
174 17 1
22 5 2
29 45 1
122 80 4
166 156 4
21 8 3
61 154 1
74 58 1
192 181 1
65 120 2
106 191 4
69 153 3
122 58 2
15 116 1
120 9 2
182 76 4
70 49 3
76 83 2
13 140 4
75 146 4
167 171 4
11 76 3
50 1 4
117 19 3
66 6 1
44 179 4
153 41 4
3 141 2
77 56 4
184 82 4
102 82 4
85 127 4
89 13 3
0 76 4
12 142 4
120 47 1
142 156 4
177 78 3
117 178 1
5 158 4
190 91 4
121 6 4
30 90 2
119 102 1
149 115 4
93 172 4
35 186 1
160 22 3
35 89 1
148 24 1
142 81 4
168 61 1
79 144 1
189 11 4
12 47 1
30 189 2
178 53 3
148 198 1
90 29 1
51 70 4
170 157 4
133 120 3
124 172 1
175 158 2
199 29 1
123 137 1
133 44 4
170 189 4
197 144 1
190 98 1
118 54 2
186 91 4
169 42 3
166 128 3
75 162 4
82 89 2
64 139 3
75 179 4
47 95 2
66 39 2
186 59 2
1 119 1
158 157 4
61 94 3
123 21 1
153 62 4
48 43 1
160 133 2
72 156 1
7 30 2
198 143 4
38 107 4
168 60 2
67 70 2
50 91 4
173 83 1
36 198 2
142 65 3
183 119 2
55 154 1
87 188 4
111 190 4
189 77 4
162 10 1
89 118 2
64 152 4
167 73 3
134 25 1
51 76 4
17 81 1
87 12 4
115 47 2
89 143 4
44 80 1
185 122 2
183 114 1
152 54 1
190 162 2
135 134 1
178 177 1
100 55 2
46 31 1
77 111 3
154 34 4
32 115 3
63 182 1
13 196 3
69 72 3
147 46 1
132 147 4
130 124 4
174 42 1
141 199 3
72 41 4
129 121 4
125 24 1
133 112 1
108 199 3
193 105 2
172 10 2
139 115 2
14 60 2
58 177 3
158 179 3
3 176 2
142 60 2
174 199 3
123 71 4
113 101 3
56 115 2
34 195 1
71 5 1
178 30 2
57 3 1
131 125 1
31 160 2
109 100 1
148 128 3
157 67 3
142 9 2
42 69 1
147 141 2
69 100 3
90 48 4
8 134 4
143 71 3
119 22 1
25 30 2
161 186 3
92 157 4
107 69 3
166 115 3
112 96 4
199 52 4
8 149 2
10 49 1
124 175 3
191 36 4
196 71 2
69 28 1
172 18 3
74 196 3
128 81 2
160 154 2
11 72 2
34 81 3
65 45 4
68 119 4
196 82 2
128 73 3
96 78 4
153 187 4
41 19 2
8 92 3
118 154 1
86 143 3
13 178 1
103 56 2
3 133 3
1 4 4
14 107 1
26 0 1
118 117 3
35 171 2
135 2 4
99 23 4
133 19 4
64 15 4
57 26 2
149 60 3
48 7 4
56 1 3
16 98 3
198 109 2
103 165 3
124 113 1
34 99 1
56 114 2
98 60 2
102 183 3
168 197 3
61 74 2
88 41 2
104 121 3
31 188 1
66 169 2
18 39 2
83 196 3
30 154 1
115 89 2
86 81 3
43 144 1
155 75 1
9 163 2
192 174 3
173 168 1
166 15 2
124 97 4
96 77 3
168 10 1
182 12 4
157 138 2
18 131 1
121 30 4
149 126 1
109 111 3
65 111 4
109 86 4
46 36 3
76 79 4
36 160 3
159 157 2
197 88 4
167 176 2
25 144 3
167 0 4
186 20 3
79 101 2
148 119 1
77 197 3
2 118 3
125 164 4
69 98 1
119 158 2
106 20 2
6 68 1
86 16 2
10 33 4
66 129 2
148 93 2
162 25 4
66 37 4
194 181 2
177 40 3
23 154 2
124 134 3
89 184 1
173 188 2
40 57 2
145 175 4
120 35 1
171 163 4
83 143 2
45 91 3
97 172 1
42 3 1
32 81 4
10 12 1
51 115 3
130 147 4
93 181 2
58 76 1
196 128 2
150 3 3
95 156 2
98 150 4
171 150 3
173 124 4
136 35 1
78 107 3
175 186 1
103 42 2
149 122 4
177 28 4
15 119 3
115 198 1
41 74 2
155 169 1
42 73 2
35 18 1
1 32 1
75 89 4
151 148 1
113 43 2
177 117 4
143 115 1
50 164 2
75 94 1
3 105 3
54 165 3
128 53 3
78 189 3
73 162 2
154 33 1
8 0 1
154 67 4
78 173 1
69 184 3
47 112 2
7 135 1
133 46 1
53 57 1
107 82 1
147 161 1
66 131 1
36 27 1
100 156 2
114 110 3
40 100 4
199 75 3
170 29 2
27 94 4
51 131 2
108 157 4
94 173 3
11 59 1
132 16 4
153 92 2
132 178 3
76 43 1
125 123 3
40 89 3
53 138 1
197 190 2
79 133 1
6 133 4
119 193 1
163 157 4
16 92 4
186 181 3
195 133 3
167 89 4
136 49 1
136 6 1
5 127 3
128 180 2
131 17 3
0 23 1
78 64 1
40 112 4
19 13 1
180 104 4
56 93 2
159 154 4
130 53 2
56 53 4
123 38 3
27 176 3
199 93 1
135 14 3
21 109 3
9 82 1
169 32 1
198 175 4
143 196 3
159 110 4
56 41 1
160 82 1
183 142 3
102 37 3
180 191 3
137 145 4
124 195 2
99 39 3
79 15 2
166 37 1
34 92 3
138 61 2
101 18 1
25 28 1
126 61 3
24 54 2
34 77 2
84 56 1
6 126 2
104 153 3
7 32 3
148 45 1
20 102 3
128 157 3
158 104 2
88 91 1
35 189 3
163 77 2
116 39 2
140 81 2
172 30 3
75 31 3
80 168 2
17 49 3
174 169 3
23 9 2
41 84 2
32 50 4
95 101 3
52 144 2
101 59 1
22 173 1
183 136 4
199 123 2
4 77 2
133 146 1
16 135 4
122 57 3
10 147 3
4 84 1
106 47 2
46 62 2
62 148 2
106 180 4
25 29 2
165 113 3
67 111 1
43 182 1
149 24 1
121 94 2
198 92 1
165 128 1
135 25 4
117 136 1
179 10 2
185 64 4
164 103 4
168 25 2
126 30 3
15 164 4
149 123 1
36 106 4
44 113 3
59 170 4
7 147 3
190 149 2
15 198 4
162 143 4
83 193 3
64 132 4
48 114 1
81 161 1
139 189 1
42 131 2
12 23 1
59 194 2
159 177 3
175 78 3
190 36 3
94 19 2
199 139 3
21 28 2
139 126 1
165 140 2
130 27 4
197 67 4
25 41 2
63 79 4
30 65 2
111 95 1
38 197 4
42 199 4
151 150 2
194 170 2
23 8 3
44 163 4
32 136 1
136 189 3
132 69 1
129 78 4
149 164 4
167 5 4
135 152 2
51 88 3
132 128 2
171 145 3
4 49 4
52 11 3
108 43 4
177 93 4
53 150 4
125 4 3
27 97 3
134 177 4
161 191 3
152 78 1
191 54 1
32 45 3
167 186 3
72 133 4
128 95 3
58 126 4
189 163 2
9 37 4
106 157 2
4 20 1
198 51 3
84 163 3
50 114 2
131 4 4
158 22 1
89 155 1
137 155 1
119 76 3
79 20 1
140 25 1
12 167 4
112 72 2
57 161 1
48 4 3
169 18 2
99 78 2
38 189 2
167 96 2
47 43 3
90 136 1
154 76 1
187 69 3
77 116 2
123 163 3
157 93 4
120 42 3
37 26 2
55 190 1
163 146 4
137 147 4
21 115 2
119 173 2
148 54 1
127 78 4
112 90 3
136 123 4
20 115 1
126 124 1
96 164 2
47 93 3
15 11 2
155 197 2
169 98 1
47 45 2
189 17 4
82 68 2
21 199 3
159 84 1
196 147 3
29 18 2
194 163 3
198 46 3
11 197 4
153 170 2
163 93 4
2 122 3
126 115 2
175 110 4
23 7 3
25 128 4
113 39 3
85 122 4
151 2 3
75 76 4
133 196 4
157 195 3
195 18 2
135 10 4
184 14 1
58 60 4
73 59 3
16 197 4
141 22 2
159 101 2
98 181 1
100 124 4
92 146 2
133 20 2
89 15 2
137 192 3
179 4 3
123 153 1
118 112 4
130 189 3
193 1 4
78 75 3
80 36 4
190 23 4
142 100 4
131 138 1
199 61 2
133 15 1
72 191 2
67 18 4
75 14 3
197 169 2
58 99 2
129 38 2
138 135 4
124 103 2
39 157 3
58 108 3
73 101 2
94 129 3
61 136 1
71 178 4
39 133 2
4 186 3
87 143 3
32 160 2
41 73 1
83 160 4
23 2 3
195 28 3
8 178 3
181 69 1
57 121 4
41 174 1
81 62 4
40 59 2
166 162 4
24 156 4
10 117 2
182 9 3
166 76 4
198 75 4
146 164 4
148 195 3
176 41 3
142 171 4
187 161 1
47 189 1
52 191 2
22 164 4
103 90 3
170 54 1
50 172 4
63 138 1
21 48 2
150 48 3
17 34 3
165 6 1
31 91 2
5 154 4
106 91 2
91 191 2
184 130 4
106 19 4
109 191 4
164 181 1
156 111 1
103 38 3
128 9 2
68 62 3
114 189 2
23 118 3
3 51 3
62 11 3
162 38 4
33 172 4
83 178 3
189 86 3
42 30 1
191 140 2
167 119 2
164 6 3
70 90 2
26 169 4
80 9 2
85 43 4
154 110 2
145 89 3
156 124 1
71 20 2
53 13 2
114 136 2
195 21 2
7 140 3
158 76 4
146 95 3
24 35 2
63 98 2
92 99 3
106 62 1
83 141 4
27 60 2
50 96 1
46 172 1
3 70 2
63 59 3
80 198 4
174 133 3
39 86 3
59 158 4
197 56 3
162 149 1
23 48 1
71 122 2
121 89 4
164 59 3
137 51 2
147 140 1
71 17 2
35 141 3
193 198 3
51 50 3
167 38 2
71 76 1
8 164 1
177 22 3
38 140 1
107 135 4
138 94 4
137 165 4
142 129 3
144 154 3
193 2 2
151 183 1
194 34 2
84 111 1
116 61 2
44 134 2
59 19 3
151 95 3
84 54 1
105 88 2
3 169 4
108 22 2
118 74 4
150 32 2
113 132 3
62 39 4
144 172 3
77 185 1
160 3 1
99 62 1
192 180 1
92 49 3
90 196 3
166 133 2
98 51 3
115 183 4
149 177 1
138 185 3
171 95 2
72 52 4
38 26 4
180 43 4
113 81 1
186 23 3
132 125 1
41 92 4
70 35 1
177 53 3
198 117 2
15 196 2
90 3 1
76 179 2
125 53 2
130 109 3
21 154 4
64 36 4
144 29 4
101 161 1
94 158 3
65 124 1
112 61 2
37 199 2
98 108 2
158 31 2
49 56 1
41 122 4
32 179 1
117 130 2
150 109 4
42 87 4
38 130 1
65 3 1
26 146 1
46 177 2
82 39 2
7 179 3
199 102 2
38 24 3
27 50 1
26 194 4
41 196 1
120 144 1
5 47 1
109 75 2
27 88 4
154 88 4
43 188 1
81 44 1
4 105 3
7 84 3
32 195 3
161 17 3
154 109 1
165 7 1
74 54 1
6 24 3
116 161 3
129 17 2
1 39 1
121 181 1
34 57 3
88 115 2
171 42 2
1 137 4
110 95 1
162 115 3
15 25 2
34 173 3
136 8 3
109 24 1
110 148 2
28 158 4
9 157 4
6 14 4
97 130 3
199 162 4
20 62 3
141 10 2
9 18 4
125 55 3
144 90 3
163 155 2
46 25 3
9 140 2
15 184 4
82 101 3
25 32 2
77 153 4
180 141 1
73 197 4
81 172 4
181 154 2
27 179 1
45 190 3
49 153 1
174 126 4
91 40 3
18 146 2
30 161 1
97 71 2
185 123 3
103 194 2
179 120 3
69 12 4
12 102 3
100 48 1
183 47 1
199 62 4
146 85 4
126 107 3
161 150 3
188 135 3
161 143 4
13 61 4
184 10 1
14 77 1
28 124 4
120 140 4
143 124 3
25 66 3
126 86 3
116 182 3
93 84 2
128 193 1
117 0 2
55 67 4
178 194 4
106 41 1
50 89 3
178 161 3
139 80 3
67 89 2
171 181 3
114 82 1
34 7 1
191 2 1
131 44 3
142 79 3
196 132 3
60 109 1
198 138 1
165 118 1
50 102 4
9 19 4
111 60 4
175 120 2
122 25 4
140 105 2
147 51 1
133 70 2
50 123 2
59 86 4
93 155 4
110 84 1
146 189 1
15 16 2
10 42 4
104 57 2
197 137 4
66 5 4
97 134 4
41 195 1
125 166 1
97 157 3
191 134 3
131 33 3
42 115 3
41 141 2
179 25 1
182 31 3
2 46 2
99 61 3
32 183 4
35 4 1
43 196 3
79 83 2
148 186 3
32 156 1
30 54 3
120 19 3
193 142 4
126 112 2
197 161 3
145 67 3
106 179 3
7 11 1
42 26 2
148 34 3
28 2 3
10 174 2
145 184 3
151 130 1
46 11 2
152 167 2
139 83 4
20 24 3
155 70 1
75 37 3
141 174 1
56 120 1
34 188 3
34 44 4
21 184 3
104 136 1
3 192 2
138 28 3
35 79 3
158 52 4
91 73 3
60 32 3
193 172 3
19 110 1
98 168 3
156 188 4
103 197 3
23 105 3
64 41 2
13 136 1
36 19 2
161 99 1
155 126 2
172 26 4
70 84 1
182 67 4
174 194 1
45 192 4
53 122 2
194 57 4
70 52 2
142 41 3
118 146 2
118 17 1
77 37 3
1 109 2
26 21 2
83 53 4
27 37 3
158 34 3
56 27 3
35 74 3
70 149 4
123 74 2
150 167 4
83 189 4
113 18 3
11 118 2
30 122 3
170 163 3
134 59 2
43 77 3
184 119 4
110 136 2
61 169 4
152 15 2
114 167 2
31 162 1
96 139 3
61 33 2
68 92 2
97 73 3
149 142 4
60 99 3
9 158 4
112 46 4
5 165 3
192 106 3
41 7 2
77 91 3
30 155 1
132 123 2
93 45 4
140 169 1
7 6 3
155 151 2
180 75 4
135 49 1
188 16 3
46 106 4
59 111 3
79 12 3
156 177 4
128 29 4
129 116 4
144 68 3
166 33 2
65 126 1
15 170 3
193 164 2
66 61 1
90 88 1
113 130 2
144 149 3
56 95 4
49 34 1
79 71 4
31 71 1
157 127 2
198 172 4
31 118 4
105 137 4
40 169 4
76 98 4
100 131 4
121 143 4
2 176 4
13 131 3
190 135 2
91 108 4
165 178 4
123 101 1
135 24 3
174 9 1
194 102 1
50 183 3
12 123 3
89 141 1
68 148 1
117 171 3
69 185 1
63 42 3
19 33 2
33 106 2
189 84 4
165 53 3
0 166 3
194 61 4
146 83 1
79 176 3
85 59 2
56 102 1
22 147 2
111 27 1
106 23 1
94 38 3
139 71 2
58 119 2
31 140 3
5 32 4
38 4 2
72 23 1
45 79 2
145 55 4
59 17 2
82 7 3
55 197 4
44 16 3
27 32 3
123 56 1
159 187 1
61 110 1
61 109 1
80 93 2
13 47 4
181 79 1
173 157 3
128 40 2
162 83 4
2 25 1
163 83 3
90 76 2
1 15 3
170 137 4
80 170 3
8 64 4
15 39 1
170 32 4
169 118 2
198 33 2
14 41 4
187 59 3
35 179 1
163 159 4
52 100 4
25 142 3
178 102 3
11 67 4
121 33 1
66 43 3
70 86 3
13 153 4
167 60 3
103 52 4
195 123 1
18 197 4
176 108 4
159 179 4
154 54 4
84 24 1
1 145 4
130 30 3
149 57 3
7 27 3
32 24 3
134 195 4
139 116 2
14 62 2
182 159 1
115 186 3
48 160 3
1 63 1
137 177 3
131 156 2
2 109 3
198 164 3
141 88 1
148 6 4
166 177 2
8 106 4
73 152 1
162 82 2
74 70 3
125 21 3
52 13 4
184 137 2
54 131 2
197 184 3
195 20 2
190 1 2
24 173 2
32 151 2
80 34 4
123 89 2
145 24 3
194 96 3
22 83 1
142 20 4
70 106 1
160 79 3
11 111 4
89 68 4
121 99 3
103 147 4
44 96 2
0 184 2
70 59 3
108 122 3
178 17 2
59 65 1
60 61 2
162 132 3
173 191 2
139 186 4
78 95 3
142 2 2
159 143 4
97 87 1
50 192 1
35 165 1
149 80 2
142 19 1
73 30 4
92 81 1
87 107 4
59 126 4
125 84 3
164 84 2
102 76 1
56 111 3
143 45 2
110 71 2
71 170 1
110 31 2
93 169 4
130 139 4
135 63 1
118 62 4
146 10 2
173 172 1
79 11 1
111 162 3
60 104 3
126 138 3
60 83 3
34 59 3
66 7 1
21 119 1
159 190 4
100 95 4
183 62 4
32 188 1
102 38 3
18 189 3
13 9 2
68 103 2
157 113 4
143 118 2
74 6 1
79 148 4
73 49 3
108 47 1
79 104 4
113 54 3
28 68 2
66 14 2
156 53 2
124 135 2
148 188 1
49 100 4
177 4 1
21 84 1
75 10 4
111 133 4
196 34 4
3 50 2
177 66 2
188 165 3
132 140 4
49 113 3
65 40 4
74 72 3
78 142 4
190 127 1
91 170 1
178 63 1
60 79 3
88 196 4
80 11 2
91 158 3
91 156 1
45 196 4
143 51 2
23 151 4
161 50 2
153 129 3
167 77 1
18 93 1
32 92 1
40 15 1
59 93 1
37 39 3
182 23 1
81 22 3
104 59 2
92 39 4
0 186 3
97 137 2
197 22 1
52 0 4
163 117 2
126 15 2
131 63 2
118 33 2
56 187 3
162 79 4
1 146 4
139 120 2
76 27 3
119 46 1
126 134 3
124 180 1
69 154 1
84 120 4
107 145 4
54 107 3
159 86 2
95 148 1
24 189 1
176 161 2
196 18 2
98 77 2
125 104 2
115 161 3
114 15 1
60 36 1
174 181 3
43 92 4
185 25 1
29 6 1
131 163 3
36 76 1
4 76 1
98 176 2
140 103 3
39 20 2
63 159 3
10 192 3
142 59 2
130 64 3
154 49 2
100 157 3
7 80 3
160 184 2
108 113 2
154 151 1
139 135 4
51 96 4
161 118 3
167 103 4
101 28 3
160 2 1
115 63 4
47 152 3
132 158 3
184 53 3
92 180 3
82 195 2
175 127 3
148 173 2
159 121 3
119 152 1
7 92 4
170 20 3
24 120 2
196 167 3
78 42 2
31 68 2
58 5 1
193 79 1
186 51 1
39 64 3
196 169 4
104 65 2
114 12 3
152 116 2
24 183 4
43 104 4
17 100 4
167 111 3
75 124 3
130 183 2
46 122 2
25 78 3
118 190 3
60 48 2
61 69 1
115 132 3
185 150 1
171 101 1
6 151 4
90 107 4
123 77 4
11 22 4
94 176 4
75 158 3
65 103 2
81 63 2
168 118 1
190 192 4
156 158 1
130 54 1
60 147 4
111 174 3
44 172 2
167 110 4
134 159 4
161 90 1
174 104 3
88 13 2
38 120 4
36 29 2
180 4 3
18 95 2
109 33 2
198 156 4
38 178 3
196 116 4
7 100 1
63 105 3
107 53 1
33 77 2
199 87 3
50 81 1
68 79 3
85 49 1
43 51 2
60 194 3
1 131 4
131 197 3
132 139 3
94 63 1
101 16 1
114 97 3
71 21 4
190 109 4
105 96 3
31 141 1
41 62 2
48 31 2
119 161 2
193 59 2
2 64 1
156 6 2
56 13 1
20 182 1
139 77 2
85 3 4
24 146 3
12 199 1
42 47 2
165 3 1
27 64 2
137 174 2
126 85 3
102 54 1
10 89 3
148 71 1
127 48 4
28 48 2
52 21 3
68 36 3
137 92 3
189 80 3
190 142 3
139 148 3
17 0 1
115 158 1
152 199 3
19 176 1
69 84 4
39 137 2
62 191 4
195 168 1
156 107 2
33 52 3
160 189 4
70 135 3
48 174 1
100 140 3
21 82 1
150 116 4
182 6 2
29 181 2
88 44 2
52 163 1
98 105 1
173 176 3
152 123 2
135 113 3
13 101 3
102 63 4
146 111 3
53 44 3
181 95 4
138 45 4
78 60 1
67 118 2
148 18 3
172 143 1
169 178 3
58 159 1
86 33 2
180 64 4
171 48 4
62 38 3
196 176 2
112 144 1
59 51 3
66 136 4
154 139 1
58 64 1
104 196 1
102 175 1
69 105 3
172 89 2
128 123 1
46 28 2
22 162 3
155 182 4
121 18 4
30 110 2
192 42 3
43 109 3
45 139 2
69 173 3
66 125 3
158 36 2
191 151 2
179 185 1
28 12 4
144 5 1
163 198 3
52 177 2
69 124 2
176 158 1
0 180 2
16 60 3
37 146 2
45 169 2
10 132 3
109 42 3
138 87 4
184 59 2
2 42 2
80 16 4
28 141 2
76 165 3
196 70 3
166 196 1
18 184 4
85 69 3
113 193 4
178 89 1
56 47 3
45 16 1
64 174 3
106 97 1
155 15 3
90 140 4
3 142 1
132 88 1
77 138 4
35 199 2
175 119 4
19 83 2
29 82 2
71 2 1
92 46 4
183 70 4
68 19 4
2 15 4
60 191 4
7 186 3
197 63 3
107 175 2
71 193 2
195 58 4
68 17 3
97 178 3
68 51 3
74 13 1
56 179 1
86 140 2
8 5 3
92 20 1
11 136 1
22 36 3
59 135 3
167 64 1
77 130 1
8 96 4
91 139 1
120 115 4
193 136 2
53 46 2
138 189 4
148 64 3
154 60 1
159 188 2
22 188 4
10 0 3
49 173 3
162 181 1
164 100 2
191 178 3
10 73 4
148 76 4
158 81 1
110 179 2
190 94 3
192 116 4
36 129 2
109 63 1
128 140 2
83 64 4
108 42 1
108 64 2
132 130 4
175 80 4
180 175 4
57 199 4
13 54 2
45 19 3
159 47 1
71 78 2
121 2 4
107 120 3
16 185 1
8 124 3
92 53 4
24 128 2
130 43 2
7 104 1
137 111 2
33 7 4
103 104 1
18 109 4
86 144 1
168 22 4
94 93 1
54 144 3
136 120 4
70 199 4
79 158 2
174 31 1
144 33 3
100 193 3
102 16 4
25 74 3
24 163 3
49 84 3
63 71 3
55 41 1
145 179 2
15 136 4
5 68 4
25 127 1
64 11 1
24 91 1
139 60 4
155 13 2
1 91 1
62 176 4
3 92 4
22 55 3
107 97 3
40 181 3
21 169 2
10 169 3
79 131 4
72 81 1
69 169 3
143 85 4
130 105 2
118 140 1
43 161 4
125 140 4
109 72 1
128 138 4
177 43 1
125 59 3
123 61 1
186 187 1
62 178 3
137 73 4
138 107 4
139 165 3
107 22 1
66 3 2
185 160 4
37 145 3
27 77 2
174 44 2
105 29 2
112 166 4
55 133 4
60 177 3
32 131 1
6 171 3
59 189 3
58 168 4
52 145 4
193 116 4
133 61 2
79 143 2
25 114 3
130 192 1
38 175 3
100 162 1
77 133 4
19 3 1
96 64 1
77 148 4
16 84 2
61 37 1
155 60 4
166 147 1
161 129 4
147 98 4
46 48 2
192 153 3
104 169 4
94 33 1
192 156 3
146 27 1
171 17 4
107 9 3
125 64 1
44 148 4
80 179 4
25 113 4
196 23 1
124 165 4
145 180 4
130 0 2
198 12 2
97 33 2
115 147 4
92 89 2
135 159 2
87 149 3
191 133 2
140 119 4
114 59 4
96 138 1
80 184 2
12 179 1
33 145 4
129 100 2
152 43 4
93 141 2
31 9 4
159 155 4
63 167 4
53 51 3
62 19 1
47 15 3
8 128 4
109 49 4
137 185 3
196 44 2
192 136 2
158 181 4
81 29 4
35 56 3
168 105 4
44 188 4
59 119 1
196 122 4
139 157 1
34 27 2
91 48 3
48 149 4
10 77 4
152 155 4
174 78 1
113 129 4
117 47 2
149 97 2
103 132 4
53 126 2
103 114 3
9 126 3
117 152 4
114 146 3
123 127 1
54 52 1
55 161 2
97 18 4
198 5 2
146 113 4
51 31 4
36 17 2
38 174 3
122 151 1
60 100 2
118 88 1
188 166 3
145 34 4
154 50 1
52 117 2
169 2 4
156 90 1
58 57 2
132 51 4
15 158 2
51 13 1
62 23 4
131 162 3
9 195 4
57 166 3
53 30 2
139 46 3
142 153 2
1 186 4
62 175 4
148 184 1
173 164 1
63 180 4
78 186 3
27 181 1
164 67 3
65 173 4
155 50 3
149 175 1
38 118 3
169 56 4
0 9 4
25 129 3
67 72 3
48 82 1
48 95 1
193 181 2
22 117 2
66 140 1
5 166 1
153 154 4
156 15 4
55 25 4
59 10 2
77 80 4
158 130 3
44 52 3
104 66 1
72 47 4
133 125 4
94 51 2
22 125 1
48 53 3
110 119 1
34 65 2
109 149 2
180 189 3
198 119 4
7 159 4
36 125 4
73 69 1
10 39 1
37 3 3
38 57 3
106 79 3
84 139 3
58 142 4
175 13 3
60 108 3
146 82 1
128 174 2
74 36 4
91 53 2
54 146 3
104 135 1
169 49 4
140 130 1
80 129 3
84 172 3
4 2 2
35 94 4
187 184 3
40 45 2
94 74 2
88 130 3
33 137 3
44 61 3
120 64 4
92 74 4
7 128 2
8 157 4
163 127 4
89 133 3
181 157 1
50 84 2
63 164 2
5 119 4
2 154 4
99 157 1
143 35 2
170 121 1
30 111 1
159 17 2
19 72 2
167 87 1
77 26 3
163 156 1
121 31 1
13 64 2
132 131 3
104 92 1
41 121 1
149 73 4
176 157 2
150 34 1
108 92 1
116 101 3
103 58 3
199 97 4
21 59 3
185 21 4
116 166 1
20 29 4
162 54 4
175 94 3
7 150 1
69 88 2
120 171 1
137 64 4
71 118 2
62 84 2
49 62 2
58 52 4
132 99 3
42 163 4
75 169 4
18 134 4
165 98 4
178 190 2
42 172 3
64 37 2
99 109 2
165 88 1
47 109 2
44 71 3
27 48 4
56 137 3
52 43 1
77 104 3
69 46 4
31 199 4
101 66 2
123 142 3
147 61 1
186 127 4
150 76 4
98 67 4
196 49 4
96 178 3
71 26 3
29 180 1
167 47 1
139 92 3
144 28 4
61 95 3
74 93 2
186 97 3
22 12 2
53 81 1
108 142 1
2 96 1
141 48 1
70 154 2
21 162 2
122 66 2
34 179 2
149 133 3
107 184 4
164 17 1
6 139 2
9 155 4
51 118 4
80 178 3
133 83 4
109 82 2
171 76 3
1 123 1
85 73 3
189 45 4
71 23 1
146 89 3
195 6 4
36 107 1
59 30 1
177 182 2
162 80 1
36 63 3
94 152 1
182 135 1
91 36 3
167 50 1
76 101 2
37 163 2
64 66 2
197 149 2
73 48 1
96 82 4
49 30 3
44 1 3
122 97 4
4 82 3
42 86 3
49 76 2
16 153 1
123 114 2
156 187 3
177 84 1
21 150 2
142 177 4
56 73 1
81 101 3
196 193 4
110 125 4
124 63 3
143 37 2
99 53 1
175 185 3
180 90 2
197 89 2
40 160 1
88 89 4
198 38 4
124 127 2
25 31 1
93 32 2
66 168 2
31 186 4
106 109 3
197 147 2
60 187 1
189 153 2
31 90 2
91 58 3
51 0 4
113 55 4
45 103 3
198 81 3
133 142 1
44 0 1
63 136 3
123 4 4
89 81 3
91 86 3
119 196 4
19 146 2
165 28 3
53 117 3
185 161 4
28 15 4
40 143 2
18 24 4
174 162 3
112 148 4
152 143 3
33 197 2
40 19 1
197 134 2
107 1 1
162 88 4
110 152 2
52 45 3
37 183 3
131 98 1
19 119 2
4 17 1
36 184 2
90 21 1
51 182 4
32 176 2
9 168 2
140 138 2
137 168 3
117 119 4
65 175 3
122 29 2
25 57 3
84 66 3
110 39 4
133 148 3
6 186 3
99 196 1
169 96 1
70 20 3
71 64 1
103 138 2
75 129 3
86 181 4
183 176 2
183 156 3
88 86 2
88 122 2
22 161 2
32 89 4
57 65 4
5 171 2
182 112 3
51 92 2
77 115 1
117 60 3
55 99 1
69 20 3
56 129 2
190 133 4
144 126 4
149 148 2
43 62 4
196 66 4
40 111 3
112 164 3
182 195 3
0 181 2
68 147 4
110 112 2
186 129 1
64 82 2
93 127 2
87 14 4
141 163 2
53 197 1
30 97 4
20 81 1
187 4 2
41 58 3
17 169 4
1 36 4
142 48 1
53 113 4
150 180 2
162 146 2
46 4 1
167 182 2
46 171 4
36 34 1
41 90 3
110 192 3
35 48 1
118 76 2
90 106 1
86 108 1
105 21 4
14 146 4
197 79 2
178 12 2
166 119 3
58 37 4
64 75 3
14 157 3
7 58 4
9 111 3
90 18 2
109 177 4
135 164 2
30 69 1
101 93 1
49 115 3
24 111 3
29 48 3
136 89 2
139 85 4
82 191 4
64 65 4
14 180 4
134 147 1
89 148 2
87 176 4
144 18 1
73 105 2
145 128 3
189 98 4
189 44 1
10 193 4
24 182 2
36 155 1
97 120 1
124 174 1
85 141 3
76 140 1
83 151 2
183 11 1
137 102 2
60 161 4
77 174 4
54 5 3
33 8 4
124 82 3
71 96 2
198 106 2
111 178 1
78 137 1
130 37 4
126 94 1
177 112 3
132 62 2
71 124 1
71 19 3
66 48 4
157 32 3
160 196 3
11 36 1
48 119 2
73 98 4
45 21 4
97 182 2
74 97 2
8 83 4
146 154 4
84 58 2
56 112 2
29 197 2
131 70 2
145 46 2
46 173 4
159 175 3
85 81 4
124 68 1
51 162 4
145 45 3
105 67 3
127 39 1
38 91 4
117 87 3
24 171 3
12 190 2
44 141 2
95 130 2
27 150 2
155 187 4
173 10 1
85 197 3
3 148 4
47 58 4
42 132 2
89 168 4
172 32 1
163 22 1
154 141 3
94 137 3
67 58 2
51 21 4
165 164 1
31 98 2
33 79 2
191 97 3
10 186 2
142 14 4
100 108 2
45 11 3
96 27 4
100 12 1
2 52 3
86 179 3
16 96 2
132 110 3
55 4 1
188 1 4
59 82 4
171 85 3
45 68 2
179 85 3
177 61 3
57 13 1
171 187 1
132 176 1
162 86 3
113 59 4
189 188 1
120 141 2
182 68 2
38 157 2
131 194 4
149 152 4
84 72 2
88 195 2
87 154 3
35 157 3
128 44 1
62 42 1
46 108 4
86 9 3
62 180 1
98 195 1
183 160 3
43 128 1
80 17 2
48 17 1
151 142 4
114 26 3
193 13 3
137 109 4
102 51 2
149 58 1
101 69 1
118 172 4
9 122 3
49 199 3
93 96 2
33 58 1
86 66 1
10 87 2
37 79 2
121 42 4
181 5 1
11 38 3
68 106 4
10 72 3
71 102 3
58 85 2
107 12 2
42 122 3
74 195 3
126 142 4
171 108 3
89 140 4
15 167 2
170 143 2
134 45 4
17 139 1
11 152 4
135 43 1
194 44 2
42 183 3
133 192 4
90 94 1
127 140 2
139 28 4
191 94 2
183 113 2
46 152 2
48 196 2
107 58 4
40 155 2
113 14 2
103 196 4
120 187 4
49 191 2
40 174 2
129 2 4
173 90 4
149 25 3
26 192 2
136 10 4
64 192 4
92 151 1
36 123 1
120 46 3
52 113 3
165 29 4
134 140 1
139 63 3
93 132 2
192 195 2
21 74 4
38 136 1
82 56 1
35 58 4
176 180 4
121 137 3
36 179 2
57 139 3
164 73 1
39 178 4
123 108 4
124 57 2
118 97 1
28 181 1
174 43 4
188 65 2
78 8 2
117 183 4
100 19 1
154 191 2
22 63 2
98 140 3
133 119 4
150 166 3
71 190 1
33 148 2
151 113 2
157 50 2
198 42 3
183 43 2
197 151 1
179 127 3
180 36 4
155 193 3
118 72 1
9 132 1
122 81 1
174 5 1
41 100 3
4 13 1
125 58 1
0 157 3
65 157 2
136 52 1
142 74 1
128 135 2
147 150 4
31 72 3
116 47 2
97 9 1
67 78 2
5 168 3
156 0 4
53 20 4
83 120 1
66 127 1
11 158 1
147 149 4
72 179 3
19 153 4
131 6 2
129 192 1
10 28 1
148 142 1
8 1 2
70 68 4
42 96 1
121 111 2
23 158 2
185 118 3
51 93 1
183 169 3
58 153 1
104 140 3
92 95 2
132 179 4
13 84 3
67 24 1
90 183 4
99 35 1
161 35 3
123 99 3
67 93 4
183 68 3
127 171 1
118 5 4
55 120 2
134 69 1
160 197 4
17 35 3
162 159 4
188 10 1
76 157 2
116 103 3
39 40 3
23 91 3
161 145 4
89 170 2
15 147 4
30 103 4
150 176 1
45 70 1
184 110 1
51 141 4
103 87 1
94 52 3
117 187 3
62 125 1
162 77 4
124 106 3
76 19 2
41 17 3
148 65 2
39 19 4
149 140 4
164 52 1
31 135 2
142 93 2
9 54 2
38 37 2
197 101 4
158 187 2
160 71 2
153 55 1
158 30 1
136 174 4
139 10 4
79 173 1
88 183 2
138 55 3
111 37 4
144 163 1
33 143 2
38 27 1
149 158 3
32 28 2
168 134 2
164 153 2
181 114 3
107 104 4
168 74 4
93 16 3
187 132 3
173 77 4
168 152 4
58 0 2
124 33 4
106 147 1
142 64 2
192 83 4
28 126 1
174 168 4
184 41 2
140 101 2
73 95 1
156 117 3
34 22 3
179 130 3
78 109 4
180 170 3
52 23 4
62 22 1
197 28 4
12 131 2
94 112 1
188 168 1
171 147 1
51 151 2
40 51 4
81 170 3
196 86 4
48 135 2
186 64 3
68 153 3
10 96 1
63 46 4
180 23 1
162 37 4
190 117 4
188 112 1
164 62 4
194 73 4
45 25 3
150 23 4
178 44 2
40 4 4
19 189 4
184 141 1
195 130 3
86 148 1
154 15 2
3 158 2
46 158 1
64 84 1
117 5 4
40 131 1
132 166 4
112 50 3
25 83 1
104 177 3
40 115 3
10 7 4
25 146 4
96 56 4
108 65 3
130 39 1
126 27 1
71 55 1
55 57 1
80 111 4
132 100 4
56 99 4
20 88 4
181 101 2
154 46 4
176 43 1
49 8 2
84 105 4
193 131 2
137 75 4
40 46 3
47 186 3
54 28 4
87 25 2
180 13 1
121 127 1
12 164 1
121 188 2
22 140 4
63 14 2
47 17 3
142 85 1
158 42 1
118 60 3
180 152 2
169 158 4
65 119 3
27 23 3
44 56 2
40 104 2
27 153 3
39 124 4
55 171 4
29 186 2
168 96 1
2 148 1
15 151 2
175 64 4
138 66 1
88 103 3
59 122 2
173 37 3
129 136 2
103 63 4
153 71 3
198 61 1
198 147 2
97 136 1
161 152 4
83 99 3
109 103 3
10 166 3
82 153 4
24 10 2
75 120 3
87 45 1
27 193 1
9 28 3
188 122 4
11 6 4
190 87 1
132 156 3
65 123 2
23 30 4
29 137 1
79 119 4
39 170 4
160 131 2
30 15 4
163 30 1
67 134 1
167 156 4
199 101 3
43 53 2
59 43 3
92 178 3
79 49 2
100 198 2
87 26 2
10 130 2
24 119 2
101 173 1
144 190 4
92 128 4
43 39 4
188 36 1
43 56 1
134 54 3
134 125 1
176 76 2
113 76 2
181 70 3
109 152 4
4 32 4
62 135 2
23 143 4
160 191 2
57 123 3
112 161 4
173 93 1
90 83 2
121 11 4
50 125 1
171 51 3
168 110 4
39 55 3
71 54 1
100 183 3
42 144 1
73 68 3
174 85 4
22 169 1
131 123 2
56 75 3
174 15 2
105 163 1
21 39 1
59 115 2
26 126 1
91 129 3
196 172 3
59 160 3
10 14 3
181 43 2
52 184 3
114 144 2
193 191 1
11 81 2
99 140 3
76 153 1
134 19 2
3 33 1
91 177 1
175 59 4
148 130 3
22 76 1
42 127 4
96 47 4
77 181 2
66 54 1
8 27 1
131 170 2
185 171 2
196 98 2
110 138 2
186 92 4
39 93 3
72 85 4
159 103 4
79 186 1
96 60 4
73 151 4
124 136 2
145 13 1
12 151 2
79 150 3
179 160 3
144 186 3
149 196 1
194 122 2
126 192 3
199 10 1
82 137 3
68 86 1
85 114 2
10 93 1
82 136 2
139 168 1
11 84 4
79 54 2
136 179 3
19 7 1
137 93 2
193 143 2
30 66 3
58 31 4
14 29 1
48 33 4
51 18 4
184 125 4
5 143 3
50 187 3
198 150 3
164 180 3
54 35 1
146 168 3
146 125 2
149 184 1
90 49 3
51 138 3
43 106 3
163 129 2
33 35 4
110 75 2
61 153 1
0 176 2
77 46 1
174 89 1
185 61 3
140 152 2
5 151 1
133 82 1
2 145 1
54 139 2
84 88 4
85 192 1
121 27 4
15 118 3
130 108 1
170 52 2
13 171 2
2 111 2
46 16 4
126 184 3
18 175 4
169 194 1
107 125 2
59 139 1
76 88 1
25 193 3
185 22 3
152 42 1
79 55 3
175 126 4
176 177 1
146 172 1
112 4 4
145 147 4
106 164 3
6 172 2
8 165 1
159 141 2
29 99 2
95 43 3
38 17 2
35 88 2
41 182 4
35 163 2
34 58 1
91 97 1
93 116 2
127 116 2
1 29 3
177 31 3
64 117 1
116 187 3
87 17 1
9 180 3
137 83 4
63 80 4
130 74 3
142 104 4
133 171 4
137 19 1
72 132 2
106 195 1
152 51 3
141 97 2
8 113 4
121 185 3
119 90 4
75 98 3
191 67 4
52 197 4
54 109 3
117 76 4
31 136 3
83 145 1
177 62 2
43 11 1
164 141 3
12 175 2
87 177 4
101 121 4
162 76 2
151 139 3
66 162 3
135 192 4
27 91 4
9 90 2
91 137 2
89 100 3
132 18 3
70 56 3
3 126 2
114 182 2
24 129 4
94 109 2
107 109 3
80 56 2
92 134 4
145 127 3
178 93 1
165 94 2
152 70 4
165 31 1
47 124 3
86 73 3
21 89 4
198 59 4
26 196 2
108 81 4
163 21 1
112 3 4
102 83 4
69 112 1
195 8 2
72 28 2
156 160 4
19 109 3
78 134 1
196 14 1
96 76 3
71 95 4
143 47 2
134 192 2
54 90 2
167 95 2
119 115 4
80 187 4
96 127 2
168 77 1
165 63 2
179 163 2
78 11 2
5 73 1
141 117 4
189 90 1
25 69 3
147 87 1
39 139 2
98 6 2
47 113 3
173 55 2
11 10 1
171 137 2
107 136 2
178 51 4
167 59 3
97 176 4
57 96 4
176 69 2
58 51 2
38 15 1
159 127 2
80 64 1
123 24 1
1 125 2
4 110 2
54 125 4
1 76 3
104 147 1
39 153 3
103 10 4
61 62 3
27 108 3
125 170 4
87 33 3
26 15 3
48 170 4
136 25 1
73 26 4
171 125 3
124 77 3
78 166 4
95 106 4
81 106 2
4 143 1
191 147 1
152 38 3
46 47 1
21 156 2
193 26 2
62 157 4
144 87 4
148 14 1
137 58 1
79 107 4
83 167 3
139 155 2
199 43 3
58 72 3
125 10 4
173 74 2
190 65 2
99 96 3
113 22 4
80 45 4
23 51 1
67 3 3
38 42 4
158 165 2
112 149 2
89 78 3
117 176 3
20 3 4
152 69 3
180 54 1
30 118 2
125 43 3
133 165 3
30 33 2
41 169 4
7 63 1
123 8 4
59 2 3
4 97 2
71 98 1
139 0 1
16 11 3
4 121 2
116 190 2
137 139 3
62 116 3
166 27 2
2 41 1
134 188 2
159 80 4
161 72 4
67 20 2
169 193 4
132 133 2
155 74 4
2 32 1
172 139 1
77 75 1
147 55 4
151 35 3
176 145 4
119 179 3
137 59 4
106 18 3
56 15 2
181 159 2
190 182 3
147 95 4
18 87 2
70 9 3
109 12 4
51 123 1
53 45 1
8 153 2
111 57 4
163 28 1
121 115 4
51 114 2
63 92 2
120 101 2
116 55 2
152 142 2
144 97 2
155 99 1
50 132 2
176 52 3
195 70 2
74 181 3
18 111 2
188 4 1
96 88 4
98 112 3
177 103 1
76 133 4
179 116 3
17 65 2
175 58 4
24 155 2
174 46 4
113 31 4
122 171 2
102 116 1
33 199 4
135 187 1
199 151 4
148 91 1
134 106 3
5 108 1
39 143 4
160 68 3
10 100 3
142 121 2
41 140 3
62 9 1
115 99 3
71 85 3
154 137 3
185 97 2
134 180 2
135 162 4
21 177 1
120 106 4
73 83 1
21 101 1
156 151 1
179 143 4
61 189 4
46 192 4
144 116 2
61 166 2
178 145 2
101 155 3
118 18 3
85 186 1
54 3 1
32 108 2
106 153 3
6 155 1
95 162 1
47 11 4
168 128 3
14 123 1
197 26 3
84 136 3
132 91 2
116 123 2
42 149 4
89 5 1
122 191 2
120 69 4
130 31 4
21 100 1
135 106 4
19 173 1
187 198 2
157 168 3
162 163 1
122 110 2
52 160 4
96 153 1
125 142 4
142 57 3
84 10 1
148 39 2
133 69 4
19 95 3
34 126 1
31 11 3
66 194 1
151 196 4
50 151 3
85 54 2
62 124 2
96 122 2
33 41 2
109 199 3
21 2 3
72 160 3
107 59 3
113 69 4
131 155 1
170 119 1
179 157 4
38 88 4
128 158 3
193 146 2
105 89 3
82 95 1
184 114 4
119 50 2
75 97 4
72 22 3
114 88 2
80 53 4
37 19 2
122 3 4
67 14 4
114 11 1
61 16 3
69 191 4
37 120 2
54 42 2
162 148 3
13 99 2
78 139 3
163 121 3
168 123 3
42 118 2
63 108 3
77 49 2
73 163 4
78 81 4
98 28 3
75 105 4
103 183 1
42 18 2
78 90 2
74 34 4
38 139 3
114 62 4
169 149 4
95 143 3
89 63 4
66 21 2
110 55 3
138 65 3
4 60 2
105 95 4
51 191 2
55 184 4
34 68 3
46 111 3
85 51 1
87 52 2
174 185 2
17 148 1
9 117 2
5 153 2
144 110 2
164 199 3
134 139 3
115 60 4
48 131 3
155 140 4
4 15 1
54 65 2
196 55 3
37 113 4
183 154 4
172 88 1
40 101 2
42 35 2
8 65 3
136 18 3
77 144 2
144 10 2
162 127 4
74 62 3
188 6 1
13 41 4
44 55 3
14 43 1
177 38 1
7 141 2
70 8 3
16 155 3
110 12 3
96 17 1
28 89 1
47 175 4
8 15 2
33 65 3
74 133 4
66 179 3
39 117 1
21 188 4
95 68 3
70 119 2
70 143 4
101 78 1
7 118 1
85 10 2
34 136 4
14 165 2
100 9 3
87 170 4
155 173 3
10 104 2
87 125 4
122 186 1
15 168 2
153 198 1
7 3 1
145 43 3
149 146 3
48 151 4
46 116 2
16 127 2
133 140 4
135 34 3
111 17 2
45 0 4
151 147 3
153 113 1
180 85 2
152 157 1
39 65 4
68 138 2
161 91 1
4 14 2
61 71 1
179 122 3
157 169 4
194 68 2
39 26 1
155 181 3
186 137 4
126 143 2
62 139 4
175 170 1
143 57 1
45 180 4
20 25 3
197 76 2
26 189 3
164 172 1
101 184 4
99 69 3
199 190 1
111 180 4
179 195 3
153 59 1
127 199 1
121 98 4
137 156 3
33 59 2
82 167 2
21 143 1
122 159 4
115 173 4
163 103 1
37 169 3
98 86 3
6 18 3
181 81 4
2 33 4
25 110 3
28 169 4
182 143 1
136 77 1
52 95 3
74 90 2
121 187 2
57 72 1
150 101 4
71 140 3
55 177 4
144 82 2
178 196 3
68 44 4
144 106 3
47 192 2
44 162 1
93 184 1
191 135 1
78 22 4
52 120 4
47 8 3
173 13 1
149 103 1
36 59 3
173 117 1
115 46 3
179 14 2
63 184 1
99 136 4
183 23 2
72 159 3
51 129 3
28 60 3
22 180 1
7 89 3
146 29 1
17 27 1
27 3 2
162 179 2
170 174 4
159 140 4
161 70 3
117 104 1
21 138 3
15 34 4
79 41 1
183 129 2
45 159 1
132 28 4
70 139 3
139 114 3
150 5 1
14 100 3
103 28 4
112 136 1
35 117 4
125 26 2
195 45 3
33 85 2
180 59 3
183 8 4
54 47 1
6 94 1
169 147 3
26 44 1
153 102 4
141 121 2
121 9 4
90 141 4
88 125 3
74 174 2
189 166 2
118 132 3
58 61 4
109 3 4
107 122 3
78 18 1
142 102 3
100 107 1
109 181 4
146 91 1
53 195 1
50 145 1
115 79 2
111 10 1
57 112 1
167 179 4
9 125 3
90 110 2
149 43 4
162 96 1
80 54 1
12 195 2
9 170 4
136 195 3
168 4 1
43 120 1
185 53 3
32 70 4
19 42 2
76 31 4
48 140 4
150 148 1
63 188 3
191 110 3
59 69 1
89 83 2
13 76 1
40 167 2
139 20 1
93 28 1
64 165 1
20 15 3
7 175 2
27 67 1
156 61 2
111 20 3
6 89 2
26 143 1
165 197 3
47 155 2
36 33 2
147 30 3
173 160 3
154 199 3
187 165 1
75 20 3
83 180 3
86 184 1
14 99 2
59 13 3
169 175 2
172 158 4
119 153 2
7 106 2
160 130 3
134 133 2
72 143 1
157 95 3
25 166 2
124 104 2
30 142 1
110 66 3
192 38 3
139 36 4
116 19 1
166 113 1
91 94 4
197 120 3
162 62 4
92 161 2
129 107 4
164 176 2
43 179 3
111 15 1
180 25 4
197 44 2
164 187 3
77 57 2
190 195 1
189 57 1
25 51 2
19 14 1
185 20 1
182 77 2
164 91 4
89 71 1
23 133 2
111 12 4
115 187 2
48 110 3
1 52 3
127 156 3
143 145 4
30 166 2
87 53 3
95 67 1
24 130 4
158 95 4
57 100 2
193 98 3
174 24 3
193 112 1
156 56 2
132 159 3
153 148 2
173 72 1
127 0 1
50 185 1
143 149 1
161 93 3
185 96 4
192 5 1
43 98 2
4 92 4
154 128 2
136 106 1
85 109 2
164 34 2
7 172 4
100 188 4
123 134 1
73 7 4
176 7 4
74 30 3
175 83 3
55 33 2
98 116 3
113 40 2
167 135 1
106 178 1
123 161 2
133 26 1
158 192 4
103 108 4
126 52 2
106 76 2
78 131 4
108 161 3
84 65 3
102 122 3
91 104 1
172 41 3
145 164 1
52 150 4
168 12 4
188 59 4
120 125 4
104 4 1
71 134 1
87 130 1
133 47 2
29 79 4
2 125 2
110 35 4
111 135 1
55 85 3
24 85 3
106 139 3
2 87 2
164 64 3
48 113 2
135 142 4
85 27 2
170 108 4
122 129 1
110 197 2
22 85 2
42 50 4
160 1 1
97 154 2
139 98 3
198 84 3
110 170 4
131 144 2
173 38 2
44 57 4
77 29 3
181 147 2
11 137 2
144 181 2
39 31 3
117 40 3
114 19 2
85 12 1
124 193 3
57 179 4
86 171 4
101 176 4
180 173 1
4 119 1
99 73 2
5 102 4
102 70 4
41 27 3
182 119 1
164 33 3
164 171 4
95 164 1
76 196 1
77 73 1
72 181 1
163 8 3
138 93 1
196 87 3
80 82 2
169 58 1
122 60 3
154 4 4
91 167 4
80 71 1
100 141 2
46 41 2
110 134 4
193 47 3
152 105 1
130 42 2
39 158 1
105 182 4
153 181 1
80 38 4
111 181 2
49 177 2
2 119 3
188 174 4
192 63 4
81 159 4
84 9 1
189 116 2
72 108 2
41 1 4
95 172 2
38 163 4
13 108 2
118 35 2
156 186 2
60 102 2
179 22 4
172 68 3
76 124 1
23 127 3
15 50 1
135 169 3
0 98 3
0 97 1
168 84 4
29 64 2
89 2 1
182 142 4
131 198 2
104 168 1
159 194 4
152 30 1
183 92 3
182 101 1
93 61 4
67 17 2
159 186 3
165 33 1
91 39 1
82 5 2
152 185 2
131 73 2
157 91 1
26 139 3
47 151 4
31 36 1
114 174 1
64 79 3
1 165 1
120 142 3
103 82 4
86 15 2
121 5 4
48 108 2
77 83 2
8 84 3
178 88 3
4 157 3
167 70 3
41 152 3
186 160 2
85 26 3
162 165 1
96 6 3
153 128 1
49 66 1
75 60 1
124 89 2
25 23 4
60 116 4
67 87 4
176 125 1
145 96 2
78 149 3
173 44 2
39 136 3
181 53 1
88 179 3
185 36 2
101 166 2
23 86 3
118 104 3
109 87 3
54 124 4
184 48 4
60 34 1
56 145 2
24 134 3
60 183 1
173 161 2
21 134 3
179 183 1
156 31 4
132 37 1
88 24 1
195 96 1
41 144 1
119 136 4
59 16 1
49 19 3
55 97 1
73 144 3
36 75 2
35 82 2
188 50 1
19 185 3
129 57 2
82 188 1
63 114 1
166 102 3
168 7 1
51 163 3
100 88 4
58 198 1
66 77 2
88 33 3
45 71 3
115 142 1
119 95 1
93 65 2
90 113 1
116 2 2
88 48 2
118 183 1
34 95 1
80 153 4
55 70 3
164 78 3
83 47 3
34 162 1
16 52 3
75 80 3
104 63 3
160 57 3
117 88 2
189 48 4
5 55 4
160 76 1
147 23 4
71 11 1
114 86 1
174 19 3
22 122 4
99 181 4
166 12 4
48 194 2
111 173 2
152 53 3
199 25 4
160 165 2
13 182 3
111 0 1
113 175 2
159 29 3
55 170 3
169 60 1
57 15 4
137 57 4
36 178 2
105 160 1
16 193 3
132 27 3
190 50 3
115 181 4
33 141 3
169 48 3
62 29 2
13 109 1
13 128 4
97 111 3
154 95 1
180 5 2
75 27 1
54 100 2
57 10 4
38 196 1
183 198 2
19 28 1
184 105 2
57 83 4
61 34 3
139 27 1
75 107 3
72 75 3
146 21 3
82 185 2
66 198 2
30 102 3
71 171 4
110 102 1
161 127 1
106 66 1
2 133 3
92 15 2
25 125 1
131 53 4
122 54 1
122 44 4
30 51 4
133 98 1
149 71 1
118 122 2
176 121 3
34 117 4
91 192 2
40 138 2
174 149 4
42 104 2
98 129 3
5 169 4
28 189 4
7 50 4
66 50 4
10 48 1
99 31 3
192 183 2
113 134 1
59 96 3
8 143 3
184 84 2
177 89 3
120 58 1
120 118 2
65 25 3
19 67 2
154 14 4
86 146 1
176 155 1
48 116 3
61 76 1
97 116 4
101 108 1
115 122 4
0 185 1
105 13 2
183 76 3
194 70 2
185 188 3
164 61 2
95 66 1
168 44 3
42 141 4
123 53 1
23 31 3
105 97 2
24 97 4
151 20 3
98 59 3
8 107 1
25 85 4
31 112 4
194 90 4
161 193 1
136 163 4
86 103 2
100 146 4
88 107 2
155 21 3
23 174 3
159 125 2
106 148 4
196 60 1
101 138 4
140 75 3
184 50 3
12 161 3
43 19 2
40 139 2
1 96 1
167 198 1
94 13 3
5 87 3
104 78 4
45 178 4
104 50 1
108 12 3
136 0 4
163 4 3
16 146 3
134 60 3
106 53 1
189 178 4
54 151 1
176 142 2
26 81 3
78 35 2
3 180 3
68 188 1
124 53 2
69 121 3
67 114 4
125 80 4
81 79 3
120 95 1
97 40 1
132 157 2
55 84 2
142 88 3
120 122 3
104 159 1
150 73 2
182 153 3
145 57 1
6 28 2
48 11 1
28 61 1
160 147 2
125 28 3
81 49 3
79 191 3
91 175 1
104 100 4
189 81 2
186 65 2
144 132 4
105 32 2
136 177 4
144 179 1
57 141 2
140 46 3
157 49 1
102 179 4
50 138 3
99 131 3
120 100 1
3 45 2
65 155 2
20 198 3
95 161 4
95 13 1
100 34 1
44 86 1
91 135 4
148 193 2
141 81 4
81 175 4
117 41 4
106 197 4
7 182 1
121 66 4
17 119 3
55 90 1
137 67 4
29 124 4
134 108 2
121 171 4
76 105 2
46 13 3
55 11 1
58 102 1
91 2 3
109 17 1
112 23 1
27 185 2
16 173 3
95 57 1
80 10 3
52 7 1
119 181 2
152 48 2
59 183 4
0 1 4
150 119 3
51 157 2
50 109 4
29 5 1
76 69 3
41 0 2
32 62 2
53 151 4
196 129 2
61 8 1
166 141 4
37 140 4
194 5 3
187 57 2
44 60 1
143 15 3
198 10 3
127 12 4
133 63 3
146 57 3
160 63 4
55 40 2
84 34 3
153 31 4
62 63 2
27 148 4
59 132 4
117 26 4
166 103 3
63 120 3
151 186 2
37 192 3
83 117 4
25 13 2
194 179 4
1 161 4
165 47 2
109 91 3
40 147 4
160 30 3
180 183 3
141 172 2
154 100 2
148 159 4
62 107 2
195 60 4
135 93 2
182 27 1
173 27 4
47 86 4
137 16 4
4 89 2
3 196 2
8 93 3
122 39 1
40 43 3
193 62 1
29 147 2
47 141 1
69 192 4
81 162 2
183 19 4
173 6 1
152 106 4
111 144 2
194 40 4
111 1 1
48 154 3
47 24 3
198 70 1
190 66 2
179 193 1
178 172 4
114 83 4
169 77 4
33 11 4
25 112 1
171 26 1
161 74 3
14 118 1
11 90 1
86 1 1
40 134 2
166 80 3
174 65 3
1 142 3
182 198 1
171 165 3
152 133 4
125 95 3
128 11 4
165 191 1
9 20 2
46 60 1
16 78 2
46 170 1
92 142 3
36 10 3
61 128 4
138 133 4
120 94 1
101 61 3
63 55 1
84 6 1
38 121 4
1 192 2
34 25 3
91 33 3
69 50 4
22 48 2
151 76 3
33 75 2
187 172 4
59 58 3
59 195 1
161 19 2
87 156 3
38 141 2
157 155 2
191 179 1
102 18 1
178 155 2
67 50 2
157 105 3
125 39 2
176 197 1
164 31 4
53 111 3
19 170 3
109 77 2
166 84 1
108 15 3
77 0 3
24 188 1
23 119 1
109 131 3
91 4 4
3 153 4
39 194 4
170 118 3
0 65 4
109 156 3
16 69 2
160 181 2
162 160 3
4 115 3
189 27 4
132 13 3
110 142 3
53 33 1
88 30 3
54 138 3
75 127 4
32 178 4
123 39 2
63 101 1
146 150 2
33 63 4
40 73 3
101 37 1
110 123 4
142 165 1
80 124 4
96 102 3
108 153 1
65 72 3
45 89 1
194 49 2
32 12 1
148 114 3
69 175 1
56 161 1
153 156 2
111 39 1
14 81 1
24 26 3
194 166 1
73 135 4
108 162 2
31 6 4
182 152 4
111 23 3
192 94 3
11 102 1
3 46 3
39 109 2
178 55 3
29 41 2
4 182 1
52 124 2
34 123 1
157 153 1
143 113 2
161 198 4
199 196 2
196 8 4
87 41 2
31 181 1
42 81 1
86 46 4
156 162 3
13 92 1
2 45 2
59 48 1
2 181 4
93 130 3
71 88 4
7 38 1
57 68 3
24 27 4
183 175 1
14 2 1
155 43 3
129 30 4
8 66 4
67 174 3
137 48 3
43 133 2
176 59 1
71 36 1
46 159 1
67 135 4
1 128 1
136 133 2
172 21 1
176 111 2
5 147 3
103 110 1
6 8 1
147 195 1
106 117 2
8 180 3
2 156 2
130 91 1
168 34 3
157 43 2
41 119 2
36 43 4
131 177 2
78 148 4
187 47 4
144 187 3
64 151 1
95 85 2
113 63 1
157 141 4
51 150 2
196 112 1
156 113 3
154 59 3
32 17 1
175 10 2
31 85 3
61 180 3
64 81 2
98 185 4
28 92 2
193 58 1
98 30 4
167 27 3
189 147 4
105 28 2
38 164 1
5 11 1
81 102 4
43 5 2
34 24 4
68 84 1
85 53 2
160 128 4
197 164 3
128 58 1
189 72 2
44 33 4
84 17 3
112 55 1
184 46 2
28 34 1
97 115 4
162 119 3
123 170 4
51 130 3
108 169 4
16 94 1
83 195 1
182 86 3
4 50 1
77 157 4
133 75 4
70 169 1
137 22 2
153 149 2
114 105 3
145 115 3
181 6 2
151 99 4
173 184 3
104 3 4
77 178 3
99 179 1
132 75 4
181 39 3
98 111 2
175 3 4
22 77 1
49 168 3
93 117 3
93 106 3
67 46 2
3 174 3
21 133 1
185 85 2
195 86 4
21 93 2
63 47 3
182 17 1
185 73 4
158 151 1
94 145 2
17 166 1
82 65 3
169 137 2
45 154 4
163 49 4
16 128 1
32 68 4
26 84 3
45 184 1
127 100 3
44 51 4
127 114 3
35 27 1
42 180 2
5 159 2
188 161 2
181 38 1
58 182 1
198 29 1
126 49 4
80 37 4
136 141 3
3 182 2
38 143 2
4 107 3
86 14 4
153 85 4
91 100 1
12 96 4
16 158 2
128 68 4
33 0 2
177 127 3
191 194 2
126 153 4
170 47 4
49 166 4
48 62 2
129 5 2
80 172 3
173 70 1
152 154 3
127 191 1
116 142 1
35 86 1
64 68 2
109 182 2
140 59 3
79 9 1
41 154 2
39 128 4
9 169 4
12 26 3
95 21 2
22 58 4
109 123 3
88 7 4
90 142 1
56 50 3
83 0 4
92 97 2
194 183 4
120 44 3
176 126 1
150 19 3
33 188 1
46 59 2
38 75 1
148 46 2
89 151 3
12 177 4
71 93 2
94 124 2
72 4 3
71 114 4
63 85 1
73 81 1
141 26 1
17 72 1
170 42 4
67 132 3
127 173 3
73 160 3
56 20 1
89 138 1
35 187 2
14 45 3
148 94 3
45 133 2
28 63 1
124 139 4
66 55 4
6 90 2
67 110 3
95 94 3
114 160 4
168 144 1
111 54 2
86 56 4
157 134 1
199 126 3
54 108 3
121 198 1
114 163 4
71 106 2
188 114 1
164 35 2
27 197 1
182 21 2
3 40 4
44 69 3
102 48 3
57 180 4
15 9 1
4 36 3
19 50 2
73 130 4
58 48 2
74 22 2
12 112 3
180 119 1
14 130 2
71 191 2
140 151 1
186 150 2
141 39 4
104 134 2
92 144 3
131 108 3
32 107 1
188 91 4
107 63 3
183 199 1
66 53 1
122 51 2
59 27 2
21 196 2
196 42 4
141 78 2
69 118 1
39 177 2
110 166 3
85 160 2
64 153 2
134 101 4
188 197 2
26 111 4
99 195 4
41 78 4
25 47 3
149 63 3
197 199 3
184 29 4
164 132 4
4 8 4
69 38 3
172 64 4
185 70 2
173 152 1
58 11 4
85 67 1
13 68 2
40 58 1
66 199 1
190 169 1
136 132 2
41 36 2
128 26 4
61 82 2
178 100 4
155 146 3
117 62 3
132 85 3
11 24 2
16 114 1
115 117 4
35 104 3
178 98 3
197 191 1
39 23 4
195 149 3
4 153 1
42 17 1
69 18 3
5 196 1
127 106 3
63 6 1
16 68 3
5 131 3
129 26 2
26 99 2
161 26 4
4 185 1
184 11 1
116 87 2
56 130 3
189 173 2
198 107 1
109 146 1
3 83 3
26 55 1
119 93 3
100 130 3
132 29 3
27 151 3
145 149 3
56 52 3
131 22 4
84 20 4
187 97 1
68 157 1
151 137 4
111 64 1
107 11 3
172 177 1
171 199 1
18 119 1
20 1 1
188 40 3
188 175 3
112 142 3
122 95 3
123 121 1
139 12 4
113 10 1
185 186 2
55 186 3
54 137 1
131 152 4
85 105 4
95 191 3
44 123 1
166 170 2
5 189 3
119 80 4
48 6 4
35 26 2
173 84 1
163 5 2
61 98 1
38 122 1
92 114 3
63 185 3
159 130 4
162 26 3
38 73 2
35 138 2
162 20 3
90 23 4
12 159 3
46 57 1
108 28 3
65 71 4
62 196 3
138 14 1
125 186 4
21 83 1
125 7 2
107 30 4
144 195 4
172 114 4
134 94 2
195 11 3
184 165 2
73 76 2
154 75 4
145 105 2
158 160 4
104 56 3
2 124 4
103 5 1
17 99 3
160 122 4
175 135 3
130 123 4
114 113 3
130 79 2
72 97 2
184 194 1
36 70 2
115 58 2
160 89 3
165 22 1
89 62 4
148 107 2
23 172 1
72 176 4
150 100 1
185 2 1
153 11 1
67 159 3
48 96 3
63 166 2
162 65 1
109 118 1
93 95 1
36 9 1
145 126 1
64 140 2
185 195 1
117 197 4
163 128 3
185 153 2
58 13 4
50 195 1
141 60 1
133 173 3
170 169 3
69 8 1
148 135 4
127 178 3
79 170 1
159 77 4
63 86 3
185 149 4
19 5 4
172 136 1
80 19 4
26 185 2
60 94 1
126 167 4
191 189 2
159 78 3
173 28 3
136 184 2
109 148 1
193 12 1
45 152 2
85 28 2
132 102 4
136 111 2
85 84 3
110 101 4
54 23 3
198 79 1
5 190 4
145 118 1
142 72 3
23 80 4
198 160 2
44 171 4
46 125 3
38 49 1
137 187 1
183 21 3
187 181 3
8 77 4
11 100 1
53 40 1
78 73 3
36 143 2
193 44 3
35 106 1
13 159 2
174 11 1
31 161 3
81 91 4
94 139 4
154 22 4
3 172 1
15 115 3
107 124 3
111 85 3
72 98 3
59 3 3
42 114 3
181 130 1
104 110 2
4 118 1
68 24 1
58 157 3
28 20 1
181 97 4
146 50 2
170 156 3
161 86 4
154 113 2
138 4 2
91 171 2
193 82 1
68 164 4
169 65 3
183 33 4
139 4 2
80 49 3
121 65 1
194 77 3
1 7 3
181 198 3
5 49 1
133 124 2
34 115 4
103 120 3
35 177 1
197 126 3
146 36 3
79 122 1
105 48 4
85 45 4
25 96 2
157 90 1
102 123 3
11 181 2
155 23 4
72 35 1
137 87 1
13 69 2
59 57 4
143 31 2
14 68 1
190 187 2
182 84 4
187 79 3
0 47 4
10 97 4
89 64 4
86 164 1
28 148 3
196 10 1
194 22 2
160 143 2
59 181 2
24 59 1
102 167 1
64 109 3
33 114 2
116 146 1
124 4 3
107 173 1
29 114 4
18 120 1
196 28 2
66 173 1
47 196 2
175 37 3
4 86 2
35 192 3
125 5 1
132 25 1
191 126 3
117 170 1
149 52 2
48 89 2
107 57 3
39 162 4
98 188 3
194 111 2
137 31 4
99 2 1
1 164 3
113 199 2
80 87 4
7 131 3
14 164 4
129 41 1
7 60 2
13 118 3
124 110 3
82 73 4
45 132 3
32 47 2
0 164 1
63 82 2
15 90 1
182 108 1
15 69 4
119 143 4
71 40 4
109 142 3
64 138 3
49 111 4
87 110 4
3 52 1
32 23 2
7 177 3
61 45 3
31 114 4
30 132 4
16 99 1
60 91 2
128 162 4
100 199 2
42 80 2
73 140 2
112 2 4
67 92 4
134 83 1
149 66 2
140 188 3
58 124 2
93 55 3
98 15 1
119 188 1
194 2 4
33 130 1
34 50 4
133 105 2
172 133 1
32 0 2
132 195 4
64 4 4
5 156 3
100 139 3
154 106 4
19 147 3
174 131 4
67 166 1
134 48 2
156 84 2
157 117 2
88 177 1
164 190 4
145 3 2
55 163 2
127 27 4
21 62 2
47 90 3
93 87 1
198 85 3
87 92 4
175 95 3
38 116 4
43 89 3
66 171 3
175 35 2
141 144 3
193 195 3
21 20 3
155 72 4
1 58 1
194 140 3
139 14 2
149 114 4
36 49 1
68 71 1
139 75 4
96 34 4
124 1 4
95 173 1
34 82 3
85 9 3
15 96 1
96 150 2
168 35 1
92 195 4
165 123 2
163 125 1
107 0 3
2 175 2
100 87 4
125 145 2
186 70 1
198 49 3
163 135 1
85 11 3
57 154 3
40 81 3
71 186 1
138 62 2
114 108 3
169 23 4
89 26 1
82 42 1
186 89 1
31 52 1
190 157 3
171 116 1
95 188 2
94 113 1
85 82 4
8 55 4
102 170 2
63 32 1
132 97 4
42 128 2
87 3 4
49 144 1
116 104 2
104 131 1
34 187 1
43 153 4
88 6 2
140 170 3
32 76 2
7 0 2
69 24 1
111 31 4
70 98 2
73 75 4
196 168 1
157 55 3
138 134 1
182 126 2
52 40 2
30 144 4
176 26 2
95 15 4
102 120 4
102 198 4
64 10 2
172 13 3
92 23 1
187 72 1
137 199 2
4 79 3
94 59 2
150 0 3
194 193 3
16 32 2
68 50 1
7 31 4
134 53 2
138 155 2
170 198 3
169 124 1
126 150 4
109 101 1
98 102 3
167 163 3
115 140 2
3 81 4
7 149 1
86 112 1
41 18 2
31 187 3
178 29 1
185 148 1
10 3 2
66 167 1
35 166 4
105 36 3
150 168 3
156 34 3
58 69 1
124 120 3
161 184 1
151 22 2
69 126 3
51 22 2
118 10 1
189 145 1
156 157 3
182 16 3
60 129 4
125 168 1
183 35 3
134 162 1
156 67 3
64 158 2
33 102 1
126 172 3
28 176 2
19 111 2
10 41 3
127 158 2
48 19 2
108 174 2
42 53 4
197 189 4
101 99 3
122 1 4
120 185 1
163 41 3
142 122 4
45 157 1
37 195 1
129 157 1
50 189 1
7 162 2
103 146 2
139 41 2
147 117 4
194 107 3
15 73 4
102 114 3
68 60 3
118 94 4
79 16 4
2 74 2
24 93 1
102 161 1
194 62 3
191 22 4
21 24 4
3 186 4
171 45 4
80 48 3
112 129 3
164 107 1
160 174 2
108 17 4
183 85 2
73 2 2
171 155 3
121 24 2
180 82 3
140 10 2
170 2 2
147 54 2
102 43 1
149 51 2
97 11 3
109 127 1
133 50 1
154 86 2
189 51 3
47 148 4
27 45 2
165 89 2
170 67 3
165 112 3
6 45 1
134 93 4
50 156 3
138 193 2
99 156 4
40 186 1
130 50 1
131 62 2
118 12 4
92 17 3
181 87 4
160 51 4
194 144 3
119 135 1
155 71 4
164 55 1
44 130 4
90 8 1
20 99 4
193 15 4
155 110 2
33 68 4
172 150 4
51 185 3
140 144 3
74 8 1
7 78 4
84 128 1
4 133 1
147 78 2
79 166 4
1 94 1
136 65 2
132 168 4
187 196 1
110 64 3
121 144 1
109 175 1
108 62 3
129 68 3
188 52 1
50 77 3
197 54 1
32 122 2
177 50 3
71 133 1
166 167 4
34 116 2
115 74 4
171 192 4
191 123 2
66 186 2
117 38 3
123 189 2
57 101 1
133 161 4
64 45 1
68 55 4
57 71 4
131 60 3
47 131 4
160 74 2
23 114 1
182 66 4
193 22 2
7 108 2
46 73 1
31 104 2
126 127 3
72 60 1
38 9 4
147 105 3
37 59 3
198 55 4
82 26 1
181 92 1
110 42 3
146 120 2
16 138 4
31 133 4
0 103 3
167 24 1
48 155 3
60 77 2
52 137 4
147 35 1
164 155 4
21 75 2
172 175 3
180 19 3
50 49 3
37 177 2
111 44 4
66 118 2
122 137 1
129 134 3
169 144 1
101 86 3
129 21 4
67 22 1
131 2 1
194 182 2
184 166 2
75 102 1
77 52 1
137 89 4
61 137 2
45 193 4
171 114 4
25 158 2
29 80 3
194 52 4
197 172 4
64 146 3
85 149 2
32 52 1
181 17 3
137 99 3
44 129 2
111 119 4
193 144 4
76 111 1
109 120 1
118 114 1
94 196 2
96 90 1
103 6 1
113 103 3
21 61 2
47 9 1
127 34 4
133 59 2
81 110 1
126 84 3
32 29 3
59 179 4
104 25 3
179 128 1
30 171 2
182 93 1
90 63 1
176 9 1
9 131 2
176 40 2
193 96 2
190 79 2
162 197 2
6 150 3
170 34 4
38 14 1
2 168 2
25 56 1
145 199 4
162 153 2
130 143 4
195 180 3
199 3 2
64 72 1
115 22 2
96 134 1
183 111 3
140 182 4
9 172 3
112 43 2
100 36 4
105 87 1
178 179 1
173 0 4
62 77 1
88 134 1
156 70 3
24 12 3
101 80 3
53 22 1
180 199 1
9 14 4
165 194 3
23 167 3
63 127 4
77 120 3
51 126 3
46 176 2
140 146 2
148 101 3
115 14 3
149 124 4
194 99 1
106 188 4
117 159 4
74 170 2
8 43 2
73 25 2
154 180 1
148 90 1
35 71 4
53 121 4
47 142 4
138 74 1
136 186 4
22 1 3
166 168 2
102 40 1
95 138 2
179 101 3
10 197 3
66 151 1
65 134 1
142 191 1
111 105 3
159 111 2
151 159 2
134 47 3
112 54 1
187 163 1
59 172 4
10 21 4
29 167 1
178 166 1
107 154 3
155 134 2
115 131 1
168 97 2
128 118 1
174 173 2
32 109 4
150 38 2
154 176 2
82 139 3
14 197 1
160 5 4
40 27 4
114 178 2
8 182 2
91 110 4
19 69 1
175 100 4
163 180 3
178 2 2
16 184 1
106 138 1
5 59 1
183 168 4
179 24 3
154 187 1
132 1 1
164 188 1
198 8 3
23 165 4
2 39 1
25 117 2
10 25 3
187 17 1
6 0 2
47 150 4
183 84 3
8 76 3
190 83 4
65 2 4
126 12 1
44 47 4
6 120 1
149 157 3
146 69 1
70 187 4
118 188 2
121 114 2
52 104 2
172 78 1
196 175 3
32 162 4
176 113 3
180 122 2
9 189 4
109 96 3
80 90 2
80 185 4
26 5 3
20 18 1
22 138 2
51 134 1
61 64 3
135 5 3
87 34 1
198 82 4
47 57 1
8 19 3
163 140 2
87 159 2
79 184 3
154 161 4
174 113 1
38 137 3
38 186 3
35 25 2
190 37 1
146 13 2
167 199 3
144 72 3
194 24 3
25 59 3
195 186 1
20 196 2
144 4 1
54 189 1
197 107 4
9 41 2
27 117 3
45 73 4
24 140 4
165 49 2
15 10 3
77 199 4
60 163 4
44 11 3
63 45 1
36 2 1
141 53 3
174 99 2
109 65 1
30 55 3
72 20 1
113 93 4
192 71 2
87 150 4
134 166 1
33 110 1
198 146 3
35 123 2
84 180 4
185 151 3
75 99 2
97 125 4
43 192 4
65 116 4
150 43 4
111 134 2
17 19 2
123 106 1
179 3 1
166 28 3
185 5 2
176 116 1
49 149 2
10 137 2
105 106 2
147 199 2
149 105 4
63 168 1
83 168 3
17 5 4
74 140 2
18 65 2
196 140 3
143 69 2
27 5 4
2 100 4
131 107 4
89 29 4
56 119 2
43 184 3
78 77 4
22 127 3
74 114 1
78 108 4
155 166 1
105 197 1
126 170 1
82 179 1
181 44 3
125 74 2
142 6 2
12 128 3
6 86 4
104 186 1
26 118 4
183 34 3
124 111 2
178 48 4
110 135 1
73 165 2
87 48 3
22 9 1
111 182 3
56 138 4
198 176 2
40 159 4
161 158 1
199 17 4
151 38 3
138 191 3
9 104 1
134 52 2
155 83 4
94 77 1
158 140 2
58 106 1
192 102 4
20 52 1
100 59 1
47 28 1
162 23 4
127 15 2
123 141 1
189 182 1
126 72 4
94 72 3
86 136 3
159 9 2
188 144 2
167 99 1
147 109 2
65 74 3
179 124 2
70 91 3
98 88 3
161 42 2
91 143 4
192 2 1
165 173 2
191 92 1
88 92 2
2 140 2
183 134 4
134 184 2
164 157 1
172 147 3
139 65 1
125 157 3
16 22 3
14 11 2
24 71 2
157 73 2
37 84 3
51 9 3
140 181 4
160 194 1
189 85 4
190 177 4
89 84 3
26 86 2
112 45 3
117 185 1
66 88 3
29 61 2
132 38 4
73 64 1
123 169 4
129 7 1
52 169 3
158 145 4
70 17 3
83 126 2
68 100 2
162 176 4
195 42 1
71 104 2
59 141 3
21 198 4
36 81 3
32 134 4
120 149 2
139 16 3
42 145 2
150 137 2
156 29 1
100 143 4
162 180 2
94 177 3
13 119 2
34 85 1
157 191 4
97 156 2
191 102 1
60 56 2
3 167 4
13 79 2
126 1 2
68 136 4
182 144 3
131 35 2
8 102 1
19 12 1
14 150 2
97 129 1
20 178 2
15 162 1
182 192 1
196 59 4
46 168 4
177 82 1
2 159 1
135 151 2
182 170 2
192 150 2
68 80 2
137 158 1
71 32 4
133 41 1
14 172 1
122 105 2
32 82 4
108 198 4
109 71 1
131 184 4
19 195 2
118 198 3
112 174 1
43 126 3
14 91 2
104 183 1
29 11 3
183 36 1
62 120 3
95 177 1
110 17 1
146 195 4
7 155 4
76 14 1
135 102 3
84 161 4
169 29 3
104 167 2
68 0 2
58 27 4
71 166 1
97 160 1
67 35 4
11 161 2
175 122 4
41 70 2
5 132 3
132 2 4
188 45 4
87 120 3
86 153 3
12 51 1
67 49 2
111 148 2
77 13 4
87 114 1
178 184 2
88 140 4
155 31 2
107 71 3
46 169 3
110 98 4
183 181 2
19 108 3
106 130 2
123 107 2
7 71 3
61 42 2
82 55 1
194 112 3
49 172 3
13 93 2
117 129 2
141 87 1
70 88 2
14 108 2
136 157 3
25 161 1
103 18 1
76 34 4
188 12 3
122 61 3
49 65 3
151 102 3
151 170 2
78 5 2
118 32 1
82 118 2
178 56 3
111 50 2
117 14 3
25 58 3
22 130 4
43 0 2
129 55 3
147 38 2
11 2 2
82 53 4
50 65 3
6 179 2
195 112 1
163 176 2
145 6 4
130 76 4
43 158 4
39 45 1
154 74 2
114 197 2
70 31 4
94 105 1
121 37 3
162 139 4
130 118 1
102 164 1
113 41 4
27 101 1
57 190 3
178 151 1
40 79 3
83 112 1
66 93 2
180 48 4
96 170 1
68 116 4
145 121 4
56 160 3
185 52 1
67 107 1
98 127 3
145 183 2
154 90 3
177 129 2
59 80 4
13 160 1
62 75 1
2 158 1
79 135 4
161 2 4
38 85 1
135 0 3
134 186 1
176 107 1
195 158 4
120 114 3
81 192 3
49 27 2
117 148 1
142 178 1
83 44 3
130 98 2
135 133 4
154 52 2
68 41 1
105 199 4
100 66 2
75 79 3
120 5 2
83 191 3
87 85 4
8 121 2
132 57 4
44 15 3
62 24 2
140 164 4
72 40 1
132 20 4
139 76 4
105 138 4
95 46 1
64 124 3
30 99 3
97 2 1
5 64 3
100 165 2
11 192 4
191 112 4
43 107 2
24 115 4
97 173 2
124 83 1
169 101 1
151 86 4
94 99 2
2 188 4
120 3 4
3 6 2
38 101 3
130 111 1
123 176 2
24 160 4
179 189 3
150 72 3
7 166 3
60 47 1
141 45 2
143 16 1
51 4 1
149 117 2
154 147 1
78 84 4
123 25 1
118 27 4
155 44 4
49 78 3
10 47 2
65 5 1
171 47 1
37 125 2
13 174 4
105 194 2
186 132 3
6 85 2
34 10 4
63 189 3
175 131 4
147 168 4
127 64 1
141 143 4
153 180 3
91 20 2
189 162 1
34 177 4
32 189 4
195 10 1
24 177 1
9 78 3
164 60 4
148 115 3
0 75 2
138 59 2
87 129 2
38 109 1
28 152 1
144 38 3
166 62 2
27 47 4
27 120 4
103 2 4
35 112 1
70 172 2
91 71 1
199 187 2
160 164 4
73 11 4
109 160 3
154 169 2
144 76 1
85 13 2
118 81 1
17 194 2
188 149 3
108 26 4
109 102 1
182 131 3
29 145 2
28 51 2
7 133 3
99 91 2
120 88 4
138 90 3
168 13 4
108 53 4
159 146 3
62 8 1
179 100 4
119 118 2
135 185 4
168 88 4
165 186 2
178 11 2
158 85 4
174 172 2
98 96 2
117 132 3
116 4 2
199 73 2
15 59 2
76 82 1
160 54 2
47 68 4
23 70 1
115 27 2
107 74 2
120 126 4
195 44 1
82 37 2
181 168 1
100 135 3
60 73 4
112 109 2
140 167 2
131 158 4
30 61 3
132 192 1
4 28 2
73 96 1
76 85 3
30 20 1
6 147 1
64 116 3
115 116 4
174 68 3
115 128 2
175 23 1
84 115 3
31 4 1
199 179 4
138 174 2
4 56 2
37 42 1
2 110 4
32 83 2
108 51 3
46 78 3
132 121 3
119 185 1
42 168 4
166 72 1
7 105 1
66 99 4
43 141 3
64 105 2
66 85 1
96 69 3
136 161 2
122 17 2
67 151 1
151 52 2
7 148 3
13 15 3
31 96 1
110 177 2
141 193 4
93 129 4
144 133 4
17 162 2
158 177 4
116 7 2
103 70 4
15 180 2
150 131 2
161 54 4
109 80 4
188 191 4
77 151 1
117 146 3
187 39 4
116 177 1
67 36 4
5 128 3
172 132 3
158 147 2
31 35 4
121 77 3
86 194 3
155 1 2
58 189 4
136 14 3
0 39 1
179 182 2
125 112 2
88 8 2
133 127 1
106 151 4
14 36 1
43 31 1
156 173 3
168 109 1
13 138 4
67 113 3
69 190 4
108 139 2
31 151 2
169 97 2
36 93 3
12 6 1
11 194 1
48 56 2
144 170 2
92 168 3
36 86 3
120 50 4
75 121 3
56 155 2
70 118 4
132 15 4
129 155 2
118 148 1
2 58 1
19 182 2
133 183 1
154 56 4
133 168 3
67 51 1
78 92 3
62 78 3
196 115 2
42 186 3
66 143 3
142 198 1
189 120 3
100 121 2
111 132 4
82 123 4
185 95 1
132 6 2
150 89 1
64 52 2
126 31 2
73 13 4
94 160 1
193 163 1
169 100 3
138 148 1
199 11 3
68 126 1
144 136 4
84 153 1
16 24 1
185 41 2
152 44 1
60 105 3
22 79 1
7 15 1
156 49 4
21 176 1
171 1 2
61 11 3
174 37 2
90 72 1
29 84 4
113 29 4
151 121 1
105 161 4
108 128 1
65 51 3
140 4 2
125 198 2
3 115 4
162 98 4
85 17 1
160 112 2
90 169 4
102 90 1
26 60 4
181 26 3
165 130 2
29 163 3
38 193 2
164 71 3
54 188 4
171 93 3
185 58 3
41 179 4
34 14 4
91 16 3
1 93 1
39 73 1
56 37 1
71 94 1
0 53 4
144 26 3
76 152 3
83 75 4
176 56 4
37 142 4
126 169 2
79 3 3
56 21 1
161 46 2
78 24 1
93 144 2
126 187 3
6 49 2
132 34 3
20 166 1
144 199 1
5 3 2
173 106 4
41 77 4
5 94 3
95 189 2
56 42 3
181 23 1
104 36 3
35 39 3
24 52 2
146 104 1
59 118 4
190 158 1
22 66 3
122 74 3
45 55 1
170 101 1
67 90 4
111 127 1
25 99 4
