9950 200
0 30 5
0 97 1
0 71 3
71 136 7
30 47 8
0 8 6
71 96 9
47 75 2
47 128 8
97 110 2
47 84 3
136 39 3
97 145 4
0 53 5
30 49 6
53 132 7
128 111 1
136 61 4
110 180 9
180 176 6
0 117 4
0 86 7
75 35 7
84 70 8
71 196 2
71 105 4
8 153 2
136 140 8
75 157 8
180 125 1
96 44 1
105 112 6
39 134 3
176 77 1
134 133 3
140 28 3
49 32 1
75 62 1
110 34 5
112 42 7
47 162 1
28 194 6
61 126 8
157 92 8
105 100 2
97 91 5
97 103 1
117 186 6
136 166 8
34 56 4
145 114 3
162 36 4
180 90 4
114 120 7
90 131 9
162 98 8
42 164 4
153 138 7
34 179 6
131 188 5
62 173 2
196 148 4
44 163 8
126 187 7
75 144 7
145 9 3
131 127 6
71 168 1
44 165 7
180 55 7
84 80 2
39 87 9
133 154 1
86 4 5
180 170 7
4 40 9
157 45 9
77 18 8
194 33 8
100 158 1
91 25 8
55 191 3
186 122 6
153 22 5
157 118 7
173 88 8
179 93 7
87 73 6
145 83 3
105 167 8
75 155 7
120 3 1
71 46 6
112 102 4
105 7 1
90 43 7
168 5 5
162 175 1
120 159 7
110 64 3
8 21 1
28 149 9
102 189 8
75 15 1
92 172 3
5 66 7
196 24 9
126 135 6
47 19 4
117 156 1
22 23 2
166 12 1
77 101 4
9 51 2
162 13 9
176 192 6
42 68 4
18 99 9
9 160 6
96 58 6
186 38 4
156 52 1
164 146 6
7 151 6
151 113 1
88 78 7
53 109 2
56 181 2
114 121 6
101 143 2
53 60 7
7 76 2
143 137 1
172 50 5
143 195 6
168 6 9
76 174 6
0 169 2
151 41 8
167 130 7
51 139 2
194 74 5
19 69 8
157 197 3
133 14 9
8 178 7
165 31 7
125 95 7
64 184 4
14 11 7
148 119 2
77 94 5
58 199 8
58 147 9
179 16 1
74 142 3
110 161 4
105 116 8
131 182 3
46 1 2
102 108 5
127 72 7
101 183 4
78 190 3
138 17 7
91 141 7
189 2 8
68 82 2
47 54 8
4 171 7
84 37 6
133 115 3
171 85 8
36 29 7
2 20 5
2 27 3
127 129 8
149 67 3
131 89 1
155 26 3
32 104 6
187 123 9
140 57 9
91 107 4
97 48 3
90 59 7
131 79 6
86 185 2
5 81 9
131 65 3
61 152 9
40 106 3
51 177 5
134 124 2
25 10 1
177 63 2
157 198 5
16 150 6
44 193 6
65 102 3
67 152 4
29 39 1
89 142 3
129 28 3
41 38 4
31 9 4
183 53 3
135 33 2
38 124 4
85 117 2
17 169 2
46 179 3
197 49 3
94 116 1
82 46 1
196 0 2
189 155 4
73 133 1
8 11 2
195 131 4
108 176 4
173 107 3
151 183 3
73 92 2
63 141 4
1 154 1
158 59 3
179 62 1
166 142 4
136 29 4
165 74 1
7 126 1
122 181 1
144 30 3
21 29 4
194 86 4
106 28 1
53 128 3
16 25 3
74 64 1
90 135 4
32 102 4
10 32 2
131 1 1
179 25 3
106 125 1
109 8 1
63 185 2
101 83 1
9 55 2
141 34 4
134 131 1
175 174 1
18 62 1
67 172 3
24 116 3
72 178 3
21 112 2
154 120 3
44 56 1
103 3 1
23 92 1
127 38 1
12 80 3
113 67 4
59 116 4
197 120 2
82 66 2
142 189 2
61 91 4
26 158 3
195 128 1
121 81 3
108 144 3
176 60 3
153 20 2
67 17 3
122 144 2
134 176 3
87 99 4
47 89 3
88 194 3
140 87 2
38 104 2
39 15 3
168 91 1
101 194 1
13 132 3
144 36 3
17 118 2
89 100 4
122 143 1
189 152 2
25 33 4
146 95 2
161 141 4
142 87 4
104 150 3
72 57 3
152 99 2
8 43 4
196 10 3
154 149 2
78 3 1
41 90 1
25 150 3
197 0 1
115 101 1
21 50 1
190 17 1
22 16 1
19 30 1
72 55 1
179 58 3
149 180 1
187 149 4
164 199 4
77 150 1
72 58 4
101 173 3
96 2 1
40 96 3
21 126 1
129 184 1
101 56 2
97 50 2
174 50 2
114 18 4
151 140 4
99 162 4
62 53 3
49 10 1
141 65 3
18 175 2
142 75 3
196 32 2
128 175 4
131 152 3
123 83 3
31 8 4
20 157 3
89 90 1
146 0 3
27 122 2
39 71 1
94 84 1
15 60 2
155 184 1
161 28 3
152 155 3
169 165 1
93 40 2
18 3 2
198 134 1
95 198 1
26 139 2
164 160 2
16 189 2
35 104 4
95 162 2
127 52 2
44 105 1
49 134 1
55 156 4
195 168 1
22 74 4
82 161 4
26 72 3
118 196 1
161 49 3
158 49 2
147 39 4
72 176 4
140 176 2
12 11 1
7 115 1
118 97 4
85 77 1
137 65 4
7 123 3
109 77 3
137 10 3
31 122 3
184 7 2
26 37 1
60 109 4
16 90 4
111 122 4
42 72 3
185 74 3
117 35 4
165 146 4
4 178 3
11 111 1
166 117 1
148 23 3
102 58 2
182 144 4
0 175 4
119 40 1
31 32 3
109 138 4
36 172 4
180 13 1
184 192 2
191 41 2
128 73 3
34 5 3
34 0 1
66 57 3
26 20 2
82 101 3
135 18 2
13 87 2
111 190 2
133 131 4
133 45 4
56 6 2
125 110 4
55 160 4
196 175 3
109 141 1
41 194 2
174 86 2
141 148 2
18 143 4
73 56 1
196 126 4
155 182 1
56 72 2
164 118 4
36 28 4
77 5 1
179 144 4
123 5 4
71 125 4
173 105 2
134 169 2
84 98 4
161 181 4
120 169 1
135 25 2
161 7 4
14 154 4
176 105 3
34 103 2
18 192 1
109 49 2
138 126 2
71 135 3
111 38 1
66 141 1
113 107 2
103 188 1
24 105 3
69 171 3
99 190 4
49 104 4
45 141 2
10 172 2
93 18 4
170 90 2
19 189 3
194 147 4
79 171 2
184 144 1
18 154 2
90 104 4
113 24 1
1 18 3
5 116 2
91 118 2
20 147 1
6 129 4
79 156 4
90 187 4
68 161 4
84 51 1
198 188 4
4 32 3
161 155 3
162 2 4
155 188 1
119 188 4
145 134 4
156 11 3
144 197 4
105 159 2
70 50 3
96 132 1
92 123 1
194 42 3
195 158 4
96 124 3
191 36 1
23 71 4
31 137 4
81 151 1
116 54 1
199 122 2
159 33 3
173 34 1
118 198 2
150 71 4
175 87 2
13 34 3
0 17 3
158 1 3
25 174 2
13 49 2
105 158 3
117 113 4
3 84 2
31 49 2
35 193 1
146 181 3
41 92 4
109 76 3
19 24 2
145 112 1
179 102 1
199 182 2
49 190 4
165 0 3
97 14 2
34 190 2
92 83 3
40 68 3
126 71 4
53 30 3
70 81 3
77 84 2
155 133 4
54 186 2
161 121 1
198 85 1
172 64 3
187 37 4
87 41 1
73 58 4
0 191 3
2 58 1
117 96 4
9 187 3
166 105 2
129 82 1
108 80 3
169 88 2
82 142 1
178 31 1
8 185 2
131 3 4
21 91 4
148 34 3
199 30 4
194 97 2
148 163 4
166 88 2
38 78 2
193 67 2
183 123 1
55 118 3
184 82 4
132 90 4
97 172 2
34 82 3
87 24 3
177 48 1
199 115 4
114 154 1
96 62 4
182 58 1
173 185 1
129 164 1
44 87 4
17 97 3
119 199 1
150 61 1
92 192 3
102 43 1
199 102 3
81 157 3
55 166 3
167 21 1
142 115 2
62 61 1
121 187 3
193 165 3
197 12 2
15 129 3
170 165 2
103 22 3
134 65 1
129 162 3
61 54 3
142 119 2
121 99 3
152 185 4
50 131 4
12 21 1
30 31 1
98 35 4
104 34 2
143 9 4
136 158 2
136 86 1
40 14 4
25 134 3
171 106 2
36 160 4
181 189 4
178 196 4
109 57 1
189 20 4
35 119 1
110 187 1
58 112 2
33 143 2
122 97 1
198 174 4
93 22 4
34 18 4
110 104 2
157 161 3
128 80 1
166 42 4
168 179 1
92 79 4
25 193 4
159 42 1
10 85 4
14 124 3
131 19 3
77 86 3
182 119 1
100 161 4
156 47 3
52 121 4
167 137 3
71 78 1
74 35 2
86 64 3
23 106 1
105 128 4
86 87 4
139 50 1
3 73 1
179 67 1
89 129 3
92 80 3
23 164 3
8 44 2
176 160 3
71 181 1
153 6 3
74 57 2
20 140 4
77 91 4
0 195 4
157 55 3
164 197 1
195 97 2
128 5 1
24 173 4
136 13 4
29 26 1
30 124 1
173 143 2
93 77 2
141 102 4
102 148 1
21 117 2
3 173 2
188 37 4
16 152 2
16 97 4
154 63 3
77 138 2
40 77 2
48 188 3
154 71 4
136 172 1
146 82 4
80 192 3
102 94 4
45 38 1
93 188 2
58 54 4
11 19 3
117 28 2
5 9 1
153 179 4
7 174 4
174 23 4
51 193 2
45 129 2
80 158 4
106 11 4
139 127 2
38 95 1
2 67 4
64 7 4
125 96 4
2 10 1
97 7 2
12 2 2
22 55 1
169 82 1
75 102 4
171 51 2
142 68 1
99 47 2
154 100 2
164 92 4
188 162 4
196 46 1
21 149 2
8 81 3
18 21 3
17 89 2
12 18 3
77 78 4
20 181 1
31 105 3
179 65 2
116 123 1
103 171 1
175 14 3
108 109 3
63 179 4
100 42 1
11 139 2
81 176 2
97 188 3
165 171 1
18 166 2
109 68 3
107 117 4
79 34 3
3 175 4
113 177 2
88 74 4
88 11 1
176 188 3
181 87 4
94 21 4
5 12 2
88 130 1
15 50 4
191 92 1
102 6 1
161 190 4
70 39 2
112 166 1
81 7 3
167 19 4
116 115 2
149 69 1
15 127 3
181 69 4
30 61 3
64 49 3
84 141 2
92 71 4
86 110 2
168 184 3
191 111 2
106 175 1
198 42 3
123 91 4
44 162 4
85 167 2
27 41 4
125 68 2
8 91 4
175 9 3
105 132 3
8 17 1
180 109 4
174 154 3
51 119 3
93 101 4
38 169 3
74 148 2
96 89 3
6 63 3
54 157 4
75 198 2
154 110 3
134 117 3
148 13 1
160 62 4
63 83 1
44 27 3
52 199 1
190 84 3
128 94 3
184 186 4
173 197 4
167 38 3
12 137 2
127 165 4
129 118 1
63 5 2
116 2 2
134 168 3
183 175 2
20 98 2
140 45 2
132 32 3
152 142 1
53 8 4
138 174 4
65 2 4
30 157 4
89 93 1
57 99 3
137 78 4
131 110 1
169 186 2
98 46 4
24 8 2
136 85 2
83 193 4
173 27 2
86 148 2
28 178 1
24 128 1
102 138 4
187 13 3
182 196 1
160 71 1
121 143 3
180 99 1
25 47 3
73 27 1
120 124 4
103 133 2
44 189 2
143 93 1
167 161 3
160 144 4
101 94 3
1 15 2
188 193 4
70 143 4
154 157 1
170 137 1
126 106 3
102 104 2
77 21 1
87 12 1
198 56 3
93 21 4
95 54 1
32 148 3
7 157 1
178 127 2
68 85 1
118 56 1
25 130 4
111 12 3
181 28 4
152 145 1
99 67 1
88 176 2
38 57 4
174 84 4
8 172 1
19 23 4
28 164 3
8 150 3
92 173 2
26 75 2
59 130 3
0 185 3
5 166 3
116 142 3
158 131 2
9 75 2
185 190 4
117 195 3
28 187 2
153 85 4
156 31 3
61 41 4
114 9 4
72 39 3
130 6 3
142 97 2
193 24 4
111 7 4
185 167 2
64 151 1
122 167 2
10 28 3
91 18 1
39 31 2
66 46 3
49 180 4
63 194 4
81 184 2
0 142 3
25 145 3
165 119 4
153 52 2
32 47 2
193 149 3
43 15 3
9 79 3
32 14 3
138 60 3
81 179 1
0 179 2
118 110 1
188 129 1
73 10 4
76 22 1
73 108 4
84 95 1
34 96 3
141 33 4
53 159 1
131 190 2
4 75 2
31 114 2
92 86 3
108 152 3
147 150 2
181 166 1
172 173 1
126 56 4
168 120 3
187 83 4
160 35 4
195 63 2
197 182 2
9 122 2
7 71 4
133 55 4
147 140 3
128 112 2
80 29 2
58 27 1
110 44 2
190 94 3
139 9 1
179 181 3
35 112 3
26 22 3
84 59 2
34 26 2
44 133 4
171 123 1
99 136 2
164 145 4
67 40 2
7 6 4
173 76 4
169 196 3
184 89 1
117 44 2
10 115 4
23 95 3
175 70 1
58 5 3
197 59 3
34 64 3
42 120 1
74 77 4
54 101 4
186 91 2
9 28 3
98 17 4
70 79 4
180 11 4
147 148 2
58 161 2
65 68 4
145 150 4
96 121 3
62 84 1
17 55 3
156 4 4
174 151 3
104 62 1
149 10 3
115 165 4
190 165 3
148 172 3
153 176 4
193 151 2
148 71 4
145 195 3
54 152 1
190 60 4
19 129 2
5 110 4
183 28 1
131 103 1
11 38 1
31 33 3
148 22 2
166 79 2
135 151 2
121 44 2
190 35 4
163 171 3
60 11 1
168 153 1
155 92 2
106 183 2
149 72 4
83 68 2
77 131 3
86 98 3
64 77 1
82 108 1
133 4 1
75 69 2
180 119 1
160 82 1
183 140 4
178 9 1
111 139 3
172 73 4
155 73 1
36 50 1
103 159 1
94 13 3
7 34 4
115 8 3
158 47 1
36 62 2
46 5 2
53 194 2
121 191 1
127 8 3
38 151 2
188 141 2
143 120 3
118 8 2
96 194 4
54 42 4
61 119 3
78 1 4
18 103 2
119 128 4
197 150 2
15 49 3
34 80 4
105 171 4
102 188 1
7 27 3
155 63 4
117 109 4
15 45 1
103 57 3
189 197 1
41 162 4
93 34 2
155 67 2
194 100 2
91 9 4
140 148 1
154 189 3
165 158 3
148 47 2
66 149 3
4 169 3
187 51 1
35 28 1
28 43 3
121 118 3
93 139 1
27 98 1
13 81 1
106 196 1
129 35 3
156 158 4
93 182 1
96 5 4
27 155 2
113 74 2
160 174 1
191 178 4
93 145 1
162 183 1
14 151 1
50 100 3
165 124 3
44 68 4
79 91 4
162 157 3
14 159 1
77 127 2
170 48 3
167 119 3
13 91 4
56 109 3
97 183 2
23 53 2
158 190 3
55 5 1
136 157 3
189 6 4
102 37 4
27 6 4
128 9 4
122 102 3
24 51 3
82 135 3
100 63 2
98 118 1
167 139 2
2 31 4
47 56 2
165 80 4
83 106 1
100 17 1
0 99 4
91 94 4
153 194 1
158 42 2
169 116 3
55 7 4
164 2 1
124 160 4
12 100 1
79 10 4
29 43 1
2 145 1
195 192 2
126 175 1
188 89 1
163 162 3
137 154 4
62 107 2
184 75 3
154 127 2
4 141 3
197 11 1
40 75 3
56 124 2
53 123 1
88 115 4
64 144 3
95 58 2
40 183 4
80 72 2
158 27 1
20 165 1
170 195 3
186 21 3
107 74 3
139 92 2
69 111 3
139 193 3
119 44 4
187 78 2
62 21 4
42 18 4
109 95 3
29 64 1
148 73 4
165 174 1
29 133 4
183 73 4
65 37 4
40 138 4
172 131 3
163 32 2
182 52 4
153 92 2
85 59 4
144 162 4
74 153 4
17 51 3
139 99 4
34 159 2
35 128 3
36 195 4
153 132 1
4 14 4
32 2 4
189 162 4
86 17 4
174 195 2
185 128 3
156 65 1
58 172 3
110 113 3
106 148 2
163 9 3
161 140 1
33 120 2
170 162 2
178 101 1
188 49 4
53 176 2
167 166 4
171 75 4
143 83 1
154 7 3
72 90 4
149 89 4
50 11 1
134 159 3
19 199 3
102 169 4
198 25 4
173 180 4
156 107 2
47 58 2
83 178 1
179 110 1
144 180 1
104 113 2
61 68 1
121 149 3
27 162 4
22 118 4
170 177 1
36 133 4
94 54 1
95 81 4
37 31 1
93 28 2
119 198 1
111 177 1
165 37 4
122 168 1
145 70 3
44 57 3
16 162 2
185 41 2
115 86 3
42 161 1
101 10 2
43 24 2
68 102 3
118 165 4
124 157 2
134 195 4
121 162 4
90 73 2
102 107 1
107 16 1
168 67 3
77 2 1
77 185 4
30 123 4
104 78 2
118 96 3
11 159 2
187 33 4
175 98 1
130 15 3
169 170 4
73 130 3
173 10 3
82 138 4
34 153 3
137 177 1
130 192 4
165 14 4
1 44 1
9 169 2
152 149 3
150 128 2
161 133 1
83 115 4
153 26 2
167 22 4
107 75 4
31 157 3
155 187 4
142 186 4
109 54 2
127 159 3
67 75 1
138 185 4
162 181 4
79 54 1
161 18 3
47 177 4
94 154 1
199 158 3
122 177 1
178 21 1
18 46 1
195 50 3
52 60 2
159 156 1
112 173 1
14 92 4
189 42 2
163 4 2
51 199 4
139 184 3
112 194 2
118 5 3
135 102 2
35 158 4
74 139 1
179 112 4
175 188 3
179 196 2
190 91 3
140 94 4
190 170 2
46 155 2
49 114 2
188 178 2
96 97 3
121 4 1
32 24 1
171 181 2
142 105 1
124 105 4
96 55 4
115 187 1
107 184 1
84 135 3
174 136 1
83 6 3
73 123 1
20 3 4
137 108 2
188 169 2
69 162 4
127 111 3
51 68 3
68 183 1
60 114 4
118 75 3
86 54 1
23 21 2
133 7 1
166 163 1
3 80 2
190 146 1
72 15 1
0 114 1
158 65 2
75 33 4
184 93 4
36 174 1
178 150 2
36 74 2
107 79 3
51 30 2
93 74 2
55 165 1
99 63 3
24 107 4
199 36 4
49 108 4
41 33 3
38 42 4
138 163 2
64 194 3
84 149 4
169 100 3
75 135 2
96 82 1
136 63 3
28 165 2
130 99 2
48 23 4
50 166 4
149 63 4
125 63 4
66 11 4
64 109 3
152 94 3
143 41 4
112 86 3
31 104 1
137 28 3
36 131 3
104 43 4
7 17 1
14 186 1
169 149 2
32 135 3
44 54 3
195 6 3
52 58 1
23 91 1
171 50 1
109 92 1
167 28 2
183 25 4
59 170 3
139 12 3
108 17 3
189 144 4
55 186 3
82 143 3
173 26 1
8 46 3
116 172 1
173 135 1
20 76 3
86 151 1
36 42 4
198 186 2
146 4 1
137 189 2
177 135 3
40 112 4
10 122 1
113 82 1
178 142 4
21 82 1
186 148 1
189 174 1
55 197 3
12 179 1
176 123 3
138 57 3
144 14 2
17 180 3
33 39 4
121 146 1
18 111 4
22 90 1
124 72 3
127 44 1
149 0 4
105 156 4
132 149 2
117 49 3
56 113 2
144 145 1
176 96 4
51 25 4
40 0 4
66 195 4
195 136 4
62 41 3
161 63 3
171 197 4
152 188 2
35 31 2
94 189 2
171 199 1
175 15 3
174 144 1
139 25 1
53 167 3
62 143 2
165 157 1
146 32 1
121 12 4
16 8 3
61 64 3
107 96 1
16 68 3
139 48 2
181 192 2
53 103 2
117 177 2
50 22 4
81 24 4
153 152 1
103 48 1
145 105 3
157 36 2
17 35 3
13 12 4
178 77 4
192 6 2
120 151 2
188 123 3
30 141 3
194 128 4
191 85 1
101 177 3
126 0 4
2 113 4
184 42 1
135 149 4
176 27 4
137 112 2
123 85 1
5 186 2
29 109 3
43 187 2
7 26 3
99 94 3
90 36 1
45 83 4
19 190 4
86 97 4
9 120 4
20 10 1
185 101 4
74 87 3
66 97 2
8 147 1
161 119 1
85 115 1
61 194 4
65 7 2
9 54 1
67 36 2
7 92 4
100 43 4
98 117 1
127 84 3
150 132 1
143 81 4
183 62 1
103 73 3
143 134 4
13 63 1
58 15 4
132 146 3
175 198 2
168 137 4
59 189 2
156 78 2
178 193 1
84 35 3
106 77 2
19 9 2
127 48 2
114 84 3
95 165 4
110 115 2
108 91 3
106 94 1
42 187 2
85 69 1
59 99 3
4 90 1
72 32 1
96 6 3
114 1 2
198 155 2
104 119 3
74 37 2
141 194 1
185 12 1
28 198 1
157 19 1
46 112 4
182 139 3
1 142 1
59 80 3
191 103 2
156 10 1
164 79 4
160 15 2
1 197 3
82 42 4
83 46 1
17 126 3
166 11 4
54 156 4
37 62 2
41 23 4
182 170 3
191 98 1
90 55 2
43 16 2
8 119 4
30 7 2
48 175 2
37 55 4
109 11 2
195 58 4
13 159 2
28 169 1
70 142 2
5 183 2
63 15 4
173 146 3
184 14 3
47 147 2
184 65 2
166 189 4
20 176 3
8 83 2
169 189 1
108 122 3
96 166 2
189 146 2
38 187 4
198 12 1
181 102 4
24 14 2
35 120 4
185 143 1
27 79 1
134 33 3
32 141 4
106 108 2
67 11 2
138 16 3
127 187 4
193 120 3
145 47 1
117 194 4
157 106 3
4 56 4
147 129 1
4 30 4
153 150 1
0 125 4
114 56 1
14 87 1
151 68 1
114 115 2
186 49 4
43 136 2
46 189 3
47 181 1
52 11 1
50 14 1
188 87 2
11 65 4
119 94 2
85 34 4
131 184 3
68 14 4
105 39 1
160 56 1
143 112 4
73 38 4
2 70 1
139 169 1
157 70 4
0 15 4
76 0 1
169 108 3
82 130 2
2 45 4
111 23 3
29 120 4
51 161 3
136 95 3
182 162 4
6 42 4
28 87 3
135 117 2
45 46 4
25 88 3
150 20 2
72 139 4
74 71 1
25 137 1
114 140 2
78 191 3
165 43 3
138 23 4
85 188 4
73 76 2
124 2 4
122 130 2
173 9 1
40 43 3
7 14 1
151 57 4
6 30 1
83 117 4
67 79 4
124 48 4
101 102 1
84 89 4
53 143 1
106 121 3
195 159 2
3 29 4
174 9 1
29 132 1
196 31 2
146 1 3
40 49 2
119 96 2
149 191 4
15 74 4
80 48 1
123 76 3
159 126 4
164 172 1
93 152 3
80 89 3
125 133 2
157 77 4
105 127 3
56 49 4
33 44 2
127 42 1
89 55 3
154 26 3
37 96 3
82 38 2
80 150 2
168 193 2
11 32 4
54 62 1
103 52 1
63 162 4
126 137 2
189 1 3
80 57 3
42 116 3
53 190 4
121 39 3
3 26 2
93 169 2
39 152 3
80 122 3
52 66 3
64 131 2
72 177 3
111 50 3
154 37 3
134 96 2
88 189 4
3 157 2
145 113 2
38 134 3
28 61 1
108 140 2
25 43 3
20 56 1
112 91 1
76 194 1
58 138 3
82 157 3
21 57 1
174 150 4
123 42 1
177 172 2
38 5 4
82 118 3
186 63 1
111 125 3
51 0 4
188 142 3
103 95 2
126 42 2
152 0 1
53 161 2
66 32 3
50 6 1
120 10 2
136 100 1
156 97 2
48 94 3
155 142 2
108 133 4
111 187 3
175 51 4
189 12 1
134 85 3
144 12 2
125 74 2
45 87 4
107 162 3
117 126 2
177 44 4
79 194 4
146 140 2
181 75 4
31 6 1
112 152 2
92 26 2
151 62 3
142 169 2
77 61 2
21 110 1
102 27 4
33 2 3
18 32 2
182 83 1
142 71 4
128 59 1
162 165 1
83 177 2
58 160 4
157 158 3
160 96 2
4 66 1
77 103 3
53 98 3
53 12 3
157 14 1
154 164 1
158 170 1
177 99 2
122 82 2
91 104 1
187 58 4
99 119 4
142 48 1
72 161 4
19 93 3
130 129 3
90 128 2
178 177 2
98 42 4
91 130 2
194 150 4
33 154 3
1 47 1
127 20 4
2 72 2
97 89 1
88 79 3
173 149 1
178 55 4
157 103 1
192 173 2
179 138 2
86 45 4
181 116 4
194 11 1
145 33 1
139 54 2
186 27 3
75 108 4
88 22 4
42 58 2
37 170 2
129 65 1
27 89 1
78 115 4
45 110 4
66 60 2
182 30 4
86 159 2
51 13 4
107 110 3
111 68 3
25 69 4
31 190 2
192 101 2
176 78 1
68 41 4
116 34 4
68 23 2
71 13 3
79 113 1
34 197 1
13 110 3
48 171 4
178 119 2
179 125 2
96 30 2
57 96 4
47 33 3
18 13 4
123 61 1
96 162 3
27 59 4
157 127 3
37 147 1
115 170 2
97 73 1
7 22 3
59 152 1
15 31 4
58 130 1
135 30 3
106 34 3
81 63 4
162 146 3
99 42 4
144 141 3
25 136 1
32 127 4
153 131 3
99 184 2
92 181 1
189 124 1
163 7 4
83 61 4
176 57 2
118 147 1
24 134 2
149 148 3
64 103 1
133 70 4
46 190 4
6 158 3
12 58 4
2 99 2
14 57 4
150 35 1
111 97 2
145 58 2
130 9 1
189 40 3
124 32 1
173 58 4
54 98 2
160 61 4
144 178 3
186 8 4
143 142 1
13 98 4
104 178 1
156 75 4
182 181 2
86 76 3
150 181 1
155 147 1
3 60 1
39 141 1
47 41 3
100 55 1
72 105 1
90 68 4
18 79 2
52 110 3
35 37 4
101 158 2
22 58 1
3 77 3
194 129 4
135 55 2
133 127 1
62 138 1
150 79 2
104 95 4
42 62 2
72 103 1
3 28 2
124 136 2
136 5 2
147 59 1
72 112 1
115 194 2
15 9 3
128 46 1
175 194 1
120 82 2
153 146 1
38 58 1
108 6 4
154 15 2
122 113 1
182 140 2
20 87 1
192 61 3
152 154 3
189 18 3
88 117 4
111 81 3
44 18 4
97 87 3
71 179 3
25 192 2
99 176 4
48 93 2
107 4 3
78 44 2
191 83 1
118 125 3
93 167 4
166 124 2
41 43 4
109 119 1
112 183 3
155 100 2
133 12 2
192 121 2
18 10 1
62 32 4
117 13 3
28 128 4
117 190 1
174 133 4
134 30 4
134 112 4
123 115 4
135 41 2
190 37 4
172 18 2
119 147 1
134 17 3
91 28 4
128 113 1
179 85 3
36 6 4
128 0 3
181 39 2
196 55 4
73 198 2
62 56 3
120 162 1
192 87 4
1 0 3
194 9 3
160 39 2
63 47 2
46 89 4
116 108 1
31 189 1
110 87 2
38 65 3
88 27 4
133 11 4
110 170 3
36 35 3
81 177 4
40 6 1
93 106 2
134 104 4
136 186 1
15 193 4
94 95 3
127 91 3
190 135 4
139 199 2
135 153 1
134 47 3
22 84 1
1 151 3
142 191 3
97 196 2
30 127 2
53 157 1
20 39 4
104 76 1
72 156 4
102 67 2
11 119 2
133 129 2
14 95 2
147 71 4
92 125 4
93 137 2
66 150 3
183 148 2
118 108 1
26 145 1
100 118 3
40 173 3
156 191 3
2 63 3
77 133 4
125 113 1
171 117 4
5 196 3
113 15 3
131 111 2
33 119 1
7 53 4
178 139 1
79 144 3
57 173 3
28 159 2
90 24 1
103 161 1
55 49 3
107 21 1
23 4 2
105 60 2
36 3 1
42 109 4
38 138 2
12 93 2
120 92 1
182 151 3
180 89 1
99 73 2
15 162 1
2 61 3
139 170 4
192 40 1
71 56 3
194 35 1
146 158 3
132 134 2
176 86 1
187 161 4
163 69 2
177 73 4
106 170 4
72 18 1
69 49 4
38 193 3
190 176 1
164 19 2
118 34 1
80 139 3
146 50 1
129 195 4
138 167 1
54 83 4
132 11 3
113 58 2
39 53 1
43 21 4
141 154 4
131 0 3
75 68 2
155 158 1
98 120 2
19 66 2
190 40 4
31 26 1
148 89 4
122 40 4
160 12 2
175 33 4
66 137 4
61 9 4
12 90 1
121 7 4
64 45 2
138 39 4
6 3 1
88 9 3
55 82 3
23 176 4
51 163 3
7 168 2
65 76 1
61 11 4
5 149 4
152 129 4
126 31 3
128 191 1
194 155 3
194 90 2
189 156 4
76 178 3
147 92 2
194 140 2
146 60 3
105 141 2
152 45 1
56 8 4
128 167 3
189 5 3
78 27 2
10 16 3
94 69 1
104 84 4
93 153 3
30 55 1
21 195 1
61 161 2
79 149 4
186 115 1
119 189 4
18 126 2
20 145 3
54 68 4
135 140 2
11 43 4
95 97 4
175 120 1
191 79 4
135 111 2
189 41 4
79 57 4
123 100 3
177 61 1
129 115 3
186 163 3
59 154 4
23 55 1
41 153 2
34 130 3
137 119 2
34 185 2
106 109 2
158 76 4
153 190 3
107 41 1
151 111 2
60 162 4
180 132 3
126 188 3
81 107 2
32 70 3
100 156 4
163 29 1
54 20 1
82 107 2
111 130 3
42 28 2
126 67 4
186 66 2
10 164 4
8 104 3
138 119 3
90 108 4
41 128 3
124 150 1
68 46 3
198 187 1
50 65 3
150 169 2
110 112 4
124 80 4
68 70 1
51 137 2
151 97 3
152 141 2
155 127 1
50 94 3
30 12 2
58 16 1
115 178 4
91 169 3
173 36 1
122 163 3
173 47 2
35 91 4
94 32 2
166 139 2
57 81 4
7 75 3
110 40 1
97 116 1
115 42 4
79 22 3
23 28 1
127 121 1
190 43 4
30 23 4
34 24 4
100 144 3
49 160 3
160 27 1
169 56 2
0 134 3
168 147 3
75 172 3
162 124 2
151 92 1
1 9 3
56 89 1
53 166 1
76 145 1
166 4 4
164 138 2
172 120 3
54 76 2
91 143 1
153 184 3
47 79 2
97 126 4
47 53 2
45 19 3
120 84 3
80 160 2
8 50 2
50 30 4
125 158 2
171 87 2
71 57 1
6 174 3
103 37 1
96 172 2
85 36 2
101 84 3
114 5 4
19 57 3
56 50 1
18 116 2
132 129 2
191 118 3
17 20 1
126 77 1
152 102 2
24 152 1
187 146 4
140 122 4
114 112 4
155 169 1
16 128 2
19 40 4
127 145 3
116 85 2
7 172 3
15 26 1
87 170 3
81 99 4
32 170 2
138 129 3
62 162 3
93 64 4
73 5 4
82 78 4
114 128 4
15 82 2
62 191 4
130 126 2
74 169 4
80 93 4
36 8 2
141 85 4
53 188 2
87 9 3
44 101 1
93 97 4
131 27 3
47 192 2
88 77 1
108 135 4
157 72 3
49 151 2
89 192 1
44 185 2
171 133 4
94 8 1
6 169 3
59 14 4
38 17 2
143 166 3
109 191 2
161 90 2
63 117 4
129 32 2
182 51 2
94 157 2
11 24 4
145 61 1
23 146 2
0 84 3
13 158 4
36 177 3
81 91 3
178 82 2
131 63 3
181 139 2
43 36 1
193 76 2
27 161 4
61 97 2
44 38 4
49 167 1
23 171 4
127 107 4
99 105 2
49 181 4
183 198 2
43 161 4
52 187 3
29 75 1
11 163 1
50 147 1
174 27 2
102 14 3
44 159 4
178 61 2
143 30 3
101 103 2
4 0 1
193 8 3
173 133 1
161 62 3
165 9 3
157 142 1
149 70 3
166 25 4
161 176 3
162 21 4
192 3 4
161 6 2
126 149 4
58 45 1
102 114 2
198 136 1
43 81 2
79 78 1
80 171 4
187 140 3
83 57 2
141 81 2
149 41 4
49 43 1
183 59 4
127 92 2
35 196 3
56 120 3
143 20 2
30 5 2
185 135 3
194 177 4
182 27 4
77 125 4
40 141 2
149 39 3
62 59 3
0 168 1
134 22 1
76 61 2
50 113 1
163 155 3
154 87 3
22 100 3
185 90 1
166 69 1
144 176 2
87 147 3
58 55 3
134 77 1
170 93 4
165 106 3
147 154 3
111 21 4
39 27 4
36 103 4
166 198 4
151 80 4
10 138 3
99 46 1
193 99 1
63 138 2
71 199 2
5 35 2
113 194 3
2 198 1
28 69 1
130 196 1
53 6 2
112 93 1
197 64 4
152 192 3
172 99 2
135 191 4
100 23 4
159 88 2
81 65 2
50 182 4
163 10 1
44 180 2
31 167 4
22 178 1
190 45 3
145 181 3
51 47 4
144 127 2
195 96 1
109 145 4
2 53 4
176 56 2
149 108 2
169 73 2
116 190 2
185 199 4
100 5 1
66 155 3
104 63 3
43 20 3
99 9 2
43 159 2
37 11 1
75 94 4
188 121 3
177 191 3
127 106 1
176 64 3
81 89 1
164 40 1
61 60 3
87 135 2
22 95 4
199 141 4
99 62 2
136 46 2
137 84 3
127 162 4
110 47 2
61 102 2
133 121 2
87 72 4
76 163 3
44 37 2
101 99 1
14 100 3
32 52 3
7 83 3
100 110 3
105 91 1
40 61 1
188 44 4
70 13 4
140 142 2
64 38 3
156 14 2
94 127 3
31 3 4
57 113 2
27 138 4
93 98 3
137 165 1
65 145 1
107 78 4
78 118 4
176 104 2
125 188 3
155 23 3
10 27 2
59 76 2
87 150 1
161 114 4
172 152 4
121 73 3
176 47 3
161 142 1
20 109 3
14 152 3
18 140 1
156 186 1
117 163 2
94 68 3
47 104 4
66 175 1
151 21 2
173 118 3
65 17 4
67 26 4
187 60 2
169 199 2
99 156 2
185 14 1
168 169 4
144 26 4
128 25 2
29 72 1
11 146 3
186 81 2
28 116 1
177 11 4
178 93 3
5 0 1
26 197 3
36 125 1
31 154 4
79 102 4
148 137 1
55 108 1
84 165 4
87 104 4
93 1 2
149 51 3
57 178 1
13 128 2
158 188 1
6 4 3
20 47 2
41 102 1
6 139 4
118 199 1
187 82 3
39 103 2
191 127 2
38 135 2
127 58 2
107 2 2
105 183 2
193 66 1
192 122 2
178 129 4
114 173 4
58 3 1
49 139 2
178 182 4
127 54 2
188 19 3
16 146 2
93 15 4
189 74 2
135 34 2
11 16 1
44 63 4
193 164 1
182 157 2
55 41 4
29 151 1
19 135 4
181 44 1
72 38 4
147 81 2
159 101 1
81 44 3
181 144 3
40 15 2
159 69 2
59 83 2
172 184 1
66 112 3
132 9 3
95 118 2
35 92 3
196 191 4
172 34 1
167 62 3
108 44 3
47 52 1
184 72 2
80 43 3
153 23 2
73 176 3
148 104 4
76 138 1
163 30 2
188 65 1
148 170 3
69 84 1
63 37 3
168 173 3
98 88 2
90 13 4
78 175 4
48 45 4
33 184 1
142 10 1
190 167 2
88 20 4
59 55 4
132 6 1
17 11 4
137 187 2
158 117 3
41 46 3
6 171 1
68 107 1
121 27 1
87 176 1
125 5 2
48 129 1
143 71 2
96 12 3
121 46 1
174 28 2
109 88 3
155 110 2
152 35 4
83 175 1
146 66 3
153 127 2
83 142 3
112 155 4
55 167 1
35 53 4
81 53 2
174 82 1
187 174 3
8 125 3
153 155 3
130 181 1
47 26 4
38 26 4
30 128 2
33 167 1
87 90 2
88 62 4
70 119 3
65 59 2
100 160 1
57 119 4
164 51 4
10 50 1
178 130 1
23 199 3
134 97 3
63 97 1
114 91 3
128 43 1
131 59 4
96 91 2
173 55 1
110 14 3
139 90 1
84 49 4
36 111 2
49 41 3
16 126 3
137 37 4
188 110 3
68 32 2
28 65 3
77 184 2
175 21 1
194 69 2
155 101 4
146 174 3
166 107 2
190 122 2
184 170 4
187 134 4
176 16 2
94 89 3
56 77 2
27 66 2
43 99 4
75 2 3
55 19 2
27 164 1
168 186 2
83 40 3
72 111 2
116 193 2
134 185 1
164 56 1
78 188 2
21 2 2
43 34 4
13 176 4
149 109 2
147 132 4
96 72 4
140 86 1
92 106 4
116 83 3
59 20 3
95 190 4
160 139 3
142 67 4
172 186 2
188 98 4
119 22 4
18 65 3
70 10 4
72 31 3
147 178 4
102 72 3
142 42 3
168 44 3
16 109 1
110 58 1
197 91 2
127 96 4
8 162 2
68 198 3
188 130 1
17 47 4
129 67 3
16 183 4
11 196 3
155 151 2
55 185 2
53 42 1
176 71 1
177 10 2
57 37 3
53 55 1
167 168 2
160 185 4
99 48 2
45 117 1
96 112 2
189 170 2
23 83 3
186 19 2
59 144 4
32 87 2
51 15 1
114 183 4
126 189 3
97 78 3
148 39 4
186 104 3
66 136 1
82 126 4
134 28 3
34 180 3
107 15 1
75 110 4
174 137 3
13 111 1
78 153 4
175 104 3
131 148 1
131 55 4
50 120 2
63 181 1
188 61 1
138 159 2
86 57 3
138 36 3
134 102 2
88 2 4
92 93 3
77 7 3
117 57 3
30 16 1
33 188 1
84 19 3
22 4 4
55 16 3
5 171 2
152 22 1
190 29 4
182 76 2
100 150 4
123 48 1
24 180 1
30 1 3
138 96 3
184 96 3
80 130 3
35 50 2
195 51 2
38 84 4
94 186 3
21 11 3
193 157 4
43 162 3
160 101 2
87 156 4
149 73 3
118 109 2
192 15 1
100 134 2
30 85 2
128 153 1
55 111 4
119 193 4
118 107 1
181 191 1
57 11 3
47 155 4
182 64 4
65 178 2
58 19 2
12 63 3
179 92 4
149 75 2
192 22 2
103 185 4
64 115 4
18 138 1
161 188 2
145 68 3
118 114 1
192 127 1
146 183 3
199 67 3
134 179 3
166 1 3
71 162 4
22 150 1
30 119 4
170 129 2
18 98 1
174 141 3
40 150 1
35 48 2
44 122 1
8 41 4
177 199 3
39 104 4
132 40 4
42 137 2
165 40 4
91 109 4
133 50 3
160 136 3
193 194 1
39 60 3
76 89 2
150 198 3
169 157 3
13 5 1
76 53 3
100 119 4
148 45 3
175 95 3
162 76 4
172 196 3
100 96 1
185 133 2
103 194 4
101 195 2
38 63 3
103 151 3
87 25 3
40 71 2
83 100 1
112 136 3
66 50 4
55 94 1
11 160 2
170 7 4
56 84 1
41 98 2
1 144 3
197 98 4
81 32 2
61 137 3
103 115 2
174 60 1
22 185 2
52 178 2
145 140 4
10 74 4
181 24 3
70 132 1
115 74 3
185 179 3
167 17 1
171 150 2
60 171 2
187 132 4
59 19 3
9 108 1
74 51 4
76 48 3
109 194 2
110 103 2
80 179 3
29 52 3
119 102 4
84 188 1
23 76 4
147 149 4
196 185 3
117 69 2
88 110 3
70 144 3
153 45 1
102 100 1
99 27 4
189 192 3
163 39 4
151 153 1
24 61 4
22 64 2
59 161 1
188 35 4
169 27 3
162 28 1
185 67 3
171 182 4
128 23 3
0 67 2
148 51 4
23 137 2
133 109 1
91 52 4
129 31 4
102 53 4
171 25 1
73 41 4
182 132 4
48 137 2
119 144 3
90 98 4
123 178 4
155 166 2
196 15 3
44 35 3
118 102 2
12 27 3
3 93 4
20 154 3
146 106 3
137 68 1
52 177 3
51 192 3
168 190 2
59 137 4
132 68 1
198 30 2
114 153 1
70 53 4
133 95 2
2 192 3
131 81 2
7 196 2
128 141 4
194 137 1
69 56 3
95 13 1
64 156 1
114 33 3
125 173 4
44 199 1
142 40 3
43 22 2
93 105 2
163 115 2
29 140 2
129 49 3
9 92 1
175 139 1
141 193 2
126 146 3
135 91 4
180 92 2
156 118 1
61 80 1
139 145 3
173 142 3
94 40 1
199 163 3
62 188 3
97 98 4
148 4 1
172 133 3
98 36 1
101 111 3
57 192 4
162 100 2
175 29 3
51 64 2
183 193 3
37 92 2
42 195 1
46 152 4
56 38 4
11 191 1
165 87 1
43 64 1
75 91 3
135 101 1
6 142 4
34 84 2
116 186 2
146 119 1
118 168 4
179 192 1
93 175 3
9 177 3
147 21 1
27 177 1
16 140 3
152 78 3
67 81 3
48 122 1
194 181 1
23 157 1
15 179 4
130 104 3
47 74 4
196 188 4
164 70 3
116 141 1
59 58 3
21 55 4
66 124 3
52 1 4
23 190 4
75 74 2
142 12 3
58 17 4
122 55 2
135 144 2
76 67 3
135 36 2
25 70 4
195 125 4
80 159 4
192 144 4
19 14 1
30 148 1
156 173 2
93 131 1
193 59 4
7 150 2
32 58 2
145 126 1
197 158 4
90 19 1
146 149 4
173 30 2
111 160 2
103 136 2
11 142 4
139 104 3
109 121 1
176 115 3
26 17 4
60 42 2
12 43 4
68 128 2
194 132 4
126 118 1
6 77 1
60 28 2
30 57 3
61 26 3
174 93 3
30 92 4
2 60 1
87 43 4
49 163 3
161 86 3
58 53 3
86 158 4
100 171 4
27 120 1
112 118 2
164 109 1
120 18 1
76 114 2
153 170 2
161 170 2
140 66 2
197 80 1
68 27 4
35 183 2
72 48 3
31 88 3
148 57 1
25 78 4
55 140 2
74 104 2
115 149 1
41 106 1
135 161 1
43 78 3
73 159 3
11 136 3
176 163 2
150 138 1
68 106 2
185 169 4
168 28 1
41 111 4
111 154 2
41 179 2
55 18 3
6 47 2
129 12 1
69 157 3
147 65 1
119 185 4
193 58 3
126 50 1
130 18 3
120 77 2
152 179 1
100 91 3
1 159 3
22 10 3
25 11 1
147 172 4
5 102 1
24 197 1
79 85 3
68 169 4
125 184 3
82 45 1
191 122 3
4 94 3
154 125 3
29 63 2
43 35 4
121 18 3
178 98 4
2 59 1
92 58 3
1 155 4
128 38 3
86 1 3
139 34 2
109 153 1
140 139 4
27 144 3
71 76 3
152 140 1
61 155 4
179 83 3
7 56 1
8 163 1
187 35 1
136 167 2
99 165 2
153 99 4
19 97 4
80 15 2
156 134 3
47 121 3
28 99 2
131 144 1
163 25 4
148 190 1
166 36 1
134 161 1
144 142 4
89 137 1
60 13 1
92 187 1
148 145 4
156 116 2
144 3 1
69 107 2
33 0 1
38 160 4
166 6 3
89 115 1
16 160 3
118 16 4
96 19 3
178 102 1
169 129 1
181 38 2
92 57 3
108 42 3
181 21 1
133 19 2
143 135 4
149 78 2
115 1 2
83 82 2
148 118 3
8 60 4
142 41 3
4 9 4
108 119 4
21 139 1
159 187 3
9 118 3
192 153 3
128 58 3
93 39 2
72 12 4
129 105 2
43 97 4
173 56 2
25 31 4
195 104 1
135 83 3
146 62 4
93 33 2
72 97 4
198 156 3
125 43 1
186 77 2
3 89 4
159 56 1
31 52 1
121 5 4
70 41 3
149 198 3
35 26 2
186 155 1
179 105 1
179 190 2
151 160 4
32 197 3
7 116 4
152 113 4
165 68 2
131 22 2
10 62 1
9 17 1
0 173 1
117 25 3
188 120 2
61 149 4
67 16 3
54 67 2
3 40 2
165 18 3
19 49 3
123 40 1
0 58 3
38 197 1
27 16 3
165 16 2
45 172 2
93 90 4
176 30 4
117 92 3
72 13 4
48 108 3
132 157 2
35 100 1
191 106 2
173 122 1
107 5 4
85 170 2
108 32 1
177 7 4
53 16 3
97 170 2
157 149 4
84 155 3
121 190 2
91 115 2
103 198 4
73 31 1
44 115 1
28 192 4
134 72 4
108 22 3
27 195 1
40 194 4
85 110 1
41 105 1
99 132 3
133 37 1
100 104 1
161 54 1
191 16 1
36 161 4
130 97 3
178 141 3
168 58 3
111 156 1
52 138 4
136 47 3
66 174 2
191 154 4
132 8 4
81 165 3
104 15 1
105 0 3
79 50 1
15 94 1
25 123 2
111 14 3
129 58 3
124 9 3
130 187 1
97 1 3
5 150 2
88 14 4
122 132 3
190 44 1
178 97 3
127 11 4
170 136 3
182 35 1
109 0 4
104 19 1
72 33 1
188 92 4
79 161 4
162 1 2
155 40 1
135 70 2
9 107 1
126 5 4
121 140 4
44 5 3
189 136 1
53 44 2
185 137 1
73 146 4
12 9 2
43 26 4
73 34 1
16 197 2
140 99 2
39 21 1
84 105 1
34 6 3
29 9 1
117 185 3
41 182 4
152 21 4
42 74 2
178 162 4
185 150 3
14 188 1
69 128 4
24 102 3
3 193 1
57 40 1
190 140 2
57 64 3
121 82 3
46 110 4
110 77 2
47 171 2
177 118 3
117 72 1
102 125 3
100 183 4
41 160 3
144 143 3
199 129 4
132 111 1
174 81 2
159 140 2
155 48 4
170 40 2
101 198 1
112 140 1
108 41 3
190 191 1
15 61 1
92 59 3
70 183 2
86 166 3
151 33 1
106 89 2
194 59 3
189 187 4
124 129 2
29 96 3
193 170 2
169 45 2
53 9 1
40 55 4
53 15 2
15 32 4
125 140 1
175 71 3
65 5 4
183 89 2
194 189 1
21 103 2
53 127 3
189 128 3
4 78 1
94 178 4
97 123 1
154 67 2
51 120 4
130 71 4
119 157 4
142 59 2
168 35 2
86 42 2
185 122 2
174 129 3
118 169 4
184 55 3
23 52 4
120 60 4
43 92 1
120 80 1
112 161 3
158 160 3
83 122 2
170 56 1
149 38 3
25 126 4
128 156 3
57 53 2
182 16 1
178 68 4
129 55 3
0 155 4
89 48 1
128 184 1
58 97 1
44 64 1
163 184 2
35 22 3
57 60 2
116 25 3
143 119 2
33 156 4
170 45 3
138 175 3
137 114 3
168 105 1
53 168 2
133 193 4
9 184 2
126 128 1
177 75 2
81 185 2
23 186 3
57 94 1
84 128 2
83 93 1
1 141 1
163 198 2
45 151 2
54 198 2
110 156 4
198 131 1
12 0 4
37 169 4
30 76 1
34 53 3
172 191 1
86 196 3
189 199 1
181 34 2
185 141 3
97 18 2
122 129 1
73 124 1
40 128 4
50 152 4
167 188 2
104 7 3
2 76 2
76 98 4
32 168 2
188 40 3
120 134 4
186 76 2
82 54 2
88 30 1
83 133 4
53 40 2
8 179 2
95 37 4
68 84 4
151 152 4
109 183 4
179 116 1
167 1 4
78 85 1
66 160 3
167 92 1
191 195 3
139 158 1
50 167 2
134 54 4
39 58 3
182 39 1
108 24 4
83 118 3
161 156 3
122 19 2
35 11 1
102 8 4
61 93 3
105 120 2
59 0 2
52 173 2
71 115 2
14 105 2
104 133 3
38 66 1
114 50 1
67 130 3
114 184 1
174 162 3
86 143 2
184 54 1
14 130 3
62 122 3
111 166 3
177 112 3
125 41 4
47 186 1
126 58 2
79 17 4
60 133 3
78 139 3
32 48 1
175 30 2
187 153 3
93 181 2
22 155 2
64 153 4
159 48 2
136 134 2
90 167 3
168 133 1
3 54 1
84 85 3
69 108 2
160 70 2
100 126 4
64 98 3
175 79 4
156 112 3
96 137 2
77 97 3
165 82 2
185 28 2
0 45 2
59 35 1
163 197 1
66 22 4
92 143 4
191 116 2
4 104 4
84 55 1
5 160 3
87 173 4
156 123 1
92 19 2
20 144 1
190 9 3
134 66 3
41 172 1
199 35 1
13 67 4
139 189 1
118 195 3
86 127 1
132 161 1
148 78 1
180 126 1
11 85 4
175 109 1
46 73 1
23 73 4
108 114 4
38 74 3
17 69 3
64 160 3
103 132 4
144 183 4
162 68 3
57 172 2
7 128 2
75 52 2
91 33 3
11 164 4
172 174 2
85 197 4
9 14 2
135 74 1
162 26 4
17 111 1
141 180 4
187 25 2
199 149 4
161 76 1
121 196 2
18 41 4
26 109 2
177 89 2
17 12 1
90 151 1
186 83 4
143 11 1
5 87 3
180 193 2
84 157 3
74 166 4
191 12 2
18 187 4
162 122 4
62 171 4
85 26 1
41 136 2
102 62 3
62 156 4
129 150 3
178 124 1
188 75 4
48 85 4
1 20 4
166 159 3
183 91 2
196 79 3
55 99 1
1 43 2
6 60 3
28 132 2
93 116 3
184 31 3
198 79 1
90 0 3
154 82 2
22 8 4
97 138 2
186 9 1
17 170 1
128 1 1
90 126 2
35 1 4
193 144 4
24 26 3
169 197 1
170 183 4
193 158 1
16 62 3
103 2 3
103 66 3
157 5 2
178 39 3
146 53 1
104 164 4
15 110 3
97 41 4
2 139 3
13 61 4
87 52 3
111 26 2
45 69 3
99 104 2
178 161 3
50 9 3
56 43 1
53 164 3
108 26 1
79 189 2
59 120 1
164 30 1
100 137 2
125 32 1
174 177 3
169 33 4
22 141 4
39 186 2
24 187 1
189 183 1
167 106 4
92 131 3
46 177 3
151 149 1
71 163 2
11 15 4
191 134 4
131 94 4
176 58 4
34 161 3
94 73 3
57 146 3
75 38 1
68 55 2
180 33 3
190 87 4
111 178 2
119 14 4
181 50 2
35 103 3
95 0 2
170 65 4
84 178 3
45 24 4
196 83 2
130 171 1
12 119 3
166 191 1
80 118 2
92 116 4
42 12 4
90 154 4
91 39 1
84 7 2
160 108 1
112 0 4
195 178 2
80 154 3
38 161 2
74 184 2
11 27 4
82 69 2
43 106 4
132 63 2
82 100 2
37 76 1
67 78 4
122 74 3
95 113 2
168 25 2
98 8 2
54 89 2
88 84 3
167 47 1
51 43 4
57 34 1
116 195 1
167 67 1
108 34 3
102 23 4
24 184 1
89 146 4
104 137 4
18 142 3
194 43 4
112 126 2
80 141 2
53 140 4
124 15 3
132 171 4
152 115 3
17 33 2
47 23 1
162 143 1
19 34 1
186 10 4
86 69 4
121 29 2
147 77 4
115 147 1
30 34 3
150 21 4
132 2 4
56 186 3
3 51 1
108 81 1
27 101 2
197 112 2
135 48 2
163 114 4
169 41 3
11 148 3
85 2 4
31 123 4
152 85 1
197 62 3
67 103 1
98 140 1
5 127 2
35 56 3
166 7 4
151 11 4
178 138 3
149 30 1
86 128 1
5 67 1
117 56 2
152 1 4
81 71 2
78 134 2
48 8 2
111 39 4
42 13 3
162 19 1
106 48 1
14 22 4
100 176 4
186 160 2
94 51 4
189 70 1
65 26 4
29 8 4
162 166 1
38 196 3
137 109 1
65 167 3
162 123 3
140 168 3
13 112 4
53 151 3
112 61 4
172 12 4
27 36 1
30 46 2
113 63 3
164 110 1
93 154 3
191 59 3
54 34 2
125 42 1
20 122 2
118 40 3
117 169 1
113 186 3
55 148 2
119 118 1
105 193 2
16 114 4
84 172 1
17 199 2
65 91 1
6 145 2
114 177 1
12 85 1
57 77 4
65 66 1
88 85 1
10 98 3
16 175 3
43 46 1
58 48 2
100 175 4
160 173 4
131 87 4
134 59 2
186 147 4
94 5 3
139 191 3
148 173 1
73 131 3
127 50 2
192 182 1
75 12 2
146 45 4
103 119 1
54 193 2
157 44 1
152 92 3
184 199 3
93 23 1
113 147 3
43 67 1
177 185 3
198 17 1
61 165 1
134 103 4
161 67 3
53 179 3
74 62 1
136 152 3
180 50 1
121 145 1
158 19 2
133 15 3
165 155 2
197 107 1
181 197 1
103 153 1
124 117 2
172 129 4
113 118 4
184 43 1
128 138 2
137 120 4
52 50 3
67 1 4
148 136 4
66 87 2
144 137 1
128 85 4
85 112 1
155 177 1
27 29 2
68 4 1
121 14 1
11 92 4
148 5 1
78 179 2
49 92 4
87 1 2
72 188 3
197 33 3
144 123 1
120 40 3
161 33 4
90 137 4
186 68 2
103 93 4
64 35 4
116 174 2
31 83 1
87 92 4
29 54 4
3 112 3
42 17 4
35 30 1
154 121 3
139 132 3
126 84 4
6 18 1
0 171 1
86 53 1
146 178 1
47 68 1
95 5 4
43 122 2
141 155 3
70 193 2
165 93 3
21 53 4
28 64 2
188 32 3
135 37 3
118 134 2
166 153 2
5 69 1
17 23 4
45 103 2
121 55 2
37 16 2
83 85 3
87 116 2
2 193 1
190 181 4
189 3 3
167 32 3
22 28 1
148 191 2
132 193 2
1 2 3
26 194 4
144 154 4
35 169 2
10 26 3
18 67 4
46 23 3
86 35 4
107 97 1
20 149 1
128 2 3
36 187 3
115 19 1
20 152 2
199 79 3
130 1 2
92 51 4
172 143 2
21 102 2
190 73 4
160 195 3
120 135 3
179 104 2
100 51 1
44 85 1
27 104 4
103 163 1
105 181 3
96 52 3
177 193 2
110 0 2
65 127 2
140 56 1
97 51 3
173 178 3
184 3 3
126 9 2
107 135 2
21 64 2
64 78 4
48 25 2
184 17 1
49 142 3
115 156 3
173 28 2
141 96 4
45 177 2
97 46 4
55 194 3
56 153 1
90 144 4
183 176 1
100 28 1
130 5 3
39 66 2
9 141 3
176 0 3
172 119 2
143 140 3
17 189 3
197 170 3
86 171 3
113 103 4
106 174 3
63 170 1
198 84 1
178 180 3
85 61 3
83 114 4
177 148 1
48 78 4
62 97 4
163 43 3
161 158 1
46 77 3
144 198 3
102 197 1
104 118 1
123 141 2
43 167 4
59 174 2
25 37 2
24 27 3
190 106 1
124 53 1
24 69 1
198 24 3
128 159 4
113 149 3
107 99 2
41 176 4
82 48 3
110 148 3
104 33 3
140 178 4
64 79 2
90 99 4
4 24 2
124 1 2
186 159 2
105 23 2
146 37 2
142 102 2
79 165 1
61 6 1
180 48 3
68 168 4
12 98 1
92 89 4
35 13 3
140 13 4
83 13 3
121 56 2
183 173 3
171 57 4
179 74 2
144 115 1
40 12 4
192 19 1
88 180 3
36 186 3
53 71 3
57 160 1
170 131 3
170 34 1
35 140 1
158 75 3
195 163 1
191 33 2
49 27 1
88 191 2
55 2 2
166 24 3
162 10 2
73 107 2
71 22 4
77 68 4
3 79 2
181 124 4
129 139 3
132 174 3
53 108 2
78 69 1
92 165 1
80 60 1
26 56 4
58 85 4
106 19 4
32 175 4
171 26 2
147 164 1
189 45 2
194 16 4
35 154 4
166 122 1
48 69 1
18 118 3
154 88 3
53 50 1
111 78 4
109 50 3
177 91 3
174 164 3
1 11 3
84 81 2
74 183 2
50 183 4
31 159 4
69 143 1
54 162 1
180 171 2
112 76 4
23 184 4
60 1 4
74 95 2
170 8 1
185 107 4
195 111 4
42 10 3
1 194 3
145 159 4
92 135 3
43 33 4
107 175 3
103 63 1
92 195 3
92 163 2
2 127 3
129 86 2
159 84 3
78 19 3
168 99 4
112 48 3
150 44 4
14 85 1
8 39 4
195 94 1
120 73 1
51 127 1
166 78 1
72 10 1
152 27 1
96 126 1
193 134 2
87 118 4
176 4 1
77 159 4
191 160 4
143 149 1
123 155 2
126 43 4
125 81 4
135 193 2
199 80 4
145 108 1
59 163 1
133 27 2
18 57 1
94 159 4
79 45 1
194 114 1
156 193 2
140 51 2
57 68 4
154 181 4
174 83 2
191 20 2
33 46 2
119 175 2
99 116 4
166 71 1
113 114 3
7 10 1
179 119 3
62 132 1
16 125 2
46 153 4
65 84 4
189 66 3
117 162 4
23 145 3
7 190 3
104 147 2
175 144 4
9 77 4
64 71 4
4 1 1
85 63 3
24 101 2
144 163 1
93 110 2
27 57 4
172 169 3
3 41 3
13 21 2
56 152 2
198 71 4
58 4 4
59 77 3
79 135 3
119 153 1
119 10 1
131 68 4
77 12 1
108 189 4
109 130 4
171 97 2
178 149 3
71 94 3
125 192 1
80 21 3
33 11 2
161 172 4
7 95 4
197 104 1
132 128 2
92 17 3
141 99 2
183 117 2
116 176 2
183 55 3
119 47 3
192 75 3
190 197 2
149 77 3
177 133 4
101 40 1
163 108 2
133 30 3
38 9 1
25 39 3
38 10 2
6 2 4
123 136 3
105 74 3
109 103 1
162 136 2
163 172 4
123 166 4
0 70 4
126 27 2
18 199 1
79 32 1
139 144 2
119 101 4
92 84 4
15 112 4
159 37 4
143 67 4
53 22 3
196 133 4
24 73 3
45 156 4
129 46 3
148 59 1
102 10 4
69 198 2
28 45 3
141 13 2
114 68 3
56 83 2
44 92 3
62 123 1
29 38 3
192 26 4
66 159 2
102 3 1
61 169 1
134 55 2
49 38 4
71 67 3
15 159 4
76 103 3
162 142 3
165 70 4
51 33 4
64 76 4
82 150 3
141 19 1
73 101 2
54 187 2
19 147 3
53 48 2
154 27 3
8 90 3
153 31 2
182 68 1
118 60 1
33 18 1
5 131 4
148 43 3
171 192 3
105 177 3
58 188 4
181 40 2
56 185 4
97 92 3
159 19 3
6 175 4
142 151 2
30 156 2
56 163 3
190 90 3
149 179 2
44 186 2
24 194 3
88 147 1
51 29 4
126 191 4
104 156 4
198 92 2
120 34 4
166 150 2
76 51 1
92 70 2
66 44 2
58 134 4
128 180 4
186 42 4
15 158 3
176 151 4
164 87 4
9 98 2
129 92 2
102 182 4
140 113 1
41 192 2
175 199 3
70 11 2
75 63 2
141 92 2
74 85 2
15 66 1
36 33 1
158 159 2
46 65 2
0 186 4
129 54 4
139 37 3
153 147 3
43 74 4
102 110 4
115 183 3
108 154 1
189 65 2
80 87 1
168 129 3
175 36 3
119 92 4
121 123 2
19 198 1
102 156 4
152 197 3
152 184 2
6 170 4
110 62 1
69 114 2
91 196 1
71 114 4
43 111 4
93 104 1
43 196 1
85 105 1
185 95 3
5 52 4
93 30 4
143 186 2
159 8 1
3 188 1
143 65 4
20 61 1
139 87 4
66 25 3
4 21 1
114 122 2
15 8 2
59 196 1
93 158 3
69 199 3
80 40 2
133 32 1
11 30 1
42 25 2
91 161 2
96 173 2
84 67 1
65 98 3
114 46 4
97 109 3
121 100 2
0 156 3
120 140 1
157 189 2
42 35 4
86 179 2
98 113 4
37 110 3
66 63 3
164 61 3
58 143 3
65 96 2
152 175 2
76 58 2
131 80 3
11 86 3
82 65 4
6 48 2
93 35 4
57 3 4
4 63 1
120 14 2
51 143 4
35 109 1
173 181 2
50 49 4
76 149 4
35 77 1
149 62 3
131 9 1
182 115 2
196 58 3
90 52 4
95 171 4
180 183 2
53 182 4
154 102 1
153 134 2
24 164 2
117 121 1
135 59 3
135 35 1
93 107 3
189 109 4
194 135 4
15 97 3
30 65 2
112 25 3
58 65 2
91 85 4
78 155 2
93 17 2
42 31 2
34 50 2
95 89 3
37 82 1
134 23 4
139 14 2
179 29 1
114 38 3
120 123 1
46 51 4
3 25 3
33 52 3
183 6 3
156 139 4
172 9 1
118 184 2
118 86 3
197 199 4
2 101 3
44 151 3
182 84 2
49 177 3
170 150 2
148 157 3
108 43 2
37 193 4
135 182 1
89 9 2
188 116 3
84 139 4
55 76 3
54 71 3
36 52 2
164 43 2
74 132 1
22 82 3
68 105 2
197 44 1
126 22 4
177 102 3
65 117 3
192 38 2
54 78 2
100 16 1
197 131 2
123 167 3
70 136 1
196 198 2
39 156 4
166 146 1
191 179 2
33 129 2
43 48 4
114 197 1
8 121 2
44 114 4
138 50 3
116 120 2
162 75 4
55 63 4
140 24 1
165 51 2
64 133 1
24 54 2
124 45 2
74 101 3
159 121 3
22 56 1
194 143 1
21 17 1
102 49 2
78 114 2
40 52 1
132 10 4
166 19 1
142 36 3
31 101 3
61 33 3
163 180 3
138 70 3
69 168 3
78 51 2
59 73 3
94 124 4
51 117 1
94 182 4
60 130 1
173 120 2
183 11 1
32 75 2
50 162 4
133 62 2
57 78 3
163 19 1
145 92 4
138 65 1
24 121 3
173 100 4
156 80 1
138 12 3
194 105 2
144 8 3
56 99 4
38 86 1
46 188 4
190 123 2
8 137 1
31 28 4
120 68 3
61 32 4
116 167 4
78 129 1
127 26 1
137 75 1
140 72 1
17 175 2
3 27 4
184 100 2
11 104 1
33 97 3
48 9 3
157 146 1
54 149 3
107 182 1
62 58 1
88 178 2
195 173 4
32 3 3
115 23 1
11 170 2
58 93 3
119 7 1
76 150 2
135 132 2
26 182 4
30 196 1
7 80 3
42 61 1
171 138 1
43 155 1
198 137 2
83 71 4
64 193 2
82 33 3
137 15 4
80 95 2
199 47 3
168 156 3
53 99 2
12 196 4
107 6 1
195 171 3
165 48 3
157 42 2
169 54 1
75 5 4
178 14 1
91 138 3
62 57 2
103 121 4
159 4 3
171 37 4
34 16 1
11 189 4
189 188 2
46 104 3
156 1 2
186 24 3
126 93 3
54 56 2
151 96 1
16 69 2
177 2 4
122 42 1
124 8 1
36 188 1
171 22 2
109 59 2
20 100 4
114 162 2
150 39 3
13 54 1
87 186 4
189 125 3
82 183 2
32 198 4
159 39 1
180 118 1
189 106 3
157 151 2
179 22 3
24 96 2
122 81 4
20 171 1
170 80 4
71 88 1
88 6 4
133 149 4
167 39 1
180 67 4
129 143 4
149 88 1
112 10 1
79 186 4
97 131 2
137 135 3
131 178 3
135 187 4
133 156 3
199 155 4
9 111 3
17 70 2
155 5 4
9 189 4
127 140 3
18 63 4
38 15 1
14 83 3
98 30 2
77 92 3
174 121 2
165 172 4
156 21 2
17 46 1
163 1 2
184 135 2
13 26 2
65 24 2
66 118 1
186 58 4
93 183 1
19 161 2
123 101 4
60 78 1
180 30 2
9 168 3
55 36 3
140 181 2
135 45 1
70 137 3
126 186 3
67 190 4
128 15 3
111 104 4
0 118 1
112 14 4
30 106 2
26 188 1
79 158 2
197 195 3
92 25 2
140 26 4
35 164 2
195 135 2
191 105 1
178 107 4
120 170 2
145 122 2
5 156 1
51 121 3
122 110 2
181 83 1
127 100 3
97 120 1
119 121 3
54 180 3
6 85 1
81 110 4
112 139 2
110 127 1
132 100 2
195 151 4
2 41 2
14 62 2
166 144 2
120 164 1
33 92 1
101 75 4
5 7 2
105 8 3
29 192 1
195 176 2
101 161 2
197 69 1
177 92 1
140 100 2
199 72 3
20 32 4
181 53 3
15 125 2
188 150 4
139 76 1
120 99 2
157 186 4
69 132 1
115 11 4
101 199 2
95 16 1
35 89 3
137 86 4
156 3 1
78 195 1
120 28 2
89 42 4
13 44 4
14 128 3
104 81 4
180 12 3
168 16 2
122 121 1
141 44 3
18 66 4
116 23 1
117 2 1
155 149 4
112 50 2
166 37 3
14 74 2
74 49 4
103 196 2
127 7 4
100 148 2
23 75 1
82 94 2
32 143 2
88 146 4
165 39 1
77 43 3
108 124 1
110 90 2
131 115 4
45 93 3
121 142 1
188 59 4
114 166 2
174 135 1
33 126 4
8 113 1
20 64 4
116 11 3
67 165 1
181 76 1
61 196 3
90 157 4
174 110 4
156 44 3
62 90 4
79 162 3
161 153 3
176 182 2
166 93 3
87 85 1
14 125 1
78 59 3
121 15 1
113 99 3
79 190 2
32 57 3
196 6 3
54 163 4
0 35 2
32 105 1
124 50 4
97 11 1
28 147 3
61 89 3
61 139 3
5 40 3
184 165 4
159 98 2
163 135 1
192 54 3
172 82 4
53 169 2
50 178 2
55 8 1
70 51 1
11 165 1
190 172 4
184 136 1
135 180 1
39 69 4
75 163 4
29 137 4
185 1 3
4 139 4
6 176 4
151 0 1
98 193 4
41 196 3
0 193 3
0 190 1
74 67 4
136 92 4
14 21 3
95 67 4
163 160 4
133 199 1
111 196 4
90 27 3
198 7 2
196 137 1
48 0 2
52 14 1
65 161 1
63 64 3
158 196 1
130 43 2
42 175 4
159 29 1
193 114 4
0 170 2
154 55 3
59 117 2
25 75 2
129 101 1
184 106 1
78 128 3
91 156 4
1 53 2
105 38 1
94 111 1
3 151 2
152 51 4
76 40 2
25 24 4
163 33 4
132 30 2
181 112 2
170 167 2
26 184 2
145 80 1
16 108 2
91 14 1
158 94 1
194 77 1
32 126 2
195 62 3
196 28 2
42 150 4
106 98 3
86 2 1
115 128 2
23 7 4
32 12 3
128 36 3
193 80 3
15 5 2
150 119 3
116 189 1
55 61 2
162 6 2
84 102 3
155 70 3
144 41 2
183 14 2
44 12 4
182 122 1
181 25 1
107 76 1
49 51 3
51 67 2
90 141 3
192 53 1
37 67 2
82 182 3
199 12 4
190 96 2
135 86 1
146 180 2
126 76 1
21 124 4
164 69 2
17 44 1
45 173 2
170 88 4
199 125 4
38 116 2
87 40 2
58 66 1
114 169 4
94 83 1
130 194 2
75 167 4
1 69 2
114 74 3
154 40 4
186 165 3
117 71 3
33 74 2
65 23 4
78 31 4
17 22 1
168 143 2
127 102 3
87 136 4
89 171 4
66 9 4
2 154 4
171 39 1
18 76 4
156 24 2
85 148 3
177 19 4
16 116 3
162 126 3
6 21 1
61 23 3
50 98 1
162 135 3
43 121 2
29 183 2
123 108 4
17 87 2
26 1 3
84 117 2
70 199 3
127 43 4
191 61 3
95 193 3
103 190 3
186 75 3
182 77 3
163 146 3
77 107 1
152 177 2
78 101 2
174 10 3
190 11 4
18 74 1
59 12 4
39 1 4
58 170 3
153 57 3
199 194 2
29 116 3
94 42 3
128 109 1
133 97 1
28 166 2
21 137 3
154 23 2
128 166 1
157 105 3
161 185 2
86 34 1
72 125 2
135 66 3
151 106 2
43 145 4
104 58 2
4 79 3
56 132 3
85 135 3
95 196 4
160 141 4
122 0 1
29 53 4
75 148 2
98 161 3
136 94 1
42 9 1
73 191 4
136 6 3
171 159 2
99 10 4
64 19 4
101 20 4
101 16 4
17 68 1
123 169 1
0 11 4
100 48 1
163 173 4
143 99 2
130 85 3
171 93 3
139 97 1
176 79 1
103 100 2
75 97 3
155 135 1
108 105 1
85 144 2
58 159 1
130 31 2
171 128 3
69 192 2
37 13 2
101 22 1
67 32 2
38 103 1
132 115 2
47 36 3
159 40 3
106 17 3
198 178 3
31 89 2
103 142 2
110 117 3
62 69 4
2 144 3
196 54 3
89 141 3
184 12 2
98 45 2
70 123 2
3 62 4
157 85 3
185 171 3
52 163 2
144 21 2
173 147 2
43 188 1
170 30 1
126 193 4
126 108 3
142 179 4
134 92 3
153 62 3
150 114 1
53 138 4
0 27 1
90 100 4
143 145 2
129 80 4
158 84 3
40 104 3
113 6 1
109 182 1
97 141 1
45 123 1
154 153 2
103 65 3
95 100 4
96 156 2
93 151 2
11 113 2
69 173 4
50 108 1
106 101 1
154 16 4
132 190 3
191 56 1
61 166 3
0 188 3
36 196 1
129 30 4
88 152 1
90 9 3
37 73 2
118 57 1
89 176 3
52 42 2
68 13 4
184 69 4
70 177 2
32 162 1
13 29 3
158 181 3
151 161 4
183 18 4
196 199 2
122 155 1
126 64 3
168 65 2
148 84 3
16 147 2
92 53 3
108 74 2
129 179 3
70 126 1
170 122 2
102 192 4
73 197 3
140 77 1
34 163 3
1 132 1
18 194 4
139 77 1
180 21 3
127 168 1
33 45 2
137 22 2
180 87 4
23 89 4
77 55 4
31 96 2
186 174 4
119 23 2
40 72 1
50 4 2
93 27 1
46 36 1
53 197 4
47 50 4
29 28 2
115 67 3
53 105 3
143 161 4
72 23 3
170 141 2
74 170 1
122 153 2
194 8 3
106 7 1
173 176 3
51 174 2
3 176 1
74 152 3
58 153 2
18 171 2
197 126 4
126 125 4
141 82 1
158 73 4
196 110 4
181 101 1
113 68 2
168 177 1
155 28 4
40 90 4
13 7 4
139 36 4
66 110 3
101 124 4
193 186 4
124 40 3
67 39 3
199 81 2
19 101 4
26 142 4
127 109 4
179 187 3
60 59 4
42 176 3
191 176 3
100 192 4
182 108 3
38 8 2
80 144 2
96 18 1
84 181 3
166 26 2
159 130 4
23 124 3
19 51 1
45 119 4
107 26 1
30 63 2
15 67 2
128 170 3
145 188 2
159 118 4
155 12 3
32 158 2
179 113 1
145 88 3
196 75 2
165 53 2
136 58 2
144 55 3
28 135 2
160 197 1
30 184 1
108 127 2
85 194 2
28 57 4
115 136 3
62 38 2
51 21 1
152 116 1
80 54 4
191 193 3
116 199 4
149 27 3
144 96 4
45 62 1
146 41 3
47 65 1
189 150 4
56 194 1
22 135 2
120 176 1
12 151 1
83 37 4
30 197 2
128 142 1
32 88 3
126 143 4
32 138 2
11 185 4
67 14 1
149 71 3
125 178 1
115 164 2
167 144 4
32 36 1
119 166 3
187 168 3
3 24 3
35 175 4
0 28 2
73 127 3
66 139 1
17 71 2
189 110 1
162 39 2
146 96 3
132 95 1
191 8 2
97 157 3
66 180 3
37 197 4
40 60 4
57 147 2
52 176 1
12 95 4
131 157 4
179 167 1
72 110 4
105 118 2
124 144 3
50 12 3
112 52 3
175 148 2
22 197 1
18 151 3
92 94 1
164 76 2
74 130 4
77 148 3
17 54 1
121 139 1
187 113 4
58 167 2
136 33 4
29 191 3
61 142 4
168 42 4
98 26 4
122 158 2
137 17 1
139 124 1
172 90 2
194 107 3
117 120 2
89 37 3
53 129 3
86 22 2
87 179 3
75 189 3
34 77 2
6 92 2
148 44 1
199 117 4
22 125 2
16 84 2
151 175 3
158 198 3
45 68 2
99 72 1
61 96 1
144 86 2
56 154 3
77 168 4
113 62 1
50 69 4
175 172 1
40 114 2
174 104 4
162 4 3
55 141 1
53 93 4
140 47 3
35 162 1
113 150 3
69 98 2
178 120 3
94 85 3
4 136 1
64 162 4
107 151 2
38 25 1
24 83 4
139 126 3
198 138 1
185 97 2
7 28 4
60 76 3
86 145 1
155 16 3
78 150 1
74 126 4
150 99 3
119 28 4
13 114 2
117 125 1
29 74 4
166 91 4
65 90 1
144 67 2
32 41 3
157 155 2
3 10 4
141 132 4
39 177 2
121 42 4
185 99 1
121 176 2
17 83 4
72 65 3
18 11 2
68 31 1
158 177 1
51 44 4
152 86 4
96 93 1
104 163 2
47 37 4
194 25 4
199 34 3
110 65 2
53 68 1
148 168 1
54 155 4
156 119 3
194 156 3
196 100 4
29 118 2
167 194 4
196 21 2
98 155 4
127 103 4
170 156 2
64 146 3
68 134 1
18 186 4
170 119 3
156 199 3
124 39 3
104 50 3
47 48 4
52 16 2
82 35 2
123 21 4
199 174 2
88 185 3
104 54 4
55 81 2
175 1 2
197 166 3
113 176 3
28 47 3
103 40 3
15 190 1
118 190 4
97 182 2
29 193 1
193 65 3
47 168 2
134 157 2
164 182 3
151 118 2
102 131 1
110 193 3
144 52 2
54 112 3
23 159 4
49 46 4
151 9 4
148 80 4
61 71 1
9 196 3
83 9 1
96 0 4
120 198 3
41 78 3
89 41 4
69 43 4
150 88 2
112 20 1
154 95 4
82 181 3
56 41 3
96 64 4
113 160 4
56 82 4
74 128 3
27 45 1
109 166 1
33 19 4
161 66 3
46 146 1
104 184 2
103 11 2
112 53 4
91 0 3
100 168 4
159 142 2
38 126 2
66 37 4
7 25 3
186 194 1
11 138 2
85 181 3
55 151 3
91 191 4
60 21 3
83 194 2
2 111 2
4 186 4
98 16 4
77 153 2
62 2 2
68 136 3
121 120 3
100 152 2
64 119 2
67 45 4
6 26 1
84 107 2
144 125 1
73 75 4
98 182 3
181 81 3
70 59 4
134 160 1
83 159 2
31 144 1
111 185 1
50 63 2
107 109 4
102 25 4
145 94 4
89 49 2
46 170 2
22 102 4
93 150 2
51 48 3
60 33 4
180 58 3
165 183 2
56 107 4
43 120 1
2 182 4
40 149 2
164 58 3
69 58 3
81 178 2
69 119 3
138 122 4
84 10 1
109 80 1
124 77 3
178 62 2
67 166 2
103 195 4
56 90 1
26 185 4
163 119 4
11 44 2
169 160 4
58 81 2
29 145 3
142 27 3
184 21 1
21 169 3
140 80 3
124 83 1
75 18 2
45 199 1
94 142 1
76 93 1
186 16 1
96 86 2
130 2 2
132 107 1
89 0 2
102 15 3
168 15 3
48 114 2
85 154 3
24 141 1
131 137 2
88 174 1
129 181 2
79 52 3
20 12 3
28 12 4
48 79 2
15 135 2
107 174 3
86 16 1
84 138 3
136 144 1
11 45 1
74 147 2
149 8 4
141 195 1
192 32 1
21 114 2
35 79 2
69 155 2
52 98 4
194 131 3
70 150 3
199 147 3
93 190 4
8 156 4
174 42 2
107 18 3
60 68 4
124 133 4
15 136 3
119 25 4
177 74 3
193 72 2
150 125 4
100 67 2
143 15 3
106 138 1
152 158 1
34 171 4
80 137 3
148 107 3
21 54 2
166 15 1
54 124 2
152 83 1
148 72 1
36 165 2
116 192 1
173 162 3
199 112 2
90 181 3
90 6 3
78 98 1
126 165 2
83 154 4
65 95 3
124 191 3
40 144 1
8 54 3
114 132 3
166 176 4
80 14 3
195 34 2
68 79 1
189 167 3
124 190 1
171 107 4
196 50 1
5 178 3
25 84 4
101 167 2
108 88 4
89 164 2
46 53 3
180 139 3
112 99 2
6 190 4
6 198 4
51 181 2
16 94 3
90 116 3
60 64 3
0 162 4
38 36 3
57 84 4
105 196 3
40 121 3
95 107 4
76 166 4
162 97 2
85 23 3
184 147 3
126 147 4
102 196 1
109 32 4
166 13 4
122 149 2
163 72 3
104 2 4
1 42 1
190 159 1
76 3 1
59 29 4
52 148 3
57 184 3
165 151 3
29 129 2
106 85 3
139 58 1
95 69 3
173 23 4
85 56 2
88 73 2
127 55 3
186 114 3
196 20 2
130 168 3
104 114 3
66 114 1
79 36 4
164 0 3
145 100 3
178 27 1
109 25 4
165 90 3
6 25 4
72 95 4
136 0 1
153 191 1
39 99 4
148 92 3
80 49 4
88 186 2
168 183 1
113 76 3
39 176 3
68 156 1
143 47 4
95 131 1
85 121 4
108 85 3
7 38 4
95 96 2
108 13 4
67 65 4
196 146 1
69 138 1
111 85 2
198 108 4
199 54 2
35 94 4
65 199 2
164 184 2
109 90 1
99 114 3
155 42 2
192 91 1
24 60 2
88 151 1
161 145 2
155 197 2
194 104 2
71 113 1
112 84 3
115 118 2
58 70 1
60 22 2
26 101 4
143 174 1
137 141 2
6 118 3
178 187 3
103 59 1
121 9 1
194 12 4
145 180 4
133 163 2
121 34 2
178 175 2
195 123 3
185 129 2
76 100 4
152 82 2
46 119 2
57 187 1
185 17 3
112 49 2
120 39 1
187 124 1
36 171 4
189 184 1
18 92 1
108 89 1
30 69 3
53 91 4
60 163 2
167 184 3
61 148 1
133 0 1
75 180 2
45 142 2
126 176 2
158 57 3
104 70 4
27 128 1
112 23 1
102 124 1
152 137 4
116 177 3
32 195 3
88 87 3
34 14 2
157 111 1
183 31 3
142 19 2
52 105 3
134 95 4
94 123 2
109 135 1
171 137 1
166 194 2
67 80 3
78 199 2
159 184 2
124 34 2
7 175 4
22 163 2
122 146 4
117 3 2
33 96 3
196 125 3
21 7 3
28 111 2
91 167 4
156 94 4
13 137 2
88 104 2
52 122 3
59 1 2
163 130 3
58 107 1
2 16 3
80 63 4
111 15 3
105 67 4
80 162 2
185 98 2
164 141 2
124 17 3
17 196 3
41 150 2
97 180 2
190 5 4
199 157 4
12 48 4
84 166 1
19 4 1
169 79 4
142 92 4
121 151 1
74 154 2
125 85 4
41 20 1
124 111 2
85 31 4
38 35 4
11 101 3
45 104 1
96 130 2
162 171 2
51 81 2
133 26 2
93 135 3
184 45 1
184 2 1
104 85 1
28 153 1
134 105 1
192 183 4
83 91 4
198 151 4
121 104 2
4 92 2
78 177 1
6 104 4
80 119 1
174 44 4
166 104 3
76 4 4
195 105 4
90 149 3
48 144 4
79 187 1
172 15 2
142 156 1
54 194 1
176 171 3
195 169 2
115 52 4
178 160 2
17 48 4
39 108 3
14 23 4
22 62 3
102 187 2
116 151 1
114 141 1
113 167 4
60 158 3
79 55 1
83 27 4
69 154 2
31 134 2
110 92 4
184 97 3
182 130 3
169 158 2
51 146 1
67 192 2
154 17 3
67 29 4
112 168 1
43 9 3
130 24 1
117 119 2
183 54 3
17 57 4
92 5 1
96 103 2
10 110 1
76 50 3
128 178 3
100 60 1
16 171 4
107 106 4
70 12 1
193 46 2
171 153 4
117 132 4
120 78 4
132 126 1
179 161 1
55 74 4
162 128 1
123 54 3
158 118 2
173 71 3
185 145 3
34 62 3
164 39 4
187 165 2
117 17 2
6 155 3
15 98 3
124 113 2
115 99 2
103 16 4
195 46 4
7 125 1
70 76 1
111 149 4
133 190 4
162 184 3
8 19 4
197 35 4
71 58 1
189 49 2
77 96 3
182 99 3
188 185 3
59 46 2
8 79 4
108 190 2
49 83 1
54 73 1
1 92 4
196 67 4
85 126 2
198 15 3
110 159 4
111 119 3
89 162 4
149 110 2
36 69 3
116 6 2
178 151 3
98 130 2
81 163 3
56 183 3
93 16 2
176 154 3
188 34 3
85 97 2
63 74 4
155 76 1
160 156 3
40 131 3
50 28 1
84 20 1
94 112 2
115 16 1
147 91 1
165 101 3
117 116 2
189 148 2
126 185 3
159 170 4
146 8 1
93 193 1
143 116 2
109 87 3
65 8 1
78 122 2
131 161 4
102 89 4
149 64 3
127 59 2
2 68 2
115 122 4
135 112 2
42 15 3
43 123 1
172 27 3
194 87 4
11 47 2
44 137 4
169 110 2
99 124 3
169 75 4
108 151 4
111 105 1
138 79 1
101 47 1
21 136 3
159 60 2
120 128 4
72 44 2
20 58 1
121 156 3
20 190 4
146 160 3
187 150 3
142 113 3
165 22 2
99 36 2
61 99 3
101 50 3
119 107 3
149 118 2
135 54 2
193 129 4
120 57 2
79 185 4
93 177 3
138 86 3
130 108 2
130 22 4
25 141 1
81 192 4
130 35 3
27 72 1
139 165 4
2 115 3
176 124 1
141 10 4
128 3 3
157 96 3
162 138 3
70 172 4
72 51 4
141 156 4
69 42 1
12 115 4
128 54 2
141 115 3
27 26 1
194 187 4
164 162 2
132 0 1
177 16 3
16 117 3
25 76 2
15 153 2
62 11 1
180 61 2
153 27 4
65 150 3
182 113 4
168 19 3
30 2 3
109 136 4
193 81 1
14 1 1
18 64 1
0 23 1
100 198 3
199 57 1
169 96 2
35 176 3
157 153 2
126 182 3
11 41 3
32 93 1
12 94 3
50 93 3
195 188 2
29 168 2
78 87 1
47 189 3
42 51 2
14 147 1
77 180 2
68 187 3
63 118 2
55 189 1
2 49 3
69 170 1
76 74 2
112 77 4
108 129 4
97 192 2
39 79 4
33 85 1
80 116 3
15 10 1
11 153 2
38 131 2
133 8 1
131 167 2
60 77 1
192 187 2
189 163 3
81 23 2
106 130 3
127 179 3
10 188 1
75 112 2
152 193 4
54 178 4
181 153 4
95 60 4
24 21 2
98 29 4
110 151 3
66 138 2
130 150 3
70 170 1
146 42 1
148 153 3
15 19 2
70 120 1
65 135 2
150 164 3
193 100 1
43 154 3
23 193 3
169 106 4
24 79 3
94 3 3
49 155 3
0 178 3
129 165 2
31 10 4
100 24 1
192 36 4
171 113 4
105 12 3
4 98 4
153 24 3
181 118 3
172 150 1
6 76 1
118 52 1
63 197 3
190 139 2
112 28 3
167 60 4
80 173 1
196 161 1
164 75 2
48 10 4
104 3 2
113 22 4
8 198 2
2 54 2
126 154 3
135 57 3
38 106 3
187 44 1
176 28 1
131 57 2
43 86 2
184 68 2
93 62 3
100 120 1
114 116 2
65 108 4
5 71 4
168 82 4
95 90 3
52 73 2
104 125 3
43 160 1
8 196 2
124 91 2
182 175 2
29 154 3
4 118 4
133 106 1
167 132 1
21 5 1
121 37 4
78 81 1
171 168 2
117 192 1
105 175 1
33 172 3
121 91 2
35 65 3
157 43 3
79 75 1
13 45 2
146 21 2
147 25 3
51 109 3
98 19 2
132 123 1
130 45 1
17 163 4
61 69 2
68 179 4
87 42 2
91 155 2
72 119 1
106 168 4
83 199 2
76 189 1
121 129 1
167 74 4
52 64 3
41 186 3
135 52 1
170 89 1
148 139 3
107 28 3
120 155 1
91 134 2
76 12 4
116 128 1
29 97 2
47 154 4
184 141 4
113 127 4
113 43 1
73 49 4
114 2 2
48 20 2
57 132 4
181 120 2
116 157 4
119 191 3
103 54 4
79 29 4
33 174 3
179 184 1
160 170 4
56 125 3
189 185 2
85 165 2
63 133 3
15 150 3
29 196 1
170 118 1
139 7 3
176 17 4
109 134 2
92 12 1
53 133 1
153 140 2
69 40 3
107 12 2
165 163 3
75 77 1
148 25 2
79 93 2
162 40 3
93 65 1
159 18 1
89 138 4
6 173 4
71 32 1
157 174 3
46 94 1
13 38 2
156 197 3
172 65 4
176 61 1
163 5 4
146 184 4
10 69 2
151 50 2
113 34 4
172 157 3
125 91 4
35 16 3
159 47 1
45 167 4
157 66 4
107 85 3
148 124 2
90 129 4
159 181 3
1 5 2
45 111 3
113 61 4
13 58 1
196 84 1
110 114 3
47 18 2
161 126 4
51 129 4
149 150 2
90 112 3
39 184 3
155 18 3
193 155 3
197 149 1
154 68 1
31 131 2
72 81 1
70 77 2
117 53 1
10 160 3
178 157 4
196 151 3
122 184 2
89 44 1
26 62 1
196 168 3
67 91 3
83 128 2
146 133 3
148 151 2
46 67 3
148 40 4
192 180 3
91 82 2
94 170 3
174 122 1
137 50 1
97 40 4
27 130 1
20 9 1
78 47 1
92 74 3
45 121 3
163 87 4
188 29 4
151 138 2
99 89 1
33 76 1
31 34 3
95 155 2
64 117 1
77 71 4
90 78 3
15 141 2
128 93 4
58 156 4
166 21 2
64 189 4
122 109 4
164 74 4
69 8 3
186 181 2
64 114 1
168 166 3
195 113 1
178 152 4
56 39 2
35 174 1
179 170 4
39 73 4
24 195 1
44 42 4
177 189 1
90 179 2
39 18 4
84 153 3
50 44 4
121 153 2
135 51 4
194 10 3
28 151 3
187 136 1
52 8 1
150 190 3
27 193 4
87 98 3
176 128 4
44 95 2
169 26 1
94 149 1
55 67 4
12 68 2
136 116 3
179 2 4
33 178 3
154 116 3
31 117 2
131 86 4
40 32 2
80 142 3
47 141 3
175 20 2
56 144 3
103 69 4
53 101 4
194 6 3
60 86 4
127 193 2
138 189 1
18 198 1
170 38 1
171 186 1
85 142 3
107 71 2
37 41 3
1 80 4
78 15 4
150 36 3
68 188 3
76 77 2
107 193 2
134 20 1
190 104 2
194 180 4
25 199 2
134 64 1
171 172 2
29 81 2
129 123 2
67 128 1
115 26 3
21 1 3
168 90 2
88 95 2
184 27 1
70 54 4
56 37 4
98 2 2
39 16 4
72 168 3
169 62 2
180 148 4
112 162 4
129 16 1
35 72 3
3 147 1
130 184 1
197 36 2
40 163 4
15 22 1
164 133 3
76 128 1
56 127 3
0 147 1
35 23 4
110 124 1
150 126 3
99 77 1
77 15 2
178 106 4
195 8 2
132 46 2
159 20 3
88 58 1
159 52 4
140 169 3
71 72 4
99 148 1
130 147 4
4 179 1
77 28 4
110 119 1
75 31 3
147 34 2
171 92 1
118 31 2
57 182 1
153 83 4
108 128 1
146 52 1
69 144 2
0 184 2
158 137 2
184 134 4
47 117 2
19 91 4
143 138 1
53 120 2
110 32 1
48 55 4
73 48 1
44 80 4
109 104 4
57 143 1
186 48 4
128 136 1
173 127 2
126 91 3
174 156 4
114 171 1
195 184 2
107 125 2
97 143 2
3 149 3
196 25 3
70 55 2
49 77 3
151 181 2
178 197 4
5 199 1
100 135 2
84 161 3
83 33 2
91 180 3
91 159 3
45 180 1
2 23 2
17 43 1
125 69 2
17 85 1
31 70 2
137 178 2
50 173 3
30 158 4
24 58 4
61 63 2
129 175 1
68 25 1
114 67 3
82 12 2
12 33 2
39 155 3
126 199 4
49 71 1
169 40 4
124 183 2
111 189 4
63 102 4
101 80 4
65 176 1
129 94 4
154 183 2
129 104 2
196 162 2
114 3 3
133 138 1
190 156 1
193 182 4
31 60 2
106 24 3
149 182 2
130 10 1
181 184 2
2 108 2
5 164 2
39 199 3
50 59 2
102 19 3
56 104 1
156 81 3
62 15 4
167 78 3
191 72 1
128 79 4
105 136 3
9 64 4
153 102 3
163 21 2
5 169 2
4 142 3
199 123 4
137 0 2
158 116 2
51 12 3
101 149 1
139 153 4
139 131 3
84 86 4
32 1 1
73 30 1
122 118 2
145 102 2
52 139 2
62 30 1
195 35 2
99 38 2
71 139 1
169 83 3
46 10 1
188 42 1
50 129 2
51 141 2
96 158 3
52 41 3
82 117 1
142 150 4
125 83 4
41 17 1
165 199 4
188 163 1
168 194 1
194 71 3
42 106 3
86 52 1
101 118 3
79 59 4
189 178 2
110 60 4
81 123 2
34 47 3
153 183 3
9 30 3
109 146 4
23 181 3
182 71 3
88 47 4
113 159 1
162 108 3
45 195 4
18 125 2
97 21 4
141 138 3
79 98 4
195 52 2
156 66 2
47 116 4
95 73 1
117 112 1
133 119 4
118 1 4
14 26 1
35 149 2
154 134 4
42 191 3
112 70 3
106 197 3
172 85 4
29 152 1
6 172 1
93 86 3
27 168 4
81 97 1
195 126 1
63 116 4
176 168 3
16 105 2
20 186 2
46 55 4
98 180 3
146 6 3
144 128 2
125 164 4
193 175 4
122 58 3
35 177 4
50 144 4
132 106 2
196 85 4
98 37 1
74 145 1
125 115 3
58 181 4
62 49 1
72 19 2
60 127 1
193 34 1
72 162 2
19 2 4
49 137 4
145 162 3
125 143 3
184 79 4
150 112 4
122 99 3
76 129 3
64 130 1
15 152 3
108 57 3
78 125 2
114 62 1
45 158 2
110 126 3
84 87 4
189 153 3
190 83 1
186 107 4
57 54 4
171 94 3
15 13 3
131 7 2
97 125 1
152 148 2
2 136 1
104 146 4
163 35 1
94 98 1
73 22 2
137 111 4
188 7 2
125 35 4
152 196 1
33 79 4
4 73 3
51 126 1
99 26 3
167 147 3
114 70 2
60 136 2
197 191 4
12 23 4
53 111 4
167 178 3
26 120 1
163 167 2
28 142 2
125 146 3
194 0 4
32 185 3
175 37 1
101 120 3
111 80 2
14 61 4
130 161 4
56 193 4
29 181 4
118 65 4
58 67 2
76 127 2
157 35 4
15 139 1
58 61 1
162 83 3
34 137 2
75 16 2
154 38 2
110 91 4
141 87 4
178 87 4
104 188 1
85 166 3
196 139 3
78 117 4
175 74 3
117 159 1
142 124 4
145 169 1
19 50 2
64 10 1
124 98 2
22 83 1
13 62 1
63 190 4
192 78 4
184 98 4
66 196 1
5 64 3
63 112 4
56 5 3
122 4 3
176 122 4
156 163 2
76 34 2
37 191 4
65 20 3
115 192 4
156 93 4
19 43 4
152 75 4
4 149 4
128 20 1
187 41 1
11 126 2
66 121 2
85 16 1
144 0 4
58 60 2
137 69 4
9 149 4
119 86 3
51 58 1
19 193 4
111 64 1
177 24 3
152 138 2
114 37 1
112 31 3
125 103 4
153 117 3
11 20 3
86 19 2
199 37 1
29 111 3
195 130 1
143 6 3
163 0 3
105 140 3
24 98 3
102 60 2
41 156 4
91 152 2
78 53 3
78 5 4
34 8 3
104 29 3
99 54 1
125 174 1
77 156 4
81 128 3
153 87 4
164 3 2
146 26 1
64 55 1
33 166 4
100 53 1
36 82 1
149 23 2
121 19 2
143 157 3
66 90 1
183 179 1
39 107 1
157 108 1
77 13 2
182 31 3
153 125 1
0 199 1
56 167 2
16 64 1
197 130 4
190 77 1
42 21 2
10 87 4
151 180 3
58 163 4
55 80 1
14 167 1
62 155 1
151 22 2
154 170 3
162 199 2
74 30 4
62 199 1
136 107 4
30 13 2
16 40 2
165 148 4
118 88 3
22 177 4
11 22 3
14 176 2
68 58 4
68 20 4
147 176 2
114 24 2
197 27 4
44 140 1
65 45 4
23 99 1
75 88 4
93 94 4
198 78 2
9 182 3
105 2 1
77 174 4
180 106 2
71 138 2
91 194 1
199 66 2
131 66 2
198 81 4
50 45 4
52 160 1
36 115 1
81 16 2
55 115 1
103 178 4
175 147 4
13 3 3
156 46 4
12 188 2
26 87 3
11 182 2
147 67 3
48 29 1
53 152 1
72 85 1
39 32 2
95 71 4
88 94 4
82 20 4
96 188 1
161 15 2
82 49 2
84 18 3
155 114 2
196 40 2
85 176 2
178 169 1
25 71 3
123 39 2
154 163 2
81 77 3
184 171 2
148 116 2
80 132 4
24 30 3
36 110 2
151 42 1
185 54 1
193 199 2
63 45 1
23 189 4
67 42 2
25 93 2
171 74 1
121 172 2
142 146 3
79 114 3
190 115 2
112 87 3
146 194 4
96 105 4
182 46 3
43 57 1
173 141 4
114 17 4
93 114 2
86 37 3
23 90 3
112 104 1
9 37 4
107 157 1
83 108 4
175 127 1
192 55 1
162 130 2
50 37 3
115 46 2
134 10 1
80 172 2
41 109 4
66 164 1
11 96 2
34 101 3
154 79 3
66 185 2
21 92 3
123 3 1
115 181 4
113 12 4
89 77 4
146 84 1
81 113 1
50 199 4
109 101 2
182 74 3
167 52 4
83 36 2
9 192 1
169 151 2
48 38 3
46 39 1
7 118 3
43 139 1
158 48 2
22 140 4
178 113 3
20 192 4
171 49 3
21 38 4
61 4 4
163 63 3
129 9 2
27 171 2
11 128 3
96 154 2
188 115 4
60 56 3
93 36 3
129 131 4
141 70 1
78 185 1
195 164 1
179 38 2
80 51 4
152 28 4
155 118 2
106 59 2
64 58 3
60 93 1
40 11 2
109 74 3
71 170 4
143 118 3
170 22 4
119 24 2
20 120 4
180 70 1
2 106 2
0 160 1
62 190 1
117 94 1
44 98 4
57 98 1
69 26 1
115 184 4
188 20 3
141 142 1
141 159 3
121 13 3
33 179 3
170 9 3
72 143 1
199 131 3
151 112 3
44 22 4
167 57 4
192 143 4
88 156 1
55 136 4
68 21 1
104 55 2
111 123 1
82 193 4
181 131 1
194 27 3
137 76 1
49 99 2
196 127 2
31 142 1
152 199 3
22 13 4
9 166 3
57 16 2
137 133 3
40 1 4
197 46 2
199 73 1
25 185 1
186 99 3
132 188 2
157 137 4
25 18 3
56 92 3
57 180 1
197 76 2
37 115 4
20 14 4
38 195 3
10 159 4
30 111 3
145 177 2
61 186 1
144 150 4
123 87 2
123 137 1
136 183 4
27 23 4
3 42 2
35 83 1
179 70 4
111 121 1
144 71 4
72 131 1
37 43 2
63 46 2
28 102 1
12 71 4
168 199 4
56 79 1
113 83 1
67 87 3
131 85 4
11 117 4
172 66 3
99 92 4
186 185 1
22 104 3
199 120 2
175 58 2
67 151 4
45 12 2
91 101 3
12 192 4
0 80 2
188 144 4
4 164 2
132 61 2
175 123 1
73 196 2
47 132 2
112 193 2
105 174 1
113 33 2
192 110 3
105 182 1
160 130 1
185 180 3
64 195 3
186 195 1
80 30 2
174 168 2
74 70 1
110 43 1
68 144 2
161 9 4
17 6 3
143 141 1
40 127 4
109 197 1
44 43 2
136 117 1
191 50 4
139 0 2
47 86 2
74 56 1
5 144 4
193 90 3
52 10 1
90 155 1
14 182 4
111 66 2
89 74 4
159 132 3
85 9 2
33 138 2
175 49 1
164 96 1
187 76 1
80 102 2
106 97 3
111 4 2
18 95 3
23 26 4
5 146 3
40 105 3
49 94 1
177 124 4
185 148 3
140 74 3
32 7 3
54 110 3
185 91 3
139 29 4
165 62 2
61 45 3
91 40 4
18 83 1
142 77 1
89 154 2
165 117 1
15 116 2
40 88 3
97 49 2
73 181 3
28 2 3
121 189 2
199 97 2
190 125 1
197 118 4
90 50 2
74 196 3
15 84 3
71 21 4
175 69 3
177 123 4
48 31 1
39 82 3
123 88 4
16 104 4
181 74 3
191 10 2
146 35 1
152 97 3
141 57 4
179 180 3
30 138 4
103 43 4
176 102 4
192 163 1
141 8 1
79 97 4
93 172 2
18 89 2
62 124 1
4 170 1
57 65 2
131 18 1
72 158 1
194 22 4
68 48 2
149 34 4
82 51 4
18 188 1
93 122 1
145 75 3
115 30 3
151 58 4
146 78 4
67 47 1
104 13 1
72 88 1
15 186 4
61 87 2
185 73 3
93 67 3
121 84 4
126 52 1
127 124 1
9 167 2
103 154 2
67 138 4
154 64 4
118 141 2
127 150 1
196 94 3
103 168 2
0 78 4
117 54 2
70 105 1
35 192 3
68 135 3
165 133 1
152 181 2
125 6 4
33 57 4
96 81 2
136 177 2
140 1 4
101 112 2
39 180 3
30 172 3
134 119 1
28 41 1
185 142 2
168 159 2
110 106 4
161 180 3
46 135 3
28 145 2
143 105 2
82 137 2
122 188 3
123 159 3
153 13 4
116 14 4
72 118 4
30 8 1
150 63 2
174 173 1
157 98 1
126 79 1
88 93 4
88 89 1
90 63 2
101 128 2
94 76 4
4 153 2
151 19 3
185 50 3
178 1 3
124 33 3
14 180 4
83 52 2
171 194 2
196 18 4
18 153 2
29 57 1
188 70 3
157 170 3
1 79 3
118 99 2
89 112 4
41 157 3
152 5 3
65 69 1
39 189 3
36 25 3
187 40 3
22 189 4
162 12 2
144 140 4
28 171 1
141 71 4
71 133 3
179 122 3
3 107 1
136 147 3
45 1 4
181 149 3
195 122 3
49 28 3
168 95 4
88 100 3
57 111 3
112 164 2
165 46 1
125 127 1
185 140 2
122 127 2
180 108 2
124 84 2
70 124 3
99 146 3
61 52 4
175 116 1
59 41 4
176 197 3
80 153 2
28 44 1
46 52 2
74 7 1
121 32 1
136 169 3
75 174 4
16 127 4
82 114 1
182 75 4
74 28 1
74 46 2
52 81 2
87 15 3
114 199 1
66 99 3
154 11 4
104 123 4
88 155 4
5 36 1
2 64 2
57 121 3
3 125 3
90 163 2
199 2 2
67 69 4
22 61 1
190 194 2
101 68 1
63 52 3
115 9 2
149 144 1
124 146 2
98 80 3
58 114 4
137 58 4
48 62 1
111 159 2
169 105 4
44 48 4
199 124 3
108 158 3
47 40 4
44 104 1
151 91 4
142 137 4
62 8 4
36 91 2
102 174 4
158 141 2
5 45 3
195 106 4
181 22 3
49 75 4
0 83 4
2 176 1
59 180 3
156 98 4
74 102 2
115 31 4
139 136 2
125 132 4
131 53 2
139 107 1
106 163 2
78 37 1
26 78 2
128 110 2
135 1 4
84 116 3
181 188 3
95 153 1
185 84 4
38 16 2
97 23 4
181 148 4
23 87 2
124 174 2
46 120 3
121 197 3
25 34 4
139 89 2
72 22 3
183 128 2
176 107 3
170 133 2
86 59 2
155 50 4
135 172 1
133 116 3
103 187 1
73 156 4
139 187 4
51 8 3
51 145 4
199 7 4
129 190 4
90 124 3
23 84 1
97 114 1
180 190 1
81 159 4
7 42 1
48 169 2
112 188 4
42 26 3
2 197 4
60 48 3
98 104 1
171 155 4
92 122 2
181 193 2
68 126 2
179 32 4
17 150 4
48 189 4
9 59 3
87 11 4
136 98 3
107 121 1
106 111 1
26 141 1
181 17 3
57 93 4
132 133 3
44 100 4
36 116 4
99 68 3
115 17 1
184 177 1
112 79 3
82 14 1
109 150 3
35 78 3
73 118 1
47 131 3
155 131 3
49 124 2
9 112 2
198 162 1
67 94 2
80 47 4
147 156 3
161 2 2
20 173 1
79 103 4
123 131 2
18 119 2
5 37 4
64 107 2
147 188 2
183 95 1
116 103 2
182 163 3
126 123 4
100 197 2
57 101 4
5 14 3
47 150 4
86 6 1
115 126 2
91 116 3
94 179 2
53 174 1
191 67 4
179 96 1
135 192 4
134 188 3
157 80 2
33 70 2
98 47 4
122 161 2
13 1 1
188 71 2
180 5 2
91 73 1
162 195 4
87 182 3
158 186 1
100 108 2
51 131 4
130 165 4
77 24 3
80 180 1
96 22 4
14 81 4
60 189 4
16 21 4
171 125 4
142 122 4
88 193 1
94 52 2
41 130 4
198 33 1
33 189 4
118 92 4
191 68 1
128 63 3
38 158 4
87 138 2
85 29 1
41 4 3
144 28 1
26 105 1
27 55 1
7 54 1
111 103 2
68 140 4
161 184 2
57 56 4
68 74 4
175 115 3
73 112 1
127 64 4
139 30 3
108 40 1
23 180 2
65 146 3
107 92 1
80 83 2
190 175 1
183 129 2
131 11 2
127 1 2
128 118 2
172 69 2
83 140 3
156 16 4
63 124 1
70 1 2
13 145 3
147 52 1
35 156 4
172 110 1
26 187 4
156 90 2
125 73 4
12 149 1
42 93 2
160 65 4
48 40 4
78 91 4
89 7 3
99 181 3
197 6 4
170 111 4
68 35 1
79 146 4
55 56 4
7 164 2
177 151 1
66 86 2
61 144 4
45 51 4
199 40 3
146 80 2
191 174 4
24 138 4
53 162 4
77 29 1
185 71 4
166 137 3
75 136 4
12 125 3
182 121 3
67 53 1
16 145 2
126 105 2
90 199 1
42 124 2
71 10 3
18 156 3
38 34 1
158 97 1
67 123 1
84 41 4
116 100 3
44 16 4
149 128 4
126 194 4
13 55 2
66 75 4
23 197 2
157 16 2
123 23 2
174 56 2
178 117 1
105 30 1
28 113 3
61 128 1
176 111 2
33 199 1
174 185 1
130 176 4
137 94 4
124 138 1
160 51 2
116 71 1
16 187 1
133 152 3
130 29 3
31 53 1
180 60 1
148 155 1
181 64 3
67 38 4
87 133 3
174 15 2
110 111 1
185 45 3
0 174 3
150 53 1
2 3 1
28 98 2
33 37 2
147 44 2
150 183 3
26 164 3
109 179 4
169 138 1
95 45 1
100 181 4
92 156 2
125 135 1
176 51 2
78 157 3
117 114 3
54 30 1
64 101 2
136 52 4
14 28 3
77 44 1
186 40 4
174 21 2
70 107 4
99 102 4
165 34 3
175 45 4
150 30 3
52 49 1
64 54 2
54 133 2
132 77 2
177 192 3
103 78 3
86 105 1
136 44 1
16 161 4
50 18 3
173 179 1
153 129 1
4 57 3
129 110 2
167 97 1
69 195 2
186 183 4
195 75 2
117 68 3
46 118 2
172 14 2
35 172 1
159 92 4
122 54 2
89 145 4
104 92 1
74 178 1
87 7 3
95 116 1
79 44 2
90 94 4
52 150 2
19 116 4
130 173 2
12 193 2
22 69 2
178 96 3
118 70 2
145 63 4
36 122 4
124 44 4
156 28 1
56 10 4
112 116 4
181 3 4
183 155 1
140 134 1
191 77 2
55 198 4
43 143 4
165 141 2
87 119 3
77 161 2
91 172 4
81 47 3
46 85 3
177 156 3
27 94 3
3 170 2
25 108 1
37 156 4
121 148 1
30 79 1
181 48 1
0 77 1
49 195 3
77 130 1
19 18 3
183 78 1
5 143 2
28 58 4
97 193 2
167 117 3
90 60 2
167 88 4
64 169 3
113 199 1
150 151 4
94 47 4
14 104 2
33 112 1
83 70 1
160 68 4
36 57 4
96 175 2
13 59 3
42 30 4
118 39 4
136 90 2
70 43 2
132 144 3
12 178 1
44 112 4
14 136 1
138 115 1
112 7 3
86 30 3
20 62 4
150 191 3
80 76 3
146 12 1
142 98 3
5 98 3
51 153 4
32 26 2
56 148 1
78 196 2
142 195 3
67 89 2
151 40 4
110 138 4
148 174 2
57 2 3
78 110 2
123 117 4
85 53 3
172 4 4
118 188 1
0 55 3
13 107 4
188 124 3
55 113 3
52 95 2
127 97 3
82 192 4
106 186 1
73 163 4
66 94 2
49 115 1
174 171 4
42 110 2
183 171 2
138 100 3
186 112 4
120 139 4
54 146 2
61 182 2
59 39 2
127 123 1
83 3 1
115 18 1
108 21 3
32 172 4
31 100 3
127 115 2
75 27 1
144 95 3
190 114 4
57 144 3
176 80 4
123 173 2
129 25 1
199 43 2
81 164 2
54 171 3
119 43 3
24 188 3
8 100 4
130 175 2
103 128 2
65 115 3
21 101 4
41 34 4
154 12 2
67 197 4
134 177 4
171 148 3
46 140 2
117 189 2
45 66 1
95 75 2
96 142 2
49 105 1
34 187 3
157 181 3
42 190 4
28 71 1
190 65 1
65 80 3
53 36 4
43 83 1
57 42 3
101 142 2
123 66 4
26 189 1
16 70 2
155 126 3
59 82 1
161 105 1
69 51 1
8 108 1
55 57 2
76 118 2
20 13 1
112 195 2
115 189 2
10 184 3
21 44 2
153 115 3
42 103 1
18 38 1
125 24 1
90 147 2
106 35 3
172 192 3
44 40 3
125 59 2
114 156 4
60 131 3
167 143 1
193 92 1
181 121 2
75 71 3
85 124 2
54 5 1
24 182 2
8 188 3
105 21 4
69 109 4
100 72 1
32 59 2
153 182 2
186 166 2
121 78 3
185 94 4
30 131 1
171 40 2
138 168 1
10 19 3
141 172 4
66 95 4
82 190 2
34 176 4
24 72 2
167 112 4
153 173 2
70 38 3
85 146 1
127 81 4
92 36 1
176 82 1
176 149 2
156 164 2
73 164 1
119 78 3
7 180 3
163 128 3
170 16 2
60 49 3
163 134 2
67 68 2
7 156 3
75 65 3
28 96 3
78 112 4
87 102 1
171 136 4
145 64 3
146 92 2
112 176 1
144 151 2
159 25 2
35 110 1
87 81 3
97 13 2
125 9 4
39 13 3
44 2 1
177 3 2
103 0 3
14 170 2
142 170 3
133 122 4
56 68 2
190 144 3
77 188 2
179 97 2
34 74 1
98 146 1
58 34 3
171 72 3
89 174 3
99 174 4
148 96 1
180 131 4
70 6 3
116 82 4
155 191 1
130 158 1
181 11 4
96 181 4
195 40 1
172 88 4
187 101 4
51 128 2
179 117 2
178 29 4
54 121 2
182 183 1
73 9 1
184 108 2
44 61 2
75 90 4
125 66 1
47 174 3
20 8 4
7 58 4
167 191 3
22 51 2
9 136 2
197 128 3
168 31 3
61 74 2
109 5 4
30 168 2
75 46 3
172 2 4
33 89 2
36 119 1
58 46 4
170 81 4
51 77 4
197 132 2
93 10 3
63 33 2
181 36 4
56 52 4
143 111 1
9 197 1
63 166 4
51 188 3
95 137 1
171 21 2
138 140 4
162 5 1
88 120 3
160 50 2
28 115 1
41 39 3
132 154 1
145 106 4
2 141 3
184 25 2
187 104 4
109 13 1
154 107 1
80 45 4
26 58 1
158 46 1
196 108 2
12 135 4
18 53 4
29 102 2
123 196 3
162 159 3
140 130 1
20 25 1
143 187 4
149 13 1
104 23 4
158 128 1
131 4 4
153 156 1
130 63 4
42 132 3
33 182 4
9 25 1
147 82 3
7 167 3
7 114 4
51 179 1
100 93 4
151 75 3
51 106 4
0 73 3
190 128 1
180 64 2
160 153 2
124 18 1
193 48 3
36 136 1
92 170 2
81 150 2
154 158 3
158 187 2
194 122 1
196 149 1
77 152 2
180 113 3
90 92 1
158 150 1
72 197 2
13 32 4
69 47 3
44 176 4
20 21 3
15 76 3
176 125 1
170 194 1
48 88 1
169 143 4
94 29 2
84 40 2
0 129 3
158 109 1
46 50 2
81 197 1
93 115 1
139 20 3
20 72 3
137 77 3
120 133 3
199 111 3
152 159 1
32 43 4
120 174 3
76 117 4
94 133 3
71 86 3
157 179 1
178 38 2
120 7 3
58 74 1
51 183 1
113 168 3
48 67 4
61 5 3
45 89 2
79 37 4
145 199 2
44 69 4
181 2 1
156 183 4
148 60 3
84 52 3
50 40 2
123 107 3
67 159 4
89 181 1
65 173 3
20 106 4
103 94 2
164 20 4
129 23 4
175 75 2
191 70 1
135 183 1
142 58 3
61 197 2
5 22 3
58 91 1
20 86 2
122 2 4
176 38 4
54 108 1
100 47 4
79 151 4
112 97 4
98 196 1
11 54 4
141 189 4
9 81 1
127 182 3
30 194 3
106 172 1
11 64 3
55 62 2
38 71 2
67 177 4
92 0 1
78 184 4
69 38 4
46 61 4
125 148 2
1 50 4
133 68 1
31 193 3
144 11 1
186 177 1
151 35 1
180 31 4
107 90 2
17 56 2
109 24 2
136 135 1
80 68 1
94 58 4
151 39 2
96 189 4
80 186 1
49 101 3
134 44 3
84 186 3
50 41 3
66 173 3
16 166 1
172 55 1
79 6 3
128 98 3
165 188 1
150 136 3
41 138 2
190 50 1
36 2 1
19 100 3
130 120 4
98 171 4
80 26 2
100 13 1
69 148 4
101 39 3
5 139 1
59 72 3
85 184 3
179 118 3
33 192 3
93 121 3
146 117 1
9 82 4
86 81 4
89 163 2
156 15 3
38 142 2
161 150 3
104 25 3
186 52 3
117 174 4
148 31 1
79 139 2
77 111 4
190 3 3
104 107 4
158 127 4
167 159 1
122 164 1
123 15 1
160 54 3
158 53 4
48 96 4
127 85 1
10 147 3
123 128 4
154 52 1
41 79 3
75 89 1
46 139 1
185 178 3
198 52 1
152 9 4
66 88 3
86 178 4
90 191 3
24 162 2
154 117 3
45 30 2
30 70 2
61 86 4
16 50 2
14 150 3
108 94 3
5 124 1
133 175 2
117 137 2
6 137 4
18 176 1
53 180 4
70 3 3
29 83 3
77 115 1
26 5 4
152 76 2
137 14 4
33 106 2
104 173 4
21 154 3
18 139 2
0 21 4
13 41 4
85 71 2
192 199 1
161 152 2
35 114 1
35 113 1
143 26 2
145 136 4
69 15 3
145 198 3
132 152 1
29 106 3
5 192 1
70 110 1
40 24 1
125 142 4
102 54 1
197 110 2
105 35 4
54 145 4
169 70 3
126 34 4
113 86 4
37 70 3
73 122 3
151 187 3
136 57 4
156 103 2
26 190 3
37 18 4
31 14 1
3 187 3
106 144 2
76 165 4
195 60 4
172 123 4
49 70 4
38 150 3
36 179 1
10 170 2
68 8 2
21 197 4
91 88 2
2 50 3
107 147 1
195 121 3
71 119 4
18 168 1
38 121 1
165 54 2
163 185 4
181 30 3
55 119 2
26 77 4
144 66 1
198 135 1
199 110 2
37 143 3
45 78 4
1 184 1
12 39 1
37 129 4
67 44 2
179 13 1
24 76 1
57 25 4
192 170 4
45 138 2
38 20 1
76 195 3
121 175 4
32 96 3
94 20 4
152 84 3
8 77 1
70 82 4
60 119 4
18 22 2
82 132 4
21 35 3
109 143 1
96 67 1
12 114 2
191 125 2
50 149 4
42 34 2
95 30 1
174 49 2
98 131 2
155 37 4
91 158 2
61 101 1
70 27 1
60 10 1
107 34 2
175 34 1
148 146 2
41 65 3
75 41 4
47 9 3
119 1 3
17 127 1
14 84 1
68 66 4
19 60 2
192 162 4
96 60 2
15 56 2
32 21 2
189 63 1
134 189 2
143 61 4
89 134 3
85 65 4
175 11 4
148 49 2
80 35 4
42 171 2
168 86 4
188 127 3
49 96 4
22 99 2
174 63 3
12 124 3
83 161 4
40 34 4
103 105 4
145 49 1
66 80 4
121 168 2
92 189 1
87 137 2
7 171 2
14 107 4
113 32 1
147 179 2
182 138 3
66 59 4
155 103 1
84 46 2
6 133 3
174 179 2
175 142 3
146 91 1
85 133 4
92 3 3
55 87 1
27 81 1
16 167 4
52 19 2
51 36 3
32 97 3
169 95 3
59 141 2
56 115 1
199 87 2
31 132 1
58 157 4
84 12 4
142 180 1
97 94 3
1 199 2
70 197 2
88 183 4
10 104 1
154 6 4
52 157 3
105 114 2
96 73 4
89 155 2
140 37 1
32 131 2
84 140 1
104 170 1
4 140 3
16 71 2
39 57 3
25 114 1
46 6 3
167 182 2
61 193 1
52 27 1
161 1 3
18 134 3
92 185 2
49 3 2
39 194 2
64 72 3
144 126 2
198 195 2
89 14 3
183 34 4
198 96 3
182 112 3
1 164 4
63 140 1
116 178 4
89 38 3
153 48 1
164 12 3
100 61 4
90 20 2
119 135 2
37 48 1
113 196 4
161 94 1
41 7 2
171 29 2
80 41 4
150 74 3
126 163 2
19 179 3
27 139 4
10 152 1
120 91 2
120 192 3
196 93 4
152 101 3
137 38 4
165 7 2
122 3 2
62 126 2
105 18 1
120 2 3
143 100 4
74 123 2
3 97 2
29 11 3
9 93 3
3 72 3
119 160 4
59 17 3
17 166 1
166 115 4
37 138 4
25 55 3
69 74 3
63 19 3
40 35 3
35 87 3
171 147 3
82 73 2
13 17 3
7 36 3
5 173 1
122 45 1
123 35 4
195 7 3
49 107 4
171 73 1
61 50 4
85 45 3
190 21 2
185 195 2
25 72 2
188 94 1
26 81 3
20 168 2
158 180 1
49 146 2
157 130 3
83 44 2
115 82 3
198 197 4
122 35 3
59 184 1
78 46 1
3 166 4
23 16 4
137 88 2
21 22 1
19 82 2
5 43 1
198 70 4
106 100 3
132 172 3
175 189 1
173 182 3
166 45 3
106 155 1
65 113 2
25 110 3
143 49 2
65 29 3
108 66 1
119 169 4
156 132 2
162 56 4
150 31 4
121 33 3
65 196 4
152 128 2
90 30 3
108 30 3
160 30 2
76 124 2
4 102 2
105 59 4
120 179 1
187 175 2
134 135 3
191 187 2
103 4 3
143 10 3
195 181 2
89 30 3
126 73 3
107 46 1
58 84 4
137 107 2
40 74 1
130 146 2
82 11 2
25 197 3
69 70 4
105 76 1
108 56 3
34 111 2
121 80 3
10 21 1
47 76 2
14 169 2
45 143 3
72 21 1
7 51 1
53 24 1
147 54 2
34 198 4
109 15 2
101 88 1
151 71 3
64 166 1
167 156 2
128 34 4
190 101 4
170 42 3
52 130 1
59 24 3
62 111 2
134 83 1
53 135 2
60 157 4
26 131 2
48 54 2
158 104 2
95 87 2
71 161 3
146 56 1
159 64 3
86 26 4
153 159 2
101 191 1
67 3 4
183 92 2
130 56 1
23 191 3
193 41 2
38 188 2
177 43 3
4 150 1
119 97 2
191 13 4
31 197 1
189 30 3
160 132 3
192 124 3
46 92 2
14 161 4
89 185 2
48 28 2
76 106 2
52 165 2
161 81 4
120 87 1
86 13 2
3 140 3
96 145 3
115 79 2
85 156 3
14 196 2
98 110 3
62 172 1
26 180 4
153 53 2
134 53 1
4 161 1
14 187 2
9 146 1
133 86 1
31 143 3
91 181 3
38 3 1
172 63 2
14 197 3
59 47 2
153 75 1
165 65 4
25 143 4
2 22 4
182 73 1
138 158 4
106 179 2
72 91 3
102 167 2
66 154 3
145 173 3
19 99 2
29 110 1
42 65 1
10 67 1
137 97 1
39 94 3
32 150 4
168 124 3
143 182 2
71 110 1
30 159 2
90 122 3
104 127 3
130 53 3
24 124 4
90 61 1
186 6 3
134 111 1
104 12 3
49 187 1
130 127 4
66 69 2
19 184 3
28 179 4
108 5 1
53 136 4
76 35 4
186 29 3
100 40 2
99 108 1
87 157 1
36 59 2
112 82 2
100 85 3
159 150 2
57 189 3
149 14 2
87 134 3
9 123 3
121 160 4
197 194 4
80 53 3
18 15 1
187 184 1
111 186 3
191 3 3
153 186 4
194 118 2
174 3 4
15 157 3
70 35 2
133 186 4
130 117 3
158 124 1
124 59 3
95 32 1
48 111 3
64 186 2
169 44 2
172 53 2
162 147 4
160 74 4
137 184 3
67 12 4
166 133 3
152 55 3
144 103 1
177 127 1
177 12 1
128 19 1
115 40 3
23 62 4
157 32 3
76 11 2
79 117 1
199 181 4
46 0 2
35 90 4
116 104 4
12 122 2
182 174 3
133 31 4
64 30 2
153 89 4
86 193 4
101 166 2
123 185 3
121 71 3
143 104 1
199 10 3
148 90 3
120 58 4
107 100 1
114 57 2
32 65 3
149 141 3
181 172 3
192 157 3
198 5 2
48 116 3
153 7 2
19 35 4
164 135 1
59 151 2
71 101 2
157 141 2
79 105 4
72 109 1
29 149 2
198 128 3
6 199 2
126 13 4
42 95 3
62 174 4
174 58 2
99 97 1
171 198 1
102 175 3
185 10 3
167 66 1
76 143 1
16 112 1
16 28 2
12 175 3
24 42 2
160 72 4
99 137 3
2 34 4
53 163 3
112 29 2
40 153 2
45 72 2
53 96 3
69 136 2
167 77 2
197 40 2
13 196 3
116 56 3
133 88 4
154 4 4
9 181 4
78 75 4
155 10 1
23 109 3
41 1 2
31 185 3
57 20 3
186 152 2
113 192 3
118 171 3
92 186 2
70 163 4
117 133 2
93 102 4
164 13 4
47 196 2
167 169 4
82 179 1
142 135 3
176 31 3
199 20 1
84 72 2
186 120 4
77 108 4
147 143 4
31 187 1
13 131 1
109 10 1
88 141 3
86 147 1
141 112 1
53 25 3
149 177 3
171 169 2
75 139 3
72 136 1
180 56 4
85 80 3
192 95 1
154 0 3
105 58 3
84 180 2
4 83 2
146 188 3
182 96 4
98 187 4
193 20 2
95 17 3
167 48 2
144 173 2
105 160 4
104 198 4
164 113 4
63 151 3
63 82 4
123 125 4
59 52 2
119 140 2
174 41 2
159 45 3
87 79 1
181 97 4
39 95 2
36 96 3
153 25 1
18 23 1
150 95 4
160 89 2
115 61 4
114 20 3
161 3 3
145 66 2
76 191 4
128 161 1
199 9 1
55 114 2
55 88 2
7 135 4
138 132 3
47 92 4
15 92 2
93 113 1
150 102 1
158 74 3
39 131 4
58 150 3
26 126 2
20 195 2
98 177 1
102 198 1
81 12 3
41 15 2
179 146 3
42 0 1
70 93 4
29 127 1
107 133 4
165 71 1
142 8 1
99 170 3
150 57 1
166 127 1
127 88 1
19 48 4
146 63 2
172 20 3
81 167 4
112 158 1
124 140 1
111 63 1
140 158 4
151 123 2
150 192 1
159 95 4
146 7 4
118 120 3
73 115 4
97 187 4
57 50 4
167 181 1
129 4 2
97 27 3
141 136 3
174 94 3
182 3 3
29 50 3
36 97 1
22 116 3
72 4 1
144 172 1
192 141 1
41 141 2
100 190 2
105 110 4
5 112 2
83 136 4
84 30 2
43 0 4
31 51 4
134 21 2
61 135 1
158 24 1
193 123 4
183 121 2
20 141 1
139 47 3
169 47 4
158 145 1
0 44 1
174 108 1
40 168 2
180 188 3
91 99 3
23 135 2
145 167 1
194 48 4
6 66 4
95 141 3
53 191 3
136 45 3
29 176 2
185 19 4
15 114 1
127 138 4
83 184 2
182 106 3
150 19 1
63 167 2
132 113 3
101 100 4
74 133 1
104 155 3
181 1 1
165 123 2
76 167 1
39 14 4
187 62 2
112 103 2
71 167 4
132 108 4
38 198 2
131 125 2
154 171 4
194 119 4
151 77 4
99 195 4
66 54 1
66 132 2
106 47 4
72 54 4
126 111 3
46 20 1
159 180 4
70 34 4
171 38 3
45 40 1
93 49 3
95 78 3
19 110 3
67 98 4
160 123 1
169 81 2
161 41 3
0 94 3
171 151 2
188 154 1
36 117 4
2 191 2
159 63 4
97 115 4
63 77 4
146 48 3
40 156 4
164 44 2
19 156 2
98 145 4
167 125 1
142 43 4
11 141 2
28 95 3
46 72 2
166 185 3
44 146 1
1 147 3
13 127 4
12 3 2
62 40 4
114 63 1
18 169 1
148 103 3
148 134 1
19 170 4
129 180 4
160 94 4
99 1 3
119 37 3
72 194 4
57 137 3
191 186 1
53 116 4
164 91 2
64 0 3
109 66 3
124 87 1
54 41 1
133 78 3
98 62 1
7 132 3
60 0 4
124 75 3
119 75 4
129 107 4
179 95 2
179 151 3
176 36 1
33 125 3
185 46 4
41 139 4
161 40 1
27 53 2
81 45 2
190 61 2
33 15 3
40 109 2
61 3 1
194 106 4
114 8 2
42 56 4
41 183 3
18 132 4
135 49 2
151 60 1
102 195 1
136 88 1
166 83 1
172 37 3
106 152 3
91 86 2
137 102 1
173 53 4
52 78 1
164 163 4
105 5 4
86 175 1
179 18 2
9 158 1
147 75 1
163 77 1
59 118 1
46 48 3
28 163 3
70 159 3
2 143 4
2 74 3
111 86 4
24 9 1
180 103 3
157 160 2
6 37 2
91 44 2
96 129 1
165 197 3
14 126 1
100 177 4
179 111 1
127 35 4
105 51 1
165 24 1
110 20 2
113 21 3
64 161 2
99 86 3
65 92 1
144 10 3
70 108 4
42 102 4
184 60 4
31 139 4
162 88 4
143 17 3
95 180 4
158 102 1
116 20 3
166 98 4
73 35 3
145 130 4
133 66 3
111 173 1
41 21 3
174 101 1
43 198 3
140 116 3
126 156 1
188 182 4
103 56 3
188 83 4
144 63 3
8 154 1
29 17 3
53 189 3
115 3 1
49 194 2
171 170 4
136 156 3
80 113 2
54 188 2
127 170 4
39 146 4
38 153 3
121 198 1
180 15 4
46 37 4
104 160 4
117 182 3
36 89 3
165 177 2
112 138 4
124 125 2
126 88 1
116 170 1
50 169 3
126 177 4
62 159 1
145 186 1
185 156 3
23 43 4
120 158 2
71 177 1
17 123 2
132 140 4
82 197 3
2 80 2
196 52 4
149 81 3
110 175 2
198 20 2
192 159 2
163 168 4
121 10 4
93 111 2
179 30 2
72 60 1
117 52 3
131 136 3
47 90 2
29 195 2
28 11 2
160 24 3
76 26 3
168 80 3
126 66 3
159 183 3
36 12 4
36 19 3
11 63 3
89 12 3
130 124 1
62 51 2
9 138 4
39 40 2
158 103 2
175 141 2
2 46 4
30 20 1
64 15 2
199 49 4
128 29 3
83 25 1
60 7 3
178 105 1
108 188 2
187 169 1
108 107 2
33 155 3
131 122 4
14 117 1
191 31 4
189 50 1
79 153 2
112 6 2
105 188 4
82 186 3
102 115 3
170 61 2
77 87 2
194 81 3
159 74 4
153 185 1
47 87 2
72 181 2
62 24 1
121 144 3
102 106 4
30 44 2
99 151 3
82 167 3
142 53 4
124 52 2
55 109 4
113 9 2
192 46 1
134 197 4
97 149 3
118 10 1
34 52 1
148 81 4
50 148 3
22 68 2
182 70 2
189 122 2
33 100 2
62 115 1
152 167 3
94 105 2
53 3 3
43 107 1
56 61 4
179 59 1
163 105 2
43 191 3
58 31 1
167 0 4
133 38 2
160 33 4
167 142 3
92 138 2
139 133 4
29 4 3
199 32 3
64 199 2
100 130 2
198 154 4
121 62 3
21 157 3
15 146 2
158 16 3
52 189 3
99 35 1
34 9 4
144 159 2
47 193 2
80 163 2
142 79 4
22 39 3
27 140 2
0 102 2
190 69 4
185 162 3
67 117 2
159 97 3
162 102 1
196 56 1
38 77 3
65 107 3
109 199 1
76 78 4
179 98 3
147 2 4
149 138 3
189 14 1
140 154 1
74 149 3
29 101 2
39 185 1
4 45 3
111 10 2
6 181 3
89 40 3
159 165 1
135 10 3
47 146 1
64 65 2
174 158 2
149 86 1
105 62 4
166 14 2
14 101 3
128 181 4
101 138 1
24 78 1
9 162 4
51 191 1
26 177 3
162 158 3
83 131 3
103 140 1
90 117 1
88 18 4
115 171 2
188 64 1
150 196 4
19 89 3
73 168 4
171 13 4
28 51 2
51 185 3
74 112 1
71 159 3
45 17 2
104 193 3
117 129 3
19 31 2
92 88 2
51 190 3
109 115 1
121 70 3
69 37 4
56 178 3
169 154 1
169 128 2
172 178 1
104 141 2
0 10 3
101 60 4
145 154 1
77 154 4
13 79 4
92 52 2
40 152 3
73 140 2
55 60 3
97 102 4
113 188 4
80 198 3
74 143 4
122 94 1
4 193 3
36 129 1
54 1 1
170 146 1
37 116 2
168 74 2
122 53 2
31 171 2
103 20 3
15 176 1
118 153 1
136 56 4
84 64 4
172 98 1
7 18 2
198 143 1
102 171 4
35 141 3
199 21 2
29 20 4
41 76 4
75 143 4
138 8 3
41 19 4
21 104 1
6 119 3
5 89 1
146 168 4
28 193 3
176 150 1
55 4 4
46 126 4
178 85 3
172 51 3
190 55 4
54 190 4
192 1 2
116 0 3
188 174 3
110 166 3
178 110 3
100 128 4
45 94 4
64 191 3
131 162 3
114 130 4
138 56 4
149 174 1
189 132 4
75 146 1
160 19 3
108 64 3
14 162 2
133 181 4
22 176 1
1 126 3
154 50 1
41 120 2
134 63 4
57 170 1
197 19 1
38 172 2
6 157 3
84 184 4
82 71 4
112 147 3
129 106 2
108 111 3
170 178 1
41 134 3
152 126 3
81 117 3
170 172 4
31 41 3
125 51 3
124 195 3
56 45 1
198 67 3
92 29 4
102 111 3
128 39 4
96 78 2
182 89 1
35 107 2
44 123 3
50 165 4
171 121 2
127 183 2
194 36 4
132 175 2
34 21 3
61 133 2
144 110 3
191 146 2
133 128 1
181 106 4
188 153 2
79 108 4
157 115 3
116 162 4
18 78 3
16 92 4
162 77 4
23 15 2
67 132 4
89 187 4
122 11 4
31 147 2
7 181 3
116 72 3
51 122 2
52 22 4
50 150 1
28 67 4
32 30 2
7 66 2
135 21 3
20 4 2
193 179 4
162 139 4
154 118 2
120 183 2
93 187 1
44 19 1
34 60 4
137 138 1
96 26 1
99 15 4
53 106 4
122 59 4
162 52 2
88 144 3
38 98 1
42 37 2
56 133 2
34 65 1
180 42 1
102 33 3
18 90 3
99 128 1
7 117 1
113 60 4
157 29 1
185 115 4
98 119 1
51 79 1
141 182 2
177 176 1
21 36 1
54 38 1
58 146 3
168 12 3
69 169 2
122 66 3
146 120 3
12 103 2
59 113 2
142 158 3
126 57 1
89 57 3
90 49 3
20 52 2
8 165 2
121 59 1
60 92 3
124 169 1
62 166 1
51 159 3
63 110 4
139 185 4
152 160 4
139 94 1
7 96 1
128 107 1
73 137 1
67 70 3
63 20 1
8 136 4
41 45 3
153 98 3
105 189 3
71 19 1
104 191 2
188 30 3
7 29 1
186 73 1
19 12 4
101 169 3
30 66 1
67 50 4
127 172 4
65 121 4
114 180 3
167 198 3
91 144 4
18 112 4
122 49 4
34 164 3
127 99 1
153 133 3
118 103 1
41 35 4
187 59 3
91 199 2
110 194 2
166 59 3
56 64 1
53 147 4
159 99 1
1 172 1
125 155 1
143 160 4
96 159 1
185 184 2
32 144 2
116 102 3
57 165 2
75 111 3
53 107 2
101 1 2
86 15 3
41 159 2
15 73 2
133 10 1
158 5 1
106 27 3
67 136 3
158 107 2
114 42 3
88 121 1
168 142 1
180 69 3
178 92 2
61 138 3
9 104 2
145 190 2
178 135 3
6 87 2
164 130 2
113 3 2
159 133 3
13 6 2
56 106 1
147 189 4
78 164 3
39 158 1
59 162 4
137 26 3
177 166 4
104 64 3
98 85 4
170 140 1
154 173 4
58 78 3
49 113 3
175 41 2
151 158 4
175 149 3
87 172 1
167 157 3
19 83 3
158 192 3
34 45 2
132 101 4
74 120 3
60 32 3
25 103 3
93 160 1
75 179 3
47 194 1
18 80 4
4 144 2
164 36 1
75 141 3
111 147 2
198 29 2
148 182 1
150 101 1
34 39 2
136 30 1
108 178 2
167 121 2
69 139 3
17 2 4
181 119 4
84 100 1
179 49 4
63 178 4
114 179 2
63 142 2
30 71 4
73 47 1
97 191 4
74 117 4
137 151 3
18 141 3
170 187 1
134 155 4
87 76 4
59 89 2
109 131 2
163 74 4
39 17 2
136 168 4
73 143 2
66 71 1
121 22 3
162 55 2
191 188 2
152 166 2
190 18 2
24 49 3
14 135 3
17 80 4
36 75 3
197 184 2
54 153 1
161 159 1
16 12 2
173 72 3
86 32 4
11 107 1
157 9 3
94 56 2
54 52 2
62 101 3
188 106 2
71 129 1
34 156 1
7 109 2
167 146 1
76 144 1
111 163 1
5 106 1
139 192 3
28 124 2
113 146 1
102 47 3
111 193 4
84 177 3
73 72 1
112 8 1
176 159 1
7 91 2
138 81 3
149 2 3
26 172 3
38 22 1
146 137 1
158 12 3
20 108 2
42 105 3
90 83 3
135 42 1
42 92 4
184 194 2
4 100 4
49 68 3
41 66 2
31 141 1
154 112 2
159 17 2
72 101 3
186 35 2
140 131 4
83 160 3
104 108 4
189 107 3
72 170 4
59 171 1
195 2 2
149 136 2
36 143 3
26 70 4
130 133 2
61 37 1
53 11 2
182 125 4
115 41 4
51 50 1
184 15 1
152 25 1
140 81 2
46 127 2
192 21 1
137 16 1
42 163 1
90 173 4
134 122 2
114 195 3
59 132 1
188 184 1
130 92 1
56 179 3
190 160 3
19 107 4
195 48 4
78 144 3
69 153 1
152 47 3
154 62 1
157 104 2
125 172 2
11 134 3
117 91 3
62 117 1
133 143 1
39 130 1
184 117 1
149 129 4
91 59 2
28 191 4
73 139 4
61 53 4
165 15 3
60 135 2
23 67 3
57 22 2
165 97 3
145 36 4
69 92 2
3 8 1
147 114 1
180 43 4
28 59 4
2 137 2
128 104 3
127 41 2
139 86 4
30 14 3
160 59 3
26 199 4
192 118 1
148 65 4
161 162 2
123 186 4
78 181 2
173 4 1
93 29 4
40 79 1
195 107 1
191 84 2
162 86 2
46 19 3
138 120 2
76 175 2
10 40 4
109 193 4
157 183 4
166 116 1
105 155 2
0 150 1
147 15 4
118 81 3
198 46 1
171 156 3
156 57 4
10 14 1
169 39 2
67 35 2
48 141 3
196 183 3
195 37 3
134 166 3
166 130 3
173 165 4
49 111 4
29 165 3
116 110 1
91 160 4
67 20 1
72 107 3
148 178 1
87 83 3
168 56 1
32 118 4
81 3 1
187 48 3
42 152 1
121 50 4
64 178 3
185 112 2
164 175 4
195 65 1
52 48 4
109 161 2
51 156 3
169 84 2
85 183 4
110 7 1
112 129 1
95 197 2
132 186 4
4 109 3
114 43 1
74 198 4
149 95 4
28 73 4
164 99 1
6 193 1
113 175 3
97 147 1
160 102 2
44 3 4
153 61 3
144 34 1
88 50 3
120 182 4
38 87 3
144 147 3
135 2 2
60 94 2
187 20 1
89 196 3
118 172 4
199 27 1
153 2 2
10 61 2
161 146 1
29 15 1
4 191 2
129 17 4
165 63 2
135 170 2
183 133 2
160 188 2
15 115 3
50 128 1
91 74 1
70 44 1
194 142 3
97 52 3
179 189 1
42 63 3
75 123 4
42 181 3
162 29 3
171 78 1
193 62 3
18 167 3
196 45 1
187 131 3
52 133 1
169 125 3
33 94 1
131 196 4
172 187 3
197 196 4
17 81 4
169 176 3
42 78 3
34 23 3
152 17 4
161 29 4
195 137 3
19 37 3
170 152 3
33 144 2
13 78 4
23 36 1
32 169 1
71 51 2
74 138 4
26 39 1
166 169 1
142 177 3
95 164 4
98 125 1
135 166 4
11 91 2
45 188 1
39 198 4
77 121 4
14 194 1
90 76 4
185 118 2
70 130 2
153 143 4
66 153 3
104 65 1
95 143 4
59 156 2
120 157 2
113 47 4
153 177 2
171 64 3
31 66 4
90 3 2
86 173 1
89 105 1
62 33 1
104 153 4
96 153 1
33 28 3
19 180 1
64 42 2
20 137 4
68 100 1
17 18 3
65 63 1
136 197 4
22 143 4
97 169 3
181 117 1
107 80 3
169 66 2
119 21 2
29 60 3
16 181 3
11 81 2
1 139 1
113 53 1
185 85 3
71 98 1
164 151 1
197 124 1
29 45 1
54 154 1
99 31 3
52 164 1
195 155 3
90 169 4
80 8 1
183 166 4
90 102 4
159 122 2
109 34 3
166 10 2
87 158 3
193 49 1
122 123 4
83 26 2
77 37 2
132 119 2
2 112 2
184 102 3
154 91 2
6 62 2
51 132 2
197 50 4
166 190 4
56 156 3
27 28 4
24 68 3
19 42 1
1 8 4
168 64 3
169 13 2
144 45 2
17 132 3
