4900 100
0 47 2
1 15 7
2 72 1
3 46 9
4 30 6
5 13 1
6 81 2
7 95 7
8 33 9
9 19 2
10 95 1
11 21 2
12 14 5
13 79 9
14 50 8
15 9 2
16 81 6
17 12 7
18 21 3
19 91 5
20 24 8
21 44 8
22 65 4
23 72 7
24 8 7
25 26 3
26 58 6
27 95 8
28 55 9
29 66 4
30 43 3
31 46 9
32 45 7
33 70 6
34 46 9
35 71 9
36 13 4
37 42 9
38 98 7
39 13 8
40 75 3
41 46 6
42 43 6
43 57 5
44 5 1
45 9 5
46 20 4
47 86 9
48 95 1
49 56 3
50 71 9
51 70 1
52 10 8
53 65 6
54 43 4
55 22 2
56 98 9
57 72 4
58 16 8
59 73 4
60 92 8
61 38 2
62 86 6
63 23 1
64 2 5
65 67 3
66 30 2
67 86 2
68 75 5
69 34 4
70 0 7
71 52 4
72 15 2
73 30 2
74 13 1
75 41 1
76 74 8
77 76 4
78 65 4
79 3 4
80 31 1
81 73 6
82 96 3
83 22 8
84 89 7
85 16 9
86 38 9
87 85 5
88 90 7
89 94 1
90 66 6
91 82 8
92 79 9
93 26 5
94 96 8
95 21 5
96 75 3
97 45 4
98 52 4
99 31 2
6 79 4
88 60 3
38 32 3
72 10 4
43 61 3
42 28 2
50 32 2
76 13 3
56 58 2
33 2 4
8 82 2
56 13 3
21 29 3
98 40 1
65 52 4
3 42 1
82 26 3
55 39 2
55 77 1
27 20 4
69 14 2
94 62 2
82 43 4
12 91 4
5 89 1
40 10 1
49 43 3
54 31 3
53 10 4
50 30 3
47 28 4
87 32 1
29 99 3
79 58 3
30 90 3
60 52 4
2 34 4
46 66 3
77 22 2
82 62 1
67 2 4
64 7 4
89 43 4
88 77 2
52 45 1
63 36 1
18 72 1
37 64 2
52 42 3
63 47 2
8 58 2
30 49 1
8 11 2
91 46 4
17 42 2
19 6 2
79 55 2
77 41 2
48 81 4
96 34 1
79 23 4
68 5 2
26 62 1
40 46 4
26 21 2
88 34 2
85 26 2
79 19 3
64 97 2
66 0 2
98 64 4
88 54 2
60 61 1
66 5 4
24 13 1
19 57 4
34 53 3
65 51 4
76 20 1
6 55 2
6 4 1
26 81 3
5 25 3
89 22 1
84 86 2
26 10 2
0 85 4
74 64 4
14 22 3
51 49 4
46 29 4
36 99 3
65 75 1
81 35 1
55 71 4
40 9 3
14 20 3
44 52 4
20 79 2
8 23 2
19 4 2
95 26 4
31 15 4
95 36 3
6 0 1
7 25 1
77 45 4
12 15 3
93 50 3
96 33 1
30 92 2
17 92 3
86 5 2
33 51 4
37 45 1
43 9 1
56 29 3
53 19 1
98 28 2
35 7 2
64 62 3
1 31 4
90 2 2
37 95 4
95 67 3
82 9 3
35 69 3
63 82 2
55 48 1
73 50 2
64 81 2
46 47 2
16 45 1
20 95 1
74 11 3
83 50 2
95 77 3
77 39 3
78 19 4
50 10 2
29 14 1
38 41 2
4 82 4
12 93 1
43 18 3
36 23 4
28 36 4
54 86 3
90 39 4
59 63 2
8 22 4
99 37 3
84 74 3
44 35 2
52 20 2
63 14 2
31 68 2
95 49 1
73 39 3
61 97 3
54 56 1
25 39 3
71 92 4
82 71 1
77 44 2
4 0 2
82 15 4
41 64 4
34 83 4
68 46 3
17 73 1
22 11 3
94 35 4
74 31 4
80 55 4
39 84 4
14 82 4
63 97 3
21 30 3
31 63 4
65 37 3
46 0 4
49 93 2
56 36 4
8 40 1
19 70 3
71 43 1
0 51 1
86 21 4
73 92 3
84 18 1
46 18 4
81 70 4
5 10 2
74 17 4
22 56 3
43 26 4
95 45 4
30 24 4
58 85 3
38 2 1
36 19 1
48 27 2
72 69 3
69 68 2
20 59 1
99 46 2
2 60 2
47 24 1
50 37 1
33 87 2
83 74 4
46 15 4
55 45 4
39 15 1
85 78 3
38 8 1
39 19 2
17 63 2
58 81 3
60 28 2
42 49 3
64 78 1
85 33 1
26 16 3
93 31 1
63 62 1
59 87 4
45 66 4
31 77 2
79 47 3
31 22 4
85 61 1
54 84 1
98 53 1
50 82 1
66 47 4
74 92 2
32 13 4
36 88 2
16 63 3
18 81 1
54 22 4
53 5 4
76 81 4
89 98 1
45 82 4
5 52 4
55 98 3
47 71 4
27 82 4
25 85 4
67 19 3
95 64 4
35 4 3
95 71 2
88 44 4
3 23 3
54 23 4
11 94 1
75 98 2
85 51 3
36 55 2
73 43 1
83 55 4
57 53 1
73 62 1
68 53 1
28 10 2
55 56 3
20 50 4
95 1 2
91 44 3
8 80 1
43 17 3
46 43 3
84 8 3
28 50 2
1 91 4
75 50 2
69 96 1
53 60 3
38 55 1
65 57 1
11 63 4
84 16 1
88 63 4
10 14 2
13 21 2
22 76 1
72 54 4
59 56 3
25 1 3
20 60 3
75 51 4
61 42 4
94 69 3
16 52 4
81 39 4
57 22 4
18 45 3
67 61 1
14 39 4
96 99 4
4 48 1
43 14 4
42 29 3
39 80 4
36 93 3
4 8 2
52 23 2
41 99 3
44 64 3
9 76 2
94 19 2
82 65 2
88 80 1
95 57 2
54 89 4
15 87 4
22 46 3
32 42 4
93 72 2
24 32 3
91 51 4
54 8 4
3 83 4
1 83 4
90 52 2
27 15 4
18 5 3
36 81 1
54 82 3
74 56 4
56 90 2
38 1 3
92 89 1
57 18 2
45 87 2
53 84 3
46 57 3
9 7 4
32 78 2
48 7 2
18 62 4
68 35 4
53 45 4
53 72 2
32 29 3
19 80 3
25 8 1
80 53 3
56 76 2
16 61 4
90 7 4
45 46 2
20 30 1
81 72 1
57 84 4
35 51 1
35 40 1
10 24 4
63 72 1
71 36 3
0 99 2
73 90 3
96 93 3
75 47 1
48 26 2
43 20 4
38 74 4
69 46 4
54 45 1
2 45 1
81 0 4
91 62 4
9 62 4
22 82 2
12 0 4
77 24 4
73 78 4
24 86 4
31 17 4
75 48 1
86 92 4
10 18 1
0 39 1
68 40 2
68 83 3
88 92 1
24 42 4
24 84 2
22 23 4
17 33 3
12 18 1
71 99 2
82 80 4
35 37 4
84 90 4
25 67 3
9 67 2
9 57 1
81 60 1
59 84 1
84 77 4
94 2 1
55 85 4
67 94 4
44 68 3
17 19 1
1 4 4
8 68 3
91 90 2
59 21 1
26 2 4
24 39 2
44 85 3
8 37 2
67 50 3
1 54 3
49 87 4
3 66 2
2 98 1
56 91 4
86 17 4
29 39 3
11 38 3
42 70 1
84 13 3
26 13 2
18 42 3
4 32 3
20 84 4
6 74 4
37 20 2
46 79 1
23 59 4
78 39 4
27 53 4
14 7 1
14 73 4
89 83 2
91 42 3
68 49 4
72 42 4
73 2 2
46 58 1
27 16 1
58 49 3
44 97 4
74 42 4
13 25 2
30 23 4
83 54 4
47 91 3
24 71 1
26 38 4
60 33 3
20 87 1
94 60 2
32 18 3
42 2 4
44 92 4
2 49 3
87 17 1
68 17 2
68 95 4
16 29 1
31 43 2
99 8 2
60 75 3
75 32 3
85 81 4
41 6 1
65 43 1
67 60 4
29 69 2
74 19 1
44 10 2
98 81 2
94 23 4
96 8 4
46 32 4
99 69 2
40 81 2
4 95 2
54 21 4
64 33 4
56 71 4
35 99 2
84 87 4
51 5 4
36 53 4
46 54 1
34 87 3
19 88 3
85 56 3
46 85 3
90 68 2
1 55 3
79 61 1
66 55 1
46 73 1
70 73 1
62 17 4
97 72 3
52 78 3
75 7 4
93 78 2
91 54 2
33 34 4
27 36 3
19 50 3
94 46 4
77 15 1
19 75 1
26 78 1
78 95 4
57 93 3
39 65 4
48 19 1
16 74 2
65 38 4
12 11 3
19 87 1
39 82 1
99 84 2
97 58 2
2 53 2
15 95 4
65 58 3
80 96 2
85 13 1
74 4 2
52 40 4
91 28 4
55 47 2
65 1 3
29 98 3
92 65 2
0 72 3
41 71 1
82 85 2
50 97 4
23 66 3
67 75 4
55 72 2
66 32 1
50 58 3
83 66 3
5 17 3
32 62 2
35 11 1
55 87 2
65 94 4
86 93 1
25 49 4
45 86 1
14 37 2
27 60 1
51 40 1
50 74 2
41 11 1
75 42 3
23 37 3
71 73 1
39 10 4
16 34 3
82 48 2
21 91 2
13 70 2
78 27 1
1 60 3
23 7 1
63 1 2
29 50 2
0 27 2
0 52 4
58 61 3
68 45 2
20 16 4
65 5 1
20 92 4
20 75 4
32 21 4
25 81 1
92 22 1
23 24 4
25 34 2
47 10 3
96 10 4
25 10 2
4 60 4
45 58 3
90 85 2
1 32 4
22 81 4
26 5 3
36 40 1
9 41 2
84 72 2
80 99 1
10 58 1
5 1 4
38 92 3
17 21 3
63 29 3
77 8 3
45 25 1
22 41 4
66 95 4
17 7 2
4 83 2
66 53 2
52 54 1
22 27 4
83 63 3
14 70 3
66 56 1
78 70 2
55 95 3
56 51 3
41 10 2
17 99 4
59 2 4
12 69 1
62 38 3
22 98 2
17 57 4
15 17 4
63 65 1
15 61 2
52 30 1
97 43 4
57 98 1
23 60 4
51 53 1
70 16 1
76 6 2
40 64 4
84 78 4
83 11 4
12 57 2
32 57 4
74 21 3
38 84 4
11 4 1
52 25 1
42 71 2
17 66 1
83 27 3
77 83 3
0 65 3
69 40 4
1 20 2
71 2 2
21 73 3
19 25 4
76 45 4
37 30 2
76 58 2
28 85 3
58 44 4
66 34 4
0 95 1
34 61 3
65 95 1
96 71 2
27 25 2
22 12 1
93 38 3
58 73 3
76 49 1
55 73 1
4 90 4
4 28 3
80 66 2
14 36 3
30 58 3
71 5 3
83 80 2
88 42 2
44 41 1
88 94 3
72 71 3
64 45 1
69 59 4
50 62 3
59 72 2
4 25 4
35 14 2
58 67 2
3 29 1
89 51 2
86 98 1
40 58 3
18 54 3
10 86 2
49 48 2
31 73 2
60 77 4
24 40 3
36 54 3
60 56 3
29 62 3
44 80 1
19 34 3
7 0 3
64 25 1
7 67 1
52 73 1
8 91 3
33 68 4
13 18 4
24 94 4
50 91 4
13 93 4
89 65 1
27 96 4
30 63 4
82 83 3
1 9 4
2 76 3
53 75 1
34 44 2
56 52 2
70 48 2
73 74 1
86 26 3
51 31 1
3 37 1
86 97 1
17 4 3
62 89 1
89 50 1
29 94 1
18 55 2
38 43 4
67 77 2
45 84 1
26 24 1
44 1 4
57 56 3
92 85 4
68 86 4
5 29 2
20 65 2
54 0 2
84 80 1
31 66 1
26 69 2
36 45 4
11 37 1
57 42 3
1 16 3
27 43 2
61 82 3
48 22 1
82 34 1
25 69 3
88 49 4
31 70 3
63 15 1
85 86 2
69 48 1
92 31 4
97 93 2
93 27 2
44 55 4
99 79 1
55 68 2
14 94 2
42 48 1
21 27 4
13 72 3
60 25 3
56 27 1
31 41 2
92 83 1
6 3 1
40 41 1
11 0 3
91 49 3
73 36 3
6 13 2
23 80 2
75 85 2
73 6 2
76 8 2
59 12 3
19 72 2
43 96 3
34 85 2
3 20 3
33 83 3
5 38 2
84 36 1
45 67 4
1 18 3
95 18 1
23 20 3
93 74 2
60 48 2
63 22 2
32 98 3
30 74 3
43 19 3
70 58 1
88 31 2
3 55 2
50 96 1
43 21 1
11 80 1
68 0 2
62 41 3
2 22 2
70 77 1
61 83 4
29 82 2
99 65 3
96 32 4
86 78 2
60 90 4
31 62 4
65 10 1
71 16 4
63 5 3
16 87 3
32 94 2
33 3 2
38 4 4
82 47 1
61 17 1
73 64 4
92 68 4
62 14 3
57 3 3
46 1 3
97 33 2
42 19 2
0 38 1
38 64 3
62 39 2
75 59 3
71 37 1
35 91 2
9 0 1
31 61 1
33 12 3
20 7 2
61 95 1
21 85 1
66 54 1
10 64 2
22 90 3
40 18 1
63 0 3
79 54 1
59 42 1
10 87 1
24 28 4
83 14 4
96 89 2
70 28 3
3 34 3
71 65 2
48 64 1
37 63 1
26 4 2
25 51 4
6 63 3
55 15 1
67 27 2
71 79 1
23 62 1
83 94 3
35 64 2
2 51 4
36 87 3
37 83 3
94 47 4
83 84 2
27 87 2
47 54 3
83 75 4
27 8 4
64 28 1
82 88 4
1 73 1
43 39 1
22 49 4
46 25 2
86 37 3
55 19 2
61 24 3
78 76 3
22 87 3
4 2 2
88 21 4
52 34 1
99 56 1
91 85 3
70 83 2
90 28 4
47 16 1
80 35 3
57 20 1
82 51 1
79 82 1
81 47 2
93 63 1
77 90 1
21 35 2
41 14 3
38 58 4
63 20 1
55 53 1
64 88 2
27 70 2
54 85 4
30 48 1
25 72 2
22 62 3
73 53 4
96 68 4
57 55 2
90 53 1
39 41 4
57 60 2
40 97 4
80 73 3
5 0 4
54 62 1
62 35 3
47 59 4
2 96 2
5 58 2
3 52 4
25 66 2
94 80 3
4 89 3
32 69 2
3 80 2
50 25 4
17 25 1
48 73 4
32 73 2
74 8 2
31 65 2
65 36 1
60 65 4
76 37 4
77 33 3
18 3 1
10 78 3
26 8 1
76 71 3
87 40 1
92 1 2
20 67 4
73 24 4
17 89 1
30 12 4
89 77 4
86 0 3
1 58 3
85 69 2
94 34 2
31 6 4
99 34 4
86 42 3
58 42 3
11 90 2
67 8 4
36 52 3
28 68 2
65 12 1
68 88 4
57 27 2
40 29 1
11 26 2
66 71 3
67 4 2
64 21 2
81 75 3
49 0 1
67 54 4
23 98 4
75 77 3
32 19 3
81 90 1
44 42 1
31 39 3
36 66 1
24 63 3
15 70 4
78 15 2
89 31 1
9 21 4
26 55 2
42 96 1
38 79 1
43 37 4
83 38 3
6 27 3
61 90 2
64 76 3
69 9 2
99 92 3
15 56 3
98 68 1
92 53 4
84 95 3
47 21 3
53 52 1
40 57 4
97 21 1
69 11 3
1 24 3
69 10 2
87 98 1
53 93 2
18 9 4
81 7 2
57 91 3
74 59 4
59 64 3
11 46 3
21 93 3
54 39 1
60 71 3
14 38 4
23 84 4
94 54 4
11 88 2
35 74 2
74 39 4
18 76 2
75 99 2
91 11 4
14 98 4
33 62 1
62 6 4
85 31 1
41 49 1
39 42 4
59 55 1
94 56 1
76 3 1
55 43 4
49 55 4
33 1 1
95 39 4
40 34 2
53 59 3
56 30 3
64 8 3
61 78 1
4 45 2
91 97 3
77 42 2
96 92 4
53 6 1
5 72 4
11 27 3
3 17 3
47 36 2
49 94 2
49 61 1
50 86 3
61 8 2
87 93 3
67 57 3
38 78 4
85 67 4
52 61 2
35 87 2
65 54 4
99 88 3
80 86 2
72 27 2
98 16 1
75 8 3
7 5 2
61 46 2
44 74 1
85 36 1
93 25 4
74 0 3
96 60 4
17 47 1
68 63 2
43 4 3
95 79 2
5 14 4
65 8 4
11 16 1
74 78 1
34 81 2
60 79 1
67 48 4
33 75 1
23 49 4
46 36 3
90 79 2
53 37 3
57 1 4
87 61 2
3 84 1
75 39 3
0 13 1
55 31 2
11 59 3
7 87 3
90 14 1
96 55 2
45 42 4
60 45 4
75 15 4
85 24 1
46 5 4
81 21 1
48 20 1
71 81 1
51 19 2
31 4 3
70 46 2
94 3 3
85 2 1
25 35 2
58 80 1
31 10 1
49 26 3
15 14 3
5 91 4
77 12 1
30 16 4
69 4 4
69 49 3
21 99 1
92 47 1
83 52 4
23 14 3
83 79 2
44 86 2
26 65 3
88 86 4
42 94 2
53 39 3
11 86 4
77 10 2
48 14 1
64 29 2
9 49 2
23 64 3
28 45 2
45 99 4
51 50 2
45 88 3
75 35 3
45 94 2
12 45 3
90 63 1
76 52 1
60 91 1
79 87 2
18 56 1
50 40 3
87 52 2
3 49 2
3 73 3
82 3 1
45 63 3
32 33 1
45 49 4
33 27 3
67 91 3
46 51 2
53 15 2
59 58 4
21 87 1
82 18 2
41 26 2
87 14 3
47 14 4
37 13 3
18 26 4
19 93 4
86 63 3
97 49 2
54 58 1
9 14 1
75 28 4
41 70 4
74 88 3
66 13 3
70 85 4
34 97 4
59 40 1
40 0 3
84 51 2
33 50 2
14 17 3
8 50 1
28 73 3
32 6 1
17 18 2
5 33 2
66 39 2
38 15 4
47 89 1
81 82 4
27 5 4
80 40 1
31 96 1
48 77 3
99 32 2
20 47 1
75 92 3
38 76 4
92 33 2
46 8 1
39 26 4
48 56 2
84 66 3
33 20 1
30 87 3
46 77 4
74 20 3
59 39 4
73 76 3
40 31 3
57 15 4
41 5 1
8 49 3
74 89 2
47 29 1
33 48 3
83 7 4
17 6 1
93 55 1
34 15 2
4 73 1
73 82 1
70 8 2
13 71 4
57 36 4
23 44 3
96 49 3
0 25 3
49 14 3
55 63 2
2 95 4
26 50 3
8 95 1
60 14 1
96 5 4
59 14 4
98 76 2
26 36 1
1 68 2
22 84 2
67 41 2
43 87 3
24 87 4
51 90 4
52 94 3
33 36 2
30 88 3
74 34 3
81 78 3
48 43 4
74 29 4
65 66 4
6 72 3
89 86 4
14 26 3
74 26 4
44 82 2
4 50 3
0 76 3
13 38 2
18 29 4
86 34 3
78 40 2
59 78 2
14 19 4
49 98 3
97 28 3
41 83 4
43 88 3
4 99 1
94 63 4
1 22 3
83 45 3
7 80 2
19 82 3
13 28 1
28 44 4
18 91 4
27 50 3
85 99 2
31 7 2
61 32 2
78 31 1
82 21 2
41 86 2
59 44 2
82 72 1
1 3 2
53 48 3
45 35 1
95 31 3
88 25 4
15 88 1
51 87 2
78 29 3
23 32 3
73 60 1
41 68 4
63 25 1
35 8 4
80 81 2
12 36 1
49 11 1
29 95 2
32 43 1
88 65 4
98 24 1
31 86 4
13 65 3
83 8 2
46 26 4
2 91 4
57 41 3
37 96 4
95 28 3
88 14 1
67 21 3
77 26 1
72 95 3
55 2 4
29 92 1
1 87 4
2 65 4
97 47 4
64 4 4
90 25 3
3 41 4
53 71 4
21 63 1
34 77 1
50 36 1
39 56 3
25 59 3
1 35 2
67 70 2
4 37 1
80 70 2
8 42 3
3 5 1
2 32 2
29 17 1
59 61 4
88 2 2
59 95 1
22 61 3
39 22 3
31 75 1
54 64 4
81 89 3
23 6 2
24 19 4
19 83 4
93 61 2
96 17 1
49 74 1
96 20 3
26 63 1
50 15 4
51 10 4
79 2 1
88 71 2
0 33 1
95 50 1
49 81 1
94 86 3
63 40 1
75 36 4
63 32 4
42 5 2
2 30 1
16 72 1
38 51 4
78 92 2
37 72 2
4 75 1
96 59 4
16 97 1
51 59 1
78 91 4
89 14 4
12 76 1
58 91 1
86 70 4
66 92 3
25 97 4
41 93 1
49 54 1
76 24 1
36 64 2
13 9 3
84 7 2
10 38 3
85 8 2
39 30 1
9 55 4
89 2 2
85 23 1
72 28 3
60 13 3
85 4 2
98 21 1
8 66 4
67 89 2
79 98 3
12 20 1
28 93 4
51 37 4
61 56 3
21 69 1
59 57 2
78 30 2
48 38 4
35 72 2
91 6 4
99 70 4
9 73 4
29 87 1
34 14 2
81 52 3
31 72 3
51 74 1
47 90 3
32 11 2
10 76 2
51 66 2
87 38 2
58 86 1
47 67 3
7 59 4
85 83 2
75 34 3
11 61 4
35 66 1
70 59 1
43 77 3
69 83 1
79 30 2
52 91 2
20 58 1
7 28 4
69 47 3
2 13 1
69 16 3
16 24 4
4 52 3
33 37 2
84 21 2
0 97 3
51 47 4
45 21 1
76 41 3
65 73 2
52 82 2
68 59 4
6 40 4
31 48 4
79 49 4
26 73 3
70 82 4
28 19 4
54 50 4
76 17 1
44 13 3
41 48 3
28 86 4
87 77 1
74 94 1
68 21 2
34 11 2
55 5 4
10 73 2
52 64 2
52 97 4
56 31 2
75 6 3
75 84 3
95 25 4
37 81 1
25 14 2
84 93 2
55 11 2
26 80 3
57 34 2
98 73 4
41 63 4
13 64 2
7 51 1
76 19 3
9 20 2
95 33 1
0 75 3
50 88 3
43 13 1
61 75 1
39 35 4
16 17 3
36 9 4
21 96 2
34 5 2
45 96 2
81 20 3
35 53 1
47 44 3
42 99 1
21 46 3
50 90 4
35 0 1
98 82 3
29 23 1
15 94 4
77 20 4
51 58 4
3 48 2
68 81 4
18 71 1
68 99 1
22 43 3
89 13 3
17 90 2
21 61 2
27 37 3
58 89 3
91 66 4
59 32 4
15 71 3
37 21 4
84 81 1
51 71 3
2 21 2
64 80 3
91 33 2
98 77 4
89 0 4
20 93 2
33 9 2
22 58 3
49 82 3
32 51 2
76 95 2
41 90 4
61 48 3
80 37 2
70 32 3
44 19 3
7 70 3
58 66 3
58 53 1
58 6 4
17 39 1
75 9 4
44 66 1
37 25 2
83 9 4
46 55 1
71 78 4
46 7 4
28 26 3
9 46 1
72 22 1
76 32 4
78 12 2
36 37 4
18 61 2
32 15 4
55 54 2
16 54 3
63 35 2
85 59 2
73 56 2
19 29 1
7 26 1
85 15 1
34 89 2
70 45 4
62 60 4
63 77 2
88 4 3
24 11 4
16 77 1
1 30 1
58 2 2
9 84 1
7 22 4
39 58 4
39 69 1
76 23 4
97 39 2
54 24 1
89 78 4
97 95 3
31 76 3
69 20 1
79 37 3
66 2 4
38 54 3
85 60 1
20 70 4
95 91 4
24 31 3
2 9 2
56 28 4
52 26 3
42 55 1
9 61 1
44 30 4
88 16 4
30 41 3
40 54 4
81 3 2
54 63 1
84 19 4
20 56 2
71 86 4
26 6 1
30 34 1
89 97 4
43 11 4
12 46 3
90 43 4
78 68 3
27 51 2
3 25 1
41 74 2
17 79 2
93 24 4
2 29 1
23 81 2
65 15 2
15 4 3
6 93 1
88 84 1
17 41 2
65 16 4
9 52 2
60 99 4
23 9 3
93 44 2
15 47 3
88 95 1
19 15 4
16 36 1
45 22 4
79 26 3
26 23 4
55 62 2
57 21 4
86 57 2
38 56 3
52 39 3
38 18 2
36 15 3
22 35 2
69 5 4
21 90 2
70 93 3
93 30 3
35 57 4
78 50 2
32 5 1
77 53 3
46 30 3
74 52 1
83 88 1
49 75 1
27 17 2
90 69 3
75 64 3
89 26 3
83 47 4
99 11 4
68 60 4
59 71 1
44 18 2
44 79 3
0 64 3
78 14 4
23 10 4
64 51 1
82 0 4
61 99 3
75 66 1
29 57 3
77 92 3
10 17 1
10 3 3
29 28 3
58 41 1
18 2 1
12 13 2
62 42 4
7 37 1
48 96 2
93 79 4
7 88 3
49 78 3
24 22 4
71 62 4
18 30 4
26 96 3
53 4 3
23 88 2
3 40 4
51 11 3
52 48 3
28 40 1
7 21 2
61 55 4
60 82 2
13 98 1
41 42 1
30 55 1
92 63 2
18 63 4
96 54 4
59 82 4
43 50 4
96 39 4
50 63 1
60 7 3
41 23 1
2 39 4
24 66 1
30 60 3
48 35 1
76 92 3
9 30 3
28 38 4
58 0 3
3 30 3
0 43 2
30 15 2
68 27 2
88 58 1
22 52 4
40 23 1
4 41 4
96 52 2
6 36 1
45 44 1
67 29 1
60 26 3
29 55 4
88 41 3
35 65 1
69 77 2
48 83 2
34 80 4
93 95 1
92 56 2
38 88 1
19 54 4
6 28 2
53 49 1
51 79 4
10 84 1
98 63 3
94 43 1
93 33 1
52 38 3
42 0 4
83 67 1
95 80 2
56 2 4
36 76 3
47 41 1
37 78 1
83 96 1
11 67 2
89 33 3
23 45 1
29 10 3
14 80 4
32 60 3
44 50 4
13 1 4
3 26 4
12 88 2
74 40 3
59 16 4
64 66 2
35 95 1
10 45 1
98 88 4
54 35 4
84 98 3
72 4 2
29 7 2
55 8 2
45 62 2
41 95 4
49 66 3
68 6 3
28 37 2
2 6 4
99 77 1
43 86 4
74 81 1
86 23 1
33 35 2
65 32 1
49 33 1
16 64 2
43 74 1
13 22 1
9 11 2
0 84 3
25 75 1
72 14 3
57 0 4
27 29 4
86 27 1
76 94 3
30 71 3
89 76 4
1 7 2
32 41 3
3 97 1
89 48 3
88 18 2
14 40 2
15 23 3
58 57 2
91 30 4
42 79 3
35 67 4
95 63 1
6 14 2
29 9 2
52 13 1
78 47 3
85 64 3
92 9 2
89 11 2
56 33 2
51 1 1
94 57 2
74 65 1
15 64 4
91 43 3
91 83 1
27 52 4
68 18 1
8 6 4
91 79 1
99 67 1
52 1 3
13 15 2
13 20 3
17 85 3
87 12 2
26 37 1
5 8 1
5 59 2
89 59 4
70 68 2
14 18 4
87 66 3
25 74 4
3 2 2
55 50 1
5 6 3
89 46 1
60 41 1
6 78 3
17 23 4
15 10 2
81 27 3
37 10 2
36 2 1
82 97 2
75 73 3
51 41 3
90 58 2
54 42 2
31 14 4
67 36 4
9 58 1
72 62 1
97 57 3
59 62 1
90 74 3
1 66 2
93 69 4
57 74 4
14 74 1
67 98 2
34 59 1
38 7 3
16 60 4
18 59 1
20 26 2
64 71 1
9 28 4
63 78 1
47 72 3
87 95 1
68 47 1
56 62 2
88 79 4
11 47 1
50 64 3
7 94 4
21 65 1
8 2 1
27 3 4
66 38 4
19 2 3
98 78 2
52 32 1
47 48 1
32 80 2
31 42 3
41 35 3
71 34 2
41 87 4
91 27 4
59 28 2
11 7 2
32 93 3
98 93 1
32 97 2
73 85 1
9 90 2
71 93 2
67 88 3
97 18 2
46 4 3
26 44 4
22 47 2
34 27 1
25 53 2
88 59 2
22 4 4
81 55 1
44 57 2
38 25 2
13 63 3
21 77 2
96 95 3
80 10 3
33 15 2
32 85 4
83 35 2
54 41 2
18 64 2
33 72 2
26 59 2
99 25 2
19 65 4
21 4 3
21 71 2
47 23 4
91 14 2
31 25 1
23 51 3
13 58 4
76 59 4
39 83 4
80 93 4
64 60 4
93 90 4
78 13 1
33 80 2
22 29 3
23 73 2
85 65 4
3 77 2
48 25 3
9 39 2
77 35 3
88 66 4
95 99 4
99 13 2
48 87 4
97 78 3
55 25 2
67 40 1
6 97 4
50 59 4
21 8 1
98 92 4
80 68 2
68 16 2
85 72 2
36 51 1
14 44 3
32 12 4
65 59 2
45 6 2
74 3 1
12 43 3
84 27 3
92 57 4
5 11 1
35 43 1
52 70 4
30 95 3
22 0 3
10 30 2
17 28 2
56 78 4
82 37 2
92 4 3
69 54 2
92 7 4
19 27 1
83 59 3
68 39 2
86 90 2
24 60 4
17 2 2
19 81 1
47 42 1
74 67 4
65 44 3
58 82 4
16 22 1
58 35 1
34 36 3
59 48 2
83 53 3
66 18 2
20 88 1
13 96 2
7 63 2
53 69 1
79 33 1
71 58 4
64 1 1
55 17 1
7 97 2
89 37 2
56 19 2
12 6 4
48 23 4
83 78 2
73 37 2
59 80 2
62 65 1
5 30 1
17 93 1
33 24 2
57 16 3
86 95 2
31 21 4
46 39 1
63 4 2
69 18 3
90 94 1
41 21 1
53 62 1
17 37 2
24 3 2
16 76 3
45 79 3
56 81 4
61 47 1
9 66 3
53 17 1
23 13 3
46 49 2
50 98 3
39 45 1
61 40 1
67 80 2
1 81 3
40 79 1
62 88 4
73 61 4
74 47 1
63 69 4
22 32 2
39 40 1
67 16 4
1 11 1
52 28 1
61 45 1
23 65 3
69 13 1
45 98 1
11 50 3
72 45 3
65 17 1
56 16 1
73 12 4
27 54 4
76 88 3
60 36 2
1 49 3
61 0 3
81 61 4
72 50 1
65 77 4
28 33 3
68 64 3
11 25 3
16 86 1
12 89 1
37 18 4
23 93 3
19 33 2
13 90 3
43 5 4
74 32 2
5 90 4
14 76 4
4 20 2
21 76 3
47 37 1
74 77 1
77 73 3
7 76 3
48 50 4
70 76 4
25 24 1
53 1 4
27 61 1
28 83 3
79 16 3
0 21 4
80 25 2
78 35 1
56 69 3
16 43 4
80 72 2
91 24 3
80 43 4
73 25 4
89 15 4
45 8 1
36 10 1
57 23 4
13 33 4
17 40 1
81 51 4
83 36 1
67 33 2
45 3 1
15 58 2
24 58 2
72 92 1
58 43 2
18 65 1
32 8 4
8 20 1
66 63 1
94 36 2
48 21 1
18 39 1
0 18 2
42 36 1
47 52 4
11 56 4
44 76 2
59 35 2
66 73 2
72 87 4
22 20 2
37 66 4
44 89 2
89 55 1
34 60 1
77 68 2
91 53 1
54 2 4
61 86 1
41 52 3
4 98 4
32 31 4
90 59 4
21 55 1
80 5 4
67 37 1
74 61 2
39 34 2
19 68 3
77 81 4
29 30 1
31 59 2
14 27 4
16 38 3
13 51 1
98 58 4
17 46 2
72 17 1
82 25 1
70 12 2
82 46 1
5 83 2
13 62 4
79 72 1
60 37 2
80 90 1
98 60 4
46 63 1
87 73 4
72 29 2
88 0 4
83 43 4
79 66 3
14 96 1
77 78 1
73 83 3
66 97 3
0 73 4
72 3 2
8 51 3
91 23 3
54 26 2
67 24 3
98 27 4
98 3 2
26 22 4
71 20 1
46 93 4
20 32 4
43 34 1
24 81 2
85 14 2
22 44 3
1 43 1
4 49 3
11 18 1
76 1 2
24 27 1
8 9 4
25 65 3
1 97 1
6 65 4
76 50 1
25 15 4
25 29 3
7 98 2
39 21 4
69 57 1
5 87 3
57 47 2
22 33 3
29 90 1
80 24 4
85 45 1
64 26 2
14 28 2
65 7 3
4 47 1
99 66 1
57 85 4
21 38 3
62 10 4
98 37 2
24 79 2
58 55 1
61 10 3
10 68 4
15 93 2
88 40 4
10 59 2
72 77 4
55 33 3
74 63 2
65 91 2
28 8 2
93 81 4
23 77 4
11 19 4
8 19 4
81 14 3
19 92 2
87 70 4
76 30 2
19 13 3
17 11 1
72 36 1
12 74 3
31 27 3
86 19 1
1 56 4
13 16 3
17 0 4
40 84 2
36 18 4
20 6 4
81 50 3
24 36 1
85 66 3
91 72 2
38 47 2
27 94 1
90 89 4
53 13 1
89 24 2
24 74 3
64 3 1
16 25 2
57 10 4
56 87 3
38 23 1
55 16 1
32 72 3
11 75 1
32 49 4
76 28 3
32 39 4
92 84 4
29 48 3
96 66 1
40 55 4
71 7 2
12 28 4
93 16 1
77 30 1
56 65 1
59 92 4
84 41 1
12 47 1
6 69 4
28 80 2
4 68 3
26 76 3
92 54 4
51 63 1
49 83 4
5 21 3
66 93 3
50 35 4
53 0 4
38 29 3
0 32 4
24 53 1
94 81 2
69 80 1
0 50 3
57 63 3
54 99 2
71 74 3
87 26 1
15 76 4
59 43 3
59 27 1
46 84 4
32 88 2
12 42 1
55 84 1
57 8 4
77 40 3
59 49 2
61 35 1
13 47 1
53 70 1
33 63 3
71 22 2
13 88 2
54 74 1
49 47 2
21 80 1
65 79 2
86 64 4
83 6 1
57 6 1
36 86 2
77 91 1
44 25 1
69 75 2
24 88 3
86 4 3
45 40 2
39 23 4
7 33 4
43 45 4
7 62 1
55 74 2
47 58 1
71 11 4
57 4 2
8 63 3
94 38 1
22 30 2
96 0 1
93 64 1
8 18 2
28 31 4
23 74 4
54 14 4
90 10 3
23 82 2
36 5 2
74 95 3
78 34 4
35 24 1
77 18 2
40 60 1
26 30 1
68 25 1
1 78 4
44 53 2
80 41 3
20 11 4
42 63 4
68 38 2
34 24 3
0 77 4
3 11 3
48 16 3
31 2 2
17 51 4
81 32 2
46 76 1
38 39 3
44 61 3
72 67 2
54 73 4
82 17 3
48 94 3
47 73 2
98 5 3
91 86 3
87 80 2
27 41 2
65 28 4
36 41 1
24 92 4
38 77 4
3 91 3
73 69 2
37 94 3
78 9 3
2 99 1
30 19 4
60 39 1
99 49 1
74 86 4
30 53 3
75 93 3
2 50 3
90 44 3
1 29 2
37 9 4
92 61 4
62 93 3
2 63 2
69 67 3
64 55 4
35 89 3
27 47 2
49 29 1
41 15 4
40 92 3
10 32 3
30 61 2
72 73 3
57 25 4
42 78 1
12 84 4
36 43 3
10 70 1
37 52 4
51 16 1
52 51 1
85 84 1
30 42 4
38 27 3
78 67 2
79 97 2
76 69 1
97 65 4
20 97 4
16 9 3
19 99 4
49 17 3
68 24 1
24 37 2
97 90 4
34 58 2
76 65 4
55 67 2
16 5 3
21 42 1
28 62 3
30 45 4
35 12 3
61 6 2
71 23 1
97 53 2
18 50 4
90 48 1
44 60 2
11 76 2
44 29 4
12 99 2
67 66 3
14 92 3
52 69 1
83 26 1
66 81 3
60 8 2
68 14 3
98 33 4
7 47 3
73 27 4
77 19 3
86 81 3
68 11 2
76 54 3
67 53 4
72 30 3
29 13 1
70 94 4
77 29 1
6 44 3
81 2 3
2 87 1
36 31 4
56 25 4
72 20 1
62 57 3
90 87 4
15 59 1
62 66 3
43 92 3
66 82 3
41 7 3
17 52 4
91 9 3
69 30 2
50 68 3
83 32 1
87 31 3
49 57 3
4 29 2
3 12 4
80 30 3
63 70 4
39 67 4
1 42 1
62 34 3
74 60 4
34 0 4
45 1 2
49 63 3
4 5 3
65 81 2
99 28 2
21 66 2
8 73 3
61 3 2
51 72 4
6 46 2
49 62 4
2 24 4
52 19 2
54 90 2
22 15 3
3 70 2
41 18 3
93 2 3
37 88 1
10 48 3
16 18 2
90 26 1
40 48 4
3 69 3
69 8 4
31 84 1
44 72 1
20 94 2
11 40 4
27 79 2
77 14 1
60 63 4
62 90 1
40 21 3
31 33 2
19 58 1
53 46 3
3 65 3
96 58 1
43 28 1
70 60 2
85 50 4
39 16 3
96 85 2
12 37 2
94 5 4
20 28 3
22 68 2
31 83 3
64 46 2
86 14 1
62 61 4
21 23 4
62 43 3
94 31 1
59 99 2
29 59 3
59 52 1
33 78 1
7 52 1
79 52 3
54 13 4
89 69 4
28 54 2
28 11 4
12 2 1
83 95 4
62 79 4
18 98 4
76 86 3
36 11 2
87 99 1
73 41 1
61 84 4
12 60 4
37 48 1
42 93 4
60 47 3
0 45 1
3 38 3
90 3 4
69 28 1
26 75 4
3 7 1
64 90 3
64 9 3
16 3 4
32 79 4
57 78 3
87 8 2
3 9 3
19 49 1
70 5 4
62 58 2
91 13 1
91 32 2
56 10 1
24 64 3
42 40 1
98 65 2
60 0 3
36 30 1
34 64 4
67 17 3
72 48 1
6 11 2
64 47 1
18 31 4
91 99 1
89 28 4
44 20 4
63 19 4
76 29 2
83 93 4
22 69 2
35 23 4
51 97 2
68 42 3
93 77 4
86 60 3
31 53 4
48 45 2
6 39 2
11 93 3
33 16 4
66 20 3
94 10 3
37 84 3
24 15 1
72 89 1
64 92 2
38 53 2
53 86 4
49 15 1
4 7 2
16 94 2
6 80 4
62 87 1
9 98 1
13 11 4
8 72 4
46 16 1
24 45 3
76 84 4
27 58 4
85 9 4
91 37 3
64 87 1
58 48 1
29 52 1
73 38 4
35 88 1
18 87 3
17 22 1
59 66 4
27 44 1
42 81 4
71 1 3
11 23 1
70 47 3
20 62 3
88 72 4
15 81 1
81 45 2
89 23 4
98 44 4
83 65 3
93 9 3
88 70 2
71 10 2
70 55 2
96 1 4
22 42 2
91 88 1
60 78 2
3 87 3
6 9 2
60 29 2
52 21 2
26 98 2
97 9 3
14 65 4
25 21 4
77 13 3
22 80 4
80 15 2
8 30 3
21 34 2
2 69 4
49 52 4
77 52 3
92 32 1
48 74 2
3 58 3
97 35 3
73 95 1
19 73 1
94 55 2
96 61 1
96 11 1
98 41 2
68 26 4
72 98 3
35 98 4
67 12 4
98 69 1
18 74 1
75 88 2
53 54 1
50 65 3
63 84 4
30 98 1
41 81 3
66 98 4
41 50 4
15 48 3
55 13 2
75 91 2
69 17 3
91 36 1
66 78 2
14 30 1
47 3 1
8 7 1
95 85 3
81 13 2
75 94 2
22 38 1
35 47 3
79 7 3
29 91 3
38 50 2
34 26 4
0 19 1
35 29 2
26 97 1
24 83 2
44 69 4
26 67 3
34 76 3
46 98 1
50 47 4
41 56 4
97 54 2
89 9 2
41 20 3
31 37 4
57 81 4
46 78 4
68 74 3
37 5 2
87 53 2
54 93 4
59 81 4
27 90 4
15 67 4
93 18 4
5 74 3
59 30 4
53 95 3
19 20 4
13 61 4
88 33 3
54 51 3
82 90 1
60 83 4
94 28 1
49 65 3
9 72 3
55 78 1
77 32 2
42 15 1
25 32 3
94 99 2
94 9 3
26 92 4
45 47 3
53 76 4
4 56 1
22 3 3
7 93 2
71 40 2
54 75 1
89 21 4
29 26 1
54 17 1
81 53 2
4 96 1
70 84 3
2 75 3
12 5 3
38 71 3
8 12 3
5 28 1
12 27 4
57 73 4
12 34 1
95 52 4
40 27 4
10 54 3
26 66 3
13 95 2
25 6 4
1 72 4
4 36 1
14 93 4
16 41 4
68 51 3
18 75 1
80 46 1
47 96 1
2 68 3
50 21 2
28 46 2
16 99 4
58 36 4
71 14 2
35 46 3
27 92 4
5 64 3
44 99 4
98 95 3
79 31 4
11 98 1
29 58 4
93 1 3
79 1 2
29 12 4
94 61 2
92 95 1
34 9 2
76 5 4
85 3 4
19 23 3
58 23 1
87 0 3
40 12 4
33 23 2
0 36 2
17 44 3
79 57 1
60 95 1
60 72 3
62 76 2
53 82 4
83 10 2
15 6 3
95 56 4
25 58 1
60 97 3
87 4 2
96 67 3
44 11 3
39 11 4
93 68 2
91 76 3
66 86 3
37 92 1
12 61 4
61 29 3
87 74 1
98 42 2
33 53 2
16 8 1
11 53 4
19 90 3
2 7 4
12 23 1
94 25 1
3 99 2
24 56 2
30 89 4
81 96 4
70 1 4
57 45 4
73 63 2
48 71 4
79 43 4
48 34 2
18 86 4
80 50 3
89 66 4
49 77 4
11 65 2
85 30 3
79 53 2
93 94 2
10 79 1
7 55 1
31 19 1
77 11 1
20 99 4
13 3 4
67 63 4
80 65 3
98 10 1
24 65 3
43 47 3
51 43 2
26 1 4
42 27 1
39 70 1
98 90 4
54 80 1
89 79 4
2 62 1
77 36 3
64 43 2
61 76 4
60 19 4
86 22 1
68 82 1
50 84 4
50 17 4
13 17 2
5 84 3
77 7 4
68 85 4
19 66 1
43 2 1
2 82 2
62 27 3
61 4 3
39 37 3
38 82 3
25 20 4
33 47 1
56 97 4
92 49 3
41 8 1
18 80 1
24 43 4
30 0 3
83 20 2
72 99 3
15 60 1
3 67 3
20 15 3
64 57 1
94 95 1
91 16 2
61 50 1
49 70 2
7 40 3
69 19 4
41 34 4
7 99 3
22 96 2
39 1 4
70 26 1
13 73 1
64 96 2
83 72 3
67 49 3
15 98 3
29 96 3
84 44 4
90 20 1
73 15 3
72 86 1
4 18 3
38 24 1
87 96 2
63 9 1
89 73 2
2 1 1
51 78 4
95 14 3
89 10 3
8 34 4
8 10 4
23 70 3
79 18 4
81 33 1
98 8 4
98 83 1
90 33 2
82 69 1
1 50 4
29 68 2
60 80 2
20 45 1
66 57 1
61 33 1
14 33 1
15 91 2
9 5 3
59 60 2
88 27 3
71 70 3
18 89 1
84 15 2
46 60 4
1 21 1
51 39 4
55 34 1
12 41 1
0 55 1
45 74 1
47 30 4
88 81 2
27 1 4
81 46 1
30 70 4
93 0 1
95 58 3
54 77 1
62 97 3
56 47 3
22 97 1
40 53 2
57 30 3
14 58 4
91 89 2
91 59 2
19 12 3
59 67 4
53 64 3
3 60 3
99 82 3
16 62 4
79 59 2
26 72 4
44 75 4
14 79 3
8 1 4
29 75 1
75 97 1
50 23 2
21 19 2
51 77 4
16 31 2
32 37 3
80 0 3
79 21 1
84 62 1
97 13 4
68 57 3
77 6 3
67 71 4
39 86 2
47 77 4
96 28 1
37 61 2
75 55 4
67 82 2
51 61 3
84 79 1
73 84 1
11 54 4
82 13 4
54 29 4
92 97 4
65 69 1
10 92 3
87 97 3
66 14 1
84 26 2
94 6 4
45 56 2
38 60 2
3 39 1
80 1 3
31 64 2
84 65 1
82 75 1
27 45 2
6 33 2
83 30 2
34 93 3
76 97 2
39 7 2
20 40 1
58 93 3
67 73 4
50 66 3
91 26 1
18 23 4
63 87 3
43 8 4
32 64 4
47 76 1
24 29 4
19 26 4
23 78 1
32 28 1
67 34 1
39 44 4
76 68 1
85 74 2
45 91 4
2 20 4
42 65 3
62 19 1
89 20 1
10 63 2
96 56 2
63 99 3
37 87 1
9 86 2
50 53 3
62 11 2
9 25 1
60 93 1
57 70 3
37 77 3
51 44 2
49 36 3
36 61 4
20 31 3
0 8 3
14 13 2
35 42 1
37 22 1
26 88 1
25 91 3
37 74 3
27 13 4
18 51 2
32 71 1
85 38 4
40 72 4
60 22 2
30 7 1
4 84 4
91 34 4
65 40 1
75 52 2
90 70 2
92 45 1
12 71 3
89 36 3
7 72 1
66 52 3
53 20 1
69 7 1
62 96 1
6 66 4
32 86 3
31 82 3
0 69 2
32 54 1
28 34 2
20 73 2
51 57 1
1 28 2
46 42 2
69 38 4
54 9 2
66 12 3
9 35 1
87 91 3
56 43 2
98 6 3
64 30 4
36 35 1
3 15 2
56 68 4
46 96 4
67 0 4
69 91 2
83 57 4
84 68 3
47 2 2
98 59 2
82 42 2
8 13 1
64 22 4
77 1 1
90 1 3
96 76 3
76 60 3
1 59 2
7 44 2
83 16 1
82 94 4
11 10 2
97 85 4
99 83 2
76 43 2
7 19 1
64 77 4
88 6 1
88 73 1
34 23 1
23 61 4
82 95 2
25 76 1
53 61 4
8 94 2
52 14 3
34 4 2
42 66 2
92 42 2
3 53 3
16 96 4
6 84 4
63 96 1
8 29 3
38 70 3
97 5 2
92 41 3
1 0 1
81 54 1
86 2 2
97 59 4
34 65 3
34 22 4
4 44 1
15 21 1
6 82 2
5 35 4
31 52 3
2 84 3
43 60 4
58 17 3
44 36 2
30 38 2
55 86 4
52 2 1
66 60 1
73 51 1
39 98 1
69 37 3
43 6 2
90 75 1
92 16 2
15 52 2
48 32 3
38 72 1
80 12 4
39 36 1
16 53 2
98 34 4
9 27 4
99 52 1
57 24 1
14 45 2
48 17 4
98 99 2
5 73 2
11 95 3
43 33 1
27 18 2
88 69 1
87 39 1
13 45 4
99 89 1
54 37 4
70 4 3
16 14 3
9 88 4
53 94 1
8 3 1
74 80 4
40 5 3
56 63 4
6 96 2
44 12 3
6 60 3
75 72 3
50 52 1
34 31 3
44 70 2
53 23 1
99 62 1
34 51 4
97 38 3
42 73 3
51 3 3
18 67 4
23 42 3
49 20 3
89 88 2
80 63 2
54 60 1
1 36 2
42 20 3
26 53 3
16 15 1
49 12 2
5 67 2
92 3 2
79 28 3
51 98 4
63 34 3
96 86 4
27 2 4
10 22 1
80 9 1
9 51 3
7 73 2
60 10 1
25 18 4
80 85 3
34 79 1
49 21 2
91 96 2
46 92 1
75 17 2
87 44 4
63 3 1
96 35 4
20 61 1
45 7 1
99 10 3
20 29 1
73 40 4
37 19 2
92 67 2
80 42 4
17 88 2
23 75 4
3 31 3
48 86 1
67 68 1
94 91 3
20 86 4
12 81 3
82 28 3
68 15 1
95 32 1
25 61 3
21 33 2
9 44 2
55 90 2
0 41 4
82 1 3
28 30 4
1 41 1
88 5 4
58 84 4
26 35 4
14 57 3
65 9 3
72 90 4
33 39 4
15 29 2
81 8 1
96 98 1
14 53 1
81 38 2
75 89 3
17 71 1
83 56 2
93 5 4
53 96 1
56 0 4
84 42 2
25 92 2
57 37 2
14 8 3
94 0 2
31 71 1
81 62 2
83 62 3
3 44 3
15 43 1
93 67 2
41 19 1
46 67 3
54 70 3
16 50 1
58 37 1
6 52 3
33 29 4
73 34 4
54 4 3
70 91 4
10 1 4
3 43 1
97 69 2
9 74 2
85 5 4
5 61 2
36 68 2
46 48 2
55 99 1
17 56 3
14 32 3
34 42 2
41 82 4
97 37 2
2 61 2
77 5 4
75 46 3
43 67 4
64 49 1
20 91 1
92 94 2
93 39 3
12 98 4
74 66 3
56 86 3
34 49 1
91 40 2
8 31 3
31 13 4
94 78 4
71 19 4
3 75 2
39 27 1
82 35 1
6 35 2
24 69 4
23 46 4
17 83 3
29 37 1
3 54 4
56 7 4
84 64 1
48 18 1
78 53 2
31 57 2
27 65 1
95 38 3
11 48 3
84 94 3
5 48 4
96 41 4
5 2 2
28 2 3
28 49 1
25 23 2
83 18 4
93 8 2
98 47 2
40 62 1
3 14 1
33 71 3
68 62 3
84 60 4
59 3 2
79 74 1
39 61 1
30 11 2
16 75 2
63 61 3
16 49 2
19 18 4
42 53 1
40 15 1
84 43 4
64 70 3
8 90 3
50 77 3
56 89 4
79 63 1
95 23 4
24 75 4
22 9 3
54 48 4
12 90 1
51 88 4
52 72 4
87 75 1
45 65 3
91 39 1
69 84 4
22 67 2
39 48 4
94 51 3
5 78 4
30 65 2
60 51 1
40 96 2
99 97 1
62 46 4
20 38 2
46 50 3
57 11 4
3 88 3
98 85 4
55 51 2
9 59 1
31 47 4
36 38 2
0 2 4
55 60 2
37 93 1
12 92 2
13 50 3
73 91 2
22 79 1
35 55 4
78 24 1
84 33 4
29 70 2
21 70 2
10 93 2
59 8 2
64 56 2
18 94 3
26 27 3
65 61 1
57 28 4
66 48 2
86 52 2
67 56 4
99 81 4
51 28 3
15 97 2
90 83 4
28 0 1
43 85 4
7 91 4
13 57 4
10 16 3
46 65 2
6 90 1
70 72 4
41 61 3
76 66 3
22 40 4
64 19 4
48 85 4
18 49 1
60 58 3
28 21 2
99 27 4
18 7 2
15 79 4
30 96 3
83 2 3
9 53 4
67 42 1
23 0 1
40 95 4
77 57 1
37 70 3
98 31 2
7 27 1
57 54 1
24 5 3
82 33 3
94 21 1
22 50 4
47 84 1
92 34 4
12 56 1
67 76 2
75 45 2
12 1 4
99 50 3
62 75 4
70 24 4
95 3 1
16 89 3
88 28 3
87 82 1
72 12 4
53 56 3
94 59 3
6 42 2
71 8 3
50 31 1
24 44 3
50 45 4
28 16 4
74 97 4
20 0 4
13 68 3
35 18 2
99 5 2
43 99 3
60 50 3
30 6 2
47 99 1
38 96 1
49 50 3
9 99 4
27 49 4
42 4 1
69 66 4
60 11 3
35 2 4
68 30 1
92 81 4
7 24 1
99 74 2
0 24 4
51 96 3
7 32 3
26 51 2
4 65 4
84 14 4
74 72 1
19 22 3
26 47 3
15 99 3
98 1 1
48 2 4
31 38 2
37 6 4
56 32 4
15 86 3
72 58 4
36 82 2
69 43 1
19 35 3
22 51 2
95 43 2
48 9 4
11 78 4
4 94 3
58 68 2
80 4 2
60 18 4
26 57 4
25 12 2
28 25 2
58 78 4
5 23 2
92 36 4
73 97 2
20 10 3
93 35 4
58 75 4
74 10 2
4 14 3
24 9 4
13 42 3
75 30 2
69 64 3
64 99 1
39 50 4
20 34 4
85 35 4
4 27 4
92 70 1
50 12 4
36 78 3
57 88 4
18 34 4
82 93 4
56 35 4
22 91 2
29 81 1
45 93 4
39 76 1
85 11 3
0 79 3
29 43 2
72 68 2
61 70 1
98 80 3
83 42 1
82 30 1
59 0 2
65 72 3
34 68 3
92 48 1
29 6 4
87 65 2
89 3 3
85 41 1
75 76 1
92 2 3
24 90 4
2 10 2
58 99 4
88 10 2
79 81 2
87 46 3
75 80 3
46 74 3
9 60 4
49 80 2
74 53 3
17 26 1
87 57 1
61 14 3
17 78 3
61 80 2
27 63 1
40 70 2
95 34 2
4 55 3
33 44 1
38 6 3
91 17 2
44 63 2
59 4 4
42 50 1
48 68 4
85 52 1
52 58 3
97 48 2
45 73 4
15 96 4
78 41 2
77 25 2
44 32 4
53 21 1
97 42 3
58 12 2
2 40 1
97 31 4
20 55 4
63 38 3
61 72 1
18 33 3
46 10 3
96 12 4
42 56 3
74 28 4
89 70 2
71 84 4
99 48 1
57 2 1
48 8 4
53 89 2
46 72 4
63 89 3
2 44 4
80 77 1
38 89 4
24 4 2
11 45 2
25 98 3
0 98 2
18 73 4
46 52 4
18 20 3
83 21 2
43 66 2
36 59 3
65 48 4
96 72 2
38 33 1
23 31 4
25 62 3
11 79 4
55 65 3
47 8 4
23 67 3
18 92 2
4 78 2
81 31 1
85 88 2
56 93 3
58 69 3
33 41 3
16 0 4
66 22 3
49 85 1
71 94 4
80 47 1
51 30 2
79 67 3
64 14 1
92 55 4
42 76 4
74 82 4
94 40 3
55 10 1
53 43 1
43 63 3
76 72 2
17 45 2
41 59 4
85 94 1
85 27 4
73 29 2
7 68 1
52 92 3
89 57 1
51 95 1
34 37 2
71 0 1
90 67 1
27 28 1
94 68 1
25 47 4
91 55 1
62 78 2
41 72 1
56 46 2
87 71 1
69 33 2
36 80 4
81 83 4
34 13 4
91 80 4
30 40 1
92 11 1
49 44 1
41 29 4
59 13 1
70 95 2
4 51 3
34 47 2
0 44 1
29 86 4
64 58 3
4 79 3
84 29 1
7 78 2
34 45 3
47 62 1
39 89 4
35 28 1
78 3 4
0 26 3
85 37 4
14 56 4
50 92 4
7 89 2
10 42 2
96 7 3
64 72 3
88 48 2
79 94 4
12 10 4
62 4 2
79 80 1
16 35 2
30 35 2
12 75 1
0 78 2
25 89 1
97 80 4
48 6 2
4 10 1
34 32 2
1 89 3
53 7 2
83 51 1
7 50 2
90 36 4
78 21 1
6 67 1
84 97 2
69 92 3
19 97 4
48 62 3
86 73 2
46 2 2
14 21 1
68 71 2
93 48 1
86 79 1
25 41 2
17 98 1
74 22 2
55 82 4
11 33 2
88 56 4
65 41 3
83 58 2
71 61 2
95 42 1
20 51 1
61 64 3
67 87 4
80 76 4
27 77 1
4 9 2
11 97 1
84 30 1
95 47 3
32 35 2
27 23 4
96 24 3
38 19 3
56 75 1
24 12 1
93 47 1
99 30 1
12 79 3
10 35 4
95 19 1
15 0 2
89 19 4
31 91 2
59 33 3
26 15 4
92 87 1
81 30 4
59 93 2
40 33 4
52 93 1
78 8 2
94 39 1
46 19 3
75 57 3
29 85 1
70 11 1
38 45 3
62 30 4
74 62 2
55 88 3
44 67 3
52 33 4
2 14 2
59 38 4
89 32 4
58 31 2
10 97 2
16 2 4
82 5 1
51 76 4
88 22 3
12 7 3
72 49 1
81 63 2
33 76 2
67 32 2
16 37 4
49 37 1
29 53 4
86 99 2
87 54 4
17 30 1
0 83 4
48 36 4
71 9 1
12 85 1
30 67 4
49 7 2
6 16 2
78 79 4
11 42 2
0 91 3
41 89 2
69 23 3
54 34 4
62 70 1
62 44 4
3 21 4
99 26 4
10 27 4
76 48 1
92 82 1
33 10 4
58 11 3
7 85 3
20 64 1
13 80 2
97 81 3
74 15 2
43 44 2
18 47 1
80 27 3
21 58 1
43 70 4
45 19 1
72 34 4
64 79 2
85 71 1
28 23 2
6 22 1
44 73 4
78 72 4
40 16 4
21 24 1
38 46 2
31 5 1
21 22 2
48 51 2
90 38 4
47 19 1
50 87 3
25 71 3
18 78 1
34 50 3
82 7 3
87 9 4
57 48 4
97 30 1
56 34 2
84 1 1
51 21 3
78 54 3
16 66 4
69 95 1
28 18 1
10 85 3
1 61 4
23 90 3
86 59 2
95 5 4
77 17 3
44 40 1
92 6 2
20 39 1
96 70 1
21 62 4
92 93 4
29 11 1
11 73 3
39 28 2
20 85 4
73 96 2
45 69 4
49 6 2
55 27 3
82 12 3
10 0 4
1 62 4
44 38 3
51 92 3
15 2 4
90 46 2
75 95 3
75 5 3
57 39 2
89 85 2
27 30 4
75 22 3
28 53 1
45 33 4
83 46 1
67 84 1
3 96 3
62 3 2
45 31 4
78 16 3
87 76 2
36 97 1
47 6 2
5 57 4
23 92 2
18 90 3
7 57 2
44 71 2
50 94 1
32 16 2
51 42 3
56 80 1
35 92 2
35 34 3
92 62 1
74 70 1
30 25 4
73 93 3
5 60 2
20 54 4
2 97 1
22 85 4
90 49 1
40 43 3
28 61 1
36 25 1
68 37 4
97 41 2
22 5 4
17 84 3
48 0 2
3 56 1
62 0 2
26 45 1
97 8 2
78 69 4
82 57 2
86 65 2
19 16 2
95 54 1
84 11 4
46 33 2
0 3 4
86 40 2
19 59 1
28 67 1
40 49 1
68 12 4
7 54 3
25 83 2
36 79 2
47 65 4
44 95 3
75 13 4
71 89 2
3 4 3
63 28 1
87 11 2
38 57 3
40 13 2
60 49 2
71 97 1
4 16 2
41 55 3
10 43 3
93 89 3
51 86 3
55 14 1
31 29 2
95 16 1
13 30 2
87 68 3
33 30 4
79 41 2
93 40 3
10 9 4
47 9 2
33 57 1
16 23 1
78 99 3
26 94 2
85 42 3
0 31 4
87 58 4
68 61 4
83 97 1
25 2 3
66 11 3
91 4 3
68 52 4
31 12 4
42 14 3
24 99 3
68 73 3
61 91 2
40 19 1
76 82 3
92 91 3
18 15 3
32 55 4
62 15 2
50 6 2
51 67 2
83 76 2
47 53 2
30 54 3
26 71 4
86 77 2
37 56 1
74 7 2
14 46 1
64 63 4
73 33 2
5 15 2
9 26 3
56 44 4
70 22 1
84 91 3
14 97 1
33 25 2
1 67 3
68 89 2
4 81 1
28 3 2
58 74 2
81 91 2
11 64 4
70 69 1
71 29 1
28 87 1
29 83 1
73 94 3
42 87 2
56 6 4
90 34 4
91 71 4
40 4 4
32 82 2
51 29 2
49 89 3
5 20 2
18 53 1
77 82 4
69 86 1
87 83 2
23 55 1
27 74 1
1 6 2
89 82 3
24 14 4
2 70 4
76 90 3
15 54 2
17 38 4
31 11 3
23 97 3
94 77 2
32 3 4
66 77 1
75 79 4
53 32 3
80 51 3
1 23 4
76 35 1
71 27 3
42 69 1
80 89 3
79 8 2
50 79 1
22 93 3
73 16 3
87 23 3
36 69 3
64 94 2
89 27 1
90 99 1
98 36 3
99 22 3
35 49 1
39 92 1
95 46 4
67 64 1
5 54 2
86 75 2
59 17 4
52 57 3
82 16 3
69 71 1
15 11 2
38 12 3
17 64 1
99 14 1
21 75 1
9 50 4
6 24 2
20 82 2
92 5 4
66 61 1
77 61 2
61 19 2
92 90 3
33 66 1
12 51 4
6 18 1
52 43 4
90 57 1
93 88 1
25 22 4
25 87 4
98 91 3
19 1 4
84 52 4
7 10 2
23 83 4
22 78 4
4 23 3
27 75 2
7 34 4
85 77 2
35 31 2
4 12 1
36 22 4
60 17 2
70 36 4
26 56 3
99 53 2
39 85 4
65 96 1
50 24 2
24 55 1
76 63 4
40 85 3
84 49 4
71 90 4
51 62 3
99 39 2
45 90 4
3 86 2
96 97 1
98 20 1
29 80 3
12 62 2
54 44 2
31 9 3
85 47 1
96 79 4
42 64 3
96 44 1
95 62 2
76 27 4
62 77 3
10 67 4
51 6 1
25 79 2
1 74 1
71 75 3
62 67 3
78 28 3
32 26 4
67 13 4
84 96 1
81 10 1
42 38 2
54 6 1
49 10 1
8 89 2
13 83 4
71 49 4
70 97 2
71 45 3
16 42 2
33 54 3
52 89 4
66 70 1
90 40 1
84 48 3
71 54 1
11 72 1
82 84 1
91 10 4
56 23 2
25 43 3
24 51 2
82 24 2
90 65 2
39 49 3
44 83 3
18 22 1
47 5 2
59 6 1
65 93 3
15 37 2
48 24 3
95 9 2
75 43 1
19 98 3
97 4 3
38 40 4
80 2 1
96 78 2
52 63 3
91 93 2
47 87 2
63 48 1
64 27 4
9 77 4
23 68 4
93 76 1
33 99 4
7 13 3
52 55 1
86 7 1
56 70 2
58 63 1
12 21 1
12 53 4
56 9 1
79 35 3
96 90 1
77 97 3
12 95 3
20 21 2
48 28 3
94 58 4
23 43 1
78 82 4
97 98 3
45 29 3
69 27 3
32 68 4
71 3 1
90 37 2
64 89 4
55 37 3
41 91 4
36 96 3
32 30 2
21 6 1
47 40 4
80 71 4
82 86 1
24 59 3
1 47 3
30 94 2
27 35 4
87 94 2
66 15 4
81 5 2
6 71 3
63 91 1
77 79 2
39 88 2
62 80 3
78 2 2
12 26 2
34 29 1
41 69 1
32 36 1
1 14 3
28 77 1
4 39 3
45 15 1
89 40 4
56 79 1
39 71 2
13 49 1
35 17 4
44 16 4
8 15 3
17 24 4
34 70 3
61 7 4
25 86 2
66 28 2
31 67 1
78 90 3
67 52 3
62 98 3
97 12 1
52 24 4
78 45 4
62 37 2
44 46 1
47 88 2
5 56 3
1 86 4
56 21 1
85 19 3
69 51 3
29 93 2
78 87 3
94 22 2
80 16 3
69 60 2
23 99 4
31 49 3
71 63 1
3 93 4
64 12 3
6 99 2
35 15 1
43 78 3
88 46 3
16 12 1
87 60 1
54 59 2
69 81 2
37 0 4
45 41 1
12 48 3
52 35 2
17 8 2
88 78 3
80 52 4
54 61 1
8 92 1
69 87 4
21 16 4
87 86 2
38 91 3
45 59 2
94 33 2
58 7 1
29 88 1
88 97 3
52 11 2
95 81 3
81 17 4
66 4 3
67 97 3
44 48 1
27 32 4
35 86 1
60 31 4
80 38 4
77 2 1
94 97 1
72 43 2
66 41 2
54 25 4
70 35 4
97 17 3
92 28 4
96 23 4
26 31 2
7 42 2
39 8 1
82 56 4
15 69 2
99 93 3
32 47 4
97 68 4
22 95 3
1 88 1
85 93 3
99 40 1
26 33 1
10 66 3
36 29 1
56 84 3
80 92 2
68 43 4
58 18 4
85 62 4
8 88 3
89 42 3
94 13 4
40 82 4
56 77 1
83 71 1
70 18 2
80 48 4
87 88 1
36 3 3
29 0 1
86 33 3
52 18 1
86 8 1
15 92 4
92 13 2
36 8 2
25 70 1
1 69 2
94 1 1
46 97 1
21 36 1
41 24 3
39 63 3
51 99 4
53 88 4
12 94 1
84 34 4
69 79 2
31 69 2
57 61 4
33 74 4
1 75 4
57 80 2
42 26 1
50 3 1
78 20 3
43 7 1
39 72 1
60 42 1
26 40 3
18 99 4
58 77 2
70 50 3
31 44 2
68 91 2
29 97 1
34 38 4
20 36 2
46 71 3
54 12 4
46 86 3
35 60 2
19 10 3
76 57 1
1 40 4
64 65 1
6 95 4
71 28 3
51 93 1
17 95 1
70 75 3
18 24 4
79 48 2
36 7 1
41 13 3
89 61 3
59 77 1
40 56 3
24 46 2
94 17 1
29 89 1
25 78 2
87 81 4
40 32 2
68 65 1
17 9 1
12 83 3
90 35 1
36 62 1
21 10 1
31 30 3
72 56 2
66 27 2
98 43 2
25 40 1
89 6 1
11 81 2
94 41 2
15 90 1
8 52 1
49 24 3
44 15 4
53 85 3
28 41 3
53 8 2
28 15 2
53 22 1
76 85 4
4 71 1
49 5 3
90 31 3
3 19 2
14 0 1
39 47 1
7 16 2
86 30 2
13 10 3
68 54 4
92 0 3
32 90 1
90 0 2
84 28 2
13 87 4
6 64 3
1 37 3
32 84 1
29 79 4
12 55 4
74 36 3
39 64 4
70 98 4
19 96 1
93 43 1
46 37 3
58 32 4
17 1 1
5 62 3
14 11 4
55 76 4
62 69 4
98 48 1
66 7 2
13 35 4
20 35 3
63 53 3
48 91 3
4 93 1
73 79 2
94 44 2
74 91 2
34 6 4
2 11 4
62 52 1
60 21 1
76 40 4
81 44 1
80 20 4
44 37 1
48 13 1
17 34 4
63 85 4
40 83 2
11 82 1
8 62 4
76 4 4
88 61 2
89 45 4
68 9 1
89 95 2
83 64 1
61 26 3
56 8 3
78 48 4
50 57 1
46 59 3
67 38 1
73 99 4
99 76 3
6 86 1
50 56 3
39 5 3
24 95 1
64 91 3
78 75 3
37 40 2
74 69 1
25 96 2
14 75 1
34 1 4
90 42 4
32 9 3
85 6 1
70 79 3
35 3 2
2 37 3
66 68 3
6 7 1
38 49 2
15 51 3
33 4 1
72 24 1
15 7 1
42 33 4
4 13 2
86 49 3
85 79 3
28 22 1
9 12 2
83 86 2
70 6 4
37 38 2
94 72 2
81 9 2
8 44 3
84 35 3
57 99 3
79 39 1
41 37 1
37 59 4
84 25 3
2 41 4
9 70 1
98 61 1
17 36 4
45 80 3
82 10 3
51 14 1
10 6 4
2 74 2
5 45 4
81 43 2
86 12 3
70 65 4
38 9 3
46 27 1
5 79 4
15 83 2
68 20 2
69 55 2
67 14 2
63 75 4
17 80 2
1 48 3
24 97 3
78 44 4
85 18 4
37 75 3
81 28 2
94 66 3
38 75 1
75 10 2
29 65 4
98 54 1
13 86 4
22 73 2
69 50 4
77 71 3
88 52 2
4 58 4
5 50 1
60 89 4
13 46 4
17 20 1
58 33 2
58 28 2
72 66 1
89 87 1
12 63 2
