4900 100
0 47 2
1 41 9
2 40 6
3 82 8
4 53 4
5 33 4
6 24 7
7 90 8
8 33 9
9 58 9
10 49 7
11 32 6
12 4 8
13 35 5
14 5 4
15 99 2
16 77 1
17 21 3
18 80 8
19 80 6
20 75 4
21 5 3
22 45 6
23 15 2
24 83 4
25 16 1
26 8 3
27 2 5
28 83 3
29 31 7
30 63 3
31 6 6
32 53 7
33 23 6
34 89 9
35 58 4
36 18 6
37 67 6
38 95 9
39 18 9
40 74 1
41 4 2
42 33 3
43 9 9
44 52 9
45 56 6
46 54 4
47 97 9
48 54 6
49 29 7
50 47 2
51 35 9
52 59 7
53 39 1
54 89 5
55 87 8
56 34 8
57 21 9
58 2 1
59 52 6
60 30 2
61 30 8
62 88 7
63 43 8
64 75 4
65 78 2
66 5 8
67 91 8
68 26 8
69 72 4
70 57 4
71 86 7
72 26 5
73 48 4
74 34 1
75 8 7
76 77 5
77 97 8
78 4 2
79 76 4
80 59 6
81 76 2
82 19 2
83 11 8
84 98 3
85 16 7
86 40 4
87 35 3
88 20 2
89 35 2
90 30 2
91 59 6
92 83 5
93 31 8
94 34 7
95 38 1
96 70 1
97 86 3
98 59 2
99 82 8
72 17 1
54 14 1
17 76 4
28 79 4
3 29 2
23 20 4
79 72 1
61 26 2
59 6 4
12 91 2
45 81 4
87 98 3
90 3 4
75 50 1
63 51 3
85 72 2
11 64 2
40 33 2
59 93 2
66 20 4
95 7 2
8 91 4
64 10 4
18 81 1
38 11 4
43 90 1
97 78 2
91 99 4
5 38 4
24 14 1
85 77 1
25 22 1
94 56 1
68 45 2
92 62 4
18 94 2
92 11 2
26 22 4
44 59 3
28 60 2
21 90 4
87 32 4
15 32 2
39 45 2
12 39 3
67 55 2
55 54 3
3 14 2
48 78 1
35 96 2
49 94 1
18 37 2
80 32 2
40 64 1
0 5 2
28 87 1
54 88 3
33 49 4
99 6 2
3 65 2
73 69 1
96 17 2
51 25 4
34 63 4
12 60 2
92 74 4
27 51 3
83 9 4
51 22 4
84 4 2
91 4 3
33 93 1
52 78 1
73 34 2
66 90 1
95 79 4
18 55 2
2 65 3
14 28 1
13 83 1
20 43 1
53 97 4
85 83 2
64 1 1
82 86 4
77 94 3
6 26 3
3 22 3
26 10 1
44 62 4
93 57 3
27 70 4
79 92 1
81 26 2
34 77 3
32 10 2
59 55 4
47 72 4
60 75 2
56 62 4
45 98 2
1 61 1
74 61 3
32 78 3
13 52 2
7 69 3
95 35 4
73 11 3
97 18 3
78 7 1
56 74 4
70 38 3
25 57 2
5 54 4
14 76 4
11 12 1
3 72 2
68 23 3
60 90 1
64 77 2
20 92 3
14 67 4
93 79 3
91 56 1
73 91 2
52 58 4
59 88 2
42 98 4
16 93 1
12 27 4
52 40 1
83 99 3
22 55 2
1 71 3
66 41 1
83 66 1
37 42 2
81 12 4
46 4 1
2 18 3
80 52 1
23 82 3
72 38 3
49 96 2
10 86 1
57 10 4
5 72 3
38 23 1
7 61 3
46 74 2
9 0 3
18 13 1
5 47 1
46 23 2
78 40 2
57 40 4
75 69 2
50 43 3
96 69 2
30 85 4
44 33 2
87 48 3
48 10 2
95 50 3
36 78 4
85 3 1
93 34 1
35 52 2
17 91 1
5 59 4
43 47 1
91 47 4
21 12 2
95 91 2
67 86 2
54 17 1
47 6 4
1 29 4
60 91 1
73 26 3
73 54 1
99 23 2
78 63 3
73 13 1
28 85 3
70 99 4
56 73 2
27 81 1
32 88 1
78 96 4
81 56 1
81 15 3
73 51 3
37 7 2
5 94 4
23 69 3
79 9 4
47 14 3
89 92 3
23 5 1
26 42 1
14 52 4
49 11 2
23 13 2
59 50 3
96 67 4
15 78 3
12 13 1
12 37 2
70 6 4
13 4 1
19 62 3
50 87 2
27 42 1
76 75 1
28 30 1
25 78 1
58 37 3
70 61 4
27 50 4
87 25 4
59 76 1
70 78 3
74 37 1
76 1 2
48 91 2
65 79 4
50 16 4
9 98 2
58 10 4
92 34 1
24 84 4
62 80 1
91 62 4
88 42 2
11 74 4
75 12 1
12 26 4
50 24 1
84 51 3
40 39 2
7 23 2
4 32 3
43 53 1
45 85 1
60 55 3
32 47 1
26 92 3
11 57 4
27 64 1
51 9 2
18 59 4
8 63 4
71 53 3
78 0 2
86 43 1
72 68 1
89 48 4
52 64 1
8 18 3
84 33 4
58 54 1
84 95 2
3 71 1
47 82 1
21 79 3
6 58 4
86 11 1
97 31 3
87 56 3
40 14 4
85 87 3
57 33 1
77 35 3
64 21 1
97 2 4
59 68 3
81 82 2
68 25 4
78 80 4
1 6 4
34 68 3
11 61 4
84 79 4
97 21 3
68 47 4
34 76 4
28 2 3
87 36 4
0 63 2
3 43 1
64 98 1
62 49 1
18 91 3
51 23 1
85 42 2
37 27 2
81 40 4
99 2 2
3 51 4
65 7 1
93 62 3
36 76 3
91 3 3
80 82 2
61 8 3
58 27 2
6 15 3
54 94 3
28 58 1
37 85 1
73 65 2
41 24 2
75 73 1
1 18 3
72 81 3
13 38 4
84 31 4
38 83 1
25 40 3
62 73 3
40 90 4
87 17 4
66 89 2
50 81 1
87 1 3
13 66 2
45 49 3
27 40 2
92 27 4
47 77 3
50 35 4
65 4 4
41 47 1
38 87 4
80 50 3
12 89 2
15 63 3
11 44 2
25 26 1
91 90 2
5 10 2
95 89 4
0 23 2
22 40 4
16 29 4
49 76 2
46 13 1
20 98 2
44 88 4
12 96 3
67 94 3
81 65 2
54 57 3
29 14 1
41 80 3
33 83 1
9 63 2
55 84 1
55 98 4
14 12 1
87 80 1
68 14 4
53 21 1
81 21 2
92 40 3
52 95 3
36 19 2
3 24 4
50 6 3
28 89 2
49 84 3
25 58 4
21 56 3
68 27 1
23 97 1
12 20 4
91 35 2
59 92 1
79 83 1
69 28 3
69 93 1
46 33 1
21 18 1
38 68 3
17 40 4
95 99 3
71 75 1
9 76 4
0 83 3
63 67 2
55 27 3
62 6 2
52 42 2
41 14 3
94 64 2
70 52 2
42 61 3
72 4 2
41 60 3
93 21 1
29 92 1
48 2 2
59 65 4
26 7 2
31 77 4
96 48 4
83 60 2
79 67 3
36 94 3
83 4 4
81 60 3
7 15 3
13 63 3
22 2 2
9 67 2
47 19 4
81 8 2
12 47 1
7 30 3
13 36 1
72 41 3
40 1 2
1 96 3
6 73 4
17 37 2
91 79 2
13 69 2
37 25 4
18 70 3
88 30 1
44 23 4
78 54 4
48 38 4
87 9 4
64 51 3
15 92 2
48 30 4
82 94 1
69 35 1
86 23 1
36 79 4
14 70 4
70 37 3
16 1 2
14 4 3
60 16 2
50 90 4
4 66 1
86 93 3
38 29 3
30 4 1
56 12 3
93 71 3
60 42 3
15 19 4
63 19 2
61 9 3
12 32 2
19 72 1
61 31 3
3 88 2
90 23 1
90 74 1
81 97 4
46 95 3
41 75 2
40 32 2
36 97 3
67 83 1
54 49 3
74 4 1
16 45 2
83 31 1
49 13 2
81 87 3
68 57 1
45 40 3
19 39 4
59 43 4
9 12 3
31 11 3
36 70 3
11 29 1
43 5 2
84 42 4
21 43 2
74 83 1
22 7 1
76 31 2
5 91 2
59 84 1
48 52 3
3 70 4
41 18 4
74 50 1
78 37 3
18 23 2
78 90 1
73 5 1
22 10 1
68 90 4
23 10 1
11 69 3
27 44 4
5 44 2
22 29 4
20 50 4
36 81 1
16 78 3
41 8 2
46 26 1
50 98 3
46 68 3
74 17 2
56 31 4
45 7 4
57 73 1
13 28 2
88 49 4
19 94 2
6 71 2
74 21 4
29 27 2
43 28 3
13 55 4
91 11 3
60 71 3
65 57 3
57 99 3
74 66 2
24 1 4
96 59 4
9 52 3
34 30 4
3 39 4
25 67 3
73 68 1
42 41 4
41 68 3
4 34 2
68 49 2
49 46 2
64 46 1
25 84 3
76 58 4
88 94 4
93 67 1
68 91 2
67 64 1
90 89 2
22 87 3
84 53 2
20 30 4
55 83 1
92 31 2
59 26 1
30 66 2
33 78 1
52 97 4
83 17 4
54 40 3
26 51 1
58 94 3
10 27 2
19 57 2
87 46 3
55 72 4
76 51 4
80 28 4
86 8 2
3 69 2
33 99 4
27 35 4
48 8 3
83 51 3
10 65 4
87 91 4
53 25 3
21 13 4
84 86 3
0 42 3
77 90 2
98 49 3
88 17 1
37 48 2
93 84 3
73 10 3
97 96 2
44 3 3
36 11 1
72 34 3
3 47 4
68 55 1
44 64 3
12 38 2
10 52 1
39 91 3
35 24 3
10 36 2
68 8 2
35 71 1
71 45 4
71 40 2
97 74 4
38 85 2
87 88 1
84 64 4
67 8 1
47 36 1
54 44 2
16 43 4
67 33 1
85 69 2
66 37 4
11 20 3
75 96 1
69 17 3
35 55 2
77 14 1
88 74 2
74 86 3
54 96 2
58 62 3
53 14 4
68 16 4
22 93 4
74 59 4
69 54 1
71 13 4
80 75 3
42 34 1
29 23 1
26 31 4
23 37 2
84 43 2
13 7 1
50 11 4
58 16 3
69 31 4
31 18 3
42 48 2
57 32 1
39 5 2
89 36 4
71 62 3
16 74 3
38 10 1
29 58 4
94 73 2
59 37 3
80 44 3
72 75 1
95 97 3
30 18 1
77 21 3
49 97 3
90 19 4
5 68 3
17 53 4
37 22 3
10 61 2
6 82 4
44 63 1
36 17 2
53 83 3
41 28 4
51 92 3
33 39 4
11 59 3
44 70 4
70 73 1
86 0 4
31 81 2
47 7 4
62 31 1
2 66 2
45 64 4
88 33 2
8 30 4
9 96 4
49 60 3
45 79 2
4 52 2
98 93 4
43 18 4
42 19 3
90 59 1
49 51 4
11 4 3
44 94 3
55 34 2
84 94 4
42 94 3
68 35 3
32 41 2
96 94 1
23 92 1
54 64 2
5 62 2
21 88 4
28 8 4
23 36 1
77 87 1
42 54 4
60 43 3
43 22 1
72 61 2
97 69 2
7 92 1
65 28 1
64 72 4
3 0 1
96 0 1
70 77 1
1 98 4
91 63 1
45 51 2
41 97 2
94 43 2
0 56 4
45 92 3
56 83 2
42 74 3
29 69 3
28 88 1
48 43 3
25 64 3
85 17 1
68 22 4
13 80 2
3 67 3
55 32 1
42 82 1
12 2 4
29 60 2
32 54 1
15 56 4
31 42 4
54 99 2
7 17 1
28 24 2
49 61 1
93 35 3
79 74 3
80 99 1
33 31 4
14 21 2
16 82 3
45 61 3
49 40 2
76 43 4
29 84 2
62 2 1
20 41 4
45 90 4
45 26 2
44 17 1
19 33 1
91 26 1
42 72 4
25 38 1
20 44 2
15 73 3
19 45 4
25 36 1
48 5 1
46 85 1
68 86 4
88 2 1
35 12 2
81 51 3
23 3 3
83 42 3
71 98 1
28 40 2
51 88 2
1 15 3
10 66 3
5 70 3
92 14 3
13 51 3
32 8 2
7 81 3
76 19 2
56 36 1
65 11 1
40 19 2
22 12 2
52 37 2
47 42 2
51 37 3
55 29 1
29 36 1
34 75 3
86 28 1
59 63 2
57 94 1
27 72 1
26 35 3
26 63 3
26 55 1
23 85 1
1 26 1
59 70 4
68 30 1
57 51 4
11 23 1
50 12 3
83 26 4
41 56 1
56 43 1
26 38 1
40 5 1
33 11 1
98 41 3
80 55 4
0 20 3
60 52 4
49 26 3
81 44 3
44 55 3
85 90 4
56 60 4
4 93 2
94 41 4
96 63 2
83 32 1
75 47 4
84 19 4
57 87 2
20 16 4
34 62 3
65 54 1
42 70 4
11 27 4
63 20 4
49 43 1
8 74 3
78 74 2
72 59 1
45 91 3
84 60 1
15 77 2
40 30 1
24 68 2
9 23 3
52 61 1
2 15 2
81 25 2
47 67 1
55 11 3
46 98 4
26 0 3
30 44 3
56 97 1
7 93 2
64 28 3
56 51 3
98 90 1
74 85 4
17 52 2
50 33 2
4 25 3
76 39 2
72 51 3
29 77 1
36 44 4
13 33 1
72 15 4
86 45 1
59 82 3
4 96 3
19 37 3
87 76 1
89 56 3
49 58 4
92 25 2
48 47 2
42 97 1
2 74 3
54 63 1
11 75 1
91 52 2
11 0 3
52 88 1
66 1 3
54 20 1
81 11 4
14 31 1
95 88 4
91 41 3
81 89 3
42 24 2
68 28 4
93 40 3
33 87 2
23 28 3
63 18 4
91 44 3
13 19 3
47 63 1
6 37 1
1 72 4
69 83 1
49 35 3
70 82 1
95 55 4
81 52 2
66 79 3
9 75 2
43 83 2
89 69 3
81 22 2
99 62 1
68 9 4
21 19 4
55 93 2
95 69 3
40 76 2
27 36 4
30 42 2
71 70 3
86 20 1
64 68 1
73 83 2
81 71 3
8 53 2
35 98 3
28 34 4
37 81 1
84 21 4
72 35 4
46 30 4
88 79 4
55 19 4
42 29 4
16 40 3
92 41 1
71 69 1
93 1 1
79 1 1
44 57 2
41 54 4
7 82 3
80 14 4
47 78 1
52 79 3
54 6 2
74 96 3
17 30 1
2 9 2
6 89 2
48 90 1
49 27 4
96 26 1
3 19 1
2 5 4
25 95 2
54 70 2
66 51 1
0 95 4
79 44 2
96 55 3
77 65 1
85 55 1
74 38 1
33 62 3
49 93 1
58 47 2
60 35 3
38 75 1
64 95 3
13 58 3
27 91 2
6 36 4
87 51 3
95 74 4
99 66 1
12 8 4
69 32 4
37 46 1
76 42 1
79 96 4
43 26 1
50 4 2
90 46 4
14 8 2
82 43 3
38 81 2
57 74 2
50 78 3
81 41 2
64 41 3
29 26 4
70 86 4
17 80 2
26 36 3
29 46 2
30 23 3
26 90 4
31 15 4
94 98 2
10 88 2
30 0 4
73 12 2
6 67 2
78 46 4
66 36 3
2 29 1
25 48 4
89 10 4
37 47 4
97 3 4
95 96 4
56 93 1
19 43 2
58 78 2
66 26 2
15 50 3
71 54 4
41 48 3
69 99 2
62 94 2
31 78 4
47 20 2
59 35 1
66 94 3
80 45 3
84 9 3
30 27 3
34 64 4
32 46 2
0 45 1
4 19 1
44 32 2
69 9 2
80 16 4
10 82 4
20 99 3
41 33 2
32 85 2
27 74 3
66 91 3
74 10 1
23 8 3
43 78 4
38 34 2
56 77 3
74 54 3
80 53 4
18 72 4
4 51 3
53 0 4
91 81 4
37 30 2
68 11 2
46 39 4
44 78 1
6 33 4
78 53 1
65 61 3
75 19 1
41 70 3
77 74 1
63 79 1
52 23 3
60 8 3
56 50 2
33 91 1
33 48 3
50 68 4
76 60 4
13 91 3
92 17 1
12 76 1
31 79 1
85 79 1
67 16 4
36 72 3
75 28 4
20 60 1
19 70 4
95 61 4
23 62 3
1 59 2
15 90 3
45 9 4
4 43 3
69 22 4
7 49 4
96 92 4
69 41 4
55 25 2
91 80 1
46 22 2
60 64 1
40 8 2
70 13 2
34 43 2
21 23 4
24 80 4
77 91 1
43 13 3
6 4 3
17 38 3
75 61 4
8 6 3
1 38 1
76 53 4
78 75 1
70 75 1
67 29 4
43 66 3
44 2 4
18 11 3
35 3 2
53 40 1
39 86 3
43 65 1
45 73 1
12 82 1
83 86 4
14 44 4
26 70 2
39 13 3
64 85 4
62 72 1
75 21 1
58 80 4
31 72 2
14 38 4
17 68 4
52 72 1
78 3 2
61 80 1
87 86 3
95 36 2
50 41 1
89 5 1
52 55 1
45 63 1
2 69 1
81 42 4
85 51 2
0 98 3
35 8 3
82 27 3
54 81 4
20 74 1
98 8 3
94 38 1
96 34 4
75 36 4
86 50 2
89 31 3
20 78 2
12 48 3
31 22 3
35 5 4
2 87 3
1 35 2
72 66 4
0 22 4
40 10 4
23 75 1
24 91 3
47 60 3
83 72 2
53 49 4
50 66 1
35 0 1
63 7 1
71 5 3
16 42 4
33 25 3
48 58 3
13 37 2
88 41 3
0 18 1
55 65 2
5 20 3
62 57 3
6 74 3
12 66 1
59 64 1
31 37 1
69 65 2
87 66 1
80 98 3
99 79 3
14 72 1
3 11 4
2 63 1
58 51 4
55 91 3
21 6 2
50 8 1
80 4 4
84 74 3
70 58 3
56 37 4
95 24 1
11 70 1
25 12 2
95 78 3
37 89 4
28 1 3
43 0 3
93 26 1
3 9 3
47 16 1
30 96 2
30 95 3
26 27 3
3 32 3
30 71 2
94 72 3
95 83 1
98 18 1
93 65 1
58 41 2
84 46 4
75 27 1
84 48 1
67 87 1
81 20 2
36 34 4
71 31 4
39 23 2
69 5 3
61 71 2
34 51 4
61 86 1
41 85 2
27 34 4
68 99 4
98 27 1
46 25 3
14 93 1
84 66 3
0 93 1
9 14 4
31 90 2
48 39 4
49 87 2
46 42 1
58 61 2
37 76 1
14 30 2
74 55 3
28 98 1
45 15 1
72 10 4
50 76 1
7 68 1
5 90 1
18 69 1
34 88 2
30 99 4
38 62 1
95 19 1
73 41 4
41 27 4
34 52 3
73 88 2
63 87 4
9 26 3
49 17 1
4 67 3
53 63 3
38 59 2
96 7 3
4 45 2
57 31 4
18 88 2
34 59 4
60 92 3
78 66 1
23 50 2
21 63 4
19 16 1
58 5 3
39 54 2
16 23 3
6 79 2
46 12 3
68 61 4
42 59 3
37 2 3
30 55 4
67 26 4
20 17 4
73 29 3
58 86 1
59 60 4
97 40 2
50 60 3
75 29 3
52 21 3
93 13 4
88 92 3
2 83 1
66 24 1
24 86 1
1 65 3
7 4 4
0 94 1
27 99 4
52 92 1
52 39 2
60 31 3
56 6 3
94 31 2
90 63 1
34 87 3
74 5 2
51 96 1
57 72 4
46 11 4
95 76 2
19 31 1
1 94 1
67 56 4
61 81 1
90 67 3
70 55 3
43 88 1
67 53 1
99 88 1
15 28 2
19 98 3
15 3 3
9 6 3
6 16 3
35 97 2
65 68 3
11 85 3
66 88 3
53 2 3
84 39 3
57 30 3
11 25 3
17 57 4
31 30 2
72 32 1
77 59 1
25 61 2
24 18 4
7 71 3
49 59 2
84 2 4
83 15 2
23 48 2
69 91 2
17 63 3
66 56 3
3 93 4
77 88 4
3 31 4
22 80 4
56 8 3
39 68 2
39 4 4
76 68 3
13 99 3
16 96 3
70 12 3
16 2 1
7 29 4
0 69 2
70 48 2
72 45 3
37 45 4
2 6 4
30 36 4
96 73 1
77 19 1
82 29 3
51 75 1
98 99 2
66 76 2
30 69 3
56 22 3
91 31 4
70 30 4
60 99 4
86 80 4
93 74 1
69 40 1
23 2 3
54 61 4
14 17 2
47 25 1
76 0 1
74 58 1
1 83 4
77 79 1
12 6 1
1 89 2
17 24 4
41 71 1
36 88 4
5 98 4
7 80 1
13 59 3
50 45 2
26 16 2
58 4 4
69 77 3
28 66 3
10 16 3
67 71 1
84 75 3
35 46 4
80 27 3
30 93 1
97 43 1
96 72 4
63 27 2
27 21 3
42 21 1
17 29 4
67 82 4
50 65 1
72 63 3
46 65 4
70 7 2
44 40 4
50 97 3
11 71 4
74 68 4
94 50 4
17 67 3
5 1 1
10 29 4
18 75 4
41 12 1
21 9 2
59 8 1
10 90 2
91 16 4
73 52 4
93 70 3
46 76 3
24 8 4
84 7 1
44 97 2
67 80 1
19 22 2
40 88 3
95 31 3
85 65 3
21 2 1
22 95 3
49 38 2
62 78 4
68 53 3
48 55 4
43 58 1
34 19 1
82 33 1
93 36 2
0 67 3
42 53 4
18 26 4
86 55 2
60 53 1
3 56 3
64 71 1
65 89 4
7 62 2
21 45 3
91 32 2
84 56 3
56 33 1
86 36 4
47 15 2
17 33 1
89 75 3
56 95 1
47 95 3
55 77 2
70 8 1
83 39 3
96 88 2
35 6 4
64 18 4
58 65 1
1 11 3
71 57 4
87 47 4
21 29 3
15 48 3
44 89 3
96 19 1
38 96 2
76 63 4
61 76 1
11 43 2
98 53 1
79 30 1
3 42 3
49 95 3
68 52 1
17 98 2
65 24 4
75 68 4
9 24 3
80 39 1
83 77 3
1 19 2
72 87 3
58 20 3
39 29 2
5 86 4
84 78 2
9 1 2
58 71 4
79 57 1
23 65 3
43 23 1
35 21 1
78 76 1
52 93 1
42 64 4
27 94 4
23 6 1
46 73 4
56 86 1
55 89 3
36 50 1
57 56 4
69 48 3
6 46 4
35 18 2
33 18 2
1 48 4
67 59 1
92 53 1
99 75 1
20 52 4
79 10 1
60 34 3
65 6 3
88 69 3
30 45 4
8 78 2
57 55 4
50 1 1
97 39 1
53 7 4
43 62 4
57 37 3
73 47 4
38 77 1
0 1 2
32 84 2
65 64 4
79 49 1
10 47 3
98 85 2
2 93 4
2 49 1
0 13 1
41 63 2
29 24 4
9 31 3
7 18 2
15 65 3
67 32 3
19 44 1
65 29 1
15 95 1
33 4 4
39 51 4
99 4 2
45 8 2
53 38 1
8 3 3
5 25 2
83 7 2
19 67 4
53 62 4
52 74 1
24 36 3
72 22 1
60 79 1
87 14 4
71 65 1
62 70 2
37 38 4
10 81 3
52 22 1
38 35 1
14 22 3
65 21 2
98 7 1
6 28 1
22 90 2
45 44 2
79 27 4
42 10 2
53 23 3
17 78 4
51 20 4
89 94 4
78 72 1
28 74 4
79 17 4
38 61 2
77 1 1
97 75 2
59 9 1
15 25 3
60 4 3
48 9 1
57 50 4
30 82 4
16 53 3
64 66 1
69 37 3
15 82 3
0 37 3
77 51 4
58 99 1
42 58 2
44 96 2
0 55 4
77 40 3
82 26 1
76 91 1
75 44 1
84 57 4
65 12 1
78 83 3
92 77 1
6 52 4
32 25 2
86 90 2
42 7 3
66 42 3
35 81 2
78 85 1
60 70 4
21 95 3
90 73 3
83 68 1
23 47 4
2 55 3
90 83 2
22 34 3
23 1 1
7 31 1
53 81 1
10 75 2
51 8 2
90 28 3
41 95 3
6 97 2
94 16 1
7 3 4
77 9 4
38 73 3
31 41 2
16 11 3
44 24 3
40 60 3
98 77 2
52 87 3
26 53 2
57 18 3
34 40 1
63 48 2
81 34 2
39 42 4
97 34 4
9 18 2
65 52 1
5 11 2
75 95 1
85 7 2
20 19 3
58 46 4
6 22 4
42 49 4
44 73 3
66 19 1
40 56 3
75 82 1
58 68 2
57 45 1
12 19 2
13 64 3
35 88 4
39 64 2
27 32 1
11 93 4
82 4 2
69 20 4
9 74 1
95 11 3
57 80 1
83 84 3
42 25 2
69 86 4
99 28 2
93 8 4
70 91 1
78 9 2
61 5 4
76 89 4
94 26 3
49 57 1
65 32 1
82 53 1
5 9 3
62 68 4
43 39 2
1 56 3
92 0 1
79 23 3
80 21 3
68 32 2
65 18 4
41 10 2
1 52 2
39 16 2
96 81 3
89 13 4
92 64 4
11 48 3
74 64 4
27 88 3
38 0 2
45 33 1
62 40 4
67 81 3
78 24 1
77 20 1
5 42 4
16 52 1
48 57 3
24 73 1
82 97 2
83 54 2
24 46 2
62 29 1
17 45 4
81 5 3
57 41 3
63 74 4
13 15 4
12 34 4
18 46 4
10 30 1
48 80 3
53 52 2
14 62 4
22 35 4
32 86 3
90 1 3
90 47 1
43 98 3
22 32 1
68 37 2
32 95 4
64 82 3
22 85 4
66 46 2
78 30 2
34 37 4
89 58 4
40 31 1
38 71 3
40 73 4
97 5 4
55 12 1
96 2 4
81 98 1
58 90 2
18 42 3
21 66 2
4 87 4
98 56 1
82 36 1
37 71 4
3 54 2
32 29 1
30 3 3
55 94 2
9 70 3
83 75 1
39 24 3
17 93 2
99 31 4
25 41 4
53 74 4
10 14 4
16 46 3
30 92 4
35 99 2
55 24 3
43 80 4
66 3 4
39 28 2
24 51 2
43 75 1
80 8 2
50 34 1
62 69 2
0 7 3
85 0 1
49 75 3
21 83 3
1 68 3
40 43 1
77 8 4
77 5 2
99 74 4
2 90 1
66 47 3
84 6 3
44 61 3
29 8 3
98 97 3
50 63 1
74 49 1
89 42 1
96 43 2
57 83 4
27 19 3
71 56 2
66 73 1
64 99 4
54 66 2
68 98 4
97 27 2
5 65 2
59 33 1
99 90 3
44 85 2
40 9 3
21 59 2
12 79 3
40 41 2
97 63 2
35 66 4
32 99 4
11 52 4
89 85 3
87 21 1
87 41 2
19 32 1
13 26 3
69 24 4
32 93 4
64 90 2
97 0 1
8 94 4
90 56 3
49 80 1
52 49 4
88 46 4
60 6 1
47 64 2
32 38 3
36 0 3
25 88 4
61 88 4
60 72 2
85 4 4
16 37 1
28 76 4
98 95 4
40 6 4
16 56 2
67 12 4
33 76 2
15 87 2
84 85 3
25 60 2
95 43 4
82 69 3
83 19 3
53 66 3
17 32 1
68 87 3
57 61 1
26 88 4
27 4 1
35 84 3
5 26 4
24 61 4
66 57 2
58 82 1
24 7 1
62 4 4
2 10 1
94 65 3
40 11 4
69 27 4
49 19 4
99 55 3
49 92 3
55 8 1
46 89 1
86 3 4
51 68 4
21 39 2
54 62 3
58 88 3
9 57 3
34 84 4
3 17 4
35 41 4
11 34 1
3 61 1
45 84 1
51 43 4
55 62 2
30 26 2
30 21 1
2 11 3
94 20 2
90 32 3
94 69 1
82 21 1
32 64 3
68 84 4
37 87 4
89 83 2
72 16 3
35 57 2
19 68 4
28 45 4
69 51 1
6 17 1
20 35 2
39 31 4
72 49 4
1 91 3
72 21 1
93 85 3
7 51 3
28 52 1
30 73 1
80 38 2
94 61 3
38 24 3
74 71 4
55 61 3
79 3 2
13 87 1
35 42 1
49 99 4
95 57 3
17 1 3
43 25 1
13 81 1
76 10 2
4 28 1
16 70 2
32 52 3
41 22 3
47 30 2
36 7 1
52 54 1
89 57 1
31 52 3
81 49 1
80 1 2
40 68 4
20 27 4
10 31 4
53 37 4
45 88 2
38 33 3
93 50 1
43 52 4
4 81 4
65 25 1
3 27 4
5 30 3
69 56 1
92 82 2
9 25 2
24 13 4
64 6 1
0 89 2
75 93 3
95 81 2
58 26 1
97 68 4
73 50 4
5 45 2
75 59 2
13 56 4
34 21 1
16 48 2
12 80 1
97 72 1
57 34 1
9 66 4
89 17 1
10 18 1
10 98 3
8 17 2
33 7 3
7 20 1
12 3 1
73 3 2
11 21 1
89 84 3
79 22 2
66 27 1
5 22 3
70 34 1
2 75 4
55 16 1
17 23 2
82 93 2
20 4 4
57 13 1
85 95 1
93 48 1
7 43 3
27 47 1
86 14 1
65 80 1
69 42 4
32 82 4
66 23 1
82 56 4
35 90 4
61 37 3
59 57 1
12 74 2
13 68 4
48 85 3
10 9 2
93 19 1
87 3 3
82 18 4
49 85 4
26 98 2
63 29 2
97 76 1
93 99 1
78 86 3
25 45 4
84 37 2
74 45 3
20 29 4
19 11 1
33 52 3
47 40 2
84 26 1
51 98 1
98 61 3
77 17 3
92 38 4
6 49 4
64 12 4
36 35 4
97 37 2
85 13 4
53 18 2
40 12 2
98 92 1
77 23 3
43 45 3
60 21 3
55 15 1
28 97 2
53 20 3
42 2 1
39 75 4
63 4 4
46 75 3
66 45 1
74 15 3
16 14 3
69 46 2
85 35 1
64 33 4
90 93 4
55 5 4
20 36 2
43 41 1
75 45 2
51 44 2
75 55 3
29 25 3
51 10 3
50 55 3
58 22 1
64 20 1
50 3 1
82 40 2
81 68 4
46 62 1
52 12 3
87 92 2
33 95 1
59 16 3
37 92 1
39 47 3
99 38 2
59 62 3
90 49 4
62 82 2
8 72 4
77 68 3
1 85 2
80 90 2
48 50 4
66 93 2
70 1 3
19 17 1
74 31 4
29 9 4
79 82 4
9 11 2
12 45 2
14 58 4
22 76 2
93 72 1
30 62 4
40 50 2
24 88 1
62 67 1
30 19 1
8 9 3
94 91 1
46 0 4
72 99 3
11 56 3
76 23 2
74 89 1
98 88 1
19 81 3
23 56 1
40 51 4
99 81 3
47 38 4
87 45 3
28 38 3
77 33 4
59 48 1
13 25 3
81 83 1
0 64 3
3 53 1
86 2 1
25 2 3
8 0 4
80 5 2
38 21 4
65 60 3
73 43 3
29 52 1
72 48 3
5 52 2
27 89 1
91 37 1
92 16 1
51 50 4
90 84 1
3 63 2
72 28 1
26 87 3
95 62 3
39 62 1
50 84 3
53 48 1
52 77 1
33 66 2
87 0 1
71 82 4
84 72 1
14 15 3
16 57 2
49 77 2
17 70 2
77 10 4
86 42 2
95 27 1
89 21 2
81 6 1
27 6 4
50 79 3
16 28 4
7 8 2
19 91 3
76 74 1
26 54 1
54 77 3
24 30 1
15 52 2
63 52 2
53 34 1
88 72 2
30 80 1
14 20 1
32 76 2
82 5 3
44 76 2
63 95 3
50 21 2
71 63 3
12 92 1
52 99 2
44 84 2
16 5 2
32 97 1
48 61 2
82 13 1
45 69 1
26 21 4
73 49 4
25 0 3
39 61 4
89 88 1
77 75 1
83 76 1
51 19 2
25 54 4
76 35 2
67 36 1
69 12 1
89 51 3
34 0 3
84 96 2
25 18 1
37 82 1
66 7 4
40 63 1
95 87 1
11 42 3
8 21 4
52 18 1
31 43 3
31 17 2
7 34 3
32 16 1
20 40 1
44 0 4
27 71 2
9 49 1
73 18 1
88 13 3
43 46 1
9 30 1
19 79 4
95 72 1
51 15 4
80 20 1
2 67 4
69 14 4
68 0 4
17 60 1
8 89 3
59 58 4
86 49 4
82 78 1
52 83 2
77 44 2
90 27 2
84 63 4
1 37 3
87 31 3
98 15 3
45 83 1
26 64 3
65 95 4
27 48 1
15 59 1
65 37 1
2 81 4
26 75 4
15 54 2
29 59 1
98 58 2
22 73 1
54 23 4
61 46 1
11 35 3
50 38 2
64 80 1
66 14 1
11 67 3
88 11 2
28 46 1
37 9 2
3 94 3
29 61 1
39 14 3
88 31 2
15 93 1
80 63 1
90 54 2
69 19 2
41 30 4
46 91 3
17 51 3
81 64 3
82 22 2
71 0 1
57 1 2
16 75 3
53 30 3
6 18 2
11 13 1
96 99 4
67 78 4
62 60 1
96 6 4
1 30 1
46 38 1
36 42 4
75 17 3
28 29 1
24 79 2
0 66 2
83 37 2
99 56 2
45 59 4
22 62 4
50 44 4
78 68 1
74 43 2
31 66 2
83 23 2
54 35 4
53 12 2
65 75 1
1 8 3
90 71 4
54 85 1
3 59 4
32 2 3
7 88 2
86 1 1
16 7 3
75 40 2
5 76 1
61 43 4
76 85 2
39 69 1
41 77 1
45 99 4
34 25 3
32 63 4
89 45 2
50 39 2
42 14 4
22 30 4
70 79 1
95 5 3
94 80 3
19 50 4
56 7 2
23 14 2
82 91 2
51 74 3
33 20 1
11 30 4
85 26 2
12 30 1
20 10 3
56 19 4
35 82 4
81 24 4
2 36 3
57 63 2
86 72 1
54 30 3
89 26 4
42 23 4
18 5 1
84 17 1
57 22 4
37 93 4
50 91 4
86 54 2
32 48 4
85 56 2
28 49 4
4 26 2
40 3 1
46 20 1
22 24 2
98 52 4
73 58 4
78 29 3
72 29 4
71 12 4
92 97 2
79 54 4
2 34 1
37 36 2
82 17 1
84 58 1
12 43 4
11 8 4
10 78 4
20 89 2
6 13 3
66 85 1
80 56 1
13 32 4
23 91 4
47 62 4
7 67 1
66 80 1
32 23 2
39 90 2
0 74 3
44 98 3
45 52 4
68 18 1
54 34 4
16 54 4
23 74 4
50 54 3
13 14 4
31 54 2
63 56 3
24 75 1
98 91 3
97 22 3
90 29 2
72 90 2
8 73 3
25 93 3
10 71 1
34 61 2
45 1 1
90 36 2
3 55 3
77 45 2
51 71 3
28 44 4
91 36 3
33 21 3
29 80 3
97 84 1
40 4 2
61 69 3
32 1 2
66 65 3
97 65 1
48 46 4
11 98 3
3 26 4
95 13 2
47 79 1
82 31 3
27 28 2
96 11 2
97 79 2
49 55 4
10 93 4
92 21 3
47 92 4
57 91 1
86 9 4
0 24 1
18 85 3
16 38 1
55 39 1
69 26 4
34 91 2
88 29 4
99 34 4
93 41 1
96 58 1
78 28 3
97 87 4
59 99 2
24 77 4
66 48 2
83 94 2
71 33 4
56 26 4
81 16 4
71 16 1
86 33 2
83 87 4
12 33 1
51 5 2
76 2 3
1 49 4
54 21 3
47 65 1
49 21 3
25 76 1
27 25 1
94 29 2
61 79 4
99 89 3
12 10 3
6 90 3
31 45 4
85 97 3
89 47 3
7 60 2
71 85 4
22 99 1
90 82 1
64 19 1
35 15 4
25 94 4
92 94 4
21 3 2
23 72 2
29 54 2
91 53 3
47 70 2
59 95 1
23 64 1
67 77 3
44 7 3
51 82 1
72 89 1
89 32 3
78 77 4
73 92 3
73 59 4
26 65 1
19 29 4
41 82 1
24 92 3
47 88 4
60 98 1
87 16 2
98 2 2
98 63 2
85 57 3
22 44 3
80 85 2
76 18 1
28 36 4
33 70 3
36 15 1
97 80 2
94 70 1
88 37 2
3 41 3
89 86 4
12 87 4
74 14 2
7 50 2
22 78 2
71 99 1
55 45 3
45 78 4
40 35 1
51 60 2
24 47 2
96 53 1
66 62 4
13 5 4
20 2 1
99 19 4
63 42 1
60 39 3
43 99 2
20 62 3
50 69 4
42 79 1
29 47 2
23 49 1
51 47 2
3 83 3
10 69 1
84 99 4
91 0 1
99 51 4
9 91 3
76 82 1
60 68 1
10 99 4
22 38 1
99 92 1
57 0 4
47 54 2
32 70 4
8 52 1
32 39 2
64 35 1
40 99 4
0 10 1
3 37 2
36 99 3
42 80 4
96 20 2
69 84 3
75 31 1
34 17 1
11 37 3
44 13 2
34 47 1
87 69 4
74 94 3
0 40 2
36 48 4
71 78 3
86 18 2
43 33 4
64 14 1
70 83 3
6 80 3
57 7 2
61 97 3
32 73 3
81 90 2
94 6 3
84 81 4
10 21 2
33 55 3
81 85 2
68 95 3
60 19 2
53 64 3
92 2 4
47 69 2
89 19 4
0 58 3
10 46 4
7 6 2
36 68 4
55 36 1
14 36 2
20 34 3
1 3 1
18 3 2
36 45 2
53 85 4
53 77 2
13 41 1
99 97 1
86 85 2
88 4 1
24 70 3
79 64 1
83 36 2
85 36 2
99 18 1
18 14 4
57 47 4
77 60 3
14 35 3
60 45 2
83 29 4
82 88 1
95 60 3
77 62 2
91 29 4
47 45 2
78 89 4
14 91 1
79 80 1
21 55 4
98 73 3
63 10 3
32 5 4
20 49 1
84 54 3
32 33 4
66 49 1
73 64 2
0 80 2
4 35 1
1 2 2
96 76 3
6 11 1
52 82 1
96 8 1
14 90 4
58 56 3
34 35 3
53 75 1
32 42 1
27 38 4
92 9 2
60 58 4
56 5 4
17 71 4
78 39 2
22 13 2
6 29 4
6 85 3
44 21 4
2 43 1
45 18 3
19 59 2
38 40 2
63 69 3
97 66 3
45 42 1
45 96 1
85 99 2
35 92 1
38 98 4
33 16 3
70 23 2
50 52 1
19 97 2
96 36 2
88 9 1
50 18 3
58 53 1
6 63 3
73 53 3
66 58 3
31 35 4
64 17 1
39 56 2
70 68 4
89 91 2
12 97 3
72 9 2
89 59 3
93 77 1
57 23 4
17 59 3
83 96 4
39 95 1
44 9 1
4 56 3
54 43 4
72 44 4
18 92 2
46 96 1
14 73 1
57 14 1
54 9 3
46 36 3
8 43 2
39 88 3
50 70 2
9 28 4
86 27 4
8 38 4
71 2 3
37 54 3
27 85 1
61 63 3
73 17 3
13 65 1
89 14 4
46 60 4
81 46 1
6 44 4
2 39 2
49 82 4
25 98 2
68 31 1
11 89 3
54 18 4
56 46 1
35 65 3
46 2 4
58 92 3
30 49 2
51 38 2
11 94 4
15 10 2
4 36 4
87 65 2
77 96 3
69 15 4
66 68 4
15 18 2
12 51 2
76 24 4
41 49 2
60 18 2
54 95 2
99 48 1
47 61 3
94 85 3
11 99 4
83 25 2
78 79 2
97 51 4
16 41 1
67 65 1
22 33 2
23 96 2
20 87 2
40 89 3
1 12 2
9 39 4
65 30 3
57 39 4
52 62 3
45 23 3
75 58 3
10 56 4
84 40 2
67 39 4
55 56 3
40 36 3
80 93 1
41 7 1
15 5 1
84 15 2
57 60 1
96 40 1
12 59 1
75 33 4
81 32 3
87 94 2
67 52 1
38 4 1
3 25 2
24 31 2
13 86 1
66 59 2
23 63 3
70 4 2
51 1 2
86 64 4
87 6 2
42 96 1
63 75 2
60 78 4
3 34 3
84 71 2
35 9 3
30 77 1
47 33 1
83 44 3
10 8 3
69 64 1
5 83 2
88 16 1
99 46 1
63 22 4
14 11 1
37 73 4
77 61 4
77 71 4
62 3 3
61 66 2
88 50 3
79 18 4
71 25 1
60 87 1
24 21 3
21 22 4
73 7 2
61 22 1
92 85 1
10 68 2
14 99 4
87 40 3
31 27 2
39 96 2
42 4 4
49 18 1
46 19 4
79 37 1
7 91 1
45 67 3
64 96 1
92 8 4
88 81 2
71 49 1
90 44 3
45 38 1
14 88 4
1 34 4
51 30 2
76 94 3
65 86 1
0 16 3
79 73 3
55 23 4
34 6 1
2 85 1
51 21 4
81 3 3
96 37 2
0 6 4
95 53 1
64 49 4
14 25 4
61 6 3
86 53 4
15 68 2
46 5 1
64 30 1
76 67 4
37 8 2
18 61 1
52 51 4
60 73 1
18 16 2
55 6 1
48 31 1
77 28 1
50 99 1
33 2 2
95 26 1
13 67 2
84 61 3
73 20 3
16 95 4
31 59 3
33 3 2
73 99 1
27 13 3
70 21 1
77 25 2
19 87 1
57 38 4
61 99 3
92 6 1
83 65 2
92 84 2
79 7 3
44 86 4
36 73 1
21 62 4
89 33 4
36 54 3
2 57 2
27 24 3
42 50 3
94 48 2
55 17 2
25 1 3
27 83 1
76 27 2
57 8 1
76 4 4
98 3 3
47 2 1
94 79 4
10 43 3
57 53 2
70 53 3
19 85 3
37 99 1
21 20 3
39 38 4
24 43 2
90 13 2
74 91 4
29 0 4
52 86 2
87 64 2
18 67 2
24 89 4
85 96 4
31 70 1
11 76 3
61 59 3
13 53 3
16 12 1
10 80 1
48 74 1
45 32 1
48 34 4
39 89 2
94 95 3
71 24 2
76 8 1
2 30 1
63 65 2
93 43 1
63 49 2
85 67 4
32 14 2
10 53 4
67 35 4
61 83 1
27 59 3
87 29 3
15 89 2
97 33 1
67 58 1
78 69 1
15 29 2
61 62 2
68 56 2
67 84 3
90 18 1
62 85 4
96 50 1
34 41 3
55 88 3
99 87 4
68 2 1
95 37 2
8 4 1
76 3 2
67 28 1
44 71 3
50 2 1
32 0 2
22 8 2
74 1 4
56 78 4
79 39 1
75 35 1
62 89 4
95 86 2
15 26 3
44 39 3
35 63 2
29 95 2
49 70 1
40 21 1
30 25 1
10 87 3
35 80 3
32 26 2
25 62 2
29 70 2
20 57 4
37 43 1
94 63 1
29 74 4
24 10 4
47 99 2
2 89 1
87 75 2
58 33 4
81 39 4
73 25 2
58 40 3
18 89 4
93 63 2
37 50 3
1 33 4
9 95 2
71 36 1
76 41 1
86 63 2
53 19 3
88 80 1
95 77 4
96 86 4
3 10 1
30 52 1
85 10 1
50 83 1
3 99 3
55 51 3
92 71 4
38 18 3
96 21 2
63 5 3
39 25 4
6 83 2
75 13 2
58 50 3
92 95 1
34 18 2
55 82 4
82 54 4
42 67 2
25 31 4
90 4 2
49 3 3
27 56 1
82 28 4
27 39 1
35 32 2
99 0 3
63 37 1
81 48 2
80 83 2
2 70 3
33 36 3
22 42 1
29 56 3
37 64 3
22 36 4
35 61 4
80 25 4
37 10 3
16 98 1
7 75 2
21 37 4
77 84 4
24 98 3
64 76 4
7 97 3
27 54 3
66 8 4
1 69 4
53 24 4
52 75 2
10 1 2
35 78 3
68 93 4
46 93 2
21 67 2
22 28 1
15 79 4
98 12 3
30 38 3
58 15 2
49 36 1
13 30 1
46 14 2
53 1 2
4 98 2
51 48 2
65 96 1
57 5 3
19 73 4
48 19 3
93 83 3
4 55 4
84 47 1
71 52 1
92 22 3
70 40 2
78 73 1
37 41 3
3 28 4
44 31 4
78 11 4
21 16 3
92 68 1
36 59 4
40 59 3
35 53 3
26 74 4
80 73 1
65 88 4
85 33 4
39 15 2
12 18 1
23 12 4
7 77 1
30 59 3
46 59 2
75 90 3
50 89 1
93 51 3
35 44 4
54 11 4
78 1 4
38 44 4
4 68 1
57 36 1
6 14 1
77 46 3
67 50 4
20 97 1
30 74 4
97 70 4
95 80 4
31 80 1
75 62 3
28 5 1
68 42 4
47 17 3
73 1 1
86 12 4
29 37 1
20 25 3
27 60 4
70 67 4
90 52 4
2 94 1
55 71 2
19 24 2
27 45 2
22 39 4
26 19 1
99 1 1
78 38 3
48 97 4
38 9 3
90 41 2
49 39 1
25 74 4
23 25 4
96 29 3
24 60 1
17 16 3
68 88 1
17 2 2
69 33 2
22 17 2
45 34 2
32 20 1
4 17 4
6 30 1
95 82 1
22 71 3
47 71 3
17 42 2
46 31 4
92 72 4
84 65 1
27 96 3
42 73 2
18 87 2
51 32 4
70 64 2
1 81 4
99 77 3
90 34 4
93 89 1
62 64 1
97 13 4
80 33 1
22 64 2
2 41 4
77 12 3
67 34 4
66 52 1
2 60 2
47 85 1
61 20 1
68 85 3
17 90 3
92 80 3
51 91 4
16 3 1
19 14 4
39 6 4
95 73 3
79 87 3
26 11 3
28 57 4
93 97 1
83 16 4
41 9 3
34 33 4
14 61 1
95 28 3
20 39 3
44 47 2
99 12 4
5 88 4
9 46 2
9 27 3
86 47 2
48 86 1
69 43 2
65 27 1
92 76 3
86 34 1
95 20 4
38 64 2
93 91 4
52 25 3
20 8 3
63 55 3
91 20 4
19 9 2
87 62 1
49 12 3
66 67 1
93 88 1
96 68 2
94 51 1
47 9 3
23 26 3
5 64 2
17 5 3
25 70 3
31 1 1
51 61 4
18 40 2
98 83 1
98 48 2
88 76 3
19 35 4
84 22 3
60 48 2
42 55 4
57 98 3
44 99 2
69 81 1
22 53 1
79 55 4
26 77 2
38 69 3
64 7 3
73 4 3
36 74 3
91 28 3
33 14 1
87 24 3
84 27 3
71 15 4
77 42 3
97 15 3
78 57 2
73 89 2
37 94 1
49 22 4
68 89 4
96 62 4
81 74 1
72 46 4
43 30 2
85 12 4
18 51 1
60 93 4
22 88 1
23 73 2
0 70 1
54 76 2
16 73 1
80 70 2
66 18 3
67 72 1
64 58 2
82 72 3
42 15 1
87 23 2
88 53 1
66 25 2
73 21 4
18 19 3
44 53 4
48 92 4
32 37 1
48 20 2
1 42 4
71 48 1
82 34 3
12 61 2
29 86 1
21 1 4
89 63 2
81 0 4
50 14 3
87 58 2
99 94 3
63 70 1
4 18 2
71 4 4
3 74 4
0 50 3
45 6 4
78 98 4
84 30 1
78 23 4
78 92 4
8 46 2
5 85 1
71 73 1
64 43 3
23 41 2
47 18 2
87 8 2
12 93 2
2 56 2
17 86 3
72 76 1
52 26 2
4 0 2
91 6 3
43 38 4
37 77 4
53 27 4
79 43 4
90 69 3
10 96 4
61 73 1
92 39 4
92 69 4
22 27 4
32 30 1
19 7 4
85 73 1
92 42 1
79 75 2
4 37 4
38 58 4
1 22 1
4 5 1
54 56 1
59 14 4
32 36 2
0 27 2
59 41 4
65 14 1
79 16 4
2 45 4
58 12 3
15 20 3
11 79 1
66 92 2
11 87 3
18 27 1
97 94 1
31 38 2
30 83 3
32 94 2
42 65 1
24 12 1
4 15 1
34 79 3
47 93 4
76 29 1
24 2 2
27 67 4
47 76 1
52 47 4
43 44 2
52 69 1
36 61 1
70 20 1
23 93 3
48 13 2
39 7 2
15 43 1
99 9 4
72 70 1
92 67 3
22 20 4
89 25 1
65 38 4
13 60 4
94 47 4
94 46 1
10 34 2
24 25 4
5 60 2
71 88 1
16 31 4
50 77 3
19 92 1
75 0 2
11 51 4
78 14 4
68 82 1
82 57 2
13 3 2
98 67 2
41 15 4
19 88 1
15 30 2
89 49 4
85 14 2
65 16 4
82 89 4
95 14 4
2 64 4
48 29 2
92 63 1
9 80 2
68 29 1
78 88 3
55 31 3
55 47 2
26 80 1
77 39 4
65 17 4
55 81 3
65 9 4
82 61 4
44 26 4
13 2 4
17 66 2
89 4 3
34 44 2
51 90 3
65 98 3
71 79 2
34 8 1
95 10 1
14 75 3
6 19 4
62 24 2
61 16 1
20 9 3
17 13 4
93 5 1
61 91 3
24 26 2
92 5 1
73 84 3
28 37 1
48 0 2
27 23 1
16 66 4
60 11 3
18 96 1
35 33 3
29 34 4
19 86 2
96 93 3
28 35 2
55 7 1
80 84 2
88 70 3
67 61 1
86 37 3
59 56 1
56 35 1
87 84 1
77 89 1
82 2 1
18 22 1
95 12 3
15 8 3
21 32 2
0 33 2
12 57 2
22 91 4
76 80 2
85 8 4
23 4 1
16 44 4
74 44 1
6 32 3
38 36 2
89 3 3
99 53 4
14 26 1
82 66 3
58 45 1
42 51 3
60 37 1
21 28 4
25 86 3
29 81 4
54 87 4
76 52 1
80 34 2
48 21 2
6 75 1
13 76 4
61 4 4
7 32 4
90 61 1
12 72 3
71 23 4
60 22 4
93 44 1
48 76 4
92 86 1
41 86 4
74 80 3
43 17 3
58 24 2
98 72 1
56 20 3
86 38 1
59 0 1
70 76 1
59 2 1
83 12 2
94 13 4
83 41 4
7 40 4
52 89 1
34 71 4
47 22 2
95 45 2
82 1 1
34 14 4
56 64 4
10 11 3
65 49 3
15 61 2
1 43 2
17 48 1
29 13 4
56 42 4
91 88 4
86 6 1
83 20 2
76 90 4
78 41 1
93 94 1
6 25 4
75 1 1
18 77 4
64 63 4
90 65 1
11 22 3
1 58 2
90 37 4
89 16 2
6 3 2
87 74 2
55 46 2
55 38 1
6 77 1
38 88 4
24 94 1
64 88 3
11 62 2
31 86 4
75 5 2
60 82 2
92 54 2
44 37 3
46 67 2
6 41 1
14 94 4
31 23 2
35 86 4
25 44 2
37 39 4
12 84 3
43 70 3
27 77 2
79 25 3
38 60 3
8 25 4
42 43 4
10 28 3
49 91 3
46 15 4
12 5 2
66 44 2
59 97 4
12 15 1
88 67 3
53 79 3
98 47 3
18 58 2
95 71 1
63 14 4
88 56 4
34 66 4
17 12 1
95 8 2
13 54 4
47 13 1
30 75 2
51 80 1
89 79 4
59 25 4
64 16 1
16 36 4
6 95 4
16 69 2
56 32 1
58 72 1
84 3 2
89 71 4
75 94 1
73 86 3
23 40 2
2 38 2
70 56 1
87 39 3
63 60 4
54 75 4
94 23 3
74 18 2
23 34 2
28 71 3
33 90 3
50 9 2
14 0 3
29 89 2
44 65 2
96 61 3
50 30 1
15 62 2
74 60 3
51 53 2
57 69 1
4 97 1
28 25 4
73 87 3
49 56 3
78 6 2
66 6 3
11 15 2
59 10 1
31 32 2
46 82 3
52 38 4
55 58 1
2 80 3
30 33 2
77 63 2
63 11 1
50 17 2
19 41 3
97 67 3
26 41 1
61 41 4
79 68 4
6 88 3
5 49 2
96 33 4
0 54 2
87 61 3
0 28 4
49 48 3
1 62 4
75 67 4
62 13 1
42 71 1
20 82 4
76 99 1
60 10 1
3 4 2
11 82 3
92 13 3
24 99 4
96 31 1
47 59 2
25 72 3
49 8 1
42 87 2
97 10 1
58 57 1
95 1 2
60 80 4
27 52 4
14 45 4
70 28 1
90 55 2
59 78 1
48 6 4
12 29 4
36 21 1
17 10 3
94 86 1
36 51 2
81 93 1
50 32 1
90 0 1
29 64 3
37 24 4
44 4 4
51 31 2
74 65 4
45 62 2
37 98 4
24 97 4
62 51 1
87 90 4
59 23 1
55 20 1
24 15 2
50 26 4
43 92 1
55 73 2
81 70 3
68 43 2
86 88 4
55 66 3
21 76 1
61 23 1
68 21 2
71 18 1
91 83 1
23 35 1
34 13 1
86 60 3
16 76 3
65 70 2
94 45 4
45 76 2
60 1 4
64 3 4
66 32 1
4 47 4
4 21 2
39 72 4
99 29 4
26 86 2
82 44 4
19 28 4
44 41 4
40 65 1
92 44 2
67 40 3
10 84 4
78 99 4
7 76 2
91 21 4
14 43 4
83 97 1
32 28 2
54 97 3
86 76 4
71 14 3
84 62 1
30 56 2
0 39 1
99 63 1
21 7 1
63 33 3
24 56 4
78 19 2
75 32 4
88 12 1
0 31 2
25 50 2
82 98 4
17 11 2
0 73 3
1 36 1
87 59 4
9 22 1
13 98 2
20 84 4
28 20 1
16 51 2
90 97 4
31 64 1
45 54 2
80 15 3
14 79 2
7 54 2
60 9 2
1 13 2
46 80 4
1 14 2
57 52 1
91 58 2
5 41 4
44 46 4
48 88 4
44 1 3
29 33 2
83 14 1
57 24 3
24 48 1
16 63 1
3 57 1
97 62 1
16 4 2
66 70 3
3 60 3
93 76 4
92 55 4
36 12 2
35 25 3
63 81 2
32 74 3
28 61 3
75 74 4
49 24 2
13 40 2
61 19 3
91 10 3
20 1 3
85 40 4
44 48 4
20 72 4
80 11 2
57 4 3
43 29 4
95 48 2
14 82 1
92 4 4
38 7 1
98 39 1
9 56 1
61 32 1
59 85 4
62 41 4
2 61 3
7 74 2
89 80 3
73 93 2
33 92 3
52 0 1
82 38 3
72 37 1
78 49 4
48 67 3
97 88 4
64 24 4
51 95 1
1 67 2
60 67 1
70 90 4
25 90 3
21 31 3
85 58 3
62 27 3
72 43 4
80 81 4
78 34 3
52 24 1
91 84 2
71 46 4
49 15 3
32 92 2
7 86 1
30 29 3
2 91 2
97 16 2
4 54 1
26 76 2
41 45 4
70 98 3
23 67 1
15 16 4
75 91 1
58 95 2
84 36 2
53 31 1
77 32 1
71 80 1
62 98 3
98 14 2
80 96 4
47 53 3
48 14 4
18 32 4
74 24 2
19 23 1
9 94 2
33 24 1
58 34 3
70 10 4
19 10 3
15 88 4
98 6 3
14 56 1
53 6 1
1 63 2
85 34 4
49 25 4
84 88 2
42 9 2
71 94 4
25 82 3
33 9 4
51 59 4
34 46 3
76 69 1
95 70 3
27 5 3
38 97 3
47 31 2
57 15 2
15 76 4
53 65 3
15 86 3
39 70 2
58 36 4
48 62 4
66 95 1
63 62 4
10 55 1
61 17 1
57 67 1
9 97 1
39 73 2
23 22 3
78 93 3
55 9 3
94 78 2
48 7 3
42 78 4
60 33 4
42 20 2
38 84 4
46 40 4
77 48 3
34 5 4
81 79 1
90 8 2
31 36 4
43 67 3
90 95 4
69 49 2
19 2 1
76 71 3
87 7 2
93 54 4
11 28 1
30 72 3
79 90 4
89 22 3
85 20 1
17 99 1
8 39 1
75 56 2
97 64 3
68 3 2
20 59 2
56 72 4
5 8 2
95 2 3
24 11 2
76 73 4
59 83 3
50 71 1
82 50 4
67 51 3
67 69 1
36 3 2
8 69 2
71 9 4
92 61 2
28 92 3
60 23 3
79 13 3
69 98 3
8 58 1
59 81 2
84 5 3
74 41 4
72 24 4
48 26 4
20 67 2
29 41 4
0 84 3
18 20 3
67 30 3
83 46 2
86 66 3
61 0 3
87 96 1
72 7 2
65 0 4
60 44 3
65 56 4
46 27 4
40 83 3
91 72 3
15 9 2
2 79 1
34 69 2
95 93 4
26 71 3
81 75 4
41 96 4
32 62 1
34 98 4
57 88 3
8 64 2
64 83 4
17 28 1
62 74 3
63 12 3
48 65 1
16 99 1
48 82 3
11 39 1
94 28 1
62 28 4
32 60 2
85 9 2
77 0 4
63 25 1
49 83 3
62 76 1
41 79 4
79 0 3
91 15 4
36 69 2
97 46 3
12 28 3
14 55 4
17 81 3
96 56 3
26 47 4
93 61 2
77 22 4
22 16 1
97 58 1
78 51 1
29 35 4
22 15 2
13 96 3
58 69 1
27 33 2
0 72 3
53 29 2
1 54 2
46 45 1
98 23 4
62 35 1
85 39 3
94 59 1
8 13 4
99 8 1
82 96 4
6 72 3
68 48 2
34 24 4
40 66 4
16 62 1
69 79 1
80 47 3
87 43 2
32 59 1
85 31 1
93 42 2
19 38 3
65 36 1
76 55 4
7 12 4
14 7 4
53 56 2
62 12 4
93 38 4
15 37 2
42 38 4
71 32 1
81 43 3
38 90 2
28 73 1
7 58 3
94 15 3
78 64 3
25 99 2
36 63 4
84 1 4
5 96 3
63 28 1
79 35 4
1 27 2
10 83 2
61 13 4
96 28 2
5 79 1
47 96 2
35 74 2
58 63 2
50 49 4
44 10 2
47 35 2
21 46 1
62 9 1
65 45 4
57 27 4
82 84 1
79 46 1
7 35 1
96 89 1
24 23 4
54 59 2
43 6 4
22 54 3
46 47 3
64 61 4
71 83 2
41 65 3
61 21 2
81 14 4
48 64 4
44 69 1
17 94 4
29 40 2
72 50 1
23 89 4
3 80 2
65 19 4
7 11 2
72 54 1
39 63 4
24 67 3
71 19 3
94 10 3
76 6 3
18 29 3
77 82 3
92 93 3
7 25 3
4 95 2
97 29 2
58 93 1
46 70 2
73 67 1
18 62 1
61 33 3
53 72 3
20 76 2
5 6 1
54 38 3
5 29 4
36 9 2
83 35 2
89 7 1
42 13 1
46 52 4
85 52 1
39 99 4
54 33 4
3 52 4
17 0 2
17 46 3
97 57 3
53 59 1
3 2 1
87 44 2
92 75 4
56 61 2
30 58 2
40 95 4
19 74 4
53 15 3
42 62 1
8 16 2
30 16 3
44 18 4
24 20 3
91 96 3
8 62 3
15 34 4
24 96 2
32 98 4
40 98 3
43 36 1
12 94 4
41 21 2
40 72 2
1 4 3
89 43 1
48 28 3
30 89 2
85 24 3
83 88 4
30 97 2
2 35 2
82 45 2
55 97 1
0 41 3
99 42 2
86 46 2
32 9 4
20 79 3
21 86 1
39 66 1
35 10 4
68 69 3
54 8 2
55 41 2
13 50 4
92 10 1
1 39 1
80 77 3
82 0 3
48 79 4
37 35 3
21 78 1
78 91 3
40 55 3
11 84 4
35 94 4
92 65 3
51 14 3
96 98 2
41 11 3
58 44 1
91 92 4
5 50 2
51 54 2
73 97 3
78 87 3
67 5 3
18 17 3
78 5 4
22 65 3
38 63 3
20 31 4
8 19 1
31 5 2
55 53 3
51 28 4
55 43 3
8 84 3
99 7 1
34 31 2
70 74 2
23 80 1
75 22 3
22 96 1
57 90 1
46 1 1
7 27 3
46 41 2
21 94 1
18 56 1
90 9 4
90 88 2
92 90 2
2 0 1
84 18 2
35 39 1
78 18 2
65 8 2
71 59 3
52 7 3
42 44 2
97 45 2
70 22 4
37 5 2
88 85 1
4 10 2
50 10 2
85 43 2
67 89 4
7 59 2
31 58 3
78 12 1
80 36 2
98 36 1
85 70 3
1 55 2
1 7 4
9 64 2
42 57 4
81 47 3
24 59 2
80 69 2
38 66 3
89 38 3
13 84 4
69 59 1
29 57 2
36 5 4
91 54 3
57 81 4
17 15 2
93 39 4
98 74 2
4 64 1
41 36 4
26 17 2
54 60 2
33 81 1
34 83 2
40 79 4
33 79 2
15 0 3
98 22 2
34 39 3
19 5 1
8 47 2
51 79 4
4 77 3
94 52 2
98 21 4
83 62 4
92 57 1
20 3 2
25 10 2
11 97 4
63 85 4
39 26 4
63 88 4
77 3 4
3 5 3
12 68 1
96 71 3
58 11 4
20 65 3
91 30 2
91 71 2
2 77 1
71 43 2
14 84 1
81 30 1
65 62 2
76 65 3
17 9 1
39 17 3
56 17 1
75 48 4
25 91 2
3 95 1
97 8 3
75 66 1
7 46 2
77 13 2
50 92 2
8 31 4
92 70 2
4 31 3
53 5 2
79 62 2
51 70 3
28 93 2
98 75 4
67 22 2
84 41 4
11 45 2
68 63 2
53 90 4
37 26 4
48 45 1
69 6 3
22 94 1
50 53 4
96 57 3
33 74 3
83 48 1
83 8 3
91 43 2
76 57 2
9 93 3
76 30 1
66 29 2
32 49 3
4 75 2
24 54 1
14 37 1
82 85 4
66 98 3
71 68 1
77 73 4
27 15 3
39 74 4
47 11 1
3 58 3
28 84 4
12 54 4
64 91 1
35 45 3
75 3 1
59 86 3
38 15 4
4 22 1
20 13 3
57 75 2
78 61 3
14 49 4
25 96 2
33 73 1
80 40 2
2 7 1
79 26 1
74 47 2
36 39 4
9 82 1
81 77 1
98 31 3
24 93 3
31 67 3
86 57 2
76 38 1
52 96 4
94 30 3
63 46 1
98 79 2
32 34 1
6 57 4
82 65 3
74 72 1
86 16 2
62 26 4
84 70 2
2 4 4
4 9 2
53 46 4
9 34 3
75 85 3
86 99 2
80 68 1
63 24 1
86 75 2
77 43 4
48 22 4
40 61 4
35 17 4
24 82 3
58 23 1
36 64 3
8 88 3
91 65 1
64 15 4
86 30 4
51 29 3
2 52 3
92 1 1
38 67 4
25 97 3
78 2 2
92 56 2
67 74 1
25 17 1
56 28 1
52 84 2
53 28 1
36 77 4
52 56 1
66 77 2
87 30 3
45 53 4
81 28 3
65 33 3
96 32 2
89 41 3
41 99 3
41 38 4
84 23 2
62 37 1
29 85 4
65 31 4
91 86 1
73 72 4
25 75 3
40 48 2
15 60 4
42 28 1
15 40 2
41 67 3
19 52 3
49 4 2
80 37 3
26 34 1
56 25 4
37 40 3
74 73 4
6 38 1
87 5 2
67 54 3
73 35 4
62 36 4
11 53 2
51 33 4
13 74 3
79 38 4
93 20 2
50 29 1
29 98 2
79 8 1
76 98 4
83 63 3
11 90 1
29 93 4
85 50 2
60 85 1
66 69 1
95 23 1
81 94 2
38 56 2
47 28 2
27 93 3
78 13 1
62 17 4
30 39 3
56 76 2
95 18 4
13 16 1
10 33 1
18 48 3
15 67 3
9 89 4
34 95 4
67 68 2
67 44 2
4 48 3
33 15 3
3 46 1
85 21 1
20 38 2
20 68 2
78 81 3
37 75 2
82 73 2
10 13 3
88 23 3
2 73 4
38 3 1
42 91 3
94 68 3
44 12 3
91 85 2
15 21 2
12 42 4
14 27 3
41 17 1
53 9 2
13 72 1
73 63 4
14 60 4
6 93 4
22 59 2
87 82 2
50 28 1
58 32 2
56 44 1
63 66 2
28 54 2
60 96 2
3 96 2
8 44 1
0 49 2
24 16 3
55 64 3
42 95 1
93 18 4
71 87 3
2 14 1
99 26 2
2 54 1
62 0 2
39 82 1
12 0 1
6 68 2
40 91 1
73 31 4
92 3 4
26 57 4
10 6 3
69 25 4
15 70 2
90 62 1
66 11 2
53 89 2
39 94 4
16 35 2
17 27 4
8 71 1
9 73 3
26 28 3
68 33 1
6 51 4
36 52 3
97 89 3
69 55 3
58 39 3
33 37 3
24 45 2
97 71 4
68 44 2
8 27 1
77 86 2
26 20 2
74 22 3
69 60 3
42 40 3
48 3 3
8 36 3
45 93 1
21 99 2
70 69 2
57 46 2
8 2 3
71 39 3
93 87 1
82 83 2
77 11 4
72 80 2
72 11 1
88 60 2
7 5 4
5 24 4
36 92 3
16 34 3
28 59 2
58 77 3
12 90 1
28 33 4
97 60 1
69 53 2
25 19 1
97 14 4
99 67 1
98 33 4
60 26 2
30 98 2
47 83 3
31 50 3
27 43 3
18 83 4
82 8 4
62 81 1
17 58 3
72 71 1
87 53 1
4 29 4
43 32 2
25 85 3
81 66 4
79 86 3
45 10 3
95 17 3
60 36 4
57 43 3
61 85 2
25 21 3
98 86 1
0 60 2
17 97 1
65 34 3
89 87 2
31 28 4
86 62 3
21 47 1
64 50 2
94 40 2
13 9 2
77 57 3
4 69 4
40 24 1
16 27 1
66 71 3
88 75 4
53 61 3
90 24 3
54 98 1
94 53 2
44 49 2
1 97 3
55 78 3
76 84 2
61 60 4
41 52 3
79 4 4
65 39 1
22 50 3
27 61 2
22 86 3
7 9 1
34 49 4
93 64 2
4 86 4
1 88 4
58 19 1
60 89 3
61 50 4
49 67 3
90 94 2
71 21 4
89 64 1
2 31 1
49 37 2
81 92 4
9 81 4
90 20 4
79 32 1
39 10 3
67 10 4
87 27 3
20 6 4
31 13 3
14 96 2
28 7 4
21 58 2
29 71 2
28 55 3
35 48 1
54 80 4
57 64 2
5 99 1
26 33 1
28 18 3
31 12 1
60 66 2
47 49 3
97 91 1
81 86 1
6 42 4
55 37 2
81 23 1
82 63 3
96 15 2
74 82 2
96 90 1
40 26 3
54 19 1
33 72 2
41 51 2
69 21 4
29 44 1
91 38 1
2 72 3
97 26 3
56 48 2
30 35 4
54 68 1
15 85 1
42 8 1
1 47 2
4 24 4
58 83 3
59 39 2
65 99 4
53 54 2
42 90 2
19 0 3
7 10 4
10 62 2
60 94 3
51 86 3
29 79 2
50 46 4
41 39 3
15 44 1
20 71 1
83 22 1
43 35 1
98 89 2
20 37 1
90 16 2
