4900 100
0 39 5
1 59 8
2 6 3
3 44 1
4 56 5
5 87 9
6 96 6
7 77 6
8 88 6
9 70 1
10 27 4
11 62 8
12 84 8
13 2 1
14 18 6
15 98 8
16 66 3
17 78 9
18 51 5
19 73 6
20 24 2
21 82 7
22 7 4
23 72 1
24 55 4
25 13 3
26 25 8
27 36 1
28 39 2
29 35 9
30 3 3
31 6 2
32 74 6
33 37 1
34 67 4
35 12 9
36 8 1
37 59 2
38 57 5
39 11 3
40 32 5
41 5 2
42 41 2
43 68 8
44 60 9
45 46 4
46 57 4
47 68 9
48 25 4
49 79 4
50 75 9
51 85 3
52 53 5
53 93 4
54 73 2
55 39 8
56 11 3
57 10 6
58 9 7
59 92 7
60 38 6
61 62 7
62 90 8
63 17 3
64 57 2
65 62 9
66 90 4
67 66 2
68 71 3
69 81 1
70 67 6
71 66 7
72 17 5
73 46 8
74 97 6
75 39 7
76 23 7
77 29 4
78 79 7
79 59 4
80 87 4
81 73 9
82 18 5
83 27 8
84 70 5
85 49 7
86 31 1
87 28 5
88 23 4
89 39 7
90 47 7
91 3 2
92 52 3
93 7 6
94 15 9
95 43 1
96 3 5
97 21 5
98 11 1
99 93 9
23 26 4
57 85 4
78 23 4
32 28 1
99 19 4
26 11 2
93 25 2
5 67 1
53 45 4
80 30 2
91 96 3
48 30 3
9 11 2
76 86 4
76 6 4
30 88 2
34 7 4
21 74 4
97 79 4
56 77 3
62 13 4
73 20 4
89 29 4
17 73 2
1 42 2
83 84 1
98 25 3
43 89 3
53 85 3
10 34 4
25 8 1
90 85 3
49 39 3
16 94 1
47 40 2
75 24 2
48 42 2
8 37 4
85 86 4
86 88 1
35 74 4
23 35 4
49 25 4
71 38 2
36 51 3
13 0 1
52 8 4
24 39 4
79 64 2
79 90 1
61 37 3
75 52 3
37 77 2
60 17 3
70 86 1
45 82 3
97 98 3
79 46 2
3 64 1
63 24 2
85 6 4
49 37 1
65 94 2
92 22 2
59 21 3
70 98 1
34 13 2
18 91 2
99 96 2
82 35 4
41 12 2
3 35 2
24 22 1
27 16 1
7 37 1
33 53 4
58 35 4
61 7 4
91 95 4
97 37 1
37 91 1
40 28 2
90 13 4
64 27 4
9 37 2
71 18 1
21 73 4
48 98 1
4 86 1
45 93 3
48 31 2
5 76 1
49 40 2
62 1 3
22 53 1
0 55 1
65 39 1
84 90 3
4 62 2
20 54 2
34 92 3
40 21 1
88 77 3
54 85 1
25 75 3
43 30 3
93 86 3
32 62 2
51 57 4
87 42 3
42 89 4
12 73 3
40 66 2
17 87 1
36 17 1
34 41 1
91 40 2
48 44 1
22 69 3
7 15 4
69 27 2
69 6 1
76 83 2
86 11 2
66 19 4
34 73 4
90 80 4
75 99 2
74 50 1
41 54 1
91 35 1
68 32 1
52 39 1
26 83 3
51 71 1
45 30 1
58 4 2
16 14 4
32 99 3
36 90 3
48 33 1
77 32 4
9 76 1
0 87 3
14 72 4
28 43 3
19 93 4
28 34 3
99 51 2
18 5 4
71 83 2
85 24 2
33 75 3
81 88 3
27 90 3
67 16 1
55 85 3
43 33 2
76 17 2
34 35 2
70 54 1
59 36 3
67 4 2
38 41 4
69 77 2
91 76 2
18 41 3
49 51 2
70 55 2
0 62 2
70 49 4
46 91 1
89 54 4
6 68 4
40 61 3
85 18 3
93 62 3
25 86 1
4 87 3
14 46 4
9 49 4
9 71 4
82 40 2
37 81 3
81 66 2
98 67 3
91 24 4
21 98 1
93 65 3
18 79 1
57 76 3
7 91 4
84 1 1
71 41 1
93 8 4
94 55 1
5 71 3
43 92 3
40 84 4
53 31 1
32 20 4
85 63 2
37 70 3
14 67 2
16 74 4
48 3 2
42 75 3
55 90 2
37 98 1
41 89 1
6 49 4
82 42 2
1 3 2
88 72 3
88 91 1
77 75 4
42 61 3
2 57 2
24 50 2
15 50 4
47 66 1
46 5 1
23 25 3
37 60 1
85 1 3
91 52 4
93 42 3
93 74 1
2 8 1
66 75 1
79 82 1
42 95 2
47 97 2
10 39 1
12 45 2
88 25 4
38 44 2
41 99 2
25 60 4
42 15 1
92 32 1
30 40 4
77 73 3
41 45 1
53 83 1
17 75 1
3 16 4
80 28 3
55 17 2
24 6 2
27 79 4
63 30 2
15 91 1
65 15 1
33 35 4
74 98 3
19 87 2
11 82 1
93 61 4
72 1 3
34 78 4
98 18 3
64 46 2
3 39 4
71 32 1
81 76 4
91 89 1
56 28 3
46 31 3
67 88 1
19 81 3
75 88 2
80 18 1
60 4 1
66 28 2
19 90 3
30 77 2
81 45 4
2 10 4
48 78 2
82 92 3
81 2 2
64 94 2
12 16 4
1 66 2
88 29 3
87 45 2
53 91 2
43 23 1
42 37 3
62 77 1
38 70 2
84 45 1
21 94 1
52 35 2
21 24 1
88 14 2
71 88 1
68 90 3
66 6 3
51 69 4
68 18 4
24 60 3
10 73 3
60 86 3
20 39 4
3 70 3
24 52 4
10 20 1
55 26 3
55 44 2
17 85 4
6 77 4
43 98 1
24 51 2
38 21 1
38 75 4
65 60 2
57 68 1
96 73 2
55 69 4
89 95 4
52 47 1
85 23 1
72 48 4
51 62 3
95 13 1
53 10 1
19 85 2
99 17 3
25 33 1
28 17 4
89 76 3
30 34 2
50 41 4
31 79 3
64 66 3
89 48 4
76 58 3
11 65 4
46 66 4
33 73 1
58 23 4
15 77 4
6 63 4
53 71 1
33 97 3
54 8 2
87 85 2
0 57 1
45 77 4
39 95 4
32 84 3
27 11 2
68 49 2
93 39 4
71 34 2
67 36 1
17 44 3
24 97 3
60 22 1
76 20 3
11 14 1
29 12 2
82 84 2
60 35 2
30 95 2
89 55 2
35 89 2
46 56 3
14 47 1
91 0 3
94 54 3
47 36 3
53 90 2
12 47 3
85 71 2
39 6 1
84 31 2
53 39 3
49 15 3
59 44 3
58 50 4
6 34 1
18 55 3
39 51 1
42 72 3
22 4 1
7 24 2
98 17 3
61 65 4
51 32 1
34 64 3
97 39 2
42 26 2
64 13 2
21 85 4
43 83 1
96 27 2
49 34 2
15 75 2
2 80 1
0 63 1
98 56 2
40 59 2
62 50 3
66 72 4
88 83 4
76 85 2
77 70 1
78 53 1
23 30 3
19 75 2
29 84 2
36 73 4
14 20 4
6 26 3
36 12 3
83 12 2
1 64 4
26 2 4
5 79 4
94 34 4
93 11 1
94 59 3
78 63 3
35 99 3
80 26 2
86 22 3
10 85 1
68 91 3
75 89 3
37 72 1
99 47 2
38 53 4
45 95 1
59 82 4
40 22 4
23 80 1
15 71 2
3 49 3
66 87 1
43 7 4
1 49 4
73 51 2
14 92 3
95 81 1
53 87 4
39 33 2
72 5 2
62 49 1
25 19 3
47 19 1
59 75 2
35 80 4
70 2 2
1 8 3
37 17 4
8 76 1
99 88 3
87 38 1
45 92 2
72 52 2
21 12 2
13 39 2
93 43 2
58 53 1
98 26 2
99 25 3
76 79 1
10 71 1
11 87 1
7 78 1
23 69 2
42 46 1
64 75 3
40 88 2
19 1 3
84 54 1
97 67 1
77 3 3
47 65 4
78 4 2
76 22 2
18 27 3
8 94 1
5 2 4
97 29 4
91 77 2
0 61 1
16 24 1
23 60 2
10 64 4
44 0 2
92 0 2
63 75 3
54 86 3
34 15 4
97 34 2
69 70 2
29 98 2
39 90 3
54 83 1
75 56 3
48 83 1
2 88 3
0 45 4
74 63 1
10 66 4
88 92 1
16 42 4
55 49 4
61 16 1
8 49 4
12 69 1
68 17 1
35 95 4
10 82 4
15 30 3
61 49 2
53 7 1
64 86 4
94 77 1
73 25 1
82 3 2
60 74 2
43 25 4
1 22 1
9 43 2
20 22 1
77 40 4
51 97 3
80 79 4
11 85 2
32 25 1
94 41 4
53 50 3
39 57 4
97 72 4
52 97 4
66 35 1
18 9 3
15 87 3
87 31 2
10 8 3
15 85 3
93 1 2
29 91 1
44 20 1
22 91 2
63 95 4
26 10 1
79 35 3
72 90 4
29 14 1
83 50 3
60 7 1
65 37 2
19 28 1
81 8 2
87 43 3
80 88 4
18 72 2
91 74 4
32 38 3
73 23 1
57 47 3
15 52 4
8 13 2
93 24 4
70 41 3
16 58 4
76 14 3
53 54 2
26 24 2
8 51 4
68 22 3
6 90 1
86 67 1
31 0 4
23 92 1
5 81 3
96 46 4
91 10 1
80 53 2
19 50 4
77 57 4
35 48 3
50 38 2
67 22 3
54 71 4
68 11 4
63 98 1
3 10 2
75 37 3
28 33 4
99 49 4
84 42 3
42 40 4
19 68 2
67 60 2
28 6 3
20 12 2
32 52 4
48 6 4
16 9 4
98 95 1
0 35 3
71 37 3
92 42 2
7 25 1
39 14 1
61 33 2
22 34 1
95 53 2
79 62 1
79 15 1
14 6 3
12 0 2
49 93 2
80 63 2
97 59 2
76 67 3
14 44 3
32 55 4
69 48 2
54 38 4
26 18 4
35 32 1
87 21 1
96 25 2
81 21 4
23 46 1
13 70 1
47 2 3
85 96 4
91 43 2
19 94 2
22 37 3
52 14 2
84 36 4
53 48 2
38 36 2
0 5 2
87 51 1
6 60 4
16 75 4
38 30 1
5 26 3
57 14 4
64 41 2
13 24 3
91 25 1
13 50 2
40 3 2
8 31 1
61 41 3
84 0 4
89 82 1
83 97 4
21 43 3
40 11 4
94 37 4
90 71 3
74 72 3
64 62 3
47 33 1
32 89 2
87 48 1
63 83 1
36 62 1
93 21 1
96 55 3
89 47 1
41 62 3
60 45 3
69 35 2
14 32 2
97 3 3
29 51 4
84 38 4
41 16 4
70 93 2
72 92 1
96 18 3
41 0 2
23 12 3
5 83 4
61 80 2
14 80 2
15 19 2
76 97 1
90 87 1
57 42 3
59 87 4
66 18 2
86 19 1
38 77 4
92 47 2
43 67 1
57 16 4
18 12 3
81 11 1
83 74 3
58 43 3
71 20 2
24 95 4
94 33 4
4 18 3
70 76 1
87 16 4
94 27 1
29 66 2
0 65 1
27 53 1
54 42 1
80 67 1
77 27 1
42 80 1
17 29 4
92 50 2
36 16 2
79 4 2
12 68 3
81 15 4
24 3 1
5 97 1
4 33 3
24 37 2
98 69 2
57 62 2
6 8 1
31 75 2
20 33 4
16 80 3
94 62 4
93 0 1
63 37 1
13 18 3
18 34 2
53 28 2
38 82 4
29 20 4
0 47 1
34 25 3
68 69 3
47 85 2
28 90 2
16 84 2
44 41 4
50 39 2
80 24 1
30 35 1
40 72 1
2 36 4
71 22 4
45 20 1
33 6 2
97 95 3
39 87 1
99 29 3
70 58 1
28 10 1
20 91 3
95 85 4
70 53 1
66 21 3
99 64 4
61 66 3
88 36 2
67 77 4
62 76 2
78 56 3
79 23 1
4 16 1
9 27 1
2 15 1
10 51 4
2 17 4
94 66 2
98 51 4
11 30 2
91 81 4
46 26 2
10 25 1
31 57 4
55 83 1
27 65 3
16 69 4
44 75 4
25 16 1
73 67 3
19 78 3
35 65 4
77 85 2
23 33 1
85 91 4
83 13 3
78 43 4
48 50 4
9 54 2
85 72 3
92 36 4
76 34 3
49 4 3
57 67 2
48 94 4
67 1 2
44 71 4
5 70 1
31 19 4
94 61 4
28 57 1
5 69 4
98 78 4
78 12 4
32 30 4
90 21 3
7 63 2
71 7 4
88 65 4
74 41 4
8 40 3
64 20 4
19 60 1
23 27 4
23 4 3
23 51 1
26 44 2
33 36 4
76 29 4
80 68 3
27 8 1
11 33 3
96 37 4
73 22 1
48 4 3
81 86 2
54 62 2
51 4 4
60 75 3
17 21 2
81 62 2
24 62 4
26 63 1
20 98 4
98 2 4
40 12 2
96 53 2
59 20 1
26 8 4
66 77 4
74 17 1
87 89 1
84 18 1
2 99 3
30 26 1
84 87 2
17 49 4
89 53 4
49 86 4
59 90 1
34 3 2
63 20 3
32 31 3
66 70 1
86 71 1
76 36 1
36 25 4
19 27 3
75 18 4
9 90 1
31 72 4
78 13 2
1 92 4
41 26 1
7 52 1
66 93 3
8 66 3
90 41 2
0 74 4
70 24 4
78 52 3
98 45 2
52 93 3
53 43 1
19 84 3
73 56 2
32 61 2
33 96 2
23 74 1
64 70 3
67 53 3
18 92 4
29 74 1
20 95 1
45 15 1
20 50 4
37 44 4
76 0 3
26 64 1
17 95 3
98 42 3
96 44 4
84 92 2
25 59 3
32 48 1
72 81 4
82 41 3
91 83 2
28 54 3
97 22 4
93 55 2
24 29 4
96 84 1
49 38 3
91 72 1
22 74 2
84 93 4
45 21 2
51 34 3
15 53 3
79 42 4
39 44 2
40 34 4
0 83 3
75 36 2
29 38 4
18 77 2
45 43 2
75 51 3
83 3 3
59 42 3
30 0 1
29 11 1
57 23 2
51 88 2
42 2 2
81 64 4
66 78 2
0 43 1
59 56 3
28 14 2
45 66 1
96 68 2
50 97 4
9 14 2
75 7 2
98 52 2
99 82 4
30 66 4
40 4 3
96 23 2
73 72 2
68 38 1
47 55 4
3 60 2
26 66 1
26 19 1
21 48 2
24 10 1
62 22 3
3 52 4
97 85 1
78 84 1
20 79 1
46 40 3
76 42 3
19 62 2
88 13 2
96 69 3
79 56 3
9 51 3
27 28 2
86 14 4
79 73 1
55 52 2
84 15 4
79 41 2
46 95 4
39 29 4
36 20 2
24 45 2
55 27 2
77 83 2
10 16 4
27 99 2
98 72 1
12 92 2
37 66 4
94 95 4
20 31 4
69 92 3
93 47 4
61 88 1
74 62 4
95 3 2
9 35 4
13 74 1
73 85 1
40 97 2
1 78 2
49 30 3
86 91 4
7 64 1
43 86 1
61 47 3
34 48 3
48 82 1
50 4 3
89 11 4
93 41 3
95 1 1
0 48 1
11 32 3
56 12 1
54 76 4
76 92 2
14 75 3
49 89 1
94 57 3
18 16 2
14 34 1
31 4 4
17 31 2
84 67 1
24 18 4
78 81 1
89 31 2
89 51 2
25 97 4
80 36 3
37 45 2
42 62 3
99 76 3
95 99 1
5 62 2
76 3 4
92 38 2
9 6 3
26 7 1
53 17 4
15 3 3
86 73 3
67 82 2
85 30 4
12 33 1
48 28 1
28 16 3
88 50 2
76 2 4
58 51 3
68 15 4
57 1 4
61 24 4
94 25 1
12 94 3
1 16 1
57 83 2
17 16 3
41 96 3
64 0 1
7 16 3
7 51 1
12 46 1
45 38 4
56 36 4
42 29 1
93 80 3
70 68 4
37 84 4
2 83 1
75 85 3
44 21 3
73 6 3
22 23 2
94 78 1
56 26 4
18 73 1
83 14 3
64 61 4
68 31 1
3 73 3
83 45 4
3 93 1
54 21 4
58 19 3
48 2 4
53 94 1
92 94 4
29 49 1
52 25 3
13 54 4
53 18 2
68 23 3
73 44 1
64 44 2
71 82 2
49 44 2
33 51 3
93 64 3
30 24 4
7 59 2
35 83 4
57 19 3
95 47 1
10 88 1
75 69 1
23 93 4
92 57 1
78 70 2
50 51 3
0 54 1
95 84 2
63 13 3
72 89 2
3 11 4
2 56 4
44 91 4
37 25 4
32 65 3
92 53 3
78 27 2
77 55 2
2 34 3
74 82 2
20 87 1
84 77 3
18 37 1
11 4 4
27 67 4
71 72 4
54 36 4
43 42 3
18 90 1
28 7 1
0 8 1
22 26 4
84 35 1
47 72 2
42 3 3
18 25 1
50 86 2
96 86 3
68 64 4
24 69 2
68 30 3
27 2 4
56 60 3
95 88 1
50 46 4
47 39 2
70 72 2
59 55 2
65 66 1
34 75 2
61 52 1
63 25 2
30 42 4
82 36 2
67 69 3
6 78 1
7 14 1
46 54 1
69 61 1
41 36 2
15 17 3
24 73 2
96 94 2
55 5 1
93 37 4
19 80 4
5 95 1
30 7 1
89 3 3
52 95 4
42 88 2
9 22 1
19 76 3
32 87 3
72 82 3
82 13 4
14 98 1
56 37 4
35 15 2
95 49 4
16 77 4
71 40 1
26 54 1
6 42 4
31 11 3
72 25 3
60 53 1
57 5 2
21 18 3
83 33 3
36 19 4
70 71 3
18 35 2
6 72 1
39 81 2
50 63 2
44 56 3
22 59 1
66 62 1
31 12 4
56 5 1
52 4 3
98 82 2
48 20 4
85 20 4
61 46 4
42 49 1
51 37 3
4 13 2
67 19 1
18 6 1
60 20 4
76 39 2
34 58 2
96 79 4
20 30 3
56 32 2
29 47 1
23 99 1
96 30 3
83 15 3
76 35 2
89 63 3
87 83 1
81 14 2
1 30 4
0 94 4
81 90 1
84 27 3
21 51 2
59 19 2
60 73 4
11 37 4
82 16 3
10 99 4
83 98 4
14 48 1
10 87 1
68 88 4
58 47 3
33 3 2
73 11 3
70 7 4
62 8 3
70 79 1
73 52 1
4 65 1
81 83 1
42 20 2
62 85 1
32 43 2
23 40 4
11 7 3
1 9 4
36 78 1
24 15 3
17 54 2
3 94 2
53 51 1
40 27 4
77 10 4
81 1 4
58 98 1
12 60 2
2 94 1
96 20 4
28 35 2
69 42 2
56 66 4
50 28 1
86 37 2
72 69 1
38 67 2
90 42 3
90 44 1
73 93 2
43 88 3
90 91 4
68 84 3
19 69 1
29 63 3
87 69 3
67 29 2
74 94 3
66 50 3
84 17 4
65 49 2
38 8 2
42 28 1
82 97 2
36 48 1
98 30 4
55 68 2
6 86 3
86 44 1
23 66 2
25 65 1
87 46 2
61 73 3
89 40 2
69 32 2
21 84 4
59 81 4
6 22 3
94 69 4
75 30 3
96 12 1
89 33 3
81 67 1
58 80 2
69 31 3
39 22 2
60 57 3
22 65 4
54 75 3
48 62 1
43 36 2
53 64 1
46 37 4
97 63 3
2 65 1
66 53 2
17 52 2
88 82 4
32 36 1
87 99 1
19 20 4
58 75 3
83 51 4
84 79 2
98 6 4
4 46 2
36 94 1
6 65 2
19 91 1
67 10 4
75 68 2
42 58 3
85 66 2
17 33 3
12 55 2
65 14 4
48 70 2
23 54 4
58 55 3
1 7 3
11 25 2
18 3 1
91 36 2
34 86 3
56 88 4
12 88 2
77 35 2
41 57 1
0 2 2
42 35 4
36 13 2
59 83 4
77 68 1
6 94 2
85 40 4
92 37 1
49 11 1
82 12 2
71 50 3
89 67 4
67 61 1
73 15 1
8 87 3
63 61 1
77 4 4
78 58 1
69 1 4
83 36 4
28 24 4
46 77 3
32 21 2
31 56 1
56 95 1
60 18 2
3 37 1
46 78 1
9 30 2
83 42 2
48 68 4
60 2 3
40 63 2
34 65 1
67 18 3
97 31 2
84 6 4
82 1 4
26 90 2
45 5 1
65 85 4
42 22 2
97 28 2
45 59 4
52 33 4
38 35 4
53 3 2
56 62 2
52 62 1
52 63 3
98 81 1
46 67 4
68 10 4
80 3 4
23 38 4
40 80 3
87 57 4
8 55 1
88 46 1
60 1 2
3 7 2
70 17 2
10 95 1
73 45 2
3 72 4
0 20 3
47 70 1
55 62 4
28 77 2
79 37 2
99 14 1
20 66 4
54 39 3
31 62 4
84 25 2
36 86 3
94 9 1
29 23 3
51 68 1
80 44 3
58 99 4
77 72 1
6 44 3
50 36 4
48 37 2
28 74 2
50 7 1
34 84 3
87 36 2
50 68 3
57 73 4
46 8 4
54 91 1
12 44 1
59 61 4
42 12 4
98 80 4
28 98 3
41 48 1
60 55 3
36 61 4
67 87 3
92 61 2
95 31 1
56 47 1
49 81 2
91 26 3
3 29 4
54 56 3
84 53 3
65 68 1
42 32 3
85 68 3
99 56 2
31 60 2
54 49 3
37 26 1
52 60 1
13 32 3
52 71 3
90 50 1
72 54 2
28 69 2
45 63 2
33 14 1
92 51 3
66 54 1
53 11 1
51 59 3
98 60 4
36 29 2
15 63 1
54 14 3
10 74 4
33 44 2
45 18 3
25 66 1
6 10 1
49 0 3
77 19 4
42 25 2
21 20 4
57 84 2
97 44 4
15 54 3
68 16 2
42 53 4
66 42 4
97 66 1
45 79 3
60 13 4
84 33 4
26 12 3
29 75 2
54 37 3
94 98 3
33 63 3
39 32 4
24 66 2
34 83 4
69 93 2
16 73 3
61 15 2
97 10 1
30 60 1
74 24 2
82 30 1
71 63 1
79 55 3
48 96 2
96 35 1
68 42 1
93 26 2
32 44 4
19 56 3
66 63 3
20 18 2
20 97 2
78 42 2
71 0 1
79 28 4
71 98 3
58 18 3
37 85 1
50 43 3
85 48 4
16 8 1
82 68 2
35 4 1
31 9 2
2 51 3
61 10 3
92 10 2
56 58 2
80 47 2
16 15 3
10 96 2
47 59 3
0 78 2
6 7 3
14 64 3
72 13 3
29 46 2
28 61 2
33 72 4
84 72 4
14 4 1
32 7 1
28 18 1
9 83 1
28 29 2
85 8 1
80 17 1
54 22 1
38 16 4
41 66 3
20 56 3
64 49 2
79 72 2
19 64 3
78 85 1
21 86 1
30 36 2
23 11 3
43 81 1
19 72 2
77 90 4
47 7 1
22 66 3
86 39 1
96 52 2
17 11 1
71 30 4
61 26 3
26 57 1
21 42 1
46 36 2
56 25 4
91 13 2
35 24 1
8 33 1
21 3 3
75 20 4
83 25 3
30 4 1
56 72 2
26 20 2
52 64 3
17 56 4
98 75 4
32 49 2
84 8 2
79 39 1
45 23 3
24 96 4
79 9 1
28 41 2
21 76 4
85 31 3
79 8 2
87 91 1
12 58 3
64 72 4
16 53 2
44 36 3
67 55 1
20 53 1
97 86 2
38 28 2
94 11 3
60 77 4
47 88 1
63 4 3
24 4 2
46 10 2
40 94 3
4 99 1
96 40 2
55 25 2
62 83 1
78 2 2
67 33 1
17 86 4
89 17 4
6 37 3
68 14 3
18 39 3
48 65 1
66 58 3
43 46 2
15 26 2
79 85 3
92 3 1
59 50 2
34 36 2
28 75 2
66 27 4
81 22 2
27 3 4
51 38 1
58 24 2
27 47 4
16 50 3
42 94 1
80 59 3
17 45 1
89 7 1
30 5 3
34 74 4
97 57 1
66 69 2
72 34 4
57 99 2
10 44 3
25 95 4
34 12 3
64 91 3
17 90 3
11 36 1
76 24 2
49 96 2
18 17 3
90 25 2
32 1 2
65 40 4
33 41 2
85 50 3
8 32 4
30 8 3
1 94 1
23 59 2
72 58 3
64 71 1
68 99 4
28 93 3
43 90 2
72 41 1
45 9 2
61 96 2
73 89 1
65 87 4
65 76 4
54 35 3
89 0 2
98 36 2
6 30 3
0 37 2
20 69 1
18 30 3
85 94 4
90 60 2
58 81 2
8 22 3
62 58 2
87 63 2
56 91 2
21 72 1
93 59 3
34 23 3
40 95 4
14 71 2
36 99 3
77 11 4
85 29 4
74 49 3
44 4 1
33 9 1
23 8 4
74 58 1
4 1 4
63 23 4
0 98 2
66 84 1
95 11 4
79 77 2
35 47 3
67 75 1
94 73 1
96 11 1
52 23 3
41 84 4
25 30 2
68 33 2
4 75 3
90 40 3
52 40 1
8 96 4
89 77 4
22 64 1
4 34 2
22 14 2
30 54 3
1 12 4
3 8 3
53 8 2
77 9 3
76 13 3
95 86 1
18 50 4
80 84 1
70 57 4
32 34 2
9 82 1
55 51 1
24 79 4
64 28 2
70 33 3
21 36 1
68 25 3
43 70 2
33 71 2
51 72 4
8 9 1
64 78 1
99 34 1
99 24 1
32 67 4
32 73 2
10 12 2
48 47 2
84 69 3
45 4 4
45 80 4
67 6 3
22 96 3
40 76 1
6 1 1
4 27 1
40 98 2
36 79 3
31 77 1
26 0 3
43 8 1
0 17 4
45 75 4
95 8 3
13 3 1
58 71 2
72 9 3
59 52 4
82 64 2
28 4 4
6 74 2
47 4 3
24 44 3
88 79 2
56 63 2
45 14 1
6 38 2
37 57 1
16 65 1
40 57 3
81 18 4
43 55 2
44 67 3
20 43 3
72 67 3
37 27 3
50 77 4
32 37 4
43 22 4
74 42 2
87 34 4
52 2 3
17 48 4
60 51 4
34 20 4
26 36 1
96 95 2
57 58 4
90 76 2
50 61 2
5 92 1
78 30 3
53 6 1
33 21 3
81 41 2
44 66 4
80 0 4
20 9 3
75 83 4
65 79 3
31 99 3
28 31 1
63 96 4
65 78 1
18 1 4
45 7 3
48 77 2
47 5 3
56 74 2
66 12 2
43 16 3
46 82 4
11 2 3
92 27 4
4 10 2
65 24 4
56 35 3
15 64 3
63 58 1
92 20 1
76 45 1
23 89 2
59 77 2
18 7 1
69 91 3
5 90 3
68 40 3
68 13 1
50 44 3
10 5 4
83 1 4
85 9 4
71 75 2
13 33 3
86 74 1
11 61 4
35 59 4
95 66 1
12 62 2
72 55 3
59 15 1
83 66 3
92 96 2
35 57 2
4 39 1
61 25 4
8 24 4
0 88 4
60 58 3
81 36 3
46 52 3
62 26 4
67 63 4
24 2 2
2 95 3
86 56 3
82 7 4
24 82 2
64 50 1
51 26 3
96 45 3
28 47 1
35 14 3
0 34 2
52 87 4
73 5 2
59 29 3
1 73 2
12 48 3
37 19 2
47 31 4
98 99 1
31 3 4
11 24 2
76 11 4
84 58 4
11 51 3
72 4 1
3 63 1
25 51 3
74 39 4
78 89 1
4 71 1
40 58 4
58 92 1
34 77 1
70 14 4
42 50 4
88 54 3
21 46 2
32 26 4
35 39 2
45 13 3
30 86 4
21 13 3
55 91 2
95 74 3
56 21 3
46 18 1
20 15 3
28 51 2
13 92 3
9 28 4
28 72 3
27 97 1
15 8 1
82 87 4
51 1 1
96 64 2
40 18 4
25 3 4
66 86 4
62 99 2
55 40 1
79 2 1
27 72 2
61 74 4
68 78 2
51 82 4
5 82 4
90 86 4
24 64 3
39 96 3
76 32 1
43 56 2
67 40 2
48 8 3
46 24 4
12 39 3
1 91 2
65 13 3
98 34 4
95 26 3
63 21 4
93 79 3
74 80 1
75 48 2
89 56 4
2 7 2
97 23 4
45 67 3
48 24 4
88 17 2
89 62 2
70 99 1
10 22 1
93 90 1
59 86 3
0 29 3
39 30 3
98 32 2
17 94 3
8 80 4
57 32 3
32 54 1
34 90 2
2 66 1
52 67 3
59 76 2
22 89 3
31 43 3
22 30 2
82 77 1
17 20 3
46 34 3
23 67 4
63 77 1
73 55 3
42 63 4
14 43 1
79 26 4
38 20 2
0 18 3
80 11 2
60 95 3
67 8 2
30 47 2
50 99 4
20 6 4
85 99 3
12 32 2
98 85 3
49 76 3
31 41 3
87 2 4
91 65 1
81 93 1
74 71 4
8 60 2
53 37 4
22 47 1
24 40 1
12 38 4
31 52 1
31 96 3
84 91 4
97 68 1
65 74 3
52 21 4
78 26 3
28 0 4
79 91 4
65 98 3
5 54 1
33 99 2
91 9 4
22 78 2
95 38 1
46 65 3
41 17 4
88 1 4
50 89 3
2 12 4
45 68 2
96 50 4
62 45 4
92 28 1
79 99 2
63 73 2
39 91 4
12 85 1
86 53 4
22 13 2
44 58 2
84 59 4
3 99 4
78 92 4
43 15 3
14 42 4
60 9 4
76 31 1
1 76 2
33 55 1
24 98 1
47 11 1
97 18 3
0 6 3
84 43 3
71 76 1
56 15 2
85 44 2
89 18 3
14 61 3
9 50 1
12 43 1
81 51 4
61 13 4
53 4 4
39 80 3
73 50 3
58 29 1
8 35 2
13 7 2
26 97 3
50 82 3
94 80 3
70 83 1
95 34 3
86 10 1
29 1 3
91 66 3
82 90 1
73 99 1
84 89 2
99 28 4
68 94 4
30 91 1
58 87 3
29 40 3
35 90 1
89 86 1
99 80 4
23 91 3
50 98 4
7 66 3
99 59 3
35 5 2
81 0 3
38 31 3
47 44 2
60 50 3
73 13 2
31 64 4
83 23 3
32 27 3
34 17 1
54 10 3
88 62 2
90 74 1
59 98 2
58 3 3
36 65 4
63 68 4
19 97 4
37 47 4
51 31 3
45 90 2
30 13 1
90 14 2
78 93 1
96 43 2
73 4 3
96 29 1
50 67 2
60 87 1
38 56 3
99 0 4
9 89 2
98 76 3
94 14 4
49 98 2
46 41 2
71 89 2
70 31 2
27 82 2
79 66 2
33 69 3
12 89 3
97 9 2
46 35 4
90 78 1
49 28 4
33 24 2
13 57 3
21 61 4
54 34 4
96 66 1
35 25 3
17 64 1
62 53 2
73 28 1
61 55 4
73 41 1
70 92 2
80 76 4
81 48 1
65 90 2
31 21 2
5 50 4
70 11 1
86 41 3
46 20 1
90 98 3
80 15 2
42 23 3
5 91 4
36 7 1
16 49 4
56 51 1
13 27 3
63 81 4
38 91 1
34 44 4
17 93 1
16 44 3
11 59 2
9 62 1
69 82 4
8 83 2
41 25 4
90 51 4
44 69 4
12 24 2
17 66 3
72 22 2
93 34 3
40 54 3
44 63 4
41 13 2
29 65 4
95 68 4
59 27 2
37 78 2
79 89 1
74 64 2
47 86 4
62 34 4
48 84 1
71 21 4
12 90 2
50 34 2
28 44 1
7 33 4
16 79 1
56 41 2
77 13 2
65 52 1
39 23 2
10 18 4
42 97 1
68 56 1
25 80 3
61 98 4
97 15 1
55 1 3
30 41 1
63 53 3
74 4 2
9 0 2
92 40 2
52 49 1
82 94 4
30 67 4
29 33 4
83 4 2
74 57 2
67 3 4
16 59 4
3 4 1
22 93 1
95 12 1
37 1 1
0 68 4
31 13 2
65 33 2
64 40 1
51 95 2
69 36 2
92 46 2
25 2 1
75 82 1
86 1 4
8 75 4
1 38 2
49 35 1
2 50 3
38 96 4
38 93 3
76 43 3
86 29 2
90 22 3
52 68 4
37 99 1
7 99 4
22 15 3
96 16 4
54 45 2
43 73 3
20 23 1
28 45 4
32 3 3
71 6 4
86 45 1
78 9 2
28 63 4
17 59 4
17 50 3
93 40 4
69 17 3
90 64 4
91 61 4
74 79 4
38 65 2
44 92 1
88 66 3
35 71 3
49 41 4
21 89 2
38 34 3
54 18 2
74 46 4
92 7 2
75 55 2
76 73 3
30 58 3
8 7 4
44 83 3
98 57 2
86 83 4
55 97 4
95 36 3
21 22 2
71 55 1
88 19 3
91 73 1
88 9 1
2 63 3
89 13 4
99 42 3
11 15 3
93 12 4
77 86 1
65 30 2
19 82 4
38 86 3
9 96 2
25 47 2
57 79 4
18 38 4
41 19 4
92 26 4
30 10 3
28 59 1
17 19 4
71 19 1
64 89 4
42 4 2
56 55 2
57 18 1
42 64 4
17 5 1
24 67 2
42 67 1
99 43 3
58 31 4
81 30 3
68 76 4
0 82 2
83 82 4
89 68 2
20 72 3
62 72 1
83 47 4
43 62 3
2 75 4
34 31 3
3 22 3
4 59 1
11 74 3
35 97 2
8 41 2
5 7 4
35 21 4
6 41 1
13 37 4
30 76 1
83 72 4
7 97 1
27 20 1
92 97 1
10 98 2
28 86 4
67 13 2
86 8 1
70 8 1
51 16 4
0 51 3
92 39 3
62 38 4
99 9 2
42 71 4
1 26 2
79 0 3
62 84 4
16 91 4
56 92 3
1 96 2
95 44 3
16 6 1
20 51 2
82 37 1
62 21 2
40 69 4
9 7 3
58 17 4
84 76 1
41 76 4
7 17 1
62 14 2
76 88 1
85 0 3
65 80 4
21 0 3
33 88 3
65 97 4
74 53 3
26 59 3
33 26 3
90 0 1
30 61 3
88 49 4
9 5 1
5 25 3
44 98 1
62 37 3
10 9 2
34 11 4
37 36 1
99 6 3
22 70 4
78 71 3
52 45 2
58 37 4
75 87 4
34 60 2
0 10 4
15 9 2
63 41 2
70 82 1
4 89 4
45 78 1
43 74 4
36 66 1
34 26 2
90 31 3
52 19 4
92 71 4
36 39 3
44 76 1
2 68 3
80 50 1
46 84 4
3 88 2
59 74 3
75 92 2
68 74 4
51 76 3
96 70 2
8 47 2
58 28 2
14 8 1
7 62 3
62 20 1
92 73 1
54 78 4
55 3 1
62 87 4
28 37 4
50 23 3
29 83 3
43 49 1
13 86 2
24 56 1
91 33 1
36 60 4
75 86 4
15 55 3
19 7 4
13 44 2
66 49 3
29 25 3
59 38 2
38 89 1
94 22 4
51 43 4
3 62 4
55 95 2
66 82 2
34 29 3
67 90 2
74 77 1
77 14 1
1 53 2
1 10 1
97 38 2
5 6 4
15 89 2
40 83 3
59 32 2
26 76 4
33 74 4
13 69 3
87 25 3
58 39 1
69 2 1
32 75 2
53 44 2
39 72 3
98 88 2
84 9 3
52 80 3
53 23 3
63 86 4
91 51 2
23 1 3
69 43 4
85 45 1
15 86 4
22 29 2
66 4 2
56 65 2
67 41 2
18 88 3
90 48 1
48 63 1
80 78 1
52 81 1
31 67 2
48 18 3
8 4 3
99 63 1
20 99 2
35 6 4
11 45 4
58 88 1
94 60 2
16 55 3
70 30 4
76 64 3
12 99 2
25 20 1
98 96 1
79 17 2
73 83 4
29 16 4
0 53 4
49 90 2
97 71 2
2 22 2
0 27 4
37 50 1
68 61 4
77 49 2
6 40 1
67 74 4
88 84 1
7 80 1
84 64 2
40 81 2
36 6 4
62 27 3
14 96 2
3 41 2
36 23 3
27 86 4
35 98 4
97 53 4
0 58 4
5 48 2
85 52 1
91 94 4
61 54 4
46 51 4
30 64 1
19 53 3
37 89 1
45 49 1
15 23 3
93 50 1
93 18 3
60 33 2
56 50 2
71 39 1
65 95 1
38 9 2
61 22 1
14 66 3
25 45 2
34 69 1
87 64 2
12 19 4
16 52 2
53 25 3
82 20 4
83 64 1
6 43 1
72 38 4
15 76 4
7 85 1
42 0 4
53 21 1
63 8 1
74 88 2
48 93 1
27 12 2
24 81 2
57 17 2
25 17 2
96 17 2
36 5 4
15 82 2
56 16 1
12 51 2
98 79 4
77 80 3
55 10 2
78 91 2
1 28 2
1 17 3
74 36 3
49 57 4
4 90 3
82 29 2
60 79 1
15 29 1
65 42 1
42 11 3
70 16 4
64 43 1
65 54 2
46 70 1
31 44 2
25 78 1
92 74 3
41 1 3
37 95 4
34 63 4
39 73 2
40 13 3
45 61 3
65 12 4
29 37 1
98 47 2
21 50 2
64 54 3
9 34 4
11 66 4
82 39 2
5 84 3
94 70 2
21 5 1
64 55 1
45 91 1
59 46 2
40 70 1
9 69 3
13 71 4
43 29 2
86 23 1
65 64 3
13 98 3
9 68 4
51 30 2
90 70 3
85 93 4
16 13 2
95 9 3
95 76 4
53 36 1
97 90 3
53 59 4
81 23 4
31 92 1
79 83 3
3 45 1
80 64 1
47 78 1
98 3 2
44 7 4
56 33 2
21 11 3
52 74 3
75 0 1
34 39 1
14 73 1
71 49 4
32 19 2
89 99 4
4 38 1
56 76 3
46 19 4
44 40 4
85 64 3
82 96 2
50 35 4
37 64 1
15 27 2
80 86 1
82 80 4
46 99 1
53 75 4
66 76 4
65 81 2
70 44 3
64 63 4
18 22 4
14 63 4
46 1 1
92 91 1
6 62 3
30 94 3
5 66 2
3 75 2
68 41 2
41 83 4
92 19 2
11 38 4
76 38 4
91 48 3
24 87 3
58 86 1
99 94 4
9 32 1
93 31 4
79 22 1
58 77 4
79 43 1
4 55 4
14 5 1
2 49 4
2 84 1
17 42 1
31 15 1
58 20 3
24 53 3
30 19 1
60 84 4
68 86 2
14 84 3
47 73 2
7 41 2
47 49 3
30 17 1
3 87 3
17 26 4
65 67 3
67 93 4
57 45 3
28 15 3
23 21 3
31 16 3
69 56 1
80 72 3
69 46 2
36 22 2
36 89 2
60 92 2
47 46 4
3 71 3
56 70 4
80 5 2
82 25 3
98 31 3
85 16 1
34 45 3
60 16 4
97 8 1
75 76 3
11 84 4
48 56 3
95 71 3
20 67 2
2 21 4
74 84 1
32 18 4
43 24 4
37 88 3
45 50 1
3 46 3
7 35 3
25 24 4
38 42 2
6 95 4
59 18 1
30 83 1
32 53 2
79 47 2
50 12 3
45 6 4
4 15 4
75 84 2
19 10 2
3 66 2
2 44 3
19 24 2
61 43 1
0 16 3
46 16 4
33 45 4
42 81 3
33 87 4
70 34 1
51 65 2
5 58 4
5 23 3
32 6 3
39 21 2
50 14 1
10 60 2
65 23 1
41 65 4
28 88 1
92 25 2
9 19 2
45 97 1
90 23 2
87 86 1
69 25 3
29 95 4
69 60 2
30 55 4
60 59 1
71 77 3
74 75 4
29 21 1
31 54 1
84 85 4
47 53 2
61 78 1
12 97 1
39 45 2
38 74 1
28 62 1
59 85 3
95 41 4
67 79 3
91 71 1
89 14 1
65 7 1
87 77 4
83 89 1
69 18 1
40 35 2
4 70 1
26 58 2
76 78 3
77 52 1
48 19 2
61 70 2
54 67 2
49 67 4
46 62 1
16 89 4
70 15 1
12 70 4
5 85 1
63 47 4
34 37 3
29 48 3
80 20 3
39 41 2
81 47 1
77 95 1
87 79 4
55 88 1
25 67 2
68 53 4
68 73 4
1 44 2
47 76 3
11 20 2
97 14 3
98 62 4
16 83 3
48 38 4
28 70 4
23 18 3
81 6 3
39 7 2
46 38 3
95 92 1
7 90 3
47 82 1
62 39 1
37 10 1
55 9 4
7 72 3
3 36 1
26 28 3
75 12 1
32 10 4
33 62 4
74 2 3
61 60 1
57 82 3
3 6 3
99 39 4
51 47 2
79 33 3
28 67 2
5 64 3
20 2 4
96 51 1
15 62 2
61 53 4
69 50 4
26 70 3
14 12 3
27 38 2
94 46 2
33 34 1
86 42 3
82 31 1
28 13 1
55 11 2
95 70 3
7 4 2
93 6 1
79 34 3
39 78 4
46 44 2
48 1 2
87 92 4
43 19 2
91 4 4
65 63 1
55 54 2
17 65 1
59 24 1
32 45 1
64 6 4
0 24 1
87 37 2
31 33 4
24 78 4
36 49 1
14 93 2
15 72 2
75 22 4
39 25 1
13 12 1
7 83 3
78 11 2
91 27 2
11 54 1
5 20 2
94 10 4
0 15 3
8 39 4
8 73 3
55 86 1
69 86 3
46 58 4
58 48 3
42 36 4
11 5 1
94 20 3
7 95 3
53 26 2
55 65 3
50 76 3
98 8 3
81 56 4
58 90 4
51 54 3
55 38 2
87 93 3
58 82 2
54 82 2
78 55 2
6 27 4
51 63 1
96 87 3
69 29 1
93 83 1
93 20 3
24 68 1
78 88 1
57 36 4
75 78 2
57 75 1
7 0 3
43 26 3
44 35 4
1 97 3
68 3 3
65 45 3
58 32 2
72 45 4
41 60 4
86 18 4
93 96 4
79 11 2
52 76 2
80 6 3
18 33 3
72 10 3
75 9 1
50 31 2
61 83 3
99 38 4
91 62 4
99 13 2
19 8 2
25 50 1
27 85 2
54 24 4
19 95 2
85 41 3
63 35 1
5 89 2
19 11 1
28 25 4
66 60 2
24 86 3
77 54 3
31 42 2
26 94 1
17 47 1
94 76 1
50 78 3
91 2 1
59 67 3
47 32 4
82 26 2
81 29 2
83 17 4
68 29 4
24 31 2
97 43 2
62 63 1
23 3 1
44 8 1
37 5 1
3 59 2
97 75 3
79 48 2
48 26 4
39 38 4
41 55 2
38 64 4
13 14 1
38 19 4
81 70 4
83 94 3
48 11 4
70 21 3
11 44 3
50 11 4
19 2 1
94 58 3
48 10 2
57 29 3
75 96 3
31 10 4
34 68 4
57 89 2
34 66 4
74 45 2
33 85 1
86 61 2
62 75 3
92 2 1
39 88 3
63 12 3
31 18 4
55 45 4
15 44 4
27 80 2
6 70 2
72 59 2
68 7 3
13 94 1
58 2 2
83 49 2
46 48 2
10 89 1
32 70 3
36 96 3
43 38 2
60 96 4
13 42 3
25 4 3
65 59 2
26 89 1
39 26 4
49 31 4
83 31 2
40 86 3
58 7 3
96 88 1
65 3 3
27 17 4
85 4 1
67 58 3
83 20 2
4 32 4
55 22 2
65 71 2
60 64 2
65 86 1
48 57 3
54 69 3
9 23 3
13 96 4
46 63 2
27 60 2
72 60 4
32 72 4
16 5 4
87 81 1
3 43 4
93 98 1
21 96 3
25 76 4
75 27 1
96 77 2
85 43 2
98 4 2
81 31 2
52 22 3
22 57 3
61 89 1
53 76 2
54 99 3
46 39 1
95 4 3
62 69 1
62 86 1
57 30 3
70 60 2
55 14 4
67 37 2
78 28 3
20 7 2
20 70 3
65 83 4
70 85 4
83 78 2
14 1 1
75 35 2
95 93 3
31 88 1
35 45 4
92 15 4
89 93 3
63 39 3
4 92 1
2 23 1
11 35 3
53 99 1
45 42 2
96 56 3
12 4 2
93 36 3
30 12 3
2 41 3
79 6 3
55 6 2
44 57 3
92 17 2
97 77 2
64 73 4
18 8 4
96 5 3
78 5 1
11 90 1
60 76 4
43 47 2
66 33 1
66 68 3
80 41 2
74 31 3
59 68 1
26 31 2
40 37 2
53 73 4
81 17 4
3 57 2
10 23 4
79 38 3
61 87 3
21 92 2
6 4 2
72 12 1
75 21 3
81 71 4
20 89 3
76 87 4
52 13 3
0 69 2
56 1 2
58 11 1
55 63 1
21 16 1
56 93 2
17 38 3
74 78 2
91 41 2
1 99 1
64 32 2
1 15 3
0 66 4
25 54 4
98 27 4
2 29 4
90 38 1
48 43 3
83 96 3
47 87 1
17 13 1
92 33 4
6 51 3
80 92 2
72 26 2
83 60 2
60 49 3
81 68 3
55 37 4
15 38 2
20 3 1
19 83 2
49 33 2
15 93 2
98 91 2
48 99 3
56 90 3
33 54 4
51 35 2
23 19 2
4 9 1
26 88 3
66 74 4
88 93 1
53 13 1
89 34 2
55 66 3
46 81 1
27 45 2
11 63 1
4 20 1
11 99 2
84 49 1
17 4 4
29 44 2
87 94 4
43 17 2
53 57 3
73 87 1
76 33 2
68 28 1
49 18 3
52 42 3
24 89 1
21 95 2
4 96 4
3 17 4
60 68 2
49 94 2
34 1 3
64 11 1
29 18 4
41 53 3
11 97 4
7 98 2
19 79 1
68 58 2
48 39 1
63 54 2
34 42 1
79 7 3
8 68 4
80 9 3
61 71 1
27 73 4
26 40 2
65 58 1
26 68 1
16 39 1
73 88 1
99 61 1
4 26 1
70 62 1
49 5 3
78 73 3
32 33 1
96 78 4
0 25 3
55 7 4
29 41 4
1 11 4
27 93 1
22 45 4
97 13 1
50 65 2
20 1 1
65 99 3
23 41 2
54 98 1
84 56 2
84 98 1
22 25 3
69 37 2
65 18 3
99 26 4
2 30 3
75 93 4
86 57 1
10 76 1
58 22 4
16 2 2
61 57 1
69 15 2
38 63 2
26 86 4
17 22 4
95 87 4
27 21 3
43 13 1
37 14 2
9 40 2
28 85 3
25 79 1
81 7 1
13 79 2
49 82 3
43 57 3
96 15 2
49 46 2
66 99 3
75 43 2
28 23 4
77 99 3
4 81 3
57 65 4
51 61 4
6 83 2
16 62 4
70 35 1
74 73 1
43 52 3
20 86 1
61 72 3
69 7 2
50 70 4
77 93 2
14 36 1
51 45 1
74 54 1
97 41 4
91 67 2
92 30 3
83 68 2
13 38 1
23 6 1
92 54 1
51 70 4
70 87 3
72 11 2
34 80 2
21 49 1
55 98 2
95 48 4
13 49 4
60 11 2
16 47 1
46 7 4
97 94 3
92 16 3
24 42 1
17 77 3
81 33 2
14 49 2
68 44 4
38 81 3
50 33 3
21 26 1
15 37 1
27 95 2
43 27 3
6 25 1
56 3 3
56 39 1
64 18 3
15 36 1
5 65 1
32 63 4
16 93 1
7 57 4
64 51 3
31 29 1
54 90 1
24 17 4
64 92 1
54 44 4
17 35 4
81 54 4
57 20 3
61 48 4
93 92 2
52 79 4
63 76 2
13 48 4
93 2 1
76 7 4
19 44 1
3 74 4
37 52 2
39 68 4
77 76 3
76 46 3
93 94 4
32 86 1
36 0 3
41 51 2
9 92 4
5 13 4
91 31 3
49 59 3
9 26 3
70 1 2
49 10 4
8 82 4
29 56 3
85 89 1
24 32 3
9 48 3
21 41 2
58 54 3
86 82 4
41 20 1
33 93 3
39 1 3
88 87 1
16 72 4
4 0 1
14 87 4
77 22 1
83 95 3
70 23 3
17 97 3
25 12 4
56 34 4
44 27 4
60 29 2
97 87 2
96 2 3
51 14 1
69 21 3
9 2 1
90 3 4
42 39 4
8 71 4
85 83 2
60 81 4
31 39 4
31 27 3
82 33 1
85 32 4
57 21 4
43 40 2
38 14 1
30 14 3
15 47 4
96 80 1
79 81 2
73 80 2
29 94 4
99 8 3
9 24 3
87 6 2
5 3 3
37 39 1
30 87 1
2 97 2
60 78 2
82 91 1
9 17 4
12 81 3
23 61 1
89 28 3
73 82 4
97 6 1
88 57 1
10 36 2
75 49 4
63 90 2
43 71 2
77 24 3
40 1 1
30 16 3
83 10 2
76 61 4
12 8 1
1 13 3
27 29 4
32 16 3
46 98 3
93 44 1
90 69 3
56 49 2
43 60 2
35 31 3
5 51 3
56 80 4
26 38 2
85 36 4
31 59 2
40 5 4
3 54 1
73 70 3
5 19 4
84 4 3
44 30 1
97 69 4
50 47 3
28 2 3
44 99 2
15 18 1
68 4 2
99 67 1
1 80 1
97 48 1
34 82 1
34 43 1
78 99 3
72 44 1
12 71 2
90 29 3
41 24 1
23 32 3
20 16 2
4 29 3
97 91 1
83 80 2
78 62 1
85 60 1
15 66 2
14 60 4
27 71 4
67 2 1
51 42 2
59 66 2
52 11 1
67 39 2
22 0 2
47 3 1
71 69 1
71 29 4
99 55 4
17 67 1
80 10 4
21 55 1
47 54 1
91 50 1
27 76 2
79 94 3
79 69 2
26 96 1
88 21 4
6 29 1
47 74 3
70 45 4
24 27 1
33 90 3
62 40 3
0 23 4
19 65 1
65 10 3
13 47 1
90 20 2
12 53 2
24 88 3
88 6 3
58 69 2
58 21 1
67 11 3
41 78 4
90 2 3
73 90 1
7 54 4
63 43 1
3 28 3
58 85 4
56 7 2
67 48 2
59 8 3
9 66 2
84 47 1
51 27 2
65 77 1
1 0 3
17 10 1
0 19 2
88 63 3
46 72 3
80 12 4
49 78 3
57 96 2
97 4 3
22 27 1
88 94 4
35 53 4
93 91 2
73 0 3
61 20 3
42 27 2
36 4 3
85 2 3
81 96 4
90 83 1
48 23 2
4 43 3
9 56 4
63 84 1
34 57 2
81 26 2
72 65 1
81 89 4
59 73 3
87 22 1
52 9 4
85 74 2
52 12 3
24 92 3
9 13 1
83 22 4
11 83 4
51 15 2
29 30 2
57 9 3
23 62 3
55 31 3
50 32 1
7 42 2
6 58 2
54 57 3
66 52 4
16 26 4
17 62 4
73 7 3
98 39 3
41 11 2
80 33 3
39 2 1
95 54 1
1 58 2
51 40 4
19 96 2
5 75 4
31 66 2
61 56 4
35 73 3
81 32 2
77 44 4
36 31 4
0 96 1
17 91 1
80 55 4
5 34 3
10 93 1
27 57 1
33 42 2
35 61 4
55 57 3
97 64 1
47 67 1
62 29 3
37 74 4
2 4 4
25 77 3
92 77 2
93 35 4
90 92 4
56 52 1
1 77 2
94 63 4
6 89 3
84 7 4
3 61 2
95 32 3
46 11 2
81 74 3
82 44 1
1 25 4
74 76 3
80 71 3
3 84 4
56 85 2
51 94 1
12 59 4
78 69 2
77 26 1
56 53 3
63 31 2
78 21 4
90 32 1
94 23 1
72 63 1
75 91 1
88 20 1
16 97 4
62 44 2
70 39 4
79 10 2
15 67 1
93 63 3
26 69 4
72 24 1
15 41 4
10 41 2
65 53 1
53 77 1
19 49 2
7 23 1
49 91 2
93 57 1
44 87 2
56 94 4
19 54 4
87 1 2
29 54 3
4 88 1
82 32 2
23 84 1
68 35 1
21 64 3
7 74 2
77 12 1
48 15 3
22 84 3
18 44 3
37 76 4
22 38 4
61 81 3
19 22 2
65 20 4
60 62 4
94 52 2
35 85 3
16 11 3
85 81 3
28 20 2
29 10 4
75 47 1
56 23 2
58 89 3
80 57 2
1 36 3
22 80 4
66 39 2
95 62 4
95 14 1
99 40 3
60 71 4
19 35 3
57 24 2
26 74 4
9 36 4
47 26 4
16 33 1
23 24 4
3 0 2
55 48 1
96 62 2
56 67 4
84 81 3
35 10 3
27 39 3
17 82 1
68 5 4
94 86 1
15 88 4
36 63 4
40 53 3
9 73 2
72 35 3
17 51 2
46 0 1
72 99 1
63 16 2
8 65 3
40 17 2
85 80 4
79 12 3
97 60 2
3 51 1
14 53 2
20 55 4
13 11 3
62 47 2
72 86 2
21 30 2
14 41 2
56 83 2
21 34 4
92 6 4
86 33 3
37 80 1
14 85 4
63 27 4
83 46 2
1 21 1
4 94 4
3 69 2
84 52 3
61 39 4
27 5 4
97 73 4
47 24 2
39 60 4
31 23 1
13 46 3
3 50 3
55 36 4
37 31 3
99 92 4
75 70 2
25 71 1
89 52 1
2 3 2
56 42 4
35 2 2
28 84 4
87 55 4
97 62 3
38 61 4
19 33 2
9 42 3
55 74 1
99 60 3
8 72 1
72 76 4
61 82 2
0 86 1
23 37 1
25 89 2
6 91 1
88 34 1
64 12 3
26 3 3
85 13 1
59 48 1
43 65 3
82 28 4
69 30 2
73 49 2
34 85 3
88 7 2
15 90 1
8 11 1
1 61 4
50 55 4
16 99 1
97 36 3
80 62 2
51 13 1
32 2 1
99 90 3
5 24 3
10 7 1
10 43 2
42 47 2
54 68 3
5 61 1
32 93 4
6 82 1
29 73 2
38 78 1
16 95 1
35 13 3
87 74 4
27 56 2
45 48 2
70 10 3
31 5 1
12 17 3
78 15 3
38 10 4
78 29 1
29 92 2
20 49 1
47 64 3
46 9 3
79 92 2
31 30 1
30 37 1
87 7 3
94 45 1
38 24 2
72 95 3
43 11 2
97 0 2
25 64 2
52 57 2
86 52 4
90 75 1
85 92 2
53 2 2
23 44 4
97 46 3
60 32 2
69 89 2
50 40 3
94 89 4
71 36 4
66 48 3
50 87 2
43 54 3
70 91 2
75 72 1
37 20 2
75 81 4
54 16 3
55 34 4
60 93 4
84 73 2
95 28 2
88 48 3
2 1 4
36 70 2
19 98 1
58 38 3
16 78 4
62 10 2
42 77 3
73 40 4
46 75 4
16 71 1
60 42 2
96 67 3
10 81 1
60 54 3
21 15 1
41 37 2
65 44 2
65 1 2
93 97 3
2 55 1
23 55 4
45 40 3
56 8 3
64 45 2
26 75 4
69 73 1
9 93 4
44 51 4
93 30 2
50 6 3
73 26 2
94 39 3
57 59 4
71 11 1
34 81 3
30 62 4
41 77 1
36 45 3
41 40 2
91 21 1
35 67 1
98 33 2
21 60 1
78 57 4
95 23 4
50 57 2
22 16 1
6 56 3
94 38 2
39 85 1
74 27 3
42 96 3
78 31 2
72 30 2
20 47 3
48 86 3
1 75 1
20 13 4
67 12 2
65 73 2
12 54 4
75 95 4
68 20 1
82 85 4
38 66 3
75 11 4
85 42 4
18 70 4
79 68 2
85 25 4
37 73 1
60 26 3
91 8 4
77 98 2
66 51 1
68 62 3
29 26 4
54 59 4
10 84 3
45 99 1
25 74 2
0 56 4
59 30 4
22 32 4
45 29 1
52 30 3
46 17 3
42 55 3
13 15 3
80 13 4
94 24 4
53 29 4
35 55 4
78 20 1
82 43 2
49 23 1
38 88 1
95 58 2
19 70 1
20 35 2
43 94 1
88 45 4
94 32 3
4 19 1
29 50 4
96 54 4
36 64 1
11 6 1
14 23 1
89 65 4
33 5 2
45 2 3
83 58 1
9 59 1
18 42 1
19 89 3
80 4 3
9 67 2
92 66 3
70 89 1
53 30 2
57 91 1
61 6 2
76 69 1
63 60 4
14 59 2
74 51 3
97 32 1
45 71 4
44 52 2
77 51 4
26 27 4
33 15 3
19 3 3
99 52 2
92 67 1
16 23 2
8 20 2
51 84 2
51 80 4
68 36 1
36 58 4
50 26 2
28 5 4
77 20 1
98 41 2
50 52 1
13 58 1
28 71 1
1 79 1
80 69 4
98 12 2
9 12 4
27 25 1
68 37 2
71 73 3
0 70 3
21 8 2
28 36 1
28 8 3
40 75 4
69 53 4
13 66 4
12 74 1
48 76 1
90 30 1
10 52 1
46 30 3
26 85 3
25 57 2
71 23 3
83 52 2
62 59 4
10 13 1
98 5 2
34 27 1
58 14 2
10 69 2
8 34 4
64 67 2
50 72 2
88 41 1
8 89 4
57 6 4
78 44 1
79 75 3
74 69 2
32 15 2
55 53 3
40 38 4
14 24 1
40 2 1
84 97 2
42 8 4
46 22 1
25 21 4
58 96 1
55 82 1
18 62 2
49 72 1
97 30 3
87 18 4
15 14 4
48 7 4
22 5 2
9 74 1
12 37 2
57 72 4
80 66 1
47 1 3
13 23 3
40 87 4
58 25 3
80 54 2
63 5 3
68 1 1
87 98 1
17 39 3
60 80 3
21 68 4
35 16 1
0 72 2
27 87 2
57 15 2
66 89 3
39 43 4
40 60 2
59 64 4
63 49 4
76 93 4
29 13 3
19 61 1
43 72 4
44 89 3
27 61 3
61 12 1
38 69 1
71 94 3
53 98 2
6 13 3
39 83 2
78 51 2
7 96 2
6 47 3
57 71 2
30 33 1
67 7 3
90 89 1
86 5 3
9 21 4
71 56 2
5 38 2
87 13 3
49 26 2
75 94 1
32 83 2
89 46 2
65 26 2
28 30 1
40 79 2
72 78 4
78 82 4
77 78 2
37 90 4
82 22 1
2 18 3
67 94 3
54 87 3
33 10 1
44 94 1
0 14 2
2 59 3
86 78 2
52 41 3
14 31 2
53 49 4
40 10 3
70 42 1
27 50 4
15 12 1
2 71 1
19 29 3
47 10 2
29 87 2
67 62 3
37 21 4
94 28 3
0 11 2
44 84 1
91 28 3
86 79 3
92 89 3
98 68 2
1 98 4
79 29 2
91 42 1
18 63 1
9 65 2
99 18 4
13 93 2
90 24 3
7 29 1
89 45 1
90 94 2
79 3 3
0 38 1
22 35 4
79 14 1
45 10 2
57 95 2
9 41 3
46 90 4
98 86 2
28 12 2
48 27 2
56 10 2
80 75 2
54 79 3
28 52 4
38 98 3
97 88 3
29 64 3
80 43 1
74 20 1
17 23 2
17 8 2
59 70 4
8 61 3
32 78 3
76 28 4
31 45 4
38 2 4
27 88 3
11 92 2
18 95 2
23 87 3
37 83 2
46 28 2
1 74 1
21 67 4
95 33 1
63 82 1
62 92 2
88 60 3
2 86 2
10 21 4
55 19 1
27 7 4
96 47 2
68 46 3
49 92 1
18 47 4
93 58 1
59 39 4
91 32 2
2 14 3
21 47 1
59 5 2
89 27 2
5 93 2
36 24 3
67 51 3
32 29 3
64 56 1
84 13 4
36 40 1
31 71 4
88 85 2
81 94 3
48 73 2
12 7 3
64 88 2
62 2 1
78 40 1
14 78 2
84 86 2
64 35 1
92 35 4
99 74 4
95 79 3
3 85 3
44 9 4
64 2 3
40 19 3
53 82 3
16 64 1
59 71 1
94 47 1
1 43 2
97 70 2
85 46 1
59 43 1
3 81 2
24 1 2
94 7 1
47 71 4
18 19 2
33 22 1
5 29 1
28 60 4
47 38 1
99 69 3
52 29 2
2 61 3
93 82 2
75 41 1
6 12 3
40 25 4
65 82 4
43 44 4
2 37 3
4 37 2
81 82 3
26 71 2
14 56 2
27 81 3
87 12 4
52 6 1
59 96 2
90 95 2
73 95 2
61 84 2
50 22 4
15 40 2
5 15 1
42 19 2
76 96 4
12 11 4
77 21 4
71 67 1
60 82 1
6 15 2
28 81 1
56 87 4
80 70 3
60 89 2
77 33 1
83 28 1
84 26 3
78 87 3
10 15 1
59 6 2
15 60 2
48 54 1
69 52 2
47 91 1
30 79 1
74 48 3
66 57 4
8 58 2
21 79 1
4 21 3
58 79 2
73 30 4
70 27 2
71 17 1
49 87 4
61 9 4
71 24 3
81 99 4
29 93 4
55 29 4
56 30 4
84 65 4
88 53 3
76 82 2
95 80 3
15 95 3
81 77 4
47 77 2
66 43 3
67 78 3
61 31 1
44 25 2
7 86 2
61 18 4
34 19 2
74 18 4
0 40 3
27 41 3
79 44 2
28 65 2
22 11 2
49 69 1
18 36 4
79 53 4
25 31 3
54 4 1
58 73 1
79 51 4
41 87 2
6 21 2
40 48 1
34 24 4
42 73 3
35 43 2
8 92 1
55 28 3
6 54 2
79 61 3
1 27 3
48 16 3
47 69 4
66 98 3
77 5 4
16 88 3
0 60 4
68 93 1
73 2 4
27 14 3
98 89 2
56 13 2
88 69 3
54 2 3
18 52 3
54 52 4
45 8 1
87 9 2
87 71 2
83 92 1
68 67 1
97 99 3
86 92 2
88 59 1
61 29 1
8 50 3
32 80 1
79 32 3
28 96 2
83 69 3
1 50 1
68 87 1
19 39 1
62 73 4
14 10 2
52 38 3
40 20 4
38 37 3
83 24 3
47 9 3
83 67 3
3 86 2
54 1 2
15 74 1
90 1 1
35 26 2
22 56 1
98 22 4
98 92 3
23 98 3
27 52 1
77 8 4
49 80 1
0 59 1
5 88 1
14 19 2
22 12 3
31 73 2
49 7 4
6 19 1
98 9 4
88 11 4
11 10 4
81 80 4
93 71 4
45 47 4
85 67 3
29 8 1
38 33 3
49 24 3
35 1 2
69 64 4
31 65 2
81 97 1
58 15 1
78 59 4
96 34 2
48 64 4
50 30 2
93 46 3
97 78 2
75 6 2
34 61 3
71 84 1
44 74 1
21 65 3
95 69 3
95 61 1
74 19 3
81 92 3
69 85 2
37 35 3
46 2 1
80 21 3
63 19 1
68 72 3
23 64 1
49 50 2
96 32 4
30 74 4
61 85 2
32 41 4
49 12 4
86 16 1
28 22 2
16 45 2
49 48 1
69 65 2
70 65 4
33 27 3
57 63 3
74 40 3
91 80 3
3 78 4
94 18 1
25 15 1
5 94 4
46 53 4
16 90 4
58 64 1
99 15 1
10 90 2
5 8 1
0 95 2
51 19 1
91 99 4
89 2 4
9 29 2
77 64 1
69 57 3
32 5 4
84 39 2
32 17 2
5 60 2
59 95 2
61 77 4
13 19 1
63 1 2
12 5 1
50 95 3
27 58 2
31 2 3
4 41 1
52 20 1
30 99 1
91 63 3
83 18 2
92 48 4
33 59 2
9 3 2
77 43 2
63 10 3
81 9 1
89 97 4
53 5 1
71 1 2
94 72 2
60 48 2
77 23 3
63 69 2
40 31 2
22 31 1
45 26 2
19 16 4
82 2 2
45 69 3
82 4 3
88 44 2
35 94 3
53 34 2
99 21 4
41 43 3
32 0 3
97 54 3
21 83 3
48 71 3
98 73 3
43 37 3
4 76 3
97 58 4
57 12 2
27 46 4
68 27 1
63 70 2
81 16 2
93 51 2
32 46 4
89 88 4
10 58 2
22 49 4
61 44 3
77 36 1
84 30 3
58 41 1
81 57 4
84 50 1
56 82 4
84 99 4
12 86 4
90 88 1
33 0 3
81 13 1
94 84 3
75 13 2
3 38 1
69 8 3
69 11 4
62 82 4
64 8 3
17 14 4
66 32 3
91 60 1
16 76 1
59 63 2
43 5 1
4 64 2
42 10 4
18 56 1
9 63 2
95 64 3
4 69 2
5 39 3
72 87 4
77 39 3
57 4 3
20 84 2
21 28 3
99 22 2
16 40 1
50 10 1
59 69 4
70 29 3
59 10 1
36 35 4
14 82 4
46 86 3
63 79 3
99 5 1
86 99 1
9 39 4
75 10 4
41 22 4
40 14 4
1 89 2
2 43 3
70 52 2
50 81 2
9 86 4
78 33 3
59 34 2
27 30 2
62 71 4
5 42 2
66 73 3
95 82 2
96 71 1
19 21 1
84 55 4
39 40 3
91 58 1
41 59 3
22 95 1
68 92 2
90 8 4
49 27 1
16 34 2
19 45 1
9 25 4
15 46 1
44 5 2
76 55 1
69 39 2
57 8 4
74 89 2
18 76 1
92 63 2
13 55 3
64 98 2
26 87 4
47 41 2
51 22 1
69 41 3
38 85 3
32 88 4
39 64 4
5 1 3
61 4 3
96 65 2
61 75 1
80 31 1
46 25 1
96 74 4
56 57 2
33 57 2
62 25 1
28 11 1
1 31 1
69 14 2
90 96 3
18 78 3
44 42 4
38 25 4
91 59 1
51 52 2
59 13 2
33 64 3
61 90 3
17 6 4
92 55 4
64 9 2
10 78 3
61 97 1
14 91 1
67 26 3
94 50 1
16 37 4
14 25 2
72 36 1
14 21 1
67 0 1
99 83 2
55 46 1
31 7 2
62 35 4
90 52 3
18 11 4
40 33 1
4 93 3
2 72 1
58 59 2
83 38 3
81 53 2
8 74 2
52 36 3
58 45 2
35 78 4
41 35 4
20 81 3
14 3 4
0 50 4
13 26 3
80 89 2
47 60 2
12 3 2
27 54 3
67 95 2
26 14 3
70 88 1
93 72 3
22 88 2
52 34 1
52 48 4
30 89 3
53 9 4
35 86 4
2 33 3
93 54 4
58 52 1
97 49 4
33 58 3
72 53 1
49 58 3
96 72 1
91 11 1
52 82 2
92 65 4
24 84 2
47 23 1
46 80 3
95 78 4
46 71 1
44 81 3
88 35 1
25 70 1
26 52 1
91 34 1
55 81 2
52 0 3
94 31 4
79 50 4
72 29 1
54 50 3
73 38 4
22 85 2
75 65 1
80 29 4
61 58 4
47 34 1
90 57 4
