4900 100
0 60 1
1 51 3
2 65 9
3 50 6
4 2 3
5 47 1
6 5 5
7 82 6
8 3 2
9 8 1
10 90 2
11 16 3
12 36 2
13 40 2
14 94 9
15 55 8
16 40 1
17 74 2
18 10 1
19 38 5
20 85 6
21 43 4
22 8 9
23 26 1
24 74 5
25 7 1
26 9 3
27 89 6
28 93 8
29 93 6
30 44 8
31 65 2
32 42 3
33 92 4
34 43 1
35 33 4
36 13 2
37 50 5
38 52 6
39 88 1
40 23 7
41 12 5
42 24 7
43 73 5
44 28 2
45 8 2
46 94 1
47 15 3
48 47 6
49 56 9
50 48 2
51 87 8
52 63 6
53 41 6
54 70 6
55 2 7
56 13 7
57 25 8
58 81 1
59 82 6
60 43 7
61 65 9
62 72 4
63 25 9
64 45 8
65 24 7
66 87 2
67 60 1
68 31 7
69 9 5
70 66 1
71 14 6
72 81 6
73 12 3
74 61 5
75 8 1
76 51 5
77 79 3
78 57 9
79 78 3
80 17 9
81 26 6
82 54 3
83 78 6
84 79 8
85 73 1
86 27 9
87 84 8
88 34 2
89 23 7
90 37 6
91 62 4
92 99 6
93 84 8
94 14 2
95 41 8
96 76 6
97 32 1
98 3 1
99 74 2
98 13 1
89 60 3
54 2 1
65 53 3
89 7 3
32 80 2
30 42 2
95 15 1
49 61 2
83 52 2
56 44 2
24 8 3
97 54 1
6 12 3
96 43 3
72 21 3
14 70 2
95 63 4
60 58 2
41 50 4
74 50 4
15 0 3
7 70 3
95 18 2
57 70 1
0 49 1
85 14 2
42 2 3
76 86 3
65 11 3
66 8 4
68 14 2
4 22 3
5 60 3
75 25 1
5 14 4
7 78 1
55 71 3
77 16 2
21 6 1
36 39 2
6 51 3
33 97 1
3 69 2
1 26 1
59 53 2
33 55 3
4 10 4
58 52 3
39 10 1
24 22 1
51 34 1
76 71 1
59 40 2
67 31 3
39 28 1
87 90 1
21 79 2
48 84 3
90 71 4
19 50 3
45 48 4
36 10 2
20 45 4
42 9 4
71 74 1
83 82 4
44 49 3
21 89 4
86 20 2
99 77 4
92 17 2
51 47 2
12 38 1
34 18 2
47 97 3
54 47 1
82 79 2
52 68 2
68 12 3
31 83 2
45 1 2
20 68 3
97 34 1
22 45 4
58 66 3
72 80 3
14 80 4
37 79 3
6 90 2
72 17 2
74 40 2
74 8 1
26 15 4
25 13 2
58 59 2
7 71 2
69 53 4
85 84 3
50 75 4
54 8 2
77 22 3
59 20 4
4 61 3
61 92 4
79 73 3
67 29 4
91 2 1
73 76 4
47 99 4
24 30 2
79 19 4
6 77 3
28 40 1
77 58 2
73 36 4
30 40 3
14 19 2
65 0 2
86 75 2
84 75 4
7 41 2
44 96 1
54 94 3
88 66 3
92 73 4
16 96 2
90 95 3
72 13 4
9 86 3
34 67 1
70 75 4
87 17 1
74 77 4
31 82 3
64 69 3
79 95 1
15 90 3
6 40 1
86 5 3
53 83 4
12 64 3
80 59 2
78 11 3
31 81 2
31 96 3
83 25 2
71 62 2
89 3 1
12 7 2
78 28 4
12 24 4
32 29 3
45 16 1
51 45 1
55 23 3
96 45 1
92 69 4
35 78 1
73 58 4
54 7 3
25 53 1
1 81 1
38 97 3
51 18 1
33 58 1
49 19 1
17 84 2
90 47 2
50 23 3
7 94 4
16 87 1
19 39 4
51 37 1
76 20 4
92 76 4
3 12 3
5 35 4
57 50 4
21 49 4
80 30 2
59 31 3
57 81 1
6 15 1
45 58 4
94 86 4
51 83 2
95 56 3
36 17 1
33 87 3
17 96 2
44 92 3
81 94 3
34 62 2
73 15 1
60 57 3
65 50 3
24 17 3
24 59 3
40 35 2
87 88 4
10 86 4
72 78 2
10 95 1
72 98 4
33 39 2
81 2 4
37 62 3
65 81 2
43 25 2
69 79 4
79 34 4
30 95 3
97 13 1
33 62 3
20 67 2
82 37 2
41 36 2
11 87 1
6 54 1
85 93 2
30 99 1
44 75 1
60 27 3
93 61 2
6 7 1
38 63 1
90 49 4
64 87 2
80 69 4
99 38 2
83 14 2
34 83 2
0 89 2
87 41 1
29 18 1
1 78 4
68 99 1
56 38 2
25 51 2
37 30 1
13 45 4
65 17 1
11 62 3
45 39 2
54 59 3
44 41 3
47 0 1
2 59 4
69 12 1
61 63 1
88 58 1
67 63 2
2 16 3
29 75 4
55 60 4
63 50 4
15 24 1
38 2 2
19 9 3
85 21 4
4 38 3
81 61 4
62 30 2
99 41 3
12 44 2
8 51 2
41 86 1
97 61 3
73 98 1
15 65 2
70 24 3
84 21 4
54 48 4
77 19 1
99 0 3
18 48 4
47 91 4
12 85 4
1 28 1
39 91 1
75 37 2
19 61 4
97 30 2
58 62 2
11 98 4
59 47 1
25 79 1
65 45 4
50 72 1
31 9 4
84 28 3
96 81 4
8 12 1
87 0 1
26 11 3
40 79 3
34 28 1
53 4 2
94 11 1
26 69 4
24 44 4
68 65 1
65 6 1
87 53 1
85 46 4
99 96 4
99 73 1
77 78 2
60 33 2
51 53 2
52 44 2
48 81 2
92 89 4
36 45 3
20 14 1
80 35 2
55 74 1
76 33 3
16 74 1
74 84 2
78 6 4
78 63 3
65 92 4
97 26 4
29 24 2
17 12 1
91 6 2
15 49 2
9 5 2
27 77 4
25 78 2
70 12 4
61 8 4
17 18 3
5 95 4
4 31 3
45 14 1
96 54 1
39 55 1
65 30 1
4 32 4
41 81 2
60 77 4
55 6 1
95 84 2
42 20 3
73 71 3
44 1 4
60 10 1
71 32 3
17 54 3
18 1 2
79 18 2
46 71 2
18 7 2
18 13 3
18 62 3
8 14 2
52 75 3
31 26 4
93 94 2
51 96 3
99 13 1
78 39 1
40 69 1
51 79 3
47 69 2
36 86 1
33 78 2
89 28 4
8 53 1
48 98 4
73 37 3
2 62 1
88 2 1
8 20 1
10 30 3
46 65 3
22 87 3
75 85 3
94 77 1
42 59 2
86 91 3
39 94 2
66 97 4
6 19 2
60 16 4
59 51 2
61 48 4
13 92 2
90 34 2
21 8 2
60 11 1
65 95 1
57 51 3
1 35 1
57 16 4
9 41 4
49 71 3
78 12 1
29 84 2
90 19 4
6 27 3
70 31 2
12 20 4
72 42 2
14 12 4
40 19 3
25 14 1
48 15 3
71 70 1
1 52 3
89 68 1
97 92 4
48 73 3
39 81 4
66 25 1
48 42 3
86 80 1
68 78 4
43 87 4
0 37 2
21 76 1
23 71 2
55 97 4
62 35 2
19 21 4
67 45 1
92 21 4
1 63 3
17 56 3
36 67 3
37 14 1
26 58 3
78 70 3
34 53 2
11 13 3
34 9 1
25 69 3
75 92 2
94 37 2
58 25 2
60 62 3
59 38 4
98 75 2
5 98 2
99 7 1
23 54 4
55 7 1
51 12 2
57 92 2
38 35 4
79 39 4
69 66 3
55 44 2
41 54 1
18 93 3
38 55 3
30 41 2
16 51 3
36 44 1
36 55 3
74 4 2
79 87 4
32 28 3
39 71 3
9 66 3
87 3 1
55 77 4
18 77 2
48 44 4
21 32 2
7 83 3
57 12 1
91 88 3
19 98 3
16 22 1
22 64 4
6 49 1
69 38 4
21 62 2
71 54 4
34 63 2
50 4 4
38 30 4
52 50 4
25 38 3
58 3 1
2 83 3
40 44 4
17 97 1
41 84 2
49 35 2
66 34 2
43 6 1
35 42 2
63 93 4
29 68 3
86 67 1
74 36 2
34 84 2
78 52 3
88 50 2
64 66 3
33 17 2
33 56 3
41 13 2
41 91 3
93 35 3
80 84 1
58 40 4
51 52 2
67 39 3
85 32 2
52 87 4
23 11 3
51 74 3
54 77 4
35 95 3
8 55 4
63 22 2
92 67 4
77 30 4
45 5 1
41 3 1
1 43 4
9 10 4
69 75 4
63 8 3
4 67 1
58 61 3
39 97 4
65 57 2
1 29 3
98 9 2
13 46 2
5 51 4
12 97 2
10 93 1
22 5 2
73 83 3
25 64 2
53 91 3
89 95 3
51 24 1
66 51 3
57 64 4
76 72 3
65 14 1
32 15 1
73 52 4
48 13 4
51 43 3
49 45 1
27 56 1
77 95 2
72 35 1
33 41 2
57 63 3
68 67 3
13 67 4
46 91 1
37 44 3
29 9 1
87 71 3
19 48 4
55 43 3
51 77 1
34 4 1
97 22 3
85 29 4
5 68 2
48 4 1
74 25 4
37 17 4
71 37 3
3 30 2
35 65 4
45 63 3
63 26 1
99 90 2
82 65 3
52 9 1
30 5 2
8 46 1
27 36 4
24 35 2
23 42 2
54 64 2
40 20 3
31 14 2
2 3 1
78 40 2
39 17 4
39 50 2
79 35 1
32 12 3
7 53 3
47 3 3
70 30 4
78 48 2
77 9 4
17 68 2
38 49 4
75 22 2
60 42 2
81 76 1
61 9 1
75 21 3
92 45 2
26 10 4
72 59 3
53 45 2
79 97 4
87 99 1
50 45 2
95 80 2
94 8 4
23 30 4
33 67 4
57 89 3
89 82 2
59 13 4
78 96 2
71 83 1
9 40 2
69 29 2
14 59 1
19 59 2
61 99 2
17 4 4
17 67 4
63 36 2
52 89 1
15 58 3
27 74 4
0 22 1
10 69 3
38 7 4
83 61 2
51 91 1
12 0 2
53 13 4
33 83 3
1 8 3
83 75 1
52 43 2
96 5 3
67 89 3
98 34 4
26 0 3
32 41 4
19 43 2
85 49 1
4 62 4
98 35 3
46 80 4
87 94 1
43 46 3
96 93 1
12 11 1
73 87 4
5 3 2
31 46 1
93 49 3
96 26 2
99 12 3
0 8 4
20 64 3
42 67 3
65 72 3
48 52 3
44 64 3
23 81 3
21 64 4
68 16 4
37 84 3
31 38 2
32 66 4
60 49 2
99 88 3
10 5 2
63 2 1
27 28 2
46 37 2
70 58 3
81 59 3
25 15 2
60 22 3
24 60 3
63 99 4
98 94 3
15 33 4
41 57 1
88 55 4
47 75 2
85 8 4
90 82 2
76 91 1
20 99 4
41 97 1
68 82 2
28 3 2
6 74 1
54 68 2
82 98 1
21 60 4
17 23 3
13 84 4
89 31 1
78 61 3
82 92 3
53 62 3
25 1 3
28 43 3
39 89 1
38 75 3
52 7 4
60 68 3
41 24 3
56 77 1
98 12 3
95 64 3
16 8 2
33 96 2
77 92 2
92 28 1
0 93 2
92 60 4
64 33 3
71 34 1
91 34 4
67 48 2
77 42 2
25 5 4
37 39 3
48 36 2
46 39 2
73 9 2
47 66 2
83 6 1
75 1 3
54 51 1
34 55 2
58 23 2
9 93 3
48 62 3
37 72 3
82 58 3
8 60 2
98 70 3
36 15 3
5 13 3
22 69 4
47 52 1
31 44 1
40 11 2
4 29 1
96 55 1
80 89 4
57 22 2
25 62 4
16 83 4
27 39 4
8 67 2
98 59 3
2 27 2
0 98 4
3 53 2
13 4 1
97 69 4
81 33 1
19 95 1
99 39 3
76 94 2
54 28 2
1 66 4
69 23 3
71 45 4
55 87 4
75 56 1
67 71 4
88 17 4
74 33 2
47 71 3
84 12 1
4 52 4
3 97 3
93 53 1
18 67 2
58 13 3
18 30 3
26 17 4
47 44 1
57 69 4
46 68 3
33 69 2
5 8 4
46 6 4
10 14 1
65 25 4
22 92 1
36 95 3
60 97 1
66 2 2
85 23 4
52 18 2
77 46 2
53 78 4
97 58 3
50 76 1
69 51 4
98 22 1
72 38 3
40 18 3
62 19 2
50 61 3
62 70 2
63 7 4
10 51 2
49 40 3
30 54 2
30 7 3
6 80 4
30 76 3
75 15 3
75 61 3
70 84 3
76 98 4
99 16 2
45 87 3
63 77 1
76 10 4
35 41 4
3 91 1
34 27 1
5 59 1
80 23 4
46 49 4
41 73 1
36 79 2
59 71 3
1 22 1
70 46 1
87 61 4
5 80 3
94 29 3
93 79 4
22 7 4
9 32 2
89 42 2
52 69 3
67 6 4
2 97 2
30 63 1
40 48 4
82 14 3
53 42 4
35 31 4
72 15 3
85 72 2
5 75 2
79 12 4
72 26 1
89 72 2
40 32 1
10 34 4
32 25 1
77 14 3
10 54 4
70 92 3
32 10 4
4 45 4
63 16 3
94 91 4
59 55 2
29 86 4
94 45 3
88 4 4
83 32 1
44 77 1
15 3 4
78 36 1
13 12 1
65 96 1
74 29 3
99 50 2
26 99 4
86 89 4
37 28 2
56 71 4
54 57 3
12 74 4
55 0 1
1 64 1
68 8 4
69 94 4
93 89 2
21 28 4
32 79 4
18 2 2
85 91 3
72 33 3
43 49 3
43 45 1
86 18 3
45 30 1
70 96 4
14 84 4
98 51 2
23 18 1
41 96 3
93 88 2
40 70 3
34 80 2
15 16 1
26 32 3
76 7 1
67 80 1
65 5 4
63 73 4
25 59 3
59 17 4
76 26 3
10 83 3
88 13 2
84 92 4
25 6 3
65 71 3
22 49 4
67 72 4
60 61 3
46 66 3
0 27 3
39 95 4
70 37 4
31 92 2
26 40 1
13 75 2
19 5 1
32 93 3
28 2 4
53 22 2
56 66 2
40 92 3
99 29 2
0 38 1
47 27 4
5 63 4
95 17 1
92 36 1
67 32 2
26 92 2
18 78 1
94 13 1
11 91 1
49 42 1
30 51 4
38 8 3
11 19 1
15 64 3
51 61 3
59 21 1
56 82 3
91 82 1
2 94 2
0 50 3
17 34 4
90 58 3
55 52 2
78 85 4
89 84 4
52 2 3
73 1 3
14 15 1
51 50 1
70 23 1
77 40 2
86 40 2
73 89 4
41 98 4
9 38 1
17 93 4
3 13 2
46 48 3
85 30 2
26 90 3
87 47 3
84 62 2
50 32 2
45 79 3
41 80 4
99 51 2
21 77 1
33 19 2
55 41 3
41 71 3
4 36 3
35 97 2
99 5 2
85 25 1
57 21 3
97 24 4
51 60 3
76 17 3
40 37 1
3 62 3
42 25 2
22 42 3
91 48 2
67 96 4
87 35 4
66 20 4
39 74 3
36 69 2
61 35 2
71 63 1
70 19 4
63 96 1
83 87 2
5 74 1
13 10 2
95 88 4
97 16 1
5 43 2
53 86 1
78 73 3
83 60 4
1 95 4
56 89 4
64 99 2
61 12 1
98 57 1
95 85 4
10 41 4
73 62 4
21 5 3
0 54 2
65 52 2
8 69 3
83 94 4
18 96 1
79 9 2
76 47 1
0 83 4
74 94 4
70 73 3
39 11 3
48 85 1
77 35 2
10 21 3
78 32 2
42 78 3
64 93 1
71 40 2
87 81 2
4 30 2
57 91 2
66 18 1
89 45 2
83 38 1
39 96 4
19 20 4
60 66 3
13 21 2
59 79 4
32 99 2
47 74 2
74 70 3
85 58 3
93 52 1
60 6 1
83 65 4
74 91 4
4 21 4
28 25 4
67 55 3
96 49 4
93 34 4
29 53 4
41 76 3
23 68 1
83 23 2
9 33 3
60 9 1
11 31 4
91 61 4
36 31 4
70 41 3
49 24 1
61 70 4
6 32 4
24 77 4
57 59 4
10 53 3
63 92 1
19 15 2
29 54 4
5 20 2
25 12 4
86 16 4
29 38 3
69 7 4
57 66 4
58 16 4
9 35 2
86 32 1
19 18 3
98 8 3
48 92 4
91 16 1
2 13 3
16 69 3
81 44 1
25 87 3
21 27 3
40 75 2
86 49 2
64 62 3
14 29 3
82 0 1
20 95 4
86 48 3
14 54 3
94 99 4
49 27 3
98 28 1
35 26 1
6 69 3
32 90 4
62 44 4
33 66 1
97 91 3
69 74 1
17 1 3
11 51 1
45 44 2
40 31 4
28 0 2
79 27 1
98 10 2
7 43 2
78 69 3
97 71 4
50 47 3
26 42 4
84 9 3
8 25 4
18 37 1
75 78 3
57 53 4
40 63 1
61 45 1
9 39 3
75 65 1
38 78 4
60 76 1
72 48 4
9 17 2
77 88 3
2 86 2
91 1 4
29 8 2
0 80 1
20 78 1
88 43 1
15 87 2
90 54 2
53 98 1
21 99 2
79 0 2
24 91 3
93 22 4
77 28 3
59 66 3
43 27 3
81 99 1
56 90 1
98 42 1
93 13 3
73 34 2
69 67 3
35 13 1
85 15 4
42 37 1
58 36 2
15 31 1
78 23 1
78 58 4
89 14 3
71 38 4
57 44 3
51 94 4
17 3 4
0 1 3
12 65 2
36 76 4
62 77 4
26 48 3
66 94 4
82 77 1
60 81 1
74 20 2
7 67 2
63 53 4
47 92 1
50 54 4
76 54 4
41 26 3
16 10 2
50 56 1
0 18 3
41 22 2
38 58 3
35 66 2
50 7 4
20 33 3
43 30 2
91 33 4
7 35 2
88 23 1
8 82 3
57 28 1
87 36 4
19 8 2
26 78 4
29 28 2
20 91 3
35 36 4
0 42 1
98 71 3
81 86 1
90 9 2
42 70 2
68 28 1
38 47 4
59 6 3
30 20 2
9 95 2
23 59 3
54 55 4
85 24 4
14 42 2
46 38 1
8 99 4
26 55 3
60 39 1
78 4 3
78 30 3
96 15 1
48 75 4
56 43 4
24 83 3
88 73 2
96 66 2
31 86 3
88 15 4
18 53 2
61 36 3
9 59 3
92 74 1
92 64 1
78 92 3
1 7 3
70 36 3
30 86 2
57 48 4
19 60 3
37 81 2
2 22 1
68 66 1
4 60 1
70 87 2
64 16 3
12 96 1
94 6 4
15 97 2
25 89 2
54 65 1
47 85 3
99 75 1
83 89 2
22 44 3
21 3 3
33 44 2
56 58 3
49 55 1
87 12 1
39 54 3
50 38 2
67 43 2
4 94 4
47 21 1
68 44 4
87 50 4
25 24 2
3 35 4
19 16 1
22 84 4
34 87 4
88 76 1
48 97 4
17 43 2
95 34 3
43 98 3
90 88 1
64 23 4
90 3 3
55 45 2
19 65 1
58 64 1
28 38 1
17 5 3
89 34 3
67 25 3
11 59 3
75 45 3
89 70 4
98 55 1
17 90 3
39 16 1
30 31 1
53 94 3
65 73 4
18 4 1
87 75 1
86 47 1
13 64 3
91 40 2
38 18 1
80 75 1
36 28 2
96 88 2
59 87 3
38 91 4
50 2 4
94 24 1
99 35 1
44 10 3
85 6 4
5 16 1
99 95 1
99 3 3
64 77 3
16 41 1
90 27 3
56 30 3
47 58 4
52 64 3
23 7 1
68 80 2
22 62 1
93 21 2
76 58 1
29 73 2
43 48 1
18 28 2
9 7 1
0 73 3
81 47 1
53 74 3
27 31 3
47 55 2
56 32 2
96 84 4
45 3 1
17 70 3
68 59 1
19 93 4
46 79 2
81 0 1
57 47 1
54 92 4
19 47 4
85 77 4
20 81 4
50 79 4
40 50 2
26 25 4
5 26 3
2 57 3
19 97 4
96 59 2
83 62 3
41 42 2
83 39 2
75 91 2
18 99 3
91 73 4
78 10 2
51 20 1
54 11 3
34 44 2
17 63 3
9 74 2
90 8 4
87 14 1
89 59 4
92 90 4
5 48 1
12 77 2
78 22 1
43 63 2
6 96 1
88 32 1
46 45 1
17 14 1
6 76 4
22 19 1
4 71 4
15 86 2
72 36 3
69 71 2
11 3 3
22 61 3
18 14 3
96 77 3
19 84 1
60 63 3
6 63 4
63 27 3
7 14 2
3 34 2
78 62 2
71 61 1
47 70 3
12 95 3
47 16 1
66 54 2
19 4 1
49 66 1
54 95 1
86 73 4
99 62 2
7 48 1
77 2 3
28 24 1
8 80 1
51 58 1
29 31 3
90 65 2
44 70 4
83 40 2
39 64 4
20 79 2
24 93 3
97 73 2
82 19 2
77 47 4
21 94 4
42 87 2
66 73 2
75 62 1
74 46 1
38 68 3
78 43 1
11 53 1
68 58 4
57 43 4
6 0 1
10 25 2
70 10 1
66 62 4
74 19 4
80 77 4
71 12 1
63 85 3
5 64 4
34 1 4
29 63 3
73 28 2
90 31 2
12 62 4
95 47 4
6 57 1
9 96 3
28 96 3
89 43 2
83 42 4
80 10 1
14 99 1
84 7 4
94 96 4
85 31 2
18 68 4
79 10 4
15 10 2
57 24 4
72 11 3
12 9 4
81 91 2
27 52 3
88 84 4
70 4 2
10 85 1
26 6 2
86 63 2
20 70 4
42 45 3
93 68 3
96 60 3
42 92 1
7 93 4
53 71 2
23 77 4
30 58 1
0 94 4
15 41 3
75 10 3
85 64 1
62 92 3
8 73 2
86 96 3
92 38 2
0 71 3
63 51 4
82 4 3
4 56 1
70 26 4
63 13 1
24 87 4
29 92 4
34 76 1
91 7 1
52 0 2
87 46 2
97 4 1
85 61 3
37 19 4
92 85 4
72 77 1
15 27 3
95 23 2
57 0 3
89 63 3
24 63 3
95 75 3
68 40 2
36 75 1
49 81 3
37 47 1
30 36 3
54 12 2
13 43 2
14 1 1
94 72 1
48 35 3
0 43 3
27 3 2
22 85 4
70 29 2
50 60 3
69 88 3
97 89 3
10 59 2
16 62 4
92 1 4
43 85 2
44 11 4
29 77 3
81 92 3
57 39 4
75 11 4
86 78 1
2 47 4
76 16 2
23 99 4
33 46 2
27 59 3
63 37 1
20 50 4
67 95 2
62 88 3
36 85 3
4 5 1
46 98 1
5 66 2
5 46 2
15 5 4
29 15 2
31 64 4
18 90 1
67 61 2
95 31 1
43 36 3
5 83 3
99 9 1
56 41 1
40 61 2
32 82 3
41 83 1
38 39 2
46 75 3
28 8 2
30 35 4
82 60 2
44 71 3
90 59 1
69 85 4
31 47 2
31 69 2
86 11 2
42 10 3
32 39 1
69 41 2
54 74 1
16 55 2
5 67 3
49 9 4
7 10 3
34 77 1
70 86 3
35 45 3
69 30 4
50 85 3
58 43 3
50 55 2
90 4 1
51 15 2
37 93 2
42 4 2
47 60 3
84 69 4
60 36 4
80 11 3
34 13 3
3 92 1
83 18 1
14 51 1
10 73 2
57 80 2
32 95 1
0 16 2
9 71 3
25 27 2
23 25 4
35 15 1
45 66 1
14 55 1
88 57 2
30 8 1
82 22 4
64 19 3
90 60 3
40 72 1
47 56 2
67 56 2
56 2 4
39 13 3
29 21 1
94 26 2
50 24 1
53 92 4
86 90 1
67 84 1
36 40 1
96 87 2
24 48 2
57 37 3
53 82 2
52 67 3
44 93 1
79 85 3
54 27 4
27 82 1
47 23 1
37 33 2
86 33 2
10 3 1
91 0 2
69 44 4
30 73 4
78 90 3
75 63 3
54 38 2
97 45 3
84 42 4
12 48 1
11 17 3
43 91 4
33 48 2
12 47 1
72 75 3
76 78 1
22 56 1
33 11 3
92 25 2
42 69 4
4 8 3
85 39 4
95 49 2
25 30 3
88 37 3
15 61 3
87 18 2
24 20 1
94 35 1
92 18 4
51 9 2
28 88 2
44 86 3
64 75 2
53 61 4
80 16 2
3 83 3
64 73 4
35 44 1
80 27 4
91 70 4
37 87 4
55 79 4
64 43 3
58 49 3
84 51 1
38 85 3
89 13 1
54 49 4
54 52 2
38 51 4
75 41 3
17 46 2
65 84 2
73 45 2
51 62 3
52 3 1
56 12 1
31 24 3
19 68 3
16 33 3
35 76 4
50 8 1
96 21 2
1 42 1
3 54 4
17 64 3
2 23 2
16 82 1
9 1 3
26 80 3
28 87 4
58 18 4
15 46 3
37 32 1
63 94 2
28 62 1
25 93 2
99 91 3
16 73 1
44 53 3
98 24 1
84 60 2
23 12 4
32 84 4
60 40 2
83 30 3
30 53 3
33 57 2
67 38 1
58 10 4
39 48 1
38 20 3
62 86 3
91 45 1
21 22 4
82 52 4
49 39 2
42 97 4
17 79 3
93 41 1
75 12 4
26 88 2
84 0 2
15 21 4
48 83 3
66 89 3
68 57 1
60 2 1
26 14 1
89 1 2
84 82 1
2 74 3
16 90 2
86 74 1
15 1 3
77 84 4
98 92 4
14 27 1
79 41 2
29 23 2
73 23 2
31 91 1
46 35 2
16 71 4
96 10 1
31 63 3
1 79 1
42 74 3
89 10 3
49 70 1
18 54 4
70 63 1
67 26 2
14 39 3
13 49 1
35 2 1
46 93 2
68 34 4
55 86 1
63 23 4
32 91 4
96 3 1
98 44 1
44 74 1
44 16 4
30 47 2
64 8 2
47 35 2
75 19 1
8 58 1
4 58 2
23 24 3
77 38 4
5 52 3
59 48 3
48 37 4
83 29 4
79 42 2
32 96 1
46 81 4
44 27 2
45 37 1
5 12 4
32 64 2
92 39 4
73 19 2
77 98 1
16 61 4
96 82 3
98 91 3
61 98 4
31 61 3
33 40 2
36 49 3
72 18 2
73 75 4
79 6 3
34 5 4
25 40 2
10 29 3
8 81 2
94 44 2
54 67 1
6 39 3
60 71 4
57 3 4
63 98 4
35 90 4
3 55 4
61 90 1
94 10 2
29 96 4
38 66 3
64 86 1
33 77 2
0 66 1
46 51 2
80 64 2
9 57 2
20 9 3
78 3 1
95 55 3
1 99 1
83 36 4
72 5 3
16 23 3
31 50 4
35 39 4
19 92 4
13 95 3
74 49 3
76 89 1
95 59 4
92 58 1
18 16 1
35 83 2
50 95 4
88 5 2
58 6 3
91 30 3
19 2 4
73 46 3
95 48 2
50 46 3
5 97 2
70 94 2
75 17 4
36 5 4
26 85 4
91 55 2
82 76 2
88 19 2
73 59 3
49 94 3
74 57 3
10 67 4
91 27 1
69 14 1
22 6 1
99 71 3
93 98 4
73 31 2
4 40 1
64 41 1
82 10 4
72 93 4
99 70 2
17 48 2
73 32 1
66 65 2
45 33 2
77 45 3
1 74 4
52 13 1
18 47 4
90 84 4
25 52 4
63 74 3
34 30 3
30 33 4
88 59 4
43 70 3
83 97 4
9 46 1
67 50 1
49 47 2
26 73 4
6 29 1
83 86 3
64 53 1
38 24 3
81 35 2
37 97 1
91 13 1
77 59 2
72 69 4
98 87 1
26 46 2
88 78 3
85 76 3
86 98 4
9 30 1
46 18 2
60 69 1
59 50 1
10 65 3
50 89 4
3 43 4
52 94 4
1 6 2
13 86 4
52 77 4
84 78 2
18 69 1
84 24 1
52 46 2
22 3 2
31 66 1
20 75 3
61 44 1
8 17 2
5 58 4
97 99 4
89 51 3
35 34 1
57 76 3
90 73 2
21 73 3
8 91 3
60 3 2
31 34 3
62 47 1
3 68 1
54 22 4
83 99 1
32 14 1
50 98 2
72 4 2
30 1 1
72 60 4
83 92 1
5 0 4
16 31 1
68 98 1
99 46 1
12 82 2
26 68 4
29 25 2
51 95 4
68 77 4
69 98 2
36 77 1
80 74 3
3 84 4
73 47 2
72 39 1
65 51 3
37 67 4
47 1 1
40 56 1
81 43 4
85 67 1
65 4 3
31 53 4
63 32 4
24 54 2
12 28 4
67 2 4
66 12 1
90 14 1
5 49 2
94 5 1
45 88 3
90 48 4
31 77 1
69 27 2
33 28 1
72 91 1
79 70 3
33 90 1
58 24 3
38 5 4
59 70 2
69 2 4
91 59 2
33 47 2
50 27 1
99 54 3
34 75 3
20 69 2
49 18 1
86 0 1
49 4 3
85 80 3
37 91 1
34 56 3
78 5 4
3 67 1
46 30 3
0 31 2
98 81 2
82 94 3
68 1 4
5 92 3
76 74 2
35 0 4
34 38 1
71 5 3
38 98 1
92 91 3
74 37 2
6 84 3
25 81 2
66 39 1
27 29 4
24 33 2
83 19 1
7 59 4
42 63 3
36 2 1
36 54 1
31 79 4
47 89 4
4 81 2
5 61 2
80 39 3
8 95 4
21 50 4
12 37 3
74 31 3
38 90 3
40 34 4
27 8 1
33 79 4
26 49 1
96 97 2
31 97 4
11 88 3
86 68 4
60 41 3
95 78 1
22 37 1
11 1 3
65 43 4
19 45 3
16 95 3
94 15 4
42 33 2
88 82 2
6 62 3
63 80 4
46 29 2
69 46 2
10 0 4
46 82 4
93 40 3
53 75 3
1 61 1
31 3 2
64 70 4
80 15 3
35 60 3
23 36 4
59 64 1
63 28 3
56 79 4
50 78 3
94 36 2
35 22 1
29 64 3
32 24 2
88 60 4
81 52 2
62 85 2
44 80 2
99 34 2
67 16 4
35 6 3
85 65 4
71 11 4
89 88 2
7 45 3
33 75 1
22 38 2
37 26 4
48 94 4
1 72 2
6 38 1
26 19 1
26 61 3
56 72 2
1 32 2
69 1 3
92 87 2
53 85 4
64 4 1
16 26 4
68 56 3
17 69 3
16 72 2
36 66 4
65 63 1
1 56 4
33 49 3
0 96 4
0 53 3
2 31 3
79 24 3
22 70 3
68 32 4
30 27 3
94 31 2
93 78 3
34 72 2
27 64 4
15 39 4
35 75 3
13 68 1
10 2 2
60 80 2
51 23 1
24 99 1
71 92 4
96 50 1
54 63 2
8 62 1
93 60 1
94 92 2
87 69 2
12 83 2
65 64 2
99 22 2
58 71 1
85 13 4
95 7 3
33 29 1
39 26 4
5 37 4
24 47 4
76 62 3
96 83 4
30 57 3
35 58 3
15 74 3
9 43 3
63 72 2
11 66 2
47 78 3
3 74 2
33 1 4
52 40 4
35 59 2
83 90 4
53 52 2
0 14 3
12 39 2
7 60 4
94 50 4
21 51 3
24 11 2
19 87 4
26 59 2
6 98 1
88 30 1
76 99 3
69 70 2
75 28 2
10 55 1
70 2 3
78 34 2
49 37 2
29 60 4
21 37 2
66 50 4
18 75 4
13 30 4
29 26 1
6 33 4
47 46 3
55 29 2
17 73 1
47 7 2
23 43 3
26 4 2
38 89 4
31 49 4
2 89 4
64 10 2
93 15 3
52 16 3
42 52 4
22 12 1
86 38 2
75 42 3
81 12 2
75 71 1
11 68 2
24 36 3
13 44 3
9 83 4
52 39 1
71 52 2
72 61 1
75 66 3
7 4 2
1 87 2
83 58 1
10 88 4
18 3 3
27 83 3
80 96 1
62 1 1
21 48 3
23 35 4
53 39 1
77 49 3
76 38 1
72 58 4
45 85 4
53 49 2
16 46 4
47 42 1
58 11 1
7 51 4
30 19 2
67 59 2
27 45 4
36 68 1
45 90 1
76 56 4
32 35 4
57 52 3
69 83 1
44 50 2
7 49 2
28 79 2
83 80 4
63 14 1
50 6 3
18 27 4
22 58 1
39 7 2
34 22 2
74 14 1
81 6 4
84 23 1
96 1 2
40 12 1
83 72 3
67 93 3
19 13 4
92 6 2
11 48 4
48 49 3
93 75 2
61 43 4
76 12 4
58 74 3
70 3 4
62 65 2
0 24 1
79 67 2
3 16 2
72 64 4
82 49 2
32 89 3
17 19 2
92 30 3
37 31 2
87 13 1
79 88 4
93 74 2
16 36 3
27 61 2
9 48 1
79 38 1
67 97 1
3 7 3
57 86 4
79 15 2
86 77 4
28 52 1
32 53 4
23 44 2
25 88 1
66 63 4
96 48 3
62 29 4
62 95 1
58 96 4
17 66 1
59 43 3
90 63 2
95 52 1
60 1 4
44 42 2
48 56 1
27 51 3
45 57 1
32 43 4
75 77 3
17 7 1
80 62 4
90 81 1
44 0 4
48 34 2
27 53 4
67 41 3
71 77 4
34 81 2
39 30 1
98 58 1
92 86 3
82 47 3
24 6 1
97 53 3
17 47 3
0 61 1
39 40 3
38 17 3
46 78 4
52 49 2
18 85 2
10 6 3
33 63 4
24 81 3
94 27 4
10 77 1
86 8 1
6 71 3
81 55 2
26 27 3
8 72 3
38 84 2
17 71 2
43 12 3
25 49 2
39 21 1
36 6 2
22 66 4
5 55 1
89 71 1
0 34 4
8 56 1
36 29 3
18 35 3
90 68 2
85 19 2
57 42 3
50 86 4
92 55 3
58 32 2
1 24 1
13 37 2
48 87 4
28 70 2
25 31 2
81 17 4
98 83 2
40 47 2
58 27 1
94 47 2
5 69 4
78 99 2
54 79 4
82 48 4
97 77 2
86 95 4
14 35 3
95 53 4
51 44 4
55 63 2
28 58 1
61 79 4
0 69 2
91 23 1
93 2 2
99 55 2
84 64 3
79 22 2
73 44 2
5 42 4
37 10 2
0 90 1
55 28 2
60 53 2
34 33 3
37 65 3
8 65 3
97 27 2
63 35 4
73 57 3
10 48 4
74 65 1
68 41 2
0 36 4
21 66 3
27 67 1
53 46 1
7 66 2
29 80 3
85 42 2
21 54 1
30 89 3
91 21 3
64 14 1
7 97 2
89 91 3
63 21 1
52 74 1
95 60 3
47 4 1
21 56 3
82 24 4
23 94 4
76 83 3
46 36 1
89 44 3
10 35 2
29 11 4
94 18 3
76 28 3
79 14 1
83 70 1
99 2 3
77 87 4
76 23 2
33 31 3
60 98 3
74 48 2
96 38 2
25 97 4
85 86 4
28 30 3
40 90 2
92 43 1
16 14 1
71 79 4
57 72 3
67 73 4
60 79 1
2 40 2
30 82 1
89 85 3
38 27 2
52 15 3
1 77 4
46 23 2
94 56 4
4 93 3
33 22 2
54 34 1
75 82 2
45 56 2
72 0 4
82 85 4
39 76 4
62 5 4
70 9 3
29 48 1
81 68 1
15 60 3
60 20 4
19 56 3
80 78 2
24 2 4
96 53 3
87 38 2
20 61 4
35 51 4
2 11 4
68 62 2
65 22 2
96 62 1
85 44 2
78 82 3
26 8 2
54 72 4
4 37 4
14 40 2
55 56 3
72 90 1
99 42 2
5 31 4
85 56 3
36 38 1
0 19 2
27 40 1
30 90 1
11 30 4
50 49 4
40 21 1
35 16 3
49 23 4
62 41 1
30 52 4
72 43 1
43 77 4
93 50 3
31 93 3
11 83 4
89 36 1
83 63 3
45 23 3
10 23 2
43 62 2
84 4 3
37 54 2
4 41 4
99 28 1
8 71 2
45 78 2
47 96 2
7 88 4
67 49 4
52 61 2
30 81 4
1 49 1
68 30 3
83 47 2
99 89 4
43 39 2
72 52 1
76 66 1
55 58 4
16 88 3
52 6 2
9 15 1
19 72 4
88 54 1
89 94 3
97 84 3
20 92 3
82 9 4
20 1 2
73 81 3
61 13 4
81 88 3
42 31 3
34 25 4
27 13 2
75 89 2
4 43 2
66 71 1
72 28 3
13 23 1
0 56 3
51 36 4
17 15 3
3 1 4
42 58 2
17 45 1
54 16 1
32 77 4
97 76 4
46 67 2
29 47 1
1 53 3
82 55 2
29 42 3
86 34 3
14 56 4
94 84 1
12 42 2
99 86 4
24 26 3
87 85 2
72 82 4
5 44 2
24 56 3
50 83 4
12 91 2
85 35 3
28 60 4
26 34 2
44 88 3
31 52 4
57 49 2
6 20 1
12 90 1
34 39 4
6 99 3
65 60 3
21 34 3
29 89 3
29 97 1
75 14 2
15 12 2
39 2 3
88 40 2
82 87 4
28 85 2
1 27 3
99 58 4
30 22 4
27 73 2
52 66 3
78 0 3
75 31 2
11 47 4
48 55 2
18 45 3
74 72 3
58 41 4
9 25 2
8 33 3
72 68 4
56 51 4
92 96 1
1 50 1
66 24 4
62 67 4
84 10 2
33 43 2
72 9 2
56 26 2
82 99 2
34 74 1
80 58 1
71 91 4
40 99 4
67 14 4
71 82 1
3 56 2
20 13 3
13 8 2
70 72 4
20 96 4
81 42 3
32 2 1
44 43 3
51 70 3
38 74 2
32 76 1
55 21 3
23 4 3
17 40 4
70 97 3
41 40 2
46 41 2
39 61 1
40 82 3
41 45 2
4 57 2
92 49 2
73 72 2
28 45 3
4 96 4
5 28 4
86 12 2
67 12 3
10 87 3
44 46 3
21 86 1
73 96 4
21 41 3
26 65 3
97 94 1
9 22 2
5 81 4
18 15 3
45 47 3
95 24 4
25 54 4
54 58 2
34 50 4
74 96 4
14 81 1
79 11 3
9 81 3
59 99 4
32 11 4
22 15 3
53 35 4
42 28 4
57 32 3
32 48 2
80 45 1
7 80 1
79 49 3
52 59 2
95 4 3
33 61 2
37 16 4
14 43 4
12 4 4
3 86 2
58 39 1
7 87 1
26 98 3
90 11 4
80 9 1
93 80 1
44 25 4
84 76 2
40 45 3
9 13 2
34 7 3
96 69 4
49 29 2
16 34 1
61 57 4
58 57 4
65 32 4
94 59 1
6 70 3
62 94 2
38 32 2
71 72 3
41 31 4
79 3 3
55 66 3
84 55 2
27 7 1
15 20 4
7 73 4
22 27 3
2 29 1
84 47 4
40 46 4
5 50 3
87 95 1
49 98 1
95 25 4
72 44 3
76 19 1
38 41 2
92 8 1
7 28 4
62 40 3
1 70 1
74 81 2
88 92 3
68 70 1
37 86 3
20 84 3
19 55 4
83 56 3
53 23 1
15 78 1
82 15 3
74 45 2
34 69 2
22 72 3
80 4 2
61 17 4
70 39 2
45 6 1
41 2 1
17 94 3
15 68 3
77 73 4
76 31 2
44 99 4
62 89 3
52 92 3
79 44 1
66 6 2
35 54 1
11 76 3
66 78 4
83 84 1
55 78 2
14 23 2
60 75 4
89 11 1
73 95 1
16 43 1
61 73 3
92 35 1
57 27 4
64 55 3
77 17 3
36 84 4
20 32 2
87 89 1
51 78 4
82 25 2
84 25 2
14 95 3
63 49 2
3 36 4
86 82 4
44 19 1
35 64 2
66 74 2
77 69 2
56 46 4
27 92 3
38 14 2
16 4 4
98 78 4
98 62 4
17 50 2
29 51 1
38 23 3
89 78 1
94 12 3
2 79 1
7 79 1
37 78 4
72 55 1
69 65 3
2 80 1
3 80 4
63 97 1
11 43 2
19 69 4
83 4 2
71 27 1
58 7 1
6 95 1
8 57 4
99 80 3
77 15 3
52 33 3
32 49 1
83 44 4
65 59 1
72 12 2
81 89 1
85 74 1
67 81 4
28 74 3
32 36 4
40 7 2
1 13 2
45 52 3
99 31 4
44 58 2
52 36 4
18 43 4
94 71 1
94 16 2
18 50 1
41 20 2
77 11 2
13 60 4
73 94 4
28 83 2
82 11 1
4 33 1
66 19 3
7 2 1
25 18 3
71 3 1
73 82 4
42 39 1
13 66 4
83 81 1
59 86 3
80 82 1
73 53 4
90 21 4
10 17 3
16 93 4
8 79 3
45 99 4
23 9 1
61 55 2
28 90 3
59 16 4
25 21 2
57 26 3
6 14 4
46 34 1
39 90 2
74 26 3
54 98 3
32 7 3
45 86 2
37 96 4
90 36 1
15 69 2
49 87 4
61 80 4
52 86 4
84 61 2
71 24 3
17 99 2
69 32 1
14 3 2
69 62 1
37 85 3
76 0 4
51 85 3
83 45 3
20 29 2
53 89 4
56 10 3
19 67 4
79 92 3
41 49 3
80 91 1
3 61 1
71 13 1
59 22 1
79 57 3
69 73 1
16 81 2
50 92 4
84 15 3
91 84 4
81 85 2
81 71 3
97 95 1
96 64 3
31 56 3
47 10 3
21 68 2
20 3 1
84 56 3
58 21 2
15 34 1
16 29 3
91 78 2
31 88 3
73 24 3
62 45 2
71 1 4
19 86 4
89 65 2
40 53 1
86 22 3
27 75 1
38 42 3
95 91 3
54 56 3
39 47 2
77 7 3
62 0 4
52 88 2
69 45 3
18 31 1
62 26 1
94 28 2
64 68 3
57 14 3
24 88 1
38 61 4
59 29 2
50 68 3
52 56 1
66 72 2
71 68 4
72 29 4
25 33 2
76 2 3
97 44 2
79 63 1
24 69 4
23 22 4
7 29 2
28 65 1
92 11 4
8 40 2
28 35 4
57 13 2
96 23 3
50 70 4
67 77 1
59 84 3
14 50 4
55 27 4
42 76 1
62 38 3
62 81 1
43 29 2
0 58 2
63 19 3
17 60 3
58 94 2
98 23 2
81 11 4
93 11 4
76 77 1
2 72 4
92 72 2
28 10 3
46 1 4
97 74 3
43 10 3
7 98 2
35 12 4
7 11 3
48 66 2
89 55 4
80 48 2
2 14 1
43 84 2
76 9 2
70 21 3
23 41 4
88 8 3
57 67 1
47 34 2
30 55 2
31 17 3
90 7 4
45 68 3
22 17 2
32 54 4
6 41 2
84 66 1
76 59 1
73 40 3
68 37 2
33 71 1
38 26 4
40 81 1
53 20 2
69 76 3
44 29 3
56 42 3
86 71 2
40 3 2
88 18 1
3 76 2
89 58 4
57 18 2
82 97 1
8 84 3
83 26 2
80 25 1
6 17 3
47 63 4
14 76 1
16 56 4
0 68 3
79 96 4
90 62 3
94 20 4
1 65 1
73 49 3
3 33 1
23 1 1
14 93 3
8 15 4
10 72 3
21 52 3
66 82 4
56 62 4
29 40 1
41 11 3
64 61 4
61 42 4
9 55 3
3 48 1
64 76 3
89 74 1
33 13 3
63 41 4
21 46 1
86 65 3
16 42 3
67 88 3
91 36 3
93 59 4
70 18 2
0 48 2
65 77 2
41 17 4
40 84 4
38 43 4
18 63 1
44 8 1
4 73 1
14 73 1
73 33 3
37 80 3
13 76 2
48 51 3
96 68 3
13 81 4
50 97 4
9 11 1
2 68 2
58 2 4
24 78 3
67 22 2
44 54 2
50 69 3
51 0 4
31 51 4
79 4 4
10 46 3
5 41 3
40 10 4
86 4 4
53 80 4
33 93 3
89 96 1
29 90 3
12 34 4
2 78 4
66 41 4
70 15 3
9 2 1
13 55 1
67 1 1
44 95 3
78 67 2
93 87 3
95 40 4
83 15 1
98 36 2
76 67 4
98 16 4
59 75 4
60 26 1
35 25 4
40 24 2
20 36 1
19 94 4
74 62 1
27 72 3
53 48 2
36 82 1
15 45 4
6 42 3
39 69 4
62 24 1
13 42 3
44 87 4
88 29 2
2 98 2
35 71 2
97 0 1
91 60 3
11 96 3
27 24 3
25 11 1
83 95 4
97 23 4
32 72 4
76 27 3
64 11 1
69 93 1
28 26 3
29 61 2
27 46 2
90 69 3
72 45 2
34 57 3
89 79 2
98 37 2
21 67 3
69 54 1
62 52 1
56 36 3
92 23 4
86 60 4
23 86 4
87 4 2
28 71 1
55 4 2
58 75 4
26 87 2
33 98 1
71 51 2
96 46 3
64 91 2
24 67 2
37 43 1
28 50 2
75 43 1
74 83 3
76 22 3
54 84 3
30 75 4
42 62 4
27 84 1
6 34 1
34 19 3
68 51 1
39 63 4
4 9 3
51 32 1
81 56 2
45 24 3
18 55 4
11 67 4
23 90 4
94 33 2
98 85 4
9 0 2
11 21 4
7 81 1
84 52 1
32 61 4
60 70 2
85 99 2
59 49 2
38 81 1
81 53 4
25 22 2
67 90 4
35 69 3
6 37 3
65 42 3
26 44 4
8 10 2
51 92 3
68 94 4
88 42 3
39 62 3
72 51 2
72 6 2
49 65 4
59 46 1
20 23 4
37 34 4
0 25 1
26 12 1
78 74 2
56 37 4
72 79 1
35 17 3
79 68 3
90 41 1
91 79 3
66 90 3
88 35 2
31 8 2
2 26 1
43 53 3
36 93 4
54 45 2
92 93 3
50 42 4
86 66 2
58 69 3
9 64 4
84 53 3
45 98 4
83 13 1
55 76 4
96 56 4
39 73 4
36 37 3
68 53 1
53 36 1
90 70 1
2 5 3
26 43 4
55 62 4
80 87 4
20 72 2
93 55 4
39 77 2
1 86 4
49 51 1
88 65 1
68 48 1
86 54 4
38 33 1
63 4 4
16 66 1
93 48 4
26 51 3
11 5 2
84 73 1
6 68 2
63 59 2
59 1 2
48 99 1
20 35 4
4 69 4
36 81 2
88 0 3
62 59 3
76 44 4
85 83 1
54 80 4
95 27 4
37 52 2
40 38 1
53 5 4
9 27 2
79 26 1
34 20 1
66 67 1
25 56 2
86 14 4
16 21 4
81 10 3
17 89 3
70 76 4
66 99 2
95 45 1
96 8 3
42 40 4
91 4 1
76 75 2
64 38 1
37 38 2
22 46 3
67 64 1
89 12 2
8 42 4
21 0 4
47 14 4
57 7 2
91 22 3
1 82 4
16 50 1
56 6 2
73 68 1
26 86 3
76 45 2
90 25 4
21 17 4
35 84 2
44 65 2
3 25 1
14 61 4
29 19 3
70 27 4
93 99 2
23 67 4
23 39 1
79 53 2
93 27 2
86 58 4
30 21 1
23 31 3
11 49 4
17 52 3
73 55 2
11 70 4
12 63 3
37 69 4
89 19 3
98 80 3
97 65 3
51 64 4
98 1 4
96 72 4
55 37 3
32 18 3
65 23 3
24 72 3
63 81 4
88 46 1
87 39 4
33 26 1
3 26 2
78 65 1
36 80 4
66 53 2
87 67 4
24 68 2
83 67 3
25 46 1
55 57 3
43 99 2
96 57 2
20 89 2
49 10 1
53 67 4
25 86 3
30 59 4
79 65 2
88 41 4
52 11 4
6 48 2
43 35 2
32 52 1
33 95 4
25 55 4
85 71 1
88 36 3
14 58 2
3 73 1
25 45 4
30 93 3
80 51 2
31 21 1
54 40 2
70 45 1
33 14 3
7 16 1
74 30 3
33 84 4
27 37 1
61 25 1
99 72 3
91 5 4
64 63 1
66 23 1
34 41 1
55 42 2
18 26 4
27 68 1
6 75 1
27 87 1
79 30 1
49 64 2
93 82 3
71 2 2
90 13 4
36 22 3
13 74 2
90 93 4
81 97 3
76 68 4
57 40 2
67 9 4
74 75 3
77 91 4
40 94 2
53 76 3
39 1 3
90 5 1
87 54 2
1 97 2
95 72 1
50 30 2
45 82 4
84 30 3
31 28 4
58 19 2
71 15 2
29 76 2
9 68 3
49 76 4
65 98 4
34 85 4
91 56 4
62 7 1
42 34 4
83 49 1
48 41 1
54 60 3
29 17 3
81 69 2
93 54 3
84 63 3
88 63 2
78 87 3
4 54 4
80 76 1
56 18 1
16 92 4
55 17 3
30 32 4
16 9 1
57 31 3
8 49 1
89 54 1
94 80 1
97 40 3
69 86 1
16 17 1
19 46 4
51 28 4
56 5 3
67 30 4
15 53 2
58 46 1
26 30 4
14 4 1
4 27 4
86 42 3
2 73 3
32 74 1
46 42 1
71 57 1
98 79 2
51 2 4
20 10 1
82 44 2
15 66 2
10 63 4
91 28 1
38 65 1
39 59 4
54 42 4
28 15 4
71 43 3
18 42 4
69 28 4
7 8 3
57 20 3
85 0 2
48 23 4
20 65 4
30 64 4
80 66 2
53 88 2
82 3 1
14 41 4
46 95 1
43 83 4
26 71 1
1 83 3
80 19 2
20 49 4
64 50 2
84 71 2
9 89 1
0 17 2
69 99 2
88 71 3
97 11 1
24 76 4
20 71 3
40 66 1
13 47 3
33 21 2
39 82 2
47 93 3
54 83 3
50 80 1
88 27 3
64 34 1
85 60 4
84 16 3
55 80 1
69 63 1
56 9 2
74 41 1
82 21 4
76 93 3
30 87 4
10 61 4
57 94 3
35 50 3
29 71 1
98 95 4
1 54 3
98 84 1
62 15 2
7 33 1
41 52 3
66 81 1
90 64 3
82 13 1
3 44 1
40 0 3
15 76 4
69 21 2
38 3 4
63 20 4
42 80 1
90 57 4
30 0 1
45 32 4
61 96 4
89 15 1
36 25 2
33 12 4
57 1 4
93 42 1
93 39 4
93 91 1
76 25 1
0 63 2
31 19 4
39 8 4
54 5 3
28 81 3
93 65 1
8 97 4
23 28 2
87 57 2
6 73 1
77 20 2
67 94 3
64 88 3
54 31 4
82 64 2
98 97 1
69 68 2
68 87 3
21 14 1
15 37 4
74 82 2
57 46 2
96 42 2
27 35 4
11 73 2
37 9 3
34 11 4
34 60 4
55 53 4
7 74 2
53 58 1
7 46 4
57 93 3
4 44 3
22 10 4
98 14 3
77 83 1
92 66 4
89 90 1
69 89 3
63 11 3
22 96 1
35 55 2
39 24 1
13 0 3
5 57 2
87 97 1
53 6 3
96 91 4
94 79 4
20 46 4
85 27 3
17 57 2
51 19 1
88 38 4
22 48 1
42 71 2
83 88 4
65 58 2
13 73 3
18 11 1
32 60 1
21 83 4
74 67 4
94 55 1
22 51 3
96 27 4
16 38 1
29 52 2
90 20 3
37 95 4
5 27 1
92 37 3
15 98 1
73 5 1
84 39 3
59 3 1
72 7 3
27 98 3
5 24 2
55 12 4
75 26 3
88 6 3
90 75 3
5 89 4
6 16 1
19 25 2
4 98 2
28 59 3
75 57 3
19 28 2
50 77 2
22 73 3
76 1 4
65 94 3
18 21 1
3 66 2
48 8 3
88 86 3
91 67 1
32 98 4
78 29 3
65 47 2
24 13 1
26 36 1
91 63 3
55 11 3
91 17 1
80 52 1
49 30 3
70 65 4
80 73 1
70 38 4
78 16 2
22 55 2
9 6 2
86 51 3
57 23 3
16 70 4
28 86 4
91 52 2
47 32 1
33 32 3
99 4 3
70 56 1
13 14 2
77 89 4
33 5 3
58 12 4
3 46 2
48 77 2
97 21 3
29 12 1
28 53 2
1 84 3
58 20 4
61 2 2
20 27 4
26 95 1
38 57 2
44 63 1
48 63 3
63 46 3
38 10 3
33 50 2
25 2 2
61 30 4
35 11 2
46 32 1
1 4 2
79 47 2
29 50 2
64 0 1
50 10 2
11 61 2
3 65 4
59 44 1
97 90 1
78 9 3
19 99 2
73 38 3
81 51 4
38 13 2
12 92 1
21 1 1
22 94 1
70 5 4
47 53 3
53 90 1
74 68 4
52 14 3
41 28 1
19 52 3
30 16 2
21 9 4
9 50 4
74 21 1
87 2 4
77 13 3
31 45 4
90 51 1
66 29 2
96 95 2
89 37 2
29 98 4
97 59 1
55 32 2
65 27 2
3 64 1
10 45 4
51 55 1
4 85 2
39 3 4
79 90 2
28 82 2
90 2 4
90 1 4
91 29 2
50 36 4
93 73 3
95 38 4
2 12 4
17 25 1
27 99 3
13 26 3
68 47 2
2 44 4
51 73 1
75 55 3
81 93 3
13 96 3
73 74 3
10 11 1
57 84 2
84 45 2
64 47 1
48 16 4
2 21 1
19 96 3
17 32 4
61 37 3
94 34 1
86 24 4
8 89 2
2 37 1
40 55 1
43 42 3
49 75 2
24 10 1
93 20 4
48 38 2
50 26 2
64 79 2
59 74 2
71 30 1
92 4 2
66 77 4
0 67 4
62 10 2
68 63 3
49 78 2
71 48 1
78 19 1
2 17 2
87 6 1
44 6 2
98 25 4
61 18 1
8 2 1
19 42 1
2 1 3
14 78 3
91 10 3
54 61 1
60 78 2
56 11 3
37 24 4
82 2 4
64 36 1
34 61 4
89 22 3
83 46 3
23 60 4
15 42 4
29 3 3
5 32 4
97 46 1
21 26 3
18 59 1
41 43 3
28 6 4
20 31 2
92 68 1
94 41 4
62 61 2
93 77 4
59 85 1
32 13 3
64 2 4
94 30 4
54 13 3
97 57 1
38 15 4
48 79 3
65 91 2
69 48 3
21 12 2
19 1 2
27 78 3
76 18 2
22 26 2
23 27 2
31 55 2
26 20 4
60 12 1
87 60 2
88 47 4
18 82 3
29 13 1
72 49 3
31 13 1
46 24 2
95 42 4
72 3 2
95 57 3
34 92 2
96 40 2
53 37 3
23 75 1
18 9 4
41 59 2
1 40 4
53 54 4
6 47 4
53 38 3
52 98 2
17 53 1
22 83 1
70 80 1
87 56 2
32 0 1
3 93 2
32 31 2
46 4 2
80 18 4
36 96 4
57 56 1
86 84 2
1 36 1
45 38 2
39 75 4
63 62 4
33 85 3
87 32 1
84 50 2
62 87 1
86 79 1
90 80 2
11 74 4
94 75 2
52 96 4
52 34 2
22 13 1
68 39 4
9 3 4
0 7 3
12 52 3
60 74 2
43 93 2
81 22 4
21 45 1
4 3 3
31 58 3
82 17 3
45 2 1
55 83 3
77 41 2
82 41 3
88 12 4
23 5 2
90 91 3
9 75 4
23 15 3
21 61 2
41 85 3
0 95 1
21 35 2
54 91 3
70 93 3
13 51 3
81 95 4
36 97 2
10 27 1
60 94 4
13 78 3
65 9 1
98 21 3
24 64 4
14 97 4
66 43 1
68 95 3
42 66 2
92 7 4
31 6 3
17 58 4
43 86 2
21 53 3
36 71 1
65 29 4
43 94 2
52 8 2
74 22 3
83 68 1
70 88 2
76 43 2
94 64 3
57 99 2
2 75 3
19 41 1
24 53 2
60 99 3
32 59 1
22 14 4
76 87 3
27 41 3
96 71 4
95 93 1
86 61 1
48 14 2
29 35 2
14 28 3
9 92 2
98 74 2
41 29 4
28 49 4
40 64 4
55 90 4
51 40 2
54 26 3
37 41 1
43 15 2
22 40 4
24 4 4
97 88 3
50 12 4
12 59 4
79 52 2
37 11 2
48 20 2
94 25 1
2 85 2
52 97 1
1 31 2
20 98 4
87 40 4
85 55 3
66 93 4
81 29 2
96 24 2
39 5 3
15 81 4
76 8 1
1 10 2
8 36 3
9 44 1
22 80 2
31 98 2
80 97 2
1 94 3
18 22 2
85 96 3
17 85 1
58 63 4
99 53 3
75 68 1
70 52 1
94 3 2
15 11 2
0 46 2
56 86 3
43 79 1
74 64 1
0 3 3
47 8 2
71 10 2
67 99 3
19 32 1
0 29 4
31 84 3
35 19 1
53 50 2
54 46 2
50 90 2
34 2 1
98 99 1
38 60 3
71 50 4
68 35 2
40 67 3
19 36 2
50 15 4
25 16 3
64 26 4
18 39 2
2 33 4
58 1 4
8 77 1
55 70 4
59 56 3
15 30 4
51 75 2
82 95 4
32 62 3
75 81 1
1 85 3
59 0 3
58 93 2
97 51 2
1 80 2
23 3 2
36 42 1
41 89 2
1 55 2
65 33 2
20 28 3
19 71 3
20 25 2
12 49 2
90 46 1
63 82 3
80 40 1
72 47 2
95 29 3
41 39 2
82 35 3
35 52 2
62 23 3
91 87 2
82 70 2
51 39 4
70 35 1
70 48 4
3 24 1
82 57 3
9 85 3
36 9 3
11 4 2
46 28 3
14 9 4
91 83 4
24 55 2
46 92 1
54 85 3
79 62 2
95 2 2
90 94 3
30 96 4
70 0 3
77 37 4
49 2 4
47 67 3
92 95 3
28 13 3
95 58 4
83 20 4
48 60 4
20 87 1
20 82 1
38 82 3
41 92 2
42 51 4
37 66 1
8 37 3
1 5 4
29 39 3
25 72 2
14 60 3
14 24 3
38 44 1
13 80 2
14 72 1
82 62 2
83 8 3
59 92 2
57 35 3
0 77 3
10 57 4
83 79 4
41 78 1
24 19 1
96 7 2
29 79 4
5 77 3
48 65 2
89 40 3
77 4 3
8 59 3
53 14 4
29 82 1
82 67 2
8 34 4
7 5 4
65 36 4
59 15 2
50 58 4
41 47 1
8 18 3
39 22 3
36 18 3
18 44 4
22 29 1
21 7 2
65 41 2
81 77 3
46 12 4
42 17 1
34 59 3
73 35 3
79 76 4
0 23 1
15 7 4
6 4 1
16 28 4
83 37 1
89 64 4
10 68 2
81 64 1
31 22 1
0 74 2
70 77 3
93 86 3
51 4 2
5 18 2
44 20 2
41 0 1
61 7 4
25 39 2
78 81 1
97 85 1
35 86 3
53 56 3
56 69 2
71 22 4
7 37 1
19 27 1
50 62 4
23 33 1
59 69 1
67 58 3
27 33 3
79 66 1
98 64 4
18 6 4
16 89 1
65 21 3
56 35 4
0 75 1
33 0 3
80 33 4
51 3 1
47 43 3
47 26 3
25 4 4
50 22 1
36 33 2
33 99 3
63 3 1
6 11 3
81 18 2
20 16 1
99 15 2
7 64 1
11 28 2
56 64 4
4 66 3
34 82 4
18 98 1
80 65 4
25 68 3
18 97 2
67 51 1
54 33 1
28 48 1
87 86 3
57 36 1
72 86 1
14 44 4
82 43 2
23 52 3
66 44 1
9 88 2
15 40 4
16 27 3
0 92 4
23 93 1
56 20 3
54 43 1
76 95 2
59 36 3
75 24 4
82 69 1
39 0 1
8 43 1
10 99 2
70 33 2
3 81 3
69 11 2
47 9 2
46 76 4
55 68 1
41 25 4
87 63 4
39 31 4
11 42 3
40 43 4
17 20 1
8 6 1
2 53 2
22 88 4
44 84 4
49 88 1
79 99 2
78 94 4
65 18 4
7 24 2
16 49 2
56 88 1
21 36 3
36 14 3
23 19 3
46 84 1
89 98 4
23 6 1
16 85 1
63 9 2
18 41 1
54 81 2
70 25 3
20 43 3
84 5 4
6 97 1
26 93 4
12 30 1
16 12 1
42 68 3
21 42 4
26 7 1
83 93 3
26 66 2
88 51 4
48 76 2
94 42 1
14 62 3
24 34 1
54 73 2
84 72 2
27 81 3
2 43 3
89 24 3
97 10 1
95 71 2
65 56 3
72 31 3
50 25 4
78 97 1
19 53 2
81 84 2
1 16 1
21 95 2
47 28 3
68 49 4
98 56 3
4 89 2
62 49 4
23 61 2
91 26 1
87 29 2
78 8 3
42 64 2
12 80 2
43 74 1
91 15 3
84 99 2
44 67 1
84 18 1
60 45 1
97 68 1
30 14 4
96 90 3
83 57 3
87 8 1
4 15 2
64 46 4
94 38 3
96 14 3
38 93 3
28 80 4
27 17 3
85 94 3
88 33 1
56 28 4
7 36 1
13 7 1
33 82 2
62 54 4
51 93 1
97 72 1
75 67 3
29 56 2
89 48 4
28 95 4
62 97 4
91 19 1
7 85 4
58 29 3
83 66 2
44 39 3
9 45 1
90 74 1
56 78 1
91 49 2
61 95 3
37 23 3
97 56 1
9 53 1
61 94 3
73 56 4
55 46 2
44 7 3
0 4 1
6 3 1
91 25 2
28 17 1
66 10 3
60 31 2
30 2 2
67 15 1
72 53 4
4 20 3
24 90 1
92 2 2
59 61 4
69 91 2
63 15 1
37 60 4
48 31 1
34 96 4
79 74 4
8 93 3
37 25 2
96 75 3
75 79 3
73 42 4
46 72 1
83 59 2
88 74 2
64 83 1
80 49 2
22 95 2
52 60 1
86 17 4
78 64 3
96 2 2
45 11 1
64 60 4
28 97 4
9 58 3
26 77 3
8 32 4
37 76 2
28 67 4
87 5 4
98 39 1
26 84 3
90 22 1
72 30 4
62 36 4
82 81 2
61 88 1
10 33 3
54 19 4
58 84 4
42 82 3
54 75 3
20 52 1
9 94 1
72 87 3
11 8 1
16 65 3
29 57 4
33 51 4
61 41 4
98 90 3
71 31 2
74 18 4
25 47 4
79 80 3
65 76 4
4 28 1
7 56 1
70 53 2
78 59 4
21 87 3
62 93 4
20 39 3
4 59 1
7 68 1
70 85 1
48 88 3
82 51 1
89 61 4
74 56 4
9 91 1
13 15 2
21 23 1
6 89 2
42 7 4
54 15 2
78 44 2
36 99 1
44 32 4
44 15 1
45 29 1
10 92 4
34 49 4
59 60 3
81 80 3
98 66 4
1 37 1
77 25 4
14 92 3
12 1 2
10 12 4
82 50 2
1 93 3
10 31 2
55 20 1
98 30 3
70 8 4
32 16 1
35 4 2
97 20 4
6 93 2
20 22 1
82 61 4
27 12 1
54 9 1
28 22 2
74 87 4
25 73 1
52 76 1
24 9 2
31 43 3
75 3 2
33 59 1
5 79 4
22 68 3
39 65 4
11 85 1
91 35 2
91 42 4
97 49 3
45 81 2
36 11 4
23 79 3
68 91 2
60 56 2
86 7 3
97 64 1
90 42 3
85 66 3
12 31 2
58 91 1
11 50 1
81 50 3
0 45 3
11 57 4
76 63 4
18 24 3
60 46 1
26 45 1
83 17 1
32 34 1
41 1 3
88 14 2
19 3 1
14 11 4
37 20 4
89 26 2
4 75 2
21 38 4
44 90 1
97 43 2
48 2 1
31 7 1
2 15 1
24 43 4
69 13 4
6 13 3
25 48 1
40 85 3
78 21 3
95 70 4
32 27 4
71 25 3
71 64 3
96 35 4
82 6 4
29 37 1
35 8 1
20 21 3
3 37 2
18 64 2
91 66 2
20 88 4
90 77 1
76 61 3
18 20 3
13 16 3
17 49 1
91 50 4
67 98 2
34 58 1
12 18 1
88 1 2
88 85 1
61 46 2
46 86 2
43 50 3
81 19 3
86 97 4
85 5 3
67 70 2
21 80 1
70 81 4
38 11 3
88 75 3
32 94 3
81 32 4
18 71 3
17 13 4
62 57 2
62 27 1
49 14 4
7 75 2
9 62 3
33 68 3
52 85 2
68 61 1
28 64 2
18 33 2
23 82 4
66 30 4
85 57 2
41 72 3
61 66 1
24 92 2
43 22 4
56 80 3
66 14 4
55 65 4
48 64 3
46 62 1
80 31 2
3 42 2
53 16 2
40 5 2
11 95 4
99 11 2
95 94 3
66 28 2
60 30 1
74 10 2
4 68 3
41 51 3
23 56 4
37 59 4
58 37 4
3 95 1
76 90 4
89 49 2
60 25 1
62 17 3
66 27 4
32 70 2
71 78 4
43 68 3
43 95 1
37 35 3
0 20 2
4 39 2
56 15 2
68 84 4
24 61 2
16 75 1
82 5 4
41 8 2
69 49 1
46 2 4
80 92 2
93 5 1
78 17 2
31 78 2
30 29 3
64 37 1
23 87 1
18 60 4
35 89 4
77 3 4
48 58 3
38 1 2
90 43 4
91 18 4
14 46 2
11 20 3
79 58 2
6 64 4
56 93 3
60 73 3
5 29 3
7 65 2
24 16 2
87 65 4
28 61 3
3 88 3
70 34 1
73 50 2
99 49 2
75 32 2
70 13 1
3 32 1
84 11 2
56 61 2
22 52 3
87 9 2
65 34 4
99 56 1
5 76 1
80 20 2
10 52 2
69 61 4
92 56 2
4 76 1
12 19 3
85 90 3
22 32 2
94 88 1
40 98 3
88 98 3
74 95 2
7 20 4
31 62 3
53 12 4
44 17 1
18 89 2
25 99 3
38 80 4
90 52 2
52 99 4
17 30 4
27 48 2
99 65 4
34 45 1
52 24 1
79 16 4
19 10 2
56 39 3
30 6 2
82 26 3
73 20 1
93 45 4
93 12 3
21 71 3
35 74 4
43 69 4
24 80 2
68 88 1
54 20 3
2 6 1
33 89 4
40 76 1
0 11 2
69 95 1
6 86 3
96 25 2
17 51 4
34 29 1
59 45 2
80 88 2
65 13 1
98 47 2
11 46 1
45 12 1
21 44 1
84 2 1
34 23 3
72 88 1
91 14 3
6 61 2
24 21 1
93 71 1
40 65 1
44 60 2
53 26 2
53 77 1
99 37 1
98 17 2
46 89 3
80 71 2
32 92 4
87 58 1
93 97 4
84 49 3
