4900 100
0 82 3
1 12 7
2 46 6
3 28 3
4 81 3
5 11 5
6 5 9
7 20 9
8 95 8
9 8 8
10 34 9
11 90 2
12 9 9
13 94 4
14 94 1
15 44 8
16 61 4
17 81 4
18 92 5
19 73 2
20 0 9
21 0 9
22 66 9
23 10 6
24 88 8
25 54 5
26 27 9
27 37 3
28 3 7
29 42 9
30 89 1
31 44 3
32 26 8
33 42 1
34 32 8
35 24 1
36 63 4
37 26 4
38 90 9
39 35 4
40 26 7
41 52 6
42 88 6
43 6 2
44 12 1
45 2 4
46 39 8
47 1 2
48 7 5
49 50 7
50 10 3
51 12 3
52 97 1
53 90 9
54 18 2
55 42 7
56 8 4
57 53 8
58 25 8
59 79 4
60 79 4
61 57 1
62 9 9
63 50 6
64 16 9
65 13 3
66 86 3
67 95 2
68 2 5
69 48 6
70 24 8
71 93 8
72 9 5
73 21 6
74 12 1
75 60 1
76 81 3
77 75 5
78 45 4
79 69 5
80 71 7
81 21 3
82 61 4
83 6 2
84 48 5
85 67 1
86 36 5
87 26 8
88 21 3
89 47 5
90 72 7
91 25 7
92 93 3
93 84 5
94 64 1
95 81 9
96 18 4
97 40 9
98 10 9
99 98 7
20 85 1
21 23 4
90 43 2
60 6 4
64 91 3
31 14 2
34 96 1
39 94 3
85 38 3
97 87 4
75 70 3
40 54 3
10 30 4
57 54 4
75 68 1
25 32 2
35 40 4
46 37 4
78 18 2
97 8 2
6 66 2
18 89 2
89 34 2
73 43 2
51 33 4
67 4 4
82 17 4
14 1 4
3 17 1
76 10 3
2 95 3
7 73 3
8 73 3
49 38 1
32 17 3
10 38 4
79 99 4
57 90 1
38 24 3
12 21 1
54 58 3
49 79 1
39 20 1
83 12 2
77 61 1
19 64 1
29 11 4
79 55 4
41 60 3
33 6 1
39 93 1
17 35 2
18 80 1
89 66 3
23 63 4
49 29 4
61 76 2
64 43 1
57 30 2
57 62 3
26 25 1
26 65 4
28 71 4
2 21 1
36 34 2
82 73 2
84 19 1
82 88 4
15 76 1
98 61 1
1 2 4
17 62 1
50 29 2
68 97 2
24 54 3
94 74 1
41 64 2
94 40 4
40 56 4
54 27 3
8 58 2
24 80 3
12 45 1
4 74 3
74 68 2
81 0 2
35 32 1
89 51 3
83 2 4
76 67 4
8 3 2
20 33 2
75 95 1
88 5 1
12 29 4
78 7 3
29 91 3
72 63 3
74 98 2
61 95 2
38 11 3
88 51 4
11 9 1
7 14 2
63 95 4
39 48 1
76 98 4
57 45 4
82 9 2
91 11 3
88 67 1
27 61 4
79 48 4
18 93 4
61 94 2
87 38 3
22 37 3
33 24 1
15 9 3
42 98 2
6 64 2
30 33 1
9 30 1
47 95 4
93 68 3
4 3 4
44 91 3
92 23 2
96 74 2
82 71 3
72 22 3
55 93 2
62 16 1
87 8 1
16 78 1
97 64 4
59 71 3
38 12 2
48 26 4
65 72 1
6 73 3
44 23 4
0 72 3
14 25 4
59 84 4
68 76 4
86 7 1
20 9 3
17 43 3
24 31 4
27 50 2
28 26 3
26 66 3
74 1 2
90 12 3
76 69 2
31 21 1
89 90 1
72 41 4
59 21 2
52 39 3
65 35 2
40 89 3
99 66 4
48 47 3
68 40 3
66 23 1
91 78 3
37 38 2
24 28 2
75 84 3
93 75 4
63 87 1
11 25 3
13 20 4
82 72 4
0 75 4
51 96 4
0 90 3
97 19 1
36 71 3
84 61 1
20 65 3
51 31 2
49 55 3
57 97 1
33 19 1
8 74 4
0 57 1
74 92 4
35 71 2
71 96 3
33 14 4
94 16 1
87 37 2
45 51 4
32 64 4
72 24 2
10 80 3
80 32 2
21 85 3
25 9 4
17 2 2
80 22 1
19 95 4
46 7 2
0 93 1
36 98 4
5 93 3
57 89 1
69 88 2
89 31 4
18 27 4
13 70 4
27 29 4
83 70 3
12 85 2
30 1 3
61 71 1
5 8 1
16 41 4
92 52 4
68 12 1
17 18 3
78 61 1
98 54 3
95 72 3
25 44 4
40 63 1
76 49 4
87 55 2
37 44 2
17 75 3
51 19 1
39 61 4
56 36 2
37 85 3
77 47 2
66 67 3
2 11 1
28 47 2
16 47 1
20 77 3
5 41 2
6 75 4
54 87 3
75 36 1
60 16 1
42 26 4
45 66 4
17 65 2
95 28 2
87 59 4
21 92 1
95 94 1
31 27 4
3 50 1
31 45 3
70 63 3
73 26 3
96 83 3
38 4 1
5 82 2
54 39 2
97 43 1
24 13 4
8 25 1
81 96 1
3 24 3
84 88 3
54 32 3
21 67 4
47 83 2
65 15 4
37 17 4
30 92 4
94 73 4
75 44 2
22 31 1
44 1 1
29 37 4
92 59 2
10 17 2
7 93 1
61 17 3
80 72 1
24 41 1
68 57 3
9 52 4
95 25 2
2 30 3
19 28 3
1 85 2
42 17 2
98 53 3
35 57 1
93 44 1
6 10 1
29 31 2
96 22 2
79 1 1
87 83 3
21 60 3
81 41 1
59 46 1
88 77 1
88 35 2
84 22 1
8 44 4
80 45 3
54 15 2
25 10 4
14 68 3
69 82 3
99 7 1
32 16 3
33 44 4
17 51 1
59 9 2
60 81 1
37 16 4
10 39 3
94 53 2
99 9 1
37 91 4
82 39 2
18 60 2
74 61 1
27 25 1
11 87 4
72 35 3
88 70 1
85 54 2
45 55 1
67 90 3
76 14 4
66 38 1
0 63 2
54 14 4
92 86 1
7 13 2
14 35 1
62 10 1
94 56 1
2 20 2
72 87 3
43 46 2
4 21 4
44 65 1
7 21 3
13 10 2
0 27 2
7 28 4
20 25 1
71 66 4
48 11 4
81 97 3
77 44 1
95 41 3
50 14 3
80 63 3
10 12 4
2 73 1
41 92 1
69 56 1
98 56 1
83 0 4
45 28 1
60 94 1
65 95 1
53 68 1
37 56 3
87 60 2
91 51 1
53 3 4
38 42 2
89 16 4
45 58 1
32 98 1
68 31 1
90 31 3
27 90 3
8 62 4
57 81 4
22 33 1
71 83 1
67 59 1
2 16 3
29 90 1
5 99 2
50 70 2
64 4 3
34 73 2
23 36 2
32 61 1
62 58 1
26 75 2
53 16 2
23 43 3
80 47 3
22 23 1
40 3 1
66 93 3
64 53 1
14 97 2
42 84 2
40 99 3
10 81 4
28 33 4
2 58 2
26 3 3
10 19 3
54 48 4
66 20 2
41 21 2
91 28 1
26 7 4
57 12 2
54 16 2
55 70 2
82 24 1
39 49 2
44 19 2
24 6 4
93 27 3
97 83 4
8 36 3
43 94 4
36 21 2
88 81 2
55 22 2
47 96 2
53 17 1
20 96 4
89 12 4
7 56 1
26 10 4
97 13 1
65 53 3
49 88 4
12 32 3
35 12 3
99 17 2
21 90 3
20 16 1
32 78 4
33 69 3
3 97 2
22 35 3
16 28 2
34 37 1
35 41 2
3 70 1
78 46 1
31 12 3
95 64 4
37 73 3
19 98 2
57 66 4
49 28 4
9 63 2
94 58 4
54 53 2
82 36 2
8 11 2
74 83 3
72 39 1
73 31 1
23 47 1
69 70 2
6 94 4
3 78 3
26 53 2
87 45 4
78 38 3
30 53 3
43 7 2
5 39 4
5 43 2
51 57 4
26 0 3
63 4 1
50 28 2
47 50 2
53 88 1
80 28 1
43 71 2
54 28 3
5 49 4
6 36 1
25 83 3
79 34 3
33 9 4
2 99 1
77 51 1
34 40 2
89 73 4
56 66 4
37 76 3
34 18 3
13 55 3
8 46 3
17 79 2
61 7 2
64 30 4
36 41 4
34 22 4
34 16 4
79 10 2
7 55 4
47 24 2
19 14 1
93 40 1
66 81 4
48 96 2
46 57 3
3 47 1
9 71 3
85 16 4
55 39 4
55 53 4
56 27 3
17 72 3
31 30 3
41 31 1
77 80 4
39 30 4
97 53 1
84 18 4
18 88 4
75 83 4
50 77 2
3 36 4
16 11 2
25 92 1
38 21 2
88 29 2
26 79 4
64 23 1
14 89 2
8 41 3
30 3 2
12 81 1
46 47 3
17 93 2
15 22 4
62 70 3
95 15 2
53 23 4
61 41 1
50 20 2
43 92 1
95 36 3
72 7 1
25 33 2
41 97 2
96 78 4
75 74 2
71 85 2
44 84 4
2 39 1
71 48 4
21 35 1
66 72 3
15 78 1
57 4 1
58 66 3
53 96 4
98 1 4
60 39 4
84 34 2
52 71 2
53 76 1
25 2 1
50 57 2
43 79 3
15 30 1
80 48 2
5 20 3
77 93 3
68 69 2
47 85 2
56 1 2
31 77 1
12 88 3
52 6 3
73 80 2
37 84 2
76 99 1
10 24 4
74 56 1
74 82 2
71 21 4
94 86 4
63 55 1
56 5 4
59 16 2
22 43 1
95 80 3
87 14 4
14 92 1
4 60 2
82 19 4
92 89 2
84 73 2
53 2 4
27 21 1
41 88 2
13 60 4
1 63 2
47 14 1
61 69 4
68 6 3
88 37 4
78 83 4
99 28 2
35 46 2
8 59 2
42 15 2
32 59 4
95 71 3
62 89 2
99 20 1
45 5 1
26 64 2
40 81 2
86 3 1
95 16 4
90 23 3
33 17 1
53 20 2
12 25 2
97 91 1
44 48 4
67 39 4
34 68 2
32 56 2
7 97 4
36 50 1
64 20 1
44 76 3
37 33 2
96 8 1
1 26 4
27 13 2
74 57 1
44 61 3
94 76 2
70 31 1
78 65 3
59 11 4
75 42 2
56 13 2
15 80 3
47 37 4
83 88 3
79 78 1
35 83 1
25 96 3
62 90 1
64 58 4
17 54 2
94 83 3
1 84 2
43 33 4
20 62 2
79 90 3
7 22 1
74 24 3
93 97 4
4 31 3
97 27 1
34 30 1
12 52 2
18 42 2
17 5 1
26 78 1
81 5 2
58 9 1
19 80 2
26 35 1
20 82 3
2 98 1
91 50 3
93 13 2
8 19 2
75 58 1
3 90 3
49 0 4
88 33 1
93 34 2
13 95 3
29 60 2
25 46 1
73 13 3
23 12 2
8 65 4
95 35 1
52 74 4
12 18 2
85 5 3
57 64 4
67 44 2
7 59 2
29 58 1
53 59 4
62 29 2
62 79 1
17 68 3
26 56 1
15 70 4
7 60 2
53 47 1
94 55 2
57 16 3
1 78 1
50 73 3
25 5 4
7 52 1
51 50 3
20 26 3
63 92 4
12 64 1
16 77 2
88 23 1
84 20 3
15 43 1
82 40 1
36 16 4
14 53 2
0 15 1
19 59 1
59 74 1
66 55 3
83 52 3
65 90 3
22 64 4
82 7 1
51 54 4
93 99 2
49 80 1
58 82 1
82 90 3
21 61 1
82 56 2
41 76 2
51 4 4
26 51 3
35 42 3
20 92 2
39 44 4
92 1 2
77 60 2
37 41 2
36 15 3
67 51 3
84 10 3
55 54 1
87 40 4
24 99 1
12 40 1
85 57 1
48 66 2
6 4 3
35 90 2
82 92 1
6 47 2
20 37 1
46 71 1
18 40 3
74 19 2
45 39 1
66 46 2
79 76 1
30 44 3
63 19 4
34 70 1
59 49 1
97 61 3
81 28 4
44 89 2
12 98 1
12 77 2
18 98 4
79 3 4
70 81 2
80 69 3
59 55 4
26 94 2
18 20 3
21 3 2
67 73 2
27 71 4
21 28 2
43 87 3
85 74 4
48 83 2
14 69 4
19 55 3
53 29 4
59 17 4
27 78 1
33 59 2
74 7 4
72 99 4
12 97 4
55 21 2
26 80 2
41 79 2
16 76 1
76 57 4
64 79 3
54 6 1
97 67 2
48 46 4
26 33 1
88 58 3
98 65 1
81 33 1
1 80 3
45 92 1
84 52 4
35 63 2
77 5 3
63 44 3
76 97 1
85 39 3
70 33 1
99 0 1
9 43 2
23 41 3
85 76 4
14 67 3
8 68 2
85 14 3
87 70 1
89 91 4
59 95 4
99 46 4
29 87 3
10 45 4
11 64 2
79 14 2
67 13 1
7 0 4
42 81 4
65 46 2
44 82 4
83 54 2
31 58 3
22 87 1
22 97 2
35 27 2
33 15 3
91 56 3
62 99 2
42 19 4
54 42 1
41 38 2
4 17 3
23 1 4
37 96 2
9 31 2
48 62 2
5 60 4
99 6 3
41 18 3
54 22 4
63 76 3
37 6 3
67 54 1
49 86 2
4 5 2
66 53 2
72 36 4
50 79 1
98 88 4
44 69 3
66 34 4
56 92 4
42 74 3
25 56 3
6 65 1
32 8 1
94 47 2
59 57 2
65 43 3
61 63 1
88 13 3
85 52 2
16 17 3
21 17 3
67 77 2
70 43 4
64 65 4
97 1 4
98 13 2
38 18 1
32 36 1
14 60 1
19 52 4
73 33 3
37 42 1
62 56 3
98 78 2
32 57 3
30 88 1
24 42 4
2 69 1
72 77 4
35 38 4
85 28 2
21 98 1
46 95 2
15 59 2
15 94 1
87 64 1
25 24 4
90 20 3
1 8 4
87 31 3
30 78 3
69 62 1
40 47 1
44 18 4
5 57 3
73 52 1
21 5 1
87 65 1
80 12 4
13 2 4
76 86 3
70 9 4
41 11 2
84 3 4
5 50 2
11 78 3
80 33 1
1 89 3
63 6 1
72 40 3
70 68 3
52 98 2
4 8 2
79 18 1
36 43 3
19 69 3
18 24 3
71 62 4
47 97 2
0 35 1
56 34 4
28 75 4
55 75 1
22 8 3
90 34 3
60 15 2
4 90 2
40 41 4
29 84 1
26 38 3
24 49 3
98 23 2
68 88 2
4 2 1
73 23 3
69 25 4
51 3 1
40 98 3
9 0 4
6 14 1
68 56 1
96 36 2
91 58 2
85 7 1
78 53 1
67 74 4
20 23 4
49 60 1
15 26 1
99 87 4
15 49 2
19 17 3
39 75 2
29 89 3
1 57 4
99 60 1
39 24 3
53 62 2
73 70 1
84 60 4
63 45 4
32 95 3
67 34 1
50 45 2
59 90 3
61 14 1
67 89 2
9 3 1
11 51 3
95 7 3
53 39 4
30 55 4
78 51 2
99 29 4
56 9 4
27 47 3
11 94 1
3 63 2
52 67 2
20 24 3
42 72 4
1 33 1
38 52 1
89 33 4
1 38 2
71 16 4
77 36 3
95 91 3
8 52 2
95 84 1
21 69 2
92 98 3
77 8 3
37 40 3
78 40 4
5 73 3
39 76 2
69 83 3
27 67 4
5 31 1
38 71 3
48 67 4
28 68 4
89 93 4
4 70 4
48 61 3
70 35 3
76 19 3
98 31 1
37 51 4
18 52 1
16 80 2
49 21 3
76 47 3
95 14 3
97 9 1
96 35 2
71 12 1
24 37 4
24 40 4
86 5 1
79 77 2
69 38 1
66 4 3
62 54 1
75 35 3
47 98 4
11 26 1
32 21 3
73 36 4
47 30 2
29 19 2
56 77 1
84 45 2
95 37 3
15 34 1
16 43 4
57 83 2
86 37 2
40 64 3
19 12 1
50 90 2
37 21 2
51 66 1
49 9 1
46 64 4
39 42 2
61 89 2
63 21 3
38 44 3
21 82 1
16 88 3
3 92 3
57 19 3
61 85 3
91 84 1
11 43 4
92 50 3
40 55 3
27 8 4
98 15 3
1 81 4
33 10 1
7 53 2
15 69 3
75 27 4
17 98 1
62 37 4
10 77 2
21 20 1
67 81 1
49 90 4
20 8 4
89 19 3
54 11 2
84 11 1
20 57 3
10 78 4
92 85 1
99 18 4
98 51 1
96 21 3
8 64 1
59 89 4
6 76 2
74 33 3
66 14 3
74 78 1
97 39 3
30 48 1
11 27 1
50 61 3
5 15 4
14 18 1
86 53 2
98 95 2
12 66 2
72 78 3
55 83 3
97 25 1
31 78 4
49 16 2
38 36 1
92 67 4
13 36 3
72 1 4
79 53 3
1 96 3
62 31 3
7 15 4
81 65 1
20 60 4
3 87 3
65 32 2
27 33 1
35 81 1
68 64 3
31 82 3
67 29 2
2 41 1
2 43 1
81 36 4
2 96 2
25 23 1
83 32 4
39 43 2
15 66 4
50 98 4
91 81 3
29 56 3
16 50 1
27 36 4
50 26 2
34 48 3
82 80 4
16 1 4
31 23 3
92 10 4
60 28 3
15 96 4
75 88 3
68 26 1
92 19 1
48 36 2
70 90 1
34 86 1
67 43 4
90 96 4
45 41 1
29 36 2
28 52 3
17 95 1
73 61 3
19 67 4
1 77 1
32 75 2
2 79 2
47 64 4
1 18 1
48 13 1
34 26 1
92 72 3
53 28 4
77 39 1
28 4 4
72 4 1
43 45 1
72 94 3
26 55 1
30 65 3
28 37 3
78 39 3
86 71 4
7 81 2
15 6 2
24 81 2
9 13 3
63 93 3
76 48 4
36 22 4
59 76 3
1 13 3
94 51 4
80 62 4
70 59 3
85 79 2
94 21 2
97 77 1
19 46 4
66 65 4
6 56 1
38 64 4
51 28 4
27 81 4
76 65 2
97 46 4
43 93 4
95 96 3
2 67 4
94 50 2
77 57 4
89 82 1
56 48 2
7 91 4
0 77 3
2 77 3
98 62 1
52 93 1
25 35 4
61 55 4
42 0 4
82 2 4
2 47 2
9 35 3
23 42 2
68 44 4
14 45 3
7 69 4
29 72 3
32 10 1
86 85 4
63 85 3
4 32 1
98 38 3
34 35 3
42 12 2
38 13 4
31 84 2
56 59 2
40 22 1
9 64 1
59 13 1
95 11 1
37 48 2
6 12 4
5 30 1
54 50 4
56 45 4
85 87 4
83 59 1
70 99 4
36 78 1
65 91 2
22 76 3
31 43 4
81 11 4
84 39 1
79 7 3
9 78 2
92 53 2
21 11 2
74 13 3
54 81 2
78 50 2
97 6 4
47 41 3
63 49 2
66 90 2
93 4 2
85 11 3
10 29 4
34 46 1
80 61 3
95 85 4
10 11 4
33 56 4
68 51 4
4 37 2
32 47 4
2 54 3
1 73 3
64 14 1
68 30 3
24 32 1
9 53 3
53 58 3
58 96 4
15 35 3
62 34 2
22 29 2
71 6 3
74 48 3
2 63 4
84 87 4
35 78 3
59 24 3
21 47 3
9 93 4
33 49 3
6 16 1
13 35 2
22 39 3
21 10 3
26 57 2
94 49 4
80 20 3
54 4 4
38 67 1
8 78 4
67 8 3
18 70 4
98 73 4
42 69 3
93 1 4
47 65 3
61 26 1
38 57 2
97 96 4
74 69 2
23 16 3
33 31 1
64 99 4
88 94 4
40 84 3
71 3 4
15 86 4
15 31 3
92 69 1
55 84 4
98 39 2
89 56 2
31 0 3
50 84 3
43 53 3
72 34 2
31 55 3
70 89 1
55 95 4
87 52 3
91 71 3
1 32 1
93 26 4
77 33 2
88 15 3
94 22 3
28 14 3
67 60 1
38 89 2
91 53 4
71 4 2
88 50 3
54 86 4
39 28 1
10 70 2
30 13 4
18 95 1
31 42 3
60 22 3
46 52 4
50 19 3
3 85 2
46 85 3
74 6 3
42 27 3
5 61 2
98 64 2
93 90 2
46 12 1
76 56 1
71 25 4
1 71 4
58 21 3
48 3 3
2 94 4
22 83 4
54 69 1
78 97 2
29 94 2
90 17 1
66 62 3
86 56 1
6 92 3
14 32 3
97 90 4
24 75 2
81 89 3
2 56 2
74 25 1
34 97 3
29 24 3
92 17 3
84 82 4
98 48 2
80 59 1
47 4 1
67 71 1
43 12 3
89 42 4
29 15 3
56 11 4
10 48 2
82 75 2
75 61 4
6 9 3
6 96 3
57 29 2
96 73 4
73 22 1
43 83 3
99 15 3
22 78 4
23 8 2
49 78 2
64 27 4
57 34 3
27 7 2
41 49 4
86 91 2
29 5 2
53 40 2
43 75 4
49 68 3
36 94 3
64 48 4
98 85 1
5 78 4
41 93 3
81 62 2
53 22 2
28 78 3
4 73 3
91 12 4
53 60 1
77 70 2
73 59 3
80 53 4
4 13 3
0 88 1
42 79 2
79 12 3
93 76 3
29 21 3
56 24 4
58 47 4
21 42 3
18 75 4
8 99 4
14 30 4
59 1 1
16 13 2
10 68 2
37 59 2
42 41 3
97 98 4
57 6 1
53 31 3
78 71 1
70 17 4
17 20 2
92 38 3
69 66 3
51 75 3
28 0 1
87 96 1
92 47 3
32 15 4
94 62 3
59 47 4
96 89 3
30 66 1
43 18 1
83 53 1
61 2 1
85 83 3
77 71 4
82 52 3
62 64 2
90 83 1
92 31 1
74 89 1
66 52 4
73 14 1
40 20 2
45 13 1
89 50 4
63 17 3
42 93 2
13 26 3
19 60 2
9 37 4
41 96 2
90 36 1
98 96 4
33 91 2
57 93 3
93 51 1
12 60 3
71 75 3
4 77 4
53 4 3
90 77 4
93 37 3
46 45 2
28 32 2
27 72 3
3 0 4
67 37 3
30 95 2
77 37 3
54 71 4
76 73 2
9 61 4
61 62 4
76 31 4
20 41 4
1 54 3
87 36 4
50 41 4
91 76 1
35 56 3
25 90 3
29 65 4
90 24 1
65 96 4
1 9 1
58 5 3
6 26 2
18 4 4
17 11 3
46 56 1
0 85 2
79 95 2
88 26 4
13 78 4
82 25 2
75 5 2
41 86 1
10 71 1
94 68 3
81 8 1
7 4 3
16 38 1
84 35 3
80 6 2
64 1 2
50 71 4
13 19 1
82 30 3
61 10 4
53 49 3
71 11 2
65 67 1
12 34 4
25 73 3
21 53 3
56 19 3
97 29 1
39 14 3
18 90 3
76 8 4
23 80 1
10 51 3
96 33 1
51 39 4
58 99 2
29 96 3
87 4 3
44 20 2
36 33 3
77 7 4
84 99 4
6 8 1
60 68 3
27 22 1
2 93 3
81 34 2
22 9 4
45 97 4
70 14 2
63 43 4
66 13 1
17 56 1
92 24 2
73 71 1
27 44 2
78 59 2
88 86 3
90 87 4
35 37 4
95 99 3
62 60 2
53 74 2
88 72 4
64 39 3
76 26 4
68 73 1
38 25 3
37 7 2
10 2 1
57 44 1
68 99 4
46 91 1
14 55 4
73 91 1
10 14 3
44 99 1
8 83 3
90 48 1
35 36 2
87 46 1
32 94 4
11 61 1
66 78 1
93 49 2
88 96 1
54 59 4
5 40 2
56 97 4
45 6 1
77 55 3
28 89 1
18 28 3
89 10 1
72 86 1
2 23 2
45 24 4
58 23 1
80 86 1
86 81 3
58 95 1
50 74 3
67 31 1
80 38 2
81 13 4
74 54 4
86 57 1
11 18 2
86 46 2
49 70 1
5 35 4
32 2 4
2 65 3
43 38 4
24 58 4
85 99 2
76 4 2
45 89 1
92 49 3
0 98 4
10 75 1
92 12 4
98 37 2
22 82 1
95 93 1
85 65 3
83 36 4
35 68 1
17 13 3
72 76 2
19 1 2
6 59 4
52 81 3
0 1 3
48 53 2
0 76 1
62 45 4
81 56 1
69 36 2
10 18 1
10 49 2
32 70 4
97 85 1
25 34 1
77 62 1
11 63 1
53 93 1
12 7 3
65 52 1
59 27 1
43 47 4
28 70 4
38 54 4
75 47 4
19 96 1
8 21 1
94 75 3
44 0 1
51 30 4
49 46 1
23 60 3
49 12 4
61 58 1
69 6 2
79 58 1
32 48 4
75 81 4
36 91 3
72 43 3
89 53 3
71 18 1
51 41 1
22 12 2
38 91 4
20 27 3
28 30 2
10 53 4
81 92 1
92 33 2
82 10 2
62 26 1
9 86 3
63 12 4
3 31 4
21 65 1
99 78 4
88 47 1
12 3 1
94 41 1
83 45 1
43 41 3
17 50 4
72 83 1
54 73 3
58 70 3
82 4 2
55 85 2
91 94 4
63 31 2
49 17 4
40 85 1
39 3 3
51 81 2
38 8 1
28 62 2
41 29 3
42 77 3
14 4 3
92 26 2
36 64 4
10 55 3
51 29 3
94 63 2
8 69 4
11 30 2
74 63 3
26 71 3
96 7 2
11 58 2
67 1 1
66 5 1
77 6 1
82 54 3
44 53 3
36 46 4
68 48 2
14 40 1
78 20 4
7 30 3
73 69 1
7 62 4
28 90 3
10 46 4
58 52 3
69 67 2
65 94 3
71 42 1
98 44 3
1 53 1
44 50 1
96 31 3
51 86 4
59 52 1
68 81 1
30 71 1
51 99 1
79 91 4
58 28 4
15 71 4
64 82 3
47 34 4
12 58 2
20 91 1
60 40 3
12 95 4
26 16 2
72 28 3
20 4 1
91 47 4
45 48 2
64 35 2
3 46 1
9 65 1
60 80 3
77 65 3
86 74 2
78 60 2
23 39 2
23 30 3
93 56 1
76 40 2
66 9 3
48 58 1
52 13 4
9 47 2
82 18 1
36 58 3
50 99 3
57 37 1
33 5 3
53 34 3
10 36 2
93 59 1
68 20 1
75 72 2
6 58 3
75 3 2
69 90 1
70 26 3
31 86 1
99 81 3
43 10 1
54 35 4
11 12 1
75 25 2
38 15 2
8 89 2
77 78 3
99 35 1
71 2 2
24 53 2
45 20 2
95 97 1
20 36 3
45 29 3
64 72 1
18 63 4
47 84 4
69 43 2
43 32 2
71 56 3
0 14 1
67 30 2
30 80 2
16 69 3
62 96 3
25 63 1
4 89 3
13 86 4
83 27 2
96 85 3
83 3 3
82 67 3
82 45 4
39 25 4
48 22 1
55 37 2
48 65 2
83 41 4
42 85 2
8 86 4
95 60 1
52 34 4
48 40 2
60 17 4
17 27 4
39 74 4
66 0 2
48 19 2
10 73 1
72 15 1
62 25 4
27 76 3
12 16 3
46 29 3
36 93 3
0 5 1
65 0 4
71 19 2
40 83 2
21 77 2
58 37 4
95 3 3
95 40 2
7 23 3
65 69 4
83 15 4
87 25 2
97 31 3
57 60 4
44 47 1
44 95 4
81 45 1
59 43 4
4 48 2
39 57 1
40 27 3
40 11 2
32 41 4
13 54 1
90 95 2
27 15 1
67 56 1
50 83 2
36 66 1
71 74 4
78 89 1
51 60 2
4 65 2
86 83 1
44 43 2
63 58 2
1 22 3
52 24 3
10 66 1
37 50 1
19 87 2
55 78 4
75 21 2
28 79 2
53 50 3
49 3 3
76 9 1
96 32 4
12 82 2
86 29 3
99 4 3
66 70 1
5 79 4
50 11 1
21 54 3
41 46 2
55 69 3
17 46 1
94 10 4
59 97 4
67 94 3
34 38 4
46 0 3
96 86 4
36 4 2
34 74 3
36 37 2
48 52 1
84 53 3
65 59 4
13 29 3
35 19 1
27 43 2
92 91 4
90 75 3
82 26 3
36 40 4
82 86 1
25 67 2
39 47 2
32 20 4
53 82 1
58 97 1
91 59 3
54 49 2
63 27 2
98 25 3
80 42 1
84 86 3
30 99 2
58 10 2
36 53 4
92 32 2
98 46 1
61 29 3
97 55 1
29 35 2
17 91 1
22 85 4
32 13 3
96 49 3
56 15 1
65 83 3
71 31 3
61 22 2
48 12 3
87 73 1
93 16 3
88 48 1
50 80 3
54 52 4
45 32 4
32 82 2
5 96 2
81 47 2
23 93 2
50 64 4
4 52 2
77 89 3
99 38 3
65 12 3
75 19 2
79 67 1
6 85 1
23 77 4
96 38 4
52 79 4
42 60 3
98 67 1
19 47 2
82 63 1
40 2 2
68 95 1
10 87 1
1 11 3
64 33 3
87 17 1
13 92 3
81 61 2
9 88 4
26 77 4
57 8 3
2 5 1
18 36 4
3 27 3
88 3 2
6 90 1
84 83 3
79 24 2
65 75 2
41 82 3
11 52 1
54 43 2
61 49 1
38 5 1
42 76 1
2 18 2
5 70 1
37 75 1
92 36 3
89 36 1
41 62 1
31 6 4
88 73 3
44 45 4
94 82 4
43 40 2
90 10 1
55 64 2
18 5 2
46 70 2
39 68 3
52 88 3
96 9 1
86 73 4
65 18 3
58 46 4
98 35 2
92 66 2
35 86 3
35 30 3
38 2 3
56 28 4
81 77 3
18 53 2
61 20 3
13 22 1
27 12 1
23 49 4
94 33 2
48 92 4
70 96 4
50 8 2
96 50 3
16 99 2
8 10 3
7 63 2
7 94 4
0 67 3
55 90 2
47 0 3
69 0 3
34 71 3
11 66 4
78 85 2
69 28 4
57 31 2
24 43 3
72 61 1
67 45 4
6 87 3
17 47 2
72 53 3
32 37 2
50 75 3
10 93 4
16 39 1
83 49 3
94 34 3
4 11 1
32 33 2
49 11 4
35 45 1
96 3 2
27 69 4
72 13 3
47 60 2
72 47 4
95 49 1
77 94 2
93 45 3
46 23 4
44 64 1
36 79 4
87 81 4
11 28 1
27 82 4
88 78 4
26 46 3
2 92 4
77 53 4
49 84 3
99 59 4
65 51 4
45 96 2
86 98 3
3 5 4
19 27 3
51 83 3
79 25 4
78 94 2
83 16 3
31 17 3
42 51 4
88 71 4
97 72 3
84 57 3
6 34 2
51 23 4
15 55 2
55 41 3
35 20 4
15 21 4
66 2 3
65 28 2
4 59 4
60 72 3
71 49 4
32 53 3
25 59 2
31 80 1
57 67 2
82 79 3
34 23 4
11 97 2
10 41 3
75 78 2
39 40 4
45 98 3
1 48 2
59 88 2
31 72 2
8 0 2
61 13 1
89 43 1
18 72 1
66 16 1
39 62 1
58 74 3
88 22 1
23 78 2
72 56 2
7 41 4
56 70 4
1 43 3
66 43 2
48 50 2
97 0 3
33 60 2
67 40 2
83 73 4
43 80 4
52 20 4
62 5 2
45 42 3
95 52 3
8 29 3
23 79 4
38 28 3
40 25 3
29 70 1
33 57 3
40 21 3
97 71 3
15 13 1
9 26 1
84 25 1
65 62 3
7 5 4
14 13 3
16 48 1
85 64 1
99 12 4
11 65 2
26 17 2
45 27 3
7 16 4
41 39 4
90 86 4
31 26 4
78 43 2
66 84 2
26 67 4
69 26 2
63 66 2
86 30 4
15 75 2
71 40 1
30 59 4
42 67 1
44 58 4
99 27 1
41 99 3
98 90 4
64 92 1
23 13 3
88 93 1
16 10 2
96 12 1
6 25 2
75 4 3
36 9 4
33 4 4
61 68 4
11 68 3
70 6 4
5 34 2
45 61 4
40 30 1
42 53 4
80 90 4
31 79 2
20 29 1
63 46 1
47 25 3
56 60 1
60 1 1
67 24 2
57 63 4
42 78 3
9 24 3
54 90 1
48 41 4
48 95 3
83 4 1
87 74 3
25 65 1
24 77 1
50 55 4
79 33 1
1 75 1
23 81 1
4 97 2
63 8 2
69 11 1
39 34 2
41 27 2
47 22 1
25 29 4
33 86 4
67 17 1
20 83 4
10 35 2
74 5 4
20 31 1
43 0 2
51 25 1
56 23 3
34 33 1
50 32 1
60 32 1
90 84 3
82 11 2
86 24 3
28 10 1
56 10 4
41 15 2
18 73 2
0 10 2
73 65 1
10 69 3
40 75 1
9 39 3
91 87 2
70 80 4
86 4 2
38 23 1
86 60 4
72 6 2
33 41 3
28 46 3
87 9 2
24 60 1
19 34 3
52 55 1
95 4 2
67 86 1
74 23 1
0 52 4
5 44 3
22 0 3
72 62 2
78 76 4
28 57 3
91 70 1
11 83 3
88 89 3
37 18 4
9 4 1
90 60 2
85 82 3
63 16 2
8 43 3
80 34 2
90 85 4
86 89 1
95 54 2
41 67 3
56 73 3
9 68 4
38 83 3
60 30 2
77 43 3
28 63 1
44 13 2
10 72 2
79 32 1
24 7 1
91 49 4
40 46 3
28 92 4
33 67 3
80 46 1
43 49 4
48 28 1
57 21 4
79 65 3
84 68 1
19 77 4
66 24 4
65 97 2
99 11 3
71 23 2
69 47 1
46 51 3
41 65 3
78 41 4
39 12 3
43 3 3
88 43 4
57 80 4
98 27 4
34 65 2
20 94 3
68 86 3
48 0 3
74 41 1
34 61 3
35 62 2
40 80 1
80 56 2
91 75 1
42 46 4
50 72 4
93 87 3
89 7 2
45 11 2
87 44 1
61 93 1
34 54 2
52 61 1
68 45 3
76 7 4
9 94 1
24 11 1
95 78 4
92 40 1
9 16 3
7 45 4
22 49 1
81 55 1
33 39 1
3 2 1
38 56 3
87 35 3
34 3 4
0 39 2
36 30 3
33 45 1
69 99 4
43 98 1
24 95 1
49 89 4
61 60 3
88 25 1
72 19 4
7 42 4
87 5 3
86 38 4
35 58 2
87 51 3
22 5 3
90 8 2
25 15 2
78 70 3
62 85 1
59 38 2
91 16 4
19 11 1
78 63 4
4 1 1
7 58 3
31 61 4
32 3 3
72 11 2
69 1 1
58 98 2
63 88 2
84 17 4
27 38 1
70 27 3
13 82 3
41 59 4
41 89 3
2 14 3
44 35 2
72 48 2
84 67 3
14 75 4
3 55 4
14 41 3
27 89 2
32 49 1
3 65 1
80 92 1
30 37 3
68 13 4
80 85 4
14 78 3
43 60 2
37 69 1
96 82 1
96 44 1
78 84 4
71 87 4
83 67 4
60 96 2
30 27 2
27 48 3
85 25 4
26 96 2
45 53 4
20 74 3
71 68 3
21 9 1
96 99 2
51 95 3
57 7 2
20 3 3
11 20 2
41 44 2
59 62 4
61 99 4
91 10 3
46 30 1
72 84 3
84 4 2
72 91 2
94 93 3
37 97 4
83 23 4
63 67 4
92 34 1
60 82 2
46 73 1
21 76 3
20 81 2
34 49 2
85 15 3
73 41 2
40 19 2
9 7 4
87 78 4
16 8 2
81 16 2
48 82 4
7 50 4
43 42 2
54 94 1
53 52 1
26 43 4
11 34 2
19 85 1
62 6 4
18 51 3
75 86 2
45 76 3
99 34 2
78 57 2
44 10 1
14 43 2
61 18 1
43 56 4
69 18 1
59 48 1
49 8 1
45 21 1
71 45 2
81 59 3
81 73 3
58 57 3
98 6 3
85 66 3
77 14 3
48 51 1
20 51 3
40 77 3
3 29 3
59 85 2
61 37 4
37 94 3
89 58 2
37 66 3
76 30 4
91 35 1
47 82 2
95 31 3
57 48 3
69 93 3
57 75 2
46 74 1
39 58 2
52 27 1
2 49 3
38 20 2
89 23 4
21 79 1
94 19 3
95 33 2
53 63 2
94 38 2
69 29 2
66 98 4
12 8 2
80 81 3
88 62 2
60 38 3
53 51 2
91 1 4
41 30 2
74 37 4
68 23 2
37 49 3
35 23 4
53 70 1
36 26 2
74 31 2
47 42 2
99 74 1
21 13 2
17 30 4
32 97 3
64 86 1
6 91 3
30 56 2
13 64 3
50 6 2
78 68 3
81 46 4
47 86 1
60 45 1
76 34 2
0 50 1
91 43 3
25 18 2
65 1 3
23 69 3
37 68 4
66 21 4
11 31 3
8 34 4
85 32 3
9 18 3
93 6 3
34 9 1
24 68 4
8 48 4
38 7 4
26 97 3
1 82 2
32 18 1
56 58 3
78 48 1
84 98 4
87 50 1
82 55 2
43 95 2
7 75 2
13 33 1
91 85 2
19 18 3
66 49 1
64 74 1
87 57 3
84 92 2
30 84 2
15 3 4
63 75 4
27 46 3
34 31 2
82 34 2
20 76 2
73 64 4
80 4 2
94 25 1
69 24 4
82 91 4
42 14 4
88 8 4
15 47 2
23 4 2
25 60 1
3 60 3
99 97 1
33 55 1
29 47 3
22 18 4
23 19 2
43 57 3
62 91 2
81 14 2
35 47 2
29 81 1
57 41 2
20 46 2
95 83 3
30 58 1
24 61 4
0 79 4
87 0 2
63 10 3
58 32 4
2 37 3
13 50 2
29 68 1
63 56 4
91 26 3
26 81 1
93 62 2
36 59 4
43 25 4
90 5 4
23 59 4
52 68 3
27 6 1
35 79 3
60 63 2
50 62 3
62 40 3
78 25 3
61 33 1
11 98 1
71 81 3
62 46 2
2 91 4
8 13 3
87 88 3
80 3 1
55 46 4
79 30 3
50 85 1
36 19 2
50 23 3
61 64 1
65 22 2
0 80 1
30 61 1
77 74 4
6 17 1
26 74 4
69 13 4
4 56 1
46 67 3
28 27 4
1 83 2
68 33 4
47 31 1
94 66 2
21 6 4
92 73 3
66 88 2
46 54 1
55 47 1
8 85 2
98 81 2
21 56 4
88 4 2
51 13 2
74 55 1
29 98 2
65 36 1
90 42 4
58 13 2
57 18 3
13 0 1
88 31 3
0 56 2
89 95 2
8 66 2
78 17 3
92 96 1
19 83 2
87 33 2
63 79 2
9 41 2
18 47 2
69 78 4
73 30 3
18 85 4
32 72 4
66 3 4
2 74 2
7 19 3
87 41 2
60 52 4
45 9 3
69 49 2
72 70 3
16 82 1
80 41 4
65 92 4
3 57 4
39 99 3
47 26 2
6 20 4
35 77 2
62 24 2
86 2 1
84 21 3
2 51 1
5 97 2
26 60 3
2 87 1
89 65 3
52 80 1
30 29 2
80 94 2
51 74 4
64 2 2
64 17 4
2 7 1
92 22 4
31 99 1
73 27 3
61 67 4
74 45 1
2 24 1
0 38 1
87 69 1
26 21 3
14 22 2
99 82 1
73 60 2
81 69 2
58 59 2
62 73 2
20 34 4
65 63 2
70 79 4
16 90 1
23 55 1
88 76 1
1 25 3
92 9 1
93 73 4
21 48 3
30 75 2
43 76 3
36 49 3
61 23 1
25 49 4
84 24 2
91 90 1
80 8 3
49 26 4
95 34 1
23 5 4
96 91 4
26 29 2
51 59 2
36 14 1
78 47 3
89 63 4
54 9 3
65 38 2
21 51 1
37 43 2
8 33 1
62 55 3
71 47 3
55 60 3
77 11 4
86 26 2
46 38 2
80 29 3
58 60 2
56 20 3
95 87 4
22 58 4
31 91 4
99 48 2
14 44 1
17 69 2
38 19 4
74 32 1
56 42 1
32 69 2
18 59 3
42 87 2
37 78 1
2 28 4
62 97 2
81 39 1
83 13 1
33 54 2
25 89 1
47 68 1
1 28 3
74 81 4
88 11 1
15 14 2
99 83 3
49 97 1
13 75 1
4 40 1
39 13 4
56 47 4
26 72 4
63 37 1
96 17 4
43 74 3
90 14 1
45 1 4
60 35 1
30 43 4
69 50 4
98 8 2
23 91 1
54 26 2
93 33 1
66 87 4
7 83 2
77 25 2
2 50 4
32 44 4
99 36 3
56 95 3
55 5 4
72 8 3
53 71 4
66 19 4
68 41 4
2 26 4
84 79 2
38 33 1
91 74 3
96 43 1
55 18 2
76 35 1
31 8 4
56 39 2
94 70 2
97 24 4
8 54 3
74 36 2
63 62 4
65 27 2
57 13 1
61 0 3
90 68 3
66 77 2
62 2 2
23 40 3
22 71 2
39 65 2
68 79 3
54 77 4
58 68 2
62 0 1
88 56 1
90 74 3
30 18 4
68 72 3
7 65 1
6 3 4
7 71 1
15 53 1
16 0 1
28 35 4
39 4 4
80 58 1
23 45 2
55 76 4
87 27 2
21 30 1
3 38 3
28 13 4
49 75 2
29 40 1
33 35 1
71 44 4
79 81 3
91 69 4
87 62 1
61 43 2
65 24 3
79 44 2
29 85 4
14 52 4
86 23 1
59 86 3
51 84 2
24 5 2
37 15 2
15 82 4
47 57 2
28 43 4
10 59 3
95 82 2
12 14 1
80 44 1
21 52 1
9 5 2
80 35 2
18 26 2
9 17 3
58 77 1
92 5 2
65 60 1
39 66 3
10 7 1
84 9 3
23 0 3
49 45 3
3 91 3
41 25 1
26 30 4
30 85 4
26 58 4
53 85 1
19 26 3
49 35 1
76 62 4
31 54 1
73 49 2
82 68 1
1 52 3
81 64 2
76 5 3
37 72 2
41 56 4
49 82 4
6 61 3
42 62 1
47 38 4
42 13 4
90 32 2
85 69 3
2 12 1
98 28 1
54 92 1
48 77 1
28 87 4
60 93 4
86 69 3
60 48 3
54 30 1
70 60 1
87 30 4
23 6 4
29 28 4
80 97 2
34 77 2
83 81 2
63 15 4
39 50 1
7 39 1
49 74 3
22 30 3
89 94 1
69 40 4
66 61 2
64 34 1
48 42 4
31 66 3
85 27 2
24 87 3
94 18 2
18 77 1
96 42 2
61 36 1
89 60 4
56 3 4
84 65 1
83 80 2
51 44 4
96 64 3
59 0 4
64 7 3
73 57 2
42 65 3
40 45 3
62 30 4
77 76 1
30 49 4
58 86 2
39 17 3
33 58 2
98 41 1
80 75 2
64 83 4
90 26 2
75 85 3
25 99 3
26 98 1
20 49 3
9 89 2
98 59 4
2 27 1
74 44 1
58 85 1
55 28 2
56 57 2
41 13 1
2 31 3
89 5 1
35 43 2
25 7 1
78 21 1
13 77 4
66 1 4
2 9 4
4 30 4
96 84 2
15 97 3
91 15 3
76 87 2
0 51 1
83 29 4
86 97 1
75 34 4
17 77 4
19 21 1
14 3 3
7 29 1
8 79 4
88 40 2
79 88 1
8 35 4
52 33 3
13 34 4
29 78 3
42 95 1
89 2 4
95 1 4
1 15 4
96 28 1
45 85 1
21 39 4
90 33 1
59 5 4
34 98 1
54 20 4
15 11 4
78 82 2
91 48 2
17 29 1
49 4 2
68 89 3
72 30 2
31 1 4
75 20 4
52 70 1
5 32 1
94 81 2
80 51 3
37 54 1
57 14 2
28 61 2
98 9 1
86 1 2
24 78 3
21 24 4
12 78 1
65 82 4
9 85 1
90 39 1
24 57 4
9 74 1
84 13 3
22 77 2
12 13 2
1 94 1
36 67 2
82 50 1
89 97 3
37 14 4
46 32 3
66 44 3
55 65 2
28 88 4
31 48 4
67 10 2
85 13 3
66 80 2
51 24 3
92 51 3
0 73 3
80 2 3
53 67 2
17 94 1
98 83 1
98 63 3
4 98 2
99 49 4
3 89 3
15 74 4
86 0 4
63 91 1
72 93 1
88 6 4
48 15 4
8 18 1
11 46 3
20 58 3
77 52 2
51 73 1
51 63 1
21 64 1
39 91 4
92 35 3
66 74 3
59 3 3
10 37 1
64 0 1
10 40 1
25 64 3
3 81 1
25 21 2
98 77 3
63 83 1
45 36 1
45 47 4
20 89 3
64 56 3
6 13 1
0 2 1
38 73 1
92 97 1
82 28 3
42 44 1
76 83 1
74 18 4
0 78 4
50 67 1
50 38 2
71 70 4
43 34 4
54 84 2
90 64 3
72 96 4
29 4 4
94 35 4
17 86 2
10 22 1
46 77 1
92 95 1
27 86 3
41 4 1
33 21 3
7 68 4
54 19 3
90 19 1
30 8 4
18 87 3
13 46 3
27 94 3
52 36 4
23 72 4
16 31 2
52 32 1
90 73 2
46 79 2
0 53 3
51 64 2
60 76 3
63 73 3
23 97 2
93 28 3
90 2 2
80 55 2
99 1 1
63 96 4
54 68 2
73 74 4
13 99 4
89 46 4
3 67 3
62 3 1
70 20 1
12 87 4
47 5 1
65 68 1
42 4 4
41 3 4
26 85 4
49 19 4
62 95 1
28 8 1
56 90 3
26 52 1
97 94 2
70 64 2
6 51 4
30 32 3
47 66 3
85 17 2
47 63 3
96 24 1
22 50 2
39 19 2
42 36 2
45 30 2
41 90 3
27 16 2
81 6 4
45 99 2
82 6 3
73 32 3
24 76 3
54 3 2
77 30 2
22 89 4
71 39 4
24 17 2
88 57 2
61 46 2
44 83 4
83 9 2
26 4 3
17 76 1
10 64 4
52 64 1
52 31 1
4 22 1
49 47 1
18 35 2
87 15 2
64 54 4
30 96 1
15 52 3
38 77 3
30 24 2
80 17 1
93 24 1
50 58 3
86 39 2
80 37 1
25 86 4
88 61 3
55 73 4
56 75 3
96 80 1
50 25 4
79 83 2
42 91 3
30 19 3
49 51 2
80 13 1
5 84 2
49 44 4
46 75 2
55 20 2
83 37 4
95 57 4
37 19 4
39 31 3
81 93 3
14 62 4
74 97 4
6 40 2
11 93 4
99 56 2
67 11 4
45 73 4
65 56 1
8 91 3
18 50 2
18 66 4
27 80 2
32 31 1
51 9 1
94 12 3
96 68 3
63 90 1
55 24 2
99 32 4
88 45 1
92 39 4
37 31 3
54 45 3
79 98 4
59 61 1
90 15 3
0 11 1
8 42 1
85 51 2
57 69 3
40 17 4
12 28 2
71 24 3
44 24 4
81 82 1
83 66 1
56 61 4
85 10 4
9 23 1
39 38 2
89 79 2
54 47 3
83 28 3
60 54 4
29 55 4
12 24 2
12 61 2
41 54 1
31 85 2
46 60 2
8 93 3
45 94 2
1 68 2
70 36 2
39 27 2
43 20 3
18 39 3
69 89 3
74 17 2
7 1 1
20 98 3
24 26 3
77 29 3
22 11 1
38 48 4
94 85 1
19 20 3
83 31 4
20 12 4
38 6 3
13 47 3
4 44 2
11 42 1
51 71 4
70 37 2
29 52 2
99 57 4
5 72 3
28 64 3
23 29 4
77 96 1
86 14 2
58 4 1
2 42 3
15 17 1
86 77 4
22 44 4
72 73 3
71 99 4
16 35 3
81 50 3
4 85 3
92 42 2
45 16 4
71 90 1
91 27 2
33 18 4
69 96 3
25 68 2
55 6 2
93 30 1
41 19 1
69 72 3
16 67 1
66 64 2
18 16 4
61 92 2
0 71 4
74 38 2
17 22 1
31 13 1
51 52 1
8 37 1
35 51 4
92 62 2
54 72 4
82 98 2
96 94 3
97 2 2
80 88 3
81 30 3
10 86 1
29 63 3
52 45 2
49 98 1
11 33 2
13 90 4
65 16 4
5 52 4
67 9 2
15 58 4
89 48 3
30 38 2
51 97 3
46 22 4
85 77 4
36 11 4
87 13 3
59 75 1
64 29 1
90 51 3
71 76 4
81 49 2
38 31 3
9 32 2
1 3 4
96 76 4
39 87 1
72 45 4
50 9 2
59 12 3
26 12 1
86 61 3
68 15 1
73 35 2
16 52 4
7 18 2
46 72 1
2 88 2
65 14 3
59 96 1
28 73 2
85 34 3
79 86 4
45 90 4
76 2 3
50 66 1
82 66 2
94 44 1
7 49 3
19 93 1
11 62 2
33 29 3
37 60 3
28 84 4
70 8 3
4 94 4
40 91 4
98 68 2
97 73 4
22 20 1
51 36 2
86 40 1
80 91 1
57 96 2
71 13 1
88 7 2
1 88 1
93 67 1
15 8 1
34 28 2
0 24 3
91 98 1
47 73 4
51 40 3
8 92 1
52 25 1
92 15 2
33 84 1
6 32 4
16 21 1
54 61 3
64 59 2
70 92 3
70 44 2
58 34 2
64 60 4
2 29 1
38 84 1
18 62 4
76 29 4
93 3 4
1 36 4
79 6 1
88 54 3
66 54 2
5 48 2
14 96 1
16 73 3
9 55 4
28 9 4
91 22 2
21 74 4
55 68 1
14 80 2
99 19 4
75 53 2
77 28 2
2 36 2
53 61 3
19 61 1
92 79 2
51 34 4
70 1 1
92 37 4
1 24 4
64 76 1
40 58 4
41 22 3
53 99 1
47 7 3
66 96 2
29 93 2
99 43 2
90 9 3
86 16 3
79 47 4
73 39 3
38 29 4
58 51 1
2 6 2
11 70 1
16 44 3
63 13 2
0 19 3
3 82 4
72 81 4
58 76 3
68 67 1
70 12 1
97 28 1
36 12 1
71 33 1
1 62 2
70 42 3
76 80 3
98 3 3
59 14 2
29 75 2
51 79 4
66 33 1
65 50 3
15 57 1
95 20 1
78 19 4
81 63 2
83 93 3
87 67 4
62 38 1
87 49 1
74 93 4
90 76 4
36 0 3
88 46 1
21 18 2
84 63 4
31 46 3
49 27 1
97 36 3
95 22 1
68 36 2
20 72 3
3 68 1
87 89 1
12 67 4
41 84 4
50 15 1
13 25 2
87 80 2
14 26 3
99 23 4
56 78 2
67 99 1
94 84 4
88 17 1
76 74 1
96 93 1
71 94 2
15 73 4
2 55 1
27 95 3
70 93 1
58 41 2
69 64 4
11 37 1
82 59 2
47 87 2
32 81 3
33 0 4
39 83 3
69 5 4
51 82 2
32 39 3
72 71 3
95 45 2
8 24 1
63 30 2
55 44 2
12 5 3
23 67 2
44 9 3
29 39 1
30 12 3
46 76 1
47 51 4
3 69 2
41 12 3
64 18 2
94 57 1
27 34 1
70 85 3
18 15 4
18 68 1
7 40 4
4 25 1
5 64 1
71 8 1
16 3 3
88 97 2
7 66 4
37 71 2
54 89 1
67 5 3
3 37 3
75 9 3
99 63 4
61 91 1
70 65 1
37 13 2
51 27 2
0 95 3
37 79 2
97 16 1
56 87 4
22 99 3
2 70 2
83 61 3
91 77 1
29 14 3
1 40 3
35 55 2
40 50 1
94 69 1
68 63 3
16 58 3
87 94 1
77 27 3
31 36 2
57 36 3
85 35 4
27 84 2
33 72 1
99 14 4
57 9 2
67 15 4
59 40 2
83 14 1
87 98 3
67 96 2
29 59 2
42 40 3
17 28 3
4 12 1
88 60 2
95 69 1
68 62 2
15 61 4
15 64 4
75 96 4
89 37 2
32 93 4
55 0 3
79 27 1
78 34 2
48 86 2
63 34 3
18 86 1
7 67 2
61 51 2
9 80 2
10 60 3
39 8 3
83 68 4
44 62 3
11 76 2
77 49 2
18 49 3
24 15 3
33 78 1
28 59 1
75 98 3
34 29 1
5 14 1
11 74 1
45 3 1
71 29 2
14 84 3
32 84 2
82 77 2
9 81 1
58 92 4
4 10 1
86 21 1
88 44 1
27 14 2
79 74 4
85 56 2
32 38 3
77 3 1
86 32 2
87 23 2
92 88 1
0 68 4
16 15 4
49 6 3
98 55 4
77 32 3
75 76 1
40 73 4
46 33 4
5 83 4
23 14 4
58 67 3
33 47 2
86 12 1
3 18 1
40 0 3
53 81 3
54 96 3
44 2 2
73 99 2
75 38 1
28 5 1
40 61 4
24 64 3
20 47 4
84 80 4
34 0 2
24 63 1
34 41 2
36 55 3
6 18 3
38 72 1
93 54 3
42 28 2
5 71 1
78 90 4
16 42 3
53 6 1
45 37 3
68 77 3
29 95 2
93 35 3
17 14 2
24 89 2
73 77 2
92 7 4
54 78 3
38 79 1
18 81 2
39 59 2
40 44 2
20 71 2
45 64 4
69 12 1
71 79 4
98 69 2
74 35 1
91 5 2
93 82 4
14 58 1
63 41 4
11 73 1
61 25 2
2 75 1
71 41 3
90 46 4
88 90 2
12 62 3
37 90 2
62 33 3
27 88 3
24 34 2
4 96 1
40 9 3
7 34 2
81 78 3
99 42 4
91 57 3
71 84 4
19 65 2
57 42 4
40 52 3
89 85 3
99 88 4
21 43 4
72 52 1
43 84 4
66 40 2
67 28 3
64 42 1
22 28 1
46 93 1
39 1 3
3 23 1
71 55 1
62 27 4
2 85 2
36 44 1
85 93 2
90 7 3
72 51 2
33 63 2
94 48 3
31 35 1
22 19 1
74 30 2
70 21 1
36 88 4
28 36 2
81 15 3
60 34 3
7 32 2
99 65 2
56 18 2
43 4 3
40 13 4
48 14 2
56 14 1
71 60 4
25 45 1
92 75 1
52 86 3
51 43 3
52 78 2
46 96 3
63 22 3
11 92 2
41 6 3
63 26 1
46 21 1
47 61 2
57 52 4
25 30 3
50 60 2
99 92 2
27 74 4
8 7 2
48 35 1
42 1 4
42 82 3
41 28 1
2 81 1
18 45 3
18 46 1
7 17 2
46 53 3
66 35 3
68 22 4
83 46 2
79 54 4
18 67 4
39 11 3
40 70 1
73 58 2
58 18 4
31 93 4
74 40 3
6 67 3
75 22 2
57 82 4
99 52 4
31 69 2
45 75 1
5 42 4
71 17 4
36 80 4
50 56 1
80 98 3
31 59 4
22 56 1
48 2 3
44 3 3
79 72 3
30 69 4
36 76 3
58 42 1
64 49 1
25 53 1
46 69 4
63 14 1
22 74 2
44 85 2
33 76 1
79 61 1
92 76 2
52 49 2
6 28 1
22 16 2
51 56 2
91 54 1
45 91 1
6 86 4
69 97 4
96 79 2
9 10 4
62 13 4
4 45 2
50 52 2
68 42 2
28 76 1
28 40 2
65 86 3
27 5 1
91 68 2
73 85 1
24 85 3
1 34 1
29 0 4
44 81 2
56 84 2
49 57 2
51 76 2
12 47 4
90 99 4
42 52 2
17 12 2
21 62 1
4 16 1
63 20 3
45 77 3
90 52 3
41 1 2
83 24 1
8 2 4
45 79 2
55 32 3
31 75 4
84 69 2
11 55 4
99 37 1
81 22 2
4 27 1
70 25 4
20 88 4
73 44 3
54 36 3
32 91 3
1 76 2
96 13 4
38 61 4
54 29 1
35 89 1
92 57 2
94 5 2
15 79 1
35 82 4
72 21 1
99 21 2
38 97 4
70 97 1
7 54 2
64 84 4
87 32 1
63 38 3
48 20 3
97 44 3
75 73 3
0 30 4
26 8 3
33 97 3
52 22 1
83 26 1
69 63 4
3 33 3
9 14 4
70 82 4
26 59 3
5 16 3
58 0 2
95 26 4
17 23 4
8 61 4
79 16 1
82 62 3
29 73 1
75 54 4
60 66 2
42 3 4
84 15 3
95 73 1
13 5 3
29 32 1
51 70 3
10 27 1
23 85 4
56 55 2
68 87 3
22 32 4
80 54 4
71 63 3
22 57 1
31 65 3
38 22 1
27 66 2
25 76 3
27 60 2
61 35 1
12 75 3
58 93 1
56 31 2
51 55 3
5 54 4
91 67 4
18 0 2
38 58 1
73 79 4
91 9 3
1 55 4
8 55 2
16 46 4
63 32 4
19 70 3
10 65 4
10 83 1
96 52 4
21 91 1
86 42 3
5 10 1
53 19 2
17 45 4
1 51 4
88 38 2
93 22 1
32 27 4
24 23 2
89 99 3
59 72 4
62 49 1
1 17 2
31 49 2
75 64 3
14 93 1
58 78 3
0 45 1
88 14 2
62 4 2
83 89 2
25 28 3
58 71 1
17 55 2
76 12 1
81 43 2
90 47 1
85 33 1
70 86 2
84 76 2
50 59 3
86 99 3
96 10 2
52 44 3
35 59 1
16 84 2
42 9 4
34 83 1
69 53 1
13 91 3
80 89 3
26 45 2
10 1 1
38 51 1
79 80 4
80 25 3
16 75 1
98 70 4
47 62 3
67 20 4
60 8 2
3 61 3
30 97 4
18 83 4
18 48 1
29 48 1
7 11 4
4 55 2
15 28 3
22 70 1
69 71 2
97 82 4
69 41 2
23 70 1
4 61 3
32 62 4
82 23 3
90 1 3
38 95 2
22 62 2
14 21 2
83 91 1
18 23 4
65 49 2
51 16 1
89 15 1
98 71 1
25 19 4
92 83 4
19 62 3
63 39 3
55 91 3
26 89 2
72 55 2
32 0 4
6 46 3
69 34 2
80 99 4
59 60 4
0 4 2
93 21 2
37 65 4
21 89 4
13 3 2
92 78 2
46 4 1
68 21 3
63 59 2
15 62 1
39 15 3
23 27 1
34 44 3
44 90 2
22 25 2
92 0 4
45 22 3
62 51 4
40 38 4
86 20 2
35 1 2
29 79 4
18 31 1
4 79 2
68 5 2
46 15 3
7 80 3
43 85 3
59 69 2
59 94 4
72 25 3
97 50 3
84 23 4
51 8 1
91 52 3
33 2 1
43 86 3
65 54 1
65 71 2
97 17 2
21 83 2
37 25 2
39 37 1
90 22 1
89 11 4
90 92 2
45 8 1
94 92 4
38 81 3
79 20 3
47 8 4
98 93 2
52 63 4
34 17 4
4 92 4
28 20 4
75 79 3
79 39 1
60 97 2
97 54 2
19 81 4
85 60 2
83 82 1
16 72 3
47 99 4
34 14 4
36 62 2
30 70 3
41 75 3
16 70 2
22 42 3
79 56 2
77 41 3
14 82 2
8 94 2
31 60 1
98 16 3
75 67 1
10 88 4
61 65 3
33 82 2
90 94 1
22 26 2
61 42 4
69 51 1
33 48 4
94 3 1
20 69 2
88 19 2
75 99 1
68 66 3
7 84 3
9 95 3
51 5 1
40 32 3
13 49 2
98 72 2
93 65 4
36 85 1
44 28 1
84 77 1
40 90 2
48 70 3
45 70 3
84 58 4
95 76 3
94 31 1
69 60 2
59 20 3
88 95 2
72 85 4
26 5 2
19 43 1
99 3 4
75 33 1
98 89 2
27 55 4
98 30 2
55 43 2
75 23 3
68 43 3
66 79 2
19 24 1
16 56 4
78 67 4
57 10 1
81 25 1
24 22 2
85 81 4
32 19 3
0 70 2
86 55 3
32 66 1
2 22 1
38 76 4
99 55 4
2 78 3
95 50 1
41 17 3
75 89 2
78 93 4
40 15 1
1 46 4
86 28 1
11 35 3
97 21 2
89 55 3
12 72 2
19 68 2
94 46 2
0 84 4
3 35 2
97 35 4
12 33 3
43 13 2
34 2 2
55 92 3
87 79 2
22 59 3
55 38 3
20 93 3
42 49 4
25 66 1
21 34 3
39 89 4
35 6 3
35 50 1
53 5 2
44 26 3
74 3 2
34 87 4
67 47 1
84 12 4
4 50 3
65 45 1
85 49 4
17 25 1
80 11 4
5 36 3
38 70 4
92 87 1
3 19 3
7 33 2
34 4 1
10 54 2
55 57 1
21 44 4
52 3 4
47 93 4
16 24 4
23 15 2
53 35 4
52 43 1
78 62 2
83 62 4
58 27 3
14 8 4
4 24 3
9 27 2
67 22 4
74 84 2
0 17 1
37 52 4
63 97 4
62 67 4
18 91 4
91 34 3
30 91 2
16 92 2
55 25 4
12 55 4
58 1 2
47 10 1
52 76 3
15 19 2
9 60 2
33 40 2
72 14 3
48 43 2
53 27 4
94 42 1
99 77 2
8 40 4
10 31 4
25 48 1
49 1 4
66 59 3
80 21 3
34 45 1
4 35 3
86 63 3
66 28 1
59 68 4
81 37 2
6 89 3
40 57 1
71 32 4
73 53 4
64 67 4
84 70 3
51 14 2
73 66 4
93 38 3
91 4 2
6 1 3
11 47 2
75 62 3
73 48 3
67 80 4
67 70 1
96 61 4
94 79 4
32 42 4
93 12 1
17 44 3
10 74 3
60 74 1
30 50 4
50 43 3
26 41 2
60 44 3
10 97 2
25 31 2
15 20 3
64 80 3
3 10 2
42 83 3
9 38 3
29 1 1
2 35 2
24 14 4
32 68 2
19 9 2
78 44 3
0 91 3
86 45 3
41 53 4
40 49 3
75 8 2
19 31 3
73 20 2
5 80 1
85 68 3
89 13 4
41 91 2
17 57 2
77 64 4
29 9 2
52 30 4
68 80 1
64 31 1
11 32 1
49 14 2
86 44 3
19 6 4
87 58 2
23 65 3
59 42 1
55 58 1
54 56 1
71 89 3
11 23 2
93 48 2
98 57 3
56 52 3
93 86 1
14 91 2
31 50 3
20 1 2
79 9 4
41 70 4
99 94 4
79 97 1
56 44 2
56 96 4
6 84 1
87 7 3
42 73 2
85 48 1
58 3 3
82 87 4
52 62 1
95 53 3
27 92 1
91 24 1
96 23 3
71 14 2
74 47 2
57 27 3
39 69 4
29 74 3
93 79 4
90 58 4
76 54 1
91 66 1
63 42 3
21 22 1
67 49 4
22 51 1
93 25 3
78 64 1
27 1 3
30 83 1
48 81 1
71 57 2
22 69 4
34 55 3
41 0 4
6 7 4
42 97 3
80 78 1
0 96 3
55 16 4
19 4 2
95 23 2
19 5 2
33 50 1
47 70 1
30 16 4
89 32 4
60 91 1
57 25 2
64 63 4
62 74 1
44 29 1
60 0 4
58 65 3
88 55 4
49 58 4
0 74 3
90 61 4
59 44 3
22 6 4
76 23 2
94 98 2
6 42 4
57 23 4
72 57 1
3 25 2
95 74 1
87 20 1
28 23 2
22 79 4
15 51 1
4 15 3
98 14 4
30 6 3
72 74 3
70 54 4
54 12 3
70 76 2
84 89 4
46 24 1
68 50 3
15 93 2
19 2 2
37 82 2
98 5 4
86 22 4
96 11 2
52 94 1
66 95 2
29 43 4
45 69 2
3 7 3
36 24 2
10 52 3
39 96 3
18 29 2
14 11 1
12 0 1
21 95 3
77 15 1
15 12 4
16 14 1
46 44 3
16 40 3
88 32 3
39 26 4
95 39 1
93 50 4
88 39 2
84 46 2
99 33 3
65 88 3
68 4 4
23 94 1
76 82 4
57 65 3
85 41 2
35 67 3
79 11 4
96 55 4
90 30 4
28 94 4
81 84 1
86 11 4
29 92 4
92 44 2
0 89 2
74 80 1
18 76 4
37 64 1
84 85 4
15 45 2
17 36 3
60 11 1
50 24 2
26 23 4
79 13 2
11 13 1
36 60 3
74 88 4
95 86 3
32 23 2
96 27 2
0 37 4
97 75 1
30 20 4
75 69 4
31 7 1
2 15 1
9 69 2
66 17 4
11 75 3
9 46 1
77 63 3
77 69 1
66 97 3
5 65 1
56 49 2
13 18 3
16 74 3
34 88 1
16 68 1
34 42 4
75 52 4
81 90 2
74 70 2
59 34 3
79 19 1
58 69 3
36 47 3
6 29 1
82 29 3
30 42 1
66 76 4
20 42 3
24 94 2
17 38 1
72 58 3
12 56 4
67 32 4
83 77 3
16 25 3
82 8 4
42 25 2
38 82 1
30 94 1
75 66 1
48 24 2
5 46 3
72 2 3
23 33 3
2 57 2
37 5 4
7 98 4
1 21 4
66 29 1
72 3 1
34 50 3
53 13 2
36 84 1
42 66 4
98 22 2
58 19 1
66 41 1
40 79 1
72 67 2
92 71 2
37 23 3
6 11 4
65 80 2
70 57 3
33 16 2
73 78 2
12 50 2
7 51 3
68 46 2
65 33 3
0 25 2
83 58 3
37 53 2
87 16 3
0 6 4
19 45 1
95 10 3
1 37 1
64 89 3
27 68 3
60 83 3
23 52 3
89 76 1
52 35 1
45 38 1
10 15 1
84 8 4
39 80 4
5 63 1
53 38 1
44 11 3
63 48 2
6 78 3
23 54 2
87 77 4
17 73 2
64 93 2
72 89 1
2 59 2
73 9 2
78 86 4
50 86 4
88 85 2
33 53 2
7 44 3
64 88 4
62 23 4
89 52 4
48 49 1
36 39 4
97 18 1
2 84 3
60 2 4
76 32 2
99 10 4
36 7 4
70 39 3
12 73 4
59 45 3
95 70 3
12 53 3
79 57 4
77 92 2
0 54 2
42 10 4
73 24 4
12 37 1
40 96 4
32 51 2
3 22 3
75 48 2
91 99 2
60 92 1
50 76 2
28 74 2
5 1 2
28 31 2
31 40 3
78 4 3
3 76 3
19 16 4
38 14 4
24 27 4
72 44 2
3 11 1
68 92 2
96 16 3
50 46 1
80 93 3
84 26 2
1 61 4
1 87 1
52 69 1
73 3 2
95 6 3
92 46 1
59 77 4
75 87 4
9 48 4
55 48 1
61 87 2
4 69 1
2 52 1
6 48 4
24 98 4
65 40 3
58 17 4
54 44 3
62 86 2
61 70 4
99 54 1
21 50 2
76 13 1
84 97 1
81 58 3
33 83 1
60 98 2
17 52 2
53 87 2
84 62 4
