4900 100
0 71 5
1 5 9
2 15 8
3 55 4
4 33 7
5 63 9
6 13 3
7 35 7
8 56 9
9 97 2
10 45 2
11 13 2
12 67 4
13 67 4
14 65 2
15 17 1
16 2 6
17 51 3
18 97 8
19 88 1
20 79 9
21 84 2
22 7 8
23 77 8
24 26 4
25 48 3
26 5 3
27 29 1
28 88 3
29 8 4
30 25 7
31 34 3
32 3 8
33 87 8
34 68 3
35 85 8
36 0 5
37 31 1
38 65 8
39 58 2
40 46 3
41 65 1
42 37 2
43 29 9
44 20 9
45 31 9
46 43 6
47 85 2
48 72 2
49 3 8
50 88 6
51 18 2
52 43 1
53 99 2
54 42 6
55 68 2
56 24 1
57 96 1
58 99 3
59 50 9
60 56 3
61 20 1
62 8 7
63 76 3
64 39 8
65 16 8
66 87 5
67 19 9
68 78 9
69 39 2
70 30 1
71 52 1
72 93 3
73 24 5
74 44 8
75 90 8
76 41 1
77 55 6
78 72 3
79 96 5
80 51 7
81 94 8
82 64 9
83 84 1
84 11 7
85 48 1
86 30 4
87 43 3
88 44 5
89 55 1
90 55 5
91 57 1
92 4 3
93 55 7
94 44 5
95 38 9
96 58 6
97 58 1
98 52 9
99 19 3
87 82 4
82 46 1
66 85 1
32 27 2
48 41 2
55 16 3
18 17 3
51 34 3
12 58 1
53 49 1
24 96 4
74 87 3
57 13 1
18 63 1
26 19 4
66 53 2
55 61 4
99 80 1
88 5 3
49 21 4
80 37 4
9 2 1
22 52 4
45 3 4
32 51 2
51 55 3
44 83 2
39 50 3
53 51 2
80 70 3
20 39 2
50 48 1
67 55 1
94 91 4
16 12 4
91 65 1
7 77 4
7 40 1
28 23 2
51 57 4
27 11 3
37 17 2
92 98 1
13 55 1
21 88 1
71 5 4
79 12 3
83 15 3
55 34 4
38 96 3
63 53 4
55 63 3
39 92 2
41 80 3
45 97 3
28 9 1
72 17 2
26 45 3
41 88 3
49 84 4
42 15 3
87 77 3
5 70 3
63 82 4
31 38 3
19 93 1
32 26 1
62 2 4
85 67 1
5 48 1
84 14 3
15 87 1
80 87 1
13 41 1
6 82 2
7 75 1
36 63 4
80 66 4
91 68 3
86 5 2
62 32 1
47 4 4
12 96 3
95 80 4
72 15 3
79 94 3
80 2 4
29 10 4
21 15 2
6 47 1
17 9 4
38 64 3
97 39 1
89 40 2
17 4 2
30 10 4
22 23 4
98 83 4
16 73 1
77 65 4
7 8 1
27 35 1
88 83 4
21 53 3
63 46 2
90 65 3
75 71 2
26 66 2
17 44 3
28 30 4
10 25 1
99 39 4
77 60 1
94 70 1
60 14 1
69 1 3
54 36 2
20 6 2
73 53 1
12 57 4
2 54 1
5 19 1
52 40 3
42 62 2
31 55 4
35 20 1
63 35 3
11 37 1
59 73 2
78 90 2
57 14 3
47 64 4
74 3 1
16 81 2
13 40 2
87 68 4
65 57 3
57 43 4
23 83 1
44 26 2
26 10 4
91 59 1
86 12 4
19 28 4
24 59 2
67 48 2
35 83 2
73 91 4
32 75 4
92 99 1
21 48 4
93 40 2
84 71 4
31 61 3
91 39 2
7 32 1
33 53 1
21 62 4
33 19 2
36 19 2
3 83 1
68 51 4
98 49 1
66 83 1
19 81 4
29 88 2
33 39 1
87 53 4
58 34 4
45 13 1
67 89 4
29 92 4
32 21 1
27 81 4
64 29 2
12 75 1
74 78 1
71 63 3
29 31 3
33 7 1
96 17 1
96 37 2
24 63 3
4 37 1
36 16 4
34 65 4
5 60 3
47 89 1
90 95 2
80 88 4
24 77 1
56 0 1
45 18 1
63 16 1
88 7 2
39 5 2
85 34 4
63 67 2
42 86 2
5 54 1
46 27 2
82 1 4
87 7 2
55 92 3
44 33 4
42 88 4
39 0 4
18 99 4
95 78 4
66 10 3
22 68 4
24 37 3
37 34 2
18 19 1
35 61 3
36 86 3
83 37 4
87 0 1
68 69 4
10 41 3
30 55 1
65 71 4
7 29 3
45 57 4
51 98 1
30 13 3
59 67 3
32 52 2
92 36 2
92 93 1
42 87 3
25 94 1
72 19 3
64 55 1
59 16 3
89 26 2
9 50 3
55 7 3
1 36 3
62 83 4
14 79 4
44 13 3
31 28 1
51 59 2
10 16 3
74 25 3
32 38 2
31 68 3
80 39 3
46 0 3
57 74 3
61 18 3
52 92 1
12 81 1
61 11 3
47 45 3
86 35 3
92 15 1
80 47 4
27 5 1
36 35 2
28 73 4
6 92 1
48 11 2
50 23 3
14 85 3
41 16 2
73 39 4
67 16 2
33 90 3
91 44 1
5 31 4
1 62 4
74 28 3
81 89 3
2 26 2
70 91 4
47 68 1
7 89 3
76 11 1
0 21 2
45 2 2
74 41 4
12 68 3
48 27 3
52 37 1
47 17 1
97 98 3
25 80 4
88 27 2
66 43 3
41 38 2
64 17 2
35 54 4
20 90 4
46 57 4
84 85 1
69 29 1
88 98 4
62 46 3
35 81 2
60 13 2
92 49 2
88 40 4
29 28 2
89 66 4
95 63 4
72 55 3
68 58 3
91 35 1
4 30 4
68 57 3
55 50 1
70 10 3
1 0 1
15 7 1
87 50 2
2 8 2
29 47 1
79 16 2
90 36 3
50 26 1
22 83 1
20 67 1
41 30 2
91 47 3
65 79 3
28 21 4
35 89 4
61 30 3
56 33 3
2 36 2
0 31 2
30 2 1
98 18 1
14 91 3
95 74 3
82 95 1
65 73 3
32 1 3
15 45 1
39 74 4
99 47 3
10 80 3
15 71 3
16 96 4
13 4 2
22 82 2
8 78 3
37 47 3
92 35 2
37 3 2
39 10 4
68 18 4
7 5 3
62 96 3
99 44 1
55 41 3
20 41 2
69 59 3
99 33 3
34 15 3
39 66 3
94 82 2
5 83 3
51 22 1
21 1 2
9 19 1
41 18 4
88 57 1
71 49 1
56 90 4
27 8 3
55 39 2
77 84 4
1 53 3
31 93 2
24 33 2
14 32 4
84 42 4
19 8 2
54 92 1
63 99 4
33 80 4
32 88 2
55 81 4
79 58 4
28 59 3
51 16 4
53 39 3
42 36 2
88 70 3
63 1 1
89 79 4
30 80 4
53 22 4
32 18 4
82 13 2
15 11 1
86 69 2
38 81 3
93 43 3
25 6 3
7 50 2
41 5 1
24 82 2
85 40 1
28 68 1
28 20 2
14 36 4
33 92 2
51 94 4
58 57 3
80 34 3
33 1 2
88 22 3
91 22 2
36 96 2
41 43 3
47 58 3
28 46 1
13 52 1
39 31 4
24 19 4
31 77 2
70 33 4
60 72 1
18 8 3
41 12 2
80 27 2
54 34 2
63 7 1
16 70 3
39 98 2
58 30 2
26 74 2
9 59 3
70 55 2
28 35 2
36 3 1
90 30 1
1 75 1
56 1 4
70 67 2
13 22 3
90 69 2
37 29 4
57 33 3
94 66 4
74 49 3
37 49 1
7 51 1
59 57 1
38 53 3
38 66 3
8 93 4
50 85 2
54 83 3
26 77 2
14 89 1
75 88 2
99 64 1
15 23 4
44 85 2
97 85 1
42 8 3
95 88 1
33 88 4
2 56 2
83 27 4
9 70 1
79 3 2
48 68 1
48 90 4
78 56 4
3 13 2
31 97 3
47 30 4
96 99 3
69 81 1
75 60 4
6 79 4
5 52 3
18 65 2
90 0 2
1 67 1
12 88 1
86 78 3
9 37 1
49 70 3
68 37 2
57 6 4
64 85 2
66 22 2
85 43 2
21 26 3
19 78 2
86 99 4
37 46 2
68 50 1
65 2 4
99 29 4
73 82 1
98 43 4
51 91 2
74 1 1
20 30 3
46 91 1
97 25 1
30 29 1
53 24 3
77 34 2
56 14 4
15 9 2
3 6 2
71 43 3
76 85 2
92 7 4
90 59 3
4 95 3
52 4 3
67 86 1
52 42 4
48 86 2
98 76 2
11 62 3
27 73 4
92 96 3
60 99 3
48 44 2
48 61 1
53 10 2
74 30 1
60 16 2
26 61 4
82 20 3
26 53 1
12 26 2
2 94 3
77 28 1
7 81 4
37 86 4
89 72 4
66 70 4
27 37 3
31 14 1
97 86 3
20 15 2
22 49 1
5 29 1
33 49 2
13 92 4
48 23 2
52 84 2
67 0 4
38 72 4
38 7 4
28 53 4
40 53 4
56 49 2
8 85 1
34 13 3
71 91 3
41 96 4
3 91 4
76 33 2
7 20 2
59 1 4
36 70 2
30 40 4
90 15 1
18 9 3
79 39 1
21 68 4
97 51 2
59 79 4
94 12 4
97 73 4
81 52 2
74 91 4
49 14 3
67 76 2
85 94 3
79 40 1
28 27 1
78 26 3
93 50 2
15 65 4
64 35 3
74 50 3
71 96 3
12 31 2
48 18 3
76 45 3
36 88 1
95 2 3
74 69 2
65 88 2
6 12 1
76 81 4
83 2 1
46 49 4
45 92 1
42 13 4
87 90 1
3 38 2
0 6 2
56 91 2
77 93 3
90 93 4
23 96 2
14 2 3
15 78 4
54 45 2
17 68 4
95 16 1
19 56 4
1 52 4
41 86 2
73 76 1
28 40 2
0 74 1
47 69 2
94 30 3
89 88 3
56 57 3
40 29 2
80 73 2
74 94 3
95 28 1
6 34 2
45 71 3
25 29 2
53 20 4
11 38 2
55 97 2
77 0 2
99 45 2
56 84 1
17 6 3
32 61 4
91 45 4
94 73 4
38 49 4
79 48 4
44 15 1
7 34 4
64 86 1
2 29 3
68 72 1
64 30 4
27 79 3
80 1 4
69 32 1
22 71 2
57 83 1
52 38 2
82 62 2
15 13 3
75 63 4
65 74 1
79 61 3
53 96 4
1 13 4
3 30 2
48 95 4
77 42 4
58 52 4
1 47 4
85 55 1
53 86 1
40 73 4
55 98 4
44 73 2
43 53 1
63 19 2
58 81 3
39 47 4
51 37 3
28 44 3
32 11 1
23 11 1
48 77 2
82 27 1
62 44 4
17 42 2
10 63 1
71 28 1
67 53 1
5 45 4
58 26 4
85 92 2
41 46 4
97 40 3
16 26 4
50 64 1
9 87 3
2 63 1
52 8 1
82 96 2
60 48 4
9 36 1
34 48 4
75 95 2
44 79 2
83 58 1
57 9 4
34 53 2
6 63 3
43 30 1
21 35 3
55 14 4
84 37 4
82 10 3
29 74 2
9 65 3
41 24 1
42 69 2
55 37 1
11 58 4
97 90 4
2 31 3
32 25 3
60 59 1
67 98 2
78 58 1
81 84 3
51 43 4
21 46 1
32 34 1
35 65 4
70 32 1
7 36 3
10 33 4
11 96 2
48 3 3
44 12 2
80 6 4
83 45 2
83 63 3
73 30 1
69 45 1
58 10 1
66 65 1
53 37 2
63 21 2
62 13 4
45 89 4
74 51 2
94 86 4
77 43 1
89 71 1
65 39 3
93 14 1
9 63 3
23 36 1
58 85 3
6 32 4
30 32 2
41 8 3
52 26 4
91 58 3
11 47 3
56 29 3
58 40 4
4 96 1
61 99 3
23 80 1
33 72 3
44 63 1
99 52 1
66 37 1
80 69 3
6 78 1
21 90 4
91 67 4
99 71 1
7 76 1
99 35 1
69 78 2
90 7 3
52 6 1
54 78 3
14 98 4
22 18 4
16 57 3
94 95 4
42 82 3
89 98 3
3 59 3
25 47 2
42 12 3
59 33 1
3 68 1
30 81 1
15 82 4
60 34 1
86 8 3
45 73 1
85 63 3
56 45 1
14 21 2
74 37 4
5 30 2
32 86 3
4 39 1
81 48 3
23 25 2
60 66 4
76 31 2
19 27 2
13 98 4
26 37 4
76 70 3
38 78 1
52 90 2
55 60 3
63 34 1
28 11 1
95 91 4
60 74 1
89 11 3
42 68 3
22 85 3
7 37 3
39 24 3
73 9 1
83 90 3
16 89 3
8 37 1
2 32 3
61 36 3
84 99 2
14 41 2
81 10 1
97 96 3
30 14 2
72 30 4
3 93 1
42 11 4
98 16 2
13 19 2
55 21 4
45 24 3
15 50 2
20 47 3
31 62 3
20 5 3
52 95 4
64 11 1
27 20 4
20 64 3
26 41 2
26 39 3
4 9 1
73 5 3
82 56 4
52 91 3
64 88 2
88 94 1
97 87 1
88 71 2
50 70 2
94 77 1
87 39 3
43 78 1
57 23 4
57 21 2
44 43 2
13 49 1
11 78 3
14 53 2
48 26 3
63 92 1
23 99 2
80 60 3
69 85 2
56 80 4
92 81 1
30 63 4
22 8 3
20 84 1
23 40 4
30 48 4
78 27 3
88 62 3
74 99 3
29 9 2
19 0 3
42 46 1
79 24 3
28 58 1
84 47 1
94 72 4
93 35 2
74 77 1
34 92 3
54 10 1
82 11 2
48 82 2
43 75 2
77 37 1
21 36 1
44 90 4
78 16 1
39 54 1
70 6 1
20 77 2
60 97 3
98 34 2
57 93 3
93 44 1
24 50 1
91 83 3
86 10 1
49 5 2
1 34 1
0 18 2
68 45 4
72 34 2
28 14 4
80 57 2
53 50 3
51 84 1
31 3 4
46 74 4
92 87 1
78 31 1
51 71 1
88 14 3
90 42 4
97 99 1
40 54 3
8 98 3
41 67 3
42 97 4
21 16 2
76 44 2
13 97 3
50 66 1
57 60 2
71 53 4
29 42 2
0 53 4
94 55 2
53 80 4
39 41 3
12 78 2
95 5 2
99 69 4
94 76 1
77 54 1
29 48 3
87 28 4
41 9 4
18 94 2
12 66 3
32 53 2
73 7 1
86 49 1
8 24 4
11 57 3
51 10 1
2 27 1
24 95 4
62 71 2
54 29 3
80 92 1
56 63 2
15 43 3
35 45 3
11 88 3
78 50 4
20 33 3
87 55 2
40 59 2
33 40 1
74 10 3
38 8 3
10 31 3
54 87 3
33 0 4
57 89 3
47 54 3
2 72 1
68 16 4
63 58 1
63 27 3
43 21 4
49 43 2
57 84 3
27 70 2
86 15 4
11 92 3
24 90 3
70 44 2
46 81 3
22 1 2
74 34 2
53 29 2
40 69 2
56 40 2
16 25 3
23 5 1
47 82 3
52 70 3
66 6 3
97 83 4
5 77 4
49 66 2
52 0 2
10 2 2
85 42 2
9 77 4
46 83 4
0 41 3
10 27 4
29 71 1
67 49 1
29 32 1
74 70 2
59 75 4
37 87 2
35 46 2
17 82 2
69 50 4
72 50 1
7 0 2
4 48 3
73 88 2
5 53 1
39 52 3
18 31 1
22 65 1
91 80 4
49 36 3
62 26 1
97 3 4
54 25 4
39 85 4
75 76 1
77 22 2
49 88 1
7 72 4
54 4 1
10 85 3
52 94 2
59 94 1
60 4 2
6 44 4
6 7 1
93 96 1
11 14 4
13 66 2
5 46 2
8 28 2
64 84 4
91 86 3
10 18 2
47 73 2
69 18 3
5 51 3
23 17 3
45 23 2
19 34 2
65 24 3
42 18 2
54 68 3
57 22 3
67 54 3
83 51 3
94 45 2
86 2 3
23 41 3
93 60 4
47 12 3
93 67 2
83 32 2
81 13 2
69 38 1
54 64 1
3 7 4
18 27 4
49 89 2
51 23 2
22 11 4
44 1 2
93 4 4
67 68 4
72 35 1
58 41 3
60 29 3
29 93 3
52 85 4
57 27 2
12 84 4
36 51 4
25 67 4
25 88 3
90 14 3
86 9 2
1 6 1
8 49 1
89 83 4
26 34 2
3 28 3
71 30 1
45 53 2
71 18 1
45 95 2
30 6 2
41 54 2
12 49 2
71 95 2
7 16 1
9 94 1
71 76 3
48 84 3
23 32 4
72 13 4
21 2 1
26 84 4
41 45 3
39 8 2
0 42 1
12 17 2
51 89 2
57 77 3
2 12 1
50 92 1
79 13 3
65 86 1
66 54 4
57 26 1
54 51 4
12 51 3
13 29 3
86 26 4
19 89 2
92 26 3
93 88 1
76 61 2
22 84 4
49 63 4
81 3 4
83 53 4
94 84 2
88 90 3
89 0 1
29 57 2
65 62 2
84 5 3
39 21 4
23 61 1
33 3 4
7 47 3
11 30 4
80 19 4
18 81 2
75 94 2
5 11 4
8 90 3
50 96 4
57 98 4
91 29 3
40 43 3
96 65 3
45 86 4
43 33 4
26 54 3
4 70 3
9 92 3
3 84 4
29 39 2
72 44 3
12 60 3
51 65 3
57 49 2
53 82 1
74 5 2
35 8 1
82 88 3
17 14 4
63 42 3
49 72 2
63 31 3
79 52 1
16 86 4
71 33 3
50 61 3
34 29 3
43 1 4
59 34 4
33 38 3
86 6 3
31 71 3
52 53 3
80 8 4
29 97 2
27 41 3
9 89 3
52 86 4
77 53 2
37 38 4
17 41 3
29 15 1
87 57 4
99 93 1
98 45 4
16 34 3
38 14 3
2 42 1
23 82 3
40 74 3
79 47 3
51 39 4
20 42 2
90 12 4
57 76 2
91 76 4
95 27 1
60 94 3
13 85 1
22 9 1
59 7 4
85 16 2
13 10 1
18 33 2
49 23 3
1 60 3
87 83 4
14 15 1
42 60 2
31 66 1
57 94 4
22 55 3
86 17 1
90 58 1
97 32 4
53 3 1
41 79 4
86 28 3
4 80 3
17 69 4
30 35 2
27 99 4
80 79 4
77 81 2
11 54 4
54 73 4
79 55 1
58 93 2
40 15 1
82 77 1
3 78 3
5 24 1
50 41 1
70 34 2
56 95 3
3 4 4
6 95 1
32 35 2
82 9 4
21 23 4
20 17 4
29 98 3
4 68 2
57 7 2
61 56 3
84 96 4
43 54 2
40 83 2
88 63 2
1 79 3
38 44 1
43 81 1
28 41 2
70 21 2
79 9 3
48 24 3
46 34 2
41 19 3
53 19 1
95 99 4
57 90 4
8 99 2
70 90 2
33 78 3
42 98 3
18 66 1
21 91 3
61 66 3
99 38 4
34 83 2
64 53 3
68 44 3
81 93 2
97 5 1
29 78 4
21 95 4
39 18 2
33 27 2
27 77 1
3 20 1
94 14 3
20 1 3
80 35 2
91 34 2
90 94 2
15 19 4
20 46 1
72 98 2
58 24 2
61 25 3
85 7 4
5 8 3
82 98 2
37 0 3
61 68 1
89 96 2
13 88 2
60 0 4
46 13 1
51 79 4
59 52 4
1 26 2
70 81 2
47 35 1
6 97 4
32 80 2
4 50 4
90 1 4
32 87 2
3 25 3
82 65 3
28 78 4
25 77 3
17 83 4
31 53 1
4 56 3
0 96 2
9 13 2
51 30 3
37 97 3
65 59 2
57 36 1
4 58 2
32 17 4
43 32 4
15 49 1
81 31 1
14 46 2
57 25 2
10 17 1
37 22 3
70 75 4
71 47 2
19 39 1
57 52 1
49 10 3
27 50 2
97 82 1
96 80 2
13 71 2
82 4 1
23 42 1
79 50 1
99 54 1
97 78 2
72 14 4
51 66 2
37 92 2
11 45 2
3 86 3
63 29 4
64 3 2
62 35 2
87 96 2
21 58 4
40 61 3
32 20 1
34 17 1
98 10 2
85 89 2
41 66 4
1 76 3
33 52 2
4 90 3
38 62 4
85 30 4
66 2 2
59 11 1
20 93 2
78 85 1
14 1 3
90 77 3
38 30 3
87 17 3
38 86 2
29 70 2
49 19 4
38 48 2
60 84 2
72 53 1
76 96 2
76 72 4
53 47 3
98 79 4
94 13 2
70 37 2
7 42 4
12 7 3
68 46 3
88 74 3
5 92 4
84 66 1
1 91 1
95 37 4
60 44 3
94 26 3
30 9 4
90 27 1
16 80 4
2 60 4
50 91 2
47 18 1
98 78 1
0 24 4
74 19 3
3 65 1
90 72 3
69 34 2
75 11 4
13 50 3
63 15 1
84 54 1
43 28 2
93 36 3
28 50 2
16 35 3
58 92 4
25 12 1
40 19 2
91 43 1
16 6 4
83 99 1
36 65 1
19 76 4
81 24 1
54 13 3
95 53 4
72 0 4
0 83 1
80 68 3
60 92 4
90 37 1
13 31 2
75 66 2
83 94 1
12 36 1
76 40 4
45 30 4
32 13 2
20 9 3
91 82 4
23 59 4
43 80 4
99 87 2
41 31 1
59 85 4
7 21 2
87 6 4
48 19 3
55 86 1
69 76 3
42 5 3
0 3 1
64 60 3
50 16 1
99 17 1
84 79 1
77 4 2
72 65 4
53 79 1
96 86 2
88 35 4
19 51 4
27 91 4
3 88 2
75 3 4
2 61 2
41 34 3
13 77 1
90 32 2
75 82 3
9 16 4
22 33 2
21 22 3
60 76 1
48 88 4
22 72 4
87 27 3
14 58 3
52 36 1
26 18 1
89 18 3
15 30 3
3 70 2
89 94 3
6 59 1
40 47 1
8 87 2
14 42 4
77 72 4
93 38 3
11 71 2
82 43 2
5 58 4
24 46 3
88 77 2
97 41 1
91 84 3
16 15 2
64 13 3
56 85 4
45 7 4
61 67 2
34 0 2
68 33 2
87 22 3
17 35 4
89 87 4
95 66 3
4 27 3
42 99 3
4 73 2
87 25 3
42 1 3
25 82 4
83 72 2
61 12 4
84 17 3
19 29 1
45 21 4
20 58 3
83 38 1
78 2 4
28 52 1
0 30 1
36 43 3
41 73 1
76 8 2
84 61 3
13 21 1
85 88 4
41 52 3
61 70 4
84 75 2
53 62 2
15 8 2
1 25 3
40 18 3
55 32 3
89 4 4
66 48 1
0 86 4
93 91 3
55 19 3
87 79 4
72 29 1
83 42 1
4 23 1
91 42 3
7 52 4
5 38 3
98 17 2
91 19 2
6 37 1
92 44 1
73 60 2
98 27 4
19 66 2
52 3 1
59 31 4
0 59 2
96 78 1
50 8 1
84 46 2
88 61 2
90 71 1
50 86 4
41 60 4
27 13 4
96 46 4
97 84 4
87 72 1
75 53 1
64 22 3
90 73 3
4 35 1
89 97 3
29 11 1
72 81 4
54 98 3
22 74 4
93 82 2
0 8 1
90 35 1
94 80 2
56 96 3
62 43 4
42 39 1
4 78 3
35 98 1
47 41 4
72 43 3
64 97 4
6 88 4
8 53 4
40 87 3
36 38 2
26 46 3
47 48 4
42 65 3
10 5 2
28 5 4
2 24 1
31 15 4
40 49 2
6 5 2
30 39 2
34 62 3
80 26 1
98 12 4
59 99 4
17 56 3
75 77 4
44 58 2
44 42 2
2 85 4
84 98 2
50 45 2
65 98 4
29 18 3
46 67 4
50 73 4
24 21 2
87 26 4
32 94 2
6 62 3
48 92 3
10 55 1
86 61 3
59 63 3
85 77 4
43 8 1
35 68 1
10 96 2
43 99 2
43 79 1
88 52 2
35 58 2
10 44 4
89 24 2
15 73 3
99 75 3
86 75 2
51 73 1
19 21 2
42 72 3
1 98 4
86 54 4
8 25 2
47 70 3
67 30 3
84 68 2
31 73 1
45 82 1
51 4 4
18 76 1
85 45 1
89 46 2
79 74 3
77 36 4
88 15 4
91 54 3
61 24 1
30 75 2
92 16 1
67 73 2
61 7 1
74 48 2
32 76 1
47 95 1
15 91 3
76 22 3
4 84 4
81 60 1
72 12 2
62 39 1
6 73 1
4 21 2
89 50 3
85 3 4
60 78 2
11 60 2
10 57 3
75 93 1
55 76 3
0 49 1
73 2 4
78 1 1
65 94 1
37 67 3
60 50 3
55 20 3
16 0 4
43 97 1
71 35 3
62 24 2
31 22 2
72 46 2
31 86 1
1 29 3
53 4 2
32 93 4
70 23 2
54 58 1
77 89 2
80 89 2
34 3 3
66 34 2
95 76 3
53 15 4
86 1 3
34 90 2
58 38 4
84 29 3
60 49 1
50 80 1
26 31 2
33 12 1
84 80 1
15 68 4
60 88 2
10 71 3
76 20 3
75 34 3
48 7 4
12 10 2
56 43 2
63 28 4
36 20 1
55 24 3
73 70 4
54 71 4
62 85 2
5 62 2
65 13 3
54 70 4
91 87 1
92 2 3
48 89 3
96 6 1
68 7 4
89 90 3
29 26 1
22 92 3
35 14 4
95 89 2
76 12 2
23 3 1
38 2 2
35 84 2
64 61 4
77 66 4
78 66 4
22 10 3
91 92 3
56 74 1
73 17 1
32 16 4
84 89 3
55 15 3
54 18 1
92 8 4
83 86 1
83 8 4
19 35 1
32 31 2
77 83 1
39 28 4
40 66 3
46 79 4
15 10 2
16 11 1
98 81 3
47 92 4
51 90 3
68 26 4
14 43 1
39 78 3
65 28 4
94 28 2
22 15 1
84 38 2
61 85 4
75 44 1
99 85 3
80 18 1
27 47 2
79 28 2
45 90 1
57 66 2
27 71 3
52 23 1
88 9 2
43 13 3
49 81 3
0 55 1
38 1 2
29 14 3
4 43 4
56 39 2
71 59 2
1 94 1
73 74 2
26 35 4
94 96 2
71 34 4
65 12 4
39 43 2
25 58 4
63 97 1
17 40 1
29 12 3
56 3 3
29 22 1
19 94 3
71 68 2
45 60 3
4 18 2
99 88 3
73 87 4
79 67 3
96 42 2
66 52 4
43 94 1
67 72 2
98 70 3
3 2 3
80 46 2
76 64 1
77 62 3
76 62 2
79 18 3
24 35 1
85 75 3
7 13 2
23 94 3
68 94 2
60 67 2
19 97 2
97 92 4
13 36 3
25 24 2
89 33 3
54 24 1
12 99 3
1 16 4
54 14 3
13 37 2
40 39 4
84 63 1
25 20 3
50 51 1
81 37 3
30 99 1
23 95 3
81 41 2
99 11 1
38 67 2
61 65 1
2 20 2
45 81 2
8 14 3
32 74 4
70 19 1
99 79 1
21 89 1
37 19 3
28 67 1
60 18 4
60 65 3
25 9 3
63 70 1
47 55 4
5 56 3
45 66 2
99 78 1
88 23 3
20 91 2
87 24 2
69 7 3
69 66 3
63 50 1
10 94 4
69 71 3
79 25 3
56 69 2
29 20 1
38 61 4
75 5 3
55 2 3
57 64 1
73 85 1
14 45 4
58 19 4
88 66 3
50 20 3
72 91 3
93 23 4
48 52 3
81 33 1
59 92 1
92 86 3
86 46 4
17 61 4
62 7 3
95 49 1
17 21 1
79 69 3
55 46 2
59 21 4
14 22 1
76 68 2
91 75 2
51 28 1
38 12 4
95 59 2
49 29 1
24 78 1
23 98 2
23 18 2
48 96 4
10 1 4
69 97 2
61 14 1
89 75 1
85 93 3
24 94 2
36 62 2
81 90 3
10 65 4
1 92 2
31 16 1
17 67 4
25 19 4
95 31 3
87 44 3
95 46 1
72 97 3
14 73 4
56 97 3
32 91 3
38 25 4
58 98 2
33 23 3
70 69 3
19 86 4
22 19 2
92 71 2
32 36 4
53 23 2
31 19 1
45 72 3
62 73 1
35 39 4
66 47 4
36 34 4
61 16 4
97 10 3
27 75 4
16 13 1
14 71 2
5 4 3
28 82 4
21 18 3
3 58 4
83 82 3
15 12 1
48 98 4
62 41 2
76 28 2
9 35 2
89 74 4
49 17 2
35 82 1
53 91 2
27 1 4
44 35 2
86 82 4
16 20 3
21 77 4
56 18 2
7 58 1
56 32 1
28 83 2
36 26 3
50 11 2
73 61 2
77 35 2
94 50 1
97 88 2
44 34 1
20 54 4
76 23 2
37 79 1
78 65 4
96 13 3
13 99 3
28 92 4
91 48 3
41 15 2
81 73 2
44 7 1
41 4 1
42 58 2
22 97 1
22 70 3
52 65 3
63 12 2
45 55 1
62 23 2
6 28 3
41 53 1
1 65 2
49 51 1
1 3 2
80 42 4
45 8 4
40 71 3
47 19 4
37 65 3
78 21 2
91 12 2
70 53 4
43 0 2
18 28 3
50 2 1
33 97 1
97 61 2
38 23 2
5 34 2
70 1 4
20 66 1
43 69 3
16 82 1
30 89 2
6 67 2
48 46 2
56 79 4
24 17 3
54 60 2
79 11 2
3 8 4
83 13 1
76 26 1
58 37 4
18 87 4
44 47 3
3 99 1
88 45 4
47 3 3
10 14 3
6 48 1
13 24 1
5 78 4
45 1 1
16 27 3
43 27 2
46 47 3
36 50 1
28 49 3
29 61 3
13 8 4
76 84 4
40 95 3
61 42 4
23 72 2
16 49 1
71 57 2
98 47 3
92 51 1
93 27 4
21 60 3
19 23 4
55 11 3
78 34 2
92 79 3
8 46 4
96 19 2
81 50 4
77 19 3
13 70 1
82 30 1
0 63 1
87 98 2
48 22 1
62 74 1
27 85 3
71 78 3
58 62 2
59 81 4
30 1 4
25 78 1
70 64 1
20 80 3
80 3 3
63 77 2
9 75 4
74 11 1
71 58 4
38 6 2
87 52 1
34 52 3
24 80 3
56 6 1
21 50 3
8 65 3
46 12 4
53 93 1
27 23 1
65 95 2
81 28 1
23 24 2
66 11 4
13 17 4
61 22 2
61 19 2
93 86 4
16 91 4
42 74 2
56 53 2
17 89 4
99 2 4
69 8 1
67 74 2
42 76 1
50 54 3
23 0 1
22 26 4
65 75 3
63 43 3
7 18 2
32 95 4
52 11 1
87 20 1
5 99 4
26 47 3
0 25 1
72 31 1
55 52 2
8 63 2
13 59 1
68 64 1
69 46 4
96 95 1
25 27 3
88 4 1
97 28 2
15 84 3
29 76 4
52 96 1
15 32 2
96 29 1
64 41 2
29 65 2
20 71 3
45 36 4
79 62 1
99 67 2
79 64 1
89 82 3
18 13 3
54 15 3
30 57 4
39 46 2
89 22 2
48 2 1
22 79 3
50 71 2
65 19 3
1 2 4
7 46 4
83 69 4
21 20 4
18 85 4
54 95 1
83 41 3
43 92 4
45 58 2
49 94 1
36 83 4
14 26 2
69 82 3
74 86 2
53 36 4
82 36 2
27 61 1
70 38 4
51 20 4
70 87 1
71 26 1
40 78 2
7 99 1
29 36 4
47 97 4
2 47 1
9 27 4
31 47 4
30 59 3
33 91 2
36 64 1
31 51 3
39 72 3
0 92 3
99 41 1
17 95 4
9 33 2
8 64 2
94 62 2
89 52 1
40 21 1
5 43 2
95 10 4
20 37 3
93 5 3
59 8 3
74 55 4
22 93 2
27 39 3
51 6 4
99 16 4
83 93 1
37 94 1
96 15 3
3 67 1
40 90 3
9 46 2
5 68 3
25 81 3
84 93 1
93 12 4
22 38 2
38 82 2
23 67 1
27 36 2
90 74 1
69 96 3
14 50 4
80 71 3
32 44 4
64 67 1
0 2 4
60 40 2
6 85 2
11 73 4
3 15 4
19 64 1
56 86 3
21 69 3
65 26 3
15 24 1
20 57 1
92 82 4
63 51 2
33 63 3
1 8 1
69 10 2
56 68 1
99 34 2
92 78 1
64 15 2
28 66 1
99 20 3
67 11 3
76 93 4
46 98 2
85 68 2
34 40 3
67 94 1
21 80 2
21 81 1
84 28 4
95 68 4
11 41 1
25 53 1
54 79 2
24 92 3
6 94 4
38 54 4
24 97 3
61 63 3
23 34 4
77 59 4
85 95 3
28 57 1
12 89 3
25 73 2
98 24 1
90 49 3
22 5 1
68 65 3
49 77 2
69 93 3
93 15 1
20 88 2
67 56 4
28 26 2
23 47 2
18 67 4
28 32 3
10 68 2
69 54 1
58 73 4
85 83 4
37 64 2
62 92 2
57 41 3
99 55 4
25 98 3
12 32 2
82 21 3
0 93 4
80 72 4
22 73 1
83 70 3
38 51 1
1 72 3
10 59 3
57 50 2
25 60 2
61 78 3
19 57 1
21 11 3
10 61 1
13 78 3
84 27 4
53 2 3
60 26 4
25 18 4
70 51 1
19 92 1
49 91 4
92 23 2
47 61 3
67 96 3
57 55 2
66 25 3
70 43 4
35 75 1
61 13 4
91 38 2
74 72 2
40 44 3
45 19 1
65 21 4
93 98 1
57 82 3
55 54 4
34 2 4
41 70 3
54 23 1
81 62 1
0 47 2
57 39 2
44 24 2
22 56 3
5 15 1
7 97 2
24 32 4
43 95 2
66 30 1
14 7 1
2 25 4
11 2 2
79 10 2
97 50 1
76 56 2
65 43 2
47 63 2
37 35 2
34 8 2
52 45 3
0 29 3
7 67 4
5 32 2
4 22 1
70 31 4
68 24 1
44 36 3
43 17 2
40 45 3
47 78 2
9 68 1
32 9 2
5 98 1
72 59 2
62 55 2
14 34 4
41 61 2
82 61 3
93 13 1
10 47 2
55 84 1
2 70 1
8 51 3
20 52 1
44 11 2
23 16 3
98 56 4
50 90 4
0 54 2
45 61 1
73 43 4
24 11 1
28 72 2
6 54 2
46 60 3
93 37 2
83 49 1
7 78 2
9 42 3
18 96 4
9 55 4
22 94 2
74 61 1
67 90 2
31 74 2
28 70 3
32 47 3
92 18 4
79 86 4
75 23 1
67 33 3
95 69 3
83 68 1
84 53 2
8 48 4
24 75 1
11 9 4
33 85 2
4 26 4
59 18 3
60 69 3
25 4 3
87 67 1
10 87 1
40 98 4
73 92 4
3 43 1
62 80 2
34 76 3
88 24 1
78 9 4
85 80 3
50 6 2
17 78 2
8 95 1
4 98 2
20 81 2
23 73 1
54 82 2
71 83 4
46 50 1
74 8 3
18 35 3
58 31 4
39 14 2
48 97 2
6 61 1
66 24 4
60 89 3
4 85 1
70 14 1
22 90 4
38 29 4
42 45 1
28 55 1
63 79 2
38 39 2
83 33 2
99 49 3
91 24 4
28 24 3
68 90 1
48 80 1
73 26 1
42 78 4
33 62 2
51 61 2
90 5 4
51 99 3
40 62 4
38 28 1
48 31 3
0 68 1
47 13 2
90 2 2
66 35 4
51 48 2
87 65 2
93 68 2
43 86 3
8 60 2
38 90 3
78 35 2
67 22 3
79 34 3
30 54 3
60 96 1
29 17 2
31 49 2
79 70 2
12 50 4
81 39 1
4 65 3
55 38 2
77 97 1
55 17 2
6 19 3
50 99 4
43 2 3
59 39 4
17 31 2
44 86 4
60 85 3
25 92 4
58 88 3
31 64 4
24 16 4
28 25 4
7 93 3
60 86 4
12 74 1
11 34 1
37 85 1
13 53 3
97 0 4
96 64 1
40 81 3
14 44 1
62 15 2
33 51 2
60 38 3
3 11 3
5 9 1
89 42 2
81 88 3
88 10 3
82 37 4
28 48 4
85 36 2
14 97 2
94 8 4
40 6 1
89 92 2
51 93 3
92 3 3
75 54 4
38 35 4
89 15 4
56 27 2
37 59 2
43 26 2
2 57 1
95 81 2
28 7 4
31 52 4
80 28 2
58 0 3
61 8 3
47 50 3
26 51 2
8 96 4
12 37 1
7 43 4
35 2 2
86 58 4
76 35 1
70 78 4
66 23 2
44 0 3
54 52 4
10 89 2
92 69 3
78 44 3
75 72 3
32 48 4
2 49 4
92 67 2
40 16 1
69 89 3
36 10 4
76 27 2
19 46 1
96 44 1
56 93 1
36 66 4
77 99 1
82 78 1
1 9 1
52 30 1
32 73 4
67 35 3
97 44 2
79 32 2
16 4 4
20 38 4
3 22 3
27 7 4
44 30 2
55 8 1
82 52 3
47 42 1
41 44 4
95 3 4
69 44 4
90 61 3
42 92 1
84 31 2
78 55 3
18 55 2
5 44 3
0 20 2
60 30 1
94 42 2
2 17 4
93 46 2
93 41 2
9 7 1
35 6 4
22 34 4
97 34 3
58 65 3
74 27 2
82 33 2
20 48 1
90 53 1
61 1 4
68 30 4
3 27 2
18 12 2
62 87 3
98 37 4
29 16 3
13 95 1
67 78 3
53 55 2
91 26 4
87 58 4
42 57 4
35 52 4
64 72 2
61 46 2
98 80 3
80 61 2
97 94 1
55 40 1
10 6 3
72 57 2
59 29 4
36 68 2
15 39 4
64 74 1
53 54 1
61 87 1
11 51 3
73 98 2
97 2 1
25 39 3
92 76 4
61 37 2
18 11 2
15 69 3
21 34 4
81 71 2
0 4 1
9 34 2
11 36 3
6 42 2
98 77 1
51 1 3
26 81 1
59 84 2
75 47 4
58 43 2
2 4 3
51 78 4
40 35 1
0 73 3
99 32 2
11 72 3
59 14 1
24 70 3
43 38 4
47 15 2
95 18 4
42 26 4
98 50 1
72 25 4
87 84 2
7 79 1
8 71 3
44 3 1
27 86 1
64 77 1
13 14 3
11 85 4
48 42 3
9 56 4
41 6 3
13 33 1
94 15 3
57 92 2
71 19 1
10 42 1
64 90 1
40 10 2
81 23 2
17 25 4
70 20 2
6 31 4
41 2 3
4 75 4
17 80 3
67 80 3
67 8 4
3 98 2
63 74 4
75 36 2
38 59 2
60 15 3
38 73 3
24 74 3
24 85 1
76 43 1
42 21 1
48 99 4
90 92 2
34 30 4
71 39 4
96 2 4
68 32 2
96 21 1
7 95 1
37 15 1
21 37 4
80 40 2
77 40 3
67 26 2
65 46 4
3 14 2
79 95 2
44 25 3
96 9 1
41 77 1
0 64 2
24 22 1
34 57 4
11 39 1
23 69 3
69 65 4
15 28 4
64 12 2
23 7 2
16 48 4
78 46 1
47 51 4
73 95 3
5 69 1
39 94 2
21 54 4
63 73 4
13 12 2
0 48 1
19 87 3
18 30 1
68 25 4
21 86 2
91 98 4
92 14 2
40 24 4
74 35 4
95 61 3
15 61 3
23 55 3
44 65 3
81 2 3
39 88 2
37 39 3
55 43 1
80 78 1
11 65 3
58 36 1
93 49 1
76 59 2
88 54 3
31 50 2
43 9 1
13 23 3
83 29 4
89 78 2
43 90 4
54 80 1
8 30 1
24 71 4
43 68 1
26 13 3
61 60 4
38 24 2
43 88 1
32 39 2
27 42 3
37 16 3
83 39 2
42 71 1
69 94 2
48 40 2
5 87 3
97 91 3
4 34 2
43 12 2
51 2 1
74 47 1
47 94 2
34 50 3
14 76 2
89 39 4
51 58 4
93 25 4
21 99 1
99 4 3
12 21 3
5 65 2
22 35 2
43 50 3
9 39 1
30 23 3
9 8 1
26 63 4
22 45 1
1 54 2
47 14 2
9 60 2
33 41 1
34 73 3
18 3 2
79 81 4
40 38 2
39 70 3
71 94 1
11 90 1
75 21 3
39 75 2
1 73 1
1 46 2
3 12 3
30 22 4
47 90 1
38 87 3
11 43 4
6 43 3
85 23 1
41 59 3
93 24 2
41 3 2
57 70 2
39 34 3
22 40 4
66 59 4
96 1 3
16 71 2
8 23 4
49 7 4
98 96 4
73 10 4
76 58 4
3 76 2
34 43 4
12 53 1
56 73 4
4 32 3
22 98 4
93 70 4
57 53 4
14 78 2
20 97 4
15 57 4
36 5 2
38 57 2
0 65 3
79 8 1
93 11 3
93 45 1
76 86 4
90 80 4
61 33 2
57 40 2
10 83 2
87 13 1
92 20 3
6 90 1
52 78 3
51 88 3
9 69 3
10 78 3
80 11 3
76 15 3
13 63 4
27 69 3
75 46 4
6 89 1
64 43 2
12 22 4
56 62 3
63 20 4
49 18 2
86 84 4
88 2 4
12 19 2
18 70 3
40 5 1
89 1 2
65 7 4
59 44 2
32 58 4
25 22 4
39 17 1
32 72 1
61 9 2
4 12 1
17 79 1
2 89 1
73 42 1
57 8 1
84 16 1
42 28 2
14 82 4
86 57 3
32 65 2
60 43 3
60 23 2
55 95 4
93 71 4
96 77 4
98 38 3
42 40 3
10 3 2
10 91 4
17 75 4
71 79 2
25 95 1
5 16 1
17 8 2
67 50 3
45 46 2
10 8 1
8 77 2
42 56 1
87 12 3
93 17 2
22 50 1
40 4 3
61 54 3
95 14 4
82 49 1
67 45 4
88 31 4
20 85 1
21 93 2
70 82 2
92 27 4
5 94 3
89 99 4
9 26 4
95 41 3
97 80 2
72 47 2
3 29 2
71 9 2
31 40 3
91 23 3
46 87 4
51 72 1
74 2 4
17 16 1
52 15 3
50 84 3
60 27 1
77 47 4
72 24 1
38 15 2
31 7 3
49 27 1
66 3 4
64 5 4
97 68 2
64 21 4
79 93 4
97 54 2
35 57 3
60 7 1
66 29 2
75 98 4
98 68 3
7 64 1
57 61 2
99 76 1
81 5 3
18 58 4
41 72 2
93 28 1
75 29 2
33 94 3
49 24 4
48 78 3
29 4 1
32 85 1
6 2 2
20 13 4
47 28 2
94 56 1
64 51 2
60 31 3
51 62 3
72 26 1
56 30 1
68 82 3
33 79 4
47 34 2
48 39 4
0 5 4
16 19 3
87 85 2
96 26 1
43 83 2
57 37 3
75 45 1
76 25 1
92 38 2
40 82 1
78 81 2
63 54 1
8 73 3
67 10 3
99 65 3
77 33 3
39 76 2
7 56 2
60 71 2
82 39 2
17 33 4
47 43 3
48 17 2
83 12 2
61 98 4
43 22 4
17 11 1
52 21 3
87 49 2
87 60 3
25 35 1
19 3 4
83 78 3
27 14 4
80 65 2
95 86 3
18 2 4
49 26 1
51 46 2
51 40 2
93 33 1
57 18 3
50 1 1
38 50 3
13 28 1
88 84 4
2 82 2
35 48 1
19 83 3
61 83 3
87 78 1
11 25 2
39 12 1
59 12 4
99 0 3
8 91 1
18 93 1
11 31 2
83 20 2
78 41 1
58 94 2
20 40 4
48 94 4
94 54 1
0 84 4
45 87 4
22 54 2
68 60 3
49 65 4
44 66 1
34 12 1
36 81 3
88 1 4
69 37 4
21 51 2
19 75 3
45 74 4
44 18 4
56 65 3
34 67 1
85 79 4
90 29 2
48 53 2
47 59 1
57 44 3
36 48 3
91 62 1
75 87 3
72 92 1
0 98 2
23 1 2
29 51 4
12 14 2
26 25 1
82 85 1
98 9 4
5 37 2
3 26 3
5 33 1
76 13 1
4 55 1
18 43 3
95 1 3
49 9 4
52 61 4
88 0 3
4 31 2
51 27 1
68 59 4
22 60 2
31 87 3
76 2 1
8 36 4
27 68 3
70 8 2
22 62 3
42 41 2
30 21 3
66 92 2
70 11 3
7 83 2
30 36 4
10 92 1
39 95 2
52 72 1
49 76 2
79 68 1
99 70 4
72 16 1
28 1 1
84 69 2
17 3 2
62 93 4
84 1 3
75 78 1
84 34 3
67 51 2
6 18 1
59 5 1
67 97 3
54 3 3
4 74 4
24 4 3
37 44 2
97 65 4
75 57 1
52 77 2
15 51 1
49 96 4
40 9 3
14 62 2
70 65 3
59 80 4
7 1 2
22 42 3
62 49 3
19 14 4
0 79 3
2 37 3
91 66 3
94 29 4
76 54 2
26 56 3
35 96 3
81 66 2
6 23 4
86 39 2
4 67 3
5 55 2
79 26 2
70 58 1
76 5 1
59 35 1
96 81 4
87 36 1
53 30 3
58 48 2
18 78 2
33 75 2
42 66 4
9 48 1
9 91 2
83 11 4
69 73 3
43 20 3
70 85 3
8 6 4
34 95 2
43 67 3
97 57 2
29 89 4
21 3 1
75 26 2
9 99 2
68 99 2
45 28 1
32 37 3
60 37 4
40 25 4
96 91 2
17 62 3
97 46 2
10 46 3
0 85 2
45 39 3
83 75 4
36 97 4
99 73 2
7 70 3
88 47 2
96 59 2
87 14 2
69 72 3
48 70 2
59 87 4
91 2 1
78 94 4
33 34 3
85 28 1
83 6 1
4 66 1
64 32 3
68 39 2
33 86 4
78 84 4
6 99 1
44 51 2
26 98 1
86 18 3
18 83 3
19 44 3
56 20 2
12 52 4
60 6 2
46 71 2
72 10 2
1 18 4
47 5 4
56 59 3
96 28 1
60 90 2
74 23 2
11 1 4
93 10 4
46 16 4
1 40 4
9 52 1
47 87 1
83 47 2
59 27 3
14 86 2
53 42 1
62 90 3
34 24 1
57 73 4
46 73 3
90 10 3
33 60 4
14 16 4
33 36 2
86 68 2
69 13 2
62 89 3
55 82 4
13 80 1
40 36 4
69 55 3
27 31 1
67 31 2
51 25 2
70 62 2
53 11 2
74 66 4
91 5 1
27 30 1
81 68 1
77 10 3
88 59 3
71 66 3
82 18 3
62 84 4
76 66 4
60 17 1
96 39 2
95 11 1
69 58 2
34 25 2
32 59 1
38 63 2
83 48 2
37 88 1
53 46 2
55 27 1
49 61 4
63 69 2
3 72 3
20 74 3
17 77 3
40 92 4
96 74 1
36 41 1
75 48 1
0 69 4
69 31 3
31 8 1
87 11 3
1 93 3
21 10 2
26 11 3
50 42 4
73 84 2
78 30 2
62 63 3
81 1 2
56 15 1
21 25 3
51 60 3
93 9 2
99 66 1
99 57 3
68 13 2
71 97 2
22 46 3
26 69 3
91 81 1
46 23 3
49 52 3
54 44 4
97 16 1
26 17 4
43 84 1
88 55 1
89 44 4
10 23 1
56 16 3
8 68 1
3 60 2
17 38 2
98 15 1
27 67 1
31 54 4
24 10 1
12 92 1
66 27 3
96 45 4
63 60 3
74 76 1
68 66 3
15 70 1
90 9 2
2 22 2
84 92 2
62 57 2
59 86 4
52 69 1
12 1 1
44 64 4
49 42 3
0 35 1
12 5 1
59 4 2
94 46 1
18 91 3
23 39 2
63 32 4
62 16 1
92 41 2
15 0 2
35 29 1
58 61 2
37 23 4
15 75 1
24 7 2
0 9 3
80 63 2
0 13 3
24 9 4
95 22 1
16 74 2
11 35 4
77 67 3
3 35 1
38 71 4
20 68 3
48 76 3
25 15 4
55 96 1
80 49 1
26 38 1
37 1 2
66 17 4
24 31 2
95 93 4
61 89 3
69 14 4
22 99 2
38 13 3
83 79 3
38 27 3
1 83 4
74 18 2
68 2 2
6 4 1
4 15 4
79 97 2
64 93 1
21 74 4
69 3 4
64 18 2
26 95 1
80 9 1
57 95 3
44 4 3
25 71 2
94 11 3
13 2 2
54 33 4
73 18 4
74 6 1
47 76 1
62 20 4
31 80 2
76 80 2
52 60 1
19 17 1
10 48 3
32 41 2
21 79 2
81 99 4
79 23 2
71 73 3
82 79 3
56 25 4
68 74 3
84 8 4
95 19 2
25 75 3
80 75 3
4 97 2
7 74 1
67 39 2
61 72 1
50 49 2
18 53 2
84 95 3
66 14 2
63 17 2
10 62 3
94 38 4
81 86 1
14 74 3
42 67 4
75 38 1
67 62 2
71 82 4
83 50 1
36 17 4
83 96 3
20 26 1
38 16 2
4 11 4
98 71 1
7 80 4
97 35 3
34 86 2
97 8 4
37 62 4
54 59 1
18 72 2
60 98 4
85 96 4
64 62 1
45 16 1
29 55 4
98 31 1
51 45 1
85 15 1
76 97 1
8 20 2
21 47 4
89 32 4
51 24 4
0 95 3
79 42 3
97 62 4
66 0 3
81 61 2
64 46 4
3 51 1
10 7 1
92 17 2
28 22 2
81 82 1
45 27 4
74 92 1
87 29 2
58 1 3
87 16 1
88 16 2
52 64 4
56 72 3
94 64 2
59 48 2
1 24 3
62 75 1
86 63 2
75 64 4
29 44 2
30 16 3
83 26 3
75 2 3
69 41 3
56 48 2
93 97 3
91 61 3
6 21 4
5 82 4
51 56 2
35 10 3
29 95 3
60 62 2
30 87 1
17 50 2
91 55 4
7 41 2
71 44 1
80 93 4
66 62 2
86 40 3
91 37 2
92 53 1
92 21 3
35 95 1
34 10 2
71 3 1
34 82 4
99 31 2
88 26 2
20 24 4
93 42 2
57 79 1
4 20 4
92 77 3
23 84 3
62 72 3
32 49 4
54 85 2
47 67 3
14 18 4
0 26 3
55 25 1
73 48 3
95 72 3
23 65 2
64 45 1
85 9 3
23 31 3
38 4 3
27 97 3
7 54 4
29 77 3
15 58 1
93 2 4
25 42 3
75 55 3
34 35 1
48 12 4
10 43 2
35 42 2
36 76 1
77 15 3
61 0 4
15 26 4
44 50 4
71 1 3
59 19 4
3 82 4
64 25 4
26 93 1
51 81 1
95 58 4
64 78 4
67 88 1
36 98 3
1 55 1
19 1 1
79 2 3
99 90 1
63 22 4
79 78 4
57 0 1
75 52 4
44 67 3
62 25 2
94 41 4
67 58 3
89 34 2
98 2 1
26 64 4
81 83 1
28 89 2
99 56 4
33 6 1
58 13 3
57 78 2
63 23 3
77 51 1
69 35 4
3 62 2
79 29 4
4 72 3
29 68 4
98 90 2
81 65 4
54 16 4
53 97 1
43 31 2
38 21 1
73 20 1
16 52 4
47 24 2
69 61 2
72 85 4
6 84 1
68 88 4
52 56 1
18 88 4
63 72 1
26 82 2
65 17 3
95 67 3
4 1 3
88 76 4
21 31 3
47 62 1
72 84 1
6 69 1
54 46 4
19 7 3
76 10 3
41 71 1
16 3 4
87 4 2
67 2 3
76 53 3
6 22 2
46 59 4
86 66 3
16 28 3
7 96 4
64 95 1
39 61 3
83 14 3
52 73 4
25 83 2
12 35 3
46 3 2
40 94 4
61 77 4
92 32 2
43 45 1
42 55 1
58 27 1
97 59 4
56 11 1
26 97 3
71 17 3
48 33 4
84 70 2
94 92 3
4 61 2
36 22 1
69 25 4
56 47 3
77 76 2
0 50 3
54 9 3
3 50 1
47 93 4
19 85 2
25 59 3
84 74 2
31 9 1
17 94 1
90 66 2
40 27 2
98 69 3
89 13 2
90 76 1
40 65 1
21 94 4
7 4 4
53 27 1
11 8 4
44 52 2
86 89 1
34 56 3
64 33 2
62 95 1
3 87 3
44 8 3
57 67 4
12 30 3
89 64 3
90 26 3
12 8 1
73 19 2
94 93 1
59 98 4
15 97 4
17 46 1
23 12 1
14 6 4
0 10 1
83 9 2
89 8 1
58 29 2
68 53 3
72 96 3
31 44 2
75 37 3
7 17 3
25 43 3
27 62 1
58 80 4
56 46 4
61 53 2
42 4 4
50 5 1
71 70 4
37 33 3
65 47 4
74 54 1
19 10 3
89 27 2
4 64 1
26 23 3
88 91 4
73 37 1
87 94 1
98 64 1
72 70 2
6 75 1
99 98 3
38 88 1
50 75 3
55 80 4
28 12 2
65 54 1
44 2 4
7 98 4
86 88 3
11 10 2
43 19 2
44 80 2
81 54 3
91 64 2
74 53 2
58 50 3
23 56 1
3 5 1
4 57 1
30 91 4
29 86 4
7 30 3
38 19 4
39 3 3
84 33 3
22 81 4
70 89 4
15 74 1
38 85 2
33 32 4
37 48 1
50 30 4
69 49 3
64 16 4
32 10 2
48 1 4
47 86 1
26 99 1
13 73 2
24 84 2
45 65 2
64 49 2
49 47 2
70 46 1
38 77 2
52 29 4
40 50 1
18 24 4
6 64 2
30 42 2
8 32 4
56 31 1
83 52 1
80 0 4
4 46 2
42 64 2
6 91 4
19 2 1
75 41 3
63 89 1
33 55 1
88 34 3
98 33 4
54 32 4
12 95 4
56 44 1
4 62 3
6 15 2
75 20 1
40 63 2
54 8 3
78 37 1
12 82 2
2 39 3
61 92 1
55 66 4
6 45 4
5 72 2
27 65 1
89 73 2
89 38 3
18 84 4
48 93 4
77 56 1
27 34 2
46 44 3
66 98 4
22 41 4
99 15 2
29 46 1
62 59 2
29 21 1
52 2 2
79 19 2
37 43 2
69 87 1
99 72 1
60 35 4
66 16 2
32 78 1
87 56 1
91 11 3
84 19 1
64 2 1
13 91 2
21 98 2
77 16 3
89 59 4
41 35 2
49 75 4
4 10 2
22 0 4
22 20 1
95 77 3
16 90 2
40 91 1
22 32 3
26 7 1
61 3 1
78 77 4
40 26 4
91 4 4
57 17 2
59 55 4
76 50 1
85 98 2
58 22 4
40 2 3
15 79 2
19 98 4
16 39 1
75 22 2
86 4 4
67 14 3
30 77 3
69 91 4
56 37 3
74 85 2
42 51 1
33 29 2
63 48 1
21 66 3
69 88 1
14 4 3
26 70 3
70 95 2
61 28 4
26 30 2
72 86 4
28 54 2
48 54 3
67 21 1
28 2 4
80 52 4
53 94 4
56 38 3
21 61 3
79 4 1
18 38 3
44 53 2
8 72 3
76 38 2
98 30 4
98 32 4
89 54 2
89 37 2
33 14 1
80 15 4
17 76 3
30 46 2
71 12 1
19 50 2
12 0 1
97 38 3
22 47 2
22 39 2
36 15 1
93 39 2
94 36 1
9 47 1
72 88 3
86 87 4
20 60 4
21 33 2
87 35 3
65 20 4
56 58 1
62 69 3
30 31 3
51 35 1
36 59 3
92 88 1
49 97 4
74 71 2
85 31 3
46 6 1
37 25 4
81 11 2
95 9 1
59 22 3
98 6 2
74 58 4
92 83 1
56 81 2
7 53 1
24 6 2
86 13 2
66 82 3
52 67 1
43 23 3
67 15 1
15 95 4
64 83 3
90 91 4
28 75 2
65 55 4
95 50 1
27 96 3
74 75 3
74 97 1
27 64 3
28 62 4
6 9 1
67 5 1
43 74 3
63 41 2
69 53 3
89 68 4
84 45 2
93 30 2
33 47 1
59 74 2
52 14 3
66 67 3
95 98 1
25 90 2
27 22 4
95 97 3
0 76 3
48 62 2
40 3 4
83 31 3
6 55 3
27 12 4
89 91 4
27 24 3
89 93 2
21 8 1
84 25 2
14 77 1
85 29 1
17 88 3
43 16 2
86 71 3
11 7 2
83 95 3
3 73 2
6 81 4
89 23 3
25 49 4
59 2 1
93 6 1
91 78 3
45 78 3
64 63 4
64 69 4
98 28 1
52 18 1
99 25 4
45 37 2
75 61 2
20 23 2
52 25 2
85 17 3
87 2 4
58 64 4
4 69 3
94 98 3
58 23 3
1 15 4
7 71 1
68 70 2
44 16 1
49 11 1
4 49 1
25 7 4
24 83 2
64 28 4
91 36 2
49 55 3
77 12 4
69 48 3
36 80 2
65 53 2
57 48 3
79 5 1
66 72 2
63 14 1
86 25 4
52 62 4
68 19 2
84 10 2
49 45 2
78 22 4
39 77 4
73 93 3
17 91 4
89 58 2
36 89 2
23 64 3
50 29 2
60 79 3
8 16 4
69 20 1
35 94 4
54 93 1
45 79 3
6 77 1
15 59 1
33 35 2
37 72 4
18 77 4
52 17 4
36 84 4
40 72 3
66 93 1
76 83 4
31 42 4
3 57 4
36 28 4
53 89 3
42 43 2
28 69 4
39 44 4
97 75 4
53 60 4
16 42 3
73 68 1
47 81 2
81 29 4
89 3 2
36 31 2
7 94 2
57 85 2
46 11 1
31 79 4
72 71 1
49 73 2
46 15 2
18 5 3
8 58 1
45 29 2
4 19 2
96 5 4
40 67 1
61 96 2
0 17 4
74 33 2
89 41 3
21 27 3
82 50 2
85 91 1
58 9 3
97 23 2
96 73 3
6 65 4
64 14 1
84 82 3
95 92 3
49 44 3
92 65 1
58 2 1
99 40 3
82 74 3
55 48 1
85 86 2
36 74 3
79 88 4
8 26 1
10 20 3
70 17 2
27 17 4
3 63 4
96 47 2
31 75 4
54 49 1
4 63 2
77 86 1
80 64 4
56 66 1
62 30 3
49 58 4
25 14 2
90 18 4
97 12 1
67 71 2
14 96 2
91 99 2
91 25 1
35 53 2
23 71 1
2 69 3
75 0 1
88 78 4
41 37 1
35 50 4
63 94 2
76 30 4
12 45 3
62 86 1
44 27 1
38 68 1
30 69 3
28 0 2
73 83 2
96 3 3
15 27 4
98 20 4
75 10 1
30 79 3
23 44 4
71 87 4
76 9 3
40 12 3
1 49 2
77 70 3
56 83 4
42 81 4
20 18 1
36 71 2
30 92 2
82 80 3
54 12 3
31 25 1
32 46 1
56 21 1
28 17 2
63 68 4
58 53 3
85 46 2
82 58 3
79 36 4
33 45 1
64 40 3
19 69 3
45 4 2
51 82 3
89 31 1
38 47 3
19 54 2
51 96 4
39 13 1
35 79 4
37 71 1
75 42 4
95 33 3
1 41 2
70 60 3
15 66 4
19 20 4
88 8 4
44 61 3
21 73 4
80 74 3
32 42 2
98 53 1
28 90 1
84 13 4
68 6 1
30 95 2
46 52 4
9 62 3
20 96 2
54 72 1
10 28 2
18 37 1
44 45 3
45 32 2
96 32 4
45 70 2
90 63 1
36 39 2
83 65 2
94 3 1
37 63 4
90 46 1
75 51 4
23 2 1
12 80 3
11 12 1
31 57 1
0 70 3
25 50 3
62 29 2
78 23 3
72 82 4
76 82 4
15 81 3
52 63 3
59 64 4
50 62 3
74 52 1
65 25 1
32 60 1
56 75 3
61 93 4
54 17 2
63 25 2
58 66 3
99 62 2
33 42 4
39 49 2
6 71 4
25 33 2
42 95 4
19 42 1
62 45 3
36 99 1
76 21 2
52 10 4
59 78 4
0 78 3
41 98 1
22 86 2
59 53 3
69 67 3
13 25 4
5 14 3
79 66 2
47 16 1
38 42 2
13 74 3
92 68 3
96 90 4
13 90 3
70 59 3
93 34 1
20 72 4
97 11 1
55 73 3
24 3 4
5 80 3
69 16 3
0 45 4
63 81 3
58 17 4
11 98 1
72 79 3
34 81 4
90 3 3
19 30 3
85 12 3
62 19 2
14 51 2
87 34 2
49 30 2
95 60 3
60 83 4
85 26 4
14 23 1
24 30 4
27 26 1
71 55 1
51 76 3
46 38 3
76 89 3
32 77 2
27 52 2
85 25 4
22 44 2
60 82 4
35 15 3
77 50 3
34 18 2
94 99 1
93 63 4
10 56 2
70 96 2
83 21 4
36 18 3
81 44 3
40 11 4
69 75 1
28 60 2
99 37 2
24 52 4
62 12 3
50 18 3
62 98 2
9 38 4
60 19 3
96 88 3
56 64 2
83 4 4
38 45 2
56 89 1
39 63 3
70 97 1
84 39 1
63 78 1
21 5 1
98 86 2
65 63 2
66 7 3
84 41 2
2 46 4
58 59 1
91 63 2
94 20 2
36 25 2
76 46 3
23 35 1
97 21 1
16 83 2
29 6 1
98 44 2
0 82 3
63 87 3
59 49 4
30 33 2
10 9 2
56 92 2
76 4 3
9 21 3
82 67 2
32 82 1
41 87 1
60 91 1
75 96 4
10 60 4
71 48 3
50 32 3
91 28 1
5 25 4
85 53 3
75 16 2
19 90 1
12 24 1
33 96 4
64 1 1
28 99 3
77 2 1
56 88 2
45 80 1
6 76 2
75 40 1
56 35 4
27 94 2
31 82 3
63 66 3
60 36 4
18 62 4
45 9 1
14 0 1
55 12 4
90 79 4
6 39 1
43 89 3
90 23 4
83 80 4
1 99 1
96 68 1
57 1 1
46 92 3
84 90 2
64 71 4
38 10 2
11 86 4
16 53 1
62 68 2
96 54 1
73 86 4
41 40 1
5 66 1
17 22 4
35 49 1
45 77 4
66 73 4
20 12 3
65 89 1
48 15 3
6 72 2
65 93 4
6 58 3
66 8 4
20 34 3
99 82 1
85 71 3
52 93 2
20 11 3
85 21 4
14 24 1
24 99 2
11 69 2
57 47 4
59 26 3
40 68 1
90 82 3
54 27 4
65 31 4
56 36 2
13 56 1
40 32 1
82 41 4
23 86 2
52 97 3
80 22 2
79 75 4
45 59 3
70 25 1
16 76 1
86 20 3
12 56 4
12 69 1
68 23 1
88 87 2
24 86 1
79 38 1
72 27 1
16 58 1
65 76 2
9 23 3
24 57 3
76 78 3
65 67 4
74 93 4
50 56 1
20 49 4
70 92 2
21 87 3
66 33 2
42 3 4
96 40 1
57 69 1
87 81 4
22 96 3
31 90 2
8 75 4
38 0 1
81 64 4
55 35 1
5 17 3
14 99 1
9 74 2
83 30 2
95 20 1
87 95 4
9 66 4
85 65 3
93 59 4
73 77 1
82 8 3
29 41 3
31 96 3
78 53 4
4 94 4
36 4 2
33 2 2
1 77 3
91 7 3
72 58 3
41 25 3
73 72 3
97 81 1
11 6 1
64 92 2
57 63 2
39 1 4
0 27 2
28 4 1
23 29 3
57 54 4
64 66 4
85 90 1
87 93 1
36 46 1
46 77 1
40 0 4
84 32 3
81 75 4
68 11 1
37 14 4
44 95 3
68 77 1
43 35 1
37 50 1
44 9 4
17 81 2
56 70 4
34 64 1
84 30 4
34 28 3
53 17 1
94 16 3
49 79 4
11 77 1
82 19 4
86 7 3
55 83 4
32 57 3
7 82 3
9 3 3
17 1 2
61 34 1
40 14 1
37 10 3
9 53 3
90 41 3
35 31 1
51 52 4
64 9 3
77 58 2
14 9 4
48 13 2
71 61 3
94 34 1
90 86 1
36 6 3
36 78 2
66 46 4
47 60 3
9 12 1
85 49 4
0 91 3
67 24 2
20 78 3
4 81 2
5 35 4
99 10 4
29 24 3
48 49 1
17 59 4
8 33 4
41 91 2
94 61 3
47 8 3
12 70 2
96 34 3
50 52 1
54 90 3
48 45 1
5 85 1
75 13 4
63 45 4
56 28 2
81 0 1
45 17 4
13 51 3
87 23 3
34 42 2
30 17 4
83 74 3
71 21 1
48 87 4
25 46 4
51 95 2
71 56 2
0 62 4
41 85 1
22 69 1
69 36 1
40 70 1
34 38 1
17 90 3
30 65 1
26 6 2
97 30 2
88 46 3
64 87 4
73 35 1
37 40 1
86 51 1
68 14 4
69 33 2
41 51 4
18 46 4
2 84 2
84 44 1
65 50 1
39 7 2
18 15 2
2 7 1
73 12 2
14 80 4
11 63 3
94 31 4
68 1 1
36 67 4
61 5 2
98 63 3
43 59 1
22 16 1
53 6 3
84 7 3
74 81 4
43 61 2
59 42 1
64 10 3
37 28 2
66 97 3
9 84 4
29 80 3
31 46 3
78 62 2
58 60 3
91 79 1
16 33 1
97 1 1
41 56 3
31 33 3
9 67 4
20 45 4
6 27 1
65 33 2
70 42 4
82 59 4
21 72 2
20 89 3
34 49 3
34 45 2
25 96 3
53 88 3
33 28 4
73 78 4
0 51 4
95 36 3
77 44 1
38 74 4
21 44 3
16 93 1
58 84 2
20 31 3
36 55 4
3 77 1
82 44 2
30 96 2
58 46 1
48 65 4
5 2 3
75 92 1
15 33 3
77 71 4
79 73 2
81 67 3
90 39 2
0 32 2
56 54 2
46 99 1
59 83 3
57 5 2
32 19 1
77 79 1
9 81 3
58 55 4
81 14 1
17 97 4
89 25 3
49 6 2
14 48 3
83 67 3
0 11 2
84 67 1
48 43 3
77 80 1
29 73 1
35 1 2
31 91 3
13 35 1
47 52 1
67 75 2
80 38 2
24 76 3
66 96 1
74 98 1
33 58 2
92 31 2
39 60 3
33 26 3
81 32 4
37 36 2
55 56 3
52 76 1
81 8 1
37 76 3
32 67 1
24 43 1
77 91 2
1 66 4
81 57 4
82 29 1
40 8 3
52 19 2
63 96 1
64 73 4
1 31 1
41 49 2
96 43 1
54 37 4
18 16 4
94 0 4
5 89 1
49 78 4
17 74 3
9 51 3
26 55 2
73 36 4
85 1 3
5 13 3
73 33 3
24 69 3
87 76 1
20 14 3
52 68 1
86 80 2
