4900 100
0 7 9
1 64 5
2 65 2
3 64 2
4 68 2
5 87 8
6 64 8
7 82 8
8 98 8
9 26 5
10 83 7
11 93 6
12 52 2
13 70 1
14 16 7
15 8 3
16 96 5
17 75 4
18 56 3
19 46 9
20 47 7
21 76 5
22 47 4
23 45 7
24 41 9
25 33 3
26 25 3
27 96 9
28 31 7
29 85 9
30 73 9
31 86 1
32 81 5
33 92 7
34 91 8
35 97 3
36 14 1
37 38 6
38 11 2
39 36 5
40 60 4
41 17 5
42 23 1
43 67 8
44 51 1
45 87 1
46 19 6
47 20 2
48 73 8
49 9 2
50 58 1
51 57 9
52 40 4
53 42 8
54 10 7
55 74 3
56 83 1
57 43 4
58 11 2
59 45 4
60 4 2
61 3 7
62 71 1
63 82 4
64 46 7
65 49 9
66 82 7
67 56 8
68 71 4
69 80 5
70 9 2
71 28 7
72 79 4
73 38 6
74 61 8
75 57 4
76 11 8
77 19 1
78 40 3
79 88 9
80 40 6
81 7 9
82 50 7
83 0 8
84 32 2
85 77 2
86 24 4
87 55 9
88 9 4
89 44 3
90 97 7
91 19 1
92 53 3
93 63 9
94 91 7
95 73 3
96 13 6
97 38 5
98 89 6
99 66 2
13 99 4
2 4 4
24 98 3
17 0 2
0 37 4
45 6 1
86 58 1
24 37 2
5 43 2
44 49 4
26 35 2
32 67 1
55 63 2
35 79 3
22 93 4
4 26 1
33 63 2
89 74 3
87 88 2
55 91 2
21 8 2
52 51 3
21 10 1
11 57 3
20 28 2
12 29 1
75 21 3
12 63 3
33 32 4
88 78 3
15 4 1
53 4 2
0 52 2
71 78 4
43 49 2
64 24 2
84 90 4
54 14 4
28 70 1
10 79 1
47 87 4
48 66 3
33 48 2
83 96 3
91 79 3
25 27 4
1 55 4
29 5 4
34 17 2
80 28 4
24 3 1
6 96 1
61 64 3
44 78 2
46 42 2
23 75 3
76 3 2
80 43 2
12 25 1
95 54 3
85 74 3
87 41 2
69 24 3
60 33 4
13 95 1
28 51 4
66 51 4
91 17 3
70 99 3
64 44 2
51 5 3
16 48 3
98 52 2
35 31 3
50 29 4
3 0 1
76 87 1
70 89 2
16 72 4
2 13 1
40 68 2
84 67 4
51 59 3
32 8 3
53 54 2
55 93 3
78 98 2
14 56 1
46 67 1
66 14 1
92 29 2
81 25 4
76 27 1
21 65 3
80 24 4
53 82 3
74 69 1
2 33 3
49 87 4
65 63 3
71 79 2
81 23 3
63 43 1
28 23 2
16 58 2
41 69 4
22 88 3
38 20 1
59 22 2
77 60 3
50 72 3
54 57 1
97 89 3
8 31 3
91 2 2
62 33 3
5 25 2
75 76 4
80 31 3
13 36 2
77 92 4
53 52 3
87 17 4
17 32 2
20 44 4
80 76 4
51 18 2
7 39 3
13 73 1
36 92 1
26 37 1
34 14 2
28 11 4
39 71 3
16 12 4
60 93 4
22 16 1
19 47 4
7 12 1
87 1 4
4 14 4
36 81 4
75 88 1
25 42 3
83 75 3
74 17 2
83 54 1
29 42 3
83 89 3
66 74 1
9 45 4
61 75 1
66 41 4
43 62 4
92 6 3
50 76 1
34 26 2
84 0 3
1 71 1
93 36 3
23 27 4
14 6 1
5 16 1
36 57 1
14 80 2
5 44 2
10 6 4
97 11 2
8 50 3
46 68 2
38 31 3
90 25 4
55 88 4
49 76 3
78 75 1
27 22 2
12 62 3
28 64 4
38 5 4
34 90 3
20 84 3
15 35 4
23 82 2
49 29 1
46 2 2
61 34 3
12 33 1
5 98 4
20 6 4
3 59 3
52 16 3
33 34 1
27 17 2
52 58 3
28 94 1
33 65 4
87 97 4
80 86 3
29 71 1
30 10 3
3 10 3
92 87 4
81 11 4
56 26 2
22 66 3
89 40 2
47 56 3
87 44 4
32 91 2
14 70 4
35 5 3
82 72 3
10 84 4
65 60 3
64 9 2
16 82 1
90 48 1
77 84 2
65 43 1
45 78 2
88 74 3
72 62 3
53 36 4
35 76 3
96 78 4
46 95 1
86 55 2
56 93 4
26 31 4
81 43 4
29 48 2
33 22 3
31 29 2
89 25 2
89 58 1
94 90 4
64 58 3
55 45 3
95 67 3
37 81 1
1 49 2
9 18 1
85 1 3
82 9 1
47 97 4
41 90 2
46 78 1
33 30 1
7 88 4
8 58 1
45 64 4
8 96 3
45 52 2
34 85 4
19 48 1
43 0 3
33 69 4
69 63 3
27 6 2
71 94 4
98 20 4
49 42 2
49 81 1
78 28 4
40 51 3
69 46 3
30 61 1
5 75 3
63 67 3
0 70 1
23 85 2
0 33 3
65 87 3
29 53 3
92 42 1
94 84 2
79 48 2
20 48 1
26 57 4
45 69 2
82 13 1
69 94 4
17 10 1
64 84 2
17 11 1
75 56 1
14 69 2
19 87 2
16 1 4
40 18 3
43 92 1
85 61 3
94 78 2
17 51 2
40 10 1
22 20 4
60 70 3
18 55 2
8 66 2
29 52 4
15 89 4
84 81 1
71 16 1
79 93 1
66 26 3
63 73 2
52 65 4
76 84 1
13 56 2
30 13 2
42 5 4
61 51 4
4 55 1
13 58 1
11 69 3
94 29 3
35 17 4
57 39 3
1 23 2
11 16 1
50 95 3
52 92 1
33 49 2
81 69 4
43 55 4
89 60 3
31 81 1
24 8 3
38 26 1
57 8 2
5 97 2
59 71 4
5 54 1
48 81 2
6 66 3
84 34 3
84 19 4
57 33 1
65 39 4
11 99 4
8 74 2
59 23 3
91 51 1
70 15 1
40 30 1
74 62 2
68 89 4
88 47 2
90 37 3
66 70 1
79 90 4
26 72 1
54 42 4
46 37 2
23 56 4
27 47 4
63 1 4
2 38 3
41 92 3
29 26 2
90 11 4
70 86 2
13 43 1
37 23 1
66 29 4
30 23 2
60 88 4
75 12 4
31 58 4
98 61 2
6 58 2
26 30 4
73 12 4
77 13 1
31 65 4
46 16 3
66 36 1
94 5 4
25 48 4
10 2 2
84 51 1
3 95 4
39 11 3
8 36 1
3 93 1
43 93 2
57 47 4
71 58 4
40 86 2
81 45 1
23 54 2
73 86 4
35 86 2
69 38 2
16 36 2
3 89 2
68 82 2
18 49 3
66 94 3
95 87 1
66 35 2
30 68 3
85 86 1
32 46 3
36 45 2
7 4 4
96 72 2
29 82 1
21 13 2
77 67 3
66 18 2
39 13 3
4 67 4
4 22 3
24 16 4
14 35 3
75 13 1
0 32 2
73 23 1
77 36 2
17 16 2
79 50 1
23 66 4
56 50 2
33 91 4
13 37 4
64 85 3
49 86 2
55 13 2
50 71 4
71 20 4
12 68 3
97 43 3
77 58 1
67 16 1
36 72 4
66 65 4
81 99 2
20 93 1
26 1 1
61 31 4
19 70 4
1 18 4
23 62 3
1 59 4
37 16 3
87 39 2
87 86 3
52 93 2
40 12 3
9 37 2
85 92 3
76 98 3
13 74 1
97 96 4
96 87 4
50 53 3
85 51 2
40 44 1
46 22 3
27 73 1
24 43 1
99 62 3
33 76 1
35 44 4
91 82 4
87 70 2
40 48 2
83 24 2
54 77 3
43 11 3
17 58 3
23 3 3
75 35 3
79 8 2
1 38 3
48 56 4
75 53 2
25 13 3
40 3 3
69 61 2
2 70 1
18 69 2
35 40 2
48 14 2
9 24 1
53 81 1
8 39 4
67 45 1
2 40 2
65 7 2
96 73 2
40 85 1
27 82 4
14 53 4
84 26 3
95 36 3
3 83 2
2 75 4
54 58 2
31 72 4
8 14 2
79 30 1
68 79 4
35 52 3
20 36 4
61 80 2
8 6 4
86 3 4
74 40 3
58 32 3
24 11 4
42 22 4
47 78 3
5 15 3
20 67 4
9 2 4
52 55 4
6 83 2
63 14 1
4 80 4
95 2 3
23 17 2
84 12 3
34 0 1
61 2 1
91 62 1
58 76 4
54 41 4
20 74 3
14 97 1
57 74 4
31 12 1
84 50 1
29 45 4
31 53 1
71 23 4
21 71 2
48 64 2
62 35 1
73 28 1
67 8 3
1 83 2
7 15 4
52 60 3
80 51 1
38 9 3
35 0 3
54 13 1
74 72 3
2 3 3
59 20 4
98 51 1
37 58 2
60 39 3
96 99 4
72 70 2
16 18 4
2 84 3
90 12 4
58 24 2
46 6 4
2 81 3
57 21 2
24 51 2
9 5 3
82 34 3
5 32 3
68 55 4
5 17 2
23 31 3
18 72 4
17 38 1
73 47 3
92 80 4
1 81 4
44 9 4
85 24 3
56 2 1
6 98 2
60 19 4
18 86 2
68 61 4
97 78 3
30 70 2
70 93 2
27 13 1
97 9 1
22 51 2
4 9 4
98 11 1
69 25 4
81 88 3
41 99 4
57 6 1
69 39 2
18 17 2
85 21 4
1 72 1
69 6 1
9 6 2
48 84 3
20 33 1
22 14 1
98 16 3
60 73 1
23 86 2
82 61 2
27 97 2
85 38 1
69 43 4
12 21 1
76 6 1
98 18 4
40 21 3
59 17 2
42 93 3
39 14 1
48 98 3
35 59 2
47 70 3
38 53 1
57 99 4
16 50 2
66 4 4
37 91 2
82 83 4
49 16 2
60 2 2
95 31 2
8 97 4
98 83 2
70 52 4
95 70 3
7 79 3
64 94 1
56 25 2
35 83 4
85 53 1
58 5 3
7 41 2
1 5 4
22 75 1
61 53 1
45 10 3
94 14 2
33 89 3
18 57 1
86 67 1
68 77 4
0 44 4
55 44 4
24 66 2
53 22 3
85 79 1
53 6 1
91 80 1
44 6 2
20 97 3
35 88 2
38 8 1
71 42 1
97 66 3
26 92 4
4 21 3
2 27 3
14 44 4
6 28 3
11 74 1
51 9 2
57 82 4
98 71 3
68 58 4
10 88 1
52 32 1
12 32 1
51 2 3
40 47 4
79 28 2
67 60 3
5 41 1
5 70 3
34 7 1
6 19 1
51 8 2
22 71 1
55 24 2
74 95 2
29 65 3
18 89 2
55 65 1
1 58 3
77 63 4
38 55 2
29 74 4
54 97 3
29 63 2
44 34 1
35 82 2
11 1 1
65 99 1
21 59 1
79 56 1
69 78 4
69 16 2
3 65 4
43 36 1
34 65 1
72 41 3
94 76 1
27 91 4
74 60 4
37 6 3
79 0 2
82 37 1
50 98 4
88 61 1
95 72 3
4 79 1
19 43 4
28 41 4
78 19 1
26 39 2
25 41 4
7 47 2
20 15 3
13 17 2
90 2 3
68 83 3
50 20 3
74 21 3
53 94 2
35 53 2
14 9 2
41 96 2
50 69 3
54 71 1
38 33 2
96 35 4
41 86 1
38 82 2
24 91 3
27 35 1
42 20 2
26 91 2
3 84 2
58 74 1
30 45 3
72 45 3
85 89 4
72 25 2
14 65 4
47 25 2
97 21 4
32 92 1
25 68 4
3 90 1
93 53 1
8 99 4
9 76 2
43 71 3
93 99 4
76 65 4
27 51 2
43 25 2
6 31 4
89 57 3
75 33 4
57 96 2
83 49 2
27 71 2
2 29 1
47 29 3
50 4 3
65 72 2
47 17 2
84 23 1
54 74 4
72 89 2
79 76 4
68 20 1
90 78 4
0 74 2
26 85 3
47 61 3
91 69 2
91 61 2
95 9 4
89 43 4
34 97 2
61 23 1
7 20 1
33 85 1
83 58 2
90 89 4
85 27 3
99 52 4
68 92 4
98 68 3
68 86 4
81 6 1
8 27 4
12 8 1
56 39 1
40 77 1
69 2 2
78 42 4
36 65 2
32 79 3
66 71 3
60 29 3
85 90 1
8 94 2
9 61 2
10 56 2
15 0 1
42 79 2
76 30 3
91 36 2
26 71 2
22 62 1
53 84 1
87 24 1
94 50 1
74 93 2
51 74 2
48 42 1
73 11 3
1 24 1
17 49 2
76 8 1
65 74 3
45 56 3
44 46 4
2 53 4
74 39 3
4 20 3
69 76 2
42 16 3
46 62 1
72 58 4
78 2 4
77 4 4
28 75 2
89 16 2
42 15 1
68 49 2
0 28 3
33 55 1
62 45 3
72 42 3
77 30 4
95 56 1
78 13 4
28 1 1
42 31 3
6 33 1
31 90 4
10 7 1
92 79 3
61 81 2
50 13 4
70 77 2
96 39 2
31 77 3
41 19 4
22 38 3
95 12 1
93 37 2
23 16 3
8 11 1
27 99 3
85 95 1
36 83 4
49 67 3
51 26 1
70 83 4
78 66 1
71 6 4
20 16 3
21 96 2
39 46 2
58 56 2
88 19 4
16 34 1
74 19 1
78 35 4
25 4 3
38 28 4
50 67 2
60 87 4
15 69 2
21 92 2
2 19 3
87 98 3
33 99 2
41 38 3
44 97 1
69 44 3
39 24 2
4 16 1
9 84 3
21 18 1
44 16 4
72 54 3
53 12 4
16 99 4
66 84 2
23 29 4
37 7 2
38 35 1
16 88 4
6 65 3
48 85 1
46 59 3
8 55 1
34 6 4
50 46 2
27 46 1
70 94 3
52 14 4
42 98 3
62 61 2
63 23 2
52 20 1
28 26 1
25 19 4
69 99 2
51 14 3
77 83 1
97 95 3
93 64 1
34 94 4
35 92 3
82 55 1
34 74 1
52 89 3
41 75 1
88 31 3
75 10 2
38 44 3
97 29 4
86 8 3
20 72 3
57 5 3
92 74 4
92 97 3
41 37 4
76 0 4
32 95 1
10 99 4
75 60 1
95 52 3
1 52 2
68 13 1
62 17 4
82 45 3
76 12 1
15 77 4
25 80 1
81 29 2
1 13 4
29 30 4
71 49 3
45 5 4
41 97 4
72 98 3
93 32 1
38 18 1
92 94 4
67 65 3
39 23 1
78 99 2
95 8 1
64 19 3
49 48 4
86 93 3
40 82 3
65 75 2
8 91 4
18 82 4
98 27 4
96 11 4
59 36 3
45 60 2
3 92 4
94 48 1
97 64 1
43 51 2
58 82 3
58 12 1
94 99 3
93 82 4
34 43 1
66 88 2
73 84 3
10 66 1
52 2 1
60 68 2
84 39 1
39 61 2
65 16 3
97 62 2
12 50 1
64 88 3
13 23 1
76 38 2
31 99 2
26 43 4
7 26 2
69 56 3
41 29 3
4 76 2
7 71 2
99 71 1
36 29 4
65 68 2
42 35 2
72 69 4
83 15 4
23 48 4
79 45 1
85 71 4
66 56 1
83 84 4
93 81 4
42 21 2
65 98 3
80 10 4
98 4 2
87 35 2
37 79 2
48 8 1
12 97 4
43 96 2
61 84 2
76 10 4
48 31 1
49 50 3
71 97 4
91 70 1
21 26 4
27 10 2
96 3 3
65 83 3
7 17 3
0 56 1
88 98 1
11 70 4
24 72 2
20 2 4
2 88 1
49 11 3
22 94 1
59 33 2
54 89 3
8 84 2
11 40 4
19 72 4
29 67 4
61 10 2
13 40 3
93 38 1
19 29 4
49 53 3
42 32 1
76 40 3
86 63 2
30 78 3
49 35 4
42 8 4
91 86 4
22 89 2
74 50 1
57 72 4
69 82 2
70 41 3
20 66 1
84 22 2
69 30 1
52 73 3
5 53 1
32 14 1
64 90 4
18 54 4
46 76 2
81 4 1
91 18 3
17 93 4
54 25 1
5 12 4
87 18 4
12 6 1
94 33 1
47 41 2
13 98 3
83 51 3
7 40 2
48 34 2
56 61 1
26 62 1
72 53 4
4 91 1
39 22 1
84 1 1
75 37 3
90 95 3
50 31 4
97 60 2
0 47 1
93 72 1
69 29 4
58 95 4
67 96 4
70 74 3
78 14 2
37 21 1
23 65 3
35 3 1
90 30 3
18 41 3
67 75 2
37 69 1
71 13 3
67 54 3
13 15 1
24 27 2
81 57 1
29 55 2
28 66 4
11 34 2
12 37 3
86 7 1
97 37 1
55 26 1
94 21 2
91 50 4
49 69 4
79 78 1
49 75 3
43 87 3
99 63 3
74 98 1
98 62 4
46 45 4
14 27 4
66 9 2
44 94 4
18 34 4
93 85 4
79 58 1
56 6 3
72 2 3
22 9 4
42 88 3
70 17 4
76 61 3
8 20 2
84 55 3
45 74 2
96 71 1
82 21 4
24 81 1
28 27 2
84 45 3
74 96 3
38 90 3
72 90 1
82 87 3
83 71 4
1 41 2
15 41 3
49 92 3
56 99 1
52 42 1
61 50 4
31 96 2
47 90 3
10 81 4
18 94 4
11 88 2
41 93 1
31 67 3
68 96 4
58 62 3
64 87 1
49 26 2
67 34 2
29 0 3
88 77 4
26 53 3
12 69 3
24 68 2
48 89 3
59 72 1
94 32 3
22 91 2
25 85 3
10 52 3
41 52 4
25 23 3
4 17 1
20 37 1
68 50 1
70 39 1
58 10 4
42 74 3
53 56 3
63 56 1
50 81 3
5 83 3
60 53 4
66 57 4
3 56 3
81 47 4
62 60 1
72 3 2
66 76 2
5 72 4
49 2 4
40 75 4
15 68 2
98 33 4
36 52 1
96 19 1
42 9 1
30 94 3
14 7 4
68 64 2
83 95 3
31 68 3
80 71 2
1 94 4
62 47 3
97 6 4
21 6 2
43 17 1
0 39 1
43 46 4
19 51 3
39 54 3
69 21 1
46 93 3
49 63 4
63 21 3
73 87 2
47 66 2
92 30 4
52 23 4
75 51 1
10 74 1
40 55 4
97 85 2
74 52 4
53 19 4
18 14 3
53 11 2
63 47 4
46 21 2
42 18 1
60 32 4
61 83 2
82 70 3
96 5 3
64 95 2
35 32 2
82 81 3
63 34 3
9 34 4
11 21 2
0 9 1
91 68 3
49 58 3
83 8 1
72 11 3
73 72 2
42 6 2
5 66 4
54 68 1
76 23 1
28 15 1
65 73 3
57 2 1
56 43 1
38 54 1
51 72 2
66 54 3
4 94 2
5 49 4
8 73 1
88 12 2
71 65 2
55 19 1
78 84 4
95 57 4
67 51 2
28 58 3
92 24 1
39 77 4
50 37 1
2 11 2
83 91 3
18 10 1
59 62 2
20 53 4
31 55 4
88 3 3
82 78 4
82 11 2
19 17 2
67 91 3
17 66 3
64 66 4
72 34 1
39 80 1
9 28 2
71 25 4
9 53 3
38 12 3
46 73 2
68 81 2
65 47 3
64 53 1
27 40 2
71 35 4
9 60 2
13 8 4
26 67 1
56 33 2
33 18 4
69 88 4
60 11 2
84 31 2
65 1 2
56 57 2
36 11 1
30 15 4
41 23 3
27 34 2
96 85 3
75 71 4
24 50 4
95 34 4
34 99 4
98 56 1
92 5 4
14 5 4
79 3 3
52 84 4
9 83 1
63 68 4
21 67 2
18 73 1
59 47 1
25 57 4
18 62 3
6 61 2
69 20 4
5 27 4
75 95 2
9 20 2
43 12 2
46 54 2
53 78 1
15 6 4
44 91 2
50 96 4
99 87 2
93 71 3
55 96 2
98 17 1
43 86 1
5 63 4
51 60 3
13 76 3
67 94 3
58 26 4
53 44 4
51 29 3
92 22 4
40 22 3
59 15 2
25 97 2
89 20 1
14 88 2
56 40 4
62 65 2
40 70 4
80 81 3
83 63 3
82 42 4
75 69 2
89 65 1
13 42 3
65 94 4
27 16 4
49 3 4
79 19 1
68 14 4
43 44 3
65 40 2
19 22 4
74 6 1
90 73 4
65 85 2
23 49 3
92 81 3
81 46 2
77 44 1
64 96 2
69 13 1
38 88 3
73 83 3
27 32 1
96 44 1
22 10 1
40 6 3
35 20 1
80 23 3
6 91 2
92 65 4
28 18 3
67 36 2
78 33 1
89 12 2
3 39 1
26 11 1
62 70 1
55 77 1
90 40 1
50 9 4
96 70 1
11 12 2
40 64 4
14 93 4
96 49 3
29 21 3
63 57 4
7 36 3
46 61 2
37 84 4
54 75 4
72 10 3
18 8 1
29 72 3
50 3 1
28 30 4
18 85 3
36 51 1
80 68 4
57 88 3
96 58 4
28 74 3
66 53 3
62 10 3
39 91 4
7 45 1
13 83 2
59 19 4
77 1 2
3 30 3
34 30 1
46 0 3
75 39 2
67 9 3
50 60 1
95 92 1
36 49 3
41 62 3
3 8 3
80 52 3
36 94 2
30 82 1
66 37 4
90 65 1
32 66 3
17 80 1
13 48 4
72 13 4
82 41 3
4 37 4
41 39 4
9 43 3
37 56 4
0 42 3
99 9 4
24 60 2
44 82 4
61 21 1
14 28 2
2 77 2
40 20 2
58 21 4
80 33 2
41 27 2
30 98 2
43 39 4
17 84 4
30 39 4
76 36 1
24 2 2
63 17 4
56 27 3
83 7 3
36 89 4
41 50 1
59 68 2
82 32 3
96 76 2
36 68 2
41 56 4
70 20 2
94 12 3
47 42 2
43 40 2
69 40 1
5 18 4
64 80 4
42 97 4
27 57 4
97 94 1
95 45 4
9 33 1
62 83 2
12 47 2
62 21 3
19 13 1
10 26 4
43 4 1
95 53 2
30 86 3
5 88 3
70 3 4
94 26 1
90 28 2
7 57 1
63 70 2
77 16 1
3 28 4
35 13 2
47 74 3
38 71 1
24 45 3
5 3 3
6 86 1
30 37 3
98 57 4
34 80 4
61 40 2
79 36 4
79 98 3
29 9 1
88 83 3
78 34 4
41 83 2
85 32 1
96 42 2
74 97 2
24 21 4
90 52 4
46 23 1
31 30 1
55 28 3
44 65 1
84 5 1
79 17 3
79 95 2
67 22 3
71 5 3
70 85 3
70 68 1
93 49 4
94 35 4
24 93 4
11 20 2
41 65 2
98 7 1
92 86 4
88 17 3
80 18 1
82 73 1
34 40 2
41 36 1
61 43 2
45 15 3
66 19 4
4 57 1
25 63 1
47 18 3
36 61 2
67 35 1
86 9 1
2 73 4
71 53 2
4 58 1
45 14 2
32 73 4
95 20 3
72 15 3
26 3 4
50 45 3
93 10 1
93 67 4
86 46 1
0 85 4
18 43 1
69 48 2
21 93 1
91 65 4
61 32 1
42 85 4
29 96 1
69 42 4
52 86 4
28 16 2
5 10 2
57 52 4
64 76 1
18 76 3
98 46 2
93 4 3
44 1 2
45 39 2
69 8 3
70 78 1
6 16 3
62 92 1
5 33 3
75 98 4
73 39 2
63 37 3
82 51 2
82 65 3
82 56 4
17 39 1
52 66 2
90 98 4
49 89 1
30 88 3
78 12 2
88 32 4
85 87 2
90 92 4
42 34 1
53 76 2
38 45 4
74 23 1
80 15 4
28 7 1
10 14 1
26 75 2
29 1 4
86 26 2
92 96 1
43 48 4
12 19 2
1 9 4
8 25 2
38 74 1
89 92 4
6 60 1
54 29 1
50 7 2
15 87 2
59 10 1
82 4 1
38 61 2
31 85 4
78 24 1
5 48 4
83 87 1
85 19 3
43 21 4
52 96 1
81 78 4
2 64 1
65 79 4
31 44 2
57 34 4
35 43 4
87 11 3
82 97 2
28 25 3
69 79 3
2 86 2
46 31 4
27 38 3
78 10 1
39 58 2
47 69 4
54 98 4
21 9 3
92 51 4
13 85 2
2 87 1
99 84 1
31 47 4
46 97 4
3 41 2
18 48 4
55 80 3
62 66 1
21 78 4
41 31 2
77 69 3
25 14 1
45 68 1
18 37 1
9 12 2
2 94 2
22 18 1
56 22 1
22 85 1
36 9 4
89 61 4
72 66 3
21 25 1
56 70 1
42 64 2
3 15 4
86 51 2
8 82 4
47 46 2
2 93 4
92 64 3
31 93 3
16 60 3
43 32 2
70 7 4
26 36 3
46 77 2
67 40 2
37 25 1
12 49 1
85 50 2
58 9 4
26 27 1
97 19 3
32 62 1
57 38 3
10 11 1
61 45 2
56 11 3
90 66 4
24 0 4
81 8 4
89 32 3
65 10 1
36 5 2
96 79 2
18 46 1
64 98 4
78 63 1
39 66 2
31 64 2
80 84 1
61 87 2
56 68 3
57 64 3
70 65 2
83 27 4
88 59 3
46 82 3
87 90 4
5 7 1
46 36 2
93 48 2
66 27 4
38 65 1
39 83 3
72 8 2
21 64 2
8 43 2
48 1 3
20 81 1
49 79 4
94 98 2
55 12 3
29 11 3
27 36 2
40 36 1
72 83 3
62 38 4
59 83 4
63 45 2
75 27 3
92 63 2
99 85 2
68 73 3
7 44 2
30 22 2
78 89 3
88 91 2
89 82 1
9 8 2
40 88 3
47 32 2
15 88 4
38 51 3
60 10 3
33 40 2
17 95 3
27 67 1
33 71 1
63 91 3
67 74 3
50 62 4
62 19 1
62 56 4
5 13 2
21 83 4
32 3 1
95 80 4
53 83 4
65 77 2
42 70 1
18 77 1
50 28 1
79 53 1
27 52 4
80 46 4
66 45 4
94 19 2
47 16 3
32 29 2
71 30 1
59 7 1
61 22 4
44 54 1
14 26 3
45 1 2
80 74 4
76 14 3
1 66 3
6 17 2
69 85 1
99 75 2
25 36 3
70 4 1
13 90 2
12 96 2
80 82 3
23 5 3
37 59 3
49 66 2
3 74 3
86 99 2
83 19 2
16 68 1
84 87 4
30 2 2
55 21 4
97 17 1
48 27 4
31 75 3
98 55 3
79 25 3
80 22 4
41 34 1
91 35 3
63 46 2
3 63 2
15 48 3
5 65 4
15 1 4
64 27 1
48 92 4
97 31 1
34 87 1
83 48 4
73 35 3
30 35 3
45 89 3
52 48 4
72 52 3
2 7 2
99 53 1
31 94 3
96 95 3
23 40 1
49 10 2
62 9 4
73 25 2
75 92 2
51 45 4
47 45 2
36 90 2
33 46 2
36 42 2
41 46 4
57 35 3
68 35 2
0 12 4
90 57 2
51 90 4
82 43 2
76 37 4
58 99 3
0 81 3
49 73 4
65 51 2
63 20 4
17 55 1
79 54 4
70 90 1
3 80 4
34 64 2
38 40 4
14 71 4
35 63 4
70 64 2
41 11 2
4 44 2
91 31 4
31 5 4
18 52 2
35 69 2
97 98 3
33 53 3
57 28 3
58 46 3
97 86 3
70 76 4
61 26 4
17 76 4
7 91 4
8 78 2
39 67 2
70 45 2
25 10 4
35 98 4
88 89 3
53 32 1
74 59 3
14 57 3
66 95 3
42 62 2
57 48 1
91 46 2
66 7 1
9 23 2
31 16 2
30 46 3
37 39 2
44 37 4
10 1 1
90 59 4
49 40 4
88 58 4
18 30 3
0 67 1
24 7 1
4 87 4
14 2 2
11 65 2
9 19 2
37 57 3
91 42 4
58 25 1
0 55 2
35 95 2
80 87 3
91 45 1
67 83 3
98 99 1
67 92 3
63 51 2
41 63 4
63 97 2
42 4 1
25 83 1
85 44 1
39 19 2
90 63 2
65 35 3
87 37 3
10 15 3
70 53 3
12 65 2
6 73 2
79 20 4
59 69 1
31 83 3
39 92 3
3 13 3
73 5 4
59 99 1
84 46 4
23 87 3
94 89 2
95 60 3
51 42 3
98 25 2
79 21 1
9 78 3
97 52 4
85 67 1
56 9 2
44 15 4
6 93 2
11 86 4
36 37 4
47 43 3
86 16 3
87 27 4
71 9 1
98 28 4
72 48 2
97 0 1
45 83 2
43 15 4
61 70 3
80 57 2
94 58 2
97 49 4
11 27 2
36 38 4
54 30 1
91 97 1
91 1 2
72 21 3
55 61 2
94 88 1
66 3 1
35 21 3
28 52 3
0 71 1
30 50 1
48 47 4
51 3 4
87 32 1
51 49 2
58 70 3
0 72 4
35 7 3
68 10 4
48 4 2
36 75 1
31 57 3
3 7 4
49 46 4
18 11 2
55 14 4
72 55 4
13 81 3
26 16 1
49 74 2
32 6 2
4 51 3
16 70 2
26 88 4
17 24 1
40 50 4
47 30 2
90 20 2
60 12 1
84 28 1
86 65 4
52 54 4
23 33 2
61 11 1
86 89 1
81 98 4
7 99 1
80 35 1
73 78 3
70 92 3
61 90 2
89 11 1
84 57 3
10 33 1
14 59 4
15 31 1
82 1 4
98 63 3
72 39 1
95 47 3
2 5 2
32 86 1
76 25 3
0 89 3
45 49 3
89 5 4
91 47 1
19 3 1
41 13 3
82 88 3
39 40 2
39 44 1
17 90 1
75 59 3
46 75 4
20 43 4
54 3 2
81 64 3
79 47 2
31 52 1
68 2 4
56 21 1
56 52 2
19 7 4
90 88 4
23 7 1
50 54 3
23 19 4
33 16 1
54 1 1
0 5 3
24 95 3
87 16 4
77 86 4
9 98 4
22 87 1
14 47 4
89 21 1
51 79 1
45 32 3
54 8 1
32 48 1
57 55 3
71 89 2
14 38 1
44 68 2
89 77 1
0 16 1
23 77 1
70 34 1
15 94 4
75 24 1
26 76 3
22 8 2
31 36 1
6 87 1
88 28 1
68 38 4
30 51 3
66 11 1
24 36 2
80 93 1
90 18 3
19 42 2
37 74 1
33 86 2
61 57 3
77 25 4
22 17 4
94 80 3
26 99 3
11 35 2
87 79 1
13 0 1
4 35 1
38 70 2
63 22 2
63 39 2
21 45 4
25 67 1
82 90 2
27 7 4
48 80 1
18 12 1
48 6 3
68 29 1
55 59 1
80 0 1
92 34 4
43 30 2
36 12 4
40 15 1
24 25 3
27 68 3
15 37 2
5 67 1
57 86 4
96 34 4
54 70 1
68 32 3
70 12 4
51 15 1
24 71 3
9 72 2
32 36 2
22 86 3
36 33 3
19 93 1
94 20 3
42 24 4
92 44 1
22 31 2
10 89 2
34 35 2
33 15 4
43 41 3
77 81 4
42 84 1
22 69 4
46 87 4
12 10 2
25 93 2
77 56 2
89 9 2
81 34 4
97 67 2
80 79 4
89 91 3
71 41 4
82 31 1
37 96 3
47 94 4
67 1 3
4 62 1
37 8 1
77 24 4
75 47 3
50 48 2
90 1 4
60 63 4
11 23 1
65 13 1
40 9 2
39 35 3
72 22 1
78 92 3
88 70 2
96 84 4
84 24 1
62 53 3
0 87 1
6 43 1
38 52 2
92 76 3
71 32 3
76 45 1
16 2 3
5 21 4
89 42 4
60 79 2
66 73 4
12 67 4
99 73 4
40 71 4
19 45 4
81 54 1
33 70 1
67 71 1
25 2 2
40 8 1
17 2 3
43 38 4
95 11 2
11 32 3
56 88 2
68 72 4
91 99 3
54 28 1
19 58 3
59 52 4
20 23 3
51 93 2
66 60 4
5 55 4
86 74 3
10 97 2
31 0 1
25 45 3
31 2 3
27 69 2
9 16 4
44 52 4
98 67 1
70 6 1
1 33 1
61 79 4
98 85 4
97 93 4
1 57 2
4 33 1
52 49 3
53 48 2
4 1 3
1 36 2
42 44 1
6 95 2
15 64 1
6 22 1
91 75 1
88 99 2
53 21 4
24 73 1
54 35 2
93 0 4
54 56 2
40 92 4
4 65 1
70 43 4
48 71 4
35 48 1
3 25 1
92 60 3
44 95 3
95 71 1
47 4 3
48 95 3
6 13 2
26 96 2
86 21 3
39 1 1
29 25 1
78 51 3
32 28 4
34 51 2
3 38 2
73 61 2
30 83 2
85 39 1
46 26 1
41 35 3
51 0 4
19 26 3
70 49 4
98 93 1
96 45 3
16 66 4
49 6 4
98 60 1
29 39 3
93 34 3
58 18 1
15 21 2
29 10 4
57 87 3
22 41 4
62 29 1
54 84 3
47 11 4
26 87 2
46 48 3
92 10 4
29 20 1
19 82 2
20 45 4
76 41 1
88 45 3
78 68 1
25 64 2
44 24 4
47 39 4
88 13 3
92 93 4
35 77 1
98 31 1
59 38 4
32 51 1
23 57 1
30 80 3
85 88 4
57 16 1
1 75 3
25 16 4
67 61 1
80 96 3
22 43 1
20 64 2
39 5 2
42 41 4
46 65 1
10 39 4
51 54 4
84 60 1
58 20 4
94 46 2
55 92 2
71 77 1
15 71 1
8 87 1
68 93 3
13 59 1
30 1 4
90 45 3
29 8 3
86 0 3
6 82 4
63 61 1
11 22 3
80 85 2
90 9 2
71 69 2
32 25 2
14 96 2
9 73 2
9 68 4
62 40 2
14 11 1
61 5 1
7 55 3
34 76 3
90 76 3
17 57 2
69 23 3
28 67 2
50 35 4
5 91 3
64 12 2
5 90 3
52 11 4
72 7 3
15 12 3
53 68 2
8 34 4
18 24 2
22 79 4
89 30 1
78 36 2
79 24 3
93 57 3
74 5 2
48 9 3
62 8 4
99 48 3
79 14 4
22 60 3
28 95 1
33 44 3
60 69 2
0 66 1
87 77 1
38 84 2
73 1 1
2 26 4
74 16 3
17 60 1
15 81 1
56 86 4
88 27 2
75 50 2
1 96 4
14 77 1
37 43 4
65 0 3
48 62 4
2 66 2
78 29 4
25 51 3
73 75 1
42 14 4
71 45 4
88 52 4
43 85 4
99 42 1
66 86 1
23 26 4
39 20 2
94 27 2
76 91 2
66 25 4
11 7 3
69 9 1
98 73 2
30 84 1
34 29 3
23 6 1
60 35 4
31 87 2
80 41 1
91 14 4
1 8 4
94 41 2
64 99 1
92 23 1
44 3 1
97 36 2
48 68 2
15 61 4
26 60 1
96 53 4
48 26 4
58 14 4
15 39 4
31 17 3
63 16 4
31 49 4
17 85 4
8 10 2
75 18 3
56 89 1
74 44 3
72 75 1
88 34 1
74 33 4
77 7 1
1 93 3
92 12 2
74 71 1
96 98 4
57 91 3
24 49 3
53 18 4
2 54 1
55 34 4
47 38 4
65 42 2
91 72 1
97 88 2
53 86 3
98 14 3
39 90 2
3 55 3
1 43 3
44 66 3
78 41 2
0 8 3
30 16 2
66 85 3
0 75 4
50 23 1
80 27 4
23 8 4
79 9 3
19 44 4
82 98 1
54 92 1
2 37 2
25 84 3
27 89 2
32 63 4
73 16 3
48 97 1
31 79 1
31 13 3
38 66 2
11 4 4
43 53 1
74 25 2
10 35 4
50 39 2
3 71 2
94 95 1
8 65 3
51 53 2
95 76 4
68 6 1
0 78 1
56 44 2
39 52 4
34 10 2
44 17 3
98 10 2
64 43 3
48 54 3
99 40 1
81 72 4
61 20 1
44 13 2
94 54 4
83 52 3
71 70 4
99 95 3
3 48 1
53 0 2
15 97 3
85 30 3
60 82 3
24 38 1
49 21 1
73 58 1
29 59 2
51 96 1
59 96 4
38 56 2
74 73 3
88 18 3
83 74 2
18 29 4
49 78 1
60 13 1
87 9 1
23 78 1
94 75 4
21 3 4
7 33 3
66 61 4
12 39 4
24 40 3
46 10 3
22 23 1
93 96 2
16 7 4
3 68 4
89 96 1
80 70 2
44 73 3
73 59 1
71 31 3
18 15 3
82 3 2
33 84 4
47 72 4
69 96 3
34 79 2
47 68 2
64 33 4
80 67 1
12 86 1
53 45 1
32 54 1
32 30 4
66 43 3
72 17 2
56 46 3
52 8 3
37 55 4
80 73 4
8 16 1
95 98 3
73 20 1
87 81 3
12 2 4
93 27 4
46 20 2
15 49 4
6 67 2
2 36 4
90 15 1
51 31 3
48 39 2
44 79 3
45 27 4
13 97 1
34 2 3
63 71 2
99 4 3
82 86 1
99 23 3
51 89 4
99 67 2
37 83 3
26 95 1
67 19 4
81 30 4
72 92 3
80 5 2
47 96 3
24 53 4
11 54 4
58 47 2
73 70 1
58 97 1
79 81 4
96 10 3
4 41 2
82 59 1
41 89 2
63 84 2
98 39 2
27 20 1
36 99 4
44 84 3
44 45 3
62 90 1
58 51 4
84 11 2
57 44 3
94 96 4
79 2 3
24 88 2
68 17 1
94 13 1
43 28 4
44 86 1
47 71 2
33 43 1
64 14 1
13 93 2
40 28 4
92 7 3
81 51 3
21 41 2
21 34 3
48 70 3
54 49 1
19 0 2
58 43 3
37 67 4
74 81 2
76 2 4
99 19 1
56 51 1
68 74 3
28 4 1
57 49 3
0 68 1
63 66 2
76 39 1
94 86 3
55 83 1
60 28 1
14 95 2
3 97 1
77 41 2
85 84 1
8 30 1
6 24 1
69 67 1
73 15 1
87 10 4
98 1 4
79 66 1
66 87 3
32 57 2
31 78 3
45 57 4
93 95 4
0 26 3
77 51 2
45 93 2
9 47 3
48 58 4
21 81 1
87 53 4
1 3 2
61 33 2
58 63 3
10 71 4
72 85 4
45 33 3
33 37 3
63 18 3
80 78 3
61 35 1
2 98 1
23 98 3
82 64 1
23 89 4
10 13 3
81 66 2
23 12 1
66 91 3
8 60 1
42 87 3
37 62 1
3 29 3
56 31 3
56 78 4
80 83 1
87 63 1
16 54 2
52 21 4
71 84 4
16 45 2
83 38 2
15 36 1
41 79 4
35 18 3
17 45 1
47 13 2
27 37 4
47 85 2
46 99 2
69 52 3
23 97 4
80 54 1
79 84 1
20 75 3
58 55 2
97 53 2
71 2 1
47 53 2
9 17 1
68 52 3
1 47 4
7 76 4
73 77 2
17 83 1
87 25 4
21 23 4
52 22 3
56 55 3
81 19 3
0 64 2
29 15 4
66 67 4
91 95 4
57 3 2
50 15 2
53 16 3
7 95 1
53 73 3
26 78 3
97 77 1
16 55 1
20 26 3
63 4 4
82 36 4
38 58 2
94 49 4
98 59 3
61 92 1
61 0 2
52 77 1
60 71 3
38 91 1
39 86 1
46 90 2
96 17 1
91 28 1
27 1 2
73 26 4
79 23 3
11 6 2
93 18 2
30 48 1
36 73 2
19 86 2
89 39 3
33 17 3
63 9 2
72 4 2
75 58 3
40 95 4
81 85 3
44 11 2
34 15 1
52 15 3
7 13 4
54 45 3
28 89 3
18 31 4
66 69 1
2 62 4
25 7 1
80 8 4
34 39 1
21 99 4
90 24 3
37 73 3
26 83 2
56 15 1
81 62 2
43 52 1
41 74 4
30 17 4
12 45 2
4 97 1
40 87 1
52 61 3
96 75 2
6 0 4
82 99 3
85 11 1
7 94 3
62 3 3
93 7 2
12 28 3
14 20 2
84 74 1
75 45 3
75 52 3
89 14 3
7 60 2
5 40 2
0 11 2
54 6 1
30 58 1
7 42 1
10 85 4
26 6 1
48 76 1
88 1 1
64 59 4
30 24 2
31 34 4
65 17 2
72 28 1
77 53 3
20 24 3
25 38 1
50 93 4
33 95 4
43 78 2
82 24 4
2 67 4
29 79 2
1 69 4
8 77 1
61 94 1
55 20 3
28 21 2
75 19 4
63 59 2
54 85 2
49 13 2
0 48 1
26 93 3
82 22 1
79 83 2
71 19 2
93 88 4
31 33 2
13 28 4
85 4 2
82 26 4
86 79 4
65 95 1
99 50 3
14 73 3
43 50 4
63 36 4
59 24 3
64 54 4
15 96 2
94 40 1
65 80 1
6 59 3
51 55 1
96 32 1
28 92 4
9 57 3
31 43 1
36 69 4
10 23 4
67 88 4
79 73 3
43 27 1
84 86 3
97 65 3
12 17 3
57 15 1
49 72 4
33 14 1
12 20 4
47 64 2
39 32 4
6 7 2
76 81 2
62 44 3
95 63 3
0 69 1
1 89 4
57 22 1
44 28 4
52 25 1
50 83 4
35 93 2
57 92 2
92 20 1
19 61 4
29 46 4
22 49 3
59 67 4
42 56 3
81 17 3
45 13 1
72 80 3
60 38 4
69 97 4
79 77 1
6 79 1
90 55 4
36 6 3
92 9 4
59 80 3
69 62 2
18 60 1
11 51 4
79 13 4
68 22 4
95 39 4
75 25 2
30 27 4
61 99 1
45 4 1
31 7 4
50 5 4
36 18 1
38 0 4
20 60 4
97 50 4
22 37 4
1 22 2
37 5 4
47 77 2
48 45 2
35 81 3
59 79 1
14 41 3
30 25 3
18 7 4
35 74 1
52 9 2
1 2 3
11 91 1
12 72 1
7 58 3
21 70 1
44 99 1
14 82 1
47 49 1
17 64 4
74 31 4
46 52 2
73 85 2
75 63 2
49 39 3
26 70 4
57 60 3
83 97 4
62 63 1
66 96 4
45 8 1
76 56 2
63 40 2
29 91 2
39 53 2
7 68 1
83 99 4
62 0 4
18 81 4
23 51 2
29 44 1
61 54 4
41 51 1
92 84 3
94 16 4
45 85 3
78 61 1
38 77 3
36 3 4
97 81 3
65 61 3
42 50 3
4 23 3
75 74 1
10 4 4
39 62 3
17 3 3
22 3 4
91 64 4
37 45 1
64 38 2
25 53 2
38 99 2
59 53 2
78 87 3
83 85 2
64 83 4
84 89 3
37 17 2
19 68 3
49 95 3
91 98 1
52 34 4
0 99 4
75 68 2
30 21 4
48 88 3
56 74 2
83 66 1
45 2 3
28 76 3
55 15 1
35 85 4
55 99 4
13 16 3
81 65 1
92 56 4
94 11 1
53 8 1
54 43 3
93 94 2
50 11 4
60 94 3
25 55 1
61 58 4
91 25 3
58 92 3
35 56 3
64 72 2
63 10 2
55 35 3
76 51 3
50 89 1
1 79 1
65 64 4
69 95 3
78 48 2
81 86 4
87 71 1
87 48 4
59 30 4
95 68 1
24 63 2
90 86 3
82 74 1
78 25 1
80 99 3
14 3 2
30 7 3
80 42 1
32 49 1
74 63 1
33 13 3
79 46 4
15 2 3
62 51 2
46 25 2
8 64 2
18 19 2
51 73 4
77 22 4
14 75 1
10 42 4
79 43 3
41 88 3
80 19 4
27 84 1
48 59 4
16 21 1
29 98 1
40 83 1
17 69 3
44 12 4
11 42 2
15 79 3
47 2 4
89 66 1
3 67 1
99 14 3
42 73 3
15 62 3
33 97 1
50 87 2
78 3 3
37 85 2
71 64 3
42 76 4
87 72 4
65 19 3
74 9 4
3 37 2
79 94 3
1 31 1
52 7 2
51 64 3
1 50 3
58 81 4
38 94 4
31 59 1
19 21 4
27 62 3
30 5 2
30 95 1
69 73 1
40 14 4
45 73 2
80 13 3
36 35 4
90 8 3
30 53 4
12 22 2
77 62 3
42 68 2
78 91 2
70 79 2
89 31 3
68 84 1
91 21 1
51 16 1
67 52 3
93 40 2
97 80 1
40 73 4
77 98 2
66 58 1
24 52 1
98 49 4
63 2 4
51 10 4
88 25 2
83 22 4
73 34 1
45 26 2
3 98 2
41 12 2
64 22 1
77 64 1
57 46 1
14 21 1
61 12 2
6 2 4
86 95 4
57 85 1
4 13 3
91 58 1
25 49 1
64 56 1
73 7 4
90 99 1
2 43 1
55 79 1
90 67 3
13 11 3
94 83 1
74 27 3
91 90 3
71 61 1
8 68 2
65 20 3
25 20 1
76 16 1
93 69 4
35 29 4
75 93 3
20 30 3
79 5 3
44 98 1
64 67 2
99 89 3
82 85 3
52 62 2
5 11 2
24 70 3
47 80 4
30 0 1
29 7 2
65 96 3
73 89 3
26 69 1
37 94 2
12 79 3
86 17 4
15 11 1
21 44 1
89 2 4
98 47 2
57 83 3
32 26 1
40 91 1
62 7 3
26 81 4
60 27 2
4 40 2
30 38 4
88 51 1
52 30 2
97 76 4
76 44 1
29 6 1
83 34 1
64 37 2
95 5 2
95 38 4
72 97 3
16 90 3
81 27 1
84 13 1
28 99 4
92 17 4
67 62 3
9 54 1
35 2 4
62 89 4
21 27 3
32 64 4
75 8 2
72 71 4
24 23 3
3 16 1
96 7 2
13 32 4
34 4 4
59 5 1
83 93 3
89 67 2
15 53 1
76 63 3
83 33 3
17 50 2
72 44 4
74 15 4
13 46 2
36 4 1
3 46 4
74 77 1
72 67 3
63 15 1
5 56 4
32 18 2
0 88 3
41 20 1
77 37 2
18 68 3
76 54 2
42 3 2
82 39 2
66 34 1
67 87 4
97 18 3
32 65 4
77 21 1
63 27 1
93 39 2
35 84 4
25 18 2
30 67 4
7 32 1
84 15 3
44 41 2
78 37 1
22 55 3
79 82 2
38 86 4
64 4 1
34 45 2
0 27 2
44 8 1
56 94 4
29 27 2
54 31 2
42 27 4
26 8 1
59 66 2
14 31 2
51 94 4
73 54 1
79 52 1
14 85 3
54 63 2
78 54 4
47 86 1
25 44 4
88 68 2
96 23 2
95 51 3
73 33 1
6 25 3
63 38 4
95 1 4
1 97 1
67 78 3
40 72 4
77 5 4
2 44 2
64 30 2
41 26 2
93 44 1
90 74 4
49 59 1
11 30 3
91 3 1
16 79 4
5 46 3
83 47 3
43 23 2
28 2 2
67 79 3
32 40 2
11 48 1
61 25 2
47 52 3
59 43 3
85 52 4
94 42 1
98 21 2
85 41 4
12 57 1
4 52 3
25 15 4
20 13 3
95 22 3
97 32 3
38 78 2
14 15 4
97 84 4
28 45 2
53 13 4
96 36 3
45 42 3
62 95 1
54 69 3
30 49 3
93 30 1
55 64 4
50 36 1
28 10 1
96 4 1
50 18 2
46 35 4
97 56 2
44 30 3
31 21 4
19 73 3
75 3 2
89 79 3
45 98 3
23 64 1
7 75 4
37 10 1
29 38 1
6 99 4
13 34 2
33 24 3
59 16 4
93 8 2
58 35 4
60 55 2
28 61 2
68 23 2
92 18 2
4 73 1
4 88 1
80 44 2
81 71 3
53 46 1
87 3 3
49 99 3
46 38 3
17 52 2
59 94 2
73 31 3
38 67 2
60 0 1
78 20 2
38 50 4
80 62 1
81 42 3
71 51 4
67 10 4
48 28 2
53 58 1
29 4 4
76 62 3
67 17 3
61 72 1
90 93 2
81 28 1
85 75 2
24 62 2
7 97 2
13 24 2
53 1 2
47 34 3
65 48 3
82 52 2
73 97 2
42 39 3
35 47 3
92 31 3
93 59 4
20 21 1
93 89 4
39 79 4
71 57 4
11 77 4
20 77 3
75 55 3
48 60 3
2 59 4
93 87 1
17 29 2
12 42 3
62 20 3
38 98 1
12 14 3
68 26 3
1 19 2
33 26 1
12 13 4
56 85 4
39 55 4
69 51 4
90 4 2
55 67 2
57 42 2
48 17 3
50 32 1
41 30 3
39 97 2
94 68 2
18 74 2
95 19 3
56 72 1
35 99 4
57 77 1
90 23 2
40 97 2
72 27 1
78 76 2
24 12 1
10 41 2
23 47 1
50 64 2
85 94 2
48 51 1
83 14 2
93 15 2
40 81 2
26 98 3
48 37 2
19 57 4
26 77 3
4 86 2
64 7 3
5 68 4
28 63 4
81 9 3
64 75 3
65 30 4
21 66 4
30 36 4
46 17 4
47 60 4
81 5 1
28 93 4
95 25 4
25 35 3
16 62 4
58 67 2
18 95 2
24 29 4
74 78 4
59 89 2
89 19 1
21 87 4
95 41 3
23 34 1
51 13 4
47 76 1
31 66 3
54 7 3
91 81 3
5 20 1
60 25 1
40 19 2
7 80 4
90 21 3
64 16 3
92 1 4
99 32 1
8 63 1
14 61 3
14 60 2
61 59 4
84 49 4
15 75 3
96 30 2
36 84 3
43 76 3
11 67 3
6 85 2
75 32 3
12 85 4
74 30 4
77 0 2
83 4 4
89 24 3
48 77 4
70 84 2
33 81 3
32 23 4
60 42 4
7 67 1
36 22 3
10 69 4
79 63 4
92 8 4
79 75 1
23 36 2
78 58 1
39 16 4
98 84 2
11 64 2
73 81 4
37 32 4
10 95 2
39 6 4
60 31 3
85 2 1
14 90 3
8 2 4
94 57 4
66 42 2
42 77 2
19 92 3
50 92 3
11 45 2
12 82 1
4 54 1
51 12 2
84 91 3
21 7 4
5 86 3
53 7 3
80 60 2
50 21 4
39 38 1
30 91 1
15 16 3
21 39 4
17 20 2
25 31 2
31 11 3
82 2 3
90 10 2
60 85 2
31 37 2
94 62 3
51 20 4
85 55 4
46 85 4
74 94 3
82 25 1
77 49 2
10 55 2
71 44 1
79 27 1
60 61 3
88 86 1
16 38 4
14 24 3
56 60 4
86 10 2
59 84 4
81 12 3
59 18 4
98 69 3
42 26 1
30 66 3
96 28 4
82 75 1
51 35 1
39 4 2
66 40 4
7 89 1
47 10 1
28 82 1
37 1 4
31 76 2
9 75 3
87 33 1
3 77 2
12 91 3
48 41 2
82 76 2
79 38 2
50 6 4
37 11 4
9 91 1
57 24 1
16 84 3
16 75 1
27 86 1
93 73 3
80 53 2
39 99 4
5 28 3
43 42 2
84 88 2
44 70 1
40 53 1
37 40 2
32 70 2
17 94 2
89 6 2
91 53 2
48 22 2
80 58 2
21 60 3
24 32 1
42 1 3
65 22 3
7 74 4
74 32 2
67 24 1
26 63 3
98 15 2
41 49 3
95 59 4
75 48 2
66 13 2
4 27 2
45 65 1
69 70 3
12 46 3
51 1 2
8 70 1
55 11 4
83 44 4
72 23 4
64 89 3
67 15 2
46 55 1
12 99 2
86 72 3
92 27 2
31 70 2
26 47 2
74 64 3
6 38 4
69 31 2
81 16 1
26 97 3
22 45 4
33 67 2
7 51 3
88 46 1
41 55 1
93 65 4
87 20 3
80 63 3
61 97 2
55 9 2
88 65 3
55 27 1
12 26 3
60 59 3
66 33 2
9 80 3
92 14 3
77 75 3
27 15 4
20 3 4
62 79 1
69 86 2
4 8 2
88 96 4
57 58 3
17 36 3
89 17 1
36 54 3
22 58 3
25 39 1
40 31 4
11 78 1
4 74 2
75 44 1
8 35 1
15 82 2
9 65 2
61 4 3
56 84 3
74 2 3
77 34 4
39 27 4
0 91 1
21 68 3
62 31 3
17 77 4
0 45 2
30 72 2
23 2 2
19 8 3
52 81 1
45 3 1
92 16 4
38 87 2
91 23 3
27 95 1
51 70 1
73 76 3
48 82 2
37 71 4
94 23 2
10 91 1
26 40 1
83 43 2
78 77 2
29 76 3
54 20 4
78 18 1
77 66 3
20 18 3
37 99 1
44 26 2
6 77 2
16 85 3
68 37 2
16 83 1
32 21 1
26 74 3
35 23 2
10 31 4
37 49 1
68 62 4
5 64 3
55 49 3
40 17 2
19 5 1
48 7 2
69 58 4
86 75 2
46 1 2
24 61 4
63 11 1
53 17 2
73 71 1
68 11 2
25 92 4
61 41 4
34 62 4
78 57 1
42 17 1
4 12 4
86 48 1
32 76 4
53 3 4
24 34 4
60 1 3
65 27 2
68 34 4
77 29 3
64 62 4
35 90 3
17 8 1
37 65 1
65 15 4
50 2 2
20 82 4
44 22 3
68 69 4
22 35 3
24 76 2
89 80 1
15 92 4
24 19 3
0 40 1
8 88 1
92 0 3
21 33 4
63 52 3
54 22 2
0 57 2
95 55 4
91 73 2
6 88 3
59 97 2
21 1 4
91 92 4
6 55 3
79 99 2
94 81 2
83 12 1
56 29 3
29 84 4
86 29 3
24 97 4
46 51 1
78 52 2
90 7 1
81 38 2
14 67 4
76 68 4
75 70 3
7 87 1
80 38 1
21 51 2
82 77 1
54 60 3
18 3 1
5 69 1
87 58 2
38 89 1
32 80 2
33 27 2
21 95 2
45 58 2
19 98 1
5 62 1
72 37 3
61 44 4
79 64 3
3 85 3
86 25 2
43 45 1
21 80 4
67 44 3
22 26 2
2 41 1
22 50 4
12 77 2
65 69 4
71 92 2
88 95 1
17 54 1
57 70 3
90 32 3
77 95 4
73 55 3
92 98 3
92 82 4
5 6 3
47 21 3
44 27 4
55 76 2
19 35 4
80 6 4
83 18 4
43 99 1
46 9 1
93 33 2
92 4 2
0 21 1
47 50 1
5 78 1
78 50 3
56 19 1
17 14 3
32 78 1
21 48 3
50 44 3
62 73 3
32 19 4
94 77 1
93 91 1
3 4 3
51 37 3
29 13 1
55 23 4
78 27 3
83 23 4
1 12 4
29 83 4
1 70 2
57 65 2
29 70 2
23 58 3
26 65 1
5 76 1
40 96 4
28 65 2
77 59 2
94 63 2
67 13 1
90 75 2
34 1 2
73 41 3
53 57 3
94 73 3
39 88 2
22 28 1
57 41 3
35 6 3
15 19 3
83 86 3
34 54 1
10 77 3
98 34 1
89 46 2
2 55 2
22 97 2
44 60 2
80 49 3
80 37 1
46 24 1
14 62 4
4 5 4
55 47 3
81 22 4
51 99 3
49 88 1
1 78 2
15 23 4
32 72 1
72 99 4
28 97 4
29 28 1
19 37 1
62 85 2
86 61 2
61 95 3
68 51 1
17 73 4
67 70 4
22 0 2
85 63 3
85 49 1
58 93 4
34 86 2
75 81 4
52 13 1
98 80 4
92 45 2
49 82 2
5 24 4
62 93 2
69 90 4
17 82 2
86 15 4
25 94 1
12 93 1
71 8 3
93 54 4
49 90 4
37 70 1
8 49 2
25 70 3
76 93 4
48 74 2
70 27 3
95 23 3
91 54 1
97 68 1
19 33 3
50 63 4
7 56 4
59 26 2
25 40 2
22 70 3
28 69 4
15 76 1
99 3 1
36 98 1
96 24 2
1 14 4
43 72 4
23 60 2
9 7 1
61 29 3
68 28 1
5 82 2
0 49 3
62 55 4
95 37 4
25 65 4
61 93 3
65 56 1
54 37 2
30 42 4
34 5 2
34 71 3
26 5 2
50 73 2
46 96 2
14 72 2
34 69 3
31 27 4
29 33 2
84 4 2
17 56 4
68 33 2
59 11 2
76 71 3
69 89 4
49 34 4
63 81 1
2 99 1
77 9 3
87 30 3
88 72 2
46 4 4
96 9 3
0 94 2
72 78 1
86 36 1
75 29 2
88 20 1
0 4 3
26 13 2
33 35 1
96 61 3
32 77 3
43 98 3
15 58 4
36 55 4
21 36 3
29 37 4
72 94 2
18 27 3
41 40 4
14 19 4
30 56 4
41 45 3
46 72 1
26 24 4
76 77 1
67 76 1
88 33 2
15 95 3
12 3 3
89 13 4
63 96 4
25 96 1
38 10 3
89 29 1
60 41 2
73 64 4
32 31 1
15 26 4
13 87 1
92 59 3
58 2 1
90 56 2
41 33 4
92 2 1
63 72 3
16 29 3
28 37 1
13 86 4
54 55 4
18 65 2
21 73 3
4 69 2
20 83 4
64 60 4
92 66 1
54 12 2
18 45 1
40 59 4
85 15 4
76 57 2
15 47 4
91 56 1
61 49 4
50 70 4
16 93 2
55 70 1
14 30 3
84 47 3
29 87 4
1 40 2
55 78 3
22 5 4
37 35 3
40 58 4
44 59 4
45 86 4
97 51 3
47 67 4
82 10 4
39 18 3
30 4 3
71 11 3
17 28 2
24 31 1
70 18 2
22 98 2
79 33 4
39 81 3
44 18 1
1 20 4
52 3 3
10 16 2
62 1 2
31 4 2
87 36 2
60 83 3
29 99 3
64 36 3
87 59 3
63 31 3
7 49 3
10 32 4
14 84 3
5 52 1
91 77 1
57 97 4
59 76 3
73 92 2
28 24 2
97 2 2
9 94 4
48 96 3
31 3 1
59 41 1
80 90 4
86 78 4
84 7 4
59 27 4
41 9 4
1 17 2
73 88 4
20 34 1
2 22 2
49 14 1
36 47 1
55 89 1
19 30 4
77 96 4
20 96 4
53 65 2
65 54 2
4 75 3
53 41 2
42 86 1
34 89 3
11 3 1
0 54 2
87 75 2
55 94 2
84 65 3
49 62 1
60 81 4
9 25 2
54 33 1
74 1 3
72 6 2
12 27 4
99 22 2
52 19 3
28 34 4
9 11 2
60 15 3
49 19 4
4 24 4
34 25 3
32 1 3
50 0 4
42 63 3
28 47 4
38 96 1
41 16 3
81 96 2
16 95 4
42 38 2
3 58 3
48 67 4
83 78 1
66 12 2
50 19 3
36 34 1
84 75 2
19 20 1
71 82 1
33 39 1
54 86 2
48 24 4
62 57 4
14 43 4
79 40 1
17 78 2
47 37 3
81 90 2
46 34 1
9 59 3
43 77 1
20 49 1
18 6 2
24 56 3
53 69 1
87 12 4
85 8 4
51 33 4
61 37 2
98 66 3
95 81 3
68 1 4
63 6 4
57 69 4
80 88 2
10 44 4
24 10 3
83 69 4
7 8 4
76 83 2
36 71 3
80 77 4
99 17 3
84 93 2
45 94 3
50 65 1
44 58 4
83 2 3
54 15 3
37 86 3
8 61 2
86 62 2
38 34 2
55 81 2
91 85 1
37 88 4
89 35 4
22 21 3
91 74 3
22 96 3
94 6 2
1 56 2
54 21 1
88 54 1
37 14 1
30 75 2
50 52 1
34 50 4
50 51 4
44 90 2
91 15 1
43 29 4
41 0 3
19 38 4
25 59 2
50 80 1
86 50 2
83 81 1
7 63 3
6 47 4
84 95 3
61 42 4
89 26 1
56 16 1
74 46 4
11 46 3
15 66 2
8 56 3
84 69 1
35 12 4
88 36 1
1 86 3
89 76 4
17 26 2
37 60 3
83 46 4
67 23 4
76 60 3
27 9 1
79 97 1
64 86 1
51 47 4
71 86 4
19 34 1
98 58 1
28 77 2
43 74 2
70 35 3
14 86 3
47 92 1
91 87 4
46 14 4
98 53 2
61 13 3
64 49 3
8 28 3
0 20 3
62 13 1
6 84 2
35 24 3
64 63 3
95 4 2
62 96 3
42 59 3
30 9 2
59 54 2
81 14 2
74 76 1
19 36 1
9 93 1
52 64 2
10 50 4
98 41 3
80 75 3
47 24 1
79 57 3
67 73 2
12 80 4
76 85 1
46 60 2
48 2 4
99 77 4
27 58 2
94 24 4
61 17 2
15 22 4
0 2 4
82 33 1
31 20 3
37 53 3
53 90 1
38 23 1
71 56 2
18 67 3
94 87 4
91 48 3
87 54 2
27 90 4
59 70 2
71 52 2
40 46 4
10 0 3
29 90 4
91 59 1
70 23 1
15 17 3
99 5 2
48 10 2
33 72 4
50 57 2
26 54 4
12 34 1
99 24 3
61 48 2
27 54 3
33 42 3
14 87 4
57 30 2
86 60 1
87 56 2
97 70 4
81 44 2
49 27 4
64 41 4
17 25 1
7 22 2
41 81 2
51 6 1
35 64 4
31 19 1
59 78 3
93 23 4
67 53 4
46 66 2
6 75 2
20 76 3
37 52 1
65 58 4
12 59 4
24 15 3
78 95 2
12 30 3
92 13 4
22 73 3
95 29 4
58 33 1
19 11 3
4 19 3
84 62 3
25 22 2
50 66 4
68 99 2
96 56 2
62 11 3
41 84 2
1 35 4
39 94 1
88 62 4
52 94 2
1 61 2
22 13 4
71 18 4
0 82 3
57 59 2
29 40 2
90 58 1
53 55 4
87 68 4
34 56 2
27 19 1
85 58 4
43 3 4
3 9 2
42 28 2
74 14 2
59 85 1
88 53 4
44 47 4
6 1 2
80 56 1
90 68 1
64 69 3
66 55 2
38 21 1
42 95 1
68 57 1
90 71 1
62 30 3
69 3 3
25 0 3
4 78 2
2 80 1
92 11 4
54 96 1
86 20 4
32 38 4
43 10 1
50 88 4
39 78 1
60 91 2
68 85 2
58 36 3
66 75 3
48 63 4
58 42 4
9 31 4
89 75 4
44 88 1
56 36 2
18 0 4
93 47 4
39 51 4
13 63 2
18 64 2
33 47 4
28 86 2
66 80 4
43 88 1
78 85 4
17 21 3
62 82 1
60 34 2
55 69 2
11 79 4
9 85 4
32 56 4
84 18 4
2 18 4
23 53 3
32 98 2
26 79 3
59 34 4
55 97 3
49 56 4
97 99 1
46 92 2
5 47 3
98 40 2
43 75 4
83 28 1
7 78 3
10 94 1
95 82 3
90 0 4
19 28 4
57 10 1
48 44 3
82 54 2
99 15 4
40 45 4
60 43 2
71 88 2
50 25 1
47 99 4
62 54 3
17 71 4
93 5 2
24 22 1
92 38 2
46 70 3
43 73 2
60 5 2
47 89 1
45 35 4
3 47 1
15 9 3
64 39 3
36 10 4
79 18 1
46 71 4
76 22 3
7 43 4
7 85 1
88 23 2
59 65 4
8 46 1
16 61 4
96 2 3
99 30 2
38 4 3
34 22 2
97 75 2
89 95 1
78 60 1
83 90 1
58 84 4
52 26 1
32 15 3
57 13 2
81 70 2
55 42 4
67 41 3
38 72 3
36 28 4
78 22 2
87 28 2
26 18 3
27 53 1
87 51 2
90 19 1
19 69 1
65 78 1
1 99 3
3 81 4
28 49 3
58 0 3
84 82 4
73 29 1
34 32 2
88 76 4
42 40 3
2 42 2
80 36 4
94 3 4
39 31 3
95 0 3
40 54 3
97 45 2
62 78 3
75 38 2
96 18 2
32 69 2
96 33 2
58 34 1
75 11 1
79 74 1
0 63 1
43 16 2
18 99 1
48 36 1
26 50 3
41 32 1
19 16 3
32 2 4
56 20 1
90 60 3
1 80 1
89 81 2
83 42 2
77 50 1
45 80 1
41 6 1
92 99 3
72 60 1
6 78 3
44 32 3
96 86 2
69 92 2
49 38 3
30 97 1
90 50 4
14 29 4
54 24 4
90 22 1
29 57 3
43 95 4
4 71 4
76 72 1
73 10 2
56 28 4
20 80 4
36 60 3
7 38 4
40 16 4
5 8 2
92 88 1
61 7 4
8 47 2
91 13 1
62 28 2
16 78 4
60 99 4
28 33 2
29 80 2
40 57 3
12 71 4
35 9 3
28 59 4
28 39 3
78 15 1
18 61 3
45 77 1
30 60 3
90 77 4
46 7 4
69 87 4
42 37 4
11 33 1
84 72 2
20 32 3
12 56 1
16 35 1
28 35 4
32 55 4
67 57 2
90 43 2
22 29 1
98 12 2
57 20 4
29 58 3
38 48 4
30 6 2
74 12 2
10 20 2
82 96 1
98 70 1
52 76 2
75 34 3
91 71 3
89 53 4
32 22 1
80 26 1
43 91 4
54 19 2
77 72 3
13 38 4
33 3 4
8 89 2
85 36 3
98 0 4
19 10 4
10 70 1
76 99 3
15 38 1
62 36 2
11 80 2
55 30 1
76 1 3
0 59 2
91 20 2
59 4 1
24 74 1
64 13 4
60 58 4
33 50 1
82 67 4
56 4 4
11 83 4
70 36 4
93 66 4
82 47 2
90 96 4
55 71 4
89 63 4
41 91 4
25 11 4
93 78 1
48 12 4
30 63 4
59 8 4
98 86 2
92 83 4
6 90 1
24 65 4
41 68 4
46 15 1
66 68 1
9 13 1
14 50 4
85 5 1
16 80 4
8 33 4
91 49 2
37 98 1
63 44 1
87 52 1
41 8 1
89 87 1
86 76 2
34 37 4
77 93 1
81 59 2
64 26 1
74 22 3
36 44 2
59 58 1
88 21 4
91 96 2
4 18 2
3 60 3
21 84 1
93 29 4
6 62 1
10 9 2
43 84 4
2 39 1
99 25 3
42 75 1
58 41 4
37 89 1
2 21 4
39 59 3
0 36 2
42 67 4
25 1 3
52 6 4
74 99 3
3 34 2
9 32 4
45 31 4
81 67 4
99 54 2
64 78 2
59 56 2
74 36 2
57 73 2
88 29 2
16 32 4
82 94 4
47 54 2
59 86 1
35 72 3
28 53 4
3 27 3
0 96 3
0 1 2
53 74 4
55 50 4
4 49 4
40 84 4
99 45 1
77 33 1
9 39 3
60 96 2
4 32 2
64 29 1
32 59 4
