4900 100
0 33 2
1 5 6
2 74 1
3 51 4
4 60 7
5 76 8
6 71 2
7 72 4
8 57 5
9 35 5
10 15 4
11 12 8
12 32 9
13 76 1
14 23 1
15 16 1
16 99 5
17 29 8
18 7 2
19 46 7
20 34 6
21 80 3
22 41 9
23 19 8
24 17 8
25 34 3
26 24 7
27 72 8
28 76 1
29 21 2
30 48 8
31 48 8
32 64 6
33 78 1
34 49 8
35 65 2
36 28 9
37 77 2
38 41 6
39 32 2
40 19 9
41 39 4
42 77 2
43 69 8
44 77 9
45 5 8
46 99 8
47 16 9
48 57 2
49 88 9
50 43 2
51 34 1
52 82 2
53 43 6
54 1 8
55 48 9
56 7 3
57 65 2
58 50 3
59 75 8
60 2 4
61 24 7
62 64 2
63 83 6
64 13 8
65 54 5
66 44 8
67 75 4
68 7 1
69 63 5
70 83 6
71 58 7
72 66 9
73 91 5
74 12 7
75 25 4
76 37 3
77 60 1
78 8 3
79 41 3
80 18 4
81 74 5
82 13 5
83 68 2
84 65 6
85 63 8
86 56 4
87 22 3
88 8 5
89 51 1
90 73 9
91 90 5
92 98 7
93 33 3
94 26 6
95 18 6
96 68 2
97 30 3
98 72 9
99 16 9
62 28 3
14 28 1
12 13 2
35 94 1
56 85 1
95 64 1
42 6 1
9 3 3
55 57 1
87 1 4
85 20 4
84 1 3
77 31 1
92 7 2
15 59 2
23 6 1
32 95 1
66 5 2
80 52 1
44 62 4
26 50 3
98 53 1
34 85 1
38 19 1
11 67 4
25 79 2
95 75 3
35 61 2
54 32 3
46 44 4
93 0 1
99 71 3
64 85 2
88 4 4
97 75 3
98 88 1
17 78 3
71 65 3
74 36 3
21 18 3
3 37 2
55 54 1
43 31 1
23 21 1
77 36 4
13 39 3
21 73 1
33 86 3
89 0 4
44 9 1
45 4 3
53 50 2
2 86 3
90 62 4
94 80 4
81 72 1
88 2 4
35 39 1
48 23 1
39 2 2
92 74 4
9 66 4
14 13 4
73 26 2
47 22 3
60 66 3
59 39 3
61 71 1
57 5 4
26 68 1
25 97 4
38 48 4
97 95 3
54 95 4
32 11 1
77 6 2
21 55 1
54 7 4
47 57 1
79 81 4
13 20 3
0 2 4
29 68 2
19 64 2
2 79 1
43 11 3
80 73 4
44 93 1
86 57 4
4 51 3
86 51 2
95 81 1
61 73 1
4 96 1
21 60 3
51 5 1
2 12 4
66 34 3
76 79 1
13 25 2
67 71 3
69 73 2
19 92 4
54 83 4
37 35 4
68 16 3
11 33 3
20 96 3
97 27 3
36 57 4
61 65 1
48 15 4
30 57 2
3 15 3
23 74 1
78 81 3
78 52 1
3 52 3
36 29 2
25 73 1
50 99 3
5 98 2
37 41 1
59 74 4
94 93 1
82 1 4
88 35 4
6 76 3
75 26 4
80 22 3
86 7 1
37 43 1
36 24 1
67 40 4
0 47 3
0 15 1
11 74 3
69 40 4
94 7 3
99 38 4
75 80 4
61 64 2
35 58 2
95 55 3
1 53 1
33 67 3
11 9 2
89 79 1
26 80 1
96 69 1
69 85 1
54 39 2
14 0 1
99 68 3
64 28 1
55 47 1
4 49 2
55 84 1
68 36 2
54 40 2
58 21 2
48 70 1
4 69 3
8 74 4
10 50 1
41 9 4
12 66 1
30 16 3
41 78 4
18 28 1
36 50 2
3 95 3
67 35 1
98 13 2
41 43 4
98 37 2
37 63 4
19 94 2
10 93 4
18 91 3
83 37 4
11 83 3
32 92 3
77 27 1
58 31 1
88 52 1
95 0 4
90 11 4
70 41 3
5 47 1
90 45 3
31 20 1
70 68 4
52 68 1
14 25 3
17 71 4
82 26 2
87 30 1
79 31 4
74 18 3
90 37 1
72 63 1
86 69 2
24 32 1
38 70 4
49 36 2
42 52 2
39 61 1
21 57 2
60 86 3
58 86 1
11 52 4
91 92 3
9 68 4
61 59 2
7 34 4
33 39 2
46 74 3
21 94 3
91 61 2
36 92 3
46 40 2
59 73 3
69 41 1
15 45 4
45 97 1
87 16 2
97 56 3
17 50 1
22 61 4
52 83 2
23 12 2
58 45 1
43 77 2
6 96 3
65 53 1
59 10 2
55 3 3
95 1 1
44 52 4
53 85 3
21 59 4
42 1 1
78 55 1
42 19 1
97 81 1
17 42 1
9 97 4
48 45 2
30 94 4
95 9 1
72 99 3
45 33 4
70 72 1
61 50 4
40 79 2
99 34 2
56 47 1
23 80 1
43 64 2
70 47 3
81 85 2
98 11 2
79 88 2
43 80 3
43 28 2
63 10 4
53 19 1
16 79 1
43 38 2
50 96 1
55 27 3
61 2 2
18 72 4
39 94 2
82 17 2
22 96 1
9 87 2
54 92 2
77 79 3
6 86 3
24 39 3
29 14 2
37 26 2
82 76 4
54 44 1
23 22 3
68 12 1
41 0 1
30 72 2
99 86 2
40 38 4
91 56 4
84 56 3
39 38 3
23 90 4
68 14 1
89 57 4
69 89 3
14 20 3
83 40 2
61 77 3
92 93 4
70 64 1
1 69 4
51 15 1
86 97 1
22 89 1
6 59 2
99 64 1
91 99 3
66 62 3
96 49 3
9 26 3
15 22 3
42 78 3
49 44 3
45 86 4
45 11 1
27 40 1
52 7 3
84 50 2
49 10 1
69 75 2
72 35 2
65 45 3
72 37 1
81 57 3
25 6 3
72 79 3
53 54 4
46 51 1
33 61 1
91 29 1
34 55 1
78 45 4
41 18 2
29 85 1
30 18 1
73 95 4
6 32 2
49 29 3
60 28 3
95 56 3
43 61 4
41 68 1
26 8 4
32 48 4
2 40 3
23 61 4
53 8 4
25 51 3
4 2 3
21 87 1
94 22 2
6 85 2
26 5 2
14 15 4
22 81 3
95 23 2
66 79 4
51 47 4
76 80 2
44 0 2
97 58 3
94 58 2
33 9 3
21 85 3
12 36 2
44 91 1
46 37 2
37 34 2
30 17 1
61 4 2
55 11 1
89 96 4
67 28 4
33 96 3
98 56 4
97 53 4
2 51 1
9 80 4
97 26 2
60 39 3
33 26 2
59 72 2
25 59 3
46 55 2
49 20 4
9 64 1
40 25 4
0 25 2
26 28 3
36 18 2
61 82 4
75 84 4
11 70 3
58 5 4
93 67 1
22 11 3
68 77 3
62 6 1
62 14 2
36 95 3
67 43 3
28 38 1
43 59 2
45 64 2
63 18 1
49 31 1
36 63 4
43 85 1
92 82 3
19 3 4
87 29 4
87 82 1
66 11 2
54 12 3
28 66 3
84 69 4
42 98 4
58 9 4
76 47 1
77 0 2
4 7 2
9 49 3
80 46 1
78 74 4
76 68 1
15 19 1
14 71 3
97 3 1
75 64 3
82 36 4
44 73 1
10 25 1
21 89 4
41 12 1
7 89 2
0 17 2
33 38 1
87 76 4
77 5 4
0 60 3
61 90 2
85 30 2
42 41 4
41 24 4
79 59 3
60 32 4
56 48 2
11 28 1
10 81 3
44 96 4
8 49 3
30 99 2
73 12 2
81 26 2
2 62 3
68 87 1
88 63 2
58 63 4
81 70 4
66 29 1
73 60 3
85 75 1
48 58 3
16 60 1
56 51 3
36 56 2
60 94 1
17 87 1
87 24 3
39 4 1
16 52 3
12 71 2
70 53 3
41 16 3
96 86 4
48 5 4
48 35 4
86 8 1
59 52 2
19 96 1
98 19 2
36 64 1
37 65 2
41 88 1
97 96 2
73 51 1
15 35 2
61 20 3
26 30 2
46 35 2
9 70 3
99 40 4
18 27 2
30 9 3
72 56 1
50 47 3
74 64 4
82 45 1
24 2 4
32 98 4
88 67 2
4 38 3
87 39 4
62 1 3
14 12 2
84 15 3
57 12 1
27 74 4
9 92 1
57 70 3
58 87 2
87 53 1
34 41 4
21 81 2
45 7 4
32 28 2
86 98 1
84 21 1
33 50 1
46 88 1
76 74 3
52 26 1
58 74 4
97 33 1
86 67 2
43 20 1
74 4 4
20 29 1
30 62 4
67 69 1
39 90 4
67 56 1
73 7 2
77 8 2
49 98 4
8 52 4
53 25 4
22 95 4
75 13 3
75 16 3
75 0 3
82 95 2
43 65 1
36 71 4
3 86 4
14 55 1
87 38 3
88 51 1
99 89 1
98 48 1
90 28 2
92 15 1
89 36 2
32 1 3
96 71 3
34 93 3
31 56 1
75 99 1
64 50 1
4 65 4
94 86 4
78 53 4
43 8 1
10 85 2
81 66 3
5 78 4
70 19 4
57 20 3
49 76 4
1 57 1
8 33 3
94 36 3
66 40 1
89 78 4
23 79 1
26 91 1
55 90 2
11 39 2
14 4 2
22 99 1
48 81 4
54 51 1
34 31 3
55 23 4
13 78 2
80 36 2
65 44 1
5 70 3
17 58 3
30 51 2
26 35 2
20 67 4
81 51 3
44 63 2
35 0 3
20 22 1
69 90 3
32 70 4
60 12 3
62 16 1
60 34 1
3 69 3
77 57 4
84 49 2
71 46 1
23 5 1
52 22 3
41 93 4
12 53 3
47 35 4
52 87 1
38 58 1
26 21 4
80 87 4
25 21 2
33 13 1
84 39 4
39 65 4
61 88 1
49 39 1
42 74 3
52 37 2
13 1 4
15 76 2
31 11 2
66 10 1
11 63 3
28 69 4
77 73 1
93 76 2
11 94 4
49 46 2
58 54 3
57 41 3
13 34 2
15 21 3
10 75 4
82 68 2
83 71 2
10 47 1
73 18 1
3 47 1
7 9 3
6 22 4
93 21 4
52 39 1
84 78 1
11 49 1
69 72 3
59 16 1
20 42 2
47 9 1
57 79 2
93 79 3
36 84 3
62 98 3
35 93 4
60 3 1
10 26 3
42 16 1
65 23 1
13 21 4
9 89 3
59 77 4
67 48 3
72 33 2
44 86 1
33 19 3
47 90 2
95 12 4
14 32 2
14 47 3
89 25 2
32 35 1
93 66 1
80 31 2
26 86 1
71 76 2
83 21 1
70 71 4
34 54 2
67 76 4
0 4 1
96 29 3
9 37 2
63 16 2
96 42 4
80 15 4
53 61 3
39 15 1
24 60 2
88 28 1
0 36 2
35 75 3
33 28 1
56 10 2
24 42 4
53 2 1
79 19 4
75 29 4
11 20 1
57 50 3
80 68 1
6 83 2
67 85 4
32 18 2
94 57 1
12 33 3
12 40 4
84 4 3
16 81 3
82 16 2
56 99 3
88 36 2
30 44 3
40 89 1
49 53 1
58 25 2
27 13 2
1 26 1
38 71 3
24 64 2
6 46 3
57 11 4
34 70 3
66 56 1
16 4 3
36 14 4
62 97 4
93 12 4
67 90 3
71 1 4
67 14 2
53 96 1
20 24 1
39 30 4
0 1 3
60 59 4
55 96 4
50 86 1
62 4 3
93 71 1
10 13 3
43 30 2
55 53 4
98 78 4
4 80 3
0 82 3
72 90 1
70 78 3
49 18 4
47 7 2
10 58 4
51 49 1
71 94 1
12 42 2
93 72 3
61 62 2
65 5 1
79 18 1
90 77 2
91 1 3
87 79 1
25 82 4
83 31 4
91 95 1
94 59 4
92 28 3
2 96 1
92 4 2
34 15 3
84 24 2
57 52 1
24 69 3
5 20 2
75 73 2
96 95 1
77 15 1
32 43 1
35 89 3
22 9 4
88 3 2
45 2 2
1 79 4
83 12 3
45 44 4
99 3 4
53 24 2
7 64 3
31 39 4
17 7 2
99 13 2
30 15 3
59 17 3
28 77 2
82 40 2
60 42 3
41 5 1
20 39 2
32 40 2
11 64 4
3 67 1
91 71 1
43 54 1
91 60 3
27 35 2
11 69 3
60 37 1
90 85 4
50 13 1
22 92 1
22 32 3
55 26 4
79 3 4
2 13 1
6 94 1
50 79 1
65 26 4
2 14 3
39 50 4
13 70 4
4 3 4
84 80 4
22 17 3
9 93 3
96 40 1
25 69 1
6 80 3
11 38 1
60 62 3
52 12 3
22 40 2
78 3 4
3 24 3
71 18 1
35 31 2
18 17 1
45 21 2
37 81 4
70 89 2
7 22 3
87 96 4
69 48 4
67 91 4
47 6 4
84 91 4
6 81 3
3 30 1
10 73 3
88 34 3
19 28 3
17 89 3
70 50 3
50 7 1
34 48 4
82 50 3
45 12 1
88 65 3
27 24 4
21 95 1
81 39 1
44 43 2
0 50 3
0 83 3
89 50 2
66 25 2
88 55 1
75 36 4
21 36 3
71 69 4
91 74 2
90 95 3
65 66 1
20 25 1
97 22 3
50 12 2
46 43 2
99 81 3
96 75 3
96 91 4
31 2 1
21 40 1
44 42 2
43 14 1
60 64 1
61 44 2
75 33 4
85 94 3
72 29 2
78 11 2
84 58 3
46 2 3
30 53 3
97 61 2
15 6 1
98 3 1
67 38 2
3 43 4
87 75 4
27 67 1
50 80 3
70 74 4
21 71 3
38 1 3
85 89 2
47 61 3
55 79 2
83 82 2
30 55 2
91 22 4
95 26 2
40 31 3
71 73 3
41 82 3
63 65 2
37 58 4
27 71 4
52 98 1
19 13 4
53 21 1
51 23 3
46 15 2
70 76 3
76 33 2
1 93 4
81 38 1
52 13 2
35 22 3
4 48 1
77 40 2
13 83 3
30 96 3
43 16 3
12 21 3
2 34 4
91 78 1
31 55 3
93 43 4
14 97 1
27 7 4
77 82 2
54 89 2
14 39 4
3 41 2
87 83 2
97 89 2
43 73 3
53 47 1
38 90 2
90 43 2
50 95 4
76 95 2
96 13 2
61 68 1
42 53 3
93 39 1
98 81 4
1 44 1
45 1 4
32 76 3
20 53 4
80 0 2
52 19 4
29 94 4
26 36 1
79 7 2
49 1 4
11 77 3
26 76 2
69 29 2
55 66 3
56 0 3
51 55 2
48 14 3
75 89 3
99 85 2
97 8 1
70 94 4
48 33 2
67 62 1
2 37 1
54 17 3
80 57 4
44 59 2
34 78 2
22 48 2
31 82 1
74 5 4
12 48 3
85 1 1
41 27 1
52 18 2
89 76 3
36 43 2
59 11 3
93 29 4
28 91 4
51 31 1
30 61 4
54 41 4
78 97 1
9 67 4
10 55 1
49 25 3
24 54 3
37 25 2
95 30 3
32 89 2
41 59 4
2 99 2
92 90 4
54 5 4
90 51 3
0 42 4
17 3 4
23 1 2
51 65 2
39 51 3
73 45 3
98 25 3
55 89 1
42 33 4
84 40 4
40 43 2
24 22 3
64 68 4
49 68 2
6 60 3
85 46 2
56 65 4
28 79 1
27 64 3
55 70 3
47 84 3
45 43 2
69 61 4
30 64 4
25 15 3
92 21 1
99 55 2
51 17 1
8 44 4
62 75 1
2 98 1
99 7 1
1 55 3
54 25 2
71 39 2
51 0 3
93 46 4
48 92 2
58 12 4
5 80 3
6 82 3
9 84 1
14 53 4
99 69 1
82 57 4
84 99 1
14 70 1
87 8 3
72 6 1
49 62 3
59 45 2
65 8 3
23 66 3
86 14 4
71 87 2
95 87 4
83 53 2
55 76 4
27 47 3
99 57 4
18 98 2
18 77 2
67 22 4
40 26 3
67 44 1
34 47 4
99 37 4
74 30 2
72 50 2
23 24 4
76 72 4
11 54 1
46 29 2
12 51 1
47 49 4
97 77 1
66 87 4
56 25 2
62 9 2
92 43 2
6 52 1
45 24 3
48 25 1
14 69 2
49 40 2
40 87 1
52 97 2
80 91 2
90 7 2
18 33 1
60 82 1
34 67 3
88 24 1
61 7 4
2 65 3
66 91 1
8 69 1
98 38 3
18 42 3
26 54 2
1 33 3
29 86 3
73 97 4
33 49 4
77 56 2
73 38 4
6 40 4
59 14 2
52 43 4
26 31 1
24 95 2
38 60 2
93 27 4
94 41 1
25 38 4
51 48 2
48 41 2
53 9 2
24 40 4
29 61 4
75 46 3
85 59 3
79 20 2
44 68 1
39 8 2
65 69 1
79 78 4
50 4 4
70 2 1
25 91 3
15 88 4
56 39 4
52 90 3
33 24 4
81 23 2
30 63 4
97 85 1
86 84 4
20 52 1
32 63 1
90 60 2
84 53 3
27 99 2
80 44 3
67 45 3
44 88 3
69 92 3
59 84 1
44 97 2
90 64 2
57 53 2
73 16 1
1 86 4
44 21 4
21 8 3
91 98 2
94 79 4
81 40 4
56 70 2
89 28 1
21 16 4
67 17 1
21 1 3
15 31 3
56 49 4
17 70 3
25 81 4
11 62 1
22 1 1
33 16 3
8 95 1
29 80 1
23 78 2
93 25 4
55 41 4
14 37 1
37 86 2
77 33 4
70 4 3
6 38 1
96 98 2
53 69 1
13 53 2
31 16 2
71 0 1
52 40 1
33 2 3
42 93 1
18 68 3
33 55 3
59 65 4
27 78 1
19 41 3
36 59 3
79 46 4
86 34 3
63 43 2
84 12 4
95 7 3
97 74 3
25 36 4
93 51 2
2 57 2
46 42 2
76 34 3
91 46 3
24 77 3
52 73 2
17 95 4
92 56 3
60 26 2
5 25 3
98 82 4
40 85 2
53 71 3
41 90 1
30 75 3
82 73 2
43 26 2
14 42 4
26 96 4
20 40 1
42 4 4
47 65 2
20 51 4
83 51 4
18 94 1
94 2 2
36 93 4
35 83 2
14 6 2
70 82 4
96 78 1
67 78 2
23 85 2
99 44 4
74 13 1
57 17 1
28 16 4
91 17 1
78 10 3
81 88 3
75 12 1
52 5 2
97 2 2
94 75 1
85 65 4
44 31 2
40 35 4
68 95 1
60 61 2
31 30 3
23 71 1
1 50 4
19 5 4
20 98 1
94 96 1
28 35 3
96 48 4
6 99 3
87 69 2
37 17 1
45 60 2
56 82 1
24 12 3
71 41 3
84 66 2
31 68 4
62 35 2
73 72 4
91 49 4
17 79 4
45 38 4
81 29 3
8 45 4
31 78 4
7 25 4
59 95 4
3 18 4
96 99 3
99 82 1
62 56 1
90 12 1
64 87 2
74 56 1
12 43 1
37 80 4
62 71 3
71 29 1
27 43 1
52 47 2
12 26 4
34 1 1
14 96 3
71 10 1
20 16 1
75 79 4
18 2 2
83 47 3
23 13 4
85 58 4
78 46 1
77 34 3
46 72 4
99 65 4
35 12 4
96 3 1
94 23 3
79 71 3
25 46 2
87 13 2
27 96 2
55 20 2
74 87 1
57 85 4
70 25 1
3 94 1
33 83 1
23 57 2
22 68 1
87 85 1
22 82 1
42 88 3
94 68 3
6 21 1
19 49 1
45 23 2
74 60 4
17 61 2
56 32 1
82 21 1
3 63 3
54 84 3
65 81 2
67 16 3
62 20 3
88 56 3
26 16 4
39 1 1
88 17 1
82 78 1
60 15 1
69 9 2
93 24 2
10 88 3
81 2 4
25 41 1
33 17 4
57 24 4
78 62 1
36 9 2
55 9 4
0 78 3
87 2 1
62 31 3
80 48 4
28 2 2
35 70 1
54 73 2
82 48 4
1 31 2
73 8 2
54 35 1
57 32 2
65 21 2
54 28 1
19 68 3
43 23 3
63 13 4
20 99 1
57 40 1
20 90 1
91 93 2
84 27 3
75 60 4
20 28 1
31 57 2
6 24 3
79 84 1
42 39 2
92 81 4
78 90 1
92 38 1
82 75 1
35 85 4
76 22 3
87 7 2
53 56 3
4 63 2
4 97 3
77 63 3
22 29 3
80 35 1
14 81 1
30 40 4
41 47 2
44 41 1
74 98 2
22 86 2
78 47 4
34 96 2
94 81 1
4 15 1
8 1 2
91 69 4
63 76 2
40 34 3
15 37 2
14 99 1
81 49 3
84 18 2
31 96 4
23 4 3
89 72 1
64 78 4
77 89 1
94 52 1
95 93 4
19 36 4
55 81 1
17 55 3
60 93 1
57 78 3
4 56 3
7 46 1
51 28 1
96 12 1
29 50 2
95 44 4
84 97 4
42 21 4
74 90 2
26 25 4
20 48 1
7 38 4
50 5 2
16 57 4
49 50 4
20 26 3
76 46 4
46 58 3
53 41 1
21 32 4
75 5 1
91 79 4
62 85 2
61 5 1
88 43 2
70 86 2
60 30 2
32 50 2
48 29 4
29 8 2
52 54 4
62 27 4
77 17 2
7 23 1
33 23 2
33 64 2
79 82 4
28 99 4
6 31 3
78 83 2
15 85 2
44 17 1
21 0 1
20 7 2
27 88 2
74 47 2
71 68 2
17 81 2
27 10 4
96 1 2
69 60 1
41 51 4
67 97 4
83 69 3
90 15 1
12 88 3
44 89 2
63 15 1
75 38 2
69 19 2
42 82 3
9 13 2
81 71 1
66 6 3
70 90 3
87 43 2
36 87 2
57 0 3
91 11 3
44 2 3
60 11 2
13 73 2
75 47 4
96 59 2
0 26 3
76 3 3
24 91 2
53 36 4
6 89 2
14 73 3
87 0 3
44 58 1
81 13 4
2 49 2
28 3 1
11 17 4
83 28 1
61 67 4
76 58 4
82 43 3
62 79 4
83 80 3
52 31 2
41 8 3
99 23 1
78 50 3
41 11 2
81 11 4
14 84 4
48 27 3
31 75 2
56 73 4
49 16 4
24 79 4
4 33 2
30 4 1
64 80 3
64 41 3
34 83 3
46 11 4
31 92 4
58 77 2
0 45 3
13 58 3
22 38 2
28 49 3
78 19 1
24 86 1
22 62 1
79 44 2
3 73 2
47 63 3
96 41 3
5 95 3
7 10 1
28 27 2
38 5 1
3 14 4
4 90 3
48 75 4
37 51 3
2 67 3
61 84 2
17 14 2
51 99 3
23 30 2
82 84 2
89 30 1
82 47 3
32 99 2
54 90 4
28 47 2
71 78 2
26 61 4
24 4 2
79 38 4
45 50 1
5 24 1
84 73 4
0 9 2
77 87 2
23 16 4
48 47 2
43 91 2
66 49 1
28 25 1
84 83 1
8 3 3
25 31 3
75 20 4
32 61 4
82 19 2
81 46 2
6 70 3
15 43 2
28 94 3
27 94 1
39 91 2
63 46 3
69 7 3
87 78 2
97 43 4
27 29 4
89 80 4
15 5 3
50 76 4
58 61 1
27 81 1
58 64 1
73 23 2
45 35 1
12 80 1
54 19 2
18 10 3
22 65 1
5 84 4
38 56 4
29 95 1
53 48 2
63 99 2
50 16 4
31 74 2
10 38 1
43 94 1
93 14 3
87 84 2
2 76 2
16 74 3
16 27 3
98 71 2
63 50 1
50 28 2
51 60 2
4 89 4
12 4 1
36 6 4
69 51 3
14 41 1
17 21 4
80 97 1
54 70 4
42 85 2
71 2 3
75 43 4
2 84 2
81 84 3
10 64 1
60 13 2
41 98 3
82 38 1
47 89 4
10 77 2
44 60 4
54 46 4
48 68 1
57 64 2
63 95 3
30 11 4
98 70 3
81 91 1
80 24 1
72 91 4
34 38 3
85 79 4
29 82 1
17 39 2
48 84 1
0 74 2
91 55 1
52 49 1
99 67 4
20 54 1
62 13 4
94 98 4
96 10 1
11 47 2
30 19 1
75 32 4
98 84 2
24 37 1
26 3 3
34 98 4
6 69 4
97 15 3
86 63 2
6 26 4
20 12 4
83 61 3
49 27 4
41 30 4
0 3 2
90 34 3
63 94 1
17 40 1
37 6 4
44 12 1
9 1 3
37 40 4
61 3 4
39 62 2
44 36 4
54 13 4
10 84 1
44 5 3
43 66 3
7 28 3
95 20 3
91 40 1
79 22 1
66 1 3
22 63 2
90 44 4
48 59 1
67 41 4
98 39 4
16 17 2
15 33 1
64 88 3
6 45 3
74 72 4
36 32 2
88 11 2
59 18 2
8 4 1
65 16 4
46 48 4
93 55 3
52 70 3
38 0 1
14 31 1
76 30 4
61 89 2
44 33 1
93 45 2
79 64 4
42 51 1
45 87 1
31 89 2
52 10 2
88 23 4
94 15 1
41 32 3
89 65 2
13 37 3
40 80 4
97 63 1
82 12 3
43 96 4
28 8 2
93 37 1
85 51 4
21 75 3
69 12 1
11 71 1
28 59 3
1 99 3
11 37 2
72 23 3
17 73 2
60 29 4
96 17 2
66 67 4
62 81 2
20 91 4
43 56 3
17 8 2
34 18 2
85 4 2
47 38 3
12 64 1
61 13 1
94 91 1
30 2 4
17 38 2
56 75 1
78 30 3
57 43 1
92 39 4
33 53 3
49 64 3
23 11 1
24 47 1
62 5 1
85 45 2
46 57 3
39 34 4
11 89 1
6 9 1
7 51 2
3 42 4
29 45 4
8 54 4
30 82 2
18 1 1
62 19 3
38 55 2
71 5 3
95 25 4
13 66 1
74 61 2
77 91 3
92 64 2
45 89 3
95 60 2
97 91 4
99 18 1
35 2 2
3 75 4
66 0 2
37 39 4
4 94 4
86 72 4
85 60 4
21 70 3
92 20 1
46 82 3
77 48 4
96 93 4
46 20 2
39 76 1
42 84 2
54 15 3
87 49 1
92 41 4
97 41 2
71 24 1
93 65 3
72 32 3
84 33 1
15 36 2
89 46 4
67 7 4
19 57 3
61 14 2
7 13 4
35 74 1
52 69 3
52 32 4
1 41 1
79 58 3
34 62 3
66 80 2
79 54 3
17 99 4
59 92 1
23 2 3
46 70 2
9 76 1
79 14 4
87 72 4
68 53 1
18 19 3
4 82 3
56 52 2
17 62 1
23 3 3
82 69 1
63 42 4
95 88 3
44 55 2
73 9 2
59 40 2
54 22 2
28 34 4
87 35 1
85 84 3
12 37 1
41 61 3
92 18 1
65 32 4
88 37 4
56 94 2
86 66 2
20 41 2
64 69 2
53 18 4
88 96 4
74 77 3
54 57 4
65 6 2
15 69 3
8 23 4
33 21 3
71 43 1
71 50 2
50 83 4
62 48 4
48 99 2
6 1 4
20 81 3
61 70 3
67 50 4
45 26 1
68 46 3
61 11 4
36 31 1
58 16 1
71 90 4
40 3 1
84 29 1
49 21 4
49 55 3
1 58 1
44 11 4
96 25 2
59 97 4
29 89 3
85 83 4
38 95 2
73 1 4
37 1 4
98 9 4
99 62 2
54 85 3
85 74 4
56 17 2
96 52 3
72 40 3
89 88 4
5 72 1
62 50 3
73 70 3
48 86 1
96 83 1
54 74 3
65 70 3
98 0 2
9 32 4
85 50 1
52 27 3
27 8 1
86 5 3
96 18 3
34 52 1
14 78 4
89 1 3
49 77 3
47 96 3
63 66 2
31 67 4
80 69 4
58 18 3
79 80 3
72 26 2
83 55 2
93 75 1
78 92 2
22 85 4
40 63 3
60 23 3
83 45 1
15 41 4
64 8 1
82 8 1
33 29 4
75 68 2
48 74 1
91 10 4
22 69 3
74 63 2
9 71 3
57 88 4
99 43 3
64 29 2
35 79 4
75 78 1
27 85 4
23 9 3
80 1 2
98 51 4
21 66 4
61 57 4
27 4 1
94 8 4
55 24 2
70 22 2
44 48 4
94 67 4
50 14 1
79 83 2
62 84 3
19 37 4
78 54 1
66 99 3
79 69 3
24 44 4
66 50 3
21 69 4
0 13 4
17 19 1
31 4 1
9 48 3
19 25 3
40 98 2
75 2 1
46 90 4
99 98 1
30 79 4
87 59 1
47 46 4
29 98 1
10 68 3
19 1 1
46 31 4
41 6 1
19 59 2
89 73 3
9 81 1
91 87 1
7 26 4
87 33 1
57 96 3
12 91 4
51 24 1
78 86 1
72 41 1
16 11 2
74 41 2
85 66 3
83 90 1
38 23 4
64 86 2
92 27 4
37 68 1
34 80 4
44 82 1
37 7 1
64 21 3
21 54 3
84 96 3
9 46 2
29 31 2
64 56 2
42 35 1
72 24 3
25 63 3
24 8 4
54 37 2
77 9 1
16 72 1
13 44 1
92 89 2
47 68 3
44 84 4
11 92 1
57 92 4
34 43 4
31 63 3
61 0 4
31 81 1
15 1 2
8 60 2
64 31 3
85 91 4
28 12 3
45 72 3
68 40 4
85 41 1
82 94 4
0 30 4
44 69 3
34 19 3
36 58 3
97 5 4
77 35 1
65 7 1
75 65 2
51 19 4
19 56 3
39 75 2
17 92 2
73 65 2
15 23 4
89 3 3
31 3 4
78 4 2
14 90 2
38 50 4
94 65 1
13 17 3
25 1 2
91 8 3
38 76 1
79 27 1
42 37 2
42 38 4
0 97 1
20 69 2
4 71 4
92 34 2
45 70 4
13 26 3
32 26 1
36 11 2
33 59 4
82 66 1
39 28 1
9 24 3
30 42 4
99 45 4
28 73 1
45 92 3
38 12 2
62 41 2
44 92 1
13 11 1
47 32 3
21 68 3
68 79 1
77 81 3
16 97 4
75 86 4
69 50 3
45 18 3
97 13 4
70 69 3
52 33 1
10 80 1
56 33 2
71 49 2
16 37 3
71 92 2
10 34 2
3 71 2
9 10 2
81 36 2
93 89 4
61 76 4
58 95 3
85 5 3
30 88 1
9 51 4
59 68 4
48 66 1
7 60 4
21 31 1
83 17 1
67 19 2
53 74 1
46 96 4
2 16 4
31 95 3
38 94 1
66 46 2
39 83 4
70 67 1
56 15 1
48 50 3
35 23 1
89 42 2
87 31 2
0 29 4
98 83 1
18 56 3
20 94 3
7 57 1
90 65 1
81 41 2
49 35 4
60 1 3
55 61 3
67 95 3
80 67 1
39 57 4
94 97 2
94 90 3
32 7 4
85 28 1
48 17 3
85 44 3
91 53 3
60 47 2
37 89 2
2 11 2
16 95 2
57 14 1
58 66 1
27 60 1
82 55 2
20 87 2
69 49 3
17 94 3
56 40 3
3 6 3
19 76 3
55 29 2
29 67 1
47 77 1
29 37 2
77 41 3
86 65 3
47 40 2
72 82 3
15 70 3
27 58 2
53 44 3
86 39 4
9 72 2
13 86 1
70 12 4
79 26 3
84 71 4
72 65 3
97 90 3
40 42 3
80 74 1
10 69 2
32 79 4
24 14 4
26 34 2
83 23 3
32 19 4
20 19 2
59 54 3
36 54 4
83 62 2
19 44 3
99 12 3
27 54 3
57 44 1
4 26 2
51 63 2
16 51 1
55 50 3
33 68 2
81 18 2
21 4 4
42 61 3
47 95 2
68 85 4
59 56 4
7 40 2
5 43 2
77 64 1
94 72 1
34 46 3
26 18 2
6 57 4
97 92 1
87 99 4
31 38 2
55 58 2
69 26 2
57 71 1
45 52 1
33 91 4
42 29 2
40 28 3
7 74 3
62 74 1
90 81 2
27 63 1
42 2 2
77 39 1
21 39 1
12 0 4
90 68 1
37 18 3
83 48 3
25 86 2
49 22 4
2 41 3
36 39 1
98 36 3
4 35 1
61 99 4
90 26 1
6 34 2
21 24 3
44 4 3
52 14 1
37 85 1
37 47 4
90 35 4
67 18 2
47 36 4
57 98 3
57 95 2
33 92 1
18 22 3
27 45 1
42 23 3
42 71 2
55 86 4
55 67 1
0 84 4
55 64 1
68 84 2
41 40 4
40 60 1
39 0 3
2 25 3
62 46 3
66 4 2
47 1 1
62 18 3
77 3 2
87 23 2
25 29 3
31 0 1
86 71 1
29 97 2
6 29 4
79 45 2
86 92 3
10 46 1
97 72 2
72 43 3
92 47 1
89 68 1
67 0 4
36 55 3
84 67 3
33 37 4
54 31 3
70 77 4
95 34 3
38 16 4
67 98 4
95 48 1
94 51 4
7 41 4
4 46 1
5 55 3
35 8 2
43 48 1
84 35 3
30 35 3
41 52 1
82 39 1
72 15 1
33 63 3
86 18 3
49 43 3
23 17 1
87 18 4
94 32 3
98 63 3
32 85 4
90 9 3
53 95 3
52 15 2
62 54 3
46 87 4
36 76 2
65 30 3
50 9 2
36 91 1
95 99 1
98 27 1
47 20 1
18 29 4
97 20 3
63 14 1
14 30 4
20 0 4
55 52 3
97 65 2
54 29 3
50 97 2
34 21 3
61 38 2
35 82 4
56 96 2
66 69 4
11 14 1
35 33 4
26 59 4
22 30 1
52 63 1
45 94 3
65 13 2
53 60 2
10 32 3
56 16 2
17 41 1
71 85 2
86 54 4
8 75 1
22 71 1
27 11 2
68 3 2
65 62 3
15 65 1
89 58 1
88 50 2
43 24 4
94 24 4
20 44 2
15 44 3
6 74 3
94 95 4
23 27 4
68 56 3
19 88 2
32 71 4
75 15 3
15 93 2
19 16 1
45 77 1
99 24 1
55 28 2
86 0 3
79 37 3
24 19 3
72 19 1
76 54 1
34 84 3
44 38 3
22 43 3
30 70 3
22 60 1
82 2 2
5 13 1
87 11 1
90 87 4
32 30 4
24 67 3
52 79 1
25 68 4
93 56 4
10 5 4
31 10 4
94 73 1
82 86 1
66 2 4
0 59 3
22 5 1
63 26 4
16 25 3
14 7 4
79 12 4
35 51 4
78 93 2
75 71 1
68 28 4
21 37 4
3 81 1
74 84 3
49 54 3
55 63 2
13 38 2
33 73 1
77 29 2
72 14 4
88 47 2
87 34 3
34 42 2
93 99 3
35 34 1
18 43 2
68 0 1
42 68 1
72 53 3
89 23 4
51 68 1
27 86 3
33 98 3
28 56 2
95 39 3
49 6 3
61 72 3
69 42 1
55 0 1
7 15 1
54 33 2
87 61 3
6 11 1
0 85 4
31 94 4
41 75 4
10 12 1
48 76 2
89 87 1
62 15 3
65 40 3
29 19 2
31 33 4
4 75 2
12 92 3
61 45 3
87 86 2
88 22 2
49 65 1
83 42 3
92 1 4
26 47 1
25 23 3
29 92 3
99 39 2
36 3 4
38 53 2
62 3 4
80 38 4
22 39 1
22 58 4
60 88 1
59 9 3
75 27 4
90 22 1
64 3 1
44 28 2
92 30 4
65 95 1
66 27 3
12 81 3
92 42 1
33 94 2
19 95 4
64 47 2
80 16 1
77 19 1
39 80 1
2 10 3
82 80 3
45 81 3
5 63 4
31 24 1
3 80 4
5 0 4
9 8 1
32 90 2
0 65 3
38 51 2
14 64 2
68 63 3
62 52 3
15 99 1
97 19 4
93 88 1
40 14 2
67 65 3
54 72 2
85 49 1
4 13 3
39 16 3
78 16 3
14 91 1
93 86 4
75 61 2
72 44 3
89 15 3
25 33 2
20 64 3
96 5 1
92 83 4
90 66 2
73 88 1
1 30 4
37 48 2
19 4 2
58 28 4
96 45 2
22 16 2
89 33 3
72 75 4
83 77 3
72 25 4
67 96 2
73 53 2
64 26 4
49 38 4
11 19 1
30 86 4
91 35 4
1 28 4
0 7 1
51 78 3
95 45 4
25 74 2
0 88 2
4 87 4
29 10 1
26 19 4
13 94 3
59 83 3
70 23 3
94 54 3
68 15 4
60 70 1
50 87 2
88 77 2
69 39 4
88 69 2
48 89 2
91 32 1
75 58 1
56 78 1
42 90 3
91 59 3
37 4 3
75 11 2
74 15 2
29 2 1
80 14 4
37 31 4
93 49 4
81 69 4
20 66 4
42 72 4
4 67 1
0 6 3
5 69 4
10 83 2
11 24 2
63 12 3
97 35 4
84 41 4
85 48 2
16 77 2
1 97 2
35 38 4
50 81 4
67 32 1
12 5 1
54 98 1
7 5 3
69 62 4
70 29 4
42 57 1
6 30 2
8 89 4
44 87 3
64 0 4
86 15 4
95 74 3
81 61 4
49 24 3
71 26 1
14 94 4
19 35 2
60 36 3
27 46 3
10 48 1
10 42 1
52 50 1
79 90 2
51 74 4
47 54 1
67 39 3
4 64 4
21 22 1
8 12 1
79 8 2
32 31 3
66 47 3
81 24 4
19 86 2
19 74 3
4 22 4
50 6 1
39 64 3
43 84 2
79 29 2
86 16 3
55 98 1
61 85 3
86 47 2
33 3 1
42 43 2
62 89 2
71 31 3
8 18 3
47 62 2
45 25 4
80 51 3
11 48 4
80 49 1
0 96 1
40 93 4
66 38 2
15 98 1
57 91 2
18 97 1
42 58 3
93 50 2
78 69 1
8 93 2
51 1 3
24 35 3
78 43 4
55 39 4
79 56 2
3 92 4
73 35 2
62 95 3
63 57 2
91 6 4
73 49 1
84 22 4
70 63 1
8 40 2
97 38 2
8 55 1
66 73 2
57 51 3
3 1 4
57 62 3
18 4 4
54 96 2
64 97 4
80 78 1
71 15 4
72 49 4
34 9 1
35 41 3
38 36 4
58 70 4
1 83 3
35 1 4
64 81 4
51 13 4
6 67 1
93 18 4
32 15 1
55 2 4
3 59 3
55 77 4
82 23 1
62 29 3
4 1 3
33 60 4
43 10 3
79 39 1
23 37 4
69 16 4
19 63 1
21 61 4
29 43 4
66 14 2
92 66 2
30 47 4
62 7 1
55 25 2
78 88 3
43 17 4
39 78 2
52 30 2
7 88 2
3 39 1
89 84 3
2 52 2
50 22 3
10 6 3
36 62 4
97 66 3
97 76 4
78 49 3
12 87 2
83 57 2
76 59 4
66 61 3
92 95 3
94 55 2
63 92 3
52 71 3
47 67 2
18 88 4
4 52 3
73 62 1
31 59 3
94 42 4
78 2 3
20 4 3
47 73 3
77 76 3
58 78 3
0 43 3
50 51 2
46 92 4
64 59 2
27 56 3
53 34 2
93 63 1
50 2 4
15 38 4
53 10 2
91 54 4
20 17 3
13 92 4
87 60 2
16 10 1
83 74 4
99 79 1
3 84 4
1 90 1
46 50 2
11 58 2
46 59 3
42 67 1
93 3 1
63 21 1
23 46 4
10 82 4
14 89 1
59 98 2
49 75 2
56 21 2
21 67 2
23 69 1
31 27 3
29 24 4
32 46 3
88 48 2
44 37 4
10 11 3
90 3 1
77 21 2
32 13 4
8 70 4
11 25 3
65 98 2
29 28 3
49 14 3
75 7 1
57 56 3
34 72 4
64 51 2
14 44 4
62 87 3
53 51 3
9 82 4
84 95 2
53 29 4
29 58 1
33 80 3
66 33 3
83 36 3
96 66 1
60 99 1
57 13 4
99 5 3
15 50 2
1 81 4
90 53 1
94 46 1
94 64 1
92 79 2
20 76 1
59 82 1
32 96 1
17 98 4
18 16 3
72 85 2
21 96 4
90 36 3
76 40 1
80 11 1
43 98 4
70 91 4
48 28 2
70 39 4
98 60 3
41 66 3
75 74 4
2 8 3
10 60 1
45 49 4
45 14 4
98 8 2
39 88 3
31 42 4
3 83 4
3 22 2
51 67 3
22 93 1
47 13 2
37 82 1
25 32 1
14 9 4
9 18 1
92 58 3
66 68 3
18 54 3
64 46 3
85 31 4
13 41 4
43 76 3
64 83 2
25 50 3
35 96 4
50 44 4
89 19 3
96 81 2
49 7 4
35 16 1
3 44 3
76 96 2
12 16 4
67 73 3
27 95 3
41 91 1
72 21 1
84 64 2
85 8 1
77 2 1
36 46 2
40 48 1
99 80 2
94 83 4
70 31 1
48 78 1
55 13 3
99 36 1
53 75 2
23 75 3
29 90 4
34 50 1
43 51 4
23 31 1
71 60 3
99 47 1
43 58 3
5 39 2
97 10 4
59 37 1
37 66 2
76 27 4
93 64 3
16 34 3
28 95 3
36 35 3
71 59 2
90 13 3
5 73 3
27 0 1
37 70 3
66 36 4
86 89 4
79 21 2
69 36 3
89 20 4
58 90 1
26 14 1
21 51 1
14 56 2
89 5 1
90 89 3
74 45 2
60 97 3
55 72 2
19 50 4
70 24 1
28 52 1
59 12 3
38 14 1
40 53 2
68 91 3
23 47 4
16 29 3
66 26 3
77 30 2
87 32 3
99 78 1
1 59 2
45 55 2
24 65 4
34 63 3
95 69 1
82 88 4
5 82 4
57 93 3
64 65 2
93 84 3
43 95 1
79 13 1
83 95 1
92 24 4
3 50 4
11 72 1
50 59 3
17 25 4
60 83 3
88 80 2
45 13 4
69 0 4
37 5 4
53 82 1
45 76 1
52 72 3
75 52 3
89 66 4
3 85 2
69 47 1
28 93 2
71 20 3
38 46 1
46 8 3
6 93 2
63 91 3
71 34 3
23 59 2
63 56 4
14 19 4
22 44 3
90 93 4
42 50 4
2 22 2
39 10 2
21 5 1
22 37 3
42 11 2
38 63 4
34 68 4
6 18 2
10 62 1
45 37 3
31 53 2
96 39 1
75 81 2
33 30 3
91 89 4
55 7 2
66 7 1
19 27 1
82 27 2
52 67 3
20 68 4
5 81 3
25 12 3
61 94 3
96 7 2
50 8 3
97 98 1
40 90 3
74 73 3
92 8 1
97 12 4
15 57 1
25 67 2
26 83 1
89 26 3
22 53 2
56 37 2
31 8 1
80 90 3
19 6 1
77 12 1
7 81 4
88 54 4
32 3 2
37 8 3
39 40 4
52 29 1
38 85 2
49 89 3
89 63 3
81 68 2
54 75 1
64 91 2
0 49 2
57 26 2
50 98 1
86 73 4
76 10 1
87 26 1
27 22 1
62 23 2
1 65 1
88 62 2
84 6 2
97 99 4
85 18 2
0 23 3
82 64 2
12 15 3
88 74 2
77 50 1
64 53 3
23 28 3
3 13 2
29 88 4
31 90 4
28 42 4
93 68 2
50 41 1
81 19 2
27 50 4
32 80 4
86 74 1
97 11 2
46 0 1
19 66 1
59 93 2
44 10 3
61 37 4
16 96 2
10 3 1
85 25 2
57 74 2
95 11 1
71 80 1
34 45 4
50 31 3
47 25 4
17 47 1
58 33 1
7 93 3
63 20 4
94 5 3
58 49 1
62 86 3
70 49 3
81 53 1
42 91 4
62 32 2
74 17 3
65 19 1
40 88 3
71 51 3
99 76 4
43 74 4
69 97 1
60 78 4
57 27 1
93 54 2
26 93 4
82 93 2
78 22 1
77 22 3
64 48 2
87 41 4
83 2 2
31 19 2
58 20 2
81 34 3
90 19 1
34 33 4
5 93 4
46 24 3
96 37 3
81 87 2
91 50 4
52 38 2
28 46 1
6 5 1
96 62 3
49 30 1
53 37 4
38 27 4
93 19 3
92 55 1
84 92 4
75 57 2
3 25 4
65 48 2
53 99 2
71 54 3
10 95 4
80 60 3
34 24 1
87 28 3
83 75 3
21 20 1
47 71 1
1 2 4
86 49 3
85 9 4
75 76 3
49 37 1
21 7 3
39 53 2
92 50 2
8 76 2
43 4 4
30 8 3
18 20 1
37 97 1
37 50 2
94 10 2
21 86 2
69 27 4
27 65 1
64 1 4
50 65 4
98 28 2
16 24 3
44 81 3
42 76 2
46 65 1
99 42 2
89 82 3
63 82 3
75 77 1
97 82 3
13 18 1
24 85 4
80 61 2
38 26 2
0 16 1
56 80 3
73 37 2
9 61 2
40 4 3
97 68 2
3 70 1
14 21 1
54 23 4
13 22 4
96 65 3
98 1 3
73 98 2
6 8 2
42 8 2
68 72 2
22 0 3
62 33 4
72 83 4
82 32 2
5 67 2
76 83 2
73 19 4
95 42 1
39 44 2
53 76 4
57 97 1
31 84 4
88 97 4
96 58 4
56 42 3
30 25 4
6 27 3
43 89 1
69 55 4
83 88 4
68 30 1
81 4 4
71 56 2
24 89 3
32 44 1
53 3 4
94 69 2
91 3 2
52 76 4
93 47 2
44 94 1
31 69 4
15 28 1
71 30 3
97 70 2
25 78 4
49 67 1
67 60 2
92 87 1
56 29 3
82 28 4
9 42 3
66 39 1
98 21 3
2 89 3
42 87 2
12 62 1
32 74 1
65 76 4
82 7 2
79 0 4
91 48 2
28 37 2
7 31 4
58 62 2
30 20 4
58 7 4
13 68 1
55 73 1
78 6 2
98 45 2
86 31 1
51 27 3
14 98 3
52 25 2
65 82 2
98 26 1
43 9 1
56 41 1
22 64 1
10 14 3
90 8 1
78 36 4
66 32 4
7 43 4
56 2 1
52 23 1
98 31 4
23 67 1
62 40 4
7 16 1
69 33 2
33 74 3
36 33 2
74 26 3
80 30 2
8 14 3
57 29 2
69 54 3
94 0 3
30 90 3
53 66 4
22 45 4
54 60 4
79 74 4
4 86 3
49 97 2
42 86 2
53 59 1
25 61 2
75 1 3
85 36 2
51 75 1
54 42 2
63 75 1
99 26 2
89 64 4
74 14 3
49 61 2
36 61 3
80 19 2
70 33 3
35 57 1
73 20 2
45 91 2
44 40 3
65 9 1
15 78 1
8 0 2
97 55 1
10 36 4
28 4 3
25 94 2
68 67 4
95 6 3
64 15 2
91 52 3
24 83 3
27 80 3
48 7 2
86 17 2
86 11 3
20 45 3
63 41 4
80 13 1
58 19 3
57 73 2
49 5 2
58 15 2
38 91 2
56 58 4
44 7 4
27 61 1
49 79 2
73 46 1
9 99 2
55 74 1
95 41 1
80 2 1
17 85 4
10 74 3
90 84 2
88 75 1
36 48 3
98 6 4
55 59 2
33 10 3
38 64 2
70 79 2
28 80 2
41 4 3
47 87 2
16 46 4
77 26 2
77 80 4
53 67 1
48 54 2
83 32 3
70 92 2
72 92 1
35 6 3
26 15 2
57 9 2
35 21 2
65 79 4
42 15 3
26 67 1
22 42 2
2 19 2
5 59 1
65 12 1
46 77 3
40 1 2
14 1 1
41 33 3
53 17 2
25 99 4
31 47 3
84 94 2
60 5 4
49 59 1
90 10 1
18 11 2
67 87 2
74 39 3
41 31 4
45 28 4
36 2 2
99 8 4
24 82 4
90 88 3
83 93 4
22 59 2
72 47 2
34 30 1
60 79 4
7 3 3
75 40 1
71 28 3
27 53 4
41 80 2
30 93 2
52 77 2
88 26 3
63 64 3
0 18 4
88 85 3
4 36 2
62 25 1
88 25 3
16 32 1
1 52 3
0 53 2
15 95 4
3 27 2
6 28 2
52 17 3
65 31 1
66 54 1
21 47 4
52 99 1
79 61 2
35 95 3
59 7 4
82 74 2
65 11 4
35 5 1
74 22 1
61 16 3
47 44 2
35 60 3
64 66 3
83 89 3
67 79 1
65 17 1
77 78 3
14 83 4
56 81 1
32 53 3
12 46 3
1 77 4
74 28 1
2 9 4
85 92 1
9 20 4
45 63 2
88 21 3
14 95 3
22 51 1
26 46 2
93 52 2
47 15 3
56 89 1
98 77 1
58 60 3
48 52 1
17 15 1
23 77 1
4 68 3
57 10 4
44 35 1
76 66 4
25 42 4
24 96 3
6 44 4
65 33 3
54 38 4
26 84 1
61 40 3
74 67 4
70 93 3
96 9 4
27 89 2
13 71 1
63 28 2
82 58 4
80 53 4
96 63 4
33 82 1
30 37 4
67 37 4
88 99 1
27 59 1
0 73 2
95 80 4
64 16 4
25 84 3
75 28 1
60 96 3
4 25 2
33 32 1
47 98 2
94 48 2
10 20 2
66 35 3
16 8 1
92 51 1
3 2 1
1 27 2
20 78 4
26 2 2
73 15 1
58 41 4
18 23 2
76 51 2
89 39 3
64 40 4
42 64 3
83 46 3
18 83 2
88 72 1
52 65 3
86 52 1
75 55 4
11 53 1
63 2 4
98 79 3
77 85 2
55 15 3
46 13 2
82 34 3
30 28 2
92 14 2
71 40 1
31 73 4
34 94 3
6 16 1
88 86 1
15 67 1
53 52 1
99 4 4
64 18 2
99 41 3
84 72 2
69 2 2
43 6 1
34 14 3
42 49 1
9 38 4
34 3 3
69 77 4
50 74 3
70 27 4
20 93 1
81 83 3
98 89 4
70 0 4
95 78 1
89 59 1
84 13 1
52 92 2
72 62 1
6 13 2
34 4 3
63 87 3
32 17 3
67 82 1
25 71 2
33 85 2
41 29 3
70 18 4
43 81 2
65 14 4
54 10 4
61 1 3
42 81 1
87 6 4
89 94 1
25 44 2
59 42 2
98 93 2
72 78 4
39 9 1
46 14 2
76 81 2
10 28 1
23 44 3
85 78 3
65 41 3
50 94 4
24 62 3
34 69 3
45 56 2
21 28 3
15 8 4
9 25 1
22 66 4
24 58 4
4 98 3
17 9 4
16 40 2
35 63 4
91 7 2
18 14 4
78 73 1
28 78 1
24 68 1
73 50 4
4 72 2
84 52 3
83 97 1
19 7 2
38 83 2
95 85 4
88 9 4
64 54 2
29 4 1
76 62 2
14 33 3
90 50 3
82 96 1
53 35 3
75 45 2
79 53 4
51 84 3
36 1 4
87 14 3
99 73 1
10 22 3
35 92 4
14 54 1
70 42 1
63 54 4
79 34 3
86 43 2
5 79 1
53 58 4
71 82 2
85 19 2
19 84 1
26 58 3
16 89 1
30 54 2
20 37 2
3 48 1
77 20 4
22 12 4
94 76 1
23 40 4
12 18 3
91 27 1
98 7 1
67 83 4
14 35 3
94 99 3
73 30 1
96 38 1
95 66 3
36 16 3
49 13 2
0 32 1
75 18 2
22 26 2
94 66 2
57 22 2
72 71 2
23 92 1
8 19 4
10 45 4
95 70 1
38 89 3
83 99 3
49 74 1
32 97 3
27 87 4
44 75 1
4 77 2
18 57 2
87 94 2
65 92 1
29 47 4
71 77 1
36 40 4
47 18 4
25 64 3
97 79 4
80 62 4
32 38 3
4 10 4
40 11 4
31 99 1
75 17 1
26 23 1
92 67 1
60 56 1
32 42 2
10 41 4
80 96 4
85 11 2
21 78 4
84 37 4
22 28 4
18 39 3
17 4 1
34 12 1
82 81 1
80 65 3
89 18 1
16 90 3
82 49 1
2 43 4
19 55 1
50 75 1
34 91 4
23 36 3
90 18 1
74 52 4
42 13 2
60 46 3
77 72 3
70 26 1
85 13 2
13 8 1
24 73 2
58 93 4
15 79 3
97 54 1
90 48 2
90 21 4
80 58 4
39 26 2
4 95 3
22 72 4
35 7 2
98 44 1
37 57 4
74 94 3
58 88 1
52 66 3
30 24 1
76 73 3
67 89 1
14 88 2
58 32 2
56 35 3
16 5 3
14 27 2
27 5 2
73 85 2
69 32 1
9 45 4
69 38 3
39 48 2
76 35 4
87 37 3
91 21 4
3 11 4
65 77 1
51 96 3
90 63 3
84 30 1
76 85 3
38 21 2
23 49 4
98 66 1
77 53 1
64 52 4
55 22 3
81 52 2
0 54 3
15 11 4
76 18 4
41 86 2
74 96 4
2 20 4
10 23 2
47 19 2
62 59 4
0 99 2
53 94 1
65 42 1
76 90 1
5 34 4
91 4 1
36 79 4
83 58 3
93 4 2
44 78 1
65 36 4
50 11 2
69 35 4
35 55 3
63 67 3
67 10 1
74 44 2
76 86 3
28 53 3
68 69 1
59 13 1
17 1 2
59 99 4
44 18 1
7 84 4
78 66 2
92 6 4
64 23 1
56 9 2
37 0 2
29 78 4
55 18 2
5 53 2
30 56 2
0 34 2
10 92 3
83 29 2
38 86 2
71 33 2
17 2 4
52 9 1
37 75 3
98 68 3
82 91 2
83 16 1
91 75 3
36 17 1
5 4 4
22 25 4
76 0 3
64 34 3
30 7 3
78 9 4
8 56 1
34 11 1
17 12 3
62 43 4
64 35 2
38 68 4
76 11 3
88 16 1
99 35 2
93 53 1
55 71 1
92 25 2
98 95 4
63 7 4
32 2 1
88 1 3
41 60 3
6 88 2
47 42 1
55 60 1
24 38 3
27 73 3
30 98 1
37 69 1
35 81 3
64 2 1
29 51 3
72 67 1
60 84 4
8 58 2
39 46 2
9 86 1
18 51 2
63 80 3
51 62 4
11 51 3
11 35 2
46 17 1
73 64 1
90 6 3
59 80 3
86 59 4
0 24 2
74 93 4
40 33 2
34 29 4
88 53 1
68 17 2
6 97 3
77 51 3
4 59 3
95 13 2
68 54 4
80 17 2
56 34 1
80 81 3
67 1 1
39 6 2
79 6 1
88 31 1
51 61 3
85 7 1
29 13 4
77 54 4
49 92 2
38 65 1
90 17 4
77 25 1
82 90 4
10 98 1
21 46 2
16 53 3
72 48 3
31 66 4
3 12 1
96 73 2
77 62 2
92 99 1
37 64 3
52 95 4
44 16 2
47 81 4
30 69 3
36 51 1
89 41 3
59 63 3
58 23 2
28 13 3
86 90 3
86 32 1
30 46 3
18 35 1
87 51 2
19 39 1
25 35 4
97 7 3
30 81 4
86 79 2
84 16 2
86 77 4
89 60 2
0 72 3
61 18 3
80 25 4
5 32 1
61 15 4
9 21 4
53 45 1
51 82 2
81 0 3
12 61 1
97 28 1
46 1 2
96 11 3
47 85 1
74 38 4
93 62 3
92 37 1
26 41 2
68 92 2
1 76 4
73 32 1
81 54 1
67 58 3
38 59 2
79 10 2
32 8 4
70 84 4
17 27 2
38 3 4
61 52 2
60 92 3
9 15 2
58 3 2
72 80 2
9 27 4
6 75 2
96 8 2
24 56 1
15 2 2
1 78 2
50 21 3
40 86 1
96 90 2
90 5 3
1 68 3
95 89 3
22 83 1
87 3 2
57 3 2
64 96 3
40 97 2
20 74 3
66 51 3
77 14 2
60 81 2
67 64 1
31 61 3
46 41 2
0 52 3
58 4 3
2 58 3
90 57 3
48 24 2
22 8 3
44 29 4
54 87 4
27 39 3
99 58 4
47 33 1
58 65 4
35 71 1
60 49 4
43 13 1
67 46 3
19 0 4
58 6 4
42 73 2
26 48 4
5 42 1
12 31 1
10 17 2
88 66 2
42 62 1
65 78 3
9 12 1
24 18 1
2 7 2
62 45 1
92 26 3
12 1 3
28 61 4
11 56 4
2 59 4
24 75 3
30 5 3
55 68 3
57 58 1
19 71 2
60 57 1
88 76 3
48 8 2
1 70 1
95 40 1
49 32 4
78 59 4
83 44 4
30 29 4
3 66 2
68 43 1
69 45 1
45 40 1
99 10 4
93 23 3
70 96 3
28 86 2
56 69 2
73 6 3
58 91 3
40 58 1
78 32 4
19 83 3
60 9 1
29 99 2
33 22 3
2 5 1
61 78 2
44 56 4
20 8 4
36 7 2
19 75 1
56 1 4
3 45 2
16 70 4
57 34 2
42 45 2
80 7 3
22 34 4
3 46 2
78 12 2
7 6 3
67 57 2
78 18 4
80 70 4
62 38 3
78 63 2
77 67 3
83 30 2
76 4 2
51 32 3
37 62 3
93 11 3
6 68 4
97 47 1
40 94 2
17 93 1
36 86 2
12 19 2
86 83 1
60 19 4
41 36 4
35 13 4
59 47 4
35 29 2
83 15 3
59 35 4
40 9 4
27 36 4
1 24 3
47 2 1
4 32 3
5 87 3
36 45 2
56 26 2
68 8 1
66 74 1
28 5 4
97 36 1
58 81 2
15 82 3
5 18 1
24 98 1
2 54 2
97 24 4
61 93 2
64 44 4
3 29 4
12 76 1
96 61 3
73 29 2
27 25 4
13 72 1
77 32 1
31 97 4
63 60 3
62 63 4
91 65 4
81 15 3
41 49 1
98 46 2
21 19 1
29 15 2
20 23 4
59 34 2
84 11 1
86 61 4
0 28 2
13 77 2
56 20 1
25 8 1
38 37 4
13 40 3
27 68 1
81 59 4
66 77 1
9 28 4
68 23 3
88 32 2
8 59 4
20 70 2
0 90 2
69 93 2
32 34 3
43 39 1
61 98 2
80 55 3
63 49 2
52 89 1
39 25 2
48 18 4
17 31 2
51 40 2
38 57 1
50 24 4
19 87 3
7 83 2
73 68 1
8 5 4
95 2 2
29 40 4
67 54 4
74 37 3
81 8 1
64 76 4
86 20 2
13 31 2
18 65 4
40 74 1
49 83 3
65 55 2
90 25 2
4 79 1
20 50 3
20 36 2
69 57 1
52 21 3
76 17 4
25 57 4
13 16 1
92 53 1
33 5 3
81 63 2
39 29 4
91 47 1
77 84 3
72 3 3
80 8 1
89 74 3
73 93 3
76 31 4
24 59 3
73 2 1
85 96 4
85 98 4
22 56 2
54 4 4
16 92 4
7 11 4
24 25 3
33 57 3
67 13 2
10 19 4
84 8 3
11 1 3
29 74 2
60 17 4
77 99 2
93 16 2
46 86 2
70 10 3
66 59 2
18 69 4
76 7 1
42 27 4
77 92 1
43 33 4
44 76 4
56 83 3
13 69 3
75 90 2
78 38 4
49 12 2
95 86 4
5 17 3
20 82 3
72 96 4
79 96 3
30 91 2
24 66 2
53 26 2
82 11 2
79 63 2
85 55 4
11 29 3
92 75 3
90 49 3
23 86 4
29 5 4
50 40 2
62 94 2
41 23 2
22 73 2
15 24 1
75 9 2
86 53 4
32 20 2
68 32 3
21 74 3
5 68 3
84 76 3
1 29 2
47 4 3
15 66 2
52 35 3
51 26 2
27 15 2
84 28 3
12 56 2
37 55 3
79 73 3
61 10 4
54 99 4
75 66 1
48 73 2
7 29 2
94 47 2
23 53 2
73 40 4
68 45 1
26 49 2
54 3 1
17 35 1
35 98 2
91 19 2
60 31 3
70 51 4
40 10 2
91 16 1
96 77 4
62 0 3
68 62 1
91 83 1
58 34 2
91 31 2
88 94 1
87 57 3
92 76 1
67 81 2
47 39 3
33 99 4
72 20 1
94 9 3
76 41 2
90 33 1
63 17 2
99 21 2
5 91 4
1 94 2
93 32 3
45 32 1
18 15 2
24 90 3
68 78 2
0 40 2
26 29 3
73 41 3
94 77 1
89 34 4
24 76 2
54 61 4
15 87 4
56 55 3
16 1 1
72 12 3
23 91 2
5 36 4
82 62 3
93 87 3
85 82 1
48 6 3
55 6 4
68 74 1
35 43 3
5 11 1
21 2 4
61 92 2
21 43 3
50 18 3
18 82 4
31 9 2
58 52 1
32 81 3
14 22 2
97 87 4
31 5 4
12 27 2
79 9 1
25 76 2
97 23 1
16 71 2
83 41 2
21 3 3
85 93 3
14 5 3
87 25 1
30 21 3
7 39 3
46 95 2
73 39 4
48 2 4
33 51 3
15 96 2
8 36 2
11 0 3
98 90 1
93 77 1
83 27 3
20 27 1
39 85 4
51 72 3
23 96 3
67 8 3
60 48 4
12 30 4
67 30 3
88 91 3
55 87 3
52 24 3
61 63 4
63 39 2
34 97 3
51 59 1
16 98 3
88 84 4
9 19 2
29 9 1
52 36 2
16 3 3
1 72 3
95 49 2
72 2 2
94 78 4
25 60 1
27 21 2
9 4 3
36 22 4
58 68 2
50 54 1
67 36 3
60 18 4
11 73 3
27 37 1
46 52 1
26 27 2
13 88 3
73 81 3
7 12 4
33 46 2
61 46 4
1 48 2
47 8 4
78 76 1
70 99 4
48 61 4
71 64 1
12 29 4
71 66 3
89 10 3
56 23 2
96 92 1
22 46 2
68 39 3
39 12 2
20 38 4
25 83 3
86 91 3
19 45 4
4 55 4
45 84 2
3 49 2
72 39 1
54 6 4
76 14 2
37 78 4
0 63 1
39 58 3
13 15 2
88 33 4
51 91 2
45 17 3
88 68 4
74 9 1
78 7 2
59 57 1
48 93 2
88 20 3
88 38 2
29 38 1
4 73 4
31 22 3
68 50 3
53 4 4
10 72 4
91 9 1
13 30 1
3 5 1
84 23 3
33 27 4
59 29 4
32 84 1
68 35 4
45 30 1
51 97 3
82 3 4
43 60 3
21 11 3
23 63 2
72 28 4
11 99 3
17 28 2
51 95 1
26 78 3
96 36 2
71 8 4
48 79 3
32 23 1
29 76 1
57 84 1
2 91 1
10 37 2
60 50 3
44 27 1
66 45 1
13 24 4
98 58 1
49 94 1
32 37 4
17 26 4
55 16 3
80 47 4
55 12 4
85 16 4
38 77 4
69 17 1
70 59 4
76 69 4
52 51 1
10 8 4
34 44 2
39 45 3
63 1 1
0 58 4
68 57 1
6 12 4
13 48 1
46 56 4
70 88 1
76 57 1
75 98 1
61 34 3
84 46 2
41 21 2
70 28 4
20 83 4
80 45 2
38 93 2
15 91 3
97 42 3
28 24 4
4 57 2
15 49 4
51 8 2
81 89 4
13 89 2
80 86 1
40 70 2
62 26 1
21 62 1
92 40 2
10 30 2
16 45 1
8 61 1
33 81 4
62 92 2
12 98 2
83 73 1
57 72 2
53 89 4
70 66 2
0 92 4
43 19 1
65 83 2
79 33 4
87 73 1
42 79 2
53 7 4
41 28 2
20 84 3
33 95 4
68 65 2
64 6 3
62 91 1
47 79 1
65 28 4
51 14 4
10 86 2
8 62 1
18 25 3
56 61 2
33 7 4
78 24 2
83 9 3
14 75 4
4 11 3
16 54 4
70 75 4
35 86 1
56 87 3
2 38 2
73 92 4
71 37 4
80 42 4
90 59 3
70 62 2
31 45 1
88 92 3
60 72 1
74 71 4
1 10 3
3 65 3
35 78 4
6 33 4
75 42 2
2 68 4
38 30 4
7 8 2
45 54 1
94 12 1
91 13 3
5 92 1
56 3 3
76 16 4
22 75 3
99 49 2
3 74 4
1 43 1
18 46 2
23 29 4
67 12 2
59 20 2
45 46 4
20 15 4
30 66 3
45 47 3
9 54 1
72 38 1
72 8 4
30 59 2
47 43 2
17 49 1
93 81 4
28 96 2
45 41 4
18 38 2
44 71 4
72 64 1
93 13 4
2 93 1
80 85 2
42 48 3
74 1 1
10 0 4
26 44 2
5 46 4
56 90 1
11 8 1
8 63 2
43 25 1
39 97 2
19 48 1
87 88 4
29 32 2
58 14 1
12 47 4
8 34 4
6 63 1
31 18 2
53 46 3
71 48 1
34 36 2
10 35 4
48 97 2
34 17 3
57 49 4
23 39 3
94 92 3
71 7 3
10 65 2
6 20 2
81 86 4
36 37 1
65 29 2
56 76 1
35 50 4
65 34 2
51 58 4
62 55 3
8 83 2
48 21 3
51 44 3
52 60 2
66 42 4
79 11 3
68 60 1
97 21 1
27 2 4
11 68 3
19 61 4
38 8 4
17 6 2
77 7 4
37 95 2
40 18 4
71 97 1
26 42 3
76 60 3
61 6 4
16 94 4
85 2 4
43 70 2
80 54 2
93 31 4
53 62 3
24 63 2
55 32 3
84 63 2
47 58 1
84 17 3
1 20 1
73 63 2
58 73 1
27 90 2
92 2 4
23 50 3
66 17 2
73 34 4
23 76 2
97 46 4
40 55 2
5 56 4
58 69 3
29 63 2
98 80 3
59 32 2
87 70 1
56 6 1
97 93 1
58 72 2
12 85 1
71 63 3
72 31 3
52 85 1
17 72 1
59 58 4
45 51 1
91 37 2
24 74 3
54 82 4
27 32 3
91 76 3
3 35 3
24 7 1
16 48 3
20 3 3
34 75 1
70 36 3
65 87 1
56 50 2
71 95 2
24 10 2
85 70 1
1 7 2
60 14 2
71 88 2
34 74 1
30 27 4
72 95 2
99 74 2
2 6 3
33 20 1
48 87 2
76 98 3
90 99 2
82 14 3
45 71 1
64 98 2
73 36 2
85 26 2
20 80 3
30 36 2
54 56 4
30 58 2
76 21 4
89 71 1
36 13 1
66 16 2
74 69 2
0 48 4
42 36 3
36 72 3
95 77 4
70 7 1
64 17 2
22 19 2
11 26 3
95 61 2
59 67 2
64 5 2
15 40 2
49 48 3
27 34 4
74 65 4
51 79 1
13 56 4
99 19 3
43 79 4
88 59 3
15 53 2
10 87 4
20 65 4
63 53 2
69 59 4
89 12 1
85 86 3
