612 50
0 22 7
0 9 9
9 27 6
22 33 5
9 35 4
35 11 3
33 44 4
11 5 7
0 38 3
44 41 9
9 20 9
20 15 3
11 8 6
35 49 7
38 1 5
11 16 7
1 19 7
22 47 8
8 3 1
11 13 7
15 36 4
16 23 7
49 46 5
49 43 4
11 25 2
0 10 2
36 21 7
11 28 6
13 2 6
21 17 7
2 12 4
20 39 8
25 34 7
21 40 3
34 24 1
27 37 5
49 48 8
5 42 1
24 7 1
25 18 3
10 26 6
42 4 8
3 45 4
40 30 9
45 31 7
48 14 4
1 32 4
22 29 5
43 6 2
33 23 4
5 20 4
14 3 1
21 0 4
47 8 1
39 10 4
37 48 4
22 8 4
27 21 3
48 13 4
23 48 3
27 7 4
5 26 2
4 46 2
44 42 3
39 31 2
26 49 1
38 39 3
20 3 4
5 40 2
20 19 3
33 16 4
28 24 1
13 29 3
40 2 3
17 3 2
9 21 2
14 21 3
6 26 4
12 31 1
41 19 4
36 41 2
14 22 4
0 28 1
3 33 4
35 1 2
37 47 3
38 43 2
22 31 3
44 4 4
19 18 2
48 6 2
15 16 1
10 42 2
34 30 2
33 37 1
10 34 3
25 49 2
13 35 2
45 9 3
45 5 3
35 47 1
29 46 2
48 2 3
27 49 2
46 26 3
39 34 3
29 11 4
49 44 4
26 47 2
19 44 4
37 6 1
38 28 3
12 40 3
15 5 4
8 48 1
35 4 3
49 33 1
39 41 4
27 41 4
18 42 1
30 14 1
26 24 4
9 8 4
45 26 2
15 29 4
35 15 1
25 22 1
45 23 3
32 39 2
43 16 1
27 36 2
0 7 2
7 38 2
42 32 4
30 5 1
18 21 2
42 28 3
21 8 3
18 24 4
40 42 4
22 9 4
12 0 2
29 3 1
23 39 4
20 37 4
41 2 4
23 9 3
48 21 4
11 2 3
21 7 2
21 35 1
16 30 2
29 7 1
26 15 1
7 40 4
28 8 4
27 3 4
24 10 4
26 8 1
16 22 1
16 32 2
47 3 2
19 33 3
7 33 2
28 9 1
10 3 4
32 47 1
46 22 3
2 42 1
20 32 3
24 27 2
42 37 4
17 12 1
30 35 2
1 37 1
19 49 4
0 29 1
39 16 3
35 34 1
33 9 2
29 32 4
31 13 3
26 23 3
1 34 3
48 36 3
45 18 2
9 31 1
23 7 4
0 48 2
14 4 1
27 28 4
14 28 2
14 1 1
32 2 2
5 2 1
28 15 3
37 46 4
31 44 1
24 45 4
31 1 3
10 5 1
17 5 1
48 24 1
36 43 3
39 4 4
39 2 1
5 14 3
37 39 1
49 0 4
25 9 1
35 17 1
0 16 4
29 14 2
18 31 1
21 11 3
45 27 1
34 32 4
12 46 1
48 25 4
30 47 3
43 35 2
9 2 3
14 10 1
20 38 1
6 21 4
49 24 3
20 28 2
47 45 1
7 5 3
35 29 2
44 45 3
37 17 3
9 14 2
35 5 2
19 6 3
18 0 3
31 29 2
15 25 3
22 10 1
29 25 2
37 28 2
17 42 3
4 16 2
6 45 2
16 38 1
35 33 3
34 46 4
17 10 1
49 30 4
45 42 4
39 5 1
7 14 2
6 30 1
24 30 3
34 21 4
7 22 4
10 11 1
33 8 4
5 44 3
1 40 4
7 13 3
39 15 1
38 33 3
44 20 4
23 41 3
18 13 3
49 47 2
32 38 4
12 30 1
10 7 4
4 10 4
8 34 1
3 37 4
39 0 2
31 8 1
41 13 4
23 19 4
43 25 4
29 36 3
48 20 1
33 11 2
39 42 2
4 26 2
1 41 2
49 21 3
22 19 4
36 4 1
40 25 4
0 33 3
45 49 4
25 41 1
19 39 1
1 20 2
44 18 2
11 26 1
25 21 2
19 32 1
18 3 4
30 23 2
48 28 1
46 39 2
21 26 3
4 48 4
1 46 4
4 29 3
46 11 1
18 32 3
20 11 2
9 34 4
42 8 3
9 49 2
28 21 3
48 5 1
22 26 4
45 7 4
38 13 2
20 18 1
33 32 3
34 38 2
36 17 3
37 40 1
21 32 2
3 34 1
49 23 3
27 17 4
33 28 1
3 49 2
21 12 4
0 27 3
17 43 2
5 18 2
18 36 1
40 31 4
41 26 3
31 17 2
49 4 4
7 39 3
19 13 3
28 30 4
38 41 1
18 7 2
48 40 1
19 35 3
11 12 4
9 30 1
22 48 3
17 44 4
4 45 2
45 41 1
30 36 3
15 32 3
6 16 2
36 0 3
28 1 4
41 22 3
2 28 2
23 15 1
21 24 1
38 26 1
40 35 1
44 34 3
1 33 1
34 22 1
43 11 3
9 37 2
36 5 3
11 9 2
24 14 3
24 23 1
21 45 3
22 4 4
31 43 1
31 23 4
46 2 2
18 49 4
44 8 4
10 25 4
46 15 2
28 45 1
46 40 2
36 24 3
36 26 1
30 45 1
5 23 3
43 2 3
34 49 4
31 28 2
11 47 1
14 41 1
15 22 2
46 0 2
45 13 4
21 30 3
5 12 4
28 3 4
20 34 1
49 40 2
17 40 4
16 13 4
49 37 2
4 38 2
23 2 2
29 38 1
30 10 3
25 37 3
18 1 3
45 0 3
10 49 2
11 38 1
20 23 1
4 33 2
37 18 4
32 25 1
24 3 1
34 28 4
45 17 4
32 12 3
3 32 2
27 14 3
29 8 3
38 19 4
43 26 3
41 35 1
17 2 4
15 19 4
4 31 2
15 30 4
45 34 1
34 18 2
15 31 1
15 1 2
49 8 3
48 41 1
13 47 2
11 17 4
18 12 2
11 24 1
31 20 3
26 40 3
41 5 2
47 16 1
2 3 1
4 0 4
0 15 2
21 10 4
30 8 3
3 0 2
46 44 2
3 46 1
43 21 2
26 27 2
2 8 4
17 20 2
0 41 2
23 37 2
26 20 3
42 36 1
32 49 1
21 44 3
31 37 3
0 34 4
18 30 1
29 43 2
23 18 2
30 44 3
28 10 4
34 16 2
43 22 4
3 43 1
34 40 3
27 15 4
48 11 4
23 12 2
15 14 1
27 43 4
6 47 4
8 15 4
3 23 2
17 15 1
7 16 3
6 38 4
10 40 3
42 14 4
44 48 1
12 27 3
13 22 3
32 13 3
9 10 1
23 32 4
23 46 4
15 2 1
9 24 2
16 20 1
10 45 1
17 30 2
38 24 3
11 7 4
34 31 4
23 44 1
23 25 4
42 16 1
11 3 3
0 19 3
9 6 2
22 39 2
38 42 2
29 21 4
24 2 4
9 7 2
2 44 1
3 30 2
26 25 1
42 12 1
9 48 3
35 2 1
14 38 1
31 30 2
48 12 3
32 37 4
47 42 2
9 32 2
39 40 1
44 16 3
29 28 1
8 16 1
9 3 3
47 27 4
46 41 4
1 17 1
36 8 3
46 25 1
41 30 1
19 17 4
29 48 3
13 46 2
15 4 2
32 22 4
11 27 3
43 42 2
42 34 2
27 8 3
38 36 4
44 35 2
14 19 2
46 19 2
8 14 3
1 4 3
9 42 4
0 25 3
34 15 4
1 10 2
44 14 1
12 19 4
26 3 3
22 2 1
5 46 1
20 49 1
22 12 4
1 13 2
27 23 4
2 21 1
45 11 3
2 33 2
41 17 3
40 4 2
8 40 1
39 21 1
18 40 3
21 31 1
3 36 3
33 14 2
17 34 3
25 27 4
7 30 4
18 29 4
22 17 2
47 43 4
32 44 2
18 28 3
10 38 4
46 28 3
4 47 2
1 22 2
40 43 2
44 9 2
26 13 2
5 34 1
21 13 4
27 44 2
26 16 1
18 39 4
38 46 2
47 10 2
5 3 2
5 28 4
0 14 1
7 31 4
36 25 2
22 38 2
8 43 4
41 8 2
14 6 3
18 9 4
7 43 3
44 38 1
30 1 3
39 8 4
29 45 1
1 23 4
22 45 1
15 7 4
37 14 1
