612 50
0 26 7
26 16 3
0 24 3
24 30 7
26 3 3
16 5 3
30 7 8
0 25 2
0 15 6
30 20 2
7 38 6
20 37 1
20 27 1
38 31 9
20 47 2
27 12 1
7 1 3
7 46 3
3 21 2
15 41 2
20 45 1
27 36 3
1 32 6
37 11 8
21 42 8
20 19 6
32 2 7
1 44 4
16 23 1
45 39 1
20 14 2
15 13 5
25 28 7
16 48 6
20 17 2
2 22 7
44 6 4
11 34 3
28 33 4
31 40 4
19 18 3
17 9 8
31 4 1
26 49 4
37 35 9
17 10 3
33 43 2
6 8 7
26 29 7
42 13 4
47 37 2
13 19 3
4 41 3
49 7 2
11 2 2
4 34 1
28 5 2
33 8 4
44 19 1
10 41 3
22 35 2
26 10 2
38 25 3
21 34 3
18 25 4
12 5 4
12 35 1
46 22 2
7 26 4
31 0 2
34 30 1
21 47 2
44 26 1
36 39 1
44 8 3
34 2 3
14 26 4
45 30 1
14 8 4
28 42 4
20 34 4
4 25 1
26 42 4
39 19 2
1 30 1
3 0 4
10 1 4
29 32 2
30 19 1
20 2 2
44 46 4
4 19 2
46 49 2
14 4 4
7 17 4
47 34 2
39 2 3
16 8 3
12 7 2
26 2 3
34 39 1
39 31 2
7 14 2
5 3 1
49 47 2
9 46 1
9 41 4
47 16 2
23 46 4
48 3 1
49 30 1
10 13 4
9 42 3
36 16 3
9 25 1
18 36 2
4 47 2
31 7 2
15 20 1
36 21 4
17 18 3
19 29 4
7 15 3
7 35 1
21 30 4
32 39 1
5 33 4
47 25 4
1 22 3
33 17 2
42 33 3
37 24 3
48 12 4
15 31 3
30 36 4
21 37 4
34 8 3
11 15 4
15 32 1
3 10 4
31 49 2
0 16 1
2 3 1
25 2 2
5 13 1
22 14 2
1 47 2
20 49 3
23 14 2
32 24 4
18 22 1
40 16 2
48 6 1
7 37 2
43 29 3
11 6 1
47 23 1
40 42 2
19 49 4
13 23 2
28 15 3
41 26 3
45 35 4
31 13 1
9 28 2
24 6 2
36 4 4
29 6 1
22 33 2
19 40 4
7 44 3
1 18 2
15 38 3
12 0 2
6 7 1
45 7 2
15 46 1
24 48 3
22 17 4
48 4 3
43 39 4
37 15 1
48 27 2
44 35 4
39 38 2
18 38 1
28 34 4
20 39 1
32 34 2
16 33 4
35 48 2
35 42 2
25 31 1
47 31 4
19 3 2
2 46 3
48 31 3
20 41 4
15 1 1
40 45 3
11 12 3
15 43 2
11 29 1
44 39 3
25 17 1
5 32 4
2 13 3
24 14 2
29 10 2
33 23 1
48 2 2
8 5 1
41 30 3
22 10 4
43 36 3
46 19 2
7 47 3
24 34 3
43 11 4
43 40 1
49 13 2
9 24 2
5 34 2
5 22 2
43 31 3
3 44 3
35 34 1
3 39 3
17 6 4
0 41 4
20 1 1
23 21 3
29 47 3
41 7 1
38 49 3
9 12 1
6 26 4
2 27 4
40 12 2
4 44 1
23 37 2
19 1 1
35 49 3
1 42 3
35 31 4
48 37 1
10 31 2
44 0 3
47 32 2
37 13 4
1 16 2
28 24 4
5 45 3
22 21 1
37 28 3
9 26 2
26 27 4
34 12 1
14 21 2
7 32 2
26 25 2
40 4 3
7 39 4
3 42 3
28 22 1
45 27 3
17 39 2
37 19 3
33 46 1
45 18 2
8 19 2
4 27 4
5 11 4
22 43 4
14 18 1
24 43 3
0 40 2
17 42 1
3 4 4
32 22 1
18 28 2
44 15 3
45 43 2
48 22 3
5 40 4
9 39 2
19 25 3
24 27 3
41 42 4
30 37 1
0 17 4
20 33 3
28 26 2
45 44 3
14 32 4
20 36 1
22 42 1
39 37 3
37 32 2
41 14 4
43 25 1
15 8 2
8 30 1
32 6 2
17 41 2
42 5 1
14 11 2
45 25 2
45 47 3
5 1 4
17 31 4
49 28 2
30 33 3
41 21 4
47 27 3
25 12 2
34 45 3
43 35 4
6 30 4
37 18 3
17 2 4
42 16 4
27 15 2
22 45 4
49 9 3
23 2 3
44 12 1
16 41 3
41 18 4
20 29 1
13 33 3
37 44 1
36 14 4
46 13 1
49 25 2
26 46 1
43 4 1
16 13 2
35 16 1
22 49 2
10 38 3
25 3 3
16 27 1
41 24 3
42 27 1
17 47 4
14 45 3
9 36 1
23 24 3
47 15 3
45 49 2
15 33 2
23 31 1
13 3 4
49 23 4
12 26 3
47 6 3
43 28 4
27 0 1
4 6 4
46 0 1
29 7 1
34 7 1
48 5 3
15 34 3
18 43 2
25 44 3
7 23 4
26 15 3
4 26 1
10 12 1
10 45 2
35 29 3
35 41 3
36 7 2
20 12 4
48 43 2
42 0 3
18 10 3
39 1 3
15 24 2
9 15 3
3 34 1
11 32 3
27 28 3
14 42 3
11 22 1
38 27 2
39 13 2
44 9 3
4 15 1
23 4 2
27 30 1
19 33 4
13 1 1
15 2 3
48 47 3
29 40 2
16 9 4
33 14 2
35 40 4
1 46 1
33 44 2
34 46 1
43 8 1
39 47 2
31 18 4
30 38 4
11 18 1
38 8 1
37 40 3
13 8 4
21 0 2
32 38 2
14 19 4
35 15 2
38 28 2
26 35 2
49 15 3
40 49 2
11 3 4
10 0 1
42 15 3
46 42 4
6 1 2
3 40 4
19 6 4
43 13 4
47 33 3
48 14 4
9 11 3
37 46 2
3 38 1
24 19 3
24 21 3
19 47 2
29 44 3
46 28 3
40 39 2
27 3 1
1 21 1
38 46 4
15 5 2
27 33 2
17 29 4
48 34 3
43 41 3
23 15 2
8 49 4
29 31 1
43 16 4
14 15 2
21 44 1
25 36 2
41 23 3
22 37 2
21 39 4
4 0 1
28 40 1
36 46 3
4 30 2
28 1 1
34 19 2
33 31 3
9 19 1
12 24 4
23 26 1
2 33 4
5 35 1
20 6 4
24 4 3
31 34 2
40 26 1
37 8 2
28 19 4
27 21 4
41 13 1
43 6 1
18 30 4
25 8 4
12 23 2
29 28 2
31 19 4
0 30 3
17 43 2
12 4 4
44 2 2
10 21 1
12 41 1
28 0 3
8 10 3
45 3 3
44 43 4
14 28 1
40 36 3
7 10 2
23 34 1
1 3 2
39 35 4
39 41 2
45 16 4
49 4 1
10 19 4
47 8 4
41 32 4
14 13 1
29 37 4
3 20 4
34 1 3
10 6 1
41 47 3
4 18 2
5 29 3
15 17 2
23 28 4
35 27 4
25 20 4
12 13 1
42 31 3
43 38 1
8 22 4
42 4 4
10 42 3
30 26 4
34 29 1
46 48 3
48 17 1
36 29 2
37 5 3
14 5 2
27 44 3
44 13 1
11 26 2
17 11 4
12 36 4
16 28 1
40 34 3
38 21 1
28 20 3
42 49 3
15 21 4
43 46 1
39 4 2
2 12 1
20 40 4
13 29 3
24 46 3
21 17 3
34 16 4
35 18 3
23 39 1
28 32 3
38 48 1
1 23 3
20 26 1
30 29 1
5 24 1
34 42 3
0 48 3
38 11 3
20 31 3
3 33 4
21 33 1
24 16 4
46 32 3
32 4 1
48 36 2
2 16 2
8 2 1
22 3 4
30 22 1
0 38 2
37 38 4
47 13 3
11 30 4
21 40 3
39 11 4
5 36 1
3 7 1
18 34 3
45 11 3
20 0 4
6 22 1
9 43 2
29 4 4
40 44 3
44 32 4
13 45 3
44 41 2
35 14 2
12 17 1
48 7 1
4 21 1
14 2 2
10 30 3
12 6 2
46 29 1
35 30 2
46 18 2
22 9 2
13 38 1
13 7 4
43 10 1
8 41 1
24 13 4
30 13 1
17 14 4
14 31 4
8 23 2
44 38 1
36 47 4
25 15 2
