612 50
0 27 2
27 4 3
0 1 5
1 43 9
43 42 1
27 29 8
42 25 5
43 26 7
4 36 9
36 3 3
29 22 2
43 45 3
26 34 7
27 23 3
0 5 6
43 49 5
5 37 6
3 35 4
36 40 7
27 15 5
27 18 8
34 7 8
0 21 2
7 6 1
6 20 5
21 38 7
27 13 8
13 41 8
1 17 9
35 44 2
35 33 4
23 39 7
36 47 8
49 48 1
42 31 8
40 11 2
49 10 3
45 12 9
4 32 3
22 24 2
10 9 4
36 46 2
38 30 8
44 28 7
11 2 3
31 14 9
4 19 8
19 16 1
34 8 4
24 32 4
16 34 3
35 45 2
14 13 1
21 19 3
11 1 3
48 20 1
6 17 1
40 32 3
27 17 1
9 27 4
8 48 3
29 41 4
47 43 3
27 45 1
49 23 3
42 26 1
6 40 1
22 18 1
18 2 1
2 39 4
2 36 2
29 5 1
23 4 2
16 30 2
48 25 3
27 6 1
11 44 1
32 28 4
13 1 2
29 21 4
9 17 1
27 36 2
6 11 1
25 6 4
21 40 4
9 35 1
4 38 3
44 17 3
32 12 1
5 33 4
1 46 2
35 43 2
16 47 3
31 44 3
48 11 3
34 6 1
8 2 2
38 2 3
31 8 2
37 38 1
20 32 2
19 27 1
21 30 1
16 11 2
17 12 1
32 0 2
36 14 3
31 30 3
11 34 4
38 11 3
12 42 2
12 14 2
49 3 1
30 34 3
32 29 1
40 41 4
3 44 3
40 19 3
47 0 4
32 22 3
49 40 1
42 46 4
37 22 2
2 19 1
10 21 2
38 33 3
0 18 2
23 38 3
40 30 4
30 48 3
26 6 2
48 27 3
10 42 3
2 25 3
41 36 3
40 48 3
33 23 1
3 19 2
39 36 4
17 5 3
0 10 2
33 19 3
17 30 2
4 11 4
35 19 3
44 24 2
29 34 1
2 35 1
41 8 2
1 41 4
43 41 3
47 12 2
21 12 4
49 29 2
41 23 4
6 16 4
21 3 1
23 0 4
22 36 3
21 32 1
47 13 3
43 48 2
24 46 1
17 45 4
38 18 3
27 30 4
30 35 4
14 9 4
16 20 4
4 1 3
42 23 3
37 2 4
40 20 1
8 27 3
5 4 2
4 16 1
6 21 3
21 16 2
45 16 1
46 20 4
34 35 3
45 20 2
10 33 3
9 31 4
25 41 2
15 6 4
10 16 3
11 30 2
16 42 3
40 45 4
39 15 4
12 3 2
28 46 3
17 39 1
32 8 4
31 3 3
19 32 2
0 35 2
10 4 3
49 0 1
12 5 4
28 27 4
48 34 4
1 10 3
20 42 3
23 25 1
31 7 3
32 39 3
14 0 4
19 30 3
40 43 3
26 38 1
46 18 4
21 37 2
3 34 1
5 44 1
24 27 3
22 16 4
20 3 1
20 5 2
47 7 1
33 39 3
32 1 2
25 8 2
37 12 3
35 48 1
49 13 1
21 4 1
7 3 2
34 1 2
25 43 1
22 42 3
17 20 4
47 34 2
1 21 3
28 1 2
48 22 1
16 31 2
46 40 4
16 3 2
25 20 2
4 33 1
34 42 1
1 14 1
47 45 4
6 28 3
39 25 3
31 35 3
21 15 1
49 1 3
26 33 2
34 28 3
8 26 3
37 27 2
42 35 4
43 29 2
42 40 4
7 11 2
23 37 3
26 1 1
21 14 2
36 33 1
41 3 4
17 21 4
12 9 1
34 49 4
30 37 3
7 18 1
2 5 4
21 46 3
46 45 4
48 4 3
42 3 2
15 5 1
47 38 1
22 4 4
22 26 2
32 45 2
39 37 2
28 26 4
15 24 2
34 32 3
12 29 3
16 17 3
42 13 1
38 20 2
15 33 3
48 9 3
2 31 3
24 19 3
26 17 4
46 0 2
49 35 4
20 26 3
35 10 4
33 18 4
24 29 3
15 26 3
1 42 2
28 7 3
48 45 3
18 26 1
27 7 1
33 48 3
16 29 2
24 37 1
8 46 1
24 42 4
43 4 3
34 2 3
0 41 3
35 37 4
27 34 2
27 35 1
17 43 3
8 22 1
44 21 1
38 8 1
4 35 4
8 6 4
13 30 1
40 35 4
11 5 2
3 0 2
15 43 1
18 8 3
43 22 3
17 13 1
44 45 2
18 41 1
33 0 3
6 0 1
13 16 4
25 33 1
46 27 4
44 34 4
7 26 4
23 22 1
25 13 4
32 38 2
10 39 2
36 0 1
5 14 2
32 37 2
32 44 4
31 21 2
19 48 4
15 30 2
40 7 4
18 43 3
48 46 3
30 12 4
13 19 2
7 46 2
8 15 3
13 38 4
27 41 3
36 31 4
6 12 2
36 24 1
6 47 4
31 40 3
43 44 1
3 14 2
41 31 3
28 14 4
33 3 1
47 9 2
7 45 3
42 2 3
27 31 1
20 23 3
16 38 4
25 29 4
33 12 4
31 34 4
36 49 4
16 27 4
32 18 2
9 45 1
17 4 3
25 36 4
39 45 3
37 9 4
34 9 3
22 39 1
14 10 1
40 2 3
28 12 2
19 0 2
27 33 4
39 44 4
30 20 2
45 28 3
0 12 1
29 47 2
11 22 4
47 44 3
1 40 1
41 21 1
7 21 2
32 35 4
36 37 2
14 20 3
14 35 4
5 21 2
44 48 4
35 26 2
49 26 2
25 14 3
19 36 1
34 24 1
19 15 2
49 19 3
27 21 1
5 47 1
28 47 4
43 8 4
36 42 1
15 49 2
37 33 4
24 6 3
49 39 1
5 49 4
39 21 2
44 38 1
13 26 2
38 14 3
41 4 4
4 46 2
31 33 4
9 29 3
29 10 2
31 12 3
25 9 1
23 2 1
19 47 1
41 10 4
30 2 3
15 31 1
8 36 3
36 20 1
11 28 1
37 49 3
35 41 3
9 49 2
30 33 2
48 7 1
7 36 2
8 45 3
5 43 4
0 4 2
16 1 2
48 37 1
20 11 3
30 43 4
21 48 1
16 9 1
34 43 4
1 36 3
45 21 2
2 7 1
14 43 2
35 25 2
49 31 1
40 8 1
47 2 3
39 35 4
37 40 4
47 49 1
8 20 3
30 36 4
28 48 2
13 20 3
8 42 1
8 47 3
20 44 2
44 1 3
39 11 2
2 16 4
36 45 1
33 43 3
3 18 4
32 46 1
26 14 2
29 42 4
34 13 2
26 10 2
42 11 3
30 41 1
21 33 2
49 38 2
11 14 4
3 9 1
0 17 4
33 8 1
22 30 1
30 47 1
0 38 4
9 39 3
41 48 1
33 28 3
1 3 2
12 16 2
19 26 3
5 38 4
46 31 1
17 8 2
25 30 2
36 23 3
10 31 3
19 38 3
15 47 3
39 41 3
7 0 4
41 37 3
10 38 3
38 22 3
27 5 2
13 43 2
42 7 2
20 21 3
14 16 3
5 28 2
0 24 1
9 5 1
32 30 4
36 35 4
46 34 3
22 21 2
10 27 1
28 49 1
8 13 4
29 11 1
19 11 3
39 3 1
5 3 1
7 17 2
12 2 2
49 14 2
48 5 1
0 30 3
42 5 1
45 37 2
29 20 3
24 18 2
25 21 4
7 4 2
6 13 2
19 23 4
45 38 2
39 7 3
40 28 4
24 39 3
23 29 2
14 41 4
32 5 2
42 44 1
43 10 3
28 0 2
22 7 3
1 27 2
31 32 3
39 18 2
26 44 4
42 18 4
3 24 1
1 9 4
23 15 4
47 48 4
23 32 4
7 20 2
36 9 3
43 12 4
1 23 2
12 11 1
17 3 4
14 39 3
20 24 2
33 46 2
36 15 1
24 48 2
28 21 3
13 40 1
37 44 4
22 0 1
46 25 1
36 18 3
36 28 4
16 23 4
3 8 3
17 48 3
14 19 1
19 43 3
46 39 2
15 40 2
26 24 2
47 46 3
22 20 4
2 41 2
6 30 4
21 11 2
49 24 2
43 38 4
34 40 3
35 46 2
45 11 1
8 9 4
37 46 3
35 15 2
5 19 1
49 8 2
