1213 50
0 14 6
14 22 5
22 41 2
14 38 9
0 46 3
41 17 7
41 27 5
46 5 7
41 35 8
38 20 9
46 37 6
14 34 6
46 25 1
22 21 4
38 40 9
46 45 9
21 42 9
35 44 9
5 49 5
22 26 1
49 47 3
26 1 9
45 18 1
44 28 5
14 19 2
20 48 3
0 24 1
0 11 1
27 16 2
19 4 1
19 9 3
20 36 8
11 3 3
3 29 2
1 33 8
25 15 8
16 7 4
41 30 9
11 43 5
26 12 6
45 39 3
43 10 8
21 31 6
24 8 8
33 2 3
2 32 2
42 13 3
11 23 8
33 6 8
25 35 1
23 42 4
14 24 4
43 1 2
47 32 3
0 33 3
11 20 1
32 15 4
48 39 4
30 45 1
7 2 4
20 6 2
27 0 4
43 2 1
49 31 1
46 40 1
46 43 2
17 30 2
17 24 1
19 28 1
8 31 2
10 4 3
31 5 2
34 26 1
45 20 4
6 46 1
33 20 4
19 30 2
14 20 1
34 24 1
22 40 3
39 11 2
30 10 3
46 35 1
24 33 4
34 13 3
23 37 2
17 32 4
42 6 3
24 44 4
48 46 4
28 43 1
46 30 1
28 29 1
27 25 2
42 35 1
6 19 1
9 3 4
20 35 3
40 14 1
37 18 2
1 21 4
26 5 4
23 21 3
22 43 4
40 28 4
9 12 2
12 7 3
1 17 4
13 16 3
8 20 2
39 37 2
23 40 3
7 14 2
29 40 1
29 12 1
5 14 2
26 17 4
27 37 2
26 6 2
17 4 3
5 33 2
34 37 1
37 45 3
8 12 4
6 12 1
9 7 1
28 49 1
1 38 2
23 5 4
28 22 1
44 36 1
41 4 4
22 17 3
35 21 1
47 26 1
2 15 3
34 11 4
27 17 2
13 14 3
19 11 2
13 22 3
21 13 2
45 21 2
39 10 2
48 49 4
7 17 1
9 30 2
46 1 1
49 24 3
21 2 1
20 23 2
21 44 2
32 20 2
10 14 1
7 18 1
20 49 3
24 3 4
1 34 3
37 2 3
44 0 4
45 11 4
36 28 2
18 28 2
49 44 1
16 49 2
46 36 4
35 47 2
36 41 3
38 15 3
45 4 1
2 14 1
3 23 3
15 49 2
48 21 2
17 29 3
3 41 3
49 4 2
16 19 1
42 49 2
10 19 3
37 35 1
41 48 1
40 32 4
12 31 3
1 7 4
24 12 2
3 15 2
19 41 4
42 46 4
42 4 2
31 0 3
17 48 1
5 18 3
13 15 3
21 20 3
15 40 3
21 11 3
10 9 3
48 2 2
36 34 2
44 33 3
10 15 3
24 40 4
8 15 3
9 5 1
21 46 2
12 19 2
8 11 1
30 44 2
36 48 3
15 11 3
4 46 3
32 48 1
32 13 4
15 36 1
25 5 1
40 2 2
4 6 2
28 33 2
47 13 2
43 41 2
5 41 3
12 14 1
27 4 2
21 25 2
38 30 2
5 30 2
0 28 3
1 0 3
42 11 2
29 16 1
24 19 2
39 5 2
48 33 2
41 29 2
27 28 1
16 36 2
45 3 1
34 41 3
35 38 2
26 24 3
18 48 4
44 3 4
49 43 1
33 25 4
6 9 4
35 29 4
2 3 4
10 6 4
15 29 3
25 4 2
9 13 3
4 1 3
31 42 4
33 19 4
1 42 1
41 38 2
23 26 1
34 47 4
17 14 3
6 25 2
18 33 1
37 49 3
3 21 2
41 23 2
10 46 2
42 37 2
15 44 3
9 24 4
37 14 4
27 30 2
12 32 3
9 37 3
26 14 2
2 4 3
45 13 4
2 46 2
37 19 1
15 27 1
32 5 3
32 3 2
45 42 2
25 19 1
1 35 3
21 14 1
22 44 1
41 15 2
44 46 4
14 41 3
22 32 4
0 8 1
36 4 2
19 23 4
28 4 1
27 1 1
36 10 2
41 26 4
4 12 4
19 13 4
11 17 1
20 43 1
0 22 4
24 45 3
19 47 2
37 31 3
28 46 4
8 10 3
3 16 1
19 34 3
17 34 1
13 12 2
27 14 2
23 38 4
26 39 2
36 33 3
10 17 2
41 32 3
6 14 4
0 48 2
12 5 4
46 47 3
6 45 1
23 32 4
7 25 2
0 42 1
36 11 1
33 14 2
40 34 2
48 22 4
47 29 4
38 16 2
17 44 1
16 18 4
0 23 1
36 8 1
32 8 2
43 0 3
46 16 3
30 16 4
26 18 4
8 38 2
0 12 1
45 25 3
10 34 1
0 36 4
17 49 2
42 33 1
33 40 1
15 34 1
38 18 3
10 33 1
1 39 2
28 12 2
2 45 3
40 13 2
1 41 3
46 12 2
30 33 1
22 35 1
21 37 2
11 29 2
30 25 1
37 5 1
4 20 2
3 30 4
15 19 2
29 48 4
23 16 3
12 30 1
7 21 2
36 24 4
27 7 4
40 10 4
3 28 4
28 1 4
43 37 3
36 30 3
18 41 1
20 24 4
30 39 4
8 35 2
31 1 2
9 26 4
25 3 3
5 3 1
7 6 1
39 12 1
41 46 1
41 37 1
47 31 3
11 35 3
47 36 2
10 32 2
13 1 2
4 23 3
46 14 3
23 44 1
48 37 1
20 1 3
7 37 1
18 22 2
26 29 1
8 44 1
26 33 3
44 47 4
28 32 2
40 35 1
31 17 1
20 9 4
20 2 4
12 15 1
31 22 2
40 43 3
13 49 2
25 36 3
20 44 1
16 34 4
7 48 3
39 6 2
1 29 1
45 41 3
46 3 3
0 32 1
5 36 2
4 8 3
35 30 1
40 0 2
31 26 1
1 6 3
30 18 3
30 37 2
6 49 3
37 16 1
6 28 2
34 21 1
47 1 3
7 45 3
9 23 3
31 35 2
47 7 4
26 37 3
18 0 3
23 13 3
31 2 1
31 29 4
14 15 2
33 9 2
12 22 2
15 16 1
26 32 4
43 45 4
13 44 3
48 4 4
11 18 1
27 24 1
2 44 4
44 42 2
38 44 2
18 19 1
25 40 3
5 48 3
21 26 4
42 32 1
31 7 1
11 41 3
10 1 2
6 16 1
30 6 2
5 8 1
18 12 1
8 23 3
29 14 1
30 29 3
35 18 2
5 34 1
23 28 3
30 4 1
13 33 4
12 48 2
43 29 1
39 31 3
6 11 2
13 28 3
48 27 2
29 38 2
32 24 3
25 48 4
7 0 1
13 8 1
27 39 2
5 16 1
40 36 3
5 19 4
7 22 2
26 11 2
11 33 4
21 0 3
34 12 3
8 34 4
44 48 3
43 38 1
12 37 2
23 25 4
0 17 1
41 25 3
42 16 2
13 20 3
26 3 4
14 32 4
18 27 1
38 28 4
8 26 3
20 18 4
9 39 4
23 33 4
3 34 3
37 28 1
7 49 1
31 33 1
22 15 4
39 17 2
24 46 2
1 40 1
27 35 2
27 32 4
14 9 1
0 41 1
9 4 2
22 2 1
15 47 1
37 8 4
47 16 3
45 27 1
41 42 2
26 10 1
25 32 2
39 25 2
10 2 3
17 18 2
47 20 4
9 17 4
29 49 1
28 20 4
34 20 3
44 26 3
9 1 2
13 3 1
43 12 2
10 49 3
28 42 2
18 46 3
23 1 1
17 6 1
20 12 4
37 3 2
11 40 2
13 36 3
5 20 2
7 11 1
4 21 2
2 16 3
1 12 4
48 10 2
4 7 1
3 10 1
6 34 2
48 31 3
28 16 1
27 49 2
15 5 1
2 27 4
36 49 2
11 30 4
23 15 4
40 20 4
47 39 2
0 30 1
27 13 3
33 46 3
24 7 4
44 32 3
48 13 2
8 47 2
13 5 2
17 43 3
39 49 3
32 39 4
18 9 3
34 46 3
6 23 2
13 10 1
16 41 3
13 6 2
18 39 1
23 18 2
45 33 4
1 49 2
38 48 4
21 10 4
13 17 3
42 47 1
5 29 4
21 18 2
4 0 2
31 28 3
16 26 4
4 32 3
9 29 4
38 12 1
0 6 4
30 42 4
48 11 2
13 31 2
7 28 4
34 39 4
27 47 3
12 17 1
29 13 2
37 13 4
17 19 1
24 35 3
0 25 2
11 28 4
46 22 1
16 48 3
42 7 4
16 17 4
15 45 4
18 34 4
17 23 2
13 18 1
24 43 2
49 8 3
7 34 2
29 37 4
3 33 1
8 29 4
37 40 3
36 27 4
11 2 4
22 37 1
10 35 4
11 13 3
38 17 3
30 22 1
30 40 2
16 22 2
33 12 1
14 39 2
29 34 1
14 28 2
41 21 2
25 29 1
28 30 4
4 34 1
17 47 1
0 5 1
9 11 1
39 13 1
47 18 2
17 8 4
9 16 4
28 5 4
46 31 1
1 24 3
47 30 4
29 23 3
37 6 4
31 45 3
23 43 3
27 3 3
3 39 2
22 5 3
9 45 1
18 1 3
3 43 4
18 8 2
35 28 1
34 44 3
9 47 3
40 41 3
31 38 3
34 31 2
38 34 2
9 44 2
2 29 4
38 26 2
1 25 4
10 22 1
2 39 2
45 10 1
23 47 3
5 45 2
7 13 1
42 14 2
31 32 2
49 41 4
15 4 3
21 29 3
1 44 4
46 39 1
0 45 4
25 8 3
2 6 1
1 30 1
41 28 3
25 49 2
32 29 1
23 46 2
31 19 4
48 1 2
16 43 4
33 47 2
20 22 4
9 35 4
21 8 1
24 6 2
38 21 4
16 8 3
23 34 3
39 16 4
47 48 4
34 25 1
44 11 4
43 35 3
15 46 4
10 16 3
7 43 4
6 31 3
15 30 2
39 24 3
11 16 1
32 43 2
3 4 1
47 25 4
4 26 2
14 36 1
11 27 3
11 5 3
43 36 3
13 38 2
23 2 2
19 27 4
45 19 3
17 3 2
23 45 3
47 38 3
35 23 2
14 4 3
16 0 4
17 40 3
19 7 3
13 43 4
32 45 2
26 27 3
25 16 3
20 25 1
8 43 4
1 2 2
21 39 4
2 28 4
43 31 3
25 17 3
23 12 4
11 12 4
46 32 4
39 36 2
22 23 3
27 23 4
21 16 2
25 31 3
45 34 4
20 17 1
14 49 2
43 15 1
29 42 1
26 49 1
6 8 1
17 2 1
45 29 3
35 48 3
47 2 4
32 19 2
10 25 2
11 49 4
24 18 2
30 32 4
12 42 2
48 19 1
14 3 2
9 8 1
26 30 4
36 2 2
16 14 1
20 26 3
43 30 4
38 36 2
33 27 4
1 16 4
20 16 3
38 46 4
22 42 4
2 5 1
25 44 1
0 26 2
48 6 4
32 49 3
12 27 2
48 15 4
5 42 4
41 20 4
38 19 1
26 25 1
5 4 4
7 35 3
49 40 1
5 21 1
49 3 3
16 24 4
49 34 1
21 27 2
38 5 3
14 25 4
38 45 3
27 29 1
33 32 4
4 31 3
12 3 1
41 9 3
10 0 2
8 30 4
8 14 4
0 3 3
5 40 2
49 22 4
34 35 3
5 35 4
4 22 2
32 16 3
37 0 4
30 24 1
24 48 2
2 42 3
34 2 1
20 0 4
7 41 2
47 4 4
47 6 2
25 24 4
26 13 1
14 30 4
20 42 1
36 23 4
13 46 3
11 4 3
1 15 4
1 32 3
9 31 3
33 29 3
40 47 3
30 2 3
18 36 2
32 37 1
9 2 1
9 38 2
46 49 4
8 40 4
22 29 2
29 36 2
11 24 4
39 41 3
9 42 3
36 21 4
26 15 2
48 45 3
38 3 2
26 43 4
25 9 3
38 25 4
44 37 4
12 41 2
29 4 1
26 40 3
36 7 3
10 11 4
31 11 4
22 3 4
34 28 4
9 22 2
41 33 4
43 5 3
15 31 3
49 30 2
34 30 2
7 20 4
13 0 2
0 2 2
14 18 2
24 29 3
35 2 3
13 4 3
24 41 2
5 17 2
8 7 4
27 34 3
13 24 1
14 11 3
1 19 2
10 29 1
48 23 4
47 41 1
8 1 4
2 19 4
18 43 3
23 49 2
47 24 1
18 15 4
40 18 3
1 22 1
24 28 1
12 36 4
33 35 2
39 40 4
34 42 3
7 10 2
33 8 4
3 20 3
31 20 1
33 37 3
12 16 4
0 47 4
3 36 4
38 33 4
12 35 4
3 8 1
24 10 3
36 22 1
29 19 1
36 1 4
44 12 2
41 13 3
15 6 2
22 11 3
2 18 2
34 33 3
27 46 2
10 41 4
30 7 1
10 37 1
33 49 3
48 30 4
44 7 4
32 38 4
15 35 1
35 26 4
5 44 2
47 37 3
37 25 4
42 3 3
37 17 1
20 10 1
19 22 4
43 14 4
33 22 3
44 41 2
6 41 4
30 31 4
8 42 3
38 39 2
19 36 3
34 48 2
25 22 4
43 33 2
22 6 2
42 10 3
31 3 3
20 37 1
43 27 4
47 28 2
22 47 1
18 29 1
4 44 3
17 15 2
10 31 2
34 9 4
36 26 3
5 27 2
47 45 4
6 43 3
36 37 2
14 45 3
9 0 1
14 1 2
38 11 3
2 26 3
18 49 2
36 32 4
18 25 2
9 28 3
27 20 2
46 19 1
38 0 4
2 8 1
22 34 3
28 39 1
21 12 2
3 40 4
10 23 1
39 0 2
6 44 1
43 42 3
27 22 1
30 13 1
39 33 1
24 37 3
40 48 1
32 11 2
36 9 4
15 20 2
24 21 1
39 20 3
38 4 2
20 46 3
35 16 1
0 29 3
10 18 2
8 45 1
22 38 1
44 43 2
23 7 2
15 33 3
42 26 3
25 11 4
46 29 2
46 8 2
15 42 2
15 7 4
28 45 3
49 0 2
27 10 3
47 43 1
30 20 2
8 19 4
14 44 2
44 19 3
5 1 1
18 4 1
11 1 2
9 21 4
49 12 1
35 19 3
26 45 2
20 19 2
47 12 1
6 38 2
42 19 1
43 39 3
22 24 1
38 10 3
49 19 1
31 27 1
2 38 2
40 44 4
5 47 3
15 0 3
4 37 2
17 33 3
31 16 3
42 48 4
32 21 3
35 4 2
35 3 4
31 36 1
33 7 3
40 21 3
9 27 1
9 46 2
23 31 2
31 44 3
45 36 2
47 11 2
18 44 3
39 42 3
34 0 1
35 32 3
6 3 2
7 40 1
49 35 4
35 13 4
21 15 3
45 16 4
26 7 3
6 40 4
7 39 1
19 43 3
8 28 2
40 16 2
27 40 2
36 17 3
29 6 2
19 3 3
29 44 2
7 29 2
39 8 3
7 32 4
1 37 2
28 17 3
25 42 2
3 18 3
39 23 4
25 2 2
45 17 2
41 31 1
23 14 1
24 42 2
38 37 4
47 3 1
49 9 3
24 2 1
21 17 3
23 24 3
18 42 1
8 41 3
48 9 3
43 34 3
7 46 1
28 48 3
48 26 4
21 28 4
49 38 1
25 43 3
44 16 3
39 15 4
8 48 4
14 35 2
12 10 3
6 36 3
6 18 2
19 21 2
39 44 3
46 26 3
32 34 4
4 16 2
6 5 3
6 32 4
2 41 1
39 19 1
18 32 2
43 4 1
49 21 3
42 40 3
4 24 2
3 7 3
18 31 3
40 12 4
22 8 1
35 36 3
26 19 1
6 35 3
47 14 4
43 9 3
44 45 3
24 5 3
17 46 4
42 27 3
22 39 1
25 12 4
45 12 2
31 24 2
36 42 3
10 44 3
9 40 2
25 28 2
29 39 1
20 29 2
27 6 2
4 39 3
45 1 2
11 46 2
7 38 4
26 28 2
15 37 2
27 44 4
28 10 4
12 2 1
6 21 3
42 17 3
38 42 2
2 13 2
31 40 4
17 35 2
3 1 3
10 5 1
30 21 4
35 45 3
40 4 3
16 33 4
33 4 1
15 28 2
31 14 2
35 0 1
7 5 2
45 40 2
38 27 3
10 47 3
24 15 2
40 19 4
2 49 1
43 21 3
49 45 4
48 43 2
3 48 1
27 8 4
