1213 50
0 6 9
6 11 3
11 47 7
11 22 1
47 26 6
26 7 8
0 32 5
32 19 5
11 21 9
7 10 2
0 40 5
32 13 2
22 36 5
32 27 1
47 34 9
21 33 5
13 43 1
21 1 7
10 48 2
13 30 7
19 12 7
32 23 4
48 4 1
1 49 6
47 20 3
23 17 1
49 42 4
4 14 5
34 5 4
43 37 3
26 28 6
30 44 9
26 35 6
43 3 4
17 31 2
28 8 8
6 39 3
34 18 9
49 9 8
23 38 1
17 45 5
43 41 5
47 46 4
22 2 4
42 15 1
7 25 1
44 24 7
35 16 2
28 29 6
39 8 2
4 11 3
44 46 1
35 7 2
18 30 1
43 25 3
7 22 4
49 23 2
10 17 4
46 0 4
23 30 1
11 28 3
27 12 3
44 10 3
37 19 1
36 27 3
49 34 1
45 47 1
9 35 1
3 11 2
45 16 3
0 3 3
22 32 1
1 20 4
24 37 1
34 27 3
15 14 1
21 27 1
15 16 4
4 28 2
29 5 3
42 34 4
4 45 4
7 32 3
21 8 2
23 14 2
24 2 2
21 43 4
20 19 4
38 8 3
41 35 2
24 16 1
13 48 2
18 39 2
23 26 4
20 22 4
48 19 1
38 42 4
18 41 2
30 3 4
7 40 2
20 34 4
25 11 4
2 38 1
46 10 2
2 34 4
24 20 2
12 6 2
42 29 1
43 18 2
30 38 1
11 34 4
43 29 1
49 38 1
28 7 3
18 10 3
17 46 2
20 33 4
21 46 4
16 37 3
2 28 4
36 0 3
41 31 3
25 39 3
5 7 1
40 24 3
18 49 1
22 8 1
1 8 1
33 9 4
1 6 3
48 42 3
16 20 1
28 19 4
33 45 2
41 2 3
7 11 4
8 2 3
43 49 3
32 40 4
40 21 4
42 10 4
48 12 2
16 49 2
33 2 1
38 15 4
27 24 4
7 46 2
0 20 3
32 21 1
18 48 2
47 49 3
18 19 4
7 0 2
19 49 1
41 14 1
32 4 4
20 11 1
27 3 1
31 47 1
9 1 3
14 32 2
28 43 1
14 5 2
38 37 3
24 3 3
21 6 3
44 35 1
26 12 3
33 1 1
26 6 4
41 38 2
21 44 2
29 39 3
12 30 2
44 42 4
42 39 1
25 40 1
32 2 2
11 33 3
40 13 4
0 14 4
15 7 2
13 28 2
9 13 4
34 16 4
26 31 4
44 32 4
11 26 3
11 5 2
41 46 3
28 30 2
5 26 4
21 41 1
39 11 4
18 20 4
33 4 2
11 37 1
7 41 4
5 48 4
22 21 2
41 11 3
12 7 2
49 20 1
0 24 3
29 7 2
40 12 2
16 11 1
8 40 1
24 23 2
16 17 4
37 36 4
20 15 4
11 27 4
25 18 1
41 10 2
6 20 4
14 11 3
44 41 4
35 39 2
33 8 2
37 20 4
49 4 2
44 15 4
22 45 2
9 12 2
5 47 1
21 45 4
44 5 1
48 2 2
27 37 4
0 44 2
25 47 3
30 26 1
48 15 3
23 4 2
3 40 3
44 27 4
7 8 3
19 1 4
48 33 2
25 49 1
26 46 4
29 35 4
31 48 4
48 36 1
4 35 4
35 43 4
35 23 3
34 9 3
22 17 2
21 9 1
48 46 3
42 8 1
25 10 2
16 31 4
18 17 1
49 32 2
8 20 1
43 8 3
39 34 1
29 11 4
17 40 2
29 10 3
13 31 1
7 31 1
33 35 2
38 3 4
48 0 1
34 44 1
11 0 4
31 19 3
3 6 4
42 30 4
0 33 2
18 35 3
44 25 2
20 14 4
10 14 4
47 33 4
43 31 1
36 20 2
43 36 2
24 38 3
25 45 2
0 22 2
24 29 4
9 8 4
47 0 2
17 2 1
17 33 2
0 2 4
16 46 3
42 18 2
31 25 2
29 48 4
48 1 2
35 0 1
16 30 3
18 31 2
15 13 2
20 28 4
37 8 3
44 8 1
19 22 1
30 47 2
6 19 2
18 5 1
3 17 2
39 0 2
10 38 3
1 10 3
47 38 3
19 29 3
35 47 1
26 40 2
8 35 1
28 10 2
8 10 1
27 45 4
22 18 1
13 41 4
22 27 4
0 17 2
0 41 2
46 43 2
40 38 2
43 22 3
33 25 3
1 0 4
38 27 1
35 28 3
20 30 1
21 35 3
16 36 1
9 27 1
3 25 3
36 38 2
5 15 2
18 11 1
11 9 1
45 11 4
38 25 1
23 21 3
31 2 3
5 35 4
5 42 4
37 23 3
39 14 3
49 41 1
48 8 1
7 47 1
10 0 4
36 33 4
6 2 3
6 47 3
39 36 3
22 35 3
16 9 2
40 35 4
8 36 3
1 45 3
49 45 3
17 48 4
40 2 4
38 32 1
41 19 4
2 47 3
0 12 2
41 5 3
42 33 4
5 43 3
18 7 4
31 34 3
28 46 1
24 26 4
29 2 3
6 18 3
33 29 1
11 36 3
1 39 3
13 38 2
35 38 3
12 18 3
6 46 4
24 42 4
23 29 2
20 7 2
43 30 3
14 19 2
41 47 1
24 12 1
4 44 4
42 40 4
34 22 3
41 9 3
14 1 1
45 15 2
42 14 2
24 10 1
27 40 1
17 27 2
37 45 1
40 4 2
29 20 2
14 31 3
37 26 2
6 25 4
14 24 1
40 49 3
18 16 2
46 29 4
30 24 2
3 1 4
42 26 1
27 49 4
32 10 4
18 0 1
23 8 3
5 25 2
9 6 4
10 11 4
3 29 2
4 20 1
12 21 4
48 16 1
7 4 1
18 8 1
38 33 3
1 30 3
10 31 4
15 10 1
23 34 4
3 31 2
22 26 1
12 14 1
44 7 4
38 17 1
47 15 4
39 41 2
48 22 3
22 28 2
17 21 2
31 20 2
41 48 3
9 7 3
11 35 3
25 29 4
42 9 1
24 28 2
36 9 4
30 22 4
29 12 2
36 45 1
38 1 1
46 1 1
28 37 2
28 48 2
39 19 2
3 36 4
31 30 1
14 40 4
26 15 1
46 24 3
10 3 3
8 19 4
35 24 1
40 44 1
47 4 4
6 22 1
3 37 3
49 12 1
39 40 1
9 24 2
0 5 4
32 30 3
15 18 3
26 17 1
34 10 2
12 15 4
29 9 3
27 1 2
8 5 4
36 1 4
7 1 3
23 0 1
16 40 4
28 38 3
40 19 2
14 34 4
30 11 4
20 10 4
8 47 2
16 39 3
30 48 1
9 47 3
34 41 4
12 11 4
26 34 1
42 23 2
16 28 3
12 45 1
15 34 4
7 45 3
44 2 2
28 39 3
15 41 2
12 44 3
27 10 4
26 21 4
24 15 4
21 0 1
28 0 3
27 26 3
4 43 1
24 13 4
29 36 2
9 30 3
12 32 3
42 19 1
4 25 1
29 21 3
19 13 3
41 25 4
12 38 2
32 25 3
32 15 2
28 15 3
49 48 1
1 11 1
6 32 3
2 3 3
7 2 4
24 4 1
27 5 1
33 41 1
37 32 2
39 17 1
41 24 1
36 46 4
32 9 3
38 46 2
40 20 4
22 25 4
18 26 4
45 0 1
40 29 2
8 46 4
45 14 3
24 33 1
12 2 3
42 37 3
14 2 3
17 1 3
44 19 2
42 32 2
37 5 3
46 22 3
12 33 1
11 38 1
47 29 2
35 1 3
20 21 3
0 15 3
3 12 2
14 8 1
25 27 3
31 29 1
18 9 3
39 44 4
23 15 1
18 4 4
17 14 3
16 26 1
26 39 3
20 41 3
42 0 3
19 17 4
47 19 4
11 32 4
48 24 4
3 47 2
37 25 3
33 43 4
49 31 3
47 13 1
27 43 1
17 42 2
3 32 4
47 1 4
39 23 1
6 42 1
16 29 1
21 49 3
18 2 3
39 20 2
19 5 3
1 16 1
19 23 4
9 43 3
7 17 3
1 44 2
16 3 1
17 36 3
10 37 4
41 26 1
21 47 3
20 13 4
45 26 4
48 34 2
8 41 3
27 16 1
18 29 4
1 40 2
5 46 1
28 3 1
44 45 2
47 18 4
29 1 4
46 45 3
47 27 4
9 46 4
13 0 4
29 27 1
2 49 1
6 7 3
14 7 4
25 16 3
18 27 1
7 48 3
37 0 3
25 2 2
49 28 1
6 35 3
22 13 2
6 48 4
0 25 2
39 13 1
26 49 2
39 45 1
34 17 4
43 0 1
2 13 4
48 43 4
39 33 2
7 43 1
35 3 3
42 20 4
4 34 2
2 23 1
37 39 1
14 37 3
29 13 3
17 9 1
36 28 4
3 13 4
36 7 1
5 4 3
11 40 1
3 21 2
10 5 2
45 42 1
5 17 4
3 22 2
42 47 2
26 0 4
32 45 1
45 24 3
32 39 2
30 45 4
22 14 2
23 41 1
4 42 4
34 33 2
31 22 1
23 28 4
12 34 1
5 2 1
23 11 3
17 41 3
27 42 1
46 13 4
40 10 2
47 17 4
29 15 3
8 11 2
11 13 3
35 32 2
36 6 3
2 1 4
41 37 2
3 9 3
15 30 1
49 0 2
30 21 2
48 35 4
49 35 3
40 28 4
32 41 3
48 44 1
24 36 2
24 21 4
30 0 3
16 14 3
21 34 2
11 31 3
10 23 1
42 22 3
25 35 4
16 2 1
46 14 2
46 31 2
37 44 3
0 38 1
36 40 3
13 16 1
44 16 2
34 0 4
8 27 3
20 27 4
34 3 2
3 45 3
30 4 4
30 40 2
13 27 2
13 37 3
21 28 3
33 31 4
5 45 3
46 18 3
22 9 3
22 16 3
24 22 3
13 44 4
45 13 1
49 7 4
6 5 4
27 4 1
5 12 1
34 8 4
19 26 1
43 16 4
0 31 3
28 18 2
36 34 4
8 17 3
11 44 2
7 38 1
26 38 1
46 39 4
14 44 2
10 26 3
49 17 3
44 3 2
30 29 4
38 4 4
13 25 4
34 6 3
30 14 2
13 4 4
37 12 2
45 28 4
18 36 2
20 45 1
40 6 1
7 34 4
49 13 1
46 2 1
24 32 4
49 44 3
27 31 3
20 26 4
12 1 1
13 21 1
3 8 1
1 34 1
22 40 1
26 14 2
46 33 2
18 21 2
43 42 2
23 12 3
3 46 2
25 34 2
1 23 1
38 29 3
14 35 3
32 34 4
22 1 3
13 6 2
28 33 2
40 5 2
38 44 2
49 24 4
23 3 3
25 26 3
47 37 3
3 19 1
2 11 4
14 47 3
20 17 3
1 43 2
32 18 1
24 18 3
43 15 4
14 25 4
19 15 3
31 44 3
17 32 2
24 6 3
38 16 4
36 23 1
14 18 1
32 20 2
16 12 4
21 19 4
23 33 1
33 3 1
30 7 1
27 35 1
3 42 4
39 12 2
13 17 3
7 23 2
33 22 1
39 22 4
29 37 1
32 31 1
5 32 1
42 11 2
34 43 1
49 29 1
43 17 2
10 45 1
24 31 4
24 8 2
39 31 1
26 44 4
8 45 1
46 20 3
6 33 2
37 40 4
27 6 1
49 15 3
39 43 1
31 38 4
37 49 4
17 12 4
16 10 4
40 31 1
46 40 1
9 20 1
39 7 4
18 3 1
43 38 2
43 20 4
42 41 2
12 35 1
39 24 4
23 45 3
9 14 1
28 44 4
6 8 4
15 31 4
21 2 4
31 12 4
6 28 2
42 12 2
47 48 1
0 9 4
4 39 4
22 49 4
12 25 2
32 8 4
39 5 1
23 6 2
37 34 4
35 30 2
9 28 4
44 22 2
16 41 1
38 20 4
44 9 3
30 19 4
7 13 2
15 4 2
16 47 3
42 21 3
49 14 3
19 4 4
13 34 3
24 19 1
16 0 4
29 6 1
30 2 3
6 4 4
41 27 2
19 43 1
7 37 1
18 33 4
19 11 1
32 47 4
36 31 1
22 5 4
44 18 4
16 6 3
40 23 1
4 22 2
15 33 4
28 17 4
24 7 3
26 32 4
0 29 4
48 20 1
6 17 2
36 12 1
10 13 4
20 23 2
27 23 2
8 29 1
22 10 4
47 22 4
21 14 1
3 26 3
7 21 3
19 35 1
48 21 2
14 33 2
4 12 4
36 47 1
43 32 2
15 36 2
20 25 4
45 48 4
16 7 2
35 45 2
30 10 4
5 36 4
25 36 2
26 4 4
1 26 1
9 5 3
33 30 3
48 38 3
27 28 3
21 5 3
44 17 4
10 21 2
16 33 4
14 3 3
13 26 4
9 48 2
38 34 2
43 24 4
29 34 3
46 49 2
4 9 1
9 15 1
46 35 1
45 29 4
37 9 4
1 13 1
35 10 2
1 31 1
32 46 3
25 23 1
27 15 3
31 45 4
8 15 2
4 2 2
48 23 3
39 9 4
21 36 2
19 7 2
4 3 1
46 4 1
16 19 1
37 48 1
17 11 1
32 16 4
10 4 2
23 16 1
49 36 4
19 46 2
0 4 4
17 30 2
22 38 4
39 30 4
32 48 2
36 26 2
1 42 3
27 46 4
19 33 3
33 40 2
30 37 2
12 28 2
33 7 1
1 28 1
12 47 1
49 11 3
15 6 4
39 47 3
26 29 1
40 18 3
31 6 3
9 23 3
27 30 2
40 41 1
4 36 2
46 11 3
39 49 4
21 4 2
36 2 3
25 21 2
4 41 3
1 25 4
5 13 3
22 37 1
6 38 1
17 25 2
33 44 2
27 7 4
35 20 1
6 49 4
48 40 1
2 39 4
6 41 1
38 21 3
10 49 2
37 6 1
5 1 3
26 48 2
40 47 2
11 43 1
26 2 1
41 36 2
3 39 2
33 10 3
22 29 3
45 34 3
10 12 1
45 18 2
46 37 3
2 20 1
9 31 3
13 14 3
26 33 4
13 35 1
35 31 3
5 28 3
42 2 3
2 43 4
47 43 2
1 24 4
10 39 3
43 14 1
30 6 3
9 25 1
19 10 1
14 28 2
36 30 2
6 45 3
40 43 2
2 15 3
44 6 3
41 28 4
17 29 3
9 26 2
19 9 4
42 25 2
27 19 3
45 41 3
16 5 2
8 0 2
1 15 4
23 18 4
4 29 1
6 43 4
13 33 3
20 44 4
31 23 2
4 17 1
0 27 3
18 38 4
12 20 4
13 8 2
10 6 4
36 44 1
22 41 2
35 15 1
41 3 3
28 34 4
19 25 1
25 48 3
8 31 1
31 28 2
43 44 1
3 15 4
5 33 4
16 21 4
31 4 3
16 42 3
5 38 2
37 31 3
10 2 3
15 21 4
35 36 3
44 23 2
34 40 2
16 4 4
46 30 2
12 43 4
34 19 4
31 5 2
46 12 3
21 37 2
48 3 1
29 14 2
3 5 4
22 12 2
46 25 2
23 13 4
37 17 4
43 45 3
24 5 4
44 47 1
32 28 3
28 25 2
11 48 4
9 40 3
40 15 4
44 29 2
41 1 2
8 49 3
35 42 4
36 10 3
47 23 2
23 22 1
15 39 3
24 17 1
28 42 2
17 15 1
38 19 3
42 36 3
14 6 2
37 33 4
33 27 2
45 9 3
28 47 4
27 14 3
39 27 2
38 9 4
36 32 1
33 49 4
23 46 4
30 49 4
20 3 3
32 29 4
4 8 1
29 41 2
25 15 3
11 15 3
21 39 4
24 25 2
27 2 3
18 13 1
23 5 1
41 30 4
26 43 2
32 33 4
47 24 1
26 8 3
35 37 1
8 16 4
8 25 1
3 49 2
2 37 4
45 38 2
35 34 3
32 1 4
42 13 2
48 39 4
12 8 2
4 1 4
43 23 2
48 14 1
0 19 1
46 42 1
36 13 4
36 19 4
2 19 3
12 41 3
14 36 2
7 42 1
27 48 4
7 3 4
1 37 3
35 17 1
2 45 2
10 9 1
14 38 2
18 1 1
15 37 3
12 13 2
38 39 3
24 11 3
5 49 1
46 34 4
2 9 4
30 8 2
5 30 1
31 21 2
25 30 3
47 10 3
