1213 50
0 20 2
20 41 7
41 30 9
41 40 9
0 37 6
37 9 9
41 18 8
37 25 6
0 6 5
6 31 2
25 23 9
20 45 1
20 8 9
30 35 2
0 11 1
25 7 9
40 10 3
0 42 6
31 44 1
25 3 5
40 22 1
7 24 3
35 14 1
10 12 9
12 36 2
44 5 8
37 33 6
7 16 6
12 32 2
22 26 5
33 21 8
42 19 6
5 4 3
11 28 1
0 17 6
20 49 5
5 38 5
3 43 1
17 27 4
42 15 2
28 29 1
15 34 3
15 2 9
41 13 4
15 48 7
15 46 6
25 1 8
18 47 5
3 39 7
19 33 1
25 26 1
9 10 2
32 46 2
15 43 4
14 28 1
40 23 1
40 27 2
23 24 4
43 35 1
37 40 4
33 45 4
11 44 3
24 32 2
43 47 2
13 30 3
21 31 1
14 29 2
24 33 3
3 42 3
19 49 2
1 18 3
18 38 3
44 32 3
11 29 4
25 4 1
18 13 4
27 31 4
45 26 3
3 24 1
18 0 3
7 15 2
26 23 2
14 46 2
16 11 1
37 26 4
46 21 2
20 21 4
21 39 3
14 6 1
49 11 3
17 39 1
29 21 3
1 49 1
26 8 4
33 25 4
46 23 2
22 45 3
17 10 2
35 25 1
8 11 2
14 38 3
28 1 1
16 23 2
9 5 2
6 35 2
24 37 1
33 17 1
8 21 4
23 29 2
44 30 1
4 30 4
30 34 1
25 44 3
29 47 4
28 8 3
16 45 3
38 48 2
42 45 4
32 13 2
15 26 3
21 22 1
48 45 4
44 47 3
45 9 1
20 29 2
6 23 2
44 9 3
25 30 3
35 11 3
31 28 3
28 22 3
7 8 1
49 16 3
2 39 1
16 41 3
28 9 3
24 48 4
39 24 2
36 2 3
22 8 3
32 25 4
47 0 2
36 19 4
32 33 4
33 40 2
34 35 3
13 26 2
29 43 1
2 43 1
12 29 1
11 24 1
19 39 2
36 3 3
20 28 4
11 14 1
39 13 4
34 48 1
12 33 3
0 10 3
9 40 1
25 38 3
0 44 3
43 39 2
37 49 2
15 14 4
26 0 2
0 13 3
8 41 4
38 9 4
48 13 2
34 17 3
16 4 3
26 44 2
36 35 2
41 25 1
31 35 3
7 43 2
28 45 2
46 33 4
9 13 3
49 6 3
9 26 1
17 37 1
1 48 1
15 16 2
18 23 2
41 19 3
46 27 1
12 45 1
39 15 1
20 37 2
49 41 2
35 8 3
27 14 2
24 1 4
4 23 3
26 31 1
10 19 4
32 4 3
6 28 2
22 33 3
34 1 3
6 12 3
9 14 1
31 42 3
46 39 3
27 8 4
20 3 3
8 2 1
22 6 4
40 6 3
31 38 4
6 24 4
16 1 3
35 2 2
30 9 2
28 7 2
40 20 4
38 33 3
3 1 2
30 2 3
38 20 3
9 36 2
4 0 3
17 24 1
13 46 4
1 7 2
40 36 1
30 31 1
12 35 2
47 28 1
8 4 4
2 37 4
29 33 4
34 8 4
3 27 2
6 1 1
13 10 1
37 19 1
4 41 4
44 14 4
39 48 2
43 6 2
28 34 1
28 32 1
35 17 1
19 5 3
36 47 2
0 27 4
30 28 3
20 1 1
15 8 2
3 4 1
29 49 2
27 10 2
21 4 2
14 7 2
7 46 4
31 9 1
29 4 2
30 49 1
11 26 4
46 42 1
2 28 4
45 41 3
25 18 2
20 23 1
22 11 2
44 49 2
39 12 4
46 38 1
40 24 1
13 22 2
16 32 1
19 13 4
34 18 1
1 30 3
41 14 4
46 25 3
12 26 2
7 6 1
36 16 4
8 25 1
41 44 3
11 1 2
7 13 2
33 43 1
20 32 4
15 3 1
36 22 4
28 40 2
38 8 4
33 27 3
19 0 1
2 48 4
8 17 1
32 38 2
22 3 3
39 8 1
14 40 1
4 49 3
2 33 1
21 26 2
29 41 2
31 41 3
9 4 1
40 42 4
39 0 2
8 30 2
22 15 1
14 18 1
48 49 2
42 28 1
3 40 4
33 0 4
16 18 2
37 45 3
22 47 1
40 4 1
9 8 3
11 39 3
10 24 2
37 10 3
15 30 4
41 0 2
5 40 1
27 49 3
43 30 1
30 38 4
12 34 3
8 48 3
17 45 4
34 6 3
20 2 3
6 27 2
49 35 3
42 36 4
46 19 1
6 18 3
21 6 3
13 45 1
4 19 3
24 38 2
30 42 4
8 18 4
35 41 2
45 23 1
28 16 2
31 20 1
18 42 2
25 29 1
2 44 4
37 36 1
15 37 1
10 3 4
39 1 3
22 24 2
2 38 1
39 49 3
29 1 4
48 36 4
19 24 1
10 34 1
37 30 3
29 7 3
20 36 3
44 39 2
1 10 1
48 4 2
26 40 1
24 44 4
5 42 1
36 41 2
6 11 2
29 22 3
6 19 3
15 12 1
21 41 3
31 23 1
4 43 2
41 47 2
39 10 4
22 42 3
43 28 1
19 3 3
25 5 3
48 40 2
23 37 1
3 34 3
47 16 3
36 45 3
18 15 1
13 42 2
36 7 4
17 13 1
13 29 1
47 5 2
34 22 1
11 19 3
29 19 3
27 29 3
5 28 4
4 6 3
41 48 3
47 25 1
46 12 4
9 7 3
5 17 1
46 37 2
34 2 3
23 38 2
45 32 1
34 39 4
38 40 1
7 48 4
28 27 3
48 46 3
28 24 4
30 3 4
0 21 2
22 1 2
22 4 1
22 7 2
32 2 4
26 14 1
11 46 3
26 48 1
1 4 2
45 8 2
15 33 1
7 10 2
23 8 4
43 13 3
19 43 3
22 18 4
13 34 1
16 20 2
11 37 3
7 5 1
35 47 3
1 33 2
2 42 3
44 34 2
21 2 4
41 32 2
31 22 2
48 22 4
10 8 4
4 14 1
38 44 1
38 17 4
45 43 3
0 46 2
41 15 1
26 39 2
46 36 2
43 11 4
18 7 2
34 49 3
27 25 2
22 43 4
20 47 3
44 22 1
47 6 4
10 16 1
37 35 2
28 15 4
24 26 3
46 6 2
21 43 3
32 36 1
40 47 1
22 19 3
32 27 2
24 0 4
19 7 1
29 31 4
18 37 1
24 2 4
9 32 2
41 10 1
22 27 1
31 18 1
1 19 1
17 30 4
21 42 2
2 25 1
19 28 4
13 44 4
49 45 4
3 46 4
30 0 3
23 1 3
35 19 3
25 14 1
14 32 2
17 18 2
49 46 1
42 39 4
46 44 2
0 2 2
13 3 1
37 44 4
32 31 1
12 42 3
21 35 1
10 22 1
3 29 3
33 6 3
37 27 4
30 36 1
20 6 4
17 31 1
12 22 1
22 38 1
23 33 2
48 43 1
7 23 3
24 49 1
47 33 4
15 35 1
13 38 2
22 30 1
38 7 4
48 35 3
5 23 3
19 44 3
41 22 1
7 42 2
1 12 1
31 4 1
15 13 4
8 46 2
42 38 3
15 40 1
5 16 2
44 1 4
14 19 4
9 27 1
47 32 1
35 20 4
40 13 4
3 44 4
49 0 3
36 31 2
36 4 3
24 42 4
17 25 1
5 2 2
30 39 4
39 4 1
7 0 2
15 6 1
21 12 2
41 37 4
43 36 4
0 28 4
16 0 3
12 14 3
47 39 3
32 0 1
29 32 1
7 11 2
43 40 1
18 30 1
6 41 3
37 39 4
0 45 2
24 46 1
14 16 3
10 32 4
39 33 4
18 24 3
25 39 3
32 49 4
33 4 3
10 28 3
42 17 1
44 7 3
48 29 3
28 23 2
29 45 1
25 20 2
2 45 3
41 24 2
26 10 3
2 9 3
30 27 1
28 12 1
19 2 2
34 11 4
34 32 1
40 12 4
11 15 4
5 3 4
14 45 3
48 17 4
36 10 1
12 7 3
19 25 2
45 25 4
37 32 3
33 42 3
27 16 3
26 46 3
16 30 2
30 26 3
25 0 2
47 4 2
16 37 3
38 28 3
7 35 2
24 20 2
36 34 1
16 21 4
11 23 3
34 38 3
25 16 3
5 1 4
42 20 3
14 22 2
12 20 3
32 8 2
11 45 1
11 2 3
15 1 1
43 42 4
33 36 3
35 46 3
27 39 3
18 43 3
1 37 3
46 30 1
42 8 4
28 25 3
17 11 1
25 21 3
2 47 3
23 34 4
16 22 3
45 10 4
1 38 3
34 45 3
46 9 1
38 26 3
18 2 4
12 17 4
11 32 3
16 42 4
30 14 4
13 36 4
19 34 1
11 36 1
31 12 3
14 8 1
6 3 4
15 17 1
14 47 1
13 37 2
21 38 1
9 24 2
0 36 2
28 33 1
14 39 4
47 3 4
12 9 2
34 37 3
37 48 1
1 41 3
16 12 3
38 16 2
30 5 4
49 23 4
31 25 3
4 45 1
11 18 1
47 15 4
9 29 1
20 27 4
34 9 4
20 17 1
28 18 1
13 23 4
3 35 1
21 47 2
24 36 2
0 38 2
27 4 2
43 8 3
0 9 2
20 44 4
10 20 4
43 17 3
7 21 2
38 27 2
37 28 2
1 32 3
44 36 3
33 13 2
24 8 4
18 4 2
22 23 2
38 10 4
21 40 1
49 21 3
47 49 3
19 47 3
38 29 2
21 44 3
20 33 4
20 13 4
35 26 3
11 48 4
29 6 3
8 37 1
35 0 3
23 2 2
15 49 1
19 26 3
19 38 1
34 25 2
37 12 2
15 23 2
35 39 1
2 6 4
37 21 4
27 1 2
0 8 2
18 5 2
23 39 4
17 44 1
0 1 2
42 41 2
23 32 1
19 27 4
12 49 4
16 35 4
10 6 4
13 5 1
2 29 1
20 11 2
0 40 2
7 3 4
49 5 4
19 21 2
8 49 4
44 48 4
31 19 4
12 41 4
8 13 3
22 39 2
16 13 1
28 44 2
7 47 2
11 5 1
2 22 3
45 39 2
38 3 1
19 18 1
13 12 1
17 7 4
42 35 3
37 43 3
0 43 2
31 8 3
6 42 1
11 31 4
3 12 4
3 18 1
29 0 1
5 32 3
22 49 2
42 29 3
27 45 3
7 31 3
46 5 3
7 40 2
43 26 1
19 12 3
24 21 4
22 0 1
46 2 3
33 30 1
32 48 3
39 20 4
14 21 1
22 32 3
11 10 3
0 12 4
16 2 4
34 33 3
33 14 3
27 42 4
29 15 1
43 46 1
31 0 4
23 19 2
47 38 1
26 16 4
48 18 2
23 48 1
48 33 3
46 10 1
0 3 1
32 15 2
11 30 2
17 21 2
18 45 2
43 49 2
47 31 4
21 45 4
42 32 3
5 31 4
31 3 2
35 38 3
26 2 2
7 30 2
17 47 1
36 1 4
35 40 2
44 29 3
28 17 1
48 12 4
15 45 1
23 21 1
27 7 1
5 8 1
6 16 3
20 14 3
16 39 2
26 4 1
41 28 1
49 9 1
36 14 2
47 24 3
42 34 3
49 31 3
34 31 2
28 3 1
47 45 1
11 47 4
19 40 1
33 18 1
40 34 2
39 31 3
39 29 1
38 11 2
29 36 3
15 4 2
9 11 1
13 21 4
44 15 3
49 10 2
34 41 1
4 34 1
11 12 4
5 21 4
24 15 2
20 26 2
18 36 4
26 49 3
0 5 3
24 4 2
28 48 2
4 7 3
15 10 1
4 17 2
23 41 2
40 11 1
34 20 4
7 45 3
9 35 2
24 16 1
30 23 4
43 10 3
26 6 1
41 27 1
7 49 1
48 21 3
9 18 4
14 43 4
21 18 2
19 8 1
25 48 1
27 26 4
3 33 1
12 38 2
43 5 1
31 33 3
32 3 4
34 27 4
44 42 4
4 12 4
0 23 2
2 49 2
48 10 4
48 5 3
33 49 4
31 48 4
34 16 3
47 23 1
9 21 2
7 39 3
2 13 2
37 22 4
5 45 1
18 44 3
1 31 4
12 44 2
27 21 4
46 4 2
44 4 1
2 40 4
11 41 1
47 37 1
45 40 4
29 17 4
33 35 4
41 26 4
47 9 1
27 15 1
38 45 2
11 42 3
14 31 3
22 17 1
36 49 4
6 36 2
36 28 1
2 10 4
27 23 2
19 15 4
33 11 3
8 12 2
21 11 2
1 14 3
27 43 2
3 21 1
22 20 1
23 17 1
29 34 3
18 35 4
1 43 2
9 17 3
1 8 1
10 30 1
47 12 3
4 10 1
14 48 1
10 33 2
8 3 4
34 47 2
25 22 4
49 17 3
30 20 2
19 48 4
29 18 1
34 21 1
7 32 2
28 21 4
30 45 2
20 18 1
32 18 1
19 17 1
28 49 3
3 11 4
14 5 4
39 36 2
9 22 2
9 1 3
35 23 3
25 6 4
38 41 2
4 28 1
17 36 1
23 14 1
47 27 4
38 4 1
5 39 2
26 34 2
14 0 2
25 42 2
11 25 3
44 8 4
41 33 1
2 1 4
34 5 2
16 17 1
35 1 1
29 46 1
31 10 1
24 14 4
27 12 1
40 1 2
28 26 4
31 37 4
48 42 4
2 7 4
41 5 2
47 46 3
35 22 3
26 7 3
5 12 1
39 9 3
9 25 3
3 14 2
24 30 2
4 35 4
24 35 4
42 14 4
10 47 1
27 35 4
46 45 1
9 19 1
41 7 2
46 1 4
21 36 3
49 38 3
43 12 2
17 2 1
19 20 2
48 9 1
24 5 1
40 17 3
29 16 4
9 43 4
3 23 2
15 20 1
13 4 4
3 17 3
21 15 3
20 5 2
15 0 3
6 17 1
25 24 1
26 47 2
28 46 1
41 9 2
27 18 3
45 35 2
44 6 2
25 36 4
21 1 4
2 4 1
35 13 3
6 9 4
17 1 2
8 16 2
27 24 1
47 30 1
47 42 3
13 31 3
31 43 4
5 36 2
7 20 1
5 22 4
32 30 2
26 36 2
3 48 3
27 2 2
14 34 1
30 21 2
42 4 1
25 10 1
8 29 3
20 46 4
36 8 2
26 3 2
35 5 4
19 30 1
26 33 1
13 6 2
47 13 3
45 24 4
39 6 3
15 36 1
38 6 1
29 37 1
15 38 4
48 20 2
48 6 4
26 17 4
47 8 4
37 38 4
3 41 1
39 40 2
2 12 1
24 31 2
5 37 3
42 10 2
16 9 4
23 44 1
9 33 4
26 18 4
6 37 1
25 40 1
25 15 3
40 29 1
18 49 1
14 17 2
33 8 1
27 44 3
45 3 2
37 14 3
5 26 3
24 43 3
42 1 4
43 44 3
48 0 2
48 47 2
45 19 4
49 3 2
30 40 3
40 16 4
33 5 3
24 12 3
40 49 1
6 32 3
32 26 4
29 35 4
26 1 3
20 43 2
49 14 3
11 4 2
30 48 2
40 8 3
36 23 2
4 37 3
39 28 2
16 31 2
41 43 4
13 11 1
43 34 3
35 44 2
27 36 1
29 30 2
18 10 3
9 3 2
32 35 1
10 29 4
46 18 3
15 5 4
49 42 4
14 10 4
18 40 3
12 23 2
46 41 4
40 46 1
32 39 1
5 10 3
44 40 4
16 43 2
46 34 4
38 43 3
33 7 1
13 28 3
23 43 2
44 10 4
27 11 2
25 12 2
20 9 3
29 24 4
44 16 4
9 23 4
5 29 2
3 37 2
24 34 2
17 32 2
3 2 4
9 15 1
10 35 4
42 23 2
6 8 1
48 16 1
40 32 4
15 31 1
41 39 2
30 6 1
45 44 3
13 1 3
41 2 4
32 43 2
1 47 3
13 14 1
5 27 2
42 26 3
42 9 4
34 0 2
19 16 4
31 45 3
23 10 2
49 25 2
12 18 3
44 33 2
13 25 3
16 46 1
7 37 1
31 40 2
7 34 2
39 18 2
20 4 2
36 38 4
16 33 2
26 29 3
22 46 4
1 45 2
17 41 3
48 27 1
31 46 3
5 6 1
30 12 2
14 2 2
13 24 2
46 17 3
