5588 150
0 139 4
139 48 6
48 58 4
48 131 5
131 36 8
36 118 5
58 51 7
0 18 5
36 23 2
51 85 1
51 91 7
139 34 7
139 100 7
85 144 9
118 124 7
48 63 8
131 108 8
139 42 4
91 110 5
48 89 3
51 75 6
108 138 7
124 95 4
85 120 7
144 71 9
138 9 7
139 113 9
18 17 9
34 12 8
48 3 3
131 30 5
36 69 4
91 128 2
91 93 4
42 53 8
17 8 5
91 117 4
9 134 9
3 19 7
120 146 4
113 102 7
34 43 3
120 50 4
75 84 6
146 83 7
146 25 1
43 109 5
95 26 9
108 130 6
95 49 2
144 4 4
124 24 3
34 106 7
138 86 1
42 82 6
18 52 6
91 65 6
117 64 8
85 68 8
50 35 4
53 6 1
25 56 6
43 105 5
124 39 3
56 80 4
113 122 1
63 7 3
24 45 6
63 127 9
0 59 8
35 145 4
50 67 7
100 97 3
122 119 1
64 55 2
82 135 8
49 20 1
109 149 1
64 11 8
8 38 5
26 112 8
36 143 7
124 73 7
65 123 2
145 92 8
38 79 8
24 54 6
53 77 3
69 96 8
118 99 5
102 31 6
17 28 9
43 133 6
26 141 2
20 121 5
69 136 8
93 60 6
124 137 2
144 142 1
139 98 8
96 61 8
98 87 5
63 10 9
87 148 3
9 94 6
145 40 4
38 132 4
17 27 1
144 116 9
148 44 1
10 46 4
68 129 5
105 33 7
94 107 4
124 125 8
98 5 1
5 72 4
144 2 5
94 47 1
94 66 9
65 57 5
99 115 9
9 22 7
10 78 1
141 14 3
4 70 9
98 62 8
6 114 5
65 104 6
64 140 2
30 1 8
19 21 7
73 103 7
84 126 5
118 81 8
98 37 3
18 76 3
48 32 8
70 101 3
84 147 6
62 16 6
94 88 1
63 90 3
107 13 3
46 29 1
101 15 3
42 111 4
80 74 1
112 41 1
54 78 2
38 149 2
92 143 1
25 147 2
81 36 3
83 19 1
146 0 4
147 10 4
139 119 4
101 57 3
57 84 3
9 26 4
20 78 1
149 56 3
143 5 4
84 22 2
32 24 4
146 129 2
8 146 4
137 119 2
118 130 3
6 88 2
106 126 4
6 83 2
63 115 1
103 72 3
133 30 4
37 126 2
47 15 2
33 4 1
109 0 2
144 93 2
144 138 1
124 70 1
115 57 4
110 19 3
62 35 2
129 119 2
60 89 4
87 32 4
113 62 1
10 7 1
142 60 2
118 95 1
115 64 3
32 18 4
103 130 2
18 84 3
26 84 3
80 9 2
25 66 1
27 25 2
139 37 1
20 35 4
140 28 4
88 86 4
40 85 4
34 140 2
86 30 1
100 140 2
6 105 4
70 123 2
132 8 1
113 56 3
122 120 4
96 127 4
7 115 4
89 15 4
90 120 4
124 104 4
134 79 2
104 22 1
95 126 2
59 125 4
4 93 1
56 35 3
22 106 1
76 119 1
47 66 3
0 87 3
4 136 2
97 25 1
12 75 1
147 83 3
146 112 1
49 99 4
26 51 1
69 46 4
5 64 2
140 44 4
74 15 3
3 29 3
100 142 4
1 99 4
56 131 1
129 111 4
25 86 4
99 63 2
116 104 3
65 26 1
74 44 3
69 112 1
27 31 4
127 119 1
138 89 1
0 45 4
22 116 1
61 31 1
10 142 1
146 6 2
39 141 3
41 30 2
119 75 4
18 68 4
44 122 4
3 115 3
87 116 3
100 145 4
9 69 4
144 34 3
126 123 2
5 50 4
71 35 1
3 39 1
98 144 2
21 87 1
60 143 4
116 122 4
123 15 1
88 129 4
139 6 1
65 126 1
55 130 2
89 109 2
138 33 1
127 5 4
65 16 3
115 132 4
35 40 2
92 144 4
146 107 1
144 84 3
62 46 2
52 14 2
4 31 1
115 38 2
144 46 2
87 19 1
133 17 2
77 69 4
23 37 1
81 64 2
1 42 3
32 44 4
70 141 1
35 15 1
61 113 2
53 81 2
80 52 4
110 105 1
1 69 4
97 136 4
30 112 4
81 120 2
133 18 2
84 81 1
97 90 4
101 126 3
98 26 2
108 56 1
73 114 4
56 27 4
69 139 4
32 94 3
17 78 3
6 102 3
40 80 1
87 17 3
131 149 3
7 70 2
13 51 1
73 32 1
147 95 1
23 45 4
140 56 1
9 58 3
129 48 3
69 62 4
5 105 4
8 49 2
137 82 4
83 128 3
108 92 2
74 68 4
46 115 4
147 118 2
126 73 1
112 115 2
33 141 2
111 132 2
131 128 3
122 5 3
50 89 1
108 137 3
38 138 2
68 137 4
65 103 2
54 114 4
129 145 2
138 50 2
131 8 3
104 18 3
3 65 1
55 45 2
37 10 1
11 119 2
59 138 3
90 51 4
100 61 1
78 92 1
41 116 1
30 46 2
39 44 1
93 119 4
14 12 4
11 74 1
81 30 2
17 70 2
7 33 1
79 141 3
69 113 2
36 138 3
112 60 4
146 22 2
34 94 2
30 59 3
78 39 1
129 100 3
48 67 1
105 144 3
110 44 4
4 45 4
43 142 3
79 33 2
137 19 1
33 112 3
6 116 4
138 21 4
16 76 3
134 29 4
31 29 2
54 98 2
25 61 4
48 96 4
45 128 2
140 47 2
110 26 3
69 49 2
50 130 4
133 59 1
132 53 4
147 133 1
141 86 2
49 72 2
99 98 3
19 6 1
106 133 3
79 40 4
25 48 3
12 50 1
72 8 2
9 118 3
115 65 4
134 133 3
60 102 4
67 85 3
96 118 3
132 149 4
91 136 4
11 47 1
60 56 4
18 36 2
50 141 4
68 78 2
136 12 4
32 21 2
52 95 1
27 3 1
14 47 1
87 73 4
92 47 3
61 43 1
100 20 3
125 38 4
110 137 4
63 28 3
99 92 2
42 109 2
23 75 3
149 66 2
90 73 2
107 48 1
27 106 1
86 102 3
91 26 1
97 98 2
39 95 3
123 95 3
98 143 4
24 88 3
149 2 3
107 53 2
117 92 4
120 102 2
97 28 1
38 95 3
63 101 4
100 41 3
115 114 2
133 123 4
106 132 3
27 9 2
30 10 2
108 105 1
15 34 3
22 69 3
76 7 1
117 88 3
118 79 1
71 117 1
118 27 3
126 110 4
95 55 3
82 128 4
85 2 1
4 127 4
77 130 2
100 66 2
99 65 4
129 36 3
116 148 1
132 142 1
79 52 2
115 106 1
135 83 3
101 55 2
65 4 4
60 12 4
12 89 3
43 23 1
108 75 3
18 89 3
58 54 1
43 114 4
124 2 3
3 92 1
32 143 2
32 119 3
0 20 4
28 90 2
121 119 1
129 105 4
38 143 2
40 64 3
111 33 1
89 106 2
28 25 1
115 108 2
5 71 3
133 42 4
132 58 4
17 111 4
78 132 2
87 137 4
128 67 3
101 50 1
62 9 4
138 77 1
76 17 2
23 38 1
6 38 4
53 148 2
42 66 4
80 20 2
26 30 3
48 60 1
37 128 2
75 39 2
85 27 2
101 22 2
2 4 2
10 52 2
18 107 4
84 142 4
14 57 4
121 106 1
141 122 2
54 84 3
132 0 3
39 131 3
93 29 4
146 76 3
26 46 2
122 16 1
69 85 3
76 91 2
40 137 2
75 33 1
9 35 4
141 81 2
29 105 2
112 3 1
116 46 4
30 3 3
7 133 3
39 146 1
121 67 2
30 37 4
100 8 3
67 77 2
75 79 2
91 132 4
145 140 2
75 114 1
109 80 1
74 114 2
144 88 1
27 72 1
115 120 1
141 66 4
148 139 4
93 74 2
41 88 3
117 90 2
4 47 4
101 131 4
65 39 2
16 83 4
137 113 1
67 102 1
66 129 3
21 33 1
128 138 4
27 114 1
2 58 4
69 104 3
132 20 3
101 87 2
111 104 3
30 66 1
139 78 4
38 113 1
16 73 4
46 67 4
15 61 1
2 39 1
119 83 2
145 101 3
36 78 1
117 80 4
43 72 3
32 5 2
85 81 1
19 47 3
140 74 4
137 31 1
5 94 3
60 113 3
118 24 3
22 145 4
117 73 3
76 134 3
31 76 3
75 17 2
39 135 3
23 136 1
140 72 4
96 50 4
141 23 1
34 37 3
147 143 1
99 32 1
9 63 1
24 40 1
81 80 1
74 87 1
38 17 4
15 145 1
87 47 1
17 129 2
91 113 1
140 59 1
144 16 4
111 18 1
9 131 4
13 115 3
134 87 2
53 60 2
72 104 1
104 24 2
62 110 3
103 147 4
129 14 2
54 12 2
55 53 3
52 27 1
69 91 3
115 29 1
0 40 1
135 116 3
120 114 4
5 30 1
19 132 2
36 100 1
123 136 2
36 15 4
143 125 1
119 116 3
69 129 3
90 16 3
138 23 1
125 7 3
74 58 4
84 43 3
79 145 1
139 76 1
116 123 1
29 39 4
8 118 1
24 119 2
111 37 4
107 63 1
137 14 2
115 21 1
50 149 3
134 138 3
34 39 4
115 12 2
104 101 1
93 27 2
149 31 1
2 102 3
49 11 3
60 91 3
63 147 3
81 78 1
142 49 1
19 32 1
52 121 1
74 141 3
135 149 2
64 125 1
73 30 2
51 3 4
64 2 3
43 116 4
34 42 3
102 109 2
4 91 4
27 40 1
132 18 3
36 13 1
63 83 3
25 91 2
4 69 3
140 93 2
91 68 4
102 7 1
54 127 4
61 132 3
41 120 4
32 106 1
52 55 1
73 65 1
18 124 1
47 131 2
101 56 1
139 49 1
123 111 4
38 107 3
59 139 3
116 118 4
86 91 3
100 109 2
16 141 4
8 114 4
145 131 2
112 20 1
127 25 4
110 25 3
26 116 4
21 147 4
148 105 3
27 96 1
2 140 1
64 12 2
147 44 1
44 149 3
37 110 2
69 84 2
64 127 4
89 112 3
106 14 4
133 60 3
106 26 4
68 73 2
130 104 4
140 96 3
103 56 1
84 83 1
82 83 4
96 0 1
35 27 1
131 51 3
21 146 1
11 29 3
126 108 3
80 77 1
27 18 2
129 61 2
10 68 2
52 53 1
64 45 3
104 27 3
122 4 2
128 132 4
2 87 3
0 8 2
77 31 4
102 74 1
114 111 4
134 62 2
104 71 2
87 131 2
140 70 1
31 14 3
81 10 4
75 76 4
4 21 1
134 66 2
33 142 3
81 103 2
30 132 2
41 89 1
13 84 2
21 103 4
24 35 3
59 27 2
66 72 2
123 130 2
91 48 4
50 20 4
45 145 1
123 61 4
131 97 1
112 138 4
144 113 2
107 119 2
36 34 2
119 90 4
74 121 2
1 5 2
138 122 2
21 6 2
55 3 4
58 96 1
95 136 3
83 75 3
51 82 1
141 30 2
107 5 1
80 67 2
109 128 3
42 35 4
92 71 4
89 44 4
126 82 2
54 123 1
91 50 1
137 143 3
89 122 1
80 47 4
106 39 3
134 114 2
122 35 1
31 68 2
15 16 4
63 120 3
47 6 1
135 99 2
63 88 2
148 40 1
47 109 1
59 97 4
41 91 2
21 77 3
5 149 4
144 134 2
37 85 1
106 77 1
89 92 4
79 108 3
6 89 3
97 146 1
114 61 1
57 90 1
35 49 2
16 100 2
35 104 1
75 131 3
72 7 2
73 98 3
45 86 2
16 135 1
106 20 2
96 11 3
99 44 4
4 88 4
42 63 1
98 125 2
95 73 2
35 29 2
26 148 2
135 27 3
122 27 1
133 27 3
8 53 3
59 123 3
8 16 3
37 39 3
114 18 3
118 131 1
121 11 1
69 141 2
4 106 1
64 57 2
48 115 2
79 103 3
5 20 2
21 128 3
2 53 2
121 46 2
63 126 3
32 144 4
148 149 1
144 127 4
79 78 4
37 144 4
113 125 4
64 86 2
137 50 3
127 50 3
31 88 4
43 125 1
147 55 4
39 63 2
64 33 3
99 36 1
56 141 4
135 106 4
76 92 4
8 10 4
14 15 2
2 8 2
4 119 2
137 106 4
4 89 3
30 117 2
38 102 3
58 45 2
125 11 1
93 76 1
141 2 4
17 92 3
45 134 4
8 28 2
41 64 4
139 141 1
9 86 4
47 31 2
7 121 4
103 107 3
140 26 2
125 87 3
117 134 3
3 127 1
14 4 3
4 7 4
103 27 2
99 114 4
1 60 4
51 102 2
95 103 1
5 89 2
106 97 2
129 89 2
68 147 3
65 7 3
98 33 3
58 80 3
60 2 4
20 8 4
57 23 2
102 132 2
116 120 2
2 52 4
45 105 3
80 18 4
50 36 2
141 15 3
70 9 2
61 116 1
101 74 1
19 1 3
53 76 1
23 82 2
10 22 3
85 61 4
139 60 3
98 92 2
51 16 3
85 143 4
13 69 2
67 76 4
0 144 4
62 138 4
119 35 2
47 142 1
145 30 3
65 133 3
130 138 1
44 27 2
93 89 1
87 108 1
35 66 4
48 148 2
39 99 3
142 78 4
20 86 2
45 141 2
103 114 4
21 68 1
108 147 4
64 111 2
146 113 3
86 31 3
52 136 4
15 125 4
139 136 3
84 112 2
73 97 2
70 15 1
7 116 4
104 81 3
35 22 4
144 80 3
132 50 1
14 30 2
70 60 1
51 110 4
47 34 1
91 75 3
13 5 4
98 63 3
75 141 1
132 24 3
70 23 2
10 121 3
87 50 1
117 99 1
17 45 1
62 104 3
95 129 3
53 45 3
70 53 2
110 45 4
6 126 3
14 130 2
22 62 3
138 18 1
136 149 4
145 39 3
139 127 1
14 110 2
39 62 4
127 24 3
63 143 4
26 75 2
15 100 2
0 126 3
17 58 4
1 149 1
21 69 4
43 30 4
108 41 1
137 81 3
4 101 2
67 34 4
148 7 4
32 31 4
35 23 1
33 10 1
143 13 1
58 22 1
47 5 2
46 63 2
33 8 4
49 77 1
95 9 3
59 18 1
57 105 2
148 134 1
14 107 2
11 91 3
145 66 1
133 97 1
65 127 3
36 19 2
101 107 1
41 107 2
72 17 1
63 129 3
106 141 2
26 97 4
92 123 1
59 146 4
10 89 2
63 89 2
117 42 4
54 80 3
6 123 1
130 131 2
9 147 3
44 2 2
113 36 4
94 117 3
26 142 4
127 130 3
2 82 3
8 76 4
133 125 1
112 106 2
140 144 1
62 11 3
47 99 1
115 142 3
40 41 1
72 36 3
127 60 1
33 114 4
36 139 1
22 60 2
133 37 3
91 18 3
10 17 2
134 127 4
14 105 4
40 89 2
146 118 3
8 60 4
26 5 1
110 131 1
29 125 3
91 135 1
125 26 4
38 75 3
111 36 4
77 13 2
56 52 4
12 28 4
46 61 2
64 37 4
139 10 1
69 130 3
53 135 3
63 109 4
16 115 2
76 25 2
56 2 2
130 105 4
26 149 4
22 31 2
51 1 4
142 118 3
126 13 1
136 19 4
21 67 3
140 89 2
9 60 4
15 42 2
81 147 1
117 41 4
21 98 3
109 136 3
139 89 3
122 39 4
114 131 1
80 8 2
127 57 2
0 7 2
78 124 4
71 64 4
63 22 1
40 115 3
45 26 3
63 11 1
140 84 1
31 82 1
51 123 4
99 50 1
0 106 3
142 36 4
143 93 4
130 45 2
101 125 2
97 72 1
55 0 4
52 86 2
27 110 4
92 1 2
22 75 3
14 81 4
144 86 2
98 89 3
128 4 4
7 56 3
47 48 3
70 6 4
79 74 3
108 42 2
28 35 4
55 88 4
39 89 2
135 29 3
54 145 1
17 1 3
62 75 1
44 146 1
3 132 1
16 116 1
75 45 1
114 24 3
112 140 3
64 134 2
123 83 3
108 73 1
116 88 2
40 84 4
8 141 3
61 110 3
117 47 2
141 5 2
74 125 1
142 17 2
107 73 2
85 98 4
76 114 4
128 53 2
40 72 1
127 89 3
46 70 2
42 146 3
29 70 2
21 113 2
20 4 1
23 114 3
27 95 1
2 65 2
139 121 1
118 70 2
17 86 4
5 63 1
18 30 4
87 9 1
71 123 3
46 14 3
66 1 3
43 5 4
44 51 4
109 4 3
61 39 3
72 127 3
43 131 1
141 40 4
148 133 1
116 55 4
0 115 3
11 120 4
85 8 3
5 140 2
95 94 1
123 68 4
0 39 2
52 126 1
6 103 3
41 113 4
40 71 1
37 63 1
117 119 1
64 146 3
37 5 1
14 43 3
118 48 3
46 100 4
112 78 1
83 77 4
29 138 3
86 140 1
21 66 2
148 68 4
67 26 3
141 27 4
67 87 4
45 138 1
86 3 2
115 141 2
79 19 2
121 44 2
111 74 1
139 58 3
48 99 1
12 29 3
100 17 4
79 10 4
112 83 4
42 83 3
87 11 2
73 135 3
84 33 1
27 33 4
1 18 4
40 112 3
110 0 4
114 66 3
122 42 1
146 135 3
41 124 4
93 80 1
114 58 4
67 0 2
107 72 2
136 13 3
35 47 3
131 76 4
48 0 1
60 116 2
2 66 2
127 138 4
105 127 2
109 17 2
79 110 2
82 122 3
131 12 2
34 33 4
11 36 2
142 113 4
63 67 1
14 146 4
148 88 4
8 112 2
100 6 3
86 22 1
29 128 2
66 109 3
111 79 2
86 126 2
32 58 1
133 36 1
56 28 4
95 111 1
65 71 3
75 31 2
131 1 2
70 16 3
113 59 1
112 110 3
88 26 4
75 64 1
3 82 4
106 142 4
47 67 2
15 53 3
146 18 4
85 124 4
146 91 4
65 66 1
56 117 3
142 91 1
107 37 1
41 94 3
19 97 1
45 47 1
23 72 2
143 47 1
108 144 3
95 48 4
90 35 3
109 25 1
60 103 4
61 36 2
73 133 2
82 89 4
80 134 2
72 70 3
41 76 1
2 55 2
41 67 1
129 90 2
84 107 4
6 63 4
21 143 1
109 83 1
54 144 2
7 135 2
106 2 3
24 7 1
139 46 3
142 48 4
18 8 3
73 15 4
29 106 1
148 129 4
76 59 2
123 66 1
10 16 2
120 89 2
72 119 3
84 27 3
96 138 4
84 42 1
53 125 3
125 33 1
50 18 2
93 78 2
35 117 2
35 123 1
95 11 3
117 7 3
49 76 1
112 0 3
52 85 4
121 117 3
5 88 2
3 37 3
79 18 2
95 107 1
94 99 2
73 129 2
47 111 4
134 142 2
36 17 2
111 135 4
19 142 2
20 74 1
138 110 1
66 17 4
46 133 3
149 102 2
20 118 1
7 19 4
50 81 3
128 57 3
114 26 1
43 118 3
32 53 3
80 86 4
9 98 2
103 33 2
9 148 4
30 90 3
87 13 1
68 86 2
139 147 1
43 148 2
108 82 1
0 3 1
26 44 2
24 37 3
138 64 4
138 146 4
107 99 1
61 45 3
17 119 4
95 137 1
113 128 2
117 20 3
130 40 3
130 140 4
93 62 4
140 62 4
116 131 4
120 53 4
66 31 2
111 4 4
12 91 2
13 25 3
110 72 3
89 23 2
88 103 1
30 77 3
144 30 4
79 142 2
106 124 1
27 107 4
83 22 4
0 101 4
143 7 4
94 123 1
32 10 4
104 141 4
140 9 3
74 22 4
32 12 2
100 134 4
91 133 1
47 71 2
13 57 4
19 18 4
62 7 3
90 55 1
87 128 3
57 63 1
44 48 3
40 49 3
116 79 3
48 66 1
116 138 1
12 68 2
26 64 1
125 62 1
81 128 3
20 45 2
15 46 4
143 128 4
77 57 3
121 95 4
44 97 2
41 140 3
148 73 3
23 47 4
30 67 1
128 3 4
59 141 4
144 132 4
8 84 2
7 127 3
28 79 3
17 137 3
38 71 3
138 32 3
86 97 3
109 139 4
88 56 3
139 23 2
70 125 4
50 58 1
82 96 1
34 85 1
24 112 3
144 66 3
129 23 3
146 102 3
128 121 2
106 107 3
115 70 1
128 16 1
52 96 1
26 117 2
70 45 4
79 94 1
129 81 3
54 27 1
18 56 3
80 131 3
127 122 4
0 29 1
81 62 1
91 129 4
14 114 1
148 3 2
92 73 2
111 76 1
75 13 3
32 83 2
43 121 1
42 88 3
78 77 2
130 43 2
31 91 1
37 45 3
137 79 2
71 21 2
48 123 2
125 120 1
21 14 2
85 45 1
53 82 2
122 145 3
56 106 1
115 84 4
124 97 2
62 119 4
24 15 4
130 19 2
1 71 3
70 21 2
99 33 1
41 29 2
41 138 4
81 87 2
4 29 4
110 8 3
123 19 1
114 90 2
65 38 1
84 21 1
103 4 4
103 142 4
46 22 2
93 121 3
62 36 3
55 105 2
118 62 2
122 20 1
54 108 4
48 12 2
100 110 4
11 71 4
99 14 4
12 5 3
137 149 3
72 81 2
23 33 1
143 16 3
94 28 3
30 53 1
13 6 4
72 18 2
11 110 2
115 56 2
113 4 2
116 17 4
82 57 3
68 98 1
11 83 1
93 73 1
78 22 3
84 73 4
120 76 1
85 79 4
118 42 3
77 89 3
66 101 2
100 96 4
65 70 4
65 67 3
98 25 1
131 139 1
119 98 2
21 65 1
26 53 2
114 37 3
63 54 2
129 27 2
55 22 1
125 71 3
63 35 4
94 44 4
139 51 2
75 126 1
141 31 1
119 128 4
28 109 3
149 6 3
38 78 3
103 5 3
102 130 4
8 79 3
14 89 1
40 133 1
149 126 4
109 107 2
134 111 3
21 92 3
93 129 2
54 74 2
135 42 2
143 62 4
65 43 4
36 120 2
19 11 3
2 111 3
74 95 2
20 21 1
1 121 3
94 101 4
125 108 3
85 147 2
48 106 3
0 30 1
127 104 4
25 19 2
59 58 3
125 145 4
118 126 3
61 134 1
123 137 1
147 114 3
143 96 4
111 119 2
105 86 1
60 145 1
131 112 2
121 149 3
128 69 1
146 144 4
124 110 3
124 56 2
138 76 4
88 132 2
8 116 4
27 143 4
59 65 3
110 3 4
79 89 1
143 123 1
93 31 2
92 102 4
46 64 4
89 47 3
122 23 4
60 80 2
80 148 2
83 134 2
80 107 4
110 15 3
141 88 3
95 70 3
19 14 1
125 8 3
45 99 4
45 96 2
110 128 1
128 64 2
127 77 3
5 16 2
50 60 1
3 104 4
111 120 2
94 133 4
100 10 1
16 55 1
49 114 1
95 97 1
36 90 4
6 46 3
66 77 1
19 131 3
61 67 1
18 33 3
24 95 3
12 143 4
34 109 1
40 68 1
47 97 4
78 147 4
86 120 4
8 94 4
146 1 4
95 69 2
115 78 3
124 0 4
26 127 4
130 33 2
49 104 1
137 58 2
92 44 2
22 61 3
67 44 4
128 11 4
104 112 1
27 49 2
33 131 3
0 133 3
88 71 1
55 57 3
99 116 2
64 63 2
47 38 2
45 32 2
41 31 1
132 140 4
145 70 1
61 1 3
141 110 4
53 96 3
40 119 2
81 144 2
28 33 1
119 16 3
122 54 1
105 13 2
18 6 1
82 111 1
40 1 3
126 93 2
56 78 1
55 51 3
149 57 4
55 43 1
51 148 2
112 125 4
130 47 2
71 124 1
112 91 4
59 98 2
0 135 2
148 10 4
50 117 4
27 13 4
45 18 3
130 114 1
14 91 1
117 2 2
57 31 1
14 25 2
91 81 3
58 3 3
4 145 1
108 35 4
78 3 2
64 43 1
83 29 3
55 104 3
33 121 4
127 30 4
29 60 1
122 140 4
20 57 1
78 70 3
59 116 2
54 68 3
117 133 3
146 31 3
70 20 3
90 12 4
75 109 3
93 36 3
16 9 3
102 99 3
57 59 4
121 88 1
3 54 2
108 118 2
65 50 2
21 57 2
146 35 3
50 133 2
62 79 2
136 106 1
41 142 1
59 67 1
15 22 4
80 61 3
134 97 1
28 86 2
51 36 2
30 72 4
8 119 2
142 8 2
23 149 4
114 63 4
75 81 1
113 46 2
133 13 2
18 37 1
32 121 4
91 100 4
77 7 2
11 2 1
126 14 3
63 34 1
53 9 3
17 61 4
34 92 3
122 147 2
111 19 3
49 18 1
58 18 1
20 108 1
29 123 3
88 52 4
34 105 4
21 86 3
94 45 2
6 125 3
58 128 1
51 77 4
142 112 4
38 24 2
31 70 1
144 22 3
42 44 1
8 27 1
86 110 3
111 60 3
114 136 4
9 78 2
30 40 2
42 100 3
125 126 3
103 109 4
103 54 2
89 88 4
131 13 4
14 39 2
37 40 1
73 149 4
43 25 1
149 108 3
66 71 2
24 10 3
107 134 3
72 75 2
140 101 2
66 98 1
122 69 2
50 140 1
44 105 3
7 52 1
106 143 4
16 42 1
81 38 2
46 102 2
107 31 4
103 113 4
41 78 3
137 30 2
101 111 2
18 102 4
60 72 2
113 89 1
110 63 4
64 39 2
87 5 4
29 130 3
42 50 3
25 121 1
97 1 4
8 34 2
55 132 4
97 140 4
11 108 1
46 85 2
89 67 1
75 47 1
90 115 3
114 142 1
91 34 1
107 83 4
91 72 2
49 119 1
119 115 3
143 88 3
109 29 3
72 12 3
45 1 1
40 43 2
94 114 1
115 8 3
72 34 4
83 10 3
147 39 1
82 92 4
94 68 3
35 110 1
96 115 3
89 115 3
74 81 3
83 25 2
96 110 1
89 95 4
90 89 1
96 14 3
91 47 2
75 73 4
2 40 1
124 116 4
54 102 4
42 37 4
88 13 1
62 108 3
58 0 3
42 64 4
112 72 4
108 69 2
83 40 4
118 44 1
53 117 4
81 109 1
8 6 4
14 85 2
109 54 4
28 6 4
85 72 3
120 83 2
40 48 2
100 136 2
60 114 1
96 129 2
113 44 2
77 134 1
72 106 4
130 44 4
66 127 1
41 98 1
84 146 3
57 62 1
96 51 3
69 37 2
99 144 3
23 137 1
41 42 3
73 89 2
90 39 4
96 31 3
32 139 1
56 48 4
60 52 2
10 93 3
32 3 2
129 52 4
19 139 3
84 47 3
19 71 2
149 12 3
65 143 4
127 9 4
101 102 2
63 121 2
120 135 3
104 15 1
8 50 2
127 32 3
105 135 1
119 14 2
35 44 4
15 6 3
118 149 1
39 149 2
140 114 3
149 61 4
86 122 1
11 60 4
123 146 2
138 11 3
129 50 4
110 33 1
7 110 4
139 135 3
121 89 2
75 129 4
83 91 4
116 72 2
76 12 3
112 122 2
21 95 3
33 109 1
74 72 1
98 137 3
17 98 3
70 35 2
1 0 3
56 100 2
72 95 1
56 72 4
100 104 4
91 24 1
128 114 2
53 90 1
44 53 1
115 149 4
18 95 3
72 101 4
134 24 2
129 116 2
126 44 1
86 143 4
82 77 2
82 64 4
40 14 2
119 67 4
3 11 4
52 131 4
73 142 1
96 131 1
85 38 3
97 92 1
26 143 2
132 69 4
107 110 4
58 83 3
8 67 4
15 39 3
41 96 4
117 144 3
5 85 2
66 57 4
113 65 4
73 34 1
99 22 3
9 46 3
90 141 2
148 114 4
11 51 3
47 58 3
78 44 1
140 25 1
103 69 1
126 103 1
117 60 2
119 53 2
100 65 1
31 133 4
63 29 3
4 117 1
41 70 1
37 91 3
91 33 2
84 143 4
20 96 4
69 3 2
56 62 3
12 78 1
40 96 3
128 30 2
10 56 1
23 65 4
64 136 4
38 13 3
98 56 1
122 124 1
46 127 1
27 145 1
119 102 3
107 120 4
138 87 1
66 74 3
43 146 3
137 26 1
64 123 3
41 129 1
116 98 3
26 41 2
148 41 4
79 76 4
138 118 2
89 66 3
120 1 3
50 128 3
67 145 2
108 15 1
81 134 3
77 115 1
87 118 4
30 29 1
113 23 2
138 37 2
8 111 1
61 79 1
108 112 3
60 6 4
128 102 4
79 4 1
4 30 1
82 127 2
29 111 3
35 141 1
52 117 4
86 19 3
86 33 3
27 71 2
38 66 4
70 105 1
53 40 4
114 89 3
123 33 1
80 99 3
69 7 3
39 54 1
39 72 3
41 131 3
64 131 4
99 103 1
78 125 2
79 53 2
45 148 3
120 31 3
84 34 4
98 86 4
109 3 1
42 98 3
146 12 3
4 118 4
35 80 3
108 129 3
114 133 3
8 97 2
29 136 3
92 124 1
57 142 4
59 145 2
128 65 4
116 29 1
60 45 2
95 42 3
87 3 1
147 112 1
105 94 1
138 143 2
72 134 4
140 29 1
101 91 1
137 112 2
136 58 1
75 148 2
24 148 2
133 19 1
23 111 1
132 33 2
10 21 4
101 132 3
46 82 1
146 68 3
102 93 1
70 88 3
14 24 1
66 28 1
138 55 3
12 7 4
59 52 1
137 62 1
75 94 1
91 10 1
13 128 3
65 34 2
32 89 4
43 115 1
55 61 2
5 67 3
91 141 1
59 78 4
139 143 4
2 93 1
59 77 2
34 82 2
99 7 1
129 130 4
38 42 3
100 121 3
104 109 3
62 89 1
101 128 2
117 43 4
42 138 3
109 60 2
142 37 1
19 39 1
85 55 4
123 22 2
148 83 2
141 143 2
104 87 2
134 130 2
8 108 4
137 27 1
83 125 4
23 19 2
60 13 1
135 60 2
91 6 3
112 107 1
3 17 2
73 49 2
118 10 4
46 124 1
8 120 2
52 65 3
26 109 2
55 139 4
16 31 3
81 20 2
145 110 1
3 35 2
73 64 3
104 88 3
61 50 3
32 50 2
104 98 1
32 134 4
81 138 2
103 31 1
75 15 4
129 70 4
112 31 4
27 28 4
138 147 2
142 9 4
46 57 2
55 97 2
52 134 2
97 22 3
15 105 3
132 116 4
80 96 3
41 11 4
55 26 2
124 53 2
123 2 2
40 55 1
132 143 3
96 95 1
83 98 1
97 14 2
92 83 4
48 7 3
65 53 3
9 30 1
78 105 4
18 116 3
56 114 2
125 22 3
35 68 2
27 62 4
103 85 4
13 130 2
116 24 1
54 65 3
50 106 1
36 86 1
64 70 3
34 133 4
84 128 1
82 55 2
19 92 3
109 45 3
46 68 3
37 6 3
89 96 3
71 14 4
64 0 2
75 133 4
36 108 1
40 23 1
71 90 2
52 104 4
127 94 1
129 123 4
52 43 4
81 93 3
46 77 4
142 55 2
62 99 1
51 17 1
67 125 3
53 58 4
64 100 3
97 17 4
84 149 1
146 56 4
107 111 1
9 125 4
115 37 4
11 127 4
55 1 2
148 1 3
72 35 2
20 37 1
78 120 4
80 98 4
9 136 4
123 75 2
83 143 3
133 118 3
73 99 3
36 35 4
12 123 3
147 102 1
101 73 2
25 70 1
91 108 1
21 1 4
45 101 1
7 51 3
56 87 3
33 5 2
134 95 3
99 61 3
42 54 2
141 85 4
135 87 2
96 43 4
56 138 3
123 96 4
22 1 4
74 136 2
106 99 2
86 67 4
68 108 3
101 12 2
94 16 3
20 115 1
20 73 1
2 49 3
66 86 2
131 135 1
90 100 4
139 116 3
147 93 3
66 32 4
117 101 2
127 95 2
133 69 3
130 26 4
46 51 1
30 134 4
55 143 2
56 89 4
123 106 2
32 140 3
39 132 3
16 130 4
145 56 3
77 65 4
100 135 3
32 118 1
129 31 2
45 57 3
97 105 4
73 60 1
6 49 3
67 31 4
37 84 2
108 5 2
17 71 4
26 52 3
101 58 4
99 26 1
120 124 4
87 37 4
145 61 4
102 97 2
37 113 2
100 123 2
102 76 4
28 113 1
60 25 3
67 66 3
126 72 3
55 12 1
55 109 2
20 136 1
121 35 1
130 137 4
22 2 1
9 113 4
103 35 3
142 86 4
3 57 4
56 130 2
127 13 4
126 146 4
133 103 4
11 124 2
43 82 3
17 21 1
5 115 1
44 82 3
147 32 2
81 34 2
3 45 3
143 90 4
145 112 3
4 39 3
45 74 2
21 116 3
2 18 3
82 88 3
55 120 1
92 79 4
139 65 4
94 49 4
55 102 4
119 101 1
40 62 3
24 41 4
26 56 3
44 142 1
83 9 4
9 5 2
131 148 1
38 9 3
46 24 1
51 79 2
13 124 3
76 77 3
43 36 3
90 135 3
121 47 3
78 149 4
147 73 3
146 82 4
135 123 3
45 76 1
103 34 1
55 27 3
128 136 1
78 72 2
26 90 4
91 80 2
29 27 4
101 105 4
42 147 1
84 41 1
39 128 2
77 15 1
139 73 4
138 94 1
77 25 2
3 67 4
55 140 1
100 38 2
144 19 4
33 119 1
131 86 4
80 15 4
51 149 4
50 15 1
96 18 1
67 73 1
85 148 1
72 14 2
14 94 1
33 101 1
88 43 4
136 110 4
136 87 4
12 63 2
21 145 3
41 122 1
72 41 3
54 1 3
138 70 4
100 45 2
67 143 1
66 46 1
146 130 1
65 13 4
130 73 4
115 131 3
3 149 3
100 34 2
9 139 3
97 40 2
139 1 1
38 3 2
68 124 3
148 145 2
69 87 2
103 53 2
110 1 3
149 103 1
104 70 3
63 31 2
88 140 2
56 139 4
106 15 4
118 101 2
94 112 2
135 63 2
116 96 2
135 143 1
86 48 2
43 68 1
20 26 3
15 17 3
95 143 3
83 99 2
17 148 4
113 82 2
5 28 4
64 74 2
54 23 2
82 109 4
31 110 2
145 72 3
39 94 1
146 85 4
101 35 4
130 30 3
7 112 2
95 106 4
147 115 3
17 94 4
149 139 3
132 114 1
140 42 2
63 133 4
17 85 1
57 144 1
41 32 3
129 12 3
110 48 4
117 67 3
16 106 1
2 37 4
82 32 4
56 66 1
13 138 2
106 7 4
103 98 2
99 24 3
105 67 3
39 88 4
89 103 2
11 20 4
126 135 2
76 81 2
19 125 4
122 49 4
141 37 4
25 139 2
68 119 2
140 22 2
2 74 1
109 127 2
39 123 2
109 86 3
4 60 2
23 7 1
71 82 3
44 76 3
33 54 1
24 8 3
149 68 2
17 120 1
36 119 4
23 115 4
45 116 4
3 93 3
138 85 2
56 91 1
36 3 3
82 119 1
124 23 4
144 101 4
120 101 4
69 78 3
120 64 4
27 79 1
59 1 3
70 103 2
23 83 4
107 47 2
60 23 1
100 107 4
28 48 4
141 140 1
0 148 4
48 38 1
15 93 2
94 40 4
68 83 3
38 97 3
148 59 4
20 2 4
12 130 3
43 2 4
121 126 3
16 12 4
89 21 4
126 70 1
121 137 2
107 113 1
128 42 3
13 90 3
137 74 4
116 136 4
58 116 2
133 140 1
10 62 4
79 15 2
92 35 3
15 116 3
135 31 3
132 22 3
86 11 3
99 2 1
84 24 4
43 70 3
101 48 3
102 96 2
125 61 2
49 28 1
22 64 4
145 90 3
110 123 1
126 134 1
34 148 4
118 39 2
46 137 2
90 118 2
146 45 3
72 2 1
112 102 3
143 130 1
131 68 1
41 39 3
52 1 3
64 8 3
110 52 1
73 38 3
91 107 1
66 102 3
1 20 1
62 45 1
59 47 1
38 103 1
48 79 4
30 74 1
37 77 2
11 99 2
42 126 3
60 119 2
108 128 3
105 124 1
40 131 1
13 93 4
120 0 4
80 114 3
112 144 3
126 33 4
85 77 1
32 27 2
20 87 2
37 4 3
43 13 1
75 112 1
95 3 1
90 69 4
64 35 2
112 87 1
100 54 2
102 83 3
90 121 1
75 58 3
114 52 4
96 34 2
68 26 2
61 18 1
44 93 1
19 96 2
79 82 1
147 15 4
17 69 1
6 77 1
116 39 4
14 45 2
51 147 3
65 14 3
22 49 3
91 103 4
140 108 1
86 5 4
133 33 2
93 16 2
69 18 2
72 13 4
86 99 1
117 129 4
4 95 1
38 59 4
136 79 4
133 47 3
65 106 4
146 34 2
36 77 1
125 45 4
53 34 4
19 82 3
137 147 4
104 14 1
23 117 2
95 145 1
113 49 1
112 18 2
38 140 4
70 61 4
112 9 4
81 12 4
90 72 2
103 64 3
26 89 3
57 11 3
109 11 1
148 90 4
13 134 3
90 67 3
139 88 3
141 25 4
82 90 2
81 82 1
106 134 3
92 24 2
30 97 1
88 8 4
22 112 3
147 64 4
144 149 4
112 49 2
35 109 2
23 58 1
21 104 4
50 82 4
66 9 1
97 142 1
108 77 2
138 22 4
145 117 4
147 22 3
91 79 1
7 9 3
14 108 1
129 56 2
121 118 4
89 51 3
68 88 4
134 143 2
21 91 1
43 1 3
10 23 3
39 102 3
107 7 1
111 105 4
70 28 1
36 10 2
91 90 1
15 76 1
137 139 3
32 35 4
0 137 2
59 28 3
21 83 2
50 143 2
128 92 3
52 89 3
136 99 3
40 28 4
124 15 1
78 67 3
146 72 4
106 145 2
86 57 1
41 50 1
121 69 4
3 99 3
120 5 1
9 115 3
67 53 1
7 34 4
47 93 3
61 109 2
46 132 1
68 105 3
146 67 3
43 107 1
120 61 4
100 3 2
61 142 2
128 94 3
104 89 1
102 48 2
133 61 2
85 4 2
3 90 2
19 89 3
13 11 2
62 126 1
6 133 4
22 0 1
105 139 4
69 117 4
6 92 3
111 146 1
96 114 4
43 79 4
93 95 3
136 146 2
80 106 4
77 22 3
99 147 2
63 43 4
21 54 1
73 63 4
138 49 3
82 37 4
44 29 4
147 65 4
114 65 2
71 36 1
43 129 1
50 110 4
40 101 4
83 81 3
42 125 3
119 81 2
68 79 4
128 120 4
91 144 2
54 30 1
130 90 2
5 137 4
47 68 1
92 80 1
140 24 3
50 105 4
122 46 2
118 33 3
7 147 4
21 29 4
54 48 3
120 22 3
149 71 4
79 39 1
146 93 1
41 137 4
1 48 4
30 17 1
67 113 4
55 18 1
99 51 3
34 127 2
46 88 2
5 138 3
14 102 2
67 127 3
63 59 2
19 102 2
36 109 1
118 139 1
72 48 2
51 54 1
68 75 4
92 119 4
6 135 2
127 114 4
29 62 3
19 145 2
143 82 2
82 132 2
143 6 1
49 131 1
6 118 3
4 62 1
99 93 1
90 61 3
92 96 2
58 40 4
115 69 2
76 147 3
130 87 4
75 149 2
30 96 1
133 38 2
139 70 4
45 83 4
118 31 2
142 13 2
62 42 2
120 35 4
86 37 3
84 108 4
14 16 2
1 79 2
4 114 2
112 45 1
44 103 2
74 109 4
60 121 2
33 124 4
37 32 1
5 31 3
93 72 4
126 85 2
110 87 2
15 149 1
51 43 2
71 86 2
127 124 2
148 63 1
106 91 3
21 26 2
69 0 4
49 149 1
86 74 3
100 28 4
122 143 4
86 129 3
31 7 4
63 74 3
81 13 3
86 103 3
139 132 4
32 126 4
111 138 3
45 28 3
6 124 3
67 39 1
110 99 4
87 127 2
129 102 1
27 7 2
146 106 4
111 141 3
30 116 3
65 45 1
126 55 2
68 95 1
60 82 4
92 142 4
57 67 2
70 98 2
147 134 2
92 91 2
44 80 4
143 57 1
136 148 1
68 111 2
144 36 1
101 44 3
44 11 2
125 149 3
27 121 3
23 42 1
19 74 3
145 136 2
92 103 2
81 105 4
12 118 3
19 126 1
3 4 4
11 4 4
56 84 4
46 2 1
84 53 4
129 4 1
66 110 3
43 138 2
4 149 1
2 101 3
37 94 1
120 132 3
44 13 1
33 149 4
133 78 3
20 99 4
26 124 4
99 130 4
42 73 4
2 42 3
102 87 1
81 106 2
12 56 2
53 113 3
25 108 4
88 147 4
118 107 1
15 44 4
12 80 3
3 66 4
140 131 3
42 85 4
87 97 2
16 113 3
97 107 2
18 108 4
97 116 4
33 9 2
134 27 3
25 62 2
51 118 2
5 39 4
86 84 4
130 142 2
132 23 3
71 44 3
36 101 1
118 34 3
124 30 3
85 62 3
80 65 2
111 136 3
76 85 3
31 2 4
50 146 4
44 109 3
81 52 2
73 44 1
36 149 1
45 124 2
22 131 1
34 111 4
8 61 2
134 11 4
6 20 2
70 49 1
70 148 4
52 71 3
147 126 1
84 125 4
32 120 2
10 85 4
56 71 2
54 131 3
11 129 2
138 98 1
95 84 3
59 22 4
124 123 1
135 14 1
141 72 2
85 44 1
129 137 1
74 10 1
75 137 3
113 12 3
5 96 2
102 85 2
17 12 2
99 101 1
28 0 4
135 67 1
14 76 3
63 1 4
2 139 3
93 64 3
141 142 2
107 6 2
104 145 4
91 95 4
42 28 2
28 4 4
143 100 3
38 29 2
55 41 3
101 106 1
145 135 2
67 17 1
7 136 1
132 67 3
1 14 4
94 146 3
3 138 3
94 134 4
131 72 3
124 114 3
3 122 1
10 51 4
68 113 1
43 100 3
16 86 4
77 55 1
109 142 4
135 89 1
113 104 2
140 69 4
104 76 2
19 100 2
95 25 3
114 48 1
94 4 3
68 71 1
43 77 4
76 9 4
54 148 4
48 80 4
125 82 1
46 94 1
97 56 2
67 71 4
47 115 4
58 147 4
115 98 2
68 96 3
132 47 4
78 51 3
2 67 2
8 139 2
49 102 4
93 14 2
112 81 3
68 24 4
87 142 2
3 53 1
109 78 3
67 112 4
24 57 3
101 5 1
73 25 2
144 102 1
6 41 3
59 26 3
68 132 3
34 68 2
52 50 1
78 83 3
67 24 1
148 5 3
25 65 2
10 113 4
45 2 4
36 67 3
88 125 4
95 40 3
142 20 4
114 7 2
148 19 3
71 10 4
84 130 4
98 82 3
55 108 1
18 53 3
12 92 3
74 55 2
28 114 3
64 49 1
96 44 1
109 49 1
3 111 3
78 84 4
148 67 4
66 81 1
99 132 2
13 66 3
57 81 4
134 139 1
90 110 3
91 40 1
37 61 3
143 61 4
18 110 3
97 29 3
5 70 1
91 44 4
37 123 2
27 24 4
84 7 1
97 84 3
131 84 1
22 109 2
75 146 1
53 46 3
128 144 4
73 29 1
80 29 1
81 117 2
141 9 1
10 141 4
52 130 2
103 123 4
73 31 4
15 49 3
78 31 4
146 137 3
49 133 1
115 86 4
49 82 4
80 14 3
16 131 4
11 0 4
24 138 3
116 47 4
135 92 1
50 136 4
8 103 2
61 56 4
144 77 4
42 76 1
89 124 1
88 18 4
24 33 2
28 73 1
125 118 3
101 20 3
124 65 1
52 35 4
127 44 4
26 81 4
87 99 1
0 80 3
39 76 3
21 123 4
140 1 2
141 96 4
64 77 1
120 46 1
45 126 1
123 91 3
26 80 1
65 87 3
48 147 4
98 81 4
68 89 3
4 108 3
73 88 2
21 27 3
41 80 2
79 113 3
3 125 4
21 125 3
47 36 2
146 134 2
50 27 2
83 65 4
107 76 4
92 113 1
123 140 1
101 65 3
107 22 3
86 92 3
120 129 3
0 128 2
99 104 3
21 88 3
61 23 1
101 127 1
72 108 1
24 110 3
106 58 1
42 145 3
35 89 4
25 49 3
64 61 4
51 143 4
92 27 1
51 63 3
34 49 4
47 112 1
138 40 2
85 97 1
41 5 4
73 79 3
61 81 4
124 98 2
19 16 4
109 92 2
113 50 3
28 22 1
81 27 3
71 110 4
44 79 4
96 1 1
134 124 4
53 36 4
41 10 2
90 106 4
8 66 4
131 71 2
86 116 2
126 98 2
135 141 1
44 143 3
89 20 2
71 2 2
72 53 2
75 48 4
26 58 3
10 138 3
145 111 3
25 53 1
12 105 2
31 79 1
37 143 3
7 28 2
80 51 3
121 19 1
23 50 2
120 12 1
77 136 1
139 63 2
122 139 1
29 102 2
39 77 4
149 58 1
61 146 1
62 72 4
23 71 4
120 7 1
27 15 3
91 15 2
107 136 3
91 116 4
26 4 1
77 38 2
46 91 3
79 13 1
74 40 2
23 28 2
12 51 3
89 100 1
68 93 3
47 124 4
134 65 4
24 31 2
144 49 2
131 133 4
78 18 2
4 131 1
135 70 1
102 21 3
124 51 4
19 60 3
144 78 2
128 139 2
62 68 3
51 72 2
67 94 4
51 42 4
108 127 1
96 3 1
111 122 2
117 141 4
79 36 2
45 93 3
115 2 4
27 69 2
54 75 4
114 141 4
28 144 2
45 81 2
112 63 2
83 122 4
17 43 2
54 32 3
131 106 1
4 104 2
124 8 1
111 15 3
19 117 4
64 21 1
11 72 4
142 6 1
26 48 2
92 8 4
35 54 2
97 117 4
53 37 1
62 87 2
97 10 2
62 124 3
99 76 2
54 142 1
97 0 2
37 57 1
0 10 1
61 24 2
19 146 4
148 89 1
34 128 2
60 54 2
15 2 3
63 137 4
65 136 3
50 63 3
31 55 4
76 122 2
134 26 4
141 131 3
114 39 2
18 143 3
34 87 2
101 31 2
121 147 3
64 20 3
68 120 1
28 2 4
6 66 2
28 3 3
43 31 4
146 58 1
132 16 4
96 9 4
75 8 2
59 17 4
92 114 3
61 60 1
90 126 2
34 29 4
123 89 1
143 72 2
148 28 3
111 48 3
49 23 2
76 0 4
1 105 1
81 65 1
15 107 4
49 132 3
131 83 3
59 100 2
69 131 2
6 98 3
131 103 1
13 96 1
108 86 1
69 47 4
149 142 1
146 48 2
16 48 2
64 121 1
10 28 1
23 5 1
66 106 2
106 93 4
75 136 4
102 80 4
78 0 2
71 100 3
71 13 2
112 2 4
35 41 1
136 5 4
60 96 1
137 3 3
85 109 4
13 98 3
12 13 2
35 99 4
142 94 2
15 96 2
47 1 2
78 7 3
74 88 3
121 114 3
31 136 2
71 128 2
30 62 4
33 96 1
132 75 1
45 114 4
138 115 2
6 101 4
147 61 2
112 1 2
86 149 4
15 85 1
131 77 1
76 73 4
95 85 2
89 130 1
69 11 3
10 69 4
128 70 3
50 30 3
132 93 4
34 112 2
118 66 2
52 61 1
88 25 3
128 26 4
143 75 2
41 25 4
78 4 3
96 66 2
137 52 4
55 19 2
119 55 3
11 78 3
79 105 1
55 87 4
78 137 4
122 9 3
134 104 4
45 13 4
68 52 3
95 132 2
2 59 1
26 7 1
98 48 4
79 87 1
57 41 2
102 122 4
73 137 4
97 34 4
4 82 3
99 77 2
123 27 2
128 147 2
44 102 1
63 53 4
50 0 4
2 84 2
82 26 3
41 53 4
87 123 1
145 20 4
21 120 3
40 57 2
148 110 2
138 140 4
108 136 1
52 124 4
79 70 3
112 76 4
121 115 2
1 83 4
146 128 3
18 43 4
63 97 2
81 67 2
39 42 3
23 21 4
66 54 3
119 87 4
25 67 2
58 89 4
35 67 2
88 136 2
94 21 2
52 62 4
41 13 3
119 19 1
149 18 1
75 65 2
123 105 1
3 71 2
29 58 3
123 46 2
49 71 3
125 12 1
133 25 3
130 78 3
70 87 3
105 52 1
48 33 1
15 5 3
114 109 1
50 114 2
105 93 2
111 90 4
32 42 3
142 25 2
96 57 2
110 57 3
74 27 1
51 106 3
75 7 1
113 71 2
35 45 1
128 23 2
132 121 1
103 106 2
36 94 4
127 148 3
70 34 4
60 141 1
95 54 3
147 66 2
74 82 3
36 40 4
13 26 1
144 63 1
64 135 1
60 107 1
63 92 3
73 81 2
25 105 4
81 58 2
38 120 3
140 68 3
56 41 4
8 90 3
85 108 3
115 55 3
66 39 2
96 84 2
116 33 2
123 40 1
28 69 1
127 146 3
51 117 2
21 41 4
27 47 3
60 59 2
112 10 2
101 37 3
90 17 3
17 143 1
120 13 1
122 78 1
80 132 1
93 22 4
65 28 4
98 61 2
57 25 1
61 124 3
112 52 3
44 116 2
80 95 4
70 12 3
49 63 4
108 31 3
3 81 4
102 61 3
92 54 3
70 81 3
96 59 1
118 54 2
59 12 1
49 31 4
57 56 3
43 48 1
4 63 4
103 36 3
134 135 4
106 42 1
105 136 2
141 28 2
149 107 2
114 47 1
64 18 3
64 148 2
76 128 3
149 20 3
14 54 4
120 138 1
8 63 3
80 4 2
1 130 1
134 22 3
41 19 3
98 55 2
74 97 1
73 96 3
56 3 1
121 77 1
3 20 1
89 42 3
140 103 2
127 88 4
34 38 4
15 48 3
71 127 2
27 37 1
146 70 4
6 81 3
75 93 2
101 3 4
17 125 4
79 64 1
102 125 1
68 1 2
25 30 2
135 15 2
40 25 2
133 12 2
107 12 2
124 113 2
30 129 4
46 13 2
25 130 2
7 57 4
107 116 1
71 24 1
78 126 2
20 46 2
2 5 1
84 77 4
81 16 1
82 145 3
37 43 4
39 13 1
95 105 2
43 20 4
140 3 2
116 85 2
60 146 1
70 13 4
80 104 4
74 9 2
88 78 4
74 135 3
0 52 1
116 149 3
43 128 2
119 41 1
23 146 1
47 9 3
51 9 2
12 99 1
26 101 1
36 31 2
57 48 1
57 108 3
90 102 2
86 61 4
9 65 4
106 62 2
135 94 3
15 142 3
43 50 1
10 105 1
111 100 2
11 104 2
91 36 4
139 110 4
27 148 2
73 12 4
61 29 2
21 56 1
107 123 2
110 89 4
80 66 2
10 53 2
18 113 3
109 121 2
4 23 3
18 93 3
99 38 3
87 51 3
71 48 2
18 63 1
42 67 3
37 50 4
62 20 4
119 5 3
107 21 2
1 58 3
53 69 4
71 102 3
8 22 3
130 149 1
59 90 2
10 75 1
3 5 3
2 138 3
40 105 2
98 105 1
140 71 4
121 79 1
49 97 3
132 119 3
104 33 3
115 140 2
134 88 4
112 126 4
63 119 1
82 91 1
67 116 4
132 10 4
25 71 4
134 43 3
137 53 3
109 117 3
29 120 1
72 28 1
114 137 4
50 14 2
94 11 1
92 49 1
114 87 3
47 37 3
120 98 3
55 137 4
140 43 4
43 62 4
129 34 2
148 92 4
39 81 4
42 25 1
33 45 4
88 1 2
61 10 3
143 107 3
83 126 3
24 83 3
57 122 4
25 78 1
5 113 3
90 77 2
113 134 1
82 17 1
53 50 3
136 21 3
38 110 2
117 82 3
83 3 4
44 100 1
148 144 2
82 7 3
122 13 2
132 97 1
70 90 1
74 12 1
132 98 4
116 23 2
14 121 4
15 81 2
20 38 4
109 9 3
84 67 4
143 68 2
110 32 4
66 104 3
42 18 2
50 1 1
107 77 4
140 13 3
136 118 1
149 106 2
132 72 2
43 89 3
61 95 4
117 17 3
21 131 4
103 24 3
16 46 1
71 76 4
36 75 3
19 28 2
118 103 1
124 86 3
137 18 1
80 2 3
106 47 2
31 119 2
12 111 1
102 63 4
86 13 2
136 51 2
129 72 1
92 53 3
49 37 1
49 80 1
29 20 3
23 98 3
91 17 4
116 82 4
1 137 2
59 79 1
63 16 2
130 81 3
23 1 3
95 16 2
115 101 2
97 118 4
17 56 3
78 140 1
127 31 4
132 108 3
26 122 2
142 53 3
79 37 4
88 91 1
49 4 1
91 64 4
134 63 3
94 116 1
120 72 3
81 127 1
138 17 4
24 136 4
80 79 2
69 148 4
2 63 4
88 58 4
29 89 2
113 64 4
68 11 1
147 30 4
32 38 4
22 20 4
20 40 4
90 95 4
106 111 4
46 27 1
121 102 1
100 144 1
43 22 2
100 125 2
19 12 4
16 105 1
117 104 4
148 52 4
91 66 2
123 23 2
88 101 3
114 22 3
76 65 2
42 149 4
47 3 4
92 85 2
114 116 2
52 12 3
33 70 1
27 58 1
11 133 4
42 90 3
2 9 3
73 9 1
10 70 4
64 114 1
18 94 4
70 62 4
41 0 1
44 31 2
35 12 4
34 121 4
40 135 1
104 135 4
118 17 1
67 118 1
40 124 1
56 90 3
115 68 1
116 37 4
51 108 4
117 36 3
48 50 3
95 114 4
64 31 4
114 88 4
11 145 2
30 47 1
119 50 2
142 96 1
92 36 1
45 132 3
98 3 4
128 49 1
42 97 4
106 63 1
35 139 3
34 126 1
50 118 4
19 141 3
7 8 1
96 75 4
42 7 4
35 107 3
85 119 1
81 5 3
31 147 1
54 8 2
40 31 4
51 100 4
106 86 2
30 107 3
71 32 2
73 4 3
55 123 1
67 15 4
32 107 1
22 117 2
45 29 3
66 75 3
112 92 3
11 130 3
103 19 2
138 97 1
53 87 2
64 142 4
30 146 3
141 34 1
99 21 3
122 99 2
79 107 3
137 148 2
95 7 3
93 130 4
100 113 2
17 130 3
62 18 2
86 35 4
82 67 1
11 146 3
74 65 4
116 34 1
149 91 4
36 46 1
72 42 1
108 38 3
85 133 4
34 124 2
83 96 1
17 102 4
147 69 4
147 35 2
84 28 1
0 47 2
11 148 4
58 134 3
93 56 2
71 29 3
113 45 3
60 124 4
113 47 3
102 107 2
76 63 3
97 145 3
108 102 3
91 104 4
42 136 4
135 30 2
134 118 4
145 76 4
89 133 2
99 133 4
91 16 1
91 134 4
65 109 1
119 140 1
111 131 2
18 126 1
116 143 2
50 86 4
92 32 4
116 50 4
60 24 1
23 79 2
52 109 3
23 94 2
79 0 4
100 102 2
114 21 2
100 55 4
28 123 2
105 18 4
121 36 4
140 52 1
133 110 1
63 72 3
64 94 3
102 91 1
88 102 1
101 103 2
101 75 2
89 149 3
134 60 4
19 85 3
123 31 1
73 71 2
7 25 3
27 1 2
82 21 3
4 13 2
2 78 2
129 16 1
15 119 1
117 139 4
148 125 3
129 67 1
5 100 2
69 15 1
121 108 2
140 110 3
58 110 1
97 93 3
10 88 1
18 148 4
5 53 3
119 126 3
111 116 4
144 114 3
43 78 4
38 60 1
4 141 3
110 147 3
119 103 4
32 114 1
70 68 1
74 48 4
132 148 4
137 135 3
47 110 2
118 46 2
57 116 2
96 42 4
73 125 2
25 34 2
56 5 1
51 48 1
118 3 1
141 92 1
120 27 3
37 29 1
6 122 4
68 61 4
118 83 3
28 88 2
6 72 1
77 133 3
139 92 4
101 97 1
126 122 3
101 39 3
139 16 3
110 59 4
57 78 2
113 17 4
46 95 3
125 54 1
67 110 3
0 131 1
110 122 2
145 69 3
130 79 2
76 94 1
37 78 1
24 76 3
93 24 1
115 10 2
116 140 3
121 28 2
131 23 1
62 37 4
27 124 4
69 6 3
112 19 2
7 128 2
84 12 3
46 72 3
132 6 2
69 146 2
6 94 2
60 27 4
119 56 1
14 8 4
126 23 2
37 44 4
138 148 3
39 87 1
126 148 1
108 124 3
143 81 2
105 71 2
101 42 1
116 128 2
52 57 1
39 148 3
94 86 4
95 98 3
137 104 2
5 25 2
18 9 1
89 71 1
81 40 3
28 138 1
63 122 2
124 115 1
144 120 2
94 129 1
67 96 2
21 43 4
11 55 4
115 88 2
75 111 2
66 14 1
148 96 1
30 138 4
19 140 2
116 0 4
38 96 1
24 144 1
142 95 2
147 98 1
65 135 1
142 105 1
118 1 3
69 89 2
53 0 3
85 30 3
97 62 2
104 38 2
8 135 4
144 7 4
16 11 4
58 112 1
121 104 4
87 71 2
50 66 4
94 61 4
41 2 3
106 69 3
44 30 4
117 126 3
17 114 3
34 98 2
37 92 2
32 34 4
24 20 4
61 138 4
109 37 1
132 2 2
64 27 4
4 42 1
11 34 1
77 48 4
92 4 3
105 134 4
20 54 4
93 46 1
147 18 2
142 28 1
12 43 3
55 106 2
14 37 2
140 12 2
6 68 4
78 30 2
78 50 1
64 124 2
91 23 3
41 54 3
35 38 3
12 139 2
74 35 3
30 126 4
58 76 1
79 144 1
88 123 1
56 6 4
31 53 1
12 8 2
111 7 1
66 7 2
135 107 2
67 92 1
44 111 2
124 142 4
71 133 3
110 132 4
6 52 4
16 22 3
138 71 2
32 145 3
58 7 4
143 140 2
61 87 4
73 118 2
16 57 4
10 137 3
98 65 1
3 22 2
129 135 3
91 20 3
64 25 3
5 14 2
81 79 2
11 21 1
25 125 3
80 119 3
56 102 4
80 72 2
105 72 2
0 49 3
65 22 2
37 70 3
118 145 2
12 71 3
142 128 3
56 59 2
122 48 1
129 118 1
145 25 3
33 74 1
87 46 2
126 96 4
65 86 4
105 87 3
106 114 1
9 12 3
105 53 4
100 127 2
74 37 1
11 114 3
50 45 1
57 61 4
36 141 4
76 126 4
70 127 4
70 106 2
147 109 3
119 61 3
59 25 1
12 40 4
114 82 4
135 71 1
82 15 1
49 137 4
10 47 1
54 55 3
19 116 1
149 65 3
43 11 4
124 69 4
90 80 2
68 138 2
120 3 2
81 43 4
88 48 4
98 27 4
108 19 1
148 128 2
140 60 3
58 56 4
145 88 2
101 60 1
93 53 1
88 85 1
58 66 2
63 14 1
109 123 2
96 16 2
95 138 3
83 79 4
37 102 1
119 77 2
63 136 2
126 53 2
3 75 1
7 47 1
82 62 4
49 146 4
104 85 4
48 41 4
86 119 4
41 105 3
121 70 2
36 98 4
120 10 4
64 102 2
119 21 1
111 56 4
5 128 3
143 3 1
75 117 1
147 33 2
56 121 3
54 82 3
44 137 3
68 4 2
87 86 2
92 116 2
15 43 3
119 69 1
44 58 2
64 34 1
40 67 2
16 45 3
123 139 1
29 98 3
35 124 3
41 99 4
143 53 3
41 37 3
87 22 3
39 31 4
5 117 1
1 87 1
86 23 4
20 85 2
93 108 2
35 100 3
121 97 1
27 142 4
51 20 4
39 70 4
23 59 2
100 138 2
50 125 1
90 84 1
14 49 3
16 27 3
87 24 2
80 88 2
40 15 2
63 27 2
46 47 3
140 111 4
144 110 2
126 54 4
147 37 4
93 20 4
141 76 2
101 133 3
107 140 1
108 17 4
109 38 4
117 95 2
63 41 1
140 23 2
83 20 4
43 132 3
89 33 3
137 89 2
132 85 2
62 15 4
26 17 1
77 128 4
143 133 2
59 132 2
0 43 2
7 105 1
78 14 2
6 136 2
5 49 3
39 143 1
71 145 3
116 113 2
3 64 4
103 46 2
30 27 1
24 122 1
93 134 3
119 42 4
57 72 4
39 53 4
118 105 1
127 97 3
68 72 1
148 37 1
16 58 1
46 119 3
142 93 3
0 93 3
69 144 3
139 57 1
57 51 2
79 146 3
5 55 3
28 78 4
131 120 1
73 122 1
37 19 3
52 20 1
93 136 3
9 93 4
85 26 1
88 130 4
109 53 1
55 24 1
25 52 1
126 46 2
43 139 4
41 146 4
140 53 4
101 139 1
59 131 1
50 13 3
132 118 2
90 50 2
109 71 4
129 132 4
61 84 3
148 117 1
51 145 3
144 139 2
77 86 2
65 51 4
4 147 3
39 115 3
99 29 4
6 61 3
68 92 2
36 9 1
22 121 3
15 66 1
84 10 4
27 102 3
83 39 1
149 9 3
26 37 2
42 69 1
98 135 2
133 4 1
42 102 4
103 77 1
21 16 1
48 55 3
21 47 1
75 9 3
89 118 3
47 105 4
118 115 3
17 44 4
107 139 4
97 143 3
24 106 3
142 69 1
103 138 1
91 61 1
14 73 4
43 16 3
107 44 2
146 13 2
26 94 2
24 4 4
60 0 3
24 18 2
144 97 3
52 33 2
113 109 4
124 90 3
20 148 3
38 141 1
56 1 3
126 104 3
143 48 2
147 13 1
4 125 4
21 109 3
30 13 2
101 130 3
129 2 4
55 7 1
33 51 3
46 149 3
95 34 1
9 19 1
53 43 1
36 145 4
44 28 3
144 72 4
9 3 1
120 44 3
38 30 3
100 147 4
38 46 4
87 42 4
123 25 3
123 4 3
29 85 1
104 16 2
139 66 4
22 96 1
70 120 1
19 67 2
46 79 4
137 142 4
84 113 2
23 74 1
148 76 2
43 87 4
23 99 2
24 80 3
19 149 4
129 24 3
34 115 1
53 115 3
108 96 3
36 45 4
73 104 2
46 35 1
95 128 4
15 31 3
104 105 2
73 59 3
38 22 1
82 11 3
32 93 1
36 4 3
68 22 2
105 32 3
102 142 4
147 3 3
107 42 4
103 66 2
97 18 3
50 29 3
49 100 1
126 41 2
26 11 2
16 52 2
62 109 4
110 85 4
26 35 3
2 89 1
19 69 4
23 27 4
92 38 1
12 57 3
21 34 2
61 4 3
9 45 4
143 76 4
65 18 4
126 21 3
40 19 3
130 10 3
98 46 2
36 114 3
66 69 1
46 17 2
95 140 3
130 86 4
39 28 2
24 69 4
75 78 2
51 21 3
126 43 3
148 130 4
80 111 2
135 93 3
62 116 4
21 63 2
6 33 3
77 120 3
39 107 3
1 11 1
62 50 2
25 112 4
123 58 3
109 144 3
22 41 1
131 138 4
53 89 4
77 16 3
34 17 1
44 138 3
94 149 1
20 69 4
63 47 2
99 69 1
90 104 3
86 10 1
139 13 1
8 138 3
145 43 1
105 114 3
141 121 1
115 17 3
110 93 2
36 38 1
120 16 2
148 147 1
4 110 3
134 73 4
144 119 1
107 78 2
126 9 4
70 91 1
118 92 2
27 38 2
58 109 1
121 5 2
26 28 3
130 71 3
117 37 3
77 75 1
137 141 3
97 111 2
49 59 2
34 99 1
78 91 4
64 4 4
86 69 3
126 100 2
99 59 1
102 78 4
133 81 3
104 149 3
94 33 1
117 146 2
84 48 2
2 134 1
137 37 2
76 54 3
36 37 1
11 140 4
10 114 3
112 64 2
110 16 4
111 137 4
112 117 3
139 72 1
42 3 3
12 121 2
88 118 4
34 147 1
26 73 4
136 121 2
25 32 3
100 0 3
20 147 1
38 50 4
74 142 1
36 8 2
113 11 4
111 99 2
89 17 1
40 104 4
93 145 1
23 102 1
109 124 4
12 110 1
143 121 2
142 99 2
17 96 4
121 120 2
86 82 1
28 95 3
129 114 1
32 137 3
136 98 4
15 103 2
121 135 3
111 71 2
15 117 2
136 39 2
148 33 2
5 132 4
43 110 1
26 104 3
149 87 1
92 72 1
53 22 1
124 91 4
147 117 4
94 102 2
84 39 3
49 96 4
4 74 1
117 76 1
80 6 4
67 49 3
40 106 4
128 74 3
76 37 2
104 45 3
55 117 1
82 136 3
112 105 1
139 96 1
148 119 2
130 34 3
109 93 1
67 75 1
126 94 1
82 20 4
142 121 4
142 139 2
15 138 1
33 57 1
74 130 1
58 14 1
15 137 2
32 103 2
106 138 1
12 109 3
97 96 2
81 21 3
39 49 1
119 30 1
48 104 2
53 12 1
132 124 4
20 79 3
74 51 1
37 83 3
44 136 3
32 39 3
103 1 3
102 13 4
34 110 1
13 32 1
109 112 1
95 10 4
108 94 2
26 33 3
103 67 4
82 131 3
136 147 4
104 125 4
85 66 2
1 95 2
123 8 3
101 148 4
61 115 1
130 6 2
94 29 3
105 42 4
46 80 3
141 44 1
125 35 1
149 7 4
90 18 3
44 57 1
136 1 3
90 10 1
111 78 2
19 0 4
66 59 3
30 33 4
39 126 3
84 139 2
105 24 4
68 133 1
143 25 3
36 7 1
36 85 3
137 70 4
54 40 4
63 61 4
124 21 2
58 119 4
86 63 4
127 85 4
39 51 2
137 99 1
35 149 2
42 94 3
11 67 3
8 4 3
8 107 3
128 137 4
149 129 2
80 50 4
5 77 2
145 139 3
61 38 4
25 122 3
116 73 4
141 113 1
32 148 1
36 125 4
138 74 3
97 123 3
124 131 3
25 20 3
134 140 4
3 130 4
65 1 2
13 137 4
111 92 4
60 108 1
115 30 3
81 101 2
107 98 3
70 73 3
21 12 3
109 50 3
136 17 2
51 38 4
7 109 1
123 99 3
34 24 3
140 73 1
19 45 3
109 98 4
6 65 1
97 36 4
51 62 4
35 60 2
96 98 1
139 61 4
142 89 4
97 77 2
145 55 1
55 111 2
26 23 3
30 15 3
95 146 4
13 56 2
15 102 4
87 77 1
134 71 2
74 39 1
98 91 4
141 49 2
66 120 1
88 33 2
121 85 4
24 2 4
52 4 1
22 24 3
68 100 4
79 47 4
136 49 1
71 58 2
119 131 2
101 123 1
111 24 2
49 17 4
122 103 4
1 31 3
5 102 1
127 131 3
83 137 4
26 29 1
3 41 3
119 25 3
106 94 2
120 80 4
140 127 4
145 115 3
105 88 4
68 39 4
70 71 2
95 19 1
72 73 2
51 41 4
138 121 4
115 129 2
129 29 2
8 143 2
33 117 4
116 134 1
39 56 3
39 6 1
121 113 1
125 16 3
39 104 4
107 24 2
117 115 3
53 1 3
20 134 2
22 51 2
8 9 3
52 142 3
83 72 1
118 112 4
93 8 3
72 3 4
37 25 4
53 111 4
27 4 3
67 56 3
74 49 1
76 62 2
29 25 1
111 16 4
49 61 1
37 88 1
57 111 3
20 124 3
52 34 2
28 102 1
8 104 1
81 131 2
56 43 2
21 129 2
49 33 2
84 80 4
9 55 3
85 21 4
130 97 1
111 51 2
1 94 4
14 109 2
141 71 4
75 29 3
104 51 3
90 105 2
91 118 2
102 57 1
107 128 2
18 10 4
61 117 1
51 107 4
97 52 1
49 140 4
56 47 4
77 40 2
61 19 3
20 48 3
111 11 2
17 29 2
61 112 3
122 85 3
132 62 2
27 67 4
3 113 3
99 17 1
119 2 1
24 0 2
133 70 2
4 55 2
77 58 3
93 71 1
88 108 4
136 61 1
49 108 2
113 96 1
51 61 3
120 49 1
13 76 2
89 145 4
19 34 1
120 84 4
108 81 1
78 114 2
29 32 1
58 95 4
110 6 3
118 85 2
44 128 2
69 38 3
97 141 1
145 86 2
0 25 4
139 64 3
18 115 3
43 45 3
19 27 4
107 74 4
100 112 2
132 28 4
106 60 3
141 62 2
134 89 1
106 130 2
62 129 2
58 111 1
26 138 2
64 68 3
52 38 1
92 133 1
149 59 1
11 53 2
30 103 2
88 100 2
70 51 1
83 101 1
63 94 2
68 48 3
32 57 2
35 0 3
1 16 4
3 108 4
86 55 2
33 136 2
129 147 3
100 73 4
104 108 4
47 16 3
78 76 3
98 35 3
98 24 4
110 121 1
32 101 1
39 73 3
14 32 2
41 9 2
80 133 2
19 115 3
104 128 1
111 139 4
146 80 2
44 24 1
131 146 4
80 37 2
132 131 4
59 127 4
106 13 4
88 51 3
8 133 2
61 16 4
126 68 4
116 52 2
136 103 1
10 82 1
86 139 4
2 100 2
37 48 1
137 145 1
78 19 2
67 51 3
78 48 1
110 88 3
93 139 4
42 21 2
27 113 1
40 7 2
1 138 4
19 59 3
102 103 4
45 10 2
74 32 3
69 143 1
119 20 3
3 14 4
35 21 1
73 52 4
123 78 2
129 80 4
23 105 4
6 29 4
99 100 4
105 11 4
81 42 4
139 83 3
66 82 1
32 129 1
28 77 4
141 99 2
141 134 3
63 145 3
60 97 1
16 109 4
13 99 3
65 130 1
106 128 1
27 61 4
83 15 4
54 37 1
125 103 2
72 21 1
82 39 4
38 88 4
5 27 3
89 27 4
137 21 4
121 68 3
85 33 2
123 38 2
104 44 3
38 40 1
11 84 3
28 14 4
61 65 3
106 52 4
84 36 2
100 32 2
66 26 1
38 124 1
42 120 4
94 103 2
120 82 4
130 61 2
121 45 3
22 111 2
135 95 2
128 66 4
88 2 2
22 33 4
122 129 4
69 56 4
12 2 2
122 71 2
122 117 1
81 44 1
43 71 3
15 52 2
34 71 1
54 64 3
149 124 1
21 148 2
11 142 2
16 127 4
91 28 1
81 69 4
112 43 4
116 95 4
80 13 2
59 8 4
108 135 4
59 121 3
14 84 2
85 9 3
99 46 2
4 97 2
131 20 2
10 20 3
135 119 4
112 73 1
140 79 3
105 21 1
63 19 4
23 121 3
14 69 1
84 110 4
94 143 2
74 57 3
29 112 4
15 90 2
92 58 3
16 79 2
40 116 3
87 35 1
148 36 3
45 92 1
87 143 2
129 78 4
98 40 4
131 142 3
28 129 2
87 49 4
85 135 4
85 43 3
10 117 2
64 50 3
7 79 1
106 49 2
24 9 1
135 32 3
100 84 2
112 21 3
74 96 4
125 137 3
32 146 4
74 41 1
81 122 3
9 17 2
92 11 2
39 35 3
85 107 2
24 1 2
91 63 1
120 142 1
117 39 1
134 4 1
98 121 1
61 12 3
25 69 2
129 133 2
62 117 2
78 134 2
61 74 3
65 48 3
111 143 1
27 125 2
36 127 4
6 112 2
80 55 2
56 134 4
129 59 1
130 121 2
125 94 2
126 142 2
27 41 4
64 110 3
117 68 2
11 103 3
13 24 2
51 71 3
128 141 1
90 54 3
90 0 2
76 84 4
100 106 4
116 25 3
104 97 1
52 144 3
61 82 3
70 11 2
65 90 2
114 110 4
62 103 3
54 124 3
12 45 3
136 144 2
35 37 1
2 34 4
144 111 1
146 3 3
30 21 3
144 87 4
29 121 1
147 70 4
23 24 3
12 23 2
147 101 4
110 102 3
99 74 4
71 74 2
47 147 2
8 126 1
97 2 4
10 96 2
18 13 4
42 141 2
105 84 2
9 110 3
23 55 2
59 84 3
102 53 2
14 53 1
142 125 2
130 115 2
79 106 4
124 43 2
137 97 1
71 120 1
112 38 4
90 86 3
49 44 2
104 57 4
141 145 4
15 60 1
87 111 3
108 90 3
92 132 1
42 70 1
97 54 1
45 143 3
1 32 4
127 35 4
97 147 3
60 3 1
0 51 2
145 116 3
85 75 2
53 123 4
6 93 3
62 80 3
35 53 1
58 107 3
133 108 2
93 52 1
35 129 3
26 63 2
11 106 1
30 12 2
29 28 2
10 131 3
33 81 3
132 57 3
102 68 2
14 139 4
82 73 1
135 37 2
145 144 4
113 87 2
59 31 2
38 136 1
137 57 4
136 32 2
144 33 3
147 54 3
136 36 1
40 45 4
132 105 3
143 102 1
138 46 4
107 61 1
108 98 3
79 102 1
2 128 1
104 64 1
17 25 4
122 123 4
144 94 3
44 132 2
117 28 3
48 35 1
62 3 2
73 83 1
114 67 1
76 83 1
138 141 2
148 58 1
107 145 2
143 117 2
136 127 1
79 143 1
112 93 3
27 73 1
19 2 2
76 101 2
116 84 1
144 83 1
146 124 1
2 105 1
80 33 3
49 38 4
58 84 3
135 22 1
144 60 4
49 115 1
123 3 1
105 66 2
36 135 4
6 45 2
102 127 1
18 139 2
25 9 1
85 80 2
137 127 3
37 140 3
4 0 2
90 66 4
149 100 3
126 66 3
55 46 2
137 90 3
126 40 2
113 131 4
5 76 4
78 16 1
126 88 4
132 84 1
99 82 4
25 35 1
104 120 4
141 118 1
0 95 3
28 127 3
40 39 2
99 125 4
89 97 2
84 62 3
6 78 2
79 42 1
55 38 4
127 118 2
59 16 1
90 19 2
18 23 2
93 26 4
49 88 3
103 104 2
6 5 1
38 82 3
127 21 1
68 59 2
42 65 4
93 125 1
97 122 1
147 29 1
27 127 3
19 53 1
125 132 1
70 84 4
80 38 3
82 104 3
70 136 1
114 112 3
143 20 4
148 47 4
77 14 3
128 12 2
137 25 4
4 121 1
149 0 3
147 5 1
15 20 2
81 63 3
100 48 2
38 94 2
134 28 3
15 130 2
105 27 2
27 119 1
0 65 3
122 33 4
45 44 2
37 8 3
32 86 4
21 149 1
113 35 4
119 91 4
111 38 1
43 111 1
149 64 3
135 138 4
66 45 4
103 61 1
116 77 4
16 99 3
64 105 3
65 82 4
65 63 2
38 131 1
57 120 4
109 24 2
123 7 4
137 43 3
15 112 2
33 43 2
89 70 4
27 57 2
97 3 4
108 111 2
104 77 1
7 146 3
9 124 3
47 44 1
85 73 3
34 27 2
53 54 2
133 124 3
58 24 4
141 24 4
60 75 4
55 96 2
132 26 4
126 35 4
15 4 2
97 103 3
116 130 4
5 7 2
39 110 4
10 49 4
63 30 2
26 72 4
42 121 2
45 131 2
61 44 2
73 61 4
9 44 1
81 2 3
115 14 1
135 66 4
7 81 1
130 42 4
122 75 1
12 79 4
108 0 4
38 58 4
48 82 4
103 20 2
118 82 3
90 131 2
32 113 3
54 117 4
55 14 2
118 21 1
79 50 1
5 18 3
57 18 1
86 114 4
94 48 2
114 77 3
27 146 1
6 140 2
8 99 1
66 52 4
94 54 2
