5588 150
0 61 9
61 147 4
147 115 3
147 116 6
0 31 7
147 29 6
116 26 4
26 101 9
101 148 7
116 89 7
101 35 7
89 80 9
29 124 1
80 96 6
29 107 6
35 85 5
29 21 3
21 149 1
115 106 4
21 56 4
26 70 3
31 83 6
26 94 5
83 49 3
29 7 2
96 135 3
96 129 6
106 17 8
29 111 8
61 48 9
101 22 9
31 33 5
33 55 9
17 72 4
7 54 9
89 57 8
116 39 4
22 104 4
135 41 7
17 38 6
148 5 3
115 93 6
83 37 9
96 114 6
94 58 9
5 36 9
135 1 6
57 15 9
55 71 2
38 141 6
149 136 4
106 99 2
55 66 5
54 2 7
56 23 4
106 91 1
80 60 2
99 92 9
1 79 7
89 105 6
72 120 7
93 110 1
116 12 2
57 43 8
56 145 4
1 109 9
80 9 1
61 24 4
22 123 7
115 127 5
24 82 6
89 74 2
43 28 7
107 32 7
60 53 4
56 62 1
116 77 8
82 25 6
148 126 7
114 30 9
28 128 1
25 10 7
55 3 8
43 133 2
92 8 8
83 27 1
111 16 7
48 76 2
58 137 7
109 45 1
15 113 5
7 81 7
27 34 5
49 144 2
115 52 6
106 42 8
28 119 3
23 6 9
141 67 9
104 125 1
83 69 7
9 108 8
76 63 2
93 75 7
8 47 8
35 142 8
101 14 8
48 86 5
137 143 8
143 122 9
43 117 9
85 19 6
109 18 1
89 46 8
115 13 8
67 140 2
12 68 5
15 78 6
116 59 1
94 4 2
18 130 8
8 73 7
25 131 2
63 20 3
128 84 3
10 64 3
39 50 4
60 132 3
81 121 2
128 40 5
113 97 3
58 112 9
49 102 6
14 44 4
143 139 3
94 88 4
60 118 2
49 65 1
31 51 7
85 90 5
72 11 9
7 100 1
50 138 2
37 103 3
35 134 7
133 87 1
79 98 4
134 95 1
89 146 1
76 8 4
12 96 1
107 24 3
27 110 2
46 90 4
69 123 1
51 93 3
149 12 4
119 101 2
26 17 3
121 20 4
57 90 2
128 103 3
124 104 3
111 88 1
103 94 3
96 56 4
66 58 4
44 149 3
8 82 4
49 111 3
10 55 4
135 19 3
94 24 3
149 90 3
44 103 1
133 5 2
85 97 1
133 93 3
43 44 1
44 115 4
73 114 1
135 37 3
73 96 2
48 132 2
58 51 3
118 139 4
103 138 2
93 102 1
46 118 1
135 12 3
60 65 4
48 130 3
39 110 3
76 136 4
12 4 4
59 33 3
72 95 4
116 143 3
96 138 3
131 90 1
40 143 3
141 5 1
107 69 1
134 21 3
86 96 2
145 43 1
47 119 1
13 110 1
22 47 2
16 25 4
23 28 2
140 44 2
117 126 3
15 1 4
101 46 2
19 72 3
15 42 4
146 60 1
86 129 4
59 79 3
71 48 1
27 78 4
50 20 4
36 37 1
83 126 2
71 66 3
67 135 4
91 51 4
106 84 3
43 32 4
23 66 3
3 128 2
124 1 3
28 124 1
50 110 2
50 123 1
62 63 2
56 113 4
6 101 1
43 97 4
18 146 3
52 46 4
18 75 2
100 23 3
107 65 1
30 128 3
33 12 2
5 107 2
94 96 4
71 144 3
71 142 4
31 108 4
125 122 4
23 22 4
18 41 4
98 34 1
69 116 2
48 136 3
77 19 1
100 97 2
36 124 3
136 31 3
119 109 1
37 23 3
63 22 3
117 110 4
69 127 2
97 133 4
148 100 4
121 88 3
96 39 4
127 19 2
52 86 4
119 43 2
17 73 1
26 143 1
61 92 3
92 11 2
71 83 4
48 0 3
106 72 3
75 114 4
74 38 1
47 64 1
55 85 4
85 141 1
73 70 4
130 11 2
61 104 4
127 10 1
49 139 1
121 65 3
56 19 3
1 81 2
106 77 2
46 136 3
34 46 4
67 136 3
44 33 4
87 123 2
11 38 1
17 20 2
101 102 2
104 51 4
69 149 2
109 10 1
55 129 4
71 11 2
9 0 1
96 97 4
19 46 1
148 18 3
66 2 3
109 93 2
66 140 4
95 58 3
35 5 2
141 95 1
92 116 4
14 36 3
124 125 4
103 102 2
62 6 4
25 137 4
139 103 1
70 76 3
36 76 2
46 127 1
79 61 2
111 33 2
111 83 1
41 69 4
107 18 1
56 129 4
99 45 3
21 78 3
81 99 1
100 127 1
143 106 2
3 122 1
53 48 4
71 115 4
76 10 4
68 0 2
132 21 3
144 30 4
66 69 2
83 92 4
50 72 3
118 117 3
78 63 3
62 21 2
57 12 1
63 51 2
46 56 4
93 49 2
12 110 1
26 21 1
138 20 1
2 106 1
43 25 3
15 47 1
87 8 3
59 54 2
13 11 4
140 80 2
1 78 3
88 116 2
13 89 1
21 3 3
69 80 4
26 65 1
42 13 4
117 140 4
58 13 4
61 143 3
78 115 3
129 64 1
12 17 3
110 144 1
145 84 4
104 109 2
45 85 4
67 54 1
137 148 2
107 118 4
43 58 1
43 62 3
99 29 1
57 14 2
90 143 1
141 94 2
35 9 4
20 38 4
88 2 3
2 90 3
72 126 2
49 108 2
128 2 4
30 107 4
106 87 3
4 111 2
59 19 1
98 47 1
145 6 2
128 92 1
148 73 1
114 25 1
6 123 3
87 83 2
91 127 4
22 25 2
57 58 3
83 121 3
146 108 3
128 48 1
13 32 1
143 25 3
9 15 4
113 19 1
132 27 3
91 70 2
99 27 1
16 133 1
124 66 2
17 54 2
67 78 4
117 143 2
73 1 4
21 48 2
58 115 1
47 53 1
144 2 2
124 110 1
107 64 2
141 53 4
69 121 2
17 133 4
118 149 2
61 25 3
50 112 3
72 116 2
148 88 2
131 59 4
105 116 2
107 105 3
36 29 4
86 19 3
36 108 4
73 38 4
19 106 1
145 106 4
13 81 4
129 18 3
77 148 4
144 12 3
80 108 3
97 112 3
134 140 1
111 7 3
47 14 2
90 96 4
123 70 4
15 124 1
26 18 1
143 82 3
18 110 4
98 112 4
138 97 1
108 97 1
16 69 3
61 50 3
21 119 3
53 76 2
80 5 1
60 21 1
126 20 1
102 129 2
140 55 4
38 83 2
106 53 4
115 119 3
93 89 3
87 95 3
52 2 1
41 80 2
32 115 1
59 56 1
58 147 3
138 140 3
6 110 1
35 34 1
84 97 3
114 99 1
98 97 3
2 82 4
143 43 2
70 36 2
46 7 3
29 128 1
13 118 3
119 45 3
135 86 2
51 36 2
77 71 1
35 45 2
121 97 2
147 6 2
6 71 1
10 12 3
90 72 2
23 149 3
91 116 2
23 89 2
135 92 1
95 115 2
36 11 4
66 130 3
39 132 2
146 98 3
134 20 4
13 90 1
126 142 1
57 136 4
49 28 1
137 109 2
22 72 4
15 93 3
39 41 2
19 79 4
19 24 1
70 112 4
37 76 2
2 3 2
51 137 2
2 60 4
51 98 3
8 112 3
58 65 3
18 144 4
79 18 1
69 122 3
28 112 1
50 80 2
49 5 2
107 73 3
32 132 4
139 98 1
64 44 1
127 147 2
114 24 2
52 60 1
77 51 3
109 75 1
12 50 2
148 75 1
142 32 4
138 43 4
106 132 1
67 9 2
69 22 1
31 17 1
113 122 4
138 22 4
5 82 4
105 47 4
118 50 1
70 1 3
29 35 1
148 32 4
107 106 1
69 27 2
81 142 4
29 134 3
143 148 3
136 89 3
115 23 4
33 16 4
108 116 4
69 39 4
29 41 1
24 4 1
144 112 4
86 51 3
16 43 2
97 28 2
6 128 3
149 48 1
130 28 3
96 74 4
34 15 3
106 24 4
83 44 4
50 10 4
123 46 4
107 19 3
144 96 4
117 115 3
72 109 3
144 53 3
120 145 2
104 131 1
9 92 2
50 0 1
116 36 2
29 108 2
34 26 4
136 77 4
134 5 3
41 21 1
44 53 1
119 55 4
141 106 3
72 114 1
93 40 1
129 61 1
101 111 4
72 80 1
28 145 4
7 40 2
26 71 4
97 55 4
138 143 1
145 32 3
122 145 4
102 0 2
133 66 3
63 4 3
66 28 2
101 40 1
12 88 2
81 89 2
98 145 4
49 12 3
133 19 2
80 110 2
131 141 3
145 101 3
6 103 1
72 141 2
52 122 1
68 61 2
117 35 3
47 3 2
77 27 1
104 18 3
137 113 4
38 127 2
86 6 4
55 11 3
99 57 3
110 68 3
46 3 1
101 44 4
109 82 4
78 3 4
5 88 2
102 17 1
47 21 3
62 46 4
127 5 2
88 77 4
30 133 3
22 89 3
149 28 2
119 9 4
68 136 3
51 136 2
1 94 4
14 109 2
47 95 4
124 75 1
118 70 3
68 90 2
146 73 2
19 20 1
87 62 1
61 40 2
137 138 2
40 70 1
64 40 3
121 41 4
105 121 4
110 42 3
50 11 2
110 94 2
17 33 4
48 55 4
63 142 2
98 32 1
106 88 4
135 129 3
135 64 4
28 12 2
79 34 4
113 81 2
73 44 4
14 133 2
80 73 4
34 144 4
64 100 4
0 64 1
89 24 2
88 65 4
70 96 2
20 64 3
98 87 3
121 37 3
105 97 3
9 147 2
143 97 3
119 5 2
123 141 1
129 121 4
46 139 4
94 34 1
91 129 4
80 107 2
46 94 1
100 54 3
3 31 2
146 84 4
22 32 3
34 42 1
120 23 3
22 46 3
62 7 3
45 53 2
107 43 4
148 0 3
77 44 3
49 7 2
6 26 3
134 77 3
142 83 4
105 130 2
80 35 1
61 27 2
136 17 4
29 72 4
59 0 4
81 129 2
43 103 1
70 46 1
17 132 2
106 36 1
33 107 3
67 111 1
137 47 1
43 102 4
75 56 3
124 17 1
63 146 3
75 108 1
146 35 2
131 35 4
116 40 1
71 14 4
59 128 4
29 9 2
23 61 4
123 54 3
126 42 1
93 56 1
13 55 4
58 82 2
120 45 4
47 44 1
125 106 4
130 94 4
74 18 2
75 68 2
137 100 4
79 53 3
50 78 1
95 130 3
132 28 4
41 66 2
38 102 2
62 143 1
119 125 2
65 73 2
12 146 2
31 81 2
117 3 2
93 33 2
128 51 2
146 76 2
110 28 4
106 58 2
110 121 1
20 141 1
15 68 2
145 18 1
80 141 1
119 0 3
100 16 3
17 32 1
26 148 2
96 91 3
11 119 4
28 143 1
2 130 4
126 3 3
0 52 2
94 29 3
76 109 4
71 47 3
33 92 2
117 128 2
74 119 2
109 40 2
75 135 1
38 142 2
83 0 1
144 148 1
17 37 3
115 100 2
75 115 3
107 124 2
124 76 4
109 129 1
24 103 4
53 20 3
17 128 2
64 15 1
139 132 4
39 59 1
18 143 2
31 45 2
8 116 1
32 146 1
23 9 1
44 50 1
119 104 1
106 18 4
51 102 2
143 92 4
144 20 3
0 74 2
122 5 1
61 17 2
120 74 3
13 19 2
22 79 2
30 134 3
108 76 2
94 74 2
77 80 3
31 127 1
11 79 3
50 3 3
55 59 2
60 149 2
132 100 4
91 86 2
129 76 4
47 33 1
35 145 1
104 83 2
134 143 1
121 90 4
89 16 1
29 86 1
55 45 4
103 142 1
147 104 4
124 18 3
106 47 1
51 71 3
121 31 1
10 121 2
57 123 2
88 149 1
123 106 3
72 146 3
120 110 4
48 72 3
138 1 4
12 107 4
117 54 1
31 34 3
54 144 4
41 36 2
83 39 1
86 8 4
24 5 4
92 147 4
135 60 4
126 51 1
64 137 2
38 110 3
118 49 4
144 31 4
142 112 4
63 136 2
88 137 4
121 16 3
58 148 3
43 26 4
128 35 4
95 101 1
46 73 4
92 106 2
148 86 1
48 120 2
149 89 3
19 17 2
14 25 1
60 70 2
104 17 2
67 86 4
134 94 3
104 98 1
99 46 2
47 89 1
105 21 1
98 89 3
143 59 2
120 35 1
83 100 4
144 42 4
24 90 4
75 45 1
42 128 2
51 52 1
117 85 3
131 15 1
117 37 3
75 110 2
125 65 3
143 38 2
117 36 1
116 134 1
34 91 4
115 87 3
108 4 1
89 14 1
9 37 4
27 59 4
52 117 1
63 53 4
122 30 3
100 134 3
53 9 1
95 83 1
79 57 4
129 90 1
112 23 3
138 10 2
73 145 4
33 131 1
45 39 3
84 3 1
11 32 1
137 139 2
52 10 3
64 114 4
129 11 1
20 79 1
37 72 3
65 53 4
137 9 1
29 105 1
144 69 4
6 42 1
34 49 2
15 8 2
72 87 1
36 80 2
31 84 2
117 60 2
8 81 1
4 60 4
20 12 1
117 56 1
16 130 4
32 102 1
147 78 3
14 24 2
67 24 3
46 68 2
56 92 4
26 29 4
42 52 2
69 110 1
25 98 1
32 128 2
19 130 4
66 149 3
128 31 2
72 56 4
114 77 4
30 75 1
62 103 3
52 33 1
95 137 1
113 28 4
4 127 3
85 62 2
120 57 2
122 0 1
111 110 4
136 87 4
140 106 1
17 134 3
124 47 4
138 132 4
128 61 3
16 92 1
50 132 1
79 80 2
87 24 2
78 139 4
75 129 3
70 133 1
19 115 2
122 39 3
25 37 1
43 27 3
96 26 4
61 117 3
86 90 4
74 40 4
53 56 2
9 149 3
71 18 1
132 13 2
131 30 1
113 75 4
117 77 4
43 132 2
1 52 4
41 126 2
49 59 4
60 66 1
139 125 4
81 137 1
68 79 3
97 63 3
141 8 4
14 19 3
97 88 4
53 64 2
38 140 1
125 18 3
78 100 4
117 93 3
75 138 1
138 102 3
24 104 4
6 54 4
4 36 1
85 81 1
14 114 1
68 99 1
136 44 2
65 139 2
67 102 3
49 98 1
49 47 3
81 65 2
126 32 3
84 104 3
25 4 4
34 146 3
139 2 1
146 41 3
52 101 4
82 85 4
113 45 2
81 11 2
94 127 4
136 53 4
118 37 1
46 1 3
138 84 2
95 81 3
141 83 4
43 63 2
22 87 2
6 97 1
100 141 3
60 42 4
106 59 1
127 14 1
36 114 3
122 46 4
79 17 3
33 41 2
3 95 1
88 55 4
136 19 2
57 78 2
47 96 4
84 13 4
125 126 2
35 62 4
42 8 1
14 15 4
76 148 2
104 143 3
116 64 2
22 39 2
16 134 4
134 41 4
102 58 4
22 118 2
40 94 4
59 23 1
90 45 2
46 76 4
34 12 1
6 142 1
91 72 3
142 91 3
139 26 1
63 14 4
24 86 1
14 72 4
94 11 4
111 69 1
81 134 2
112 62 2
69 40 4
112 15 1
0 113 4
87 51 1
118 12 4
5 106 3
104 126 3
138 124 3
138 105 3
148 45 3
75 92 2
103 69 3
131 66 2
100 136 1
77 72 1
24 137 4
15 123 4
20 101 4
83 132 1
41 52 1
137 132 1
5 42 3
119 102 2
65 46 4
99 91 3
17 131 3
88 48 2
77 70 4
141 23 1
43 36 1
44 13 1
37 80 2
126 30 3
43 17 2
104 100 4
120 108 2
34 28 2
50 27 4
1 47 2
138 109 2
73 43 3
5 63 1
19 3 2
149 53 4
122 106 4
32 46 1
52 92 1
122 84 4
22 111 1
57 2 4
125 3 2
109 69 3
13 130 4
35 135 1
66 141 2
116 63 2
11 113 2
65 6 1
103 115 1
61 28 2
87 41 4
109 79 2
149 6 1
20 27 1
15 71 4
13 143 2
105 143 1
144 102 4
74 45 3
12 119 1
124 103 1
147 140 1
101 97 1
60 38 4
47 70 2
62 75 1
55 60 2
8 18 1
117 96 2
141 29 3
45 18 3
122 117 2
83 61 4
112 84 2
93 90 2
127 12 2
147 122 1
55 134 1
20 8 3
135 40 1
27 122 4
135 59 3
123 84 1
147 80 3
137 12 1
146 66 3
40 35 3
6 64 3
71 103 2
67 110 4
129 136 4
33 96 4
99 26 1
75 63 1
1 40 3
80 12 4
90 133 3
106 4 2
81 136 1
62 99 2
91 14 1
125 31 2
53 71 3
112 132 2
54 11 3
74 17 2
120 36 3
1 59 3
65 15 2
82 126 4
32 34 2
10 141 1
41 137 3
139 45 2
97 129 2
54 97 2
46 132 1
106 27 4
113 49 1
74 37 2
133 101 2
26 68 4
20 119 1
14 119 1
23 95 4
79 25 3
63 24 4
110 118 3
89 92 3
62 145 3
146 142 4
50 17 2
144 107 3
139 11 3
97 147 1
80 103 4
147 100 4
40 68 4
23 87 4
13 57 3
19 45 4
51 16 4
69 128 1
35 47 3
111 58 3
104 85 1
76 128 1
85 6 1
91 43 1
133 141 3
24 52 3
134 125 3
30 10 1
60 23 2
44 148 1
81 57 2
40 18 1
42 104 4
5 12 3
78 17 4
26 131 2
8 94 1
117 80 4
56 106 4
6 125 1
78 55 3
110 77 3
9 143 1
105 76 4
56 77 4
38 78 3
122 78 3
19 82 4
23 83 2
27 107 1
12 113 2
53 125 3
92 91 4
68 103 3
21 49 2
93 146 2
58 101 2
102 116 1
8 21 4
68 88 1
92 48 4
127 109 1
62 115 2
17 3 4
59 64 3
28 58 4
104 14 4
100 142 2
32 26 3
69 6 1
74 12 4
142 137 4
35 109 3
20 136 1
114 8 2
91 149 1
109 101 3
140 103 1
122 100 2
51 135 2
80 93 2
108 130 1
120 91 2
97 142 1
91 10 3
36 137 2
94 32 3
105 103 4
140 87 4
76 123 1
123 145 1
30 47 1
27 103 4
146 86 1
143 86 1
4 143 4
55 115 1
145 23 4
33 75 2
113 98 2
37 138 3
90 9 3
34 59 1
80 61 4
33 118 4
26 137 3
127 22 4
44 32 2
66 49 2
91 27 1
139 130 3
22 74 2
33 29 1
41 106 4
22 99 2
54 30 4
81 80 1
9 76 3
111 122 2
58 46 4
46 72 4
33 127 2
64 45 4
13 82 1
39 67 1
125 141 2
129 28 4
4 148 3
147 26 4
88 54 3
58 45 1
71 108 3
80 82 1
21 40 4
117 101 1
27 116 4
28 107 3
146 125 1
27 89 3
129 12 1
121 45 1
18 86 4
90 49 3
66 116 2
86 89 2
49 40 3
138 53 1
97 23 1
71 94 3
11 44 3
136 38 4
31 52 1
72 69 2
4 65 2
65 102 2
56 103 1
96 3 1
117 139 3
75 85 1
56 140 4
119 122 4
24 119 2
88 56 2
109 23 1
117 70 1
65 70 3
30 74 1
14 120 3
148 30 3
1 80 2
22 1 2
87 94 4
57 19 4
52 48 4
100 123 1
133 130 4
44 141 3
96 89 1
83 120 2
140 93 4
145 36 3
25 133 4
78 26 3
89 130 3
29 123 3
141 139 3
91 125 2
146 120 4
92 35 3
18 91 2
64 49 2
136 98 4
141 37 4
144 79 4
88 44 2
76 149 1
9 5 1
57 52 2
47 56 4
44 60 4
77 122 3
53 46 3
113 60 2
111 146 4
20 32 4
83 124 3
26 84 1
20 88 4
9 125 3
41 100 1
73 7 1
135 16 1
96 15 1
12 136 3
107 13 1
30 136 2
109 15 3
22 103 1
77 97 4
51 37 4
33 13 1
42 94 1
117 44 1
91 12 3
98 48 4
6 21 3
10 100 2
53 97 4
113 80 4
42 22 3
92 71 3
146 5 4
120 119 4
34 25 4
40 127 1
19 110 2
76 75 4
116 7 3
88 83 3
59 102 2
125 123 1
71 85 3
123 144 3
8 89 4
0 82 4
11 21 1
80 94 1
21 18 2
127 77 1
67 66 2
5 138 2
149 0 4
137 31 3
63 91 3
140 114 3
6 11 4
91 110 1
49 45 4
85 103 1
108 15 2
51 21 3
40 146 1
78 112 4
147 1 3
39 133 3
36 6 4
36 2 3
110 10 3
109 42 2
45 30 4
55 142 2
55 98 3
71 50 3
43 134 4
59 72 4
102 10 3
27 137 4
18 141 2
144 77 4
55 117 2
120 55 4
46 69 2
61 139 3
70 23 2
149 105 1
137 50 2
88 30 2
110 76 1
120 69 2
60 119 2
92 117 3
68 149 3
100 99 3
10 45 3
16 4 2
131 83 2
88 60 3
25 18 1
7 127 1
114 93 3
108 124 1
22 12 4
120 116 2
96 125 3
118 2 4
126 96 3
88 132 3
55 109 1
87 65 1
108 118 1
20 92 2
29 93 3
16 97 2
109 61 3
133 86 2
80 137 3
102 27 4
92 148 2
122 43 2
121 111 3
125 120 1
66 34 4
45 62 2
1 62 2
80 148 4
76 118 2
28 2 4
20 52 2
118 84 4
122 131 1
64 37 3
145 53 3
117 73 2
98 131 3
100 110 2
94 142 3
13 109 3
4 105 3
17 99 2
55 7 4
148 136 2
101 42 1
13 45 1
112 39 3
110 1 2
98 109 4
142 31 1
6 91 3
99 87 1
71 68 2
17 35 3
27 65 3
146 136 4
84 94 3
21 94 1
89 39 3
50 102 4
121 24 2
104 60 4
50 57 2
75 104 3
81 116 2
55 95 2
63 108 3
44 79 4
30 17 4
134 2 4
148 35 2
44 129 2
74 23 3
78 140 1
11 90 4
98 23 1
14 39 2
81 107 4
55 149 1
4 78 2
125 73 3
140 95 3
135 14 3
114 98 3
48 122 1
128 20 3
95 39 3
60 143 1
7 135 1
73 109 2
111 11 4
13 127 1
42 96 4
61 22 1
131 116 2
83 80 2
84 111 3
43 146 4
145 59 1
62 18 3
33 19 2
135 58 4
52 47 4
38 81 4
64 34 2
68 124 4
65 35 3
56 133 2
85 137 1
17 88 1
55 145 4
127 121 4
55 61 1
97 106 4
135 94 4
91 33 2
117 64 3
144 115 1
77 43 4
105 49 4
119 94 1
109 59 3
47 29 2
71 62 4
95 22 2
65 54 4
53 24 1
1 7 1
44 69 1
92 86 3
121 19 4
68 7 1
107 94 3
2 45 2
140 16 1
79 35 4
22 130 2
64 83 3
46 102 3
95 89 4
67 52 2
107 55 1
68 47 2
78 34 1
13 0 3
54 44 4
3 44 4
36 12 2
43 51 4
90 77 1
2 137 1
16 98 3
118 79 1
127 120 2
6 87 3
96 131 4
25 104 4
56 58 1
57 74 4
103 18 3
58 67 1
107 58 4
39 71 1
68 120 1
107 45 1
38 115 4
35 24 2
115 22 4
42 7 4
70 56 2
78 68 2
106 15 3
114 105 4
1 142 3
125 99 2
82 68 2
62 134 2
52 98 3
79 91 2
0 86 3
74 143 1
78 2 4
147 32 2
72 101 3
47 145 1
39 90 3
145 76 4
82 110 3
127 36 1
88 73 3
52 59 1
9 132 3
75 95 3
112 133 1
115 25 1
127 49 3
119 31 2
28 27 3
92 103 3
104 40 1
34 99 2
36 65 1
41 17 1
77 82 4
82 26 1
20 97 4
3 129 4
15 148 1
94 41 2
45 36 2
110 107 4
97 44 4
54 133 4
50 7 4
147 36 4
131 61 1
81 131 1
86 107 1
42 86 3
134 123 1
18 82 4
27 74 1
47 75 4
43 69 1
31 61 2
9 30 4
9 82 3
109 141 2
81 86 3
56 110 1
53 104 1
35 95 3
80 145 3
114 118 3
83 55 4
51 60 1
6 0 1
106 14 3
25 126 2
78 82 1
26 133 2
39 25 1
105 127 4
61 18 2
42 21 4
75 131 4
68 17 1
53 12 3
36 135 2
73 34 3
90 43 1
96 51 1
78 0 4
84 66 2
68 70 2
23 29 3
94 55 4
125 23 3
73 106 1
64 119 1
118 101 3
19 90 3
123 105 4
21 90 1
144 83 1
14 30 2
80 68 2
4 59 2
55 17 4
58 90 2
94 66 3
26 88 2
60 33 3
146 126 3
47 114 3
134 93 4
39 53 2
45 115 1
46 45 3
124 93 1
58 72 1
134 44 3
88 128 1
45 44 2
102 30 1
122 17 2
65 50 1
123 64 4
74 61 3
98 67 4
143 101 1
5 41 1
74 55 2
42 129 3
132 82 3
105 7 2
18 119 4
102 64 2
114 87 1
129 36 3
123 61 3
147 119 2
15 60 1
106 65 1
4 100 1
95 138 3
146 116 2
115 131 2
51 27 2
63 128 1
117 147 1
146 14 4
2 61 2
48 30 2
130 6 3
73 98 3
111 28 3
73 138 2
65 80 1
47 26 1
19 102 3
71 130 4
1 119 1
91 57 2
42 119 2
65 149 4
55 12 4
3 18 1
33 11 1
85 16 3
31 95 3
19 73 3
103 20 2
116 6 4
65 123 2
92 94 3
81 144 3
130 45 2
71 134 1
17 98 2
99 131 1
96 49 1
135 81 3
97 8 1
104 134 1
105 135 4
99 3 2
102 117 3
77 99 2
21 16 1
141 3 1
38 47 4
86 136 1
105 60 1
85 128 1
82 36 2
139 59 1
9 107 3
78 83 3
41 143 4
76 34 2
55 72 3
132 61 3
92 59 4
141 57 3
104 122 4
140 116 2
88 69 1
109 124 2
83 21 2
52 109 4
134 18 4
9 135 3
115 7 3
147 57 2
94 133 1
24 50 2
10 145 3
148 53 4
67 47 1
48 123 3
142 34 4
4 46 4
138 49 3
131 48 2
44 81 3
49 85 3
77 23 4
109 90 3
107 16 2
79 32 4
32 14 3
41 145 1
46 131 4
29 131 3
18 50 1
40 33 1
27 141 4
146 64 1
3 121 3
138 52 3
47 143 2
76 49 4
88 103 1
129 9 2
50 35 2
142 87 4
59 134 4
116 52 2
87 85 3
24 92 3
25 132 3
1 132 4
49 58 1
65 120 2
38 63 1
14 116 4
79 104 3
11 109 1
41 19 2
135 29 2
8 107 4
66 121 3
29 15 2
67 146 2
82 72 2
108 69 2
25 123 3
127 83 1
41 16 3
42 122 2
54 113 3
69 49 3
12 134 2
138 133 1
52 49 4
64 71 4
134 133 4
62 61 1
144 124 3
143 85 3
130 123 1
74 35 1
128 24 1
12 93 3
61 82 2
34 7 1
76 59 2
62 16 2
57 33 4
25 110 2
114 130 1
110 0 3
117 12 4
141 63 4
69 129 4
97 86 3
118 17 1
142 134 2
69 133 3
5 38 1
22 110 2
82 28 2
31 98 1
111 102 3
25 141 3
51 46 1
56 67 2
40 53 3
99 143 2
134 53 3
109 64 4
118 130 3
145 13 2
136 66 1
40 10 4
32 78 4
146 122 1
94 64 2
13 136 3
64 11 4
14 37 3
113 29 4
65 9 4
149 3 3
47 6 2
132 101 3
133 120 1
88 135 3
126 65 3
71 0 1
80 4 1
65 84 4
79 21 3
89 85 1
116 97 3
69 37 3
140 6 3
52 40 4
38 71 2
140 133 4
140 45 2
40 131 3
128 133 3
140 40 3
83 128 4
94 117 4
70 16 3
82 55 3
141 87 4
19 66 1
34 95 2
136 71 1
4 66 4
46 126 4
60 85 4
53 59 1
96 130 3
116 121 3
73 130 3
69 61 3
77 64 3
126 22 4
59 117 1
49 30 3
34 124 2
83 36 3
85 18 3
94 138 3
6 15 1
124 149 2
23 85 3
23 137 1
82 129 4
79 76 3
26 67 3
32 73 1
126 6 2
85 79 3
33 1 2
72 13 1
71 35 2
26 3 1
28 96 4
21 36 1
82 7 1
82 83 4
32 81 3
2 51 1
70 129 4
40 106 3
7 47 4
87 79 4
108 77 4
13 71 2
9 126 1
52 125 2
23 132 1
104 29 4
55 9 4
135 98 2
137 104 2
124 127 1
9 95 2
106 86 2
129 115 4
103 110 4
15 104 3
96 62 3
32 29 3
147 11 2
48 108 3
76 3 2
96 2 2
93 36 2
145 57 1
116 73 3
145 60 1
149 142 1
7 71 4
105 93 2
54 145 2
140 136 1
49 81 4
63 145 1
114 70 4
112 7 4
14 26 1
139 82 1
50 91 3
114 125 4
110 134 4
50 116 4
51 127 2
13 75 2
138 111 4
134 103 3
138 135 4
50 95 2
144 111 3
112 40 2
126 122 3
26 15 3
110 9 2
80 57 2
102 5 3
144 46 3
75 123 1
14 27 2
89 103 2
4 95 3
138 127 4
141 68 2
81 46 1
55 31 4
122 135 2
108 109 2
24 31 4
130 3 3
22 146 3
102 126 4
8 96 2
71 34 3
4 5 3
26 31 3
39 137 1
84 74 1
136 58 1
58 19 4
92 126 3
43 39 2
94 2 4
85 52 2
39 108 2
148 109 4
30 56 3
87 139 1
34 77 2
148 69 1
29 16 3
5 55 1
15 110 3
24 7 3
105 133 2
119 134 4
48 45 4
88 78 3
73 20 3
61 141 2
97 40 2
63 126 3
131 16 3
11 60 3
41 78 2
86 47 4
114 13 4
134 37 3
41 10 4
86 2 2
18 81 3
140 83 2
137 76 2
34 70 2
23 49 4
144 29 1
31 58 4
129 116 4
27 145 3
44 139 3
87 25 1
133 132 2
71 61 1
84 59 4
94 76 2
32 75 1
7 58 3
104 8 4
103 145 2
61 108 3
64 25 1
70 39 3
73 134 4
43 130 1
14 5 4
90 69 4
136 93 2
137 122 2
72 20 1
110 23 2
139 37 3
9 31 2
42 87 3
20 112 1
62 133 4
73 13 1
148 110 4
86 118 4
14 148 3
110 66 3
38 146 4
131 38 2
60 86 2
81 45 2
52 28 3
114 135 2
7 138 2
99 25 4
22 70 2
66 93 2
31 60 2
51 120 1
75 28 2
48 3 4
76 43 1
24 69 2
105 120 1
40 27 4
20 46 2
10 80 4
64 80 4
89 45 4
0 101 2
16 67 1
100 46 2
149 43 2
67 68 3
127 60 1
77 146 3
2 30 2
55 63 1
115 120 3
26 63 3
101 15 3
77 83 3
82 124 3
132 37 3
14 16 4
23 113 1
95 52 1
24 21 4
112 72 1
137 30 2
80 18 4
134 146 2
90 29 3
34 56 3
29 51 4
39 15 3
140 107 2
93 92 2
130 47 2
25 108 3
29 127 2
62 86 3
126 36 4
39 62 4
84 102 4
120 0 4
86 109 4
148 98 4
0 37 3
55 144 4
31 118 1
119 103 1
96 38 4
96 55 1
5 25 3
114 138 1
50 120 1
17 139 1
23 147 4
8 63 3
57 68 3
119 95 2
132 110 2
115 16 1
134 72 1
96 136 4
58 125 3
69 142 3
20 28 2
4 124 1
126 94 2
81 67 2
13 70 2
118 64 3
4 130 3
67 13 2
56 52 4
77 0 3
75 40 3
104 88 3
118 67 3
84 42 2
25 90 2
35 3 3
2 65 1
98 106 3
94 18 4
133 83 2
43 59 1
128 110 1
26 36 1
101 125 3
55 126 1
140 2 2
67 0 3
26 121 1
148 17 2
35 115 3
32 123 2
91 20 2
48 40 2
88 16 2
25 67 2
121 42 3
33 62 1
107 101 1
19 11 1
32 119 3
33 136 2
78 142 3
68 69 1
113 119 4
47 20 3
129 54 2
42 63 1
25 31 2
79 36 3
101 32 2
87 2 1
69 42 3
7 96 4
17 140 4
104 115 4
94 65 3
98 69 3
2 47 3
23 5 3
78 110 1
135 73 4
121 78 2
10 66 1
108 88 3
11 132 3
119 146 3
76 27 1
43 19 4
112 143 2
26 98 2
145 136 1
74 136 3
135 97 2
91 115 1
129 108 1
93 45 4
127 76 1
88 36 3
56 55 3
114 56 3
93 119 4
106 81 4
141 86 4
94 148 3
80 109 2
42 29 3
97 14 1
39 81 2
118 98 2
19 34 3
89 17 2
123 0 2
96 92 4
58 18 4
136 113 3
62 137 2
69 92 1
99 137 3
132 86 2
78 133 4
78 76 1
3 60 1
27 5 3
93 104 3
90 53 2
134 26 3
87 40 4
133 10 2
126 7 2
50 92 3
142 65 2
119 132 2
73 149 2
97 120 4
88 130 4
77 81 4
57 146 4
21 112 4
135 108 1
66 142 3
16 132 4
110 126 4
28 65 1
6 50 2
14 17 2
109 130 2
109 121 1
76 11 2
100 145 2
15 67 4
71 63 2
19 51 1
142 88 4
108 96 3
103 12 1
134 4 2
135 57 4
122 34 1
112 76 2
138 34 3
108 47 3
71 74 2
75 133 3
14 41 1
97 119 3
123 131 3
47 62 4
14 94 4
106 6 2
126 115 4
51 132 3
144 143 1
95 46 1
73 4 4
77 86 2
91 22 2
55 15 2
60 19 2
112 90 2
133 122 2
134 139 3
22 143 3
108 40 4
39 68 2
147 67 3
56 138 2
69 70 2
125 81 4
133 79 1
72 75 4
131 129 1
67 134 3
81 23 3
81 16 1
126 140 1
103 149 1
22 78 2
30 83 2
118 87 3
148 130 2
78 46 2
79 114 2
52 90 4
41 104 2
0 103 4
85 72 1
25 92 4
2 34 3
79 148 3
64 85 2
122 53 1
106 90 2
111 137 4
55 92 4
32 62 2
149 58 2
43 80 4
91 140 3
1 148 2
16 141 2
19 15 2
126 31 1
57 31 1
51 100 3
129 104 4
73 5 3
91 101 4
114 104 3
51 40 2
67 34 2
11 7 2
92 29 1
86 72 2
42 54 3
54 0 3
120 82 3
101 142 4
87 56 2
16 20 2
54 52 4
138 104 4
9 75 4
98 6 1
128 26 2
21 17 3
91 44 1
47 131 3
82 138 3
4 31 3
100 133 2
22 92 2
42 0 3
62 122 2
2 89 4
106 8 3
4 90 1
7 41 4
138 91 2
133 45 1
76 100 3
124 7 2
8 55 1
106 22 3
142 120 2
53 108 2
25 15 3
60 6 1
123 31 1
63 72 3
31 90 1
63 132 2
80 125 2
132 145 1
21 75 3
13 119 2
148 59 3
59 121 1
89 111 3
26 142 3
49 95 1
115 141 2
118 95 4
101 68 1
49 82 2
37 88 2
7 31 2
137 61 2
37 19 2
92 78 1
90 130 2
104 31 1
31 102 4
93 64 3
134 107 2
103 118 1
1 16 4
50 139 3
115 40 3
9 77 4
143 95 2
80 17 4
65 10 4
118 23 3
146 54 3
29 70 3
144 37 1
146 26 1
113 16 2
8 44 1
149 41 2
42 57 3
135 106 3
106 121 4
124 56 2
25 130 1
33 101 3
85 56 1
56 63 3
31 73 3
97 45 2
145 114 1
96 109 1
65 43 4
2 27 4
98 4 2
60 78 1
53 15 4
15 135 2
29 20 3
79 12 4
100 69 1
27 131 1
98 30 1
47 36 1
14 52 2
142 144 3
14 42 4
83 94 4
24 1 2
40 22 2
75 125 3
80 31 2
21 129 4
137 69 2
4 55 3
105 139 1
144 15 4
34 13 3
35 64 4
143 72 1
11 53 3
78 145 1
137 141 2
132 141 2
67 65 4
65 59 3
126 35 1
81 139 4
20 51 1
38 134 3
50 13 2
101 98 4
99 59 3
20 100 1
28 16 2
67 33 4
97 4 2
91 80 1
83 34 4
2 63 1
106 119 4
126 123 4
76 31 2
33 56 3
93 126 3
56 97 1
96 113 2
45 87 2
80 95 4
44 120 1
63 67 1
40 16 1
93 138 3
108 14 4
86 55 1
77 132 4
93 22 2
27 149 3
122 40 4
29 61 2
73 21 4
1 129 4
124 16 4
95 98 3
77 24 4
56 127 2
132 85 1
60 99 2
71 133 2
63 32 2
126 28 1
13 27 1
62 140 1
134 109 4
39 1 2
21 140 1
24 23 3
139 53 1
59 111 4
29 137 4
109 95 2
70 44 3
34 100 3
108 66 3
88 41 4
98 115 4
124 35 4
34 93 3
37 99 1
10 21 2
13 111 4
137 102 3
13 52 4
17 66 2
14 125 4
42 141 1
146 28 1
88 89 1
44 57 4
54 63 2
58 86 1
136 103 1
44 99 2
133 109 4
27 82 4
88 40 4
139 100 2
4 2 2
70 120 2
40 37 3
103 59 1
81 149 4
20 84 4
69 138 3
52 130 4
37 7 2
141 102 1
137 134 4
69 67 1
145 104 1
125 78 4
27 117 1
84 23 2
128 145 3
7 87 4
134 86 2
51 13 1
117 2 2
113 138 3
93 11 3
2 40 2
112 86 3
19 134 3
24 45 3
0 91 3
7 5 1
56 2 2
69 102 1
136 91 1
41 30 4
42 97 4
38 147 3
44 95 3
108 119 4
22 81 3
3 30 1
121 7 2
121 96 2
69 4 4
22 5 4
123 33 4
4 103 1
35 7 2
105 82 2
6 19 4
112 63 1
100 28 4
144 62 4
97 81 2
137 98 2
94 139 4
56 38 4
52 103 1
88 71 4
79 101 4
11 10 1
85 57 2
1 116 3
72 137 4
1 25 1
124 78 2
148 57 3
118 92 1
32 68 3
98 63 2
121 18 4
115 121 1
77 60 3
112 73 4
102 74 3
84 113 2
24 96 4
70 99 3
118 122 2
81 55 3
40 41 2
23 94 4
82 92 3
46 16 3
116 104 4
125 27 3
21 106 2
126 138 4
9 20 3
25 102 4
84 109 1
58 1 4
81 12 3
14 1 4
91 113 2
16 47 1
23 72 2
7 0 4
0 39 3
107 111 2
118 75 4
145 68 3
142 119 3
31 23 2
27 26 2
62 109 2
89 71 4
57 119 4
93 53 3
13 96 3
135 22 3
131 118 2
62 5 3
38 24 2
121 50 2
48 28 3
131 87 4
14 75 3
147 77 3
144 13 3
125 142 3
52 8 1
96 87 1
62 84 3
114 100 3
32 66 1
61 52 2
64 131 2
35 60 1
114 113 1
45 123 2
119 140 4
120 144 2
36 125 4
61 72 4
62 59 1
58 59 4
140 121 3
91 88 2
3 111 4
100 39 1
109 128 2
143 30 2
35 1 2
78 102 2
130 53 4
9 72 4
98 45 4
63 40 4
3 34 1
76 1 1
88 13 4
54 132 2
136 60 3
100 107 1
78 71 2
11 142 4
118 43 3
5 135 3
19 88 2
26 90 2
117 134 2
32 121 2
141 39 4
125 41 1
122 36 2
94 35 1
46 30 1
64 54 3
126 34 3
46 37 2
136 124 4
55 54 2
64 139 4
82 62 2
50 104 1
70 132 2
120 1 3
37 131 3
127 57 2
116 44 2
70 145 4
69 17 2
63 122 3
36 57 3
13 21 3
18 60 1
112 56 2
122 110 1
41 35 3
0 100 2
89 134 2
76 131 2
135 43 2
94 131 4
112 146 1
93 96 4
101 105 4
124 146 1
147 139 1
54 28 4
94 99 4
73 129 3
1 6 3
30 40 4
87 1 3
132 72 4
143 35 3
78 97 1
96 127 3
54 140 3
82 115 2
86 122 3
61 11 1
28 94 4
64 112 3
57 88 3
112 17 3
119 141 3
130 110 4
91 45 1
28 32 2
26 20 3
30 141 2
51 39 3
58 50 4
36 18 4
132 71 4
88 140 1
56 78 2
92 2 4
148 103 1
46 48 2
79 67 1
113 6 3
136 97 3
53 101 3
57 47 3
32 133 3
119 78 1
133 67 2
114 149 2
117 125 4
56 57 4
114 133 2
114 146 3
89 87 2
71 79 2
12 131 3
136 99 2
43 11 3
106 25 4
26 24 1
67 143 4
50 73 3
127 85 1
5 47 3
78 79 2
146 113 4
120 9 2
140 144 4
32 83 3
58 21 4
98 21 1
11 74 2
109 29 3
149 145 3
77 125 3
99 149 4
74 41 4
22 149 3
7 145 3
9 17 3
41 112 4
92 49 1
7 33 2
88 72 2
93 26 3
54 87 3
52 74 2
43 61 1
63 77 3
25 69 3
73 142 3
109 105 1
140 14 1
1 100 3
18 137 4
87 128 1
67 19 1
131 58 3
97 125 3
131 102 1
76 103 2
134 31 4
115 134 4
80 14 2
30 146 2
64 13 1
62 114 2
108 18 4
35 15 2
83 58 4
117 68 3
67 61 2
143 126 1
74 141 1
139 25 2
23 68 2
63 17 4
30 33 2
92 5 3
0 58 4
127 17 1
26 0 2
96 58 3
91 56 4
58 138 1
35 77 2
129 100 1
117 1 1
111 46 4
30 58 1
103 1 1
9 117 3
8 51 3
24 10 3
146 42 4
97 1 2
113 73 2
79 75 4
140 60 2
138 60 4
141 71 4
85 21 3
114 10 1
100 144 3
25 145 3
125 93 4
69 3 2
112 95 1
56 12 2
37 130 3
101 54 3
42 102 3
105 72 2
86 63 2
54 86 1
100 89 2
43 30 3
92 77 1
62 44 3
137 125 4
93 128 3
39 113 3
110 48 1
147 70 2
0 20 3
110 147 3
117 124 2
2 7 1
43 20 3
43 111 1
51 146 4
1 149 2
103 112 4
38 40 2
63 16 3
57 11 3
131 107 4
142 77 1
59 142 1
70 104 1
124 87 3
84 126 2
82 149 4
39 99 4
92 145 1
2 49 3
100 130 1
132 92 1
87 47 3
147 98 2
115 42 1
146 95 4
2 121 4
110 20 2
96 101 3
132 33 2
39 86 4
95 10 4
84 70 1
125 39 1
54 121 3
68 133 3
105 18 4
73 75 1
73 128 4
12 111 4
89 63 1
111 142 4
107 10 2
14 53 1
35 89 4
35 61 3
52 66 4
71 43 3
76 77 2
43 140 1
20 137 4
147 18 1
112 57 1
67 94 3
71 99 2
26 91 1
121 58 4
11 107 1
53 116 4
112 113 2
95 25 4
146 104 4
39 42 2
102 52 2
80 146 4
39 4 1
10 19 2
120 87 4
105 30 3
111 96 3
135 49 2
89 43 3
123 9 2
115 1 4
111 130 4
142 39 3
73 121 2
111 72 1
14 61 3
56 51 2
37 75 4
36 72 2
89 137 1
64 105 3
30 81 4
65 86 3
10 4 1
86 116 2
83 65 2
85 14 3
110 95 3
11 42 1
0 81 1
116 51 1
58 85 4
20 74 2
17 81 1
123 79 3
6 68 3
108 41 3
44 59 4
36 67 1
55 105 3
146 133 3
43 53 1
108 22 1
5 72 2
0 107 1
77 20 2
114 106 3
33 95 3
92 124 3
70 93 3
21 139 2
1 121 2
74 138 1
13 24 3
70 11 1
106 138 4
136 88 4
145 102 2
28 36 2
40 148 1
137 108 4
145 29 3
0 124 1
110 53 2
22 88 4
26 130 1
71 5 2
63 134 1
10 97 3
63 59 3
144 63 1
8 69 4
16 104 4
3 140 2
15 32 3
57 63 2
101 108 2
58 44 1
115 61 1
140 127 1
62 135 4
1 89 3
61 103 2
145 147 3
130 82 2
137 67 3
66 57 1
146 71 2
104 19 2
113 110 4
13 8 2
128 43 2
148 25 1
15 143 3
131 32 3
107 79 4
108 149 4
79 94 4
42 113 2
19 132 2
3 25 2
131 108 2
118 48 1
95 121 3
51 140 1
105 125 2
102 99 2
119 114 2
130 38 4
134 80 4
60 139 3
26 48 2
4 136 3
86 113 1
58 75 2
27 21 2
87 29 3
34 121 3
70 37 3
86 1 3
133 148 3
35 99 3
145 125 1
54 82 1
103 34 4
21 7 1
5 10 4
55 77 3
22 30 3
53 36 3
80 3 3
99 49 1
52 53 3
80 45 2
54 35 4
137 116 2
96 78 3
127 90 3
80 7 1
52 140 4
26 120 1
10 78 4
98 28 3
144 9 4
83 24 1
18 43 4
15 28 4
112 65 4
118 36 2
3 110 3
43 37 3
76 66 3
63 33 4
83 135 4
8 100 4
22 14 1
144 78 1
123 72 3
82 146 4
83 134 3
25 19 2
94 70 3
101 136 4
28 26 4
69 134 3
92 19 1
144 66 2
44 90 2
50 37 3
135 26 1
38 128 1
62 125 2
117 149 3
97 19 2
29 24 2
58 144 4
28 4 4
61 87 4
69 36 2
7 65 1
58 78 4
69 33 4
131 128 1
3 62 3
67 129 3
124 89 1
134 121 2
28 108 1
8 5 1
7 38 4
37 137 1
124 13 1
1 48 4
125 68 4
118 133 3
55 0 1
14 55 2
32 27 1
92 127 3
0 56 3
30 15 2
19 131 2
2 85 3
56 20 2
62 0 1
40 32 3
94 144 2
56 73 3
70 28 3
147 31 3
70 79 3
83 105 2
74 147 3
16 42 4
136 134 4
141 114 2
99 12 4
0 89 3
32 18 3
15 51 2
5 136 4
79 54 1
127 149 3
31 111 3
33 88 3
65 116 1
139 107 3
103 35 1
87 66 4
113 4 2
77 4 1
11 39 2
26 111 4
9 21 1
83 40 1
38 29 4
13 46 1
1 17 4
122 8 1
113 95 2
133 29 3
22 48 1
19 96 1
7 14 1
122 35 4
139 88 2
27 7 3
18 96 1
39 19 3
66 3 2
4 139 1
90 123 2
120 132 1
21 61 4
64 56 2
50 74 4
113 24 3
117 33 3
98 2 3
111 30 3
147 39 2
71 112 4
125 103 4
126 91 3
78 143 4
53 96 3
121 49 2
20 147 4
148 142 2
72 121 2
62 73 1
53 68 2
69 104 1
28 59 3
133 111 3
19 42 1
25 118 3
140 4 2
96 52 1
121 137 1
31 19 4
105 34 4
41 8 4
108 24 2
45 63 3
110 7 1
55 76 1
55 38 3
95 92 4
60 107 1
86 61 1
45 57 4
140 101 1
82 71 2
83 33 2
130 74 2
5 66 3
6 105 3
71 145 3
119 71 1
9 19 3
143 65 4
103 122 1
34 29 2
63 113 3
45 100 4
43 41 2
120 8 1
108 50 3
48 70 2
122 23 1
132 108 4
9 118 4
38 121 3
77 126 3
55 122 1
41 59 2
46 21 4
15 21 1
75 144 3
28 76 1
130 46 4
143 49 1
41 119 1
145 11 2
47 138 2
34 147 3
61 73 3
45 4 2
32 37 3
103 54 1
75 116 4
38 79 1
127 16 3
27 41 3
53 85 4
44 105 1
101 88 3
83 57 1
63 48 2
22 45 1
129 95 2
57 18 4
58 70 4
38 90 2
53 147 1
140 130 1
149 32 1
101 7 1
41 0 2
106 100 4
18 76 3
91 41 4
88 64 3
54 77 4
54 40 3
40 72 2
141 112 2
127 66 1
133 24 4
144 59 3
64 86 2
119 8 2
13 148 2
137 74 3
101 37 3
27 124 4
4 81 1
16 36 4
9 101 3
17 137 4
85 131 1
130 69 3
60 114 2
132 67 3
17 27 2
142 90 2
42 4 2
119 10 3
90 98 3
2 91 4
82 35 1
65 130 4
54 31 4
47 63 2
60 7 3
80 40 4
0 79 4
35 26 3
125 45 4
149 83 3
32 100 1
91 139 1
51 70 2
130 93 2
15 31 4
76 97 1
148 108 2
97 70 4
75 82 1
2 16 1
97 0 3
6 127 4
140 137 3
101 128 1
3 136 2
95 21 1
29 19 2
100 48 1
10 49 3
64 141 4
112 131 1
22 113 2
146 138 4
42 10 3
82 39 4
47 133 3
1 93 3
81 104 4
47 94 2
10 123 3
34 117 2
131 114 1
97 71 4
112 68 3
123 44 3
22 128 3
102 96 4
86 32 2
38 129 3
49 13 3
41 24 4
62 14 3
43 112 1
55 1 4
81 66 1
81 82 2
8 28 3
134 126 3
133 144 1
78 84 2
68 72 1
101 12 3
82 29 3
79 111 3
94 0 1
111 1 4
104 59 1
39 38 3
82 122 3
138 4 3
118 44 1
116 118 3
16 90 1
88 90 4
71 40 4
121 100 1
3 75 1
143 128 2
37 124 3
109 77 3
121 131 1
56 105 4
28 115 1
51 54 1
51 108 4
64 82 2
18 101 4
45 37 1
78 117 3
95 117 2
130 106 3
121 0 2
106 38 4
101 116 1
106 101 2
47 118 3
101 130 2
36 54 4
129 94 1
9 70 4
147 60 3
101 85 3
35 136 1
129 2 2
109 85 2
35 123 2
89 123 1
129 59 4
85 76 4
4 125 3
129 15 2
112 96 2
110 98 2
140 81 2
87 31 2
141 34 3
141 138 3
101 60 2
85 61 3
34 41 3
101 147 2
11 52 4
110 108 4
34 133 4
60 134 3
107 82 3
119 63 2
120 4 1
6 34 1
1 69 2
142 47 3
147 37 3
116 30 1
96 124 3
102 81 4
71 1 1
78 59 1
32 85 1
100 13 2
53 118 4
110 102 4
70 43 3
105 42 1
74 63 4
149 139 4
114 103 2
7 99 3
49 107 4
129 41 2
12 142 1
95 88 3
146 94 3
20 55 3
118 93 2
32 127 3
23 38 2
65 96 4
115 5 3
41 28 4
149 115 4
1 99 2
94 13 3
149 24 3
38 101 3
83 35 3
107 15 3
23 106 3
22 142 2
121 70 3
46 121 1
144 135 2
30 63 4
104 43 3
127 64 1
134 130 3
32 6 1
103 15 1
92 70 1
89 84 4
13 123 2
57 97 3
104 1 1
51 143 3
1 130 4
33 106 1
21 5 1
149 42 1
20 127 2
25 66 3
136 62 1
22 53 3
102 34 4
121 132 3
49 145 3
7 134 3
86 15 2
114 143 2
40 12 3
74 112 4
38 10 1
76 40 3
77 32 2
64 36 4
34 96 2
10 148 4
147 102 3
130 142 3
140 64 2
84 64 3
7 15 3
117 10 3
21 97 3
53 143 3
120 13 3
38 86 1
85 25 2
132 149 3
56 4 1
58 116 3
139 28 1
118 104 4
98 71 3
68 20 2
97 50 1
100 22 1
0 141 4
31 69 1
137 38 2
104 21 2
11 114 1
120 114 2
13 39 2
86 127 3
146 17 4
12 72 4
62 81 4
128 12 2
82 33 1
63 25 1
76 52 4
144 35 4
63 127 1
23 58 4
62 67 4
79 74 4
120 101 4
24 54 3
44 27 4
68 10 3
106 3 4
22 117 2
77 7 1
69 125 4
122 138 3
77 129 4
82 102 3
100 119 2
124 50 4
131 69 1
119 117 1
102 134 3
68 42 3
18 88 2
142 80 3
130 35 3
140 7 4
46 25 4
96 137 2
15 40 4
105 91 4
77 78 4
127 26 1
139 92 1
37 111 3
1 106 1
99 128 1
85 3 1
132 78 1
105 132 2
112 55 4
84 101 4
123 21 3
89 110 3
16 84 3
148 119 1
35 111 4
21 23 4
95 26 1
9 36 3
13 78 2
65 24 1
68 114 4
50 143 3
141 19 3
129 46 3
26 69 2
100 149 4
114 40 3
138 85 4
110 11 1
128 82 3
82 23 3
52 29 1
76 113 1
37 30 1
22 86 1
68 130 2
140 61 3
59 87 1
96 147 1
87 101 3
66 113 2
8 129 1
122 123 2
89 109 3
132 31 4
60 41 3
49 125 2
136 73 4
10 122 2
135 146 4
132 130 3
141 73 2
58 15 3
76 64 4
43 123 2
94 124 3
82 69 2
143 71 4
39 140 4
3 135 4
9 103 1
1 45 4
49 141 3
73 49 3
116 79 2
69 51 2
120 59 1
124 43 4
133 137 2
14 70 2
140 42 4
40 62 1
137 11 3
67 90 1
69 29 3
77 18 2
107 47 3
107 109 4
99 129 2
126 18 3
42 48 4
136 142 1
91 66 4
33 73 2
1 125 4
29 31 1
139 13 3
51 134 4
45 7 2
0 88 3
53 111 2
104 144 1
64 95 1
33 128 3
59 16 3
132 58 4
52 118 4
98 96 2
36 136 2
147 136 1
36 130 1
71 135 4
105 37 3
86 119 4
90 65 2
71 36 2
82 140 4
79 130 4
121 80 1
144 98 2
32 109 3
15 61 1
122 44 2
34 47 3
96 46 1
17 71 2
146 90 4
16 117 2
120 111 2
7 20 4
45 92 1
76 81 1
29 101 3
84 100 4
36 23 3
112 45 1
75 10 4
136 123 4
5 90 2
45 0 4
99 50 2
21 28 4
137 146 3
62 38 3
51 22 4
146 39 2
87 146 4
135 95 4
103 38 2
108 73 4
115 31 4
15 5 1
139 97 3
69 57 4
136 39 4
120 129 2
42 107 2
88 114 3
29 45 4
117 129 1
76 12 3
110 145 4
30 82 1
89 119 1
106 133 2
136 2 4
38 46 2
127 15 4
123 133 2
33 115 1
90 92 1
19 111 2
106 48 4
104 89 2
111 99 3
64 32 4
56 84 4
149 11 1
112 38 2
138 72 2
99 117 2
7 28 1
121 118 2
27 42 4
148 145 4
52 70 3
81 36 3
74 109 1
89 139 4
112 75 3
140 36 1
36 121 3
30 117 3
38 117 3
43 33 1
149 130 3
132 40 2
73 23 1
120 78 1
116 71 1
118 106 4
81 9 4
6 49 3
92 79 4
59 60 1
24 39 4
145 146 3
149 20 2
23 1 3
108 37 3
38 34 1
118 66 4
100 109 3
33 142 3
75 140 1
136 64 4
27 22 1
104 99 1
0 32 2
42 49 2
30 86 2
102 87 4
83 70 2
75 15 2
137 70 3
12 75 1
56 139 1
51 80 4
47 102 1
87 80 1
84 22 4
51 97 4
85 93 1
145 24 3
86 99 2
98 43 2
51 17 2
105 106 4
53 0 3
117 51 4
66 21 3
15 95 1
64 75 1
69 143 1
17 94 4
35 8 3
14 38 3
38 16 1
140 84 4
131 62 1
48 41 3
35 97 1
28 51 3
82 76 1
119 128 4
9 116 2
142 96 1
8 84 2
103 90 4
22 139 1
73 84 1
92 110 1
24 16 4
68 41 3
136 14 3
65 128 4
139 106 2
98 107 4
14 4 3
25 8 4
52 63 3
22 80 4
86 43 4
149 98 4
124 55 1
34 114 1
19 74 2
9 105 1
92 13 4
28 1 3
24 56 4
69 135 2
95 91 1
79 10 4
63 3 2
127 112 4
61 75 2
28 123 4
128 74 1
51 50 3
86 70 4
124 112 3
135 55 3
146 27 3
73 94 4
131 91 4
101 1 2
61 34 4
135 104 3
27 70 1
37 113 1
78 74 4
112 59 1
149 97 1
32 89 4
87 108 2
94 89 2
128 124 1
23 134 3
15 82 1
6 35 3
45 149 3
79 4 4
28 91 1
11 17 1
53 28 1
33 9 4
70 143 3
116 128 2
90 147 1
27 97 1
3 72 4
31 66 1
19 27 4
131 73 1
111 136 4
43 78 1
42 117 2
12 9 4
142 123 2
107 62 1
39 118 1
107 88 3
89 7 3
65 16 3
63 120 3
22 71 4
48 27 3
66 70 4
39 55 3
68 66 4
137 53 3
86 76 1
127 108 3
5 147 1
13 43 2
133 59 1
71 84 2
100 55 1
91 75 1
18 44 2
22 76 1
20 69 4
143 7 3
63 68 2
145 4 4
84 40 1
54 114 1
37 110 2
87 4 1
46 33 3
85 27 4
99 76 2
74 87 1
8 22 1
72 57 1
30 129 3
45 15 4
0 19 4
23 90 1
20 5 1
137 0 2
16 12 2
56 143 2
116 18 1
41 86 1
113 90 4
31 86 2
102 33 2
93 145 1
72 38 3
90 71 3
108 107 3
92 10 1
51 6 3
17 18 4
107 3 2
95 86 3
124 80 1
23 71 3
67 72 2
125 72 4
16 50 3
1 4 2
60 75 2
77 45 2
115 68 3
126 69 1
97 104 3
108 99 2
136 40 2
130 97 3
121 71 2
37 143 1
107 112 2
149 54 4
10 146 3
36 115 4
9 44 2
111 21 3
74 73 1
119 7 1
141 103 2
148 68 4
98 108 3
26 51 4
54 126 3
141 4 1
114 43 4
33 50 4
21 34 4
90 17 1
84 91 4
42 81 2
135 78 2
77 48 1
51 25 3
137 93 3
125 84 4
78 24 1
78 129 4
90 136 1
55 6 4
42 64 2
129 0 2
31 8 1
66 137 2
145 58 3
24 46 1
111 118 4
26 136 3
25 38 1
1 91 3
8 140 4
17 119 2
114 115 3
68 87 3
125 95 4
32 134 4
108 54 3
114 102 4
65 140 2
48 93 3
30 127 3
52 87 2
79 103 2
70 146 2
123 98 2
5 56 2
38 120 4
50 46 3
89 26 1
116 20 3
5 125 4
116 60 2
111 105 2
120 53 2
4 101 4
120 128 4
67 75 1
62 79 2
38 111 1
57 5 3
37 6 1
45 12 1
61 142 1
34 51 2
57 140 1
55 29 1
84 75 4
129 47 3
113 58 2
109 103 3
123 68 3
100 68 2
1 66 4
84 72 4
30 44 2
61 7 2
42 44 1
108 134 3
66 44 1
134 106 1
77 118 3
45 51 3
104 130 1
140 53 4
87 36 1
80 11 4
61 26 3
73 68 2
25 73 2
67 116 3
32 25 3
15 92 1
22 67 3
41 31 1
62 126 2
120 103 2
86 57 1
16 39 3
79 46 4
11 66 1
64 81 1
68 14 2
99 30 4
19 23 3
42 77 3
69 2 2
17 6 1
134 40 3
136 102 3
60 126 1
93 32 4
0 133 4
96 122 4
34 110 4
95 79 4
102 61 4
116 57 2
107 120 2
134 96 1
83 81 4
140 92 4
87 125 4
117 23 4
97 111 2
35 33 3
62 121 2
123 1 3
42 74 3
57 124 1
4 23 3
17 101 3
78 30 2
83 26 1
36 91 3
134 3 2
89 15 3
75 46 1
33 147 2
98 10 2
143 12 4
149 137 3
13 6 1
121 125 4
138 79 1
119 136 4
128 7 1
35 67 1
126 74 3
113 124 4
123 62 1
143 20 1
92 100 3
57 38 1
60 112 4
44 143 1
49 4 4
143 63 1
68 56 2
113 133 3
24 129 4
83 99 1
3 124 3
130 75 3
115 133 3
63 115 2
31 130 3
98 42 1
104 7 2
3 137 3
54 98 2
7 98 3
70 6 3
42 66 2
50 77 1
40 92 3
132 109 1
31 112 2
50 30 1
80 131 2
77 139 3
91 71 4
144 97 4
72 149 1
61 54 1
44 86 1
44 130 3
27 142 3
100 24 3
54 37 4
59 47 4
94 143 1
1 37 4
9 124 1
92 112 2
82 73 2
132 91 4
5 120 1
7 79 3
99 105 4
1 61 1
105 140 3
113 87 2
76 16 1
56 43 4
126 109 3
13 106 2
19 89 3
135 127 1
9 99 1
37 119 2
36 85 3
12 112 2
135 10 2
124 6 2
51 119 3
88 10 4
144 121 1
59 37 4
146 23 1
8 9 2
55 44 3
49 132 2
76 14 2
84 76 1
40 111 3
79 33 1
117 50 4
69 113 2
36 1 2
76 29 3
41 109 2
29 118 2
136 78 3
11 98 2
72 135 4
127 44 2
84 46 3
128 72 3
58 141 2
75 69 4
139 5 4
141 108 3
14 93 1
115 137 1
139 128 2
39 121 4
46 120 4
65 85 2
93 37 3
117 6 2
122 74 4
3 38 3
17 113 3
114 107 2
120 43 2
145 144 1
76 119 2
53 102 4
130 146 2
16 94 3
3 87 3
145 97 2
111 15 2
16 27 4
130 29 2
40 99 3
57 93 4
114 27 1
98 99 2
7 103 3
144 28 4
132 30 1
29 146 2
14 67 2
41 136 4
49 36 1
28 118 4
6 52 4
37 90 2
149 70 1
33 110 2
79 48 3
77 30 2
78 39 4
85 122 4
57 118 3
84 124 2
111 73 3
114 123 3
134 138 4
31 30 1
139 148 1
145 119 2
5 130 1
49 67 2
88 124 2
73 147 2
49 123 3
60 84 3
128 106 1
13 65 3
69 124 2
102 71 4
93 31 2
0 23 4
53 66 1
9 131 1
135 80 2
94 61 4
143 115 1
17 59 3
43 48 3
90 126 4
58 80 3
98 53 4
48 103 2
54 9 1
29 63 4
103 101 2
138 128 3
149 37 1
65 44 4
41 92 1
8 85 3
21 25 3
25 72 2
16 103 4
77 91 2
66 77 2
138 101 2
40 145 4
12 104 3
131 28 4
140 129 1
89 147 2
148 66 4
44 109 2
107 104 4
6 58 1
111 70 3
17 75 4
95 124 2
94 121 4
98 86 2
103 100 4
123 60 2
66 117 1
82 90 4
30 59 1
114 21 2
94 91 2
2 14 2
142 89 1
120 131 2
55 132 4
90 81 1
111 108 2
143 75 4
122 94 2
42 51 2
41 131 2
30 53 4
104 87 4
146 105 2
18 2 3
51 12 2
83 8 1
38 104 2
70 103 1
135 121 3
23 102 1
52 135 1
70 127 4
8 143 1
18 100 3
58 79 3
141 88 4
60 133 1
21 138 1
135 148 1
18 123 4
25 17 1
70 88 3
31 20 3
8 146 4
93 54 2
134 33 4
116 19 1
25 26 3
72 33 2
24 51 3
39 17 2
71 10 1
134 22 3
104 136 2
19 84 4
134 84 4
135 124 1
4 52 4
92 102 2
33 0 3
51 103 2
72 110 2
99 53 3
105 35 4
104 67 3
10 72 4
31 124 2
132 41 1
95 148 1
37 66 3
128 104 2
124 23 3
106 95 2
55 53 1
51 67 4
27 45 2
61 110 1
107 121 3
97 72 1
26 109 1
67 123 1
79 134 3
74 24 2
24 22 1
49 48 4
79 66 3
2 111 3
48 134 2
101 31 4
56 86 4
60 20 4
12 125 4
37 68 2
85 126 4
60 121 4
99 42 4
37 52 2
136 75 2
96 17 3
38 48 3
134 27 3
132 87 2
78 123 2
46 60 3
118 102 1
36 68 1
1 5 4
19 26 4
47 76 2
89 52 4
92 87 1
82 46 2
16 118 2
53 54 1
10 131 2
115 10 3
64 3 1
72 142 1
116 110 1
68 21 4
115 84 1
16 125 3
27 54 4
149 49 4
113 105 3
131 50 3
70 2 1
73 100 2
49 117 3
116 43 4
86 108 2
57 30 4
53 131 4
17 65 2
13 149 1
38 91 3
48 139 2
75 80 4
54 48 3
5 108 4
23 41 1
141 33 4
59 9 3
107 123 3
43 148 4
49 75 3
65 104 3
91 46 4
102 123 1
136 47 2
89 120 3
38 37 1
9 4 3
53 21 1
90 18 2
14 96 4
30 28 2
149 30 1
14 10 3
47 110 3
142 40 1
15 146 1
38 116 1
87 18 4
97 69 2
57 0 4
101 129 2
86 33 2
131 135 3
65 79 3
92 36 3
148 107 2
141 142 4
90 42 2
32 19 1
52 32 3
101 139 1
85 66 4
114 29 1
98 124 3
134 57 1
72 18 4
104 49 1
88 34 1
90 132 4
26 110 2
17 16 4
95 133 2
33 51 1
132 125 1
47 55 2
32 61 2
127 50 4
141 128 1
138 142 4
146 141 3
120 18 4
86 7 2
68 132 3
148 106 4
8 1 2
95 41 3
50 25 3
117 53 1
110 51 2
36 133 1
26 102 3
132 22 4
22 144 4
73 87 4
46 134 4
49 134 3
128 130 2
139 14 2
63 85 4
52 72 2
70 106 2
50 2 1
96 99 3
122 128 1
74 46 1
115 69 4
58 76 3
137 65 2
141 147 2
3 147 4
16 44 4
2 42 4
88 50 3
147 130 4
24 28 3
54 39 2
117 65 4
15 116 2
115 67 2
98 140 4
118 134 3
63 37 2
101 16 1
28 93 4
131 55 1
120 130 3
54 99 3
62 36 3
57 106 4
47 123 3
134 39 4
133 40 4
77 33 2
8 60 1
63 13 4
4 21 3
124 53 3
136 110 1
134 98 3
44 17 4
117 108 4
62 111 1
114 89 1
101 10 4
9 38 4
92 12 2
44 61 2
140 47 3
117 0 4
19 53 4
107 96 1
84 110 4
113 79 4
93 9 1
37 127 2
131 93 3
2 44 3
133 38 4
50 36 4
79 99 3
39 85 4
46 14 4
79 47 3
27 118 2
121 75 1
125 71 1
25 93 4
27 29 3
26 113 3
53 31 2
100 140 4
137 86 1
5 31 4
119 26 1
136 15 2
130 99 4
37 15 3
95 16 4
103 21 1
7 109 2
108 122 4
92 7 1
144 146 4
97 13 2
147 28 4
117 39 1
51 131 4
10 61 3
63 39 4
76 115 1
146 128 4
28 72 2
148 147 1
68 84 1
30 27 4
16 8 2
121 43 4
57 7 4
108 3 4
63 101 3
11 58 3
135 143 4
58 77 3
48 11 2
106 67 1
148 141 3
88 14 3
40 3 1
81 128 4
28 106 2
139 79 1
42 78 4
89 129 4
43 100 4
97 22 1
53 1 3
131 78 1
92 105 1
72 43 3
80 56 2
116 41 3
3 11 4
121 44 3
84 132 3
23 34 2
148 55 1
113 67 1
99 97 3
28 80 3
111 92 3
76 19 1
23 139 3
120 30 2
127 78 4
97 126 2
88 100 1
68 4 1
17 28 2
11 101 4
138 67 4
62 130 3
61 98 1
12 87 4
22 59 3
74 53 1
113 123 3
124 51 1
142 10 4
140 63 1
8 149 4
139 126 2
74 62 2
47 72 3
148 124 3
125 138 2
82 59 3
21 69 4
149 79 2
123 14 4
133 49 4
62 23 4
72 45 2
47 111 1
50 68 3
41 103 3
111 86 3
37 104 4
43 49 2
10 67 4
85 146 2
123 56 3
1 82 2
93 84 1
63 84 2
115 14 4
50 107 2
94 111 2
21 137 1
148 99 1
113 117 2
145 34 3
148 31 1
134 50 2
54 62 4
122 21 4
116 33 2
10 7 3
1 51 3
89 77 3
105 79 2
16 148 1
55 64 3
96 143 2
18 135 3
20 25 1
139 35 2
93 21 4
112 5 3
139 55 2
120 109 4
132 126 2
57 40 3
37 18 1
84 149 2
70 74 3
74 49 4
106 104 3
146 6 2
53 8 4
23 40 1
24 105 1
125 35 1
25 52 4
142 29 2
119 40 3
68 44 2
138 121 1
26 138 1
44 142 1
66 99 4
100 53 3
132 122 4
138 24 2
121 102 1
77 28 2
145 89 1
63 44 4
52 144 4
112 99 1
83 139 3
6 40 3
28 9 4
1 30 2
117 114 4
6 39 1
10 74 3
124 30 4
123 111 3
64 87 1
56 147 2
83 119 3
123 27 3
24 36 3
4 135 4
127 107 4
20 65 3
106 94 1
11 124 2
7 131 2
134 54 3
138 63 1
122 148 1
47 60 4
98 65 4
132 8 1
112 0 2
35 107 2
128 27 3
93 123 4
142 3 1
46 47 2
70 24 2
146 50 3
4 13 4
53 41 1
66 82 3
52 26 3
12 71 3
61 127 3
13 129 2
134 122 1
77 124 2
72 26 1
117 24 2
116 46 4
94 104 4
71 127 1
113 131 1
0 118 2
49 54 1
13 18 1
76 20 2
25 105 3
70 90 1
123 94 1
82 47 4
22 0 3
130 80 4
86 68 3
37 12 2
114 33 4
133 142 3
70 115 1
31 42 2
21 84 3
36 112 4
31 99 2
103 39 2
64 23 1
136 122 2
112 101 2
20 67 1
54 15 4
50 136 2
64 99 2
100 36 3
30 8 1
23 105 4
11 67 4
5 103 1
111 5 3
62 76 1
14 49 2
55 143 1
21 65 4
92 1 2
58 105 4
119 4 2
22 7 3
82 99 4
99 138 2
114 137 1
49 50 2
140 89 3
83 74 4
99 120 4
92 119 1
68 9 4
128 55 2
44 106 1
64 128 1
5 109 3
97 52 2
145 142 4
83 66 3
130 70 2
46 63 4
67 32 3
18 63 4
29 95 3
142 124 4
138 42 2
138 120 3
147 83 2
84 39 3
24 80 1
106 51 3
69 86 2
103 73 2
85 130 3
21 145 1
50 119 2
2 33 2
105 145 2
77 145 1
100 9 3
43 66 4
108 145 4
38 82 4
111 126 3
9 74 2
6 79 1
57 100 4
36 38 4
116 45 1
113 101 2
144 3 3
143 147 1
19 54 4
17 52 1
22 52 4
136 143 2
131 11 1
90 41 3
111 127 1
0 131 1
142 53 1
1 29 4
70 82 4
128 142 3
123 103 2
110 14 3
77 112 4
56 14 3
111 74 3
97 9 3
118 18 1
58 108 1
91 89 4
40 13 2
89 40 3
111 140 4
121 136 3
54 69 2
53 17 1
141 21 3
56 65 1
34 22 4
31 70 2
127 21 1
106 112 4
50 26 3
88 133 1
46 28 4
91 147 1
54 81 2
128 112 2
40 105 3
119 73 2
79 88 3
122 50 1
149 106 2
80 0 3
32 7 1
130 32 4
22 145 2
107 141 4
42 38 4
28 45 2
40 102 2
57 129 1
82 20 3
132 103 4
113 68 2
61 46 2
8 93 4
42 127 1
62 4 4
111 75 2
19 144 4
146 3 3
147 126 4
110 29 4
23 18 4
3 20 2
89 25 1
90 10 3
121 108 2
135 89 2
41 1 3
104 33 1
15 48 2
148 146 4
117 148 4
130 87 1
120 94 1
24 73 3
125 100 1
103 14 2
118 146 1
107 89 3
53 23 2
113 126 4
136 118 4
131 34 3
74 140 4
47 128 1
59 66 3
126 86 1
8 12 1
147 44 1
80 118 1
84 127 1
55 108 3
111 139 4
82 63 1
63 61 2
142 9 1
64 67 1
69 114 1
78 85 4
2 112 1
59 15 1
26 13 1
12 130 3
13 14 3
123 24 4
19 69 3
3 104 2
12 39 4
62 108 1
44 12 1
97 33 2
48 39 1
131 133 3
48 124 2
24 40 4
134 105 4
124 54 4
75 39 4
58 12 2
100 96 1
97 114 4
3 92 2
56 16 2
137 135 3
82 91 1
110 125 3
82 31 2
45 59 3
69 74 2
60 93 4
115 59 3
1 122 2
97 128 2
113 140 1
62 128 2
120 66 2
127 62 4
10 43 3
89 51 4
47 90 1
53 94 4
67 96 4
35 0 1
94 86 2
23 17 2
144 82 4
31 21 3
48 44 3
33 119 2
11 86 1
44 46 3
144 14 4
2 12 1
8 36 3
38 148 4
87 122 1
97 24 3
146 20 1
50 101 3
86 138 3
107 34 1
74 54 2
100 113 2
10 37 4
92 85 1
33 133 4
139 119 2
115 8 1
81 71 4
105 147 1
149 147 2
143 3 4
56 144 4
11 133 4
114 2 4
10 59 4
107 7 2
98 13 2
62 142 4
81 92 4
140 128 2
86 13 2
55 102 1
15 138 2
53 87 2
54 8 4
118 123 2
40 117 4
137 6 1
4 137 1
129 105 1
38 49 3
98 111 1
112 121 2
31 37 2
120 56 4
74 1 4
2 141 1
90 100 3
4 91 4
39 131 4
124 123 1
129 85 3
130 7 4
125 143 3
139 95 4
61 19 4
33 89 3
147 123 1
85 9 4
123 135 2
75 102 3
122 70 2
102 54 2
82 100 1
99 140 2
102 148 1
113 88 4
128 111 1
126 67 4
49 78 1
65 33 1
65 68 2
139 80 3
116 4 2
15 18 3
77 41 4
35 22 4
113 115 1
20 133 2
136 10 4
27 94 3
103 10 2
25 140 2
122 7 1
135 113 4
38 19 3
135 136 4
84 48 2
97 11 2
15 88 4
126 19 1
5 51 4
74 36 2
54 16 2
123 2 4
105 33 4
14 121 2
86 71 3
24 115 1
95 93 2
145 64 2
42 53 2
100 112 3
24 6 1
81 111 3
50 56 3
74 32 4
124 46 1
24 75 3
18 7 2
110 73 2
15 126 2
131 100 3
135 46 4
44 104 3
142 42 4
68 52 4
29 14 4
124 147 1
116 130 1
132 34 2
64 68 3
64 8 4
134 28 4
115 37 4
34 139 2
85 11 2
148 129 1
138 14 2
67 21 4
103 137 4
91 7 4
53 70 2
71 4 4
148 131 3
38 21 4
24 148 4
80 138 3
36 32 2
17 45 2
102 80 2
120 25 4
14 33 2
145 38 3
116 136 4
65 127 2
49 46 3
58 103 2
88 74 2
78 72 2
63 148 4
129 143 1
66 64 2
67 40 4
48 20 4
29 71 2
21 55 4
17 111 3
113 106 4
2 35 1
85 51 2
5 118 3
21 64 3
92 76 3
74 34 1
82 111 2
129 26 4
42 76 2
131 54 3
146 31 3
122 83 2
139 72 3
144 64 4
28 3 3
64 121 3
144 126 2
13 16 1
87 14 3
140 69 1
84 17 2
22 2 1
49 9 4
70 102 3
95 54 1
32 135 3
71 95 3
81 141 4
87 148 4
69 35 3
88 110 4
97 17 4
8 19 2
20 39 2
14 143 4
99 0 3
105 50 3
35 58 4
0 87 2
110 123 4
6 9 3
109 88 2
21 14 4
121 6 4
88 27 1
86 120 2
28 64 3
33 25 1
111 71 3
39 80 2
143 57 4
71 104 2
86 125 2
10 8 1
67 44 4
125 48 2
101 5 4
89 113 1
17 145 4
103 147 1
3 81 2
136 54 2
28 86 4
81 40 2
17 100 1
67 17 2
75 5 2
146 25 2
78 109 3
86 78 3
35 113 4
78 20 4
48 137 4
35 31 2
19 120 1
146 68 4
113 109 3
18 1 1
32 97 4
57 76 4
66 80 1
85 12 1
149 133 2
78 104 4
131 24 4
138 136 3
60 54 3
89 112 4
20 23 2
13 38 4
37 122 2
40 36 1
10 96 3
121 149 3
149 19 2
144 149 1
126 64 3
138 3 1
59 18 1
82 67 1
86 83 2
69 32 4
139 41 2
29 68 1
91 87 2
2 143 1
79 125 2
49 91 2
23 144 3
9 86 1
21 57 2
122 120 2
48 115 1
100 116 1
111 112 2
93 149 4
100 12 4
76 126 1
94 82 2
122 13 3
10 134 2
