5588 150
0 55 3
0 27 2
0 51 6
0 14 7
51 103 9
51 135 1
27 83 9
135 15 1
135 52 4
135 118 8
52 25 9
15 97 1
135 20 5
83 149 6
52 81 3
15 41 1
55 42 3
25 102 2
135 16 1
118 38 4
102 54 3
102 108 3
83 33 5
27 89 7
16 124 9
89 48 3
135 3 2
48 53 9
149 23 2
97 112 1
52 12 5
38 96 8
83 113 4
3 109 4
103 121 7
14 49 4
53 60 4
23 36 6
121 141 4
48 98 1
108 22 4
81 17 2
48 104 3
48 93 1
113 129 7
113 87 5
129 21 4
16 88 8
53 72 5
38 95 5
36 44 9
87 69 7
3 11 4
88 29 9
51 77 6
33 70 5
52 101 8
96 122 9
36 73 4
129 64 4
112 1 8
112 138 8
21 62 7
20 6 7
27 132 4
73 26 3
38 106 8
69 63 1
1 18 8
38 133 5
17 8 4
64 142 3
49 66 5
77 56 3
33 99 2
3 105 8
73 30 5
121 37 9
108 9 4
87 31 4
52 61 5
121 146 5
26 85 6
25 75 9
41 59 3
72 39 3
22 71 6
103 45 5
20 57 1
122 94 4
1 131 3
66 5 1
11 68 9
103 139 2
70 58 3
1 28 9
52 148 1
55 114 1
16 10 7
89 19 5
104 127 1
69 50 9
59 91 4
52 82 2
59 79 2
19 47 9
0 116 5
81 115 3
108 130 8
141 92 2
124 128 1
115 80 7
69 4 1
70 147 5
56 34 7
15 67 7
103 13 7
113 84 1
101 125 1
58 78 9
89 137 9
103 144 5
128 40 7
4 46 8
87 65 5
38 43 8
45 145 6
13 2 7
57 136 4
132 126 3
87 143 1
13 100 3
17 134 6
116 123 1
14 140 2
83 107 6
130 110 4
114 35 2
96 86 8
100 119 3
8 120 5
110 111 5
144 74 3
20 76 6
131 117 6
11 32 7
55 7 1
54 24 9
138 90 7
120 52 2
65 5 1
108 142 2
141 31 4
62 42 1
64 104 2
54 124 4
105 123 4
38 49 3
106 43 3
56 33 1
24 18 2
67 100 3
54 112 2
72 57 2
90 17 2
23 39 4
31 37 2
100 143 4
101 20 1
59 130 1
94 135 4
33 59 4
90 122 3
83 6 4
90 100 3
102 122 4
136 99 1
91 120 3
131 44 4
123 36 4
132 85 3
105 50 1
130 7 4
95 97 3
143 8 3
140 53 3
33 55 4
101 8 1
100 50 4
15 125 3
33 139 2
102 47 1
78 123 2
42 3 3
79 102 3
54 117 3
49 29 2
56 40 3
23 4 4
97 115 3
43 131 4
61 22 4
51 16 3
72 7 2
19 60 4
112 15 2
41 123 4
129 54 1
143 56 4
35 143 4
11 51 3
102 18 4
20 69 1
86 63 2
63 141 1
10 22 2
94 22 1
91 115 2
20 38 4
76 81 1
144 24 3
60 65 3
47 26 3
142 26 2
1 34 2
41 7 3
10 40 2
52 2 3
143 28 1
28 30 1
122 7 1
36 135 4
107 26 1
27 119 2
116 53 2
5 51 4
36 74 2
90 21 4
121 36 2
97 111 2
16 134 2
95 76 1
2 114 4
143 32 3
33 117 4
80 1 1
27 62 4
53 32 3
57 104 2
119 30 2
64 19 3
124 91 2
144 8 1
16 139 4
28 145 4
0 124 3
81 4 3
42 53 2
34 61 2
73 28 4
100 18 3
57 125 3
34 107 2
25 24 2
6 28 3
14 89 4
131 123 1
60 50 2
10 86 4
43 32 4
7 124 4
35 99 3
67 56 2
7 74 3
87 81 4
100 129 2
108 28 2
115 50 3
72 42 2
122 131 2
107 89 4
9 98 2
80 105 2
98 71 3
100 149 3
90 142 1
125 68 3
104 14 4
97 124 4
127 116 3
57 132 2
77 119 2
144 68 3
148 8 3
103 118 4
8 18 4
18 129 1
5 134 2
20 115 4
17 124 2
52 136 4
111 45 1
2 47 3
148 129 1
15 138 1
106 113 3
126 21 4
103 137 4
34 24 1
10 108 4
120 39 1
134 96 4
31 86 1
69 148 4
53 70 3
71 57 4
148 131 3
105 145 2
60 121 1
122 118 1
113 73 3
66 46 1
65 120 4
133 84 1
68 89 2
132 30 4
38 110 4
106 97 1
49 65 1
23 70 1
65 13 3
56 20 1
103 109 1
98 101 1
1 136 4
120 77 4
63 34 2
94 131 3
69 144 1
24 130 2
131 127 1
74 134 4
72 141 2
123 74 4
7 89 1
112 81 1
48 58 2
10 41 3
16 26 4
72 110 2
148 50 4
7 34 2
87 125 4
48 3 2
40 20 1
122 100 2
98 14 1
71 78 1
55 77 4
1 17 3
89 9 3
82 111 2
129 26 4
30 20 2
29 58 2
76 17 3
27 33 1
35 34 2
101 74 2
137 54 1
6 14 3
99 63 1
17 7 1
15 25 1
0 125 2
80 92 3
67 116 4
118 6 1
144 50 3
43 67 1
130 64 1
131 143 3
38 79 4
105 138 3
130 62 4
53 56 2
103 56 3
10 47 2
144 64 4
104 28 2
121 21 1
117 25 3
1 41 1
132 10 1
14 91 2
140 34 3
112 79 4
49 56 1
98 22 2
105 92 3
2 45 2
91 34 4
40 83 3
34 67 4
84 135 4
92 44 2
50 18 2
125 110 2
1 79 4
103 82 3
35 98 3
38 36 3
8 145 2
126 68 4
65 126 4
8 75 1
46 112 1
30 50 2
146 37 4
145 138 2
25 64 1
53 114 2
111 31 4
20 39 2
19 71 1
79 57 4
86 14 1
118 64 3
74 13 3
43 104 4
99 0 3
110 66 4
50 40 2
42 7 1
5 105 3
120 117 4
134 149 1
96 94 3
108 36 1
22 14 4
89 33 4
41 19 3
53 87 2
80 17 1
143 130 4
105 54 2
57 124 2
83 133 3
141 25 1
86 125 1
10 8 4
14 118 4
134 48 4
54 141 2
79 66 2
132 5 3
63 51 2
109 60 2
57 92 1
133 81 1
56 144 1
82 65 4
3 81 2
135 136 2
99 59 4
28 86 4
125 98 1
139 105 2
17 68 2
125 74 1
7 11 1
4 145 3
69 73 1
123 43 1
127 61 1
47 55 3
120 24 2
35 52 1
71 21 2
60 114 2
90 97 3
32 35 2
77 139 2
10 117 1
92 78 2
143 42 2
107 96 4
31 119 1
120 51 1
140 101 3
146 68 1
18 126 4
126 50 4
21 53 3
55 95 4
89 99 4
17 43 2
40 49 2
10 88 1
32 97 4
57 114 4
124 30 3
108 23 4
106 35 1
12 25 4
95 57 2
104 119 1
32 117 1
56 138 2
3 95 4
27 67 2
99 97 2
144 39 2
115 37 3
16 119 1
2 6 4
24 19 2
31 142 3
19 91 2
21 139 4
149 3 3
62 126 3
122 138 3
59 29 1
32 10 3
59 82 2
23 72 3
38 0 2
83 55 2
143 75 3
13 132 2
69 32 4
50 116 2
41 49 2
105 81 3
113 91 3
55 76 1
143 144 1
146 79 3
27 43 3
77 65 2
23 144 3
129 56 4
65 89 4
67 9 4
127 11 2
122 36 2
115 94 3
116 121 1
111 112 2
63 130 4
38 22 4
100 12 4
12 8 1
8 112 3
106 138 1
139 126 3
55 137 2
100 76 1
106 2 3
82 55 1
10 99 4
13 55 3
88 11 3
77 60 3
59 74 3
52 37 4
117 121 4
26 21 2
27 130 4
93 95 2
6 33 1
128 1 3
96 28 3
135 141 4
97 91 4
69 59 4
136 74 2
121 41 2
122 4 3
145 54 1
140 35 3
32 24 1
117 95 2
71 86 1
14 13 4
135 17 3
5 30 1
45 101 4
96 26 2
7 63 4
66 32 2
80 29 3
149 74 2
5 57 4
56 146 3
138 42 3
59 19 1
24 91 1
69 29 3
37 138 4
52 72 1
17 5 4
89 76 2
57 102 3
143 70 2
137 98 3
144 133 3
70 18 2
116 54 2
31 51 1
20 13 4
109 36 3
113 70 4
27 97 2
123 24 4
30 54 4
47 34 2
124 8 2
105 148 1
74 44 2
7 25 1
85 100 3
140 68 3
90 114 3
43 90 4
132 70 3
98 18 4
109 101 2
1 141 3
43 41 2
130 139 4
122 74 3
131 118 1
30 61 1
87 40 1
85 115 2
51 30 1
7 96 4
137 8 3
64 74 3
26 65 2
3 52 4
145 82 2
88 146 3
89 126 2
44 87 4
74 0 2
147 47 2
101 73 3
109 32 1
110 22 4
88 126 3
100 68 2
126 74 1
136 138 2
110 4 3
34 21 3
94 141 1
123 56 3
76 9 4
104 74 1
26 138 1
85 86 2
18 40 2
68 10 4
117 139 2
11 21 2
25 127 3
96 29 1
147 88 1
60 79 1
84 14 1
118 0 1
0 49 4
48 110 2
143 33 3
143 84 1
74 46 4
120 89 2
15 42 2
64 59 1
122 140 3
129 107 3
102 13 4
137 110 4
42 110 3
83 28 1
149 67 3
123 76 4
100 147 4
43 66 4
131 146 1
144 117 2
99 114 3
124 5 2
26 48 3
48 12 4
46 61 2
131 104 1
58 22 4
103 27 2
137 81 2
33 16 3
63 124 3
82 57 4
65 75 1
127 141 3
88 108 1
95 0 3
35 61 2
1 92 1
88 83 3
38 19 2
45 6 2
12 35 1
52 96 1
130 12 3
58 44 3
32 133 1
44 86 3
47 137 1
71 69 1
26 90 1
125 112 2
64 11 1
9 49 2
90 5 4
16 144 2
80 32 1
122 91 2
49 83 4
92 69 3
75 146 1
143 122 3
30 129 4
54 60 3
108 21 4
4 109 2
73 127 1
20 74 2
106 142 3
38 62 1
54 72 1
145 55 2
56 111 1
25 26 1
40 130 4
14 97 3
22 44 2
104 133 3
73 6 1
122 135 2
20 25 1
126 101 2
16 18 4
96 95 2
42 2 1
116 80 3
94 85 2
81 16 1
36 148 2
108 45 2
57 0 2
126 59 1
25 72 3
30 139 2
50 41 2
132 67 1
67 130 2
127 18 3
70 60 3
58 106 4
96 109 3
105 108 3
148 144 3
65 28 4
74 88 2
59 102 3
148 33 4
124 138 3
122 82 4
62 91 1
110 27 1
131 84 2
4 147 1
86 140 1
111 14 3
65 68 4
107 77 3
132 147 3
130 60 1
23 88 4
35 23 4
112 58 3
88 112 1
137 148 2
7 57 4
26 29 2
28 55 3
76 66 4
149 140 1
1 56 4
103 145 1
79 19 1
38 127 3
106 31 2
40 63 4
27 8 1
70 95 4
46 103 1
12 41 1
43 19 2
109 107 3
63 50 3
139 100 3
134 138 1
77 69 4
80 117 3
5 28 1
35 81 4
104 85 1
84 15 2
141 52 4
120 40 2
76 111 3
127 79 4
16 74 1
82 74 1
3 75 2
31 22 1
137 114 3
91 92 3
25 41 1
43 113 2
73 10 2
109 51 3
13 53 2
55 9 3
5 114 3
134 0 2
14 131 3
42 92 3
106 123 2
118 27 4
34 80 4
83 132 1
82 109 2
48 64 2
27 17 1
88 96 2
49 86 3
111 70 2
80 62 2
44 146 2
95 14 1
13 137 3
124 147 2
144 36 4
22 41 1
65 129 1
131 135 4
113 82 1
89 51 3
140 121 1
3 122 1
94 56 4
89 44 4
95 58 2
32 96 1
62 33 3
46 148 1
92 25 1
83 122 2
4 33 2
50 51 2
126 33 4
39 56 4
113 123 2
137 142 3
15 117 2
117 72 4
41 125 4
6 43 2
7 93 4
81 51 1
64 67 2
125 25 1
6 0 3
80 75 4
44 14 4
68 137 1
44 126 3
89 123 4
84 104 3
10 122 1
84 13 3
148 85 4
44 142 1
41 20 4
110 133 3
62 28 2
2 113 2
85 134 2
14 1 1
84 134 1
135 97 3
18 55 1
135 117 2
87 109 2
122 34 1
49 136 2
13 136 3
45 113 2
87 134 1
53 147 1
122 20 1
9 43 2
135 1 4
24 48 3
107 118 4
21 31 1
18 14 3
18 7 2
79 147 2
138 31 4
140 13 3
140 29 4
49 70 1
87 78 3
58 9 2
128 84 1
95 105 2
145 141 2
101 107 4
72 146 2
56 104 3
148 94 4
14 105 2
114 68 4
121 84 3
90 56 1
108 20 1
86 74 1
112 72 2
109 84 1
60 91 2
108 107 1
113 20 4
11 137 2
141 81 3
130 102 4
120 92 1
114 78 2
38 48 3
148 2 1
0 36 3
139 76 3
53 17 4
116 110 1
114 64 2
102 88 4
64 43 1
87 26 4
86 30 2
111 24 4
111 8 1
91 8 3
84 147 2
127 86 3
136 76 4
76 144 4
66 26 3
30 76 3
52 40 1
127 9 1
61 38 1
48 8 4
19 129 3
140 139 4
48 54 4
47 85 4
147 85 2
21 72 2
16 140 3
39 53 3
44 16 2
23 103 3
93 19 4
5 34 3
97 34 3
98 51 1
39 96 4
108 111 2
48 121 1
93 15 3
28 17 4
43 115 2
90 131 2
5 126 2
43 39 3
53 86 2
31 124 1
7 85 2
24 107 3
34 121 4
13 15 1
30 40 1
111 61 4
135 38 1
18 27 3
18 25 1
24 88 4
127 66 3
21 74 1
2 17 4
93 4 2
139 91 2
12 73 1
24 41 2
93 104 1
122 129 2
84 118 4
26 131 4
148 57 2
87 139 2
98 1 4
32 47 1
26 127 2
91 56 2
142 145 3
22 43 1
28 102 2
64 47 2
31 62 3
17 100 4
92 97 3
103 79 4
147 8 4
45 83 3
128 12 4
149 132 1
149 138 4
36 61 1
147 78 2
132 111 1
27 129 4
83 58 2
70 67 3
148 17 2
7 14 2
66 0 4
114 106 1
5 92 3
70 20 3
101 64 3
149 55 3
36 113 1
29 3 3
54 133 4
26 102 1
134 131 2
12 75 1
26 130 2
112 67 2
89 0 2
59 124 2
38 17 3
45 0 3
117 111 4
34 98 4
11 0 1
25 147 1
50 133 3
93 41 4
68 8 1
100 14 4
58 15 4
31 63 1
80 108 4
115 100 1
71 121 2
94 128 1
33 7 2
140 148 3
93 91 3
36 124 1
71 52 4
118 91 3
132 53 4
9 123 4
45 97 3
17 74 4
134 119 3
119 52 2
58 86 2
30 84 3
98 136 2
146 122 4
148 136 2
79 134 3
82 42 3
35 115 1
140 138 4
30 78 1
109 136 4
96 30 1
98 26 3
118 51 3
96 33 1
29 95 3
52 90 1
11 56 2
83 115 1
146 52 4
134 9 2
88 105 2
134 106 3
78 63 4
103 107 1
50 78 4
19 12 4
96 73 4
114 134 3
144 3 2
72 59 4
69 124 1
52 42 4
100 103 4
47 138 1
76 27 4
140 81 1
65 141 1
111 113 1
149 115 4
133 117 2
63 38 2
16 114 4
24 109 3
65 123 3
37 34 2
10 133 4
29 122 4
67 24 4
136 8 4
93 40 2
85 82 2
125 18 2
83 44 4
33 94 4
45 100 4
46 22 3
128 66 4
5 78 3
85 24 1
123 75 2
49 90 1
92 145 2
86 50 2
79 75 3
22 139 3
110 49 2
33 61 3
74 109 3
132 59 3
88 15 4
111 119 2
107 37 4
59 16 3
65 56 1
58 127 3
71 47 2
144 48 2
109 133 4
18 103 4
87 133 1
26 149 3
112 122 4
100 22 1
119 7 1
82 142 4
62 35 1
83 35 1
104 111 3
93 105 1
123 122 3
137 118 1
80 121 3
142 148 4
119 37 2
97 17 3
81 33 3
121 100 2
96 116 1
32 147 4
148 58 2
111 128 4
0 108 1
44 51 1
31 95 3
139 97 1
142 72 1
34 84 1
108 81 2
0 107 1
47 68 3
33 125 2
126 46 4
1 52 2
32 49 2
70 14 1
26 59 4
68 21 4
61 23 3
63 136 2
4 106 3
30 37 4
103 135 4
70 46 2
28 131 2
2 125 1
144 88 2
97 51 3
29 114 3
93 88 4
121 18 2
111 0 1
38 82 2
42 41 3
97 134 4
9 37 1
40 45 4
82 63 4
12 83 3
11 118 2
86 32 1
8 11 1
126 8 1
125 3 2
68 61 2
114 9 3
47 11 1
108 101 4
76 109 3
138 55 1
145 111 4
62 3 4
143 94 2
27 143 1
121 64 2
10 111 3
100 59 1
122 84 1
24 68 3
84 83 1
112 132 1
25 126 3
51 29 2
110 53 2
88 110 3
119 39 1
19 145 2
118 82 4
141 113 3
40 60 2
60 110 2
64 97 2
23 134 3
64 12 3
6 52 4
144 83 3
94 127 4
62 135 3
29 22 2
41 45 1
14 9 2
79 119 1
67 57 3
124 46 2
49 113 4
14 106 4
122 81 4
143 127 1
86 142 4
56 132 2
142 141 4
126 121 3
130 80 3
136 21 2
70 106 4
102 101 1
73 55 4
37 145 4
55 64 4
32 120 2
77 50 2
12 118 3
51 127 2
97 26 1
52 47 3
130 16 2
147 83 2
141 75 2
52 34 2
54 35 4
86 5 1
28 129 1
60 29 2
69 132 3
129 3 1
95 11 1
100 132 2
129 103 3
22 125 3
147 58 1
24 84 1
14 15 4
30 91 1
80 100 4
132 4 1
51 143 4
32 145 3
58 50 2
69 122 3
50 130 4
47 0 1
13 30 2
135 76 3
57 149 2
64 81 4
79 94 1
73 74 1
105 122 4
101 51 2
139 89 2
25 103 2
46 149 4
2 98 1
102 80 1
4 123 1
106 3 1
64 78 4
97 49 2
28 34 3
144 101 3
5 123 3
108 5 4
137 124 2
12 115 1
126 94 3
52 149 3
14 77 3
24 0 1
129 32 3
27 137 3
5 38 1
116 139 4
81 50 4
141 80 4
124 6 4
149 32 2
87 58 2
5 130 1
134 66 3
135 4 3
113 130 3
87 94 1
121 5 4
26 37 3
144 22 1
36 127 3
3 132 4
90 106 1
6 23 4
59 20 3
90 109 3
3 37 4
63 70 4
49 36 1
116 126 3
136 46 3
116 88 2
109 88 3
27 106 2
126 144 4
5 26 4
31 112 2
78 134 3
142 60 2
149 118 2
53 18 2
146 20 1
3 141 2
134 132 3
87 146 1
73 102 3
1 5 3
114 98 3
19 14 4
120 83 1
106 12 2
31 11 1
60 78 2
1 138 2
92 114 1
42 65 1
58 138 1
118 23 4
5 23 1
74 90 1
70 115 4
87 130 3
106 33 3
33 97 4
73 115 1
93 90 1
143 126 4
52 117 4
120 23 4
1 30 4
59 54 3
79 3 1
47 107 1
130 48 4
64 37 2
127 97 3
1 72 1
115 61 3
81 5 4
92 137 3
11 107 2
99 85 4
74 147 2
119 8 2
108 140 4
34 143 3
101 132 4
29 62 3
65 132 1
119 94 2
47 115 1
43 119 3
48 60 2
86 117 2
90 123 1
56 36 1
68 88 3
107 143 1
147 72 4
23 44 4
42 6 1
60 22 4
97 125 2
90 2 3
0 56 2
109 40 2
70 133 4
89 109 4
47 63 2
55 130 1
72 69 3
14 39 4
49 68 2
30 81 1
1 44 3
149 20 1
6 113 4
77 72 2
115 10 3
133 20 4
25 4 4
92 110 1
9 22 2
67 136 2
144 118 1
123 91 3
132 68 1
89 104 2
63 79 4
26 69 1
82 112 4
7 52 3
29 103 4
104 52 2
89 55 3
23 99 4
5 50 1
100 128 3
61 57 3
61 133 4
135 98 1
57 89 2
4 74 2
115 146 4
65 140 3
52 91 3
23 71 3
41 94 2
62 9 1
75 93 2
87 21 4
23 26 1
50 55 3
98 5 3
148 107 2
83 145 4
49 96 3
107 59 3
99 53 2
119 103 2
69 101 4
124 39 1
78 20 1
95 79 2
67 30 4
146 135 1
126 48 1
128 131 2
68 127 4
78 102 3
143 112 4
36 95 1
96 79 3
59 71 2
79 105 1
45 116 2
40 116 4
22 140 2
66 78 3
146 103 3
75 62 4
60 85 2
97 77 2
60 145 3
17 78 2
133 63 3
13 59 1
4 19 4
141 76 1
12 104 1
62 108 1
47 124 3
45 79 1
40 37 4
111 48 1
13 22 1
97 133 3
19 28 2
77 136 2
29 98 4
119 135 2
133 92 4
144 134 2
106 115 3
25 1 3
37 47 1
109 108 2
70 109 4
93 124 4
65 103 1
33 136 4
64 148 2
62 93 1
141 70 1
11 75 3
49 120 3
3 64 3
36 143 4
56 110 2
71 113 4
44 40 3
41 82 4
19 58 2
59 116 2
131 125 2
12 123 4
39 35 3
103 133 3
137 116 2
119 54 3
65 102 1
28 27 1
121 8 3
61 19 1
66 147 3
1 87 2
134 98 2
81 46 4
111 91 1
49 75 1
100 135 3
91 50 2
108 44 2
21 103 1
24 141 1
102 5 4
147 73 4
129 92 3
16 23 2
132 41 1
32 38 4
14 54 2
76 45 3
50 90 1
76 120 2
121 149 3
12 82 4
44 54 2
147 105 4
136 31 1
134 67 2
72 32 4
143 64 3
15 114 2
144 147 3
57 113 3
73 40 3
136 50 3
64 90 1
71 147 1
148 19 2
40 97 3
115 117 4
121 67 1
116 133 1
149 144 1
91 18 4
24 16 1
77 140 1
146 32 1
80 50 2
135 124 3
145 107 2
65 55 4
146 104 1
25 135 1
143 83 1
141 20 1
12 143 2
66 65 4
99 13 2
125 29 1
95 63 4
41 90 3
42 26 1
121 24 4
144 107 1
59 70 4
129 104 3
79 28 3
94 0 2
140 15 1
129 58 4
84 81 1
99 40 2
1 130 1
28 20 1
115 103 2
77 62 2
42 141 4
105 71 3
56 102 4
149 90 3
149 146 4
60 24 2
120 74 4
71 20 3
71 148 3
88 56 1
140 27 3
7 32 2
35 104 2
39 64 3
143 11 3
119 108 2
40 36 4
55 38 4
143 146 3
105 85 1
16 84 3
44 100 4
110 23 4
59 27 1
124 81 4
88 62 4
54 142 4
88 43 3
67 5 3
97 12 4
94 129 1
4 146 1
95 92 4
136 96 1
15 144 2
148 40 4
139 122 4
37 126 3
124 139 3
96 127 2
144 58 3
54 17 1
26 125 2
6 57 1
31 0 2
95 40 3
46 45 4
68 69 2
2 32 4
93 20 3
70 99 3
110 141 4
135 8 1
56 99 1
18 5 2
14 85 4
84 141 2
105 113 4
89 25 1
0 103 2
60 108 1
60 102 1
53 108 4
145 56 1
82 93 1
60 67 2
76 41 3
120 27 3
139 69 2
67 1 4
57 28 3
111 12 1
16 122 3
96 2 2
21 146 2
70 65 4
87 29 2
25 19 1
87 83 4
126 23 2
140 79 3
41 122 4
46 134 3
58 71 4
148 37 2
29 92 3
126 55 4
142 9 2
119 84 2
144 62 4
53 134 3
42 130 1
130 23 3
77 35 3
126 129 1
107 49 3
131 3 4
116 114 1
50 137 3
13 111 2
44 132 4
61 140 4
39 86 1
99 131 3
16 149 3
111 37 2
137 138 3
11 49 4
91 75 2
1 13 1
144 131 3
94 23 4
30 95 2
76 83 2
115 96 4
141 116 3
140 126 1
36 87 4
95 86 2
8 80 3
139 128 1
141 98 4
48 14 4
0 62 3
40 66 3
16 34 2
50 6 3
16 43 1
142 39 2
47 136 4
134 125 1
139 65 3
125 91 1
101 103 2
42 115 1
136 56 4
91 12 1
92 4 4
47 93 2
87 59 3
138 4 1
109 126 1
52 112 3
132 62 1
133 135 3
85 25 2
56 51 4
81 62 4
146 107 2
88 28 1
88 59 3
19 2 2
36 15 2
104 40 4
15 104 2
48 46 4
59 76 1
80 51 4
38 143 3
64 45 3
59 23 4
81 32 2
55 44 2
45 106 3
51 57 4
41 32 1
122 95 2
88 40 4
49 8 3
144 30 4
128 103 4
11 54 3
85 79 1
66 138 2
147 137 3
59 78 4
99 4 3
32 83 2
19 6 3
149 12 2
48 109 4
124 96 1
47 36 4
125 147 3
86 56 4
5 93 2
83 85 3
33 49 4
121 22 3
103 138 3
118 29 1
84 102 3
90 124 4
18 52 2
142 149 2
34 111 1
46 90 1
8 103 3
61 7 3
126 117 4
18 44 3
78 105 1
147 117 2
7 66 2
28 74 4
72 24 4
17 138 4
35 124 3
149 6 3
146 142 2
32 113 3
113 103 1
16 93 4
15 87 2
3 33 2
56 73 2
141 146 4
33 68 2
134 120 2
80 64 1
80 26 3
122 23 1
145 148 3
42 0 1
96 71 1
46 82 2
85 119 2
34 131 3
60 126 4
78 65 4
90 98 3
98 108 1
76 82 4
28 4 1
90 87 1
43 100 4
37 13 2
107 74 2
13 126 2
109 45 3
28 128 2
42 111 3
131 24 3
129 131 2
119 0 1
10 144 1
23 28 4
119 68 1
10 116 1
18 56 2
54 97 4
141 83 3
58 94 2
18 123 1
121 20 2
29 132 4
128 36 1
119 99 2
25 80 1
109 23 3
99 1 2
110 115 4
105 13 3
132 140 4
103 104 1
75 44 3
68 142 3
99 149 3
134 20 4
14 142 3
100 52 2
5 2 4
85 48 1
80 99 1
102 97 4
76 108 1
59 28 2
23 60 4
72 107 1
23 74 3
130 58 1
141 69 2
100 41 2
57 41 1
131 55 4
59 68 3
15 52 2
42 136 2
22 123 1
20 12 2
76 137 1
86 77 4
70 91 1
139 88 4
7 147 4
56 5 3
85 8 3
95 8 3
29 1 3
116 78 3
120 85 4
35 16 4
128 93 2
49 59 1
102 76 4
74 32 1
15 108 3
60 11 1
31 55 4
10 20 3
36 10 2
146 41 3
95 90 4
56 70 3
38 83 2
21 47 2
107 22 1
14 99 3
13 146 4
132 26 4
120 87 3
99 76 4
142 18 1
37 45 3
40 98 3
103 35 4
1 140 4
15 16 4
40 107 1
27 112 3
27 84 1
82 10 4
136 141 4
8 33 1
35 49 2
70 47 2
32 105 1
147 17 4
146 50 3
19 63 3
42 33 1
104 81 2
25 142 3
93 116 4
110 7 3
75 144 3
98 44 2
145 43 2
90 116 4
77 96 2
110 51 2
70 81 4
124 70 3
149 35 2
60 112 4
112 63 2
112 40 1
23 113 2
14 23 3
40 129 1
126 17 3
72 111 2
67 89 2
91 48 3
24 125 2
142 17 3
74 128 1
104 33 4
48 122 3
69 54 1
60 63 2
45 35 3
142 133 4
16 57 1
69 135 1
33 20 1
101 55 4
109 35 2
67 62 4
107 93 2
136 20 3
40 110 2
115 99 1
30 117 3
125 6 4
149 120 2
15 49 2
52 88 2
109 135 4
138 27 2
61 53 4
14 53 2
8 84 1
126 120 3
144 113 1
121 40 4
50 76 1
23 18 2
126 138 3
124 67 3
107 86 1
136 145 3
124 4 3
86 8 3
43 91 3
127 83 4
101 128 4
73 143 3
24 143 2
31 143 1
138 116 2
87 8 1
71 145 4
21 15 2
28 16 1
7 106 1
24 82 1
27 124 1
32 27 4
28 121 4
15 3 2
124 10 3
3 20 2
99 61 1
139 86 1
104 49 4
33 47 1
103 38 2
86 116 1
13 35 2
149 93 1
133 147 2
37 97 4
67 38 3
117 29 3
72 134 1
124 106 4
92 12 3
71 90 2
58 65 3
145 1 1
40 137 2
15 54 2
108 136 2
111 3 2
66 57 2
60 26 1
80 113 1
119 12 4
2 134 1
110 24 1
40 92 4
30 22 1
104 100 4
54 56 3
97 11 2
45 21 1
11 110 4
8 92 1
77 20 2
147 121 1
22 74 2
149 1 4
96 6 3
63 85 3
32 3 2
145 11 4
69 105 2
98 33 2
116 75 2
46 68 3
19 70 4
20 45 2
36 149 3
17 112 4
138 10 3
19 73 2
3 9 1
87 123 3
121 81 2
110 109 4
0 22 4
83 86 3
99 5 4
77 108 4
124 83 3
101 96 2
60 33 4
94 6 4
94 49 4
135 14 4
17 51 2
134 136 3
70 3 3
124 44 3
102 126 2
1 105 3
115 63 3
44 52 1
6 141 3
60 74 1
5 84 3
141 89 2
115 139 2
27 61 1
142 128 4
109 91 1
103 52 1
94 91 3
19 62 2
95 134 2
117 35 1
134 19 4
148 60 1
149 9 1
125 119 3
98 8 4
131 22 2
75 92 1
54 42 4
89 53 1
52 66 2
83 66 4
135 147 4
102 2 1
71 118 1
93 146 3
98 67 1
39 44 3
72 30 1
101 1 3
1 95 3
88 25 3
68 62 2
55 133 4
18 136 1
74 97 2
94 55 1
29 85 3
61 18 3
86 145 2
30 62 3
47 76 1
9 75 2
13 106 1
52 69 3
119 92 4
74 71 3
50 88 4
117 5 2
44 56 1
129 8 1
85 16 3
86 99 2
5 39 1
133 89 1
139 141 1
107 132 3
130 109 1
93 14 3
119 48 1
29 42 1
55 91 1
18 39 2
146 127 1
104 2 2
104 73 1
124 13 3
18 58 1
30 128 4
91 53 1
86 40 4
138 132 1
131 46 1
20 65 3
61 107 4
65 6 3
144 127 2
21 117 2
77 38 1
39 91 2
45 49 2
80 69 2
57 107 1
90 75 2
32 137 2
115 90 2
84 93 1
49 24 1
126 115 1
45 110 2
61 98 3
102 30 1
119 63 2
8 100 1
72 98 3
0 64 1
46 85 4
101 40 3
46 147 2
131 19 4
116 20 3
147 36 4
146 16 1
87 126 2
119 93 4
107 7 1
122 9 1
55 118 2
35 128 4
52 63 2
74 83 2
140 137 4
26 68 3
71 140 3
139 24 4
35 5 1
96 61 4
70 57 4
140 58 4
83 78 4
98 23 4
120 94 1
20 97 4
12 133 3
54 80 1
52 58 3
23 30 1
8 42 3
5 71 4
71 119 4
44 117 2
76 58 3
4 54 1
85 107 2
46 109 4
80 88 2
69 128 4
69 100 1
82 16 3
100 35 4
69 27 1
5 49 3
133 68 1
45 47 3
96 66 4
29 13 3
47 65 2
15 46 3
143 0 3
92 35 2
53 16 2
17 24 4
104 62 4
30 11 3
24 127 1
18 94 4
70 26 4
46 8 1
90 135 4
149 11 2
46 16 3
4 119 2
18 106 4
61 54 2
86 20 2
15 9 4
15 128 2
29 109 4
100 77 1
53 38 1
132 146 1
6 92 2
96 126 3
140 23 4
46 110 4
12 38 2
124 41 1
89 95 4
26 31 1
36 33 2
110 3 1
15 124 3
95 136 1
18 45 1
77 46 4
57 43 2
26 36 4
88 99 3
13 121 4
31 133 1
96 53 3
39 146 3
70 11 1
147 0 2
124 21 3
95 115 3
104 54 1
142 65 2
55 128 1
107 140 3
22 111 3
126 35 4
31 65 1
135 2 1
6 7 3
57 32 1
5 106 2
128 31 1
40 8 3
67 113 1
19 26 3
72 8 3
40 31 4
10 50 4
93 59 1
117 37 1
36 98 2
124 43 3
48 10 4
32 135 1
147 143 1
23 41 1
6 53 3
54 134 2
68 57 2
72 102 3
121 42 4
114 72 2
88 9 3
28 82 3
122 104 4
102 48 3
110 37 3
125 70 2
13 17 1
108 26 1
137 144 3
45 22 4
28 68 4
19 67 4
103 9 4
69 97 4
134 129 3
63 36 4
77 33 2
133 41 2
112 22 4
139 98 3
78 40 3
140 99 1
24 23 1
112 6 3
140 91 3
82 0 1
87 98 2
117 122 1
44 64 3
106 47 4
89 42 3
120 41 3
1 125 1
56 69 1
74 96 1
87 145 1
77 34 2
38 3 3
84 64 4
1 121 2
56 64 2
44 149 4
109 66 2
3 54 3
125 55 3
42 74 1
15 43 4
79 16 2
110 13 3
26 91 2
35 24 3
33 39 2
100 47 2
48 81 3
78 43 3
11 13 2
131 63 1
32 59 1
76 114 1
79 137 4
53 44 4
4 57 3
48 87 1
94 92 1
17 106 2
116 1 3
97 25 2
14 31 1
24 36 2
116 15 4
113 142 4
70 41 4
44 80 4
133 57 3
125 77 1
75 98 3
27 44 3
121 104 2
70 114 3
106 139 2
148 65 4
8 76 2
106 52 2
146 35 4
86 59 1
16 136 3
81 77 3
74 55 3
147 27 4
77 31 1
119 114 4
97 16 4
52 46 3
7 26 1
29 111 4
133 2 2
44 139 3
28 125 1
146 40 1
38 4 4
82 68 4
3 94 2
116 102 1
29 48 3
43 73 1
123 107 1
113 22 1
29 11 3
131 140 1
30 85 2
40 15 4
127 130 3
63 127 3
133 148 3
145 58 2
118 19 4
107 54 2
75 131 2
130 105 4
62 16 4
66 84 2
119 66 1
4 116 4
59 119 1
38 59 1
55 46 3
14 25 4
121 115 2
39 19 1
63 75 3
4 27 3
40 71 3
11 122 2
40 135 2
75 46 3
146 1 3
129 72 2
45 75 1
121 101 2
58 66 2
40 136 1
122 86 3
77 75 2
81 125 3
99 68 1
74 38 2
123 17 2
40 147 4
148 111 1
2 129 2
108 48 3
8 67 3
80 111 3
29 34 3
106 24 4
7 141 4
132 133 2
91 121 4
73 142 4
11 91 3
139 43 3
39 60 1
141 40 1
45 87 1
55 104 1
64 70 3
85 54 1
138 79 3
1 74 3
73 93 2
137 141 2
119 67 3
22 34 1
18 54 4
143 92 1
87 128 4
38 132 3
94 4 2
119 18 4
122 22 2
133 16 3
134 44 2
42 30 4
146 111 2
101 113 3
88 7 3
64 26 1
2 59 4
29 40 1
44 28 1
102 129 3
147 30 4
116 42 3
40 132 2
139 50 2
37 19 1
90 70 4
33 54 1
149 51 3
147 140 2
99 102 4
115 144 3
40 19 3
28 60 1
52 62 1
10 51 4
67 108 1
143 104 1
13 40 3
27 19 3
67 135 1
118 73 4
36 41 4
87 64 2
66 82 2
118 49 3
108 122 3
48 118 4
57 116 4
95 85 1
64 63 4
111 79 1
54 12 2
133 60 3
61 118 4
136 130 3
10 89 3
17 128 1
27 141 2
113 72 4
109 19 4
133 105 3
64 30 3
21 9 2
127 110 2
105 91 1
3 76 4
129 89 1
33 79 4
101 111 2
137 95 2
111 35 1
100 10 1
51 53 3
70 104 4
126 84 3
116 64 1
92 61 1
80 85 2
130 79 1
83 101 4
73 145 4
12 86 3
12 31 4
144 14 4
43 98 3
130 8 1
134 61 3
77 48 1
40 123 4
143 111 2
79 42 3
117 140 4
101 66 4
112 91 2
146 9 4
63 77 1
126 85 3
23 128 1
23 43 2
82 99 3
126 137 4
120 128 4
110 44 2
46 139 1
72 61 1
125 130 4
89 28 4
146 48 2
56 117 2
28 26 1
146 26 2
113 120 3
47 105 2
98 56 2
132 72 2
81 79 3
95 72 2
13 33 3
46 69 1
128 109 3
7 132 4
34 54 2
16 67 2
70 98 4
141 117 1
46 7 4
104 60 3
122 65 4
146 63 1
4 51 3
59 12 3
112 80 3
34 79 3
57 55 2
12 89 2
45 50 3
85 41 4
40 72 2
8 15 1
30 36 3
67 3 4
115 136 2
76 133 2
42 128 2
11 24 1
73 77 1
29 65 3
1 134 3
140 78 2
16 32 3
142 105 3
82 35 3
26 75 4
99 108 3
142 28 1
11 42 4
124 140 3
100 56 4
92 73 2
140 60 3
19 66 1
103 64 2
85 52 1
107 138 1
26 78 3
50 8 1
21 61 4
66 55 4
44 85 1
86 17 1
32 142 3
109 34 2
94 144 4
77 146 4
132 18 1
125 79 2
60 35 2
139 57 2
61 147 4
15 101 4
1 63 2
97 104 3
86 51 4
93 76 1
20 64 3
46 3 1
147 38 3
17 45 3
15 120 3
134 8 4
90 78 4
9 93 4
39 49 4
131 147 1
61 83 2
52 21 4
143 121 1
115 24 2
127 113 4
142 46 4
133 1 4
110 117 2
32 88 2
121 129 2
19 82 4
20 143 4
85 12 1
137 6 4
88 33 2
10 135 3
118 25 2
62 7 3
137 106 4
100 101 1
120 20 2
101 99 1
84 49 2
30 109 4
128 22 2
109 12 2
56 6 3
50 56 4
108 69 1
99 34 3
42 46 1
78 124 3
59 83 1
66 103 4
143 118 2
140 93 1
140 83 1
125 89 2
52 31 1
24 69 4
61 141 3
100 108 4
58 43 3
86 137 2
139 48 3
54 20 2
117 59 4
24 28 2
65 25 4
2 4 3
1 110 4
77 149 2
55 27 3
136 129 2
94 8 3
121 96 4
40 111 4
16 29 4
145 104 1
96 125 4
139 51 4
30 60 3
0 70 1
110 104 2
17 84 3
139 56 2
11 25 1
99 36 4
117 74 1
145 72 1
79 122 1
32 42 3
80 110 1
117 0 4
56 9 3
28 18 2
62 32 3
3 36 2
149 141 1
149 22 2
56 87 3
33 22 4
4 111 4
75 58 1
42 142 4
77 5 3
147 21 3
87 43 1
12 147 3
107 111 1
29 19 4
101 141 1
53 102 1
90 58 1
5 10 3
54 90 3
60 69 3
39 30 3
107 87 1
128 37 3
36 78 3
65 112 4
109 0 4
146 51 3
61 119 2
49 6 2
122 54 4
96 118 1
108 129 4
49 79 4
65 24 3
149 13 3
84 138 1
93 32 3
86 113 3
28 141 4
46 32 1
120 115 1
15 59 4
64 96 3
25 49 4
55 134 2
114 61 4
144 98 4
81 127 1
67 91 3
144 120 4
87 54 1
22 48 2
8 24 3
131 0 2
117 88 4
96 140 4
61 84 1
75 7 2
86 111 4
140 97 2
144 12 2
142 23 1
126 63 1
41 115 2
44 61 4
76 127 2
80 86 1
74 52 4
105 84 4
69 134 4
72 27 3
123 29 4
62 65 2
124 105 4
132 139 4
10 74 2
138 117 3
147 6 1
15 68 2
110 139 4
53 146 2
99 6 1
23 129 2
61 78 4
56 68 2
108 55 4
78 127 3
127 77 2
39 105 3
141 124 4
59 17 1
142 121 4
104 99 4
30 133 2
73 120 1
43 126 4
81 98 4
51 114 2
19 54 1
131 88 4
46 24 3
103 28 4
52 79 4
70 82 2
142 103 3
78 57 1
82 92 4
91 79 1
7 47 1
141 126 1
42 45 1
5 76 3
5 11 2
12 5 2
6 86 4
15 73 2
131 113 2
58 126 3
37 136 2
73 138 3
121 123 4
72 36 4
138 61 4
117 99 4
107 50 2
140 59 1
110 68 4
105 129 2
11 130 1
54 27 2
85 144 1
28 133 2
68 75 1
98 145 2
61 70 1
130 131 1
38 134 3
102 128 1
50 141 2
89 39 2
143 125 1
41 17 2
10 110 4
25 121 1
88 133 2
123 149 2
132 115 4
1 109 4
128 8 1
136 87 1
72 105 1
143 41 4
88 118 3
53 36 4
134 59 1
56 24 4
9 125 2
127 34 2
123 35 2
146 61 1
57 76 3
6 80 3
92 113 2
135 27 3
25 149 2
39 17 4
19 48 3
54 146 3
114 67 2
146 43 4
143 6 3
66 142 1
59 112 2
88 101 2
59 135 3
22 5 1
74 62 2
82 56 3
21 40 3
93 70 4
93 125 1
145 144 1
59 67 3
142 123 1
101 142 4
100 73 2
6 37 3
14 130 3
85 77 4
120 55 3
84 73 3
96 91 1
82 115 3
114 44 1
21 135 2
86 146 4
128 14 1
67 138 2
132 116 3
114 110 1
124 133 3
64 108 2
77 12 4
44 103 1
98 58 3
96 43 3
32 44 2
99 107 2
107 133 2
119 41 4
51 124 2
71 112 4
75 125 1
105 120 2
147 118 2
97 131 1
1 88 1
51 1 1
90 47 3
0 44 2
129 48 1
127 140 3
138 29 2
77 54 1
60 21 2
46 86 3
87 51 3
148 99 2
60 61 1
13 54 3
55 59 3
41 29 4
56 47 4
3 60 3
74 31 1
86 55 1
68 117 3
104 124 2
44 135 1
143 114 2
49 34 4
120 54 3
77 15 2
117 77 3
77 49 2
123 10 3
24 66 3
12 26 3
42 84 1
11 119 2
52 17 1
16 147 1
75 51 1
133 149 1
75 135 1
61 122 4
24 80 1
123 37 4
97 38 2
146 7 2
103 15 4
58 113 1
129 106 2
52 60 2
38 90 4
16 132 4
77 16 3
51 96 2
95 49 1
68 116 2
81 90 2
1 49 1
107 38 2
84 106 4
134 113 3
134 33 1
81 117 1
90 20 3
19 98 3
48 5 3
81 78 3
26 0 2
27 80 2
61 55 3
43 133 4
93 79 1
76 130 3
10 121 4
80 12 4
101 118 4
6 142 2
75 21 2
101 27 4
27 21 4
148 98 1
78 109 4
52 113 4
26 56 2
48 30 3
90 62 2
125 104 4
33 35 4
137 0 3
44 88 1
42 88 1
38 88 4
27 51 3
4 44 4
76 28 2
128 57 2
3 39 3
90 147 1
39 122 1
146 27 2
62 133 3
40 122 2
46 118 4
59 36 4
25 146 3
112 124 4
134 21 3
54 74 1
0 60 4
14 90 2
16 30 3
77 28 2
116 97 4
117 76 4
118 65 4
23 131 2
9 2 3
45 1 2
75 114 3
13 32 4
72 139 1
30 24 1
24 134 2
48 42 4
75 118 4
33 23 4
99 32 2
85 138 1
11 12 1
101 34 2
28 75 2
128 34 3
106 102 1
83 96 4
83 26 3
112 76 3
69 147 2
133 80 3
61 90 2
29 124 3
57 96 3
131 11 2
10 61 2
90 8 2
67 11 4
109 93 4
121 136 3
36 4 3
147 29 4
37 89 1
132 35 3
118 24 3
149 58 1
34 82 4
126 77 2
32 111 3
115 16 3
41 72 4
121 77 1
99 55 2
133 64 3
61 110 4
48 51 2
87 76 3
6 146 4
130 89 1
87 122 2
25 27 1
71 64 2
80 114 1
57 40 2
112 32 3
70 36 1
144 142 3
82 9 1
130 85 3
143 90 3
57 120 4
70 38 4
31 7 3
148 84 2
119 132 4
28 85 1
142 48 2
32 1 1
41 47 4
112 94 1
49 47 4
124 107 2
55 29 3
11 109 1
36 120 1
48 138 2
86 19 3
146 117 1
55 52 1
106 111 2
135 55 4
17 102 4
111 15 2
127 128 1
6 89 4
39 75 4
123 15 3
93 121 2
25 39 2
122 76 1
62 123 1
24 14 3
71 111 1
98 60 4
142 104 4
21 114 2
2 144 4
78 103 2
87 72 2
22 73 1
17 11 3
136 118 4
124 123 2
2 108 2
141 0 2
111 105 3
140 119 4
23 25 1
49 10 3
105 109 3
15 75 3
123 16 2
58 34 4
141 55 3
33 37 1
58 100 3
63 102 1
115 53 2
105 7 1
67 71 1
97 107 4
102 149 4
51 126 1
83 125 4
125 54 4
69 75 1
83 20 4
58 109 1
133 36 3
6 122 4
79 139 2
72 63 4
43 77 4
34 95 3
20 130 3
142 69 2
117 20 3
3 82 3
116 76 3
10 54 1
54 7 1
90 125 3
58 6 1
80 39 4
62 149 1
29 131 1
16 116 2
54 57 4
49 127 4
17 133 3
137 83 1
122 31 2
103 149 2
149 28 4
106 141 4
128 9 4
30 10 4
81 65 1
19 121 4
89 100 2
42 122 1
137 34 1
56 28 1
126 66 1
139 49 3
36 43 3
110 143 2
22 6 1
102 31 3
10 33 3
67 101 4
147 55 3
53 143 3
30 82 2
129 93 3
6 38 3
14 119 1
93 122 4
140 19 2
75 40 3
122 111 2
24 6 1
115 87 4
95 102 3
48 116 4
0 87 3
42 21 3
36 137 2
39 40 3
80 118 4
15 51 1
129 127 1
9 100 3
61 123 3
5 25 4
66 56 1
110 120 3
75 149 3
73 125 2
132 66 4
95 7 2
27 77 4
63 92 3
52 5 4
51 68 1
113 3 1
9 79 3
47 14 4
28 105 3
100 15 4
74 112 3
83 15 3
88 130 2
137 77 4
83 79 1
32 144 2
115 17 3
24 102 3
105 43 1
140 129 4
134 92 3
122 58 3
110 135 3
128 48 1
55 109 4
26 39 1
115 21 2
57 9 1
19 16 3
99 46 1
60 124 1
78 148 2
7 73 1
74 24 1
29 78 2
116 6 1
64 75 1
130 128 1
91 126 2
82 140 3
90 91 1
89 16 1
109 69 1
88 121 4
70 8 1
28 134 2
92 31 2
121 4 1
36 66 2
113 104 3
17 89 4
66 149 2
105 146 4
91 41 1
140 102 2
55 35 3
12 141 2
47 54 3
75 89 4
84 139 2
61 120 2
39 130 1
59 10 2
63 89 4
38 87 3
134 70 4
28 87 4
86 118 3
73 135 1
11 79 4
46 56 1
15 110 3
88 66 1
87 84 2
4 141 1
21 70 4
146 47 2
119 33 2
83 94 2
47 97 4
120 88 2
46 28 2
29 79 3
46 67 1
134 37 2
36 6 1
88 97 1
85 42 2
126 119 3
56 45 1
66 35 3
3 115 2
15 61 3
27 78 2
62 12 2
97 82 3
55 81 3
129 4 2
144 140 1
58 124 2
21 8 3
51 72 1
102 39 4
98 126 2
17 88 1
44 133 2
58 31 2
121 144 4
29 18 1
77 45 3
45 99 4
49 28 1
91 81 2
23 52 3
90 65 1
56 16 1
0 144 1
84 100 2
24 51 1
68 122 4
78 68 4
13 141 3
71 130 4
59 108 3
119 83 1
124 3 4
46 78 2
102 147 2
6 64 3
101 23 4
72 125 4
7 136 1
10 71 1
74 40 4
79 141 4
105 12 2
85 75 1
89 38 1
40 118 4
81 61 2
81 123 4
138 113 4
57 60 4
141 90 4
54 138 4
109 59 1
111 135 1
77 122 4
1 58 3
99 146 1
138 25 3
6 102 2
48 147 1
71 63 3
23 69 3
102 87 2
33 129 4
88 57 1
42 119 3
70 80 4
4 42 1
19 125 3
119 95 2
43 20 3
88 143 4
136 85 4
7 82 1
148 109 3
46 40 4
76 90 2
109 145 4
70 1 4
48 82 1
66 131 4
123 42 1
138 144 1
102 71 4
113 122 4
21 10 2
26 111 4
97 39 3
108 16 3
46 30 2
111 63 2
82 105 2
31 120 3
141 130 2
5 125 2
143 69 1
64 119 2
30 98 4
87 124 4
9 95 3
127 60 2
25 13 2
22 39 2
49 27 4
91 82 2
146 116 3
8 9 1
126 70 2
103 5 2
88 124 2
91 74 3
129 6 4
52 122 3
114 103 1
45 14 4
101 22 3
114 147 1
68 4 2
4 39 2
17 96 1
107 53 1
125 30 1
31 44 3
145 10 2
80 20 2
47 1 3
34 36 2
120 3 2
94 95 2
82 77 1
7 4 2
25 58 3
95 68 3
120 125 3
136 143 1
29 116 1
34 138 4
62 17 4
144 41 2
40 61 3
31 79 2
25 87 2
8 47 4
112 47 4
76 37 3
41 37 4
82 62 2
126 16 2
18 117 3
120 60 4
134 71 3
68 87 3
63 58 1
105 0 3
36 9 1
132 136 3
106 117 4
45 16 4
63 23 4
9 107 4
71 85 3
60 25 2
8 69 4
21 88 1
72 135 2
130 137 2
142 1 4
71 30 1
130 129 4
65 136 4
3 19 2
23 91 1
94 63 4
82 86 3
68 60 1
8 118 4
22 16 3
107 84 1
71 83 3
38 33 3
146 38 3
77 3 3
91 106 1
94 65 2
80 94 1
115 145 1
96 46 2
84 9 2
102 15 4
40 64 4
75 110 2
112 93 3
114 41 4
39 98 3
120 0 2
121 128 3
96 137 1
98 118 2
14 129 1
67 128 3
123 13 1
143 124 2
6 107 4
24 100 4
44 93 1
93 64 3
106 67 1
69 95 4
59 92 2
22 32 2
29 119 2
51 136 1
75 32 2
114 109 4
48 50 2
70 75 4
124 101 1
19 35 3
2 110 2
106 8 3
118 67 2
80 56 1
15 28 1
2 61 1
69 35 2
109 140 1
135 53 4
109 132 2
113 149 1
86 120 3
18 111 2
104 16 1
133 77 3
111 137 2
73 79 1
75 31 4
73 38 4
87 32 1
35 118 1
136 142 4
71 142 1
144 102 1
51 113 2
2 34 4
23 38 1
130 34 2
77 0 1
135 64 2
95 53 2
107 56 4
74 6 2
96 56 1
138 7 2
56 12 1
11 96 4
82 107 1
119 20 3
43 8 4
61 49 1
0 61 2
45 120 4
136 91 2
23 135 3
20 23 2
31 45 4
70 101 3
21 76 4
39 78 2
31 135 4
103 57 1
51 134 2
104 126 1
57 29 3
61 37 2
10 114 1
55 48 2
96 18 3
98 10 3
28 39 4
24 73 2
51 8 4
143 76 1
96 132 2
18 60 2
132 79 2
53 4 2
34 4 2
5 141 3
128 148 2
133 48 1
123 101 4
39 42 2
141 39 1
16 110 3
75 35 3
31 71 2
41 139 3
36 112 1
1 42 2
30 2 1
79 48 2
35 131 2
20 99 3
97 57 4
98 24 4
34 23 1
25 122 2
57 35 4
59 123 2
67 93 3
102 135 1
142 27 3
14 92 3
127 136 2
117 14 1
113 5 3
110 55 4
60 66 1
17 127 4
0 138 2
17 82 3
132 120 3
48 78 4
89 101 1
9 50 3
133 45 4
1 22 2
137 14 3
82 75 3
20 44 1
78 142 1
62 63 1
136 10 2
133 49 3
114 105 4
91 117 1
33 12 4
137 99 4
42 127 3
115 92 4
29 46 1
12 61 2
1 148 3
102 125 1
8 30 3
105 99 4
5 68 3
100 4 2
5 19 4
77 116 1
71 81 1
77 8 3
84 137 3
129 20 2
71 127 1
3 57 4
86 132 3
92 84 3
131 101 2
31 9 2
102 132 2
91 57 1
117 45 1
121 95 3
18 9 2
48 76 1
10 105 3
126 72 3
85 21 4
141 82 2
63 21 1
79 26 3
41 61 3
107 69 3
34 129 2
115 11 4
2 77 4
120 22 1
63 87 4
127 14 1
92 32 3
2 54 1
119 87 1
39 106 2
111 59 1
92 146 3
58 123 4
137 60 3
14 103 1
132 25 3
145 16 4
97 10 1
58 0 3
91 29 2
86 7 2
130 120 4
45 131 1
23 49 1
57 38 2
10 24 3
7 131 1
106 34 2
120 33 1
108 73 1
5 43 4
99 9 4
128 126 2
18 82 3
88 65 3
145 64 3
10 9 1
98 84 1
144 73 4
32 130 2
71 66 3
135 82 2
17 40 3
98 73 4
132 148 4
4 21 1
95 22 3
134 115 2
85 22 4
105 141 2
27 74 1
65 19 3
81 20 2
71 39 1
139 90 3
59 97 3
144 54 2
44 109 1
53 27 2
137 131 2
136 19 4
125 108 3
88 132 1
121 98 2
64 136 2
12 51 2
25 54 3
9 60 4
68 107 1
90 110 4
68 36 2
98 21 3
135 105 1
42 38 1
56 14 2
64 33 2
82 128 4
80 57 3
10 56 1
65 61 2
18 84 4
110 95 1
60 83 1
25 139 4
84 77 3
95 45 2
88 127 1
103 81 1
31 104 2
55 67 3
110 129 4
77 103 1
54 73 4
95 35 2
71 109 1
52 10 3
69 18 1
132 108 2
90 37 4
120 64 2
80 96 4
98 115 1
112 78 1
51 79 4
133 113 4
44 123 4
121 112 3
34 86 3
124 65 4
71 32 4
140 41 1
42 97 2
55 25 2
133 96 3
116 22 2
63 3 3
136 44 4
93 92 4
2 39 3
67 31 3
18 35 2
29 74 3
136 54 1
54 64 4
26 71 4
51 45 2
10 57 2
109 83 2
92 111 3
20 124 4
9 59 1
36 19 4
28 37 3
68 138 3
81 74 2
107 79 4
64 34 3
99 48 3
135 56 1
29 67 4
118 105 4
21 33 4
9 16 1
37 104 3
119 112 1
62 64 1
121 63 1
92 47 1
38 65 4
38 131 4
63 33 2
11 41 4
122 145 1
107 95 3
98 149 4
110 113 4
54 103 4
39 117 2
52 64 2
97 56 3
142 16 4
107 25 3
10 142 4
55 96 4
23 19 1
120 67 3
91 66 3
113 75 1
94 21 4
140 44 3
37 74 3
101 120 1
84 31 1
5 69 2
144 65 3
136 17 4
12 67 4
137 52 1
112 133 3
47 144 1
99 75 3
124 102 3
63 30 3
108 90 4
87 16 1
68 129 4
27 93 1
6 59 4
84 82 4
93 106 4
131 107 4
97 146 2
116 9 2
91 17 4
99 71 4
47 123 1
0 35 3
142 117 2
72 140 1
5 133 4
31 103 2
4 114 4
35 65 1
45 137 1
42 47 4
103 22 2
91 104 3
135 112 4
46 93 1
45 34 1
26 72 3
92 65 1
19 132 4
147 45 1
84 125 4
75 126 4
15 82 3
77 128 3
35 113 1
5 119 1
45 142 2
37 94 1
38 29 2
90 111 3
114 88 2
68 71 3
134 124 4
117 63 4
13 112 4
84 22 4
70 27 1
3 89 1
113 56 4
138 43 2
39 12 2
39 107 1
41 135 2
86 43 1
101 46 1
55 26 2
24 26 3
120 30 4
66 99 4
88 91 2
92 135 1
51 21 3
55 92 1
110 65 2
134 81 3
134 45 4
92 45 3
71 35 1
111 88 1
94 32 1
141 107 1
41 106 3
16 99 4
21 69 3
67 142 1
143 117 1
40 82 2
0 121 1
113 114 4
112 66 1
17 129 4
43 148 4
92 3 3
15 72 1
36 21 2
91 110 4
39 132 4
19 75 3
60 51 4
98 52 3
123 104 2
22 3 3
140 87 2
23 141 3
23 136 2
11 134 1
52 49 1
95 99 1
131 20 1
144 45 2
33 32 3
105 56 4
53 25 1
41 55 2
37 85 2
149 71 1
47 91 2
10 37 3
114 63 3
25 21 2
108 95 1
25 45 4
73 46 4
81 111 3
34 46 2
75 94 3
139 73 1
130 17 1
96 102 2
5 95 4
145 137 2
86 78 2
68 86 2
15 85 4
6 98 4
47 122 1
94 107 2
55 90 1
94 133 2
2 149 4
8 31 4
73 31 3
64 29 1
146 45 1
32 50 4
58 105 4
56 93 1
67 137 1
60 6 4
88 89 3
74 9 3
7 44 2
64 18 4
27 113 3
76 121 1
69 45 2
127 109 1
129 13 2
88 71 3
12 21 4
28 114 2
19 102 3
139 125 2
32 128 3
82 131 4
96 81 3
75 105 2
74 106 4
80 77 2
42 60 2
70 7 4
95 141 1
41 53 3
44 66 2
70 43 1
32 110 3
76 85 3
81 37 4
134 128 4
58 73 3
125 63 3
125 105 2
77 57 4
17 49 2
18 105 2
126 39 1
111 121 2
108 118 3
73 112 3
129 142 2
11 139 1
73 133 3
41 16 1
24 63 2
77 13 4
59 81 2
18 83 4
113 1 2
44 119 4
27 68 2
24 58 4
48 4 1
149 59 2
8 79 4
89 127 3
103 132 1
71 60 2
114 108 4
135 9 3
121 134 4
9 11 2
19 112 2
67 6 1
53 109 1
132 105 1
131 41 4
6 4 3
114 149 2
48 70 3
83 95 1
68 32 1
5 21 2
134 123 2
66 130 3
13 0 3
44 145 2
64 100 1
74 53 4
109 146 2
118 133 4
30 94 4
137 108 3
14 108 3
7 43 2
8 138 2
113 0 4
85 112 2
20 50 1
30 149 1
3 12 4
31 33 1
103 47 3
147 113 4
76 16 2
144 28 2
15 38 2
20 49 4
46 120 1
30 90 1
94 104 1
76 42 4
28 136 3
110 147 4
19 126 4
100 20 3
9 129 3
142 11 2
82 117 3
65 106 4
61 93 3
54 51 2
63 135 1
3 130 4
140 49 3
18 65 4
78 108 3
57 52 1
89 128 1
43 75 4
123 132 3
0 85 4
77 113 3
65 64 1
56 114 4
106 140 4
23 53 1
1 104 3
47 67 1
33 17 3
130 132 4
38 40 1
53 33 1
56 41 1
61 112 2
12 102 4
29 141 1
141 148 1
129 137 1
13 98 2
22 135 3
73 59 2
145 25 2
64 14 2
66 135 1
86 64 4
50 119 1
132 17 1
114 107 2
62 11 2
35 8 2
27 52 4
65 97 2
83 91 2
133 137 2
69 86 3
106 75 4
49 19 1
20 96 4
37 14 2
32 63 4
54 127 3
47 12 1
52 45 3
145 102 1
33 135 1
140 57 2
41 128 3
19 76 3
58 69 3
29 24 3
27 56 3
4 26 1
100 124 4
78 18 2
16 38 1
112 147 2
17 107 3
30 27 4
43 103 4
57 99 4
107 139 1
87 117 4
11 86 1
28 63 3
108 87 1
82 144 1
118 89 1
129 7 1
75 139 4
148 10 1
107 75 3
147 26 2
108 54 2
17 23 1
104 68 3
138 146 4
100 106 2
83 54 2
52 105 2
69 136 4
127 149 4
99 67 2
74 61 2
35 148 1
85 128 2
20 109 3
125 60 1
148 25 3
119 62 4
46 1 2
65 107 2
140 56 2
138 32 2
100 71 3
133 42 4
5 55 2
26 63 2
40 79 2
2 103 4
82 8 2
82 61 2
50 38 4
100 86 1
1 132 3
95 33 1
78 9 2
112 57 4
148 27 3
105 143 3
74 50 1
40 0 4
83 41 2
36 107 3
17 44 3
86 72 2
18 19 1
119 24 1
50 111 2
91 7 3
103 136 2
62 66 4
66 63 4
120 104 4
119 147 4
48 13 1
52 89 4
115 64 2
35 10 1
41 35 3
35 67 2
119 141 4
50 114 1
110 123 4
67 26 3
58 133 2
24 20 4
46 91 1
145 132 3
7 83 4
16 2 3
82 83 4
34 96 4
10 38 4
7 81 3
142 35 3
57 134 4
118 41 3
113 136 3
26 88 4
27 73 2
73 21 4
140 12 1
141 41 4
122 147 3
78 45 4
101 146 1
19 141 1
132 14 2
13 70 3
36 117 3
53 123 3
131 121 3
17 149 4
102 75 4
112 26 1
70 10 1
17 12 1
101 110 4
122 67 2
14 126 2
124 142 1
45 143 4
45 71 3
15 127 2
31 81 2
37 108 3
24 22 1
93 24 1
9 136 4
71 129 1
2 24 4
28 98 2
91 89 2
24 96 1
126 83 1
50 113 3
91 0 1
115 109 3
67 40 2
131 12 3
120 42 3
116 28 4
120 63 3
16 112 3
10 78 1
46 119 1
120 106 4
24 3 4
61 139 2
18 38 3
11 113 1
22 86 1
59 4 1
37 83 1
0 54 3
66 143 2
137 35 2
71 34 4
59 14 1
33 124 1
89 148 1
24 90 1
64 46 1
105 21 4
45 96 3
70 25 3
13 135 2
48 40 3
39 125 2
45 81 3
80 33 2
99 62 3
93 72 3
17 61 4
52 4 3
89 94 2
80 73 4
58 137 1
50 95 3
56 122 4
69 96 1
123 19 3
3 133 1
52 20 1
90 29 2
140 104 2
67 45 3
40 2 1
70 32 4
45 15 2
23 57 2
127 64 4
112 108 1
124 34 2
86 94 2
69 51 4
22 68 4
99 147 1
107 62 2
145 125 2
33 78 2
75 71 1
10 143 2
128 112 4
113 44 4
81 22 2
120 68 3
7 127 4
5 33 1
128 132 4
113 18 1
5 135 3
91 138 4
12 71 1
110 47 4
4 142 2
1 100 1
100 107 3
138 115 1
54 109 2
9 0 3
54 128 1
132 55 1
77 25 4
37 127 2
77 40 2
65 121 2
46 38 2
46 44 3
146 34 1
53 128 3
101 87 1
36 102 4
131 65 1
54 55 3
35 29 2
17 46 2
44 25 3
138 104 1
144 105 2
114 24 3
36 90 1
75 148 3
139 101 1
88 106 1
90 7 1
40 127 2
36 92 3
109 18 4
3 102 1
82 79 4
65 80 1
53 19 4
29 54 1
125 127 2
33 146 2
58 36 1
109 9 1
149 76 4
49 81 2
115 93 3
111 78 4
31 70 2
119 25 2
19 83 1
144 119 1
20 66 1
68 58 3
105 110 2
111 134 2
78 16 1
127 84 1
109 2 2
140 37 2
4 65 3
68 45 4
119 35 4
50 103 2
95 23 1
24 138 3
8 93 1
39 15 4
36 12 2
132 137 3
106 60 3
107 127 4
60 46 4
97 149 2
39 92 3
65 86 1
85 84 1
117 112 4
145 97 3
55 15 2
105 57 3
10 130 1
65 46 2
46 138 3
21 91 2
89 60 1
100 88 3
30 137 3
83 24 3
105 48 2
65 59 4
46 87 4
57 117 2
75 129 2
114 27 4
86 75 4
120 28 2
113 124 2
18 85 1
32 26 4
75 16 1
57 48 2
101 21 3
49 89 1
119 146 1
61 45 3
61 1 1
55 68 3
121 125 1
36 28 4
137 59 3
83 129 3
87 99 2
26 100 1
147 43 1
139 47 3
71 33 2
76 105 2
131 70 4
107 81 4
13 69 1
55 113 1
63 45 3
36 140 3
136 2 4
127 93 3
26 144 2
72 106 3
132 45 3
55 70 2
121 106 3
10 7 4
99 58 1
112 62 1
133 6 4
20 103 4
92 103 3
32 39 3
142 132 2
51 19 2
84 95 3
96 16 1
5 120 2
131 16 1
96 104 3
40 142 2
142 34 4
119 138 4
115 59 2
143 139 1
31 85 1
67 49 2
147 11 3
93 97 2
82 31 3
132 24 3
39 77 2
93 22 1
69 79 1
146 126 1
41 136 4
4 125 4
120 129 4
96 105 1
9 102 3
90 130 3
113 79 2
11 90 3
30 43 3
147 42 4
64 38 3
120 121 4
5 118 4
58 21 3
33 24 3
68 74 3
106 68 2
100 54 1
114 37 1
74 148 3
50 108 2
115 118 4
5 104 4
87 66 1
20 127 2
87 97 1
145 89 3
6 44 2
117 16 2
148 96 3
82 96 3
35 134 1
93 10 3
56 115 3
92 85 3
145 66 1
34 83 1
62 84 1
51 58 4
48 115 1
60 1 2
38 116 4
4 63 2
16 143 4
148 68 4
65 33 4
64 107 3
138 125 1
77 71 2
47 117 2
77 64 3
51 107 1
1 21 1
17 57 2
55 107 1
52 93 3
135 79 4
145 15 1
139 148 1
46 50 3
131 112 1
148 48 4
15 24 1
103 94 1
76 56 3
7 99 4
36 106 3
1 126 4
6 68 3
95 2 2
17 37 2
34 31 2
22 147 2
3 4 1
95 18 1
87 135 2
135 95 2
23 115 4
63 147 2
67 109 2
21 107 3
142 131 4
96 144 2
124 149 2
130 100 2
135 71 1
1 124 4
8 102 3
111 49 3
103 30 2
34 62 4
57 47 2
25 22 2
17 104 4
44 34 4
118 62 1
139 135 2
35 86 2
128 143 2
79 80 1
139 83 1
121 62 2
134 60 4
125 95 1
129 66 3
60 13 3
55 71 1
137 73 3
7 126 2
34 17 3
119 80 3
5 91 2
46 145 2
41 99 4
65 67 4
111 67 1
33 122 3
140 21 2
49 18 2
77 21 2
90 34 4
48 20 3
13 46 2
32 98 4
111 19 1
18 41 3
56 134 2
22 4 4
40 125 3
42 83 2
128 86 1
114 91 1
91 86 4
36 48 1
94 26 4
82 6 3
128 108 3
41 60 3
3 30 2
13 8 4
15 78 1
115 79 1
129 98 2
45 4 3
98 80 4
42 71 3
87 112 4
144 42 2
34 141 2
107 32 4
124 49 2
46 6 3
62 97 1
65 99 3
23 37 2
113 143 1
101 134 2
45 138 2
34 57 2
75 18 3
47 51 2
56 59 4
119 40 1
22 70 3
11 45 1
82 132 4
107 5 3
119 75 2
107 98 2
53 119 4
148 9 1
93 0 1
105 73 1
65 117 1
67 131 4
126 93 4
26 52 1
26 8 3
3 68 1
19 143 3
73 136 4
47 131 3
3 137 2
99 54 4
114 86 1
9 113 4
53 131 3
101 49 2
29 82 3
88 73 1
37 78 2
47 20 4
81 19 1
20 27 1
101 58 2
103 75 4
129 73 4
55 111 3
34 125 4
91 141 1
1 147 4
30 69 1
23 47 4
42 25 1
123 2 2
27 133 4
66 11 4
64 91 1
89 134 1
75 6 4
36 83 1
65 8 2
54 78 1
136 94 2
69 112 4
62 110 3
91 95 4
46 39 2
112 45 3
133 7 2
7 78 3
112 42 1
97 122 1
22 126 2
140 92 4
19 0 4
10 90 1
36 132 1
60 73 4
70 52 4
56 71 4
126 6 2
145 35 2
39 103 2
106 85 2
107 136 2
106 128 4
0 63 2
47 39 1
108 135 2
42 12 4
3 90 2
91 68 3
36 142 2
79 54 4
16 21 2
96 129 3
106 108 1
17 117 1
110 106 2
86 9 1
97 24 2
103 48 4
108 13 3
28 45 4
8 115 3
132 114 3
125 129 3
109 17 1
75 38 2
19 21 1
53 85 3
134 12 3
149 33 2
139 114 3
67 82 1
75 97 3
116 2 2
111 142 2
110 34 4
95 123 1
100 21 2
134 99 3
145 52 4
128 119 3
71 94 4
69 117 1
17 20 3
67 102 2
0 17 3
8 123 2
134 47 4
17 103 1
144 139 4
79 27 3
39 147 4
111 87 4
41 8 3
62 87 1
131 124 2
53 49 3
100 144 2
31 54 2
136 119 2
45 140 2
88 87 3
74 145 3
53 22 2
133 140 2
58 88 3
104 44 4
56 13 1
70 135 2
124 28 3
140 115 3
56 42 4
43 14 3
127 103 2
78 133 2
91 65 2
134 86 3
29 127 4
38 92 1
90 148 2
32 141 4
2 72 4
79 77 4
115 33 3
37 69 3
108 39 1
1 19 1
68 108 2
31 116 3
34 65 2
128 118 2
45 88 2
7 142 3
35 135 4
140 111 4
75 42 1
73 66 4
121 66 1
144 33 1
126 82 1
86 52 4
144 52 1
115 75 3
34 27 2
62 148 2
111 51 2
114 22 1
29 39 4
102 139 4
141 125 1
125 94 3
15 48 4
58 12 1
111 20 4
29 130 1
90 32 1
81 67 4
39 111 3
78 32 1
115 36 1
35 102 4
91 40 1
1 20 4
77 135 2
105 49 1
64 98 2
72 138 4
123 139 1
137 134 4
52 11 3
125 111 1
149 39 3
99 109 4
23 123 4
19 13 3
84 1 1
148 22 1
109 75 3
26 116 3
119 106 2
103 125 4
26 81 1
80 124 4
53 1 1
67 133 3
80 122 3
74 76 4
53 58 1
89 96 1
129 82 3
42 31 3
76 36 4
148 59 3
97 103 2
25 79 3
81 36 2
44 42 2
130 37 3
10 109 4
26 135 2
60 118 2
80 23 3
15 32 3
34 12 4
142 29 1
128 137 3
31 89 4
137 4 1
118 139 4
7 103 4
98 110 1
52 107 4
35 110 4
64 32 3
57 49 3
39 36 2
26 137 1
9 96 3
50 89 2
73 122 2
115 52 1
90 77 2
59 58 3
108 25 3
95 20 2
58 60 3
80 0 1
128 133 4
105 36 3
40 139 4
101 81 2
95 144 3
140 51 4
4 40 2
140 103 2
11 136 4
37 43 3
7 65 4
85 55 4
116 66 1
41 127 1
62 51 1
134 14 3
133 122 3
114 40 4
41 89 4
139 109 1
48 33 3
28 81 1
1 143 3
148 63 2
7 125 2
0 69 2
38 142 2
82 14 2
147 62 3
9 81 3
98 124 3
115 46 2
79 123 4
140 69 2
92 125 2
54 95 3
3 136 2
58 42 4
86 143 1
68 19 3
74 143 2
40 140 1
9 137 1
34 42 1
122 70 3
93 50 4
127 43 4
87 71 1
89 21 1
103 147 4
130 75 3
115 114 4
107 66 1
102 103 1
123 145 3
42 118 1
68 147 3
64 53 1
33 86 3
3 72 2
131 133 4
94 116 4
54 135 4
19 10 4
18 31 2
64 51 3
59 5 1
41 79 1
149 40 1
117 78 4
97 7 4
106 56 1
130 119 1
142 79 2
64 131 3
4 71 3
53 81 1
136 6 2
12 22 3
24 89 1
42 86 1
100 141 1
94 142 2
61 94 1
98 117 4
105 106 1
1 12 1
94 35 2
87 131 4
96 15 1
34 117 1
67 20 2
1 76 2
66 25 1
73 29 1
102 74 2
31 4 1
146 137 3
120 127 1
143 60 4
85 35 4
60 103 1
69 48 3
21 13 2
28 95 1
54 82 2
95 67 2
55 148 1
78 49 3
131 73 2
141 9 4
82 89 2
147 57 2
19 15 3
64 50 2
89 40 3
36 11 1
76 104 2
29 14 2
100 72 2
27 102 4
38 145 2
118 7 4
67 144 4
136 106 1
93 141 1
144 63 4
56 148 4
141 134 2
35 56 1
51 145 2
140 70 4
138 9 2
65 2 3
31 35 2
115 111 4
18 116 4
136 146 3
27 99 1
145 48 3
149 7 2
67 104 1
71 25 1
99 98 4
12 16 1
89 72 1
105 136 3
30 127 4
122 45 1
40 23 4
51 115 4
131 100 3
68 93 3
119 9 3
127 5 2
24 1 1
21 130 4
72 12 2
101 30 1
116 87 3
116 149 2
88 0 2
145 62 3
130 134 3
20 16 4
96 25 4
149 31 2
94 132 2
58 132 1
109 77 3
3 88 2
96 119 3
2 91 4
102 68 3
34 26 3
92 18 2
31 76 1
121 86 1
133 56 3
27 121 1
135 125 1
45 36 2
38 68 2
18 130 3
96 76 3
91 20 4
14 80 2
113 94 1
30 49 4
140 75 4
117 26 3
27 2 4
90 140 2
73 13 4
140 10 3
51 25 1
58 33 4
114 138 3
7 113 1
53 45 2
20 51 3
13 3 4
125 116 2
120 62 4
105 40 1
104 92 2
35 80 1
130 45 3
127 59 1
143 80 4
115 143 4
2 73 4
83 112 4
101 129 3
75 84 4
50 65 2
35 72 1
132 89 2
78 131 2
16 47 3
79 136 4
52 129 3
41 87 4
60 34 3
102 90 4
11 14 2
109 97 2
142 92 4
50 52 3
62 101 4
146 15 2
81 93 3
119 17 2
51 104 4
93 110 3
27 96 1
64 109 2
45 58 1
28 109 2
18 2 2
34 148 2
131 8 2
94 2 2
24 75 3
4 78 2
96 75 1
8 54 1
129 46 4
43 79 3
138 96 1
9 63 1
83 146 4
93 138 4
26 86 2
8 107 2
144 4 1
67 79 3
98 49 1
83 23 1
125 49 4
110 87 1
122 26 2
5 136 2
80 97 3
80 5 4
29 77 1
52 109 2
110 18 4
144 136 1
75 121 3
49 22 4
30 29 2
2 26 4
14 65 4
132 124 4
82 32 3
39 8 1
29 47 2
1 83 3
109 92 4
38 24 4
146 69 1
100 127 4
139 147 4
94 62 1
34 89 3
78 1 1
126 42 3
118 110 4
136 128 4
104 38 3
77 37 3
61 39 3
27 11 2
144 106 1
73 70 1
110 131 3
82 45 3
47 35 3
116 60 1
120 35 3
94 110 3
124 103 1
138 102 4
24 45 2
70 118 2
13 62 2
117 42 1
60 82 3
26 99 4
19 119 1
32 127 4
41 109 4
18 47 3
25 136 3
136 43 4
67 77 1
101 90 3
110 81 1
94 88 4
49 80 3
53 148 2
145 63 1
118 130 2
2 105 3
114 142 1
32 139 4
18 141 3
27 131 2
33 137 1
53 59 3
91 4 3
16 148 2
94 14 2
134 64 3
86 147 4
133 95 4
147 116 3
137 42 4
140 143 2
130 81 1
22 62 3
9 115 1
13 143 4
4 12 4
45 102 1
84 76 1
126 133 3
147 92 2
57 115 1
75 30 2
0 98 3
110 96 3
45 89 4
95 148 4
76 129 2
19 139 1
96 139 3
143 23 2
6 105 2
108 75 3
58 28 3
16 138 4
43 31 3
48 112 1
40 16 3
101 33 4
139 82 3
135 46 3
146 74 3
121 107 2
88 122 3
9 54 4
3 100 3
141 133 2
66 93 3
142 19 2
118 1 1
93 99 3
19 69 2
132 9 2
34 76 4
142 119 1
86 90 4
121 51 3
96 92 3
146 58 3
17 146 4
44 141 2
95 80 2
97 6 2
102 64 2
74 19 1
108 29 4
94 111 1
57 18 4
41 86 4
119 73 1
112 44 4
3 119 3
86 97 4
77 61 4
29 133 3
30 99 3
108 141 1
42 94 4
135 148 4
23 15 1
98 50 1
23 96 1
34 53 3
12 129 3
56 43 1
64 10 1
123 114 1
73 14 1
67 37 3
105 63 1
48 140 4
73 63 3
17 121 4
13 109 1
90 53 4
8 108 1
25 6 4
138 88 1
33 84 4
14 87 2
41 58 4
116 71 1
63 128 2
2 51 2
15 126 4
53 101 4
110 58 2
43 132 1
76 52 4
129 79 3
30 141 4
103 122 4
98 53 2
16 83 3
36 119 4
94 25 3
95 106 2
128 56 4
147 97 2
74 132 3
2 10 4
132 113 3
37 103 1
9 42 1
130 93 1
17 32 1
115 62 3
21 3 3
88 51 2
133 145 4
53 40 4
89 36 1
142 52 4
73 45 1
142 102 1
49 149 2
73 81 3
39 128 1
15 26 2
101 115 4
92 87 4
143 37 3
7 69 3
