1238 100
0 63 6
63 40 7
40 52 6
63 1 5
40 75 4
75 93 1
75 71 9
1 90 3
63 5 8
71 23 5
93 99 8
93 70 4
99 98 4
75 50 3
98 26 8
71 21 8
50 56 5
56 48 6
23 14 3
90 13 4
50 51 3
1 35 6
99 81 1
50 83 2
50 80 8
35 59 6
23 29 8
1 97 4
13 31 2
23 47 1
56 12 3
97 16 4
0 8 4
16 41 6
51 67 8
67 37 8
35 82 1
59 2 4
59 65 2
41 61 6
65 11 2
35 39 5
37 57 7
97 46 4
0 85 6
99 10 3
59 20 4
56 69 2
98 76 2
76 95 9
5 89 7
47 86 8
46 36 7
89 78 6
90 84 7
1 96 7
41 79 7
71 17 9
85 9 7
61 45 8
89 30 1
70 74 7
99 64 8
26 33 3
76 62 8
50 55 5
36 27 3
97 34 1
86 18 8
65 32 5
69 91 1
84 60 3
34 19 5
70 53 7
61 38 3
52 15 6
15 24 3
61 87 7
70 28 9
78 22 4
81 42 7
96 43 9
43 94 6
86 88 9
17 54 8
43 58 7
75 49 5
91 72 3
82 77 1
15 3 9
33 73 8
16 4 6
45 7 8
47 44 4
13 6 1
93 92 6
91 66 3
32 68 9
59 25 7
4 2 3
84 38 3
95 60 3
2 89 1
97 76 2
21 8 3
60 13 2
92 53 2
21 0 2
62 7 3
26 95 3
45 65 1
0 31 3
96 29 3
42 57 3
82 80 1
62 81 2
91 77 4
32 93 4
9 14 2
41 32 2
66 62 2
23 95 4
28 8 1
19 29 3
77 97 3
14 90 4
91 61 4
8 85 1
95 41 2
26 42 3
39 51 2
88 81 4
88 50 1
55 71 2
74 30 3
70 31 3
40 62 1
93 40 4
95 63 3
47 46 1
18 75 4
88 53 2
63 68 3
47 22 4
68 38 3
23 46 4
10 93 2
33 66 4
18 4 1
79 34 2
68 79 1
58 86 3
7 30 1
55 56 3
43 53 2
50 6 4
8 15 2
27 60 1
32 5 2
78 33 4
58 98 3
16 93 4
64 48 1
39 23 1
69 44 4
90 81 3
84 86 3
76 35 1
15 56 2
41 29 2
99 72 1
82 83 1
94 16 2
20 32 1
23 58 3
15 94 2
49 38 1
88 1 2
81 47 1
90 50 1
41 99 4
76 23 4
42 14 4
80 85 1
73 35 2
25 38 4
40 6 3
30 96 4
64 60 2
80 38 1
12 78 3
99 0 1
43 9 2
64 75 3
83 93 1
47 38 1
68 53 3
54 55 1
70 25 2
84 98 2
7 15 2
39 30 1
39 32 1
7 68 4
59 72 1
77 48 4
82 57 1
71 96 2
17 74 2
97 57 1
42 79 2
19 71 2
99 51 4
84 2 4
65 86 1
52 41 4
10 87 1
52 25 1
35 56 3
9 40 4
92 85 4
96 11 1
82 18 4
69 54 3
14 55 2
24 75 1
60 45 3
70 52 2
14 31 4
44 34 1
5 79 1
97 40 4
45 25 4
19 74 1
80 97 2
58 50 1
78 85 1
16 24 2
79 84 4
57 4 2
12 84 4
78 77 3
63 14 2
34 94 2
63 59 1
92 23 3
63 45 2
60 70 3
99 69 2
88 8 1
86 99 2
1 19 3
73 59 1
75 66 3
63 4 3
69 70 3
46 10 1
94 36 1
75 63 3
73 9 4
88 60 3
87 80 3
25 11 2
55 28 3
68 49 1
28 10 4
23 3 1
43 64 2
16 73 2
12 69 3
25 48 4
71 8 4
47 32 3
69 79 3
14 60 4
28 29 2
35 69 4
20 14 2
96 26 4
8 44 2
43 46 4
56 3 1
47 72 4
75 67 4
71 83 3
37 87 3
33 7 2
66 76 2
39 8 3
42 94 1
89 15 4
29 56 1
16 17 4
21 28 2
58 65 2
59 78 2
66 10 4
97 39 2
68 1 2
31 94 1
59 1 3
3 80 2
25 3 1
48 46 2
9 55 4
33 30 1
12 65 3
78 15 2
75 76 1
46 83 3
38 52 2
24 7 3
51 18 1
78 38 3
74 66 4
35 20 3
29 75 1
17 14 4
97 88 4
92 24 3
76 77 2
55 38 2
87 30 3
27 58 1
72 20 1
96 37 3
26 67 4
75 1 3
85 32 3
34 18 3
96 52 2
27 74 3
53 46 3
71 77 2
17 87 1
55 5 1
61 43 3
89 40 1
85 65 4
60 15 3
76 28 4
90 79 2
9 32 2
83 16 2
58 8 4
69 58 4
49 84 3
61 33 2
66 31 1
53 89 1
42 62 1
23 27 3
53 86 4
82 23 1
30 84 4
26 68 2
49 66 2
49 31 4
30 54 3
99 57 4
27 95 3
55 15 3
46 11 3
77 3 4
79 17 2
50 29 4
11 67 4
24 18 3
88 74 1
2 93 2
30 20 2
96 2 4
23 22 4
13 78 2
2 36 1
15 68 3
68 19 3
60 77 2
25 10 3
3 97 1
46 59 4
41 64 2
96 4 3
57 88 3
89 33 1
15 82 4
84 55 4
60 75 2
56 26 3
55 69 1
68 29 3
21 52 2
84 14 2
3 74 2
27 89 4
84 95 3
8 14 2
4 39 3
18 36 1
1 13 1
21 39 1
31 25 2
80 10 1
94 0 1
33 95 3
74 51 2
11 24 1
45 70 4
32 94 1
49 0 2
0 22 1
98 49 2
71 47 3
80 14 4
22 9 3
36 55 2
72 60 2
75 94 4
44 96 3
17 37 1
74 96 4
86 89 2
54 57 1
73 83 4
6 35 4
34 75 2
5 97 1
96 25 4
22 61 2
41 98 4
58 21 2
44 94 1
2 11 4
79 87 4
15 88 1
72 98 1
73 37 3
38 31 1
40 44 2
36 73 1
81 66 3
27 55 1
54 47 1
90 93 3
24 50 1
20 61 2
14 2 4
0 30 2
1 99 2
24 59 4
59 95 4
0 27 3
47 83 4
84 66 3
0 55 3
84 7 3
61 76 4
78 70 3
47 87 2
38 10 4
84 10 3
58 83 3
43 97 1
66 64 3
17 1 1
21 3 4
21 82 4
86 57 1
24 76 3
78 69 2
60 69 2
98 56 1
8 4 4
72 93 4
67 46 3
36 57 3
71 82 2
28 35 4
24 89 1
61 81 4
7 21 2
7 53 1
10 86 4
55 49 2
89 60 2
81 48 4
62 13 3
36 11 1
87 31 3
6 33 3
25 29 3
67 32 4
25 58 4
26 3 3
98 79 4
14 65 3
29 34 3
66 22 4
61 31 2
52 34 1
25 22 3
76 29 3
9 11 3
30 35 1
65 78 2
7 22 3
20 34 2
72 53 4
11 22 4
67 12 3
94 11 3
53 5 2
64 71 2
14 5 2
45 48 1
94 68 1
23 45 4
74 83 4
19 2 1
78 62 4
43 33 4
29 4 3
51 20 3
40 61 2
57 32 4
53 56 3
33 35 1
86 73 2
70 5 2
50 31 1
44 53 4
7 64 1
33 74 2
62 98 1
87 72 2
70 17 4
86 31 4
47 59 3
98 24 1
65 13 4
11 95 3
32 74 3
5 22 1
30 38 2
75 45 3
65 0 2
22 51 1
51 32 3
73 69 2
34 66 1
80 65 1
10 48 2
37 2 2
37 58 4
87 13 2
23 0 1
84 44 4
39 98 1
56 42 2
97 78 3
63 53 4
31 7 3
10 81 3
79 94 2
79 44 4
42 35 2
58 76 4
19 47 3
40 76 4
42 39 2
47 69 3
78 71 2
9 65 3
96 62 2
27 70 4
88 73 3
44 39 4
85 75 2
5 35 2
29 6 1
51 70 2
84 97 1
1 7 1
57 93 2
22 45 1
52 72 2
98 54 4
29 37 2
33 51 2
87 6 2
90 34 2
79 80 4
92 90 4
20 66 2
9 99 3
37 71 3
8 61 3
97 51 2
23 20 4
6 10 3
71 11 4
88 83 1
56 7 1
33 57 3
42 72 2
68 55 4
5 95 1
17 92 3
59 94 4
42 74 4
1 14 1
90 63 2
24 6 4
48 32 2
64 47 1
44 63 1
80 89 2
44 3 4
67 85 3
43 1 2
6 79 4
62 41 1
31 10 4
1 25 2
40 91 2
2 99 1
29 18 3
71 46 2
30 36 3
5 81 3
59 42 2
41 1 3
49 94 3
74 26 2
95 8 1
90 31 4
60 57 3
38 43 1
12 18 1
45 76 4
26 36 4
28 1 4
57 51 4
89 29 4
9 7 3
76 38 1
23 11 3
76 50 2
15 69 3
12 2 4
89 90 3
0 46 3
28 52 3
94 53 4
10 45 2
66 97 2
47 91 2
33 50 3
54 79 1
33 97 3
95 82 4
51 90 2
86 20 2
50 23 1
7 95 1
77 8 2
92 50 1
92 52 4
54 53 1
42 92 4
26 83 4
48 26 2
4 64 1
29 77 3
24 62 2
18 89 4
43 99 1
79 99 3
15 83 2
46 87 4
73 21 2
97 22 2
70 38 3
57 0 3
65 48 4
43 65 4
88 31 2
93 0 1
3 68 2
59 17 1
23 8 2
41 31 2
62 39 3
89 21 4
73 65 3
52 7 4
2 83 3
11 20 3
91 54 2
71 98 1
79 89 3
9 68 3
89 17 3
87 67 2
37 60 3
38 48 2
36 50 2
16 32 3
43 75 3
73 58 2
98 65 2
3 32 3
64 70 3
42 84 1
30 56 3
53 59 2
48 67 4
26 44 1
98 8 4
87 11 3
18 1 4
13 27 2
78 2 4
25 99 1
95 37 1
71 86 1
86 93 2
21 55 3
96 36 4
39 94 1
89 3 2
68 27 1
8 35 4
94 24 2
79 88 4
6 32 4
60 54 2
29 30 1
18 87 4
33 0 4
64 26 4
66 82 2
93 50 2
36 4 2
34 57 3
30 85 1
43 40 1
60 96 1
46 32 1
46 29 4
11 19 4
59 23 4
50 32 2
59 16 3
78 98 2
78 91 2
49 20 1
59 21 2
12 28 4
10 72 1
33 59 1
75 22 2
16 61 3
90 17 3
28 80 4
83 0 2
64 54 1
60 50 1
99 45 1
78 95 1
5 60 3
70 43 3
38 2 2
20 19 3
42 60 2
55 32 2
4 77 2
10 97 1
96 85 4
33 8 1
7 65 2
31 39 3
5 72 4
34 23 1
20 45 1
25 54 3
95 10 1
79 96 3
15 1 4
4 6 1
87 29 1
80 64 1
84 65 2
82 52 2
58 12 1
77 95 3
74 18 3
38 79 1
43 69 3
84 74 3
16 23 2
36 58 1
28 73 3
89 76 1
74 87 3
10 19 3
6 14 2
18 63 4
53 35 3
31 11 2
62 79 2
71 61 3
21 22 1
58 68 1
68 69 1
25 5 2
40 92 4
50 16 1
70 26 4
91 17 3
9 18 3
86 98 1
82 89 3
37 48 1
87 8 2
43 45 2
0 47 1
4 89 2
46 58 3
32 14 3
19 80 2
40 18 3
22 57 4
33 14 4
54 70 2
75 98 1
54 45 3
22 38 1
78 0 1
39 63 3
6 23 4
83 27 3
51 4 1
14 69 4
88 69 1
55 1 1
28 25 4
26 58 2
33 58 1
66 46 3
34 50 1
17 6 1
18 80 4
59 22 3
83 11 3
99 29 4
32 13 2
10 82 2
44 14 3
50 78 2
83 98 2
21 99 3
19 22 1
90 74 3
80 0 1
69 50 2
28 50 1
59 75 1
45 15 1
33 65 2
44 16 3
74 95 3
19 77 2
2 7 1
98 22 4
12 15 4
42 6 2
66 16 2
71 41 2
5 67 3
5 43 1
84 5 4
19 50 1
59 15 2
18 53 4
17 38 2
42 48 3
67 92 3
45 74 3
74 11 2
82 99 3
13 76 2
48 31 2
0 40 1
58 92 2
79 23 1
9 70 4
79 11 4
53 65 4
96 76 1
40 90 4
61 36 1
25 41 4
47 17 3
13 50 1
58 16 2
4 11 4
71 56 1
8 11 3
19 84 1
8 10 2
46 81 2
15 10 3
15 64 1
95 34 2
36 14 2
8 68 2
60 30 4
77 10 2
0 77 3
56 19 1
49 36 1
97 54 2
65 62 3
39 50 1
45 21 3
48 52 4
56 57 1
31 51 3
67 40 4
42 0 1
50 72 1
76 1 2
89 50 1
51 34 4
12 1 3
4 21 2
28 98 4
62 63 1
17 56 4
83 62 3
90 53 2
12 38 3
99 91 2
63 52 1
91 63 1
89 52 4
0 98 1
98 55 4
70 12 1
87 45 3
66 13 2
0 53 3
12 89 2
73 10 1
75 31 4
4 59 1
89 23 3
71 80 3
41 70 2
31 1 2
56 88 1
45 49 2
71 76 4
48 44 3
86 51 4
72 45 2
22 95 2
55 99 4
52 69 1
14 50 2
62 25 1
58 31 3
88 18 2
25 18 1
58 66 1
62 28 3
36 5 3
85 89 3
36 90 3
62 20 3
64 35 1
20 38 1
64 40 4
21 75 4
31 77 4
86 97 1
71 35 2
39 68 4
99 70 3
1 64 4
95 64 2
99 27 4
28 17 1
39 22 3
98 44 4
67 53 4
51 12 1
14 41 4
46 16 3
34 15 3
88 94 2
1 21 4
79 75 4
94 38 2
44 66 2
47 52 4
63 81 3
30 68 1
41 8 2
27 38 1
89 46 4
26 59 4
26 5 1
60 52 3
78 82 1
36 76 3
70 58 4
26 13 4
7 32 1
96 66 1
98 43 4
87 52 1
37 9 3
16 12 3
53 13 1
20 40 4
73 11 3
83 91 3
93 60 4
65 96 3
4 37 1
1 71 2
18 84 3
37 46 1
49 47 2
45 26 3
32 83 1
40 46 1
72 49 4
31 15 2
3 71 1
6 62 3
20 24 2
93 4 2
66 19 2
58 75 4
74 10 3
61 30 2
86 81 2
86 14 1
28 7 4
39 54 1
64 63 1
25 98 4
4 31 1
50 21 1
1 20 1
40 68 2
2 85 1
81 20 3
53 41 3
4 38 4
67 97 1
39 43 2
80 32 1
68 99 2
54 15 3
81 12 3
54 84 4
12 3 3
46 2 3
50 98 1
62 92 4
55 42 1
99 3 3
80 33 1
40 45 2
61 17 3
89 10 2
2 69 1
8 17 1
68 0 1
99 8 1
54 68 3
24 64 3
74 57 4
0 19 2
43 88 4
70 96 4
92 21 2
7 75 3
59 3 1
38 82 1
81 56 4
50 2 4
72 54 4
72 80 2
97 99 4
58 95 3
94 14 1
90 73 4
94 29 3
60 61 1
7 16 1
31 59 3
29 1 4
77 74 3
51 25 4
96 77 1
35 18 2
32 37 1
24 39 1
59 70 1
53 51 4
77 28 3
40 88 4
17 51 1
94 19 2
3 17 4
1 83 4
7 91 4
19 59 3
97 79 3
32 75 1
34 37 4
72 17 1
0 36 2
99 77 4
47 96 1
34 46 3
74 2 3
88 98 2
76 11 1
85 81 4
76 47 2
47 28 2
93 56 2
99 65 4
84 56 2
8 34 3
42 23 1
51 28 2
92 61 4
75 73 4
73 45 3
53 85 3
42 30 2
38 24 4
26 54 1
23 84 2
65 74 1
30 45 1
65 95 1
54 14 4
64 77 4
1 94 1
52 22 3
87 78 1
37 16 2
65 68 3
72 63 3
81 72 3
37 78 1
78 19 2
66 90 4
83 37 3
31 34 4
66 54 1
8 3 1
0 24 2
49 6 4
55 10 1
70 81 4
31 78 3
9 80 3
22 31 3
46 33 2
9 35 3
72 86 3
95 93 3
8 24 2
26 66 2
22 72 3
2 57 3
30 95 1
77 92 1
60 78 1
92 55 1
12 19 4
76 73 1
49 42 4
66 11 3
87 73 4
52 1 2
11 47 2
17 49 2
39 99 1
57 27 4
27 67 1
24 47 1
27 48 4
47 42 4
63 71 2
80 24 3
6 3 1
63 89 4
13 73 4
85 5 2
89 74 2
97 59 2
11 32 4
66 72 3
29 16 4
97 37 2
41 36 4
34 54 1
88 91 2
94 71 3
71 25 3
92 26 2
20 92 3
76 63 3
35 66 1
81 27 4
38 65 1
68 98 2
78 20 1
1 16 4
2 25 1
80 2 3
52 64 1
85 1 1
86 23 2
6 57 2
6 53 2
43 22 3
88 11 3
