1238 100
0 26 5
0 68 7
26 53 7
53 82 5
82 57 8
57 25 3
82 74 2
57 52 5
52 29 3
68 11 9
26 85 9
11 64 6
0 18 3
68 40 7
0 27 3
40 73 7
27 58 8
57 35 9
52 45 5
25 71 9
73 37 4
53 12 1
11 22 3
35 76 8
71 6 5
52 86 1
22 2 3
74 98 7
74 36 8
27 93 1
6 54 2
27 51 9
35 94 4
25 23 6
93 14 3
36 48 6
23 70 9
98 60 2
52 39 6
2 15 6
15 42 6
71 33 4
18 16 3
40 50 5
15 92 2
74 63 4
63 32 9
27 17 5
54 47 9
82 80 6
76 84 1
18 96 7
16 19 5
12 87 1
18 88 2
23 44 3
86 13 3
29 55 1
68 49 4
76 62 3
68 30 7
76 46 7
96 1 1
33 9 5
98 8 9
84 24 5
23 97 1
16 83 6
96 56 1
76 75 1
55 72 8
1 10 1
63 79 4
73 90 4
63 5 6
75 99 9
74 20 7
93 38 5
47 61 5
73 21 8
27 66 5
5 89 5
9 43 9
20 67 1
15 77 8
45 69 8
38 59 1
67 78 1
98 65 8
65 34 3
63 31 4
97 28 9
45 95 8
26 81 9
79 7 3
10 4 7
13 91 1
79 41 3
26 3 6
9 87 1
80 43 3
18 56 1
42 65 3
73 66 3
81 8 4
42 74 2
4 21 2
16 82 2
75 16 1
87 15 1
39 68 2
85 36 4
4 53 1
7 8 2
70 53 1
81 35 2
8 47 3
74 66 4
42 80 1
98 59 4
19 84 3
75 23 3
62 46 2
72 65 2
98 17 4
68 4 3
60 54 1
19 58 4
43 22 2
62 22 1
51 0 1
91 1 1
32 81 1
96 26 2
17 95 2
80 40 1
35 1 4
62 82 3
56 23 4
94 25 4
25 30 3
95 96 2
72 45 2
95 80 2
38 16 1
19 31 1
77 98 3
9 91 2
56 28 4
17 34 1
46 95 1
41 89 2
69 74 2
57 21 1
51 38 4
81 9 2
27 60 2
62 43 2
64 93 1
22 37 4
69 24 4
28 15 1
41 6 2
58 23 4
61 58 1
1 69 1
12 11 4
81 27 2
51 29 1
39 80 1
17 3 3
94 33 1
36 53 3
51 53 2
53 5 2
2 28 2
37 82 3
93 6 1
69 39 2
42 0 3
13 58 3
74 6 4
85 12 3
38 61 4
53 91 2
32 69 2
45 51 2
59 49 4
4 69 2
71 7 4
76 1 2
53 71 4
32 18 1
85 87 3
7 97 3
30 56 4
37 36 1
29 46 3
75 8 1
30 96 1
51 1 2
39 82 4
59 37 1
89 91 1
6 38 3
55 85 4
43 59 4
70 91 3
89 51 1
5 16 2
16 64 1
84 8 3
76 61 4
3 77 4
99 61 4
84 90 1
92 66 2
55 3 4
72 86 2
47 27 1
93 58 4
72 3 1
27 65 2
87 32 3
7 43 1
21 51 4
75 92 2
75 31 3
6 1 2
73 85 3
62 79 3
96 84 3
88 28 3
73 32 2
65 8 1
35 33 2
34 86 3
78 54 3
75 26 1
17 82 3
34 72 4
2 85 3
55 62 4
28 74 1
12 90 4
87 99 1
73 77 2
2 6 1
66 94 1
83 28 2
28 39 3
40 43 4
41 31 2
91 14 3
83 36 4
85 45 1
66 48 3
71 49 3
37 7 4
81 42 1
47 14 1
86 76 3
26 41 4
44 47 1
21 55 1
89 72 3
34 69 1
41 63 1
52 56 4
7 15 4
75 29 2
64 40 2
91 68 1
61 81 3
93 40 4
15 57 1
7 90 4
19 34 1
45 58 4
55 10 1
40 26 4
57 6 1
24 20 1
59 34 4
14 48 4
85 14 2
48 3 3
20 88 4
35 12 1
13 55 1
58 22 4
50 57 1
4 37 1
75 39 2
40 97 1
98 28 4
52 13 1
34 3 3
21 75 1
74 0 2
78 61 3
37 53 3
7 27 2
95 51 4
29 70 2
61 60 3
8 88 1
77 36 1
69 66 4
41 13 4
48 68 4
6 79 1
38 36 2
66 46 3
98 38 2
25 70 2
60 75 2
91 97 3
95 33 3
21 41 3
43 77 1
87 3 4
61 96 2
24 59 4
18 19 1
7 9 1
72 71 3
11 99 2
61 18 1
72 98 3
27 75 1
10 13 2
64 52 4
63 52 3
73 44 1
46 23 1
23 90 2
39 66 2
82 67 4
88 77 1
93 15 1
62 34 1
87 4 4
34 98 4
6 56 3
98 94 4
16 74 1
40 91 2
75 20 4
8 20 4
47 11 4
85 84 3
46 65 2
49 97 2
0 50 3
59 58 2
17 0 2
48 57 2
38 37 1
46 39 3
61 95 2
54 9 3
79 45 2
17 19 3
69 67 1
22 83 4
66 49 4
23 93 4
5 15 3
22 84 4
59 62 4
73 70 2
41 1 1
72 20 3
90 69 1
33 78 4
65 19 4
22 96 1
18 49 1
73 86 4
95 22 4
45 10 4
32 39 2
75 89 1
95 62 1
59 79 2
84 70 2
91 8 4
56 54 4
67 35 3
65 24 2
58 79 1
88 12 1
85 52 4
49 57 2
72 84 3
79 67 1
92 89 1
4 33 1
85 64 1
43 82 2
83 64 2
34 67 2
86 45 2
73 92 3
60 99 2
84 45 4
51 23 4
54 65 1
9 73 3
39 85 3
92 21 4
23 0 3
73 57 3
21 83 4
45 42 3
90 80 4
2 73 3
96 81 4
96 64 1
39 17 3
99 81 4
68 13 4
30 63 4
29 15 2
31 52 2
23 42 3
41 16 2
46 25 3
14 61 2
25 9 2
43 35 2
25 82 2
70 16 3
98 9 1
0 96 3
34 68 2
13 67 2
93 31 3
62 32 1
84 30 2
41 32 1
69 58 4
69 57 1
29 28 2
73 84 1
7 33 3
51 2 1
7 21 4
38 72 3
21 30 4
24 33 3
79 72 2
44 78 1
4 12 3
36 59 2
56 80 4
27 28 4
68 26 1
52 91 4
48 80 1
61 93 1
50 26 2
70 79 1
86 39 1
41 40 2
11 57 3
18 87 1
78 0 2
97 78 3
61 34 2
68 51 4
15 73 2
31 36 4
92 64 3
65 87 1
21 58 4
51 73 3
5 76 4
93 94 4
7 89 3
34 43 3
99 1 1
23 94 1
42 71 3
55 93 4
53 61 3
8 95 1
62 56 4
90 74 1
18 51 3
37 89 2
13 31 4
2 16 3
96 46 4
87 95 1
48 20 4
80 46 3
32 53 4
43 50 1
5 25 1
30 54 3
65 79 4
5 60 1
60 15 3
41 4 4
20 29 4
20 77 2
36 67 2
65 56 3
61 12 2
39 20 4
75 22 3
57 95 2
25 96 3
41 22 1
27 25 1
89 39 3
95 48 4
59 13 1
82 78 1
26 98 3
78 56 4
33 40 4
46 64 4
4 32 2
94 87 3
72 11 2
81 16 3
86 62 2
0 33 4
35 42 2
64 19 1
75 69 4
71 93 1
49 67 2
91 2 1
79 34 1
41 19 3
81 64 4
73 43 4
77 91 2
65 62 4
91 88 2
54 25 1
89 66 2
5 64 1
7 30 2
74 65 4
32 89 3
88 69 1
96 63 3
20 32 1
93 41 2
68 96 3
84 54 3
65 52 2
23 22 2
67 23 2
20 49 3
14 34 4
50 47 4
72 60 3
92 62 2
95 97 3
2 94 4
29 61 2
79 25 2
52 26 4
90 16 1
71 68 4
48 1 2
11 49 2
99 94 1
9 34 1
59 70 2
2 20 1
77 21 2
75 59 2
13 47 4
56 19 3
16 29 3
49 89 1
94 19 3
22 7 4
6 24 4
0 3 1
13 63 2
93 85 2
8 39 1
35 75 4
26 17 2
81 73 2
51 34 2
88 9 2
17 32 2
35 0 3
42 7 3
73 31 2
11 46 4
76 57 4
30 94 1
17 46 1
19 59 3
18 14 3
27 52 4
5 86 4
73 98 4
95 98 4
17 5 2
20 41 2
7 91 3
63 78 1
0 8 3
55 66 3
62 51 4
90 43 2
97 80 2
23 88 4
75 6 1
78 85 4
63 70 4
58 49 4
81 47 4
92 41 4
42 89 2
46 20 2
60 46 3
42 79 4
40 55 4
9 70 3
30 87 2
83 59 1
35 39 2
24 99 2
77 78 1
79 29 4
91 51 2
96 17 4
86 25 1
15 9 3
65 76 2
5 80 4
59 71 4
25 21 3
71 86 1
44 48 4
76 92 2
9 31 4
67 10 4
38 64 2
83 68 1
5 58 1
32 0 2
10 16 2
37 84 4
82 66 3
48 89 4
57 65 4
26 74 1
48 37 3
54 43 1
81 50 1
43 5 3
43 66 4
7 56 1
5 62 1
57 16 3
24 12 3
32 82 3
92 58 3
1 38 3
77 10 2
17 45 2
14 46 1
22 80 2
98 78 2
92 6 1
39 45 4
18 31 1
72 46 3
52 99 2
24 5 3
31 20 1
15 79 3
52 59 1
46 54 2
67 29 1
15 1 3
31 43 1
11 63 2
41 14 2
71 94 1
92 49 4
71 65 3
90 27 2
37 3 3
34 77 3
71 60 3
3 68 4
74 78 4
86 31 4
92 0 4
88 37 3
60 69 1
9 93 4
43 10 3
13 12 2
75 10 3
63 18 2
49 85 1
58 72 4
90 34 1
98 40 3
48 31 2
90 93 1
71 28 4
9 16 3
34 20 3
53 30 1
39 93 4
18 60 2
51 13 4
77 11 4
35 32 4
90 2 2
75 2 3
59 69 2
60 31 3
39 15 2
78 94 1
86 22 4
71 56 2
7 12 4
34 22 3
77 29 4
74 4 3
72 26 1
75 24 4
85 24 3
16 78 2
12 44 1
76 47 4
1 11 2
73 11 1
16 53 1
92 46 2
32 8 1
50 41 4
15 32 1
37 99 4
69 98 2
48 52 1
20 37 2
0 94 3
33 46 4
9 86 1
66 87 1
64 10 3
95 41 3
47 89 4
90 85 1
35 70 4
70 49 2
23 98 4
15 88 3
17 54 3
54 26 1
14 86 3
84 44 2
15 27 2
86 0 1
10 47 3
53 88 1
88 70 3
50 1 2
6 27 1
55 80 1
23 63 3
73 71 3
58 77 2
58 3 4
95 0 4
15 61 1
11 52 2
44 61 1
85 1 2
82 36 1
9 82 4
4 98 1
77 13 1
94 20 3
88 96 3
8 72 4
36 11 2
42 88 4
33 63 4
4 19 1
83 47 4
12 25 1
13 34 3
66 95 2
10 11 2
18 90 4
66 99 2
76 87 1
58 0 4
95 43 3
10 96 3
22 99 1
31 26 4
28 25 2
33 80 4
34 1 1
37 13 1
83 76 2
20 55 2
86 4 1
36 49 2
56 87 2
49 72 1
81 13 1
37 93 4
99 43 4
36 17 1
71 58 4
37 31 1
58 18 1
85 51 2
24 90 1
34 96 3
83 6 1
47 60 4
40 96 2
50 8 1
75 83 1
60 36 4
17 71 3
86 58 4
40 1 1
32 29 2
81 18 3
84 67 4
1 16 3
96 87 4
56 79 4
15 3 1
65 61 3
62 24 2
53 59 2
38 60 2
14 23 2
31 50 3
65 55 3
90 4 1
71 91 3
28 24 3
70 8 1
8 71 3
88 75 2
52 69 1
31 12 2
50 39 3
80 88 2
23 34 1
67 80 4
84 92 4
59 15 1
64 88 2
33 77 2
26 55 3
98 58 4
22 71 4
51 39 3
96 80 2
90 76 3
17 63 1
76 45 2
69 28 4
26 15 3
18 66 4
12 23 4
62 63 3
18 76 3
84 86 4
23 27 2
25 37 3
65 59 1
62 37 2
67 99 2
72 95 3
58 76 4
10 69 3
50 56 1
63 86 3
39 21 2
12 77 3
47 62 1
58 8 2
96 97 1
41 68 3
32 54 3
25 20 2
88 26 1
17 53 1
23 71 4
73 50 2
20 43 2
40 70 1
95 2 4
28 1 3
93 19 4
32 24 3
41 5 3
25 1 3
29 82 3
36 50 4
13 35 3
30 52 1
31 71 1
86 36 3
87 51 3
41 44 2
69 81 3
80 36 4
27 40 2
37 52 3
55 76 3
24 73 2
88 54 1
51 17 3
93 60 4
18 44 4
70 76 1
86 79 1
87 24 2
85 91 4
69 25 3
50 21 1
81 87 3
55 28 3
56 91 4
56 82 3
5 10 3
39 7 1
49 12 4
48 91 1
87 5 1
72 91 3
60 97 3
60 6 1
25 85 2
98 92 1
38 43 2
15 22 1
63 3 3
96 12 2
59 68 1
96 32 2
99 21 2
61 49 4
9 89 1
19 5 2
33 6 3
80 7 3
74 49 3
73 59 3
3 42 3
5 46 3
89 56 3
6 65 4
33 27 1
49 80 3
51 61 2
90 8 3
29 11 2
9 24 4
81 11 4
80 17 3
52 12 1
10 0 4
90 87 3
27 10 1
15 83 4
51 72 1
9 78 1
31 56 2
33 23 2
30 0 1
37 28 1
4 59 4
40 32 2
24 79 2
72 40 3
11 23 3
4 65 1
55 32 4
88 67 3
87 39 1
60 67 1
21 76 3
76 10 1
57 2 1
3 57 3
13 36 4
0 25 3
42 63 3
10 83 3
40 35 4
25 90 2
25 49 4
45 91 3
69 7 4
73 65 3
42 25 2
79 26 1
68 57 3
79 22 3
15 68 1
9 66 4
72 73 1
42 67 3
96 90 1
81 90 4
43 28 4
5 50 3
13 60 2
71 5 1
1 62 4
63 49 3
13 25 3
26 60 1
45 97 2
32 78 2
93 95 2
76 48 1
90 75 2
8 10 3
38 30 2
75 93 2
14 32 2
24 61 1
39 59 4
84 51 3
76 52 4
14 21 1
9 60 2
61 90 2
68 77 3
50 48 1
6 31 4
63 64 2
13 49 1
4 75 3
63 58 2
69 94 3
39 3 1
66 32 1
41 66 3
34 25 3
83 63 2
86 94 3
91 26 4
38 39 4
67 28 3
38 42 1
43 16 3
62 98 2
41 47 2
85 43 4
53 77 3
99 82 3
86 43 1
15 47 4
32 92 2
83 86 2
17 31 3
62 73 1
99 47 3
44 27 1
10 68 4
58 73 2
10 3 2
80 9 3
13 62 2
16 86 3
3 14 3
59 23 4
21 54 3
89 69 2
83 4 2
99 17 4
72 78 3
94 38 4
41 78 4
52 92 3
51 20 1
23 87 3
94 43 3
64 6 3
19 8 4
35 19 4
36 69 4
13 80 1
62 14 3
42 83 2
69 95 1
14 57 2
33 5 3
55 69 3
7 1 1
58 39 1
40 51 4
45 82 1
58 34 1
87 38 4
49 6 3
27 64 3
53 29 2
30 51 2
88 99 3
16 88 2
61 69 2
92 14 1
11 5 1
86 69 4
6 21 1
49 83 1
35 25 2
49 35 4
8 28 3
48 99 2
87 82 4
36 40 1
94 8 3
91 74 2
80 87 3
38 75 4
48 67 1
99 41 3
65 26 2
85 34 1
32 2 2
69 27 4
68 33 4
68 20 2
43 70 2
3 93 2
17 48 2
14 58 2
11 35 1
56 83 2
66 75 3
72 13 1
51 24 3
94 34 2
95 70 4
69 38 4
13 65 1
26 30 4
74 57 3
38 18 1
65 91 3
57 99 4
64 91 2
43 8 2
57 84 3
16 66 3
75 43 2
98 11 3
29 47 2
73 83 1
32 11 4
89 58 2
71 50 4
52 83 2
19 68 4
31 44 3
87 41 4
83 96 3
34 33 4
79 39 2
24 31 4
5 40 3
22 76 3
17 23 1
5 65 2
20 91 3
33 10 4
7 55 3
38 70 3
50 85 3
94 92 3
15 85 4
11 69 2
97 72 4
96 70 1
70 92 4
11 8 3
1 74 2
63 89 2
74 95 1
60 17 2
12 39 3
63 21 2
37 34 3
72 83 3
13 83 4
67 72 1
47 86 3
6 55 1
18 64 4
64 68 3
80 83 4
54 96 3
83 81 3
11 18 1
63 16 1
6 35 1
53 84 1
60 94 2
66 19 1
29 57 1
31 39 3
28 49 1
13 98 1
73 27 4
35 82 3
94 22 2
62 9 4
16 22 2
46 85 4
66 97 2
14 99 1
21 64 4
74 50 1
13 94 2
68 72 4
