1238 100
0 5 3
0 85 8
5 34 4
5 6 5
0 66 3
0 80 1
5 30 1
30 98 2
0 37 7
5 64 9
64 42 2
85 79 5
98 38 7
98 94 4
37 31 9
85 99 1
64 28 1
80 76 2
66 29 1
38 21 1
21 14 6
37 67 6
14 41 6
76 2 3
42 88 7
2 22 4
79 74 9
74 24 9
28 89 3
88 75 8
76 59 6
31 25 1
29 46 3
29 45 3
89 11 1
85 65 8
11 87 4
66 70 2
64 19 1
67 53 3
14 4 9
85 17 9
2 56 1
45 47 1
64 96 5
94 40 6
59 84 3
5 60 4
25 91 5
40 72 8
65 10 8
75 77 3
70 71 4
31 12 9
38 16 9
21 13 2
31 51 6
59 97 3
28 26 3
0 18 8
29 44 4
5 35 5
28 58 9
56 15 9
94 54 9
28 36 6
16 86 9
88 83 1
84 27 6
11 49 6
15 7 1
47 33 7
14 50 4
38 32 7
89 63 4
80 61 8
70 1 1
76 23 6
50 48 7
47 92 6
59 20 6
58 57 6
13 95 2
65 55 7
89 68 2
11 39 6
51 69 6
49 78 4
80 52 7
14 9 6
37 43 8
37 8 1
76 62 8
70 81 2
48 73 1
26 82 2
14 93 1
14 3 2
15 90 9
11 10 4
66 86 3
19 60 3
19 97 1
25 22 1
6 91 3
5 59 1
52 54 4
6 8 4
77 29 2
87 91 4
18 52 3
2 67 1
60 88 1
39 30 3
38 73 3
7 18 1
50 37 2
43 78 2
47 64 2
26 81 2
67 23 3
95 8 3
42 26 1
98 65 3
56 46 3
73 66 3
95 0 3
7 97 2
41 8 3
75 72 4
52 78 3
96 36 2
49 86 4
82 22 2
18 65 4
26 55 4
75 49 3
90 78 4
88 20 2
65 83 3
38 70 1
61 9 4
40 46 1
71 3 4
12 2 1
19 81 3
16 62 2
8 44 1
48 37 1
31 67 4
98 85 4
90 61 1
84 41 4
47 24 2
7 68 3
63 94 3
84 82 2
51 66 4
31 64 4
31 84 2
54 24 4
64 79 2
19 20 4
4 48 4
90 29 3
55 35 1
85 18 3
5 76 1
20 97 4
58 55 2
67 63 4
37 94 2
66 24 1
0 61 2
10 42 2
14 45 1
34 60 2
60 23 4
91 33 1
94 88 2
36 13 4
46 55 3
52 73 1
99 48 3
50 32 2
30 55 3
36 38 2
21 50 3
29 17 2
60 48 2
12 1 4
32 96 2
23 71 3
31 83 1
69 96 2
95 1 1
32 93 2
19 11 1
79 3 4
58 25 3
50 62 1
95 74 4
8 34 3
99 28 2
40 1 1
9 91 3
32 71 1
7 96 3
51 77 4
43 17 3
87 27 3
14 87 3
60 3 3
60 12 3
92 78 2
83 94 3
21 63 4
88 19 4
24 92 2
49 28 3
57 43 1
64 30 2
55 14 1
81 74 3
41 91 1
11 40 3
57 41 3
55 56 3
9 63 1
98 9 2
92 13 2
9 0 1
19 36 1
65 42 1
43 54 1
53 36 1
62 0 2
86 22 3
42 41 2
26 8 4
78 11 3
17 86 1
19 94 3
61 85 3
69 70 3
38 29 4
81 92 1
33 81 2
26 86 3
44 81 3
21 42 3
54 67 1
67 14 4
96 74 3
29 96 1
89 88 1
12 69 2
58 13 2
20 73 3
14 94 2
49 73 2
55 9 4
25 67 2
58 38 4
20 38 4
88 66 2
67 1 2
36 70 4
90 2 1
73 12 4
84 97 1
82 5 2
54 60 4
41 74 4
46 13 2
47 71 2
56 74 3
59 29 4
65 25 4
30 33 3
72 11 2
85 87 2
89 69 1
29 72 1
57 88 2
61 52 1
77 11 3
37 88 1
43 40 3
90 26 4
89 48 1
34 59 4
76 7 3
27 68 4
67 55 1
67 0 1
75 48 1
59 49 3
43 53 3
2 75 3
82 60 4
35 16 3
90 55 3
45 4 1
90 31 4
16 71 2
45 35 2
40 91 1
4 9 3
55 12 2
62 70 1
13 40 3
77 97 3
32 53 2
13 5 4
59 53 4
74 84 3
12 64 2
66 53 2
56 60 1
6 85 2
40 9 1
1 21 3
44 71 1
93 62 4
15 42 4
14 84 2
87 57 2
53 28 3
39 3 2
76 10 2
96 90 3
6 82 4
19 72 2
3 84 4
48 40 2
97 44 2
13 93 1
41 70 4
18 15 1
8 31 1
7 0 1
72 16 4
59 74 4
61 34 4
17 91 3
9 84 3
24 64 1
88 41 4
76 42 1
95 91 3
93 17 2
2 59 1
65 3 4
56 38 2
96 30 4
8 40 3
57 3 2
33 60 1
93 63 1
98 3 3
73 78 1
26 70 1
60 2 2
50 26 1
63 22 3
99 26 2
74 37 2
77 46 2
69 42 1
23 63 1
11 47 4
8 14 1
66 82 4
48 7 2
6 81 4
63 55 1
63 68 1
92 90 3
6 34 4
2 35 1
84 26 2
25 15 1
71 91 3
56 96 2
45 2 3
32 56 2
0 81 2
58 46 4
26 11 4
89 42 2
90 69 3
90 20 1
61 42 1
30 86 3
47 9 1
5 2 2
4 72 4
63 85 3
37 85 3
20 66 3
12 80 4
21 26 3
22 45 1
1 36 3
99 50 2
58 26 1
41 10 4
83 67 2
44 58 4
17 13 4
52 58 3
54 21 3
37 57 2
42 90 1
68 77 2
35 44 4
15 58 1
62 41 1
56 81 4
22 59 4
7 49 1
31 70 1
15 50 2
3 17 2
46 90 2
39 32 2
83 78 4
18 12 4
17 14 1
44 1 3
56 68 1
57 72 1
63 70 3
13 16 4
23 37 2
60 16 4
54 49 1
69 55 4
66 8 2
51 73 2
23 4 1
55 5 4
42 60 1
46 18 4
64 91 2
58 23 1
86 3 4
46 5 1
90 54 3
80 3 1
57 21 1
73 54 1
56 25 4
87 40 4
18 17 3
18 92 2
47 0 4
91 43 2
38 96 3
75 93 1
64 59 2
53 86 1
10 23 1
21 28 4
72 71 2
24 13 1
15 16 1
0 92 1
10 14 1
22 89 1
36 86 3
67 10 2
56 13 2
30 49 2
71 38 4
23 81 1
76 55 1
92 89 1
5 62 1
54 80 3
1 42 4
27 16 1
31 52 4
90 41 4
49 29 4
97 93 2
96 63 4
62 53 4
63 16 3
53 46 2
41 38 3
84 73 1
18 96 3
47 44 2
44 87 4
45 23 4
87 29 4
10 54 3
72 30 3
45 95 4
76 93 4
89 62 4
64 77 4
1 69 2
53 34 3
57 92 4
2 26 2
42 18 4
85 82 3
44 5 4
91 16 3
84 94 4
30 27 2
74 49 2
50 67 3
68 65 2
68 10 1
22 40 2
24 3 4
37 5 1
53 21 4
47 16 2
11 50 1
84 19 4
32 78 3
52 23 3
9 51 1
89 79 1
27 3 4
30 58 2
35 41 4
28 97 3
8 91 2
62 51 1
41 27 3
94 92 4
20 50 3
69 82 1
79 91 3
14 60 3
86 4 3
95 27 4
83 90 2
82 62 3
1 11 3
34 96 4
20 70 3
11 75 2
59 93 2
95 11 2
88 69 1
49 3 4
29 84 2
1 79 3
24 68 3
21 19 4
2 14 3
66 81 3
54 78 1
61 57 2
88 31 1
92 75 4
83 75 4
74 25 3
40 52 4
88 22 1
46 52 3
12 35 1
68 38 1
83 29 3
77 65 1
71 19 2
80 68 3
32 2 3
34 57 1
2 38 3
34 77 3
96 27 4
33 23 2
60 72 3
50 63 4
88 59 2
37 92 2
30 54 1
17 35 1
6 31 2
35 90 2
16 64 1
18 3 2
52 96 1
84 63 1
3 47 1
27 65 1
53 88 4
67 51 3
45 69 4
26 61 3
84 11 2
34 65 2
83 91 1
94 1 4
91 88 2
64 60 2
54 42 3
85 49 1
18 49 4
10 43 3
85 52 1
68 55 1
28 52 1
48 58 1
75 91 3
45 88 4
44 45 3
45 9 2
36 41 4
15 4 3
34 24 3
16 92 3
29 88 2
16 34 3
92 31 2
52 11 3
35 63 1
12 11 3
22 90 1
56 50 4
31 18 3
13 87 2
35 83 2
40 90 4
89 16 4
29 76 2
93 98 3
71 60 4
30 88 2
39 74 2
2 94 3
39 83 4
46 17 2
36 65 3
13 90 3
28 23 1
59 43 1
47 25 2
15 38 4
73 97 3
53 57 2
23 68 4
23 96 2
81 55 1
70 85 2
98 88 2
89 54 1
49 90 2
29 51 2
53 18 4
15 26 4
82 11 1
54 46 2
18 35 1
59 83 4
28 98 1
70 39 2
87 63 4
61 21 2
7 60 2
61 56 2
1 85 4
9 62 2
94 58 1
83 61 3
32 14 1
81 86 3
17 61 3
85 75 2
1 93 1
10 80 1
75 46 4
99 22 2
45 37 1
95 36 1
99 42 3
53 6 4
79 43 3
25 8 3
68 84 4
68 17 1
95 48 4
45 6 4
84 96 3
72 88 1
77 1 3
23 55 3
75 67 2
5 19 2
68 25 1
99 95 3
76 32 4
52 19 4
96 98 4
89 87 4
88 79 4
4 10 4
3 64 4
76 99 3
33 80 1
33 20 2
53 9 2
41 56 1
24 65 3
13 8 1
26 10 2
84 20 4
59 60 4
24 44 3
80 99 1
85 44 4
40 70 4
54 68 4
63 64 2
50 30 1
80 37 4
22 24 4
58 50 4
57 22 3
37 40 2
27 97 1
77 54 3
44 73 3
17 20 1
1 96 3
65 59 2
57 42 1
37 1 3
95 24 3
40 0 4
55 20 2
31 14 4
91 31 4
80 90 1
11 83 1
70 29 4
26 93 2
1 7 4
35 39 1
69 18 1
84 66 4
4 67 1
10 74 1
30 35 4
87 68 2
64 84 1
60 8 4
71 1 4
33 28 4
49 83 4
87 67 3
68 1 4
7 57 2
86 42 1
56 21 4
85 2 3
48 59 1
82 30 3
94 87 2
50 75 4
6 20 1
86 59 3
78 36 4
76 94 4
38 23 3
89 90 4
46 48 3
69 9 4
39 16 2
41 13 1
52 51 2
24 8 4
65 96 3
21 6 4
61 47 2
44 59 3
34 9 4
34 14 1
12 7 4
66 55 3
45 80 2
86 87 2
95 83 4
54 71 1
1 98 3
1 73 2
63 81 3
9 76 3
13 82 1
67 62 2
23 41 1
0 34 2
91 99 2
31 57 3
43 34 4
12 88 4
55 44 1
23 65 4
87 47 1
2 83 1
82 1 2
93 24 4
67 32 3
88 70 2
83 19 3
53 25 1
70 52 3
26 49 3
39 89 3
37 53 3
51 18 3
1 52 3
89 56 4
92 73 3
49 80 3
48 76 2
92 64 3
0 36 4
86 23 4
13 51 4
4 35 3
86 78 1
67 20 3
61 99 2
71 20 3
42 62 4
19 85 4
42 31 3
9 5 4
90 30 4
83 99 4
40 75 2
51 58 3
86 32 4
82 47 1
66 65 2
15 32 3
35 42 1
60 31 2
50 38 2
71 82 2
70 50 3
62 63 3
77 71 2
53 68 1
99 65 3
10 6 4
1 54 2
81 14 4
95 16 3
11 48 1
97 89 2
69 20 4
6 69 3
54 70 2
67 43 1
69 41 2
40 44 2
42 11 2
61 22 3
3 41 1
95 30 4
15 88 4
90 3 1
79 20 2
19 78 2
43 52 3
7 74 1
41 28 3
30 83 4
22 5 3
63 95 3
70 45 2
14 38 4
25 2 2
43 86 2
36 49 3
34 83 4
8 52 2
72 3 2
87 59 4
17 21 4
32 13 4
89 94 4
75 62 2
37 66 1
62 29 1
93 85 1
12 23 3
60 63 1
88 51 4
47 4 4
43 44 2
78 63 2
65 15 4
63 6 3
41 15 1
1 10 4
25 26 2
94 99 2
55 60 4
25 3 4
4 91 4
79 24 1
18 68 2
73 33 3
5 45 2
59 27 1
65 45 4
11 46 1
75 43 4
91 13 2
98 74 3
14 13 1
81 91 1
93 81 3
76 53 1
79 18 4
72 34 1
59 38 1
58 98 3
32 8 2
44 80 1
72 92 2
51 45 1
59 91 3
85 74 3
28 3 2
22 0 4
80 11 4
99 9 1
64 17 1
96 25 2
44 19 4
10 72 3
25 59 2
45 18 3
96 61 2
84 79 3
1 83 3
55 45 2
40 84 1
9 22 3
90 71 3
15 83 1
23 20 2
52 69 2
82 27 2
14 35 4
97 50 3
43 95 1
41 73 3
63 36 4
4 69 1
8 30 1
89 12 4
9 21 2
25 85 1
16 6 1
11 22 1
21 39 3
41 43 2
99 69 1
18 11 1
39 66 2
22 56 4
89 18 2
80 18 1
98 63 1
62 88 4
39 77 3
60 75 4
73 37 3
44 62 3
5 7 1
97 56 3
70 76 4
15 33 3
8 46 3
17 45 1
56 54 2
29 27 2
24 4 1
66 38 1
47 77 3
14 22 3
40 42 4
2 18 4
62 23 1
11 36 1
45 40 3
4 74 2
86 85 3
33 40 1
25 81 3
22 54 1
34 94 3
77 74 2
20 30 2
93 21 4
89 23 2
47 49 1
51 97 1
80 17 4
68 71 1
15 10 1
72 49 1
24 69 4
69 98 2
28 80 1
5 92 3
58 35 4
55 88 4
5 31 2
91 35 2
96 48 2
56 0 1
85 92 1
26 9 4
82 76 3
4 73 4
55 72 1
26 78 4
72 8 4
81 13 2
34 86 2
63 17 4
79 69 2
80 57 3
65 52 2
94 80 3
14 5 4
13 83 1
6 93 4
6 37 1
39 26 1
86 13 3
95 57 4
26 63 4
27 60 1
17 32 4
94 38 2
62 65 1
26 53 2
11 51 1
0 15 1
34 38 4
68 16 3
16 10 3
7 34 3
21 97 2
19 49 1
77 52 2
78 44 1
94 95 2
23 7 4
95 2 2
35 43 3
44 63 4
87 12 1
48 6 3
81 39 2
11 6 4
36 26 3
11 17 2
28 43 1
0 71 4
3 35 4
4 65 3
5 10 3
28 76 1
76 77 1
71 85 2
28 16 4
87 18 4
29 85 3
55 61 4
10 89 3
41 0 3
80 51 3
37 97 4
30 43 1
68 12 1
55 91 4
77 31 2
34 62 1
27 24 3
77 48 2
90 77 4
25 13 1
84 72 3
9 92 3
41 99 4
12 75 3
69 3 4
71 83 4
56 87 3
50 76 1
83 5 1
0 3 1
54 95 2
36 93 2
11 45 4
8 61 3
57 54 3
89 25 2
45 81 3
53 58 2
42 53 4
74 58 1
89 53 3
61 13 2
12 98 4
13 1 1
31 46 3
23 34 1
15 70 2
31 78 3
43 31 4
14 77 4
93 40 3
21 91 1
53 61 2
11 38 2
46 20 1
99 71 3
67 88 2
23 54 4
63 11 4
91 86 2
60 43 1
37 4 1
62 6 4
98 81 4
78 41 3
36 29 1
79 44 1
50 78 1
44 51 3
43 18 1
24 55 2
35 75 3
12 32 4
54 75 3
24 61 1
6 15 1
66 78 2
22 7 2
17 48 3
36 57 1
97 95 2
99 32 1
18 23 1
58 84 3
67 33 3
79 78 1
40 68 1
2 8 4
88 13 1
95 41 2
90 63 4
85 15 1
37 19 4
53 20 2
24 16 4
47 26 4
96 70 3
7 37 2
40 26 3
88 17 2
79 50 2
29 64 2
94 73 2
21 62 2
16 70 2
43 84 3
49 76 3
12 5 1
47 2 1
49 71 1
39 86 4
97 58 3
80 74 4
97 42 2
46 83 1
64 33 2
34 52 1
40 19 3
94 57 1
64 75 3
45 79 2
64 48 4
14 15 4
76 96 4
53 3 1
84 33 1
37 93 4
87 75 3
27 5 4
94 35 1
25 27 1
54 31 2
18 72 1
27 91 2
77 50 3
58 87 3
7 54 3
55 74 4
43 68 1
24 85 3
47 18 3
41 5 1
38 76 4
84 76 2
66 17 4
38 18 3
16 65 2
50 73 4
94 3 2
3 43 3
22 17 3
39 84 2
41 45 4
6 75 1
48 30 4
86 15 3
15 29 2
41 37 2
13 7 4
19 43 1
