1238 100
0 22 2
1 0 9
2 98 7
3 94 3
4 34 7
5 83 4
6 77 1
7 43 8
8 21 6
9 7 8
10 32 8
11 58 7
12 74 5
13 1 9
14 20 8
15 14 6
16 51 6
17 29 5
18 39 5
19 26 6
20 19 7
21 5 1
22 40 2
23 30 1
24 53 1
25 70 8
26 14 1
27 87 3
28 52 4
29 67 3
30 79 2
31 56 8
32 86 4
33 54 6
34 94 5
35 58 2
36 45 9
37 14 7
38 94 8
39 21 9
40 35 7
41 25 2
42 20 5
43 60 2
44 52 9
45 19 4
46 33 9
47 50 5
48 58 3
49 81 6
50 7 8
51 83 9
52 63 4
53 18 3
54 62 1
55 46 7
56 70 8
57 16 4
58 16 7
59 78 7
60 41 9
61 42 3
62 56 3
63 8 6
64 77 5
65 55 8
66 24 4
67 24 9
68 77 5
69 22 4
70 5 8
71 8 3
72 48 1
73 84 8
74 98 6
75 16 7
76 44 9
77 86 6
78 2 1
79 80 3
80 27 8
81 22 1
82 14 9
83 89 9
84 69 1
85 49 4
86 16 3
87 68 8
88 8 6
89 65 7
90 54 2
91 26 5
92 54 4
93 61 7
94 8 7
95 41 4
96 78 9
97 10 8
98 78 2
99 12 2
39 46 1
43 74 4
42 37 2
24 64 1
11 65 4
42 77 1
20 41 1
92 55 2
94 82 4
13 91 4
82 90 1
54 25 2
7 20 2
40 9 1
35 26 2
58 46 2
49 90 3
46 8 3
40 86 1
68 67 3
21 71 1
92 93 1
1 38 1
17 4 2
81 43 4
55 56 2
48 81 3
57 1 1
8 27 1
95 63 2
52 18 1
4 23 4
76 11 3
60 82 1
70 44 1
54 31 2
18 35 2
34 33 4
5 23 4
97 93 1
31 50 2
95 96 4
64 25 3
28 1 3
58 61 2
48 12 3
8 24 4
41 88 4
95 9 1
35 92 4
74 20 4
97 52 3
19 50 4
77 19 4
64 10 3
83 87 1
54 74 3
65 60 2
70 76 3
45 46 2
34 43 4
56 65 2
42 88 4
83 42 1
73 86 2
62 74 4
59 64 2
36 66 1
35 52 3
0 19 2
59 20 2
54 69 3
53 8 3
63 86 2
51 47 3
84 18 3
68 90 2
37 85 4
58 14 3
20 52 4
3 19 1
5 33 3
34 69 3
26 9 4
1 46 1
90 58 4
69 81 4
90 60 4
92 46 4
42 68 2
49 37 3
12 9 4
43 20 4
87 43 2
28 91 2
81 91 2
59 37 2
98 3 3
53 75 4
37 22 1
56 26 3
26 83 2
56 85 4
56 82 4
97 11 1
55 85 3
94 85 3
28 64 4
1 33 3
72 54 4
99 94 1
28 58 4
24 44 2
75 13 2
9 75 2
92 26 3
15 61 4
78 41 2
60 39 1
76 81 1
70 97 3
74 10 1
88 11 2
2 85 1
13 59 1
17 27 4
45 26 1
85 32 4
41 47 1
61 38 3
33 20 1
55 49 1
31 3 3
24 75 3
25 69 1
44 62 1
91 63 3
7 80 4
95 6 3
93 95 3
82 29 2
48 27 4
35 97 1
45 94 3
64 49 3
8 98 3
39 17 3
61 54 2
51 30 4
48 44 1
54 20 2
30 80 4
35 30 1
25 86 3
11 31 1
57 77 4
36 39 4
23 41 1
6 33 2
12 1 1
94 5 2
37 1 2
28 36 4
46 65 2
38 22 4
4 81 1
54 40 4
83 53 4
38 41 3
87 26 4
88 86 1
77 36 2
83 13 4
98 79 4
41 8 3
82 75 4
81 82 4
18 23 1
92 22 2
26 61 2
37 54 2
29 10 4
78 99 1
3 23 4
91 51 3
72 35 4
97 81 4
53 69 4
90 42 4
11 41 3
28 35 3
43 54 1
31 25 1
19 70 4
62 43 4
94 64 4
85 63 1
8 76 3
97 0 2
60 78 3
41 51 2
21 60 3
18 6 1
56 72 3
29 92 3
50 34 2
32 65 4
6 0 3
62 79 2
40 32 4
67 7 4
45 9 1
91 75 1
2 37 2
25 75 3
91 93 4
17 64 4
45 93 4
23 59 1
86 47 3
1 47 4
42 36 4
61 81 4
10 44 2
89 95 1
62 53 4
49 1 4
74 72 3
88 21 3
81 31 4
13 23 4
76 6 3
60 73 4
73 67 3
47 27 2
42 6 4
22 13 3
39 41 4
34 57 1
70 53 3
72 6 4
63 30 2
76 66 3
94 78 2
67 5 1
56 99 2
72 41 3
3 22 3
41 42 3
29 72 4
59 97 2
64 4 1
15 45 1
76 16 2
92 14 3
20 83 4
26 25 1
52 76 4
41 37 1
76 33 2
71 92 3
51 42 4
50 66 3
88 72 2
23 78 4
72 79 3
71 26 4
57 81 4
99 35 3
11 24 2
84 78 2
4 42 1
74 71 3
57 48 3
24 47 3
43 29 2
6 51 4
20 78 2
37 58 4
74 59 3
85 87 1
39 32 4
40 94 3
51 74 2
37 96 1
0 15 1
20 17 4
89 2 2
0 82 1
1 24 3
28 59 3
56 75 2
71 87 3
86 62 1
85 41 3
6 10 2
90 27 1
27 91 4
11 47 2
3 71 1
58 10 4
50 69 4
54 1 4
14 91 2
86 35 3
59 31 2
84 60 3
62 4 2
98 37 4
91 95 1
6 56 2
2 79 1
65 23 4
38 86 4
59 82 2
76 9 2
7 55 2
70 72 2
33 0 3
19 67 1
84 59 2
37 92 1
2 51 4
45 59 1
9 33 1
97 43 1
37 68 2
44 58 1
57 46 1
19 51 3
30 69 3
57 58 2
90 46 3
33 48 4
99 97 1
79 36 2
16 47 2
86 15 4
47 97 1
31 84 4
52 42 1
46 18 4
81 84 3
20 6 1
13 41 1
77 63 2
81 83 3
93 5 3
61 75 4
13 60 2
95 56 2
47 54 2
4 71 2
36 97 3
18 7 3
87 94 2
15 6 2
87 97 3
97 68 1
67 70 3
75 33 1
56 40 2
77 40 2
49 66 1
31 52 2
31 33 1
88 64 4
70 61 4
86 75 1
50 98 3
10 70 2
62 28 3
60 94 2
99 58 4
43 58 3
87 14 1
91 18 1
9 1 3
9 29 4
14 27 2
63 5 4
23 91 1
47 95 4
54 87 1
83 31 3
37 35 4
94 23 3
46 52 3
18 65 4
74 63 4
91 98 2
27 99 3
48 59 2
43 73 4
6 52 3
68 5 2
62 94 4
47 0 1
19 46 1
56 5 4
81 28 3
41 65 1
67 71 1
86 82 3
42 95 1
84 17 1
1 88 3
21 94 2
21 15 2
41 16 1
66 46 3
99 73 1
41 40 1
21 3 2
14 72 2
54 96 1
53 52 3
28 24 3
84 65 2
25 46 3
18 49 3
24 81 2
0 28 3
44 47 4
77 37 1
11 72 1
48 24 1
65 85 3
65 1 2
84 11 1
4 75 1
38 82 2
70 51 4
21 42 4
79 28 1
59 75 3
45 51 3
34 45 4
76 91 2
22 82 3
45 30 4
61 28 3
97 8 3
7 38 3
49 12 3
71 95 3
73 50 3
11 93 1
44 31 3
71 94 3
43 44 2
27 40 2
59 80 3
63 58 3
26 13 1
64 48 3
47 72 3
61 52 2
24 49 4
39 76 3
78 39 4
42 26 4
95 82 4
34 80 2
20 22 2
26 18 3
28 54 3
13 76 2
39 31 3
19 92 2
25 12 1
37 61 3
44 23 2
40 15 4
85 31 1
65 57 1
47 87 3
22 88 3
96 73 1
37 9 2
65 68 3
59 36 3
34 46 1
97 77 2
80 35 2
10 61 4
52 79 4
64 54 1
22 42 3
38 9 1
69 68 2
88 17 2
2 76 1
66 63 2
23 66 2
53 40 4
77 11 4
85 71 4
93 24 3
24 33 1
22 24 2
64 51 4
7 52 4
99 87 3
60 47 3
34 36 3
57 42 1
90 59 2
19 43 1
15 58 4
24 83 2
31 97 1
22 58 3
55 24 2
16 96 3
56 47 4
99 3 3
90 48 1
34 93 1
67 87 2
65 22 3
61 51 1
40 98 4
12 65 2
63 59 4
59 56 4
89 31 1
67 32 1
83 88 1
34 52 2
30 7 1
69 44 1
9 53 3
20 49 1
67 44 1
87 13 4
90 62 1
76 55 4
52 19 2
65 3 2
14 69 3
94 51 2
48 10 4
89 6 2
75 39 3
89 38 3
70 50 4
13 3 3
58 13 3
90 1 2
16 7 1
30 0 3
10 52 2
10 37 3
7 59 2
73 64 4
64 61 3
49 62 2
36 50 3
98 16 2
4 31 4
81 29 4
18 72 2
40 51 3
15 37 3
73 91 2
47 80 2
67 25 4
78 50 3
66 27 2
68 8 3
39 71 2
15 52 3
85 77 4
87 86 3
60 87 3
25 5 3
88 60 1
54 78 1
74 5 1
90 10 3
95 15 3
99 16 4
53 63 1
59 14 3
74 99 1
78 49 1
97 24 1
71 27 4
54 38 2
57 3 4
57 5 2
7 87 2
79 83 3
96 70 2
26 97 2
63 57 2
76 68 1
63 60 3
28 46 2
92 30 3
67 89 2
48 85 3
30 60 1
19 41 1
32 17 4
41 31 3
29 93 3
76 36 4
74 41 4
34 14 4
5 41 4
51 53 4
93 9 3
28 68 2
88 16 3
63 17 4
92 57 2
95 88 3
86 24 3
77 83 3
65 48 2
32 41 3
82 1 1
27 19 3
19 85 4
19 1 3
64 67 2
0 90 1
19 31 4
53 36 1
47 2 1
67 42 1
15 43 3
48 71 4
35 22 1
90 19 2
89 0 1
7 58 1
32 68 1
79 8 4
32 23 1
44 14 4
78 95 2
81 21 3
24 78 4
35 68 4
17 37 2
43 71 3
87 4 4
95 86 4
62 96 3
4 77 1
14 90 4
94 4 1
99 55 2
75 58 2
28 13 4
56 10 2
77 47 1
14 13 2
29 99 2
34 70 4
33 37 2
90 64 4
61 9 4
23 85 4
61 50 2
95 18 3
91 45 4
97 29 2
67 51 1
44 79 2
66 10 1
22 16 3
68 57 1
22 23 3
74 1 2
75 17 3
11 15 3
63 10 2
16 79 1
38 5 3
98 31 1
70 29 2
34 6 2
88 92 4
79 14 3
80 86 1
27 95 4
32 26 1
59 85 4
52 1 3
83 39 4
59 8 2
48 22 4
67 48 2
7 63 2
78 19 2
21 44 3
59 95 1
29 45 3
93 55 2
78 91 1
11 30 1
3 53 3
9 14 2
28 6 4
58 5 2
44 4 3
48 77 2
0 11 4
42 32 4
75 97 4
36 6 4
25 99 4
17 79 3
58 60 4
41 45 2
20 98 2
14 83 1
11 34 4
62 14 4
90 91 4
86 31 2
26 34 2
35 82 4
48 56 4
6 53 2
2 70 3
67 58 3
32 73 1
19 76 2
3 7 1
53 1 3
53 99 3
0 43 2
69 45 1
61 16 4
19 98 3
26 12 4
14 56 1
90 22 1
44 74 1
3 45 2
28 3 2
16 30 1
15 24 1
46 50 4
4 57 1
13 98 4
9 39 2
58 94 1
2 14 4
90 17 2
51 39 3
52 58 3
62 22 1
85 97 2
15 50 2
23 90 1
60 14 3
71 55 4
66 3 3
77 23 3
53 39 4
42 81 1
31 75 1
29 56 2
15 87 2
19 32 2
40 59 1
48 11 3
40 91 3
45 48 3
61 60 4
10 88 1
12 5 1
16 33 1
44 19 3
20 88 4
55 25 4
51 26 3
74 64 4
27 58 4
9 85 3
77 21 3
10 67 2
45 32 2
68 29 2
46 69 4
13 12 2
91 2 1
30 83 3
74 3 1
39 15 1
91 54 1
30 76 2
9 23 1
17 25 3
16 77 2
27 28 3
37 48 3
4 13 3
77 81 3
52 83 2
3 30 4
3 54 2
38 84 3
59 87 1
55 52 4
70 74 4
87 88 4
53 28 1
8 73 3
16 83 1
46 98 4
13 48 3
8 49 4
22 5 3
53 88 2
33 69 3
19 69 3
56 57 2
21 38 1
73 61 3
13 33 3
48 2 1
97 67 3
79 40 2
72 99 4
80 77 4
13 44 2
23 98 3
68 95 1
85 53 4
93 89 1
19 64 2
19 95 2
50 0 2
41 96 1
85 39 4
56 33 4
20 46 4
96 51 4
45 14 3
48 28 1
36 54 2
51 10 3
26 24 2
86 46 2
77 61 1
83 0 3
38 57 3
69 47 3
33 91 3
31 1 1
92 13 2
41 10 4
30 57 4
12 7 2
36 25 3
18 38 4
82 88 2
82 85 1
35 47 3
7 77 2
2 7 2
67 91 4
86 27 1
29 96 2
37 5 1
19 30 2
19 61 3
99 31 1
94 95 2
20 97 4
8 70 1
57 31 3
84 9 3
51 72 4
14 4 2
48 93 4
40 84 2
75 78 3
1 14 3
54 34 1
81 35 2
59 58 1
71 31 1
88 59 2
12 90 2
56 25 3
97 30 4
93 35 3
30 95 3
80 26 2
31 61 3
26 21 2
81 54 2
30 24 2
42 71 1
21 76 2
44 12 3
83 36 4
59 29 2
30 10 4
70 47 4
10 25 1
45 54 1
14 57 2
79 69 4
98 56 4
17 35 4
55 90 4
78 13 2
38 71 4
74 25 3
33 70 3
46 64 4
81 56 4
68 54 1
42 54 2
67 59 2
9 10 2
1 42 4
92 6 3
33 78 4
68 89 2
2 30 4
24 72 3
24 74 3
85 83 1
50 92 1
36 37 2
84 94 3
51 21 4
37 53 3
42 38 3
1 61 2
45 13 1
29 55 2
28 4 3
17 60 2
52 85 4
53 95 2
44 37 1
92 15 3
94 16 4
78 89 4
35 89 3
29 95 2
23 35 3
68 4 1
87 63 3
1 32 1
13 21 2
32 98 4
27 55 2
39 16 4
29 54 3
36 44 3
9 28 3
50 79 1
54 51 1
46 22 3
25 0 2
83 47 4
41 4 3
61 82 2
17 23 2
19 14 1
62 20 3
39 34 4
41 69 1
1 20 2
30 86 4
62 68 3
84 83 4
83 7 4
53 98 1
17 22 2
79 59 3
36 35 4
80 2 2
97 89 3
91 66 4
0 74 2
32 70 3
28 39 2
87 17 4
69 7 4
82 68 2
97 6 4
76 10 2
3 25 4
17 99 2
7 47 2
24 17 2
84 46 4
2 4 4
0 57 4
11 20 2
84 51 1
1 8 1
92 43 2
94 66 2
20 69 3
8 28 4
55 62 1
13 25 4
79 38 1
37 95 1
80 85 1
51 80 3
2 36 4
84 87 4
0 21 3
8 39 1
82 39 3
62 97 4
56 86 4
11 82 3
47 37 1
97 74 1
35 0 1
21 47 3
19 82 4
27 72 2
51 20 1
33 23 4
42 34 1
58 65 2
73 20 4
57 83 1
97 58 1
83 19 1
90 32 2
92 99 1
59 5 1
49 59 2
24 39 1
40 57 4
53 34 1
96 18 2
11 60 4
47 63 1
48 61 2
52 92 3
87 22 2
77 82 2
27 41 2
31 46 1
92 96 3
97 64 4
78 81 4
93 72 3
40 3 2
7 57 4
9 0 4
62 37 1
82 6 2
44 30 4
85 38 4
10 75 1
74 15 4
85 99 2
84 19 3
78 27 1
81 30 1
12 18 2
52 47 4
0 69 2
77 52 4
29 44 1
87 77 1
31 70 2
73 33 1
82 4 3
78 30 3
81 2 3
81 6 2
18 83 1
43 61 3
30 85 4
82 96 4
51 35 4
96 2 1
88 74 3
28 11 1
66 29 1
84 58 3
79 82 2
87 70 1
52 38 2
11 67 2
84 7 2
84 20 1
79 37 3
99 57 3
54 32 2
22 95 2
50 35 2
24 99 1
39 74 2
55 57 1
29 41 4
3 5 3
56 67 1
97 86 3
48 99 4
29 91 1
26 81 3
57 6 2
29 49 2
69 31 4
41 3 2
77 5 3
44 84 2
90 97 2
20 23 1
20 86 3
59 81 1
0 2 3
68 44 2
80 1 1
84 91 2
52 71 2
59 65 4
57 59 4
76 61 3
63 61 2
69 98 4
8 78 2
42 48 4
91 7 4
18 60 1
35 65 4
