1238 100
0 2 7
1 65 5
2 37 5
3 19 9
4 14 9
5 2 6
6 60 5
7 40 1
8 35 4
9 10 7
10 54 8
11 82 6
12 34 8
13 81 2
14 81 2
15 93 8
16 22 6
17 65 9
18 5 4
19 39 6
20 14 5
21 66 1
22 3 3
23 45 7
24 66 6
25 68 8
26 83 2
27 89 1
28 55 4
29 23 8
30 79 9
31 32 4
32 99 1
33 97 6
34 88 4
35 23 7
36 4 4
37 13 5
38 28 6
39 65 5
40 97 5
41 70 2
42 14 7
43 23 5
44 70 7
45 14 1
46 62 9
47 4 8
48 8 7
49 68 4
50 68 4
51 43 2
52 44 6
53 88 2
54 57 6
55 20 3
56 20 3
57 32 5
58 94 3
59 39 3
60 30 9
61 96 1
62 60 3
63 60 3
64 90 3
65 5 3
66 48 2
67 24 6
68 92 8
69 87 3
70 14 1
71 47 3
72 13 1
73 4 7
74 6 5
75 51 5
76 85 1
77 47 5
78 89 9
79 81 1
80 3 7
81 71 3
82 48 1
83 21 4
84 23 7
85 50 4
86 50 4
87 19 7
88 82 8
89 28 7
90 20 8
91 38 6
92 5 4
93 79 1
94 8 7
95 25 4
96 30 2
97 4 6
98 43 8
99 93 3
5 87 3
15 98 4
28 18 3
46 36 3
87 9 2
26 52 1
8 96 4
24 75 4
31 2 1
36 77 2
51 76 1
93 95 1
55 65 1
68 21 1
33 36 2
77 80 4
55 41 2
12 81 2
70 94 4
69 72 3
60 38 4
27 74 4
78 21 1
25 14 4
79 99 1
50 65 1
7 36 2
6 89 2
95 7 2
11 39 2
91 48 2
53 97 1
98 17 3
80 63 3
94 11 1
86 76 2
73 74 4
80 67 4
18 38 2
33 89 1
84 3 1
84 75 4
25 0 2
85 75 1
96 41 3
22 19 2
2 77 3
85 42 2
64 43 3
14 53 1
27 49 1
50 30 4
86 49 3
5 78 4
40 47 2
1 4 1
26 16 4
82 18 3
62 32 3
18 85 3
51 92 3
10 4 1
20 10 3
14 26 3
29 67 1
51 65 3
91 19 2
48 12 2
25 30 1
79 32 2
8 7 3
2 55 1
9 5 4
38 72 3
12 83 3
33 56 4
29 74 2
29 96 2
14 86 2
39 2 4
81 7 3
53 99 4
89 51 4
35 22 3
84 11 4
34 70 3
75 45 4
76 45 4
73 79 3
46 77 2
2 97 2
63 23 3
99 43 3
72 49 1
25 12 2
8 32 4
64 95 3
91 16 1
89 24 1
65 60 2
63 98 4
63 46 1
33 92 1
32 27 2
13 45 1
98 20 4
38 65 2
96 71 3
90 91 3
39 84 4
75 72 2
27 99 3
82 91 2
14 98 3
41 39 1
88 7 1
27 64 1
24 10 1
8 77 3
64 62 1
40 54 2
40 17 2
62 10 3
98 80 3
62 59 4
95 85 3
66 64 3
11 56 2
49 89 1
44 5 1
34 52 3
10 76 1
10 58 3
72 37 2
11 7 1
29 86 1
5 54 4
20 72 3
5 35 1
82 21 1
49 19 1
51 81 4
57 81 4
0 99 4
48 78 2
2 64 3
85 57 2
83 74 1
63 69 3
4 78 4
41 83 3
54 55 1
25 21 1
65 49 2
31 53 1
33 98 2
3 35 3
92 57 3
15 77 4
40 73 3
3 88 4
29 22 3
82 19 1
81 98 3
34 40 2
50 52 3
13 0 1
64 13 4
62 79 4
72 86 4
33 42 1
91 86 4
68 41 1
86 57 3
42 77 4
59 6 3
91 56 1
82 62 3
4 12 4
37 59 3
68 26 2
62 14 3
28 54 4
1 41 4
79 71 1
96 26 4
26 81 1
7 39 1
80 8 1
12 94 2
91 85 2
65 88 1
45 96 2
32 68 3
92 69 1
25 50 2
14 36 3
62 25 4
90 44 3
11 79 3
52 31 4
51 62 4
95 2 2
16 77 2
35 57 3
44 82 4
68 82 4
29 78 2
78 31 1
16 54 2
96 99 3
31 8 2
83 27 1
90 63 3
5 57 4
80 64 4
97 64 4
58 65 2
38 31 3
2 49 4
23 66 4
2 72 4
91 72 4
7 60 1
97 86 4
63 3 3
42 1 3
51 2 3
1 7 2
87 11 2
84 49 1
23 64 3
77 88 3
89 47 3
33 14 2
87 61 2
30 72 4
69 74 3
81 94 2
55 67 4
48 80 1
77 19 3
41 5 2
33 75 4
19 34 2
32 16 4
30 18 1
28 69 4
71 32 2
23 57 2
37 83 4
69 42 1
1 23 3
53 18 2
43 79 3
43 49 4
14 22 1
41 78 4
21 41 1
6 78 4
80 9 3
93 87 3
62 16 2
90 1 2
8 41 3
39 73 2
23 25 2
96 43 4
15 47 4
53 38 4
10 42 4
90 59 2
50 32 3
32 96 1
45 8 2
8 65 2
52 58 3
1 56 3
53 69 2
63 16 2
93 51 4
74 39 2
39 17 4
12 2 3
58 97 4
13 89 1
33 31 2
27 98 1
64 37 2
91 52 2
21 59 3
44 26 1
75 77 2
76 67 2
79 15 3
42 4 4
57 16 3
0 46 4
2 29 4
84 69 2
4 28 2
93 31 2
68 66 2
9 52 2
69 15 2
14 1 2
16 66 2
38 85 1
36 61 1
93 44 2
2 27 4
3 93 3
18 48 3
77 97 2
1 61 1
71 67 2
73 33 2
53 66 1
73 84 1
23 91 4
40 28 3
99 29 2
72 55 3
17 97 3
91 66 4
26 30 4
24 94 4
90 39 4
61 53 3
32 35 2
77 4 2
8 16 4
33 69 4
98 2 2
1 88 1
44 27 4
30 86 4
89 74 1
42 91 2
78 56 3
76 63 3
5 51 2
85 81 2
53 70 1
91 49 3
95 99 2
85 51 1
60 58 4
98 75 2
27 58 3
92 98 2
85 70 2
42 0 1
25 37 4
57 30 3
52 21 3
44 8 3
85 20 4
95 26 1
18 86 4
3 54 4
7 91 1
42 35 4
91 99 2
88 38 4
1 52 3
96 88 2
86 45 4
38 49 2
49 14 2
24 82 4
74 57 3
66 65 2
63 50 1
31 77 2
10 81 1
46 6 3
23 19 4
94 77 3
8 11 3
12 15 4
93 58 4
29 65 4
74 35 1
20 24 3
52 18 3
94 52 3
47 46 2
48 34 3
12 27 1
10 49 1
38 11 3
58 43 2
17 47 2
4 54 1
75 49 4
59 82 3
53 57 4
67 38 1
24 98 3
50 53 3
15 13 4
16 82 1
36 65 3
18 63 4
86 94 2
61 73 2
46 9 3
59 80 4
37 68 2
90 6 4
12 9 1
50 61 3
7 26 3
76 48 4
70 99 3
68 83 3
57 63 3
48 3 2
31 97 2
42 5 2
87 79 3
13 78 4
81 72 1
88 56 2
82 40 1
84 44 3
66 84 4
84 60 2
42 45 2
53 7 2
13 85 1
63 59 2
82 34 2
61 76 3
0 47 2
92 70 3
22 37 4
64 32 1
9 24 3
73 71 3
54 26 3
26 17 2
25 56 3
99 86 2
48 93 4
33 11 1
46 33 1
73 76 1
93 0 4
28 52 1
92 53 4
62 58 3
51 48 3
28 5 3
96 68 2
16 7 2
72 44 3
86 12 2
50 51 3
35 34 4
15 73 3
53 36 4
44 78 2
26 55 2
93 84 3
91 94 2
67 21 2
30 27 3
46 67 1
35 33 4
22 85 1
39 97 4
4 50 4
99 44 2
47 3 2
71 88 4
62 47 4
2 8 4
30 78 1
73 42 3
83 33 1
61 6 4
61 83 3
83 96 3
49 44 3
18 97 2
21 27 2
98 74 4
58 12 4
58 82 2
94 1 2
50 97 3
25 71 2
80 46 2
49 16 2
45 39 4
76 78 1
7 52 4
23 42 4
4 67 1
77 10 2
69 36 3
36 8 3
3 57 3
92 65 1
55 11 4
17 29 1
40 67 4
31 86 4
3 92 1
35 20 2
63 28 1
52 88 3
8 62 3
63 52 4
40 96 3
74 94 1
12 63 2
88 66 4
30 97 1
48 58 3
31 67 4
16 19 2
17 46 4
64 79 2
30 81 1
38 5 2
71 52 1
90 65 4
30 62 4
81 99 4
79 76 4
46 8 4
62 67 3
77 61 3
60 9 2
30 22 3
18 29 1
69 37 3
54 21 2
90 98 4
51 11 3
37 99 4
0 21 1
22 31 1
22 45 3
37 92 4
32 60 1
25 27 1
88 40 2
87 10 4
65 77 2
38 76 3
24 41 3
48 94 2
82 87 2
21 13 3
53 9 4
99 50 3
36 17 3
22 73 2
16 12 1
24 74 4
59 11 1
18 23 3
44 28 2
42 22 3
70 79 3
2 82 2
9 91 4
33 16 4
64 92 4
48 1 1
3 76 3
90 74 1
50 60 1
14 50 2
69 30 1
45 97 3
54 70 3
52 40 2
22 52 3
33 84 3
67 18 1
82 81 4
34 76 3
16 15 2
28 74 2
1 0 2
94 76 2
45 74 1
13 50 3
23 14 1
10 63 1
11 3 1
21 7 3
45 52 2
99 5 2
85 27 1
5 67 2
73 60 3
31 60 2
39 16 2
83 88 3
65 28 1
7 87 4
78 15 1
75 48 1
49 62 1
38 97 4
52 16 1
77 79 4
95 13 2
39 66 1
50 87 1
90 34 2
39 29 2
86 59 3
98 35 1
39 46 3
65 97 4
46 26 3
88 94 3
81 23 3
85 24 4
38 25 3
47 60 4
29 98 1
66 59 3
49 53 3
29 89 2
63 24 1
24 49 3
27 72 3
71 49 4
63 84 4
15 39 3
44 54 3
59 16 2
53 65 2
51 23 3
24 96 4
78 68 4
59 26 3
67 1 2
61 54 3
61 68 2
27 4 3
89 8 3
49 30 4
12 51 4
0 5 3
77 26 1
63 33 4
93 72 3
35 71 1
23 89 3
54 89 3
59 58 4
20 32 3
1 28 2
10 32 4
32 72 2
35 28 1
20 19 1
42 49 4
74 86 1
16 36 1
74 96 1
45 69 1
31 82 2
70 4 4
2 58 3
33 40 3
27 81 4
17 93 2
78 85 2
68 95 1
50 46 2
99 90 2
71 19 2
63 31 4
78 65 1
12 87 3
84 36 1
22 41 4
49 33 2
22 98 2
31 48 1
21 22 3
32 81 1
5 17 3
64 75 4
64 76 4
13 68 2
93 75 1
9 36 3
23 76 3
63 21 2
61 64 2
8 95 4
46 34 2
89 80 4
9 68 2
85 9 4
41 62 4
82 30 2
75 18 4
70 22 3
6 70 2
15 27 4
12 8 2
7 27 1
90 31 2
92 40 3
31 9 3
85 0 3
64 24 4
3 52 3
57 77 2
76 44 3
31 50 4
12 89 4
73 20 4
95 47 1
93 6 3
27 6 1
86 37 4
75 94 2
73 99 1
26 65 4
73 95 3
50 49 4
6 8 3
92 42 1
31 92 3
0 36 1
76 24 1
65 81 3
85 4 4
54 66 4
29 88 1
88 15 3
38 1 1
28 86 1
26 99 1
25 89 3
57 38 2
77 18 1
14 30 4
84 42 1
47 16 2
37 30 2
61 31 1
74 97 2
18 39 2
24 93 2
31 21 4
97 5 3
48 97 2
49 20 4
75 66 4
5 81 3
90 13 4
49 6 3
99 69 2
98 73 3
78 14 1
22 94 1
26 63 1
25 31 2
77 55 1
2 13 3
70 30 4
4 20 1
37 55 1
44 71 4
88 80 4
59 65 1
66 43 4
78 18 3
8 78 2
89 91 4
28 77 2
99 16 2
98 52 2
32 76 1
79 38 3
34 25 2
28 14 2
97 6 4
98 8 1
81 86 4
56 8 4
99 17 3
97 55 2
51 29 3
38 47 3
94 46 4
6 51 4
53 96 1
34 68 3
86 96 1
34 21 1
88 42 1
31 84 1
29 87 4
9 11 2
69 27 1
45 9 3
0 26 4
60 18 1
90 37 1
46 52 3
62 19 2
4 57 3
80 85 3
75 69 1
12 67 4
92 61 3
5 85 3
38 7 3
53 2 3
22 26 1
26 73 3
64 17 4
39 9 2
67 10 1
1 87 1
5 80 3
55 10 2
97 22 1
4 17 4
1 19 1
72 54 3
20 58 1
58 16 2
62 69 2
66 45 3
48 50 4
2 38 1
46 55 1
44 94 2
43 37 1
5 29 1
4 21 3
33 0 4
56 18 4
25 4 3
99 84 3
62 34 2
69 9 4
81 50 4
90 45 2
24 37 3
42 56 2
92 67 3
29 69 1
95 3 4
82 83 3
34 28 3
87 34 2
71 31 1
21 87 1
37 48 3
31 65 4
34 55 2
39 86 1
96 23 4
93 68 3
17 69 1
83 63 4
42 81 2
87 96 4
28 58 2
40 20 2
24 5 3
53 93 3
84 89 4
5 77 4
87 84 4
7 13 3
1 73 2
66 62 1
43 2 2
72 74 2
72 19 3
54 31 3
38 4 2
95 96 2
86 56 3
39 35 3
12 38 4
39 21 1
97 85 2
86 9 4
26 57 3
33 74 1
26 8 2
1 51 3
34 51 2
50 47 4
27 8 1
0 3 3
20 76 4
51 25 4
54 49 4
88 54 2
18 98 4
77 25 3
77 37 1
93 76 1
4 59 1
36 96 4
47 8 2
33 2 2
48 95 2
84 71 1
50 20 4
6 3 2
29 9 2
46 70 4
39 54 3
36 90 3
33 19 4
16 81 2
43 17 4
7 18 1
51 58 3
38 93 1
52 67 3
37 20 2
6 52 3
34 61 2
97 90 4
34 65 4
90 18 1
74 68 4
59 81 2
42 2 2
14 56 3
66 58 2
84 43 4
85 84 1
92 6 2
59 19 3
79 63 2
44 29 4
56 90 4
42 99 2
88 86 2
15 4 3
56 49 1
55 18 3
13 47 2
18 4 3
98 0 3
69 97 2
94 42 3
59 85 1
8 29 2
27 52 1
55 88 1
78 87 2
54 14 2
87 26 4
27 35 3
26 80 4
24 50 2
93 4 1
72 24 4
29 63 2
57 20 4
60 19 2
90 73 1
99 98 4
83 76 1
50 18 2
7 77 4
22 68 4
54 63 3
48 41 1
83 9 1
16 88 4
75 14 3
21 37 4
26 37 4
57 46 2
82 63 4
10 23 4
0 88 2
18 59 3
73 69 4
19 58 2
23 12 4
86 27 4
86 8 1
6 4 1
61 22 2
43 54 3
4 79 2
98 69 1
22 81 2
8 0 1
3 58 2
44 47 1
50 58 1
38 77 3
70 43 3
9 7 2
39 85 3
51 90 4
69 38 1
16 3 3
82 80 4
90 69 2
82 79 1
86 26 4
58 29 2
33 5 3
30 19 2
62 87 1
61 49 3
61 24 4
28 56 4
39 1 1
71 83 1
97 27 2
52 42 2
73 65 2
4 37 1
35 52 1
64 38 1
92 11 1
78 42 2
67 94 1
10 1 4
58 80 1
84 95 3
88 85 3
33 20 1
0 34 4
80 35 4
40 93 2
53 30 1
71 50 4
52 5 3
4 87 1
62 70 2
16 80 4
38 61 3
62 77 2
82 26 3
6 41 3
8 87 1
38 33 4
80 93 1
58 72 1
33 15 2
1 8 3
91 62 3
66 55 4
63 17 1
88 2 1
79 59 2
28 83 2
25 26 3
22 25 3
38 54 3
92 16 2
56 79 4
24 54 4
71 46 2
86 66 4
72 60 3
7 89 1
46 40 3
87 90 4
14 12 3
23 79 3
57 91 2
88 49 1
23 33 2
60 70 1
56 23 4
12 10 1
59 93 2
37 74 4
85 56 3
7 15 2
56 75 1
48 90 3
37 19 2
13 42 2
29 36 1
30 0 1
91 28 2
28 76 3
61 81 4
69 77 2
40 44 3
27 9 2
47 19 3
17 77 3
42 47 1
30 12 2
90 84 1
75 73 2
84 40 1
66 15 3
98 84 4
64 18 3
27 87 2
66 80 1
61 86 1
32 36 1
36 13 3
23 41 2
82 25 3
40 59 3
33 50 4
76 88 4
89 60 2
82 28 1
8 88 1
22 15 4
67 79 3
17 13 2
30 90 2
77 70 3
51 84 1
34 17 4
71 56 2
61 89 4
45 46 1
19 84 1
27 29 1
