2475 100
0 57 3
57 68 8
68 39 7
57 50 3
50 72 2
50 61 4
0 84 7
61 26 4
68 97 4
50 11 1
39 89 8
39 70 6
39 76 9
70 7 8
39 79 6
76 12 8
97 32 3
72 87 6
7 45 5
72 40 5
97 78 6
84 13 8
79 85 2
76 36 6
79 92 6
50 99 3
78 55 7
13 88 9
68 47 5
55 23 3
92 21 8
36 74 5
32 15 8
0 71 9
26 10 6
76 31 9
92 82 8
13 9 4
76 1 2
15 69 1
85 64 5
12 22 3
15 41 2
50 77 1
70 18 6
99 93 6
74 3 8
78 52 5
68 33 7
79 80 7
39 49 2
55 73 6
70 65 3
85 90 1
79 6 4
82 63 1
41 2 3
97 8 6
89 91 2
31 46 4
0 51 4
63 4 3
32 67 9
91 56 5
91 34 3
63 86 8
80 59 8
90 58 9
99 53 8
56 29 1
77 83 8
74 81 3
58 37 2
80 62 9
51 16 3
51 96 7
41 54 4
13 17 9
57 75 3
51 30 5
64 35 5
6 24 3
45 20 6
55 48 8
83 66 8
83 27 1
15 60 8
52 42 3
69 38 7
2 19 5
54 94 2
2 98 8
1 5 7
63 14 2
19 95 6
52 43 6
47 44 8
33 25 1
84 28 3
58 65 3
26 4 3
20 10 1
50 25 3
34 27 4
26 47 4
52 19 2
0 36 2
74 17 3
10 62 1
14 81 2
41 99 4
24 58 2
31 58 3
86 14 2
95 80 3
20 13 4
70 44 3
92 72 3
14 65 4
36 22 1
18 29 3
9 28 1
89 2 4
16 84 2
73 57 2
78 86 4
55 31 3
7 56 1
77 98 1
63 84 3
97 67 1
76 51 4
20 52 3
30 1 3
11 9 4
78 37 4
91 48 2
76 53 1
21 73 3
23 0 3
25 93 1
62 19 1
29 5 4
57 48 1
13 93 3
97 87 3
18 28 3
72 71 3
54 69 4
54 89 2
60 92 4
9 84 3
47 71 2
8 52 2
12 57 3
33 21 3
79 84 4
58 13 3
32 16 1
1 8 2
85 1 4
78 46 3
60 2 4
0 50 2
81 52 1
3 78 4
55 6 4
12 47 2
7 73 2
65 27 4
18 89 3
5 96 1
3 25 3
53 54 4
34 90 3
57 43 2
71 2 1
62 38 4
71 62 2
31 68 1
3 49 2
83 21 3
50 33 4
98 65 2
35 63 3
91 81 3
23 70 2
13 92 4
87 62 3
48 81 4
34 57 2
70 6 4
13 98 4
5 14 2
88 86 2
10 92 1
28 21 3
54 45 1
59 56 4
13 59 3
25 76 4
24 66 1
94 33 4
38 15 4
31 36 4
30 77 1
36 67 3
6 78 3
37 18 3
90 41 4
38 77 1
23 6 3
33 72 2
5 31 1
33 22 3
43 0 2
81 34 3
15 94 2
53 77 2
9 54 2
0 28 4
93 65 4
17 56 1
83 5 1
71 69 2
27 50 1
36 49 1
85 0 3
54 76 4
58 78 1
34 31 1
80 65 4
28 30 1
25 81 1
20 16 4
39 54 3
59 40 1
65 11 4
45 68 1
42 81 1
59 87 3
21 30 4
22 14 1
55 3 2
86 64 4
61 84 1
94 35 4
66 27 2
89 78 3
96 98 3
5 44 1
8 17 1
12 60 1
62 63 1
56 11 3
44 95 2
49 83 3
23 84 1
50 6 3
50 63 2
21 17 1
51 47 4
85 35 1
76 98 4
80 41 1
30 68 4
78 50 3
0 9 3
33 54 4
31 15 1
41 50 2
81 18 2
71 57 4
91 17 3
23 80 1
97 21 2
45 14 4
15 68 3
79 75 1
41 40 2
42 12 2
18 86 2
20 85 3
20 70 1
28 88 3
64 3 2
96 71 3
51 61 1
97 38 4
21 5 3
52 93 1
36 41 3
74 4 4
99 89 1
49 93 2
2 8 3
60 4 3
75 40 1
59 41 4
0 49 4
91 59 4
83 58 4
43 8 2
19 93 3
88 34 4
21 15 1
27 91 1
8 19 1
42 59 4
55 27 1
79 24 4
80 64 2
84 66 3
60 16 3
86 85 2
76 16 3
53 88 4
99 55 3
91 33 2
22 77 1
41 14 2
79 62 1
40 31 1
9 97 2
90 35 2
14 11 4
20 38 2
85 37 4
30 8 2
62 24 2
62 6 3
90 52 2
81 78 3
25 13 2
31 61 2
17 81 3
54 85 3
21 62 3
16 11 2
24 52 4
57 19 3
73 88 1
40 83 3
93 27 2
11 32 1
11 26 4
91 76 4
87 14 3
22 5 3
50 20 2
39 58 1
3 16 4
25 20 2
41 32 2
78 33 3
77 89 3
90 91 3
60 10 4
65 99 4
87 31 4
16 53 3
48 59 2
63 48 4
68 65 2
95 40 4
92 74 4
9 71 1
77 49 4
81 63 3
24 32 4
47 10 3
86 46 1
12 14 1
28 10 2
19 9 1
94 5 4
22 86 4
42 20 3
24 88 3
1 44 3
56 76 3
87 53 3
22 64 4
69 63 4
84 26 2
76 99 2
30 23 2
75 39 1
78 68 1
72 56 3
13 28 1
41 39 3
8 22 2
77 17 3
70 51 4
57 67 3
74 88 1
8 47 1
48 39 4
90 62 3
66 36 3
1 25 2
68 96 1
7 51 1
77 88 3
52 56 3
53 18 2
21 79 1
9 85 1
40 4 4
41 52 3
12 46 3
22 53 2
69 77 4
30 96 4
11 31 2
30 57 2
90 10 1
68 35 1
33 18 4
53 23 3
71 63 3
83 33 3
69 58 1
77 21 1
47 64 2
64 10 4
54 87 3
66 51 1
52 99 4
42 47 4
93 46 4
83 95 3
52 1 3
12 70 3
20 54 3
13 71 3
49 63 1
37 98 2
97 23 2
5 88 1
51 91 4
16 69 3
28 12 4
91 73 4
69 62 4
4 53 2
23 4 3
48 87 4
22 62 4
90 65 4
54 22 4
64 4 3
79 41 1
74 99 2
86 30 4
37 67 4
54 23 3
28 99 2
83 19 2
12 39 2
50 82 4
39 93 1
92 40 2
32 76 4
18 57 1
22 38 3
79 58 2
69 32 2
32 8 4
64 99 1
9 46 3
6 19 1
60 49 2
16 44 2
35 78 3
55 21 4
73 59 3
94 34 2
38 12 2
18 51 3
55 95 3
92 14 1
43 3 1
62 26 1
51 11 3
24 80 1
40 45 3
17 64 4
48 75 1
29 12 4
4 69 4
68 41 1
50 15 3
30 4 4
57 23 3
62 12 1
82 58 1
47 66 2
73 27 2
1 17 2
97 72 3
14 9 3
30 38 1
20 76 1
75 26 2
33 38 2
23 7 4
24 20 2
15 4 4
71 90 1
80 0 4
4 67 1
57 26 1
9 91 4
89 45 2
80 74 2
69 12 4
91 87 4
45 0 4
52 54 2
86 55 2
70 71 4
18 32 2
25 30 2
87 1 3
41 38 4
37 68 2
82 20 3
30 13 4
17 89 3
25 43 3
33 74 3
57 69 1
26 43 2
31 71 4
19 3 3
78 27 3
19 17 2
83 62 3
36 21 2
97 62 1
1 3 1
57 60 1
64 55 4
30 24 1
16 58 1
57 5 2
87 40 2
29 82 3
78 87 4
66 76 4
21 71 1
15 44 2
88 78 3
75 25 1
96 77 1
80 56 4
49 62 2
86 68 2
10 50 1
46 17 1
74 82 3
52 55 2
38 94 2
31 60 4
3 42 1
62 52 4
68 16 4
44 35 4
52 88 1
57 58 4
28 85 1
26 38 3
69 85 1
15 84 4
83 25 2
68 0 3
1 77 1
19 47 4
85 48 2
61 47 3
99 77 4
85 87 3
36 44 1
32 91 3
87 28 2
61 12 4
62 29 2
51 33 2
31 49 2
81 72 4
62 65 1
76 93 2
70 11 3
22 11 2
92 27 2
31 28 1
35 98 1
66 99 4
22 44 2
82 23 1
40 46 4
31 64 4
18 73 1
18 55 2
29 97 3
83 2 3
43 60 2
81 56 3
82 36 1
96 39 3
51 90 4
1 58 2
71 65 4
54 3 1
60 72 3
21 47 4
32 19 1
96 81 1
40 93 3
49 41 1
76 55 3
59 99 3
23 81 1
15 0 1
39 72 3
57 40 1
11 67 1
29 90 2
54 44 2
26 20 4
6 26 4
91 80 2
72 53 1
6 22 1
67 26 2
3 63 2
19 37 3
26 89 1
29 66 2
44 30 3
20 27 2
45 61 3
27 38 1
61 43 1
60 27 4
20 40 4
22 92 4
92 76 3
18 16 4
11 61 3
33 28 1
33 97 1
1 75 1
6 69 1
42 80 1
32 29 2
62 45 1
77 82 2
7 96 1
91 78 1
22 32 3
73 56 1
36 71 1
58 60 4
36 23 2
98 3 4
60 54 1
53 71 1
70 57 1
89 28 2
52 61 2
52 23 2
94 63 2
92 46 3
42 93 3
16 74 2
29 19 4
14 43 1
88 11 3
12 78 3
8 25 4
91 20 4
33 79 3
22 75 2
89 65 4
94 73 3
60 61 1
52 29 4
71 94 4
48 70 2
57 27 2
90 86 4
33 52 4
4 98 3
73 69 1
66 26 3
76 73 3
37 10 4
17 53 3
7 57 4
72 48 4
70 77 4
64 41 3
79 99 4
73 80 1
18 80 4
26 98 2
34 48 2
39 25 2
93 50 4
16 86 4
38 17 3
68 62 1
40 63 1
56 67 4
22 76 3
47 39 2
11 43 1
85 95 2
62 96 4
40 37 1
80 99 2
72 62 1
49 98 2
64 60 1
83 94 4
71 92 2
77 86 4
4 31 2
84 18 1
66 80 4
88 60 1
73 54 4
12 25 3
63 44 3
82 25 2
92 94 3
10 56 4
84 12 1
28 66 2
44 67 2
84 56 3
72 20 4
0 25 2
61 16 4
16 83 1
30 59 2
4 16 3
78 79 3
60 53 4
75 63 4
53 45 1
84 94 3
89 56 1
5 79 1
83 13 3
67 68 4
65 21 4
93 10 3
97 16 4
21 61 1
64 92 2
24 26 4
47 83 2
20 83 1
80 60 3
98 9 2
26 34 4
65 97 4
40 0 2
59 22 3
82 70 2
2 18 2
75 81 1
95 76 4
23 75 3
81 31 3
70 14 1
50 43 4
90 21 3
92 20 4
8 78 4
6 93 4
49 43 4
32 50 2
12 55 3
59 77 2
49 34 3
5 11 2
64 68 3
47 87 2
63 91 3
58 18 1
6 57 3
54 72 2
62 53 3
50 45 3
27 79 1
31 72 4
81 68 2
58 94 4
71 89 1
57 89 2
20 48 3
7 44 3
66 10 4
23 31 3
6 86 2
53 9 1
88 91 4
59 16 3
66 61 2
63 67 3
28 8 2
9 2 1
68 1 4
91 13 3
19 1 1
41 95 3
24 75 1
68 17 4
98 52 4
43 91 4
46 58 4
2 17 1
12 45 4
31 92 4
68 44 3
65 20 2
76 17 4
33 29 3
83 60 1
99 31 2
7 3 3
75 99 2
24 57 3
63 77 1
88 94 1
4 70 3
37 94 2
85 7 2
93 97 3
26 25 2
54 11 1
28 47 3
80 40 3
8 63 1
36 60 4
65 33 3
47 98 4
81 20 4
65 35 3
6 8 2
73 53 1
64 19 4
95 78 4
4 36 2
59 72 3
26 80 4
88 56 3
95 2 4
97 88 2
98 71 1
22 58 4
48 64 4
63 97 3
40 85 3
14 0 4
23 14 4
55 62 1
37 22 2
62 64 1
53 65 1
27 87 4
57 87 2
79 63 4
63 0 3
4 59 1
83 87 4
44 25 1
38 93 3
66 52 2
48 93 2
67 5 3
91 45 2
97 18 2
44 8 1
85 11 2
5 65 2
43 21 3
73 78 3
97 10 1
47 18 3
15 92 1
85 70 3
81 54 3
43 70 4
38 46 4
0 59 1
24 96 4
55 25 4
28 65 2
90 26 4
7 5 3
4 25 4
25 98 2
2 93 4
45 75 3
78 63 1
78 30 4
52 21 3
9 4 3
11 7 2
2 76 1
70 21 1
49 59 2
72 61 4
30 67 3
49 65 4
91 42 4
62 7 3
37 72 2
65 4 1
1 15 4
59 61 4
37 46 2
59 89 1
81 40 4
20 21 4
11 86 1
19 4 1
51 29 4
32 30 3
15 47 2
79 10 2
73 84 2
7 53 3
37 35 1
16 65 2
58 63 1
45 80 3
42 35 2
72 16 3
6 15 1
8 62 4
99 70 3
24 49 3
37 77 4
30 56 4
75 37 4
78 1 2
70 16 2
96 60 3
64 89 4
66 90 4
6 4 1
53 93 3
59 71 2
92 96 2
36 3 1
9 43 1
44 71 3
44 41 4
27 46 3
22 63 1
31 89 1
30 16 4
8 61 4
69 35 4
79 57 2
21 42 2
54 43 4
55 60 3
75 34 1
83 35 4
65 17 4
75 73 2
58 59 3
80 71 3
0 99 2
6 65 2
5 48 1
46 41 3
79 42 1
44 82 4
78 67 3
82 39 1
75 2 1
33 30 4
81 97 4
66 62 3
52 18 4
22 29 2
24 43 2
24 22 4
96 3 1
74 29 3
63 85 1
30 64 1
94 60 2
15 78 4
48 28 1
23 93 4
73 5 2
11 96 3
25 90 1
58 67 3
21 50 1
71 78 2
72 46 1
85 36 3
82 94 2
89 72 1
42 28 4
13 3 2
43 92 2
57 51 1
66 8 2
64 51 2
1 31 4
45 24 1
89 68 1
10 7 2
30 60 4
82 75 4
33 71 4
15 28 1
30 99 2
9 26 1
95 66 4
61 89 2
17 60 4
76 60 4
48 53 4
72 82 4
45 21 1
40 66 4
48 21 1
22 45 4
37 13 3
62 74 2
25 47 1
89 8 3
77 51 3
58 73 3
32 14 1
76 21 2
74 47 1
30 41 3
75 29 4
69 14 3
4 22 4
36 29 1
8 82 2
70 27 1
69 26 1
57 98 3
10 19 2
22 18 4
34 84 4
16 33 4
42 45 4
73 31 3
20 15 2
71 5 1
16 78 1
61 13 2
29 13 4
98 31 1
58 97 2
17 63 3
5 25 2
87 94 2
69 55 3
87 25 4
22 51 3
82 60 2
99 85 3
78 74 2
76 5 3
0 53 3
41 53 2
20 43 1
77 26 2
88 41 4
69 90 3
95 47 4
23 35 1
24 40 4
15 42 4
55 83 4
21 82 1
27 43 2
1 70 1
41 76 1
15 10 3
52 70 3
47 0 1
47 13 2
43 29 4
1 80 4
38 70 1
17 40 3
2 0 4
68 50 3
7 4 2
49 11 1
94 72 1
47 52 2
60 56 1
61 5 3
2 7 1
61 65 4
92 12 1
19 20 1
10 4 1
53 36 3
27 59 2
0 30 2
28 86 2
60 78 3
45 37 1
63 16 1
49 33 4
74 49 4
32 87 4
46 90 1
35 53 4
10 54 2
76 71 3
44 18 2
42 92 3
77 76 1
96 12 2
18 94 1
80 43 3
28 74 3
39 98 3
28 95 1
78 76 2
96 31 1
25 19 4
47 1 2
88 40 1
20 33 1
21 94 3
82 35 1
19 16 4
26 32 3
51 82 3
80 4 4
37 23 3
3 84 3
36 45 1
36 50 4
97 95 1
89 40 2
3 17 4
69 10 3
10 85 1
96 95 3
64 93 2
30 12 2
90 89 1
93 89 2
88 99 4
26 8 1
52 82 4
92 85 1
77 93 2
27 67 2
64 27 3
26 0 4
16 24 3
2 62 2
42 60 1
72 76 1
6 47 1
39 92 3
68 91 3
50 2 3
58 68 2
99 87 1
47 36 4
3 53 2
88 84 1
14 58 1
38 49 3
48 83 4
13 51 2
37 48 2
53 68 1
83 80 3
24 2 1
78 96 3
6 87 2
89 1 4
19 71 4
27 41 4
91 67 1
14 72 2
1 49 4
67 98 1
15 81 3
18 25 4
21 0 1
69 47 2
92 87 1
31 94 1
85 32 2
65 86 4
7 52 4
62 27 3
77 79 3
12 4 3
53 84 4
73 98 2
73 29 1
84 76 1
27 98 3
54 64 1
21 6 4
22 95 2
24 98 3
27 63 3
19 96 2
50 40 3
44 50 2
14 20 2
12 95 1
61 73 4
95 39 3
59 20 1
95 87 1
34 40 1
38 32 3
81 80 2
97 11 3
72 22 1
36 96 4
5 37 1
30 35 3
94 20 2
23 3 4
56 57 1
71 64 4
86 13 2
41 3 1
95 56 3
68 4 3
50 23 3
2 33 1
15 49 4
93 55 4
77 20 2
24 91 4
31 80 3
45 59 4
2 55 1
99 49 3
91 39 4
2 88 2
39 2 2
67 53 3
86 43 4
40 98 2
56 62 4
67 55 1
74 58 4
88 6 4
14 19 2
24 15 1
17 4 3
78 43 4
95 99 3
34 62 1
43 34 3
88 54 2
30 27 3
67 47 4
93 36 2
10 89 1
71 83 2
28 16 4
24 71 4
14 68 2
84 11 2
76 40 1
57 44 3
24 31 1
85 75 3
22 60 2
9 8 1
59 68 2
23 2 1
30 5 4
99 61 3
3 47 3
79 88 2
88 38 1
43 63 4
28 39 2
16 10 1
39 44 4
89 30 4
11 76 3
24 51 4
28 27 3
57 90 1
71 75 2
55 0 1
23 86 3
42 0 1
52 87 1
36 78 4
52 22 1
29 46 4
51 86 4
44 97 2
74 51 4
78 66 1
94 85 2
10 33 3
6 99 3
4 46 2
88 14 3
85 76 3
56 16 3
86 70 3
63 42 1
99 48 2
15 93 2
39 94 4
98 93 3
98 64 4
99 86 3
44 51 1
72 36 4
82 49 4
90 50 3
2 4 1
38 64 1
74 27 4
78 42 4
77 33 3
79 73 4
3 67 4
86 98 1
61 27 1
61 69 1
77 75 2
48 88 2
50 75 2
94 91 2
26 85 4
57 72 3
87 49 1
92 24 1
78 20 4
6 16 4
60 75 4
70 13 3
80 13 1
5 6 4
97 0 4
94 78 3
4 1 4
3 12 2
62 99 4
62 93 1
24 67 3
24 63 1
65 64 4
6 59 3
31 37 3
30 15 2
74 60 4
88 69 3
28 59 3
42 85 1
30 46 2
48 89 3
38 73 3
40 42 3
73 62 1
1 9 4
24 21 4
90 80 1
31 14 4
14 51 2
84 31 4
48 6 4
24 0 2
34 95 3
24 17 4
40 8 1
33 15 4
51 59 1
41 4 4
37 32 4
82 91 3
2 12 2
53 31 1
97 15 1
59 15 1
19 43 2
37 79 3
4 76 4
87 18 3
70 80 3
81 16 1
33 67 4
97 13 4
36 25 3
41 92 4
44 72 4
81 43 3
87 15 2
20 49 3
47 20 1
67 83 4
13 39 2
88 68 2
95 32 2
47 99 3
35 60 1
17 27 3
18 38 1
69 67 3
18 79 1
93 7 2
44 77 3
88 93 3
3 0 3
38 80 2
48 68 3
65 2 2
46 91 4
55 68 4
7 67 4
20 97 2
54 93 3
79 25 2
26 60 1
15 40 2
68 70 3
44 26 4
76 79 4
25 97 1
81 79 1
11 20 1
21 38 4
46 45 3
45 63 1
33 40 1
29 0 2
23 88 1
79 9 2
23 11 4
79 20 3
47 84 4
35 40 2
51 54 2
11 24 4
87 43 2
90 6 2
9 96 4
47 70 2
97 30 4
13 14 1
21 81 4
92 73 3
3 14 4
20 51 2
34 1 4
45 87 4
19 99 2
57 21 1
9 41 3
77 52 1
23 41 1
61 54 4
8 34 1
58 45 4
37 88 3
99 4 1
98 50 2
42 30 4
63 54 2
99 68 3
97 35 3
74 75 2
89 86 1
54 59 3
47 86 1
30 75 4
90 76 1
39 57 3
5 91 2
88 61 4
96 21 4
69 33 1
82 76 1
93 82 3
6 28 4
68 23 3
3 68 4
17 99 2
37 64 4
31 70 3
37 44 4
32 6 2
86 93 2
97 91 1
18 92 1
13 0 4
8 42 4
78 18 3
40 21 2
4 92 3
5 72 1
92 78 2
36 80 1
41 56 1
65 40 2
71 6 3
22 7 4
75 59 2
8 54 4
84 50 2
82 10 3
90 87 2
51 25 3
87 22 2
46 24 2
58 50 2
78 72 4
80 63 2
49 85 3
74 23 1
55 74 4
78 11 3
51 35 3
63 87 3
87 17 3
72 75 3
75 92 4
66 12 1
91 3 3
14 18 3
55 8 2
62 50 1
43 35 3
26 79 3
68 12 4
0 11 2
69 23 3
17 86 1
16 89 2
66 85 4
20 75 1
72 29 3
72 28 2
62 48 2
79 38 4
59 62 2
58 25 1
44 65 4
23 59 4
60 86 4
40 38 1
80 50 3
89 22 2
61 10 1
85 34 4
23 22 1
66 23 2
52 10 2
31 79 3
17 31 3
46 39 1
25 45 4
41 8 2
95 61 1
15 82 3
24 87 1
50 66 4
26 13 3
96 54 2
25 27 3
89 63 3
30 18 1
24 78 1
9 35 1
57 83 1
64 2 1
85 38 1
98 46 4
53 86 2
75 17 2
31 74 4
26 58 4
19 30 1
57 66 3
89 67 4
17 47 1
73 70 1
21 95 3
13 21 3
13 54 2
61 82 3
22 84 3
84 91 3
60 1 4
62 1 1
50 5 3
48 43 2
78 19 2
2 47 4
49 86 4
35 91 2
93 0 3
26 56 3
35 66 1
21 4 3
33 14 3
57 29 2
68 34 1
38 87 1
50 39 1
41 17 3
80 14 3
54 77 4
10 65 3
10 53 4
18 15 2
71 4 3
68 27 2
45 76 2
49 45 3
42 26 2
99 94 4
75 68 3
61 90 4
12 82 1
19 50 4
70 87 1
35 38 1
67 72 3
53 52 3
54 90 3
57 4 1
69 0 3
78 28 4
66 15 4
33 70 4
69 21 1
92 5 3
22 25 1
22 94 1
51 49 4
50 47 2
5 52 1
94 19 1
61 3 1
3 80 4
12 27 1
23 24 2
33 85 2
18 21 4
24 90 3
62 51 4
67 14 3
10 13 1
44 62 2
43 7 3
42 98 3
19 56 2
17 26 2
32 40 3
81 82 4
59 55 1
6 39 4
74 41 1
78 49 1
73 64 3
24 69 4
29 3 2
90 82 3
5 89 3
29 11 2
82 67 1
54 71 3
32 20 3
21 86 2
46 48 4
88 19 4
28 76 1
30 29 4
79 52 3
83 61 2
4 81 4
96 75 2
87 73 4
4 52 3
76 87 4
20 9 2
74 2 1
73 44 2
88 49 2
6 94 3
49 16 3
81 62 4
19 42 4
33 6 1
69 3 1
52 0 4
92 17 1
84 86 1
80 88 2
61 17 1
96 34 1
86 52 4
10 67 4
38 45 4
43 31 3
96 93 1
45 57 2
88 57 2
9 74 1
48 19 1
98 16 1
12 54 2
17 52 4
45 47 4
74 21 1
16 90 3
83 91 3
32 54 2
95 9 3
76 3 2
79 7 2
78 17 2
4 48 3
15 83 3
82 40 3
27 94 1
18 56 4
6 38 4
70 22 2
38 86 4
7 90 4
12 31 3
67 93 4
41 35 4
92 97 3
82 6 1
15 85 4
20 8 4
80 25 2
72 11 3
95 98 1
72 43 4
41 57 4
58 66 3
62 46 3
87 66 4
65 84 4
14 55 3
8 23 3
65 47 2
5 36 2
50 56 2
10 71 2
17 51 2
65 76 3
21 19 2
81 90 4
62 92 4
99 3 1
7 6 2
98 66 3
35 0 1
41 91 2
87 30 4
99 98 3
55 49 4
9 59 2
63 61 1
83 10 2
87 9 2
45 6 2
84 2 4
93 84 2
89 25 3
91 53 4
96 57 1
47 94 1
65 88 4
46 83 4
80 49 3
82 18 4
27 58 1
29 49 3
57 13 3
4 56 3
39 32 2
11 39 3
49 42 2
39 0 4
64 82 2
83 14 1
99 14 4
93 66 1
68 80 2
83 12 2
9 50 2
91 86 3
87 44 2
17 48 2
67 39 2
57 49 4
19 26 3
42 55 3
27 85 3
46 7 3
18 65 1
32 10 3
42 18 3
15 17 3
86 2 1
21 56 1
74 90 4
86 10 4
98 53 3
16 77 2
95 74 3
59 74 4
85 24 1
41 61 4
24 19 2
34 17 4
27 45 1
0 48 1
58 23 1
32 73 1
44 23 4
86 61 4
69 46 1
3 71 2
66 45 2
34 74 3
51 38 3
67 19 3
70 94 2
10 42 2
17 16 1
20 28 2
63 74 4
71 17 2
9 61 2
3 30 4
22 99 3
75 4 2
53 8 3
42 95 3
49 72 4
89 83 3
23 62 3
78 85 2
95 65 4
38 9 1
31 22 1
17 18 4
37 16 1
28 68 2
7 19 4
51 46 1
24 25 2
76 59 3
66 64 2
51 50 1
62 16 4
32 17 2
99 63 1
55 40 2
86 15 1
31 38 2
54 70 1
0 70 1
20 99 2
8 77 3
24 13 4
39 4 3
5 84 1
87 26 1
95 59 4
39 18 1
3 26 1
28 35 2
43 90 2
33 4 3
0 91 1
65 32 3
15 39 4
82 84 2
63 92 4
64 13 2
21 39 4
28 51 1
73 51 4
94 36 3
51 88 1
55 34 4
34 93 3
88 35 1
24 60 3
91 99 1
63 65 2
44 90 4
59 11 2
89 94 4
79 64 1
8 88 1
34 25 1
41 5 3
7 17 1
72 63 1
74 13 3
27 21 3
83 7 3
76 15 3
94 98 2
83 29 2
87 3 1
17 80 2
86 35 2
51 6 4
13 34 3
31 82 3
92 70 2
5 69 2
51 10 1
60 13 1
93 17 3
98 63 4
11 53 4
10 49 2
10 75 2
74 73 3
96 45 4
60 65 3
64 42 1
70 26 2
52 27 2
7 15 3
25 99 2
78 26 2
7 89 3
92 30 4
35 67 2
12 40 1
56 46 2
22 39 4
5 2 4
56 48 4
80 37 4
96 40 2
39 60 2
6 27 3
52 83 2
12 36 1
25 61 2
45 2 1
67 60 4
60 14 2
24 54 3
57 93 2
4 32 3
45 34 3
14 78 1
29 35 2
61 49 3
17 14 2
50 86 2
93 35 1
54 4 4
55 35 2
26 40 1
79 71 2
45 72 4
86 87 1
24 68 3
4 24 3
38 29 1
82 56 2
66 86 1
96 42 2
27 33 4
85 96 1
58 61 3
43 51 1
20 58 2
64 96 4
35 18 1
61 75 4
13 52 3
8 71 3
52 74 2
46 53 4
59 5 1
80 30 1
36 19 1
71 43 1
63 11 4
85 59 1
53 90 2
96 86 1
79 68 2
43 74 3
46 0 4
83 39 4
20 1 1
81 85 3
81 46 1
23 21 3
29 15 1
2 21 4
49 17 4
83 81 3
15 12 1
21 35 2
4 50 2
39 64 3
34 82 2
97 99 3
61 94 2
95 68 3
40 77 2
97 34 1
37 91 1
43 17 2
21 31 2
53 75 3
15 9 1
79 95 1
65 8 2
58 43 2
87 4 4
51 95 3
83 84 1
28 4 3
58 85 4
64 91 1
2 28 4
12 74 3
51 2 4
92 99 4
90 20 2
37 62 4
18 40 2
84 68 3
82 80 1
23 63 4
15 55 4
16 2 4
66 30 3
50 48 1
7 65 4
39 33 3
57 10 3
22 67 2
89 60 1
6 14 3
60 70 3
18 4 1
55 91 4
2 43 4
14 56 4
40 25 2
78 56 3
35 81 2
24 73 4
67 95 4
38 92 3
40 73 2
68 38 3
86 4 1
7 26 2
38 96 3
83 22 3
94 52 3
95 73 2
74 66 3
25 23 2
25 48 1
76 96 3
79 11 4
15 35 4
61 67 4
30 11 4
44 55 4
70 46 4
92 95 1
75 70 3
14 7 4
67 20 3
78 25 3
10 63 2
79 98 2
5 34 1
37 89 4
91 47 3
10 38 1
94 62 1
20 73 3
28 44 1
22 3 3
44 31 4
58 5 1
81 98 1
76 97 1
50 7 2
62 70 1
95 89 2
12 43 2
91 54 1
69 75 4
39 97 4
77 13 4
55 97 1
46 79 4
0 95 1
58 34 1
18 77 2
28 24 4
72 52 1
43 18 4
56 85 3
46 57 3
22 17 3
44 45 4
68 76 3
49 90 4
11 95 4
87 64 2
2 22 2
57 25 1
78 22 1
66 70 3
95 70 4
13 15 4
4 96 4
89 15 1
76 24 4
90 9 1
95 8 3
83 44 3
43 89 4
61 6 3
92 84 2
39 10 1
57 95 2
57 52 4
65 15 3
11 83 4
60 29 2
1 36 3
55 63 3
50 71 3
84 85 4
12 52 2
33 8 2
34 78 1
99 69 2
32 63 4
81 3 4
72 55 2
34 16 2
42 53 3
19 39 4
39 56 4
1 38 1
38 2 4
19 31 2
76 18 2
35 49 3
64 77 2
52 85 1
75 0 4
35 26 3
18 13 2
33 73 1
1 74 3
17 90 4
11 12 2
89 92 3
83 36 1
99 83 3
87 0 2
18 48 1
10 95 2
65 50 4
73 93 2
48 77 4
25 54 2
89 81 2
17 50 1
53 39 1
45 86 4
91 18 4
31 47 2
31 18 2
59 94 3
60 63 1
64 88 2
65 1 4
59 90 1
23 51 1
33 57 2
16 45 1
19 91 1
61 91 1
96 29 3
84 46 3
27 42 1
80 77 2
23 40 2
12 51 4
84 60 1
37 12 3
69 45 4
48 7 3
51 65 2
42 54 1
72 1 2
6 13 3
22 46 4
97 40 2
40 27 1
6 60 3
72 80 1
17 96 4
77 19 3
0 79 2
68 69 2
32 96 4
37 61 3
32 25 3
24 37 1
32 98 1
26 28 2
79 70 1
80 58 3
52 15 2
29 44 3
38 67 4
97 89 1
35 12 3
45 71 3
90 98 3
0 8 4
54 34 1
30 26 3
99 1 2
47 60 3
77 91 4
69 19 2
43 88 2
33 47 1
8 58 2
51 1 4
12 75 4
29 76 1
99 7 1
18 45 4
3 11 3
73 52 1
56 23 1
32 79 1
50 49 3
28 36 2
86 79 1
71 74 3
36 35 1
52 2 4
19 40 3
63 68 3
96 14 3
19 72 3
80 27 2
6 73 2
42 29 1
65 46 1
17 98 4
79 3 2
90 37 2
37 6 2
75 42 1
53 92 3
43 6 1
35 89 3
99 34 2
79 65 1
8 21 4
1 11 4
78 13 4
8 72 1
93 16 3
89 0 3
72 85 1
53 30 1
85 50 3
91 96 1
85 4 3
66 20 1
39 16 4
66 88 3
81 86 4
29 85 2
26 76 2
1 61 1
82 33 1
91 31 1
32 46 4
40 69 4
72 88 2
35 80 2
44 10 4
83 78 1
58 51 3
9 70 3
21 53 2
6 83 3
10 46 3
1 24 1
36 34 1
65 22 2
67 87 1
36 77 1
58 76 3
83 28 4
71 14 1
76 94 3
40 48 3
78 82 4
58 32 2
77 95 2
53 50 2
93 22 2
92 50 4
87 12 3
64 0 1
85 89 3
71 25 4
47 58 4
49 9 3
52 34 1
39 40 3
50 95 2
51 80 4
13 89 3
75 9 3
82 69 4
50 14 1
74 67 3
39 66 4
30 9 1
65 34 1
48 33 3
80 93 2
80 85 1
56 77 3
64 49 2
5 80 2
22 16 3
77 15 4
9 10 4
7 49 4
32 68 2
19 22 4
53 61 4
8 57 2
7 38 1
76 7 3
59 63 1
29 91 1
89 58 3
89 66 3
93 33 2
2 58 3
86 48 2
33 75 2
74 20 4
96 55 1
60 38 3
37 11 4
74 30 4
38 95 2
28 57 2
10 36 4
37 0 4
79 94 1
58 21 4
44 14 2
91 62 3
6 74 2
54 75 3
35 72 1
18 36 3
63 41 3
84 74 3
86 19 4
7 12 2
92 58 3
91 22 1
15 5 4
64 63 3
90 64 4
2 35 4
29 9 2
21 68 1
59 24 3
33 99 3
79 12 1
76 8 4
30 40 4
63 2 2
29 21 4
75 94 3
81 73 1
98 11 3
5 95 1
32 52 1
1 46 3
8 98 4
71 86 1
69 86 2
72 47 1
47 89 4
70 37 1
11 18 1
18 8 1
70 64 1
56 69 4
47 43 2
44 40 2
56 64 1
60 71 4
6 3 4
43 44 3
99 15 3
6 20 1
36 95 2
40 7 4
36 40 3
17 66 3
29 63 4
23 42 3
27 71 3
38 24 2
11 93 2
53 29 1
26 41 4
78 90 4
22 96 3
76 69 2
85 60 2
66 19 1
32 43 2
13 90 3
85 12 3
63 33 3
