2475 100
0 83 5
83 27 6
0 85 5
0 9 2
9 68 4
83 64 8
83 63 5
0 77 8
83 11 3
9 45 4
64 60 5
77 79 3
27 74 4
83 7 1
79 33 2
64 70 2
70 98 2
27 49 3
63 31 5
0 55 6
27 65 8
77 51 4
77 56 7
9 2 7
56 99 2
79 89 3
7 14 2
7 72 7
27 54 4
7 39 9
79 82 1
55 25 9
63 48 4
99 15 8
70 92 5
56 30 5
83 76 5
65 28 9
99 47 3
98 80 6
65 36 3
85 16 4
85 95 9
7 66 6
30 3 9
95 62 6
30 69 4
0 21 1
55 87 5
31 32 1
77 37 1
47 86 1
3 67 1
14 44 1
47 29 1
30 4 8
3 84 5
16 42 7
11 50 2
30 78 9
0 94 4
94 24 9
76 12 9
99 52 3
28 18 9
83 71 7
64 61 5
51 93 1
56 81 8
12 34 5
30 41 6
25 73 5
24 23 7
71 26 4
14 43 5
84 40 1
3 8 1
21 88 8
73 1 4
43 97 6
40 35 1
86 46 8
88 5 7
30 22 8
39 53 7
26 90 3
43 38 5
36 20 2
18 6 5
30 96 7
16 91 2
62 10 3
88 17 8
66 19 4
1 58 4
16 13 2
35 59 8
93 57 3
68 75 4
0 64 2
14 8 3
98 2 3
40 45 3
63 15 2
62 45 3
28 99 4
31 56 3
56 92 3
59 47 4
26 13 2
25 17 3
31 23 2
78 14 4
47 48 4
4 2 4
26 92 4
78 71 2
21 42 2
65 4 4
40 16 1
60 21 2
87 75 4
67 88 2
63 77 1
64 73 3
62 9 4
55 47 2
96 74 1
96 40 4
65 97 2
69 45 4
33 84 2
19 81 4
98 28 2
52 46 4
61 21 3
23 21 2
62 20 1
19 63 3
27 37 4
62 81 4
56 73 2
62 68 4
20 58 3
54 61 3
71 18 1
34 86 4
0 35 3
88 75 1
49 45 4
66 40 4
70 33 1
37 92 4
95 93 4
43 2 2
24 21 1
90 50 1
15 20 4
99 34 1
24 11 2
26 83 3
34 5 3
54 60 1
78 46 2
43 25 1
81 86 4
39 98 3
90 93 3
92 16 2
44 60 1
5 92 2
14 62 2
30 85 1
17 23 1
54 29 3
46 80 1
46 39 1
28 57 1
79 29 3
47 70 3
52 21 1
1 94 1
8 9 4
58 69 1
5 23 3
40 90 4
42 54 1
22 65 3
96 8 3
10 99 1
22 25 3
25 14 4
38 83 3
4 45 4
45 2 4
3 59 3
58 25 2
3 91 3
91 81 2
67 85 3
34 26 4
17 18 2
17 81 2
1 31 2
95 24 3
47 7 1
3 7 2
82 3 3
90 51 2
26 87 2
39 56 3
85 56 1
17 6 2
88 40 4
73 59 1
18 53 1
39 27 2
6 70 4
29 57 1
18 94 1
90 27 3
46 11 2
54 79 4
27 19 4
10 32 3
80 22 3
88 91 2
35 54 1
10 34 1
51 46 4
60 58 1
32 19 2
0 30 4
62 50 1
59 10 4
31 42 3
6 5 4
5 90 1
22 11 2
2 66 3
6 97 4
15 86 1
96 35 1
4 25 1
45 98 4
54 77 3
47 33 1
52 44 2
85 37 2
19 99 3
44 20 3
72 51 4
20 33 1
9 49 3
39 63 4
35 74 2
61 13 2
29 19 1
85 15 1
65 57 1
33 80 1
50 40 2
60 90 2
61 47 2
98 77 4
70 81 1
38 85 4
98 26 3
11 85 4
56 60 3
65 89 1
47 27 3
9 32 1
54 96 3
19 15 2
88 2 3
63 33 3
59 5 3
85 26 2
42 37 2
78 50 1
2 95 1
15 73 4
52 37 4
27 88 1
98 51 2
0 74 2
20 46 3
98 85 2
61 56 2
5 72 1
5 13 2
13 42 1
16 63 3
36 31 2
21 40 1
24 91 3
54 44 3
63 4 4
81 4 1
77 58 4
45 24 1
13 60 4
79 20 4
49 33 1
95 83 3
61 15 4
62 80 2
84 16 3
62 91 1
71 25 3
51 23 1
95 63 2
55 59 3
87 58 4
17 86 1
22 92 2
22 55 4
56 66 2
97 25 3
64 62 4
23 96 4
94 26 3
43 99 4
97 7 3
30 52 1
41 10 3
38 29 3
73 47 1
46 54 4
69 48 4
18 24 4
50 43 2
48 74 2
41 7 2
44 31 4
49 44 1
73 79 4
14 33 3
94 21 3
94 11 4
2 82 2
40 3 2
15 2 3
29 74 4
1 88 4
77 44 1
13 49 4
51 57 3
45 30 1
1 9 2
10 24 2
48 34 2
22 36 2
33 52 3
84 97 3
5 63 3
72 47 2
23 95 3
76 81 2
45 3 1
83 10 2
90 17 3
73 81 1
31 52 4
39 14 1
80 69 4
49 46 2
41 61 2
12 13 1
29 82 3
78 82 2
85 61 2
30 95 1
58 42 4
92 77 4
44 21 1
92 59 1
65 63 4
70 71 1
8 19 4
57 23 1
65 6 4
51 7 1
48 93 2
28 43 2
99 48 3
90 72 1
99 14 4
50 88 2
83 90 2
5 81 2
15 94 3
33 58 3
93 22 4
30 63 1
9 42 1
24 99 4
15 97 1
92 34 3
53 70 3
6 66 4
60 85 3
95 77 4
15 3 2
89 85 1
36 24 3
88 90 4
49 56 3
22 0 2
73 74 2
27 46 3
29 20 1
18 45 1
64 92 4
28 73 2
32 51 4
77 33 1
21 6 4
27 61 2
32 67 1
63 70 4
51 79 2
24 46 4
72 69 1
4 6 1
0 43 2
22 20 4
70 18 1
17 35 3
86 79 1
68 88 4
97 48 3
13 32 4
71 21 3
17 59 3
19 21 1
14 52 2
62 5 3
44 34 3
76 56 3
34 23 2
26 24 3
6 93 1
26 89 3
93 61 2
34 83 2
36 71 1
81 58 3
72 86 2
73 53 2
40 36 4
32 5 4
29 39 4
99 40 2
26 12 2
77 35 3
28 49 1
55 27 4
87 76 4
91 46 4
45 56 3
98 76 4
3 56 2
77 93 1
54 0 3
7 79 1
67 34 2
51 2 3
31 10 4
66 29 4
13 24 2
32 96 1
16 43 3
37 17 3
73 61 1
98 79 2
98 38 3
61 32 2
88 38 4
82 83 4
89 50 1
93 40 1
52 3 2
5 97 1
87 0 4
33 95 4
47 84 2
66 30 1
58 68 1
39 62 1
74 76 2
80 89 1
34 76 4
30 60 1
67 63 4
81 57 4
29 68 3
30 58 1
47 96 3
86 89 1
55 5 1
41 13 2
63 14 2
70 94 1
0 17 1
36 44 3
98 92 4
30 91 3
55 98 2
55 85 2
82 1 1
75 63 1
17 27 4
79 26 3
55 57 2
71 57 3
9 56 3
27 21 3
78 83 4
68 85 2
56 38 3
15 18 3
32 83 4
44 40 2
28 82 1
55 37 4
84 27 3
44 97 1
92 7 3
23 83 1
34 4 2
56 19 3
9 72 3
9 89 1
61 96 4
11 78 4
66 80 3
89 12 2
18 67 3
98 65 3
0 81 3
2 84 1
83 21 4
80 28 3
58 84 3
0 18 4
90 10 4
7 40 3
7 35 3
48 52 4
53 74 2
5 46 3
92 95 2
53 89 4
60 84 4
59 69 1
70 74 4
5 67 2
79 37 3
27 87 2
6 81 3
87 92 2
84 28 2
25 40 3
26 20 1
67 56 4
91 13 2
97 80 4
9 54 3
7 2 1
39 48 1
45 42 3
9 67 2
4 66 4
11 5 4
29 28 4
22 29 4
25 34 3
39 12 1
10 92 2
42 53 3
41 50 4
49 58 3
67 81 4
91 7 4
47 20 4
31 22 3
61 92 4
97 73 4
55 81 2
71 8 4
82 0 3
28 4 1
14 95 1
93 17 1
42 32 4
29 1 3
93 29 3
12 87 4
68 28 3
48 92 1
41 70 2
95 48 1
26 88 1
69 77 1
69 92 3
39 94 3
42 77 4
60 97 1
0 31 2
43 75 1
66 60 1
11 57 2
9 20 4
68 0 2
13 4 3
30 54 3
63 90 1
85 1 4
66 18 1
59 31 4
35 4 1
85 10 3
22 5 4
52 57 4
1 20 3
12 21 3
10 29 1
26 69 4
78 19 2
21 4 1
20 85 3
45 66 2
80 32 4
7 33 4
39 8 4
19 46 3
33 97 2
96 25 2
5 25 1
31 76 4
74 60 3
80 56 2
66 16 1
39 17 1
83 92 2
91 51 3
30 24 1
90 70 1
66 96 2
97 36 1
64 13 4
25 42 1
65 15 4
99 66 2
7 85 3
67 52 2
68 96 3
82 88 4
40 81 3
98 73 2
73 8 2
27 86 3
1 6 4
50 73 1
54 80 2
59 54 2
77 74 4
39 65 2
44 51 3
38 23 4
75 17 1
30 17 1
9 52 3
53 22 1
44 74 2
31 58 3
84 46 3
64 29 4
25 33 4
87 62 2
72 25 2
2 57 2
49 31 3
56 96 2
4 96 4
28 70 4
98 64 2
73 43 2
58 79 2
94 29 4
22 70 3
87 43 4
57 69 1
43 84 2
56 42 2
74 1 4
70 89 1
92 55 2
6 26 1
61 43 1
75 79 4
55 3 2
51 71 4
83 55 1
55 94 4
13 17 1
63 21 2
93 24 2
91 37 3
23 30 1
8 48 3
9 27 1
94 69 1
15 79 4
9 55 3
11 75 1
66 48 3
99 61 2
10 64 2
61 86 4
58 21 1
60 95 3
54 78 4
55 42 4
0 58 3
41 94 3
5 12 4
57 40 4
21 87 4
27 63 2
56 91 3
67 53 2
62 1 2
47 45 4
21 22 2
82 93 1
48 91 1
18 19 2
19 35 3
90 53 3
81 38 3
58 27 3
97 55 2
68 30 3
21 7 4
38 53 3
75 70 1
96 88 1
6 38 2
23 89 3
1 0 1
5 14 2
98 37 3
48 0 1
96 79 2
25 20 2
40 46 4
27 5 3
59 49 3
54 25 4
95 40 3
39 1 4
18 13 3
2 55 4
24 96 3
65 94 3
7 13 4
56 88 4
91 78 1
40 61 1
48 5 1
16 38 1
96 36 3
77 45 3
74 47 4
98 50 1
35 15 2
91 74 1
20 19 2
15 30 1
55 12 2
80 36 4
9 83 4
23 26 4
17 44 3
93 59 2
73 96 1
22 71 4
71 64 2
68 25 3
40 53 3
84 78 1
67 7 2
95 65 1
21 93 4
14 56 1
12 31 4
59 62 4
64 14 3
26 82 2
71 54 1
28 33 2
46 94 2
7 28 1
63 71 3
53 96 2
59 43 3
95 26 3
7 44 2
26 30 2
89 42 3
96 44 4
29 84 2
38 40 4
62 54 4
97 57 4
61 72 3
86 84 1
20 54 1
19 3 2
58 13 2
49 10 4
1 32 4
57 18 3
20 0 4
43 92 3
43 86 4
81 15 3
4 3 1
88 35 1
98 68 4
35 94 1
62 2 2
52 1 2
84 73 2
60 94 2
33 78 4
64 2 3
93 87 4
36 30 2
31 33 1
25 44 4
86 60 1
71 76 3
23 70 2
92 53 3
48 58 2
57 95 1
84 0 2
95 35 3
61 62 1
78 57 2
26 81 1
47 9 4
60 32 3
92 65 2
63 64 2
89 35 1
1 11 1
49 2 2
77 18 1
1 23 1
66 25 3
39 77 4
80 87 1
75 12 4
3 1 1
7 45 4
1 68 2
83 45 3
65 12 1
65 7 3
95 39 4
91 57 3
45 60 3
35 36 1
60 39 3
12 37 2
41 86 4
62 49 4
36 94 2
8 16 2
36 52 2
86 22 3
75 19 4
25 90 1
51 18 4
0 49 4
55 95 2
95 61 4
68 26 2
85 12 2
70 35 3
70 45 3
84 57 2
8 78 3
10 77 2
8 22 3
48 4 4
17 82 1
88 65 2
28 90 4
3 41 4
69 28 4
27 3 3
37 48 4
29 16 4
60 99 1
80 96 1
70 15 1
88 14 1
83 54 1
13 71 3
27 99 3
53 81 4
31 38 1
27 12 4
8 52 4
21 34 3
88 23 3
97 39 2
13 0 4
70 24 1
16 26 4
58 3 3
59 94 1
45 16 3
12 61 4
97 30 4
65 31 4
42 15 4
68 86 3
69 47 3
32 0 3
15 96 1
28 34 4
27 77 4
89 91 1
98 49 1
46 59 4
74 51 2
88 12 3
98 63 1
18 64 2
67 66 3
93 60 3
78 24 1
20 3 4
89 21 3
58 37 2
41 49 3
15 69 3
22 67 4
61 10 2
93 70 3
86 12 3
25 37 4
42 7 3
59 12 3
45 44 4
43 77 3
92 96 4
72 91 1
94 2 4
12 51 1
53 33 4
7 74 4
82 89 3
83 67 1
84 55 3
95 99 2
54 16 1
87 34 2
41 83 2
50 21 4
77 21 1
33 74 4
50 77 2
49 97 4
92 79 3
97 52 1
12 47 3
11 48 3
58 65 1
57 17 2
82 34 2
60 34 4
99 86 2
91 35 3
49 85 2
84 92 4
25 19 2
15 7 1
52 81 4
53 10 1
84 53 4
12 73 3
26 29 1
84 41 3
8 45 1
48 12 4
50 86 3
5 65 1
2 79 2
81 48 1
67 50 1
91 99 3
4 84 4
61 71 2
80 43 4
0 29 1
19 43 3
90 24 3
70 49 4
87 45 1
52 58 3
50 32 1
7 63 1
85 18 2
64 94 3
84 79 3
44 2 3
30 20 1
15 78 2
77 60 1
73 21 4
82 10 1
83 89 3
36 25 2
52 47 1
36 28 3
32 94 1
9 95 1
81 74 4
88 32 2
33 44 2
34 69 1
12 4 1
57 50 3
30 12 3
38 60 4
74 13 3
78 49 4
96 38 2
46 30 3
15 25 2
60 2 4
29 69 2
65 49 1
1 15 4
49 73 2
47 71 3
19 14 4
6 88 1
23 15 1
46 1 2
64 91 2
21 92 4
67 70 1
22 46 2
25 45 4
96 49 4
5 85 4
24 81 1
33 41 2
46 48 2
30 94 1
59 45 3
35 69 1
74 98 2
60 62 2
29 49 4
78 75 1
39 20 4
53 76 2
55 52 2
62 28 1
29 4 1
33 19 2
39 49 4
78 61 4
73 14 3
10 36 1
12 63 2
32 53 2
0 60 3
73 27 2
96 72 3
48 24 3
47 62 2
4 9 2
95 45 2
48 7 2
81 64 3
75 38 4
29 53 1
26 50 3
94 93 2
22 43 3
24 60 2
42 69 4
83 57 3
55 26 1
37 7 4
83 98 3
8 32 3
27 40 3
12 38 4
76 57 4
1 83 2
41 48 1
85 40 2
82 52 4
99 70 2
38 4 3
63 76 3
25 52 1
16 19 4
8 30 1
12 41 4
66 15 4
31 16 1
81 88 3
23 37 1
49 60 2
76 92 3
34 40 4
23 27 2
20 91 1
86 28 1
91 54 1
99 88 1
41 26 1
50 18 1
9 22 4
12 97 2
56 32 4
30 50 1
2 18 2
55 16 1
77 67 3
18 26 2
23 22 4
76 35 1
32 90 3
10 57 2
55 88 1
93 66 4
46 95 1
32 93 4
68 32 1
45 13 2
24 67 1
8 25 2
87 17 3
14 55 1
70 79 3
84 56 3
65 93 2
67 65 1
79 88 4
35 25 1
72 83 4
3 71 2
17 22 2
40 70 1
91 68 3
8 23 3
33 8 4
0 50 3
98 54 4
49 51 1
78 68 4
36 69 3
88 25 3
25 28 3
83 20 1
69 13 2
30 6 4
94 40 3
35 18 2
50 8 2
58 53 3
56 28 1
61 68 1
43 6 2
6 72 3
47 10 3
57 87 2
50 79 3
1 45 1
87 94 1
61 75 3
62 21 2
93 15 2
16 56 4
62 44 2
25 39 4
29 11 3
99 31 4
71 73 4
84 54 1
11 65 2
72 13 4
3 33 1
97 56 4
26 53 1
56 63 4
92 97 3
12 69 1
2 96 3
76 95 1
12 19 4
40 97 3
42 72 2
81 35 3
16 61 4
78 96 4
74 95 3
67 12 2
20 82 1
46 13 2
19 30 4
75 74 2
50 93 4
68 45 4
35 68 4
39 83 4
64 53 2
87 99 2
54 68 1
42 51 2
74 20 4
38 2 4
0 47 2
50 24 2
9 60 1
43 39 3
40 19 4
97 41 3
64 28 3
62 98 2
34 80 1
39 19 4
5 91 1
79 34 4
4 23 3
26 47 4
6 48 2
77 36 3
59 70 1
28 10 3
5 61 2
24 58 3
66 3 2
42 98 4
33 34 2
11 77 3
95 0 2
53 57 2
24 51 3
45 67 1
92 94 4
60 17 2
12 18 3
82 61 4
12 50 3
6 25 1
49 63 3
22 94 1
39 82 4
25 10 3
40 11 1
91 26 1
24 56 4
63 96 4
64 25 2
29 37 3
41 68 4
72 79 3
14 2 1
34 38 2
99 76 4
99 8 2
19 79 4
23 43 1
52 64 3
50 31 2
76 29 1
78 18 4
97 70 2
69 88 2
96 95 4
76 60 3
57 85 1
19 80 3
4 56 4
93 2 1
77 87 2
81 2 4
90 11 4
50 3 4
15 91 3
82 77 1
74 6 3
8 74 3
95 49 4
94 12 1
21 67 4
37 93 3
90 78 4
97 26 2
62 12 2
35 16 4
51 70 2
61 17 2
97 53 3
52 56 4
9 97 1
68 7 4
74 10 2
2 41 2
68 47 3
38 26 2
90 41 4
67 98 2
49 40 2
94 49 2
66 39 1
80 20 2
98 43 2
92 27 4
1 61 3
43 74 3
52 98 2
73 62 4
43 31 1
40 47 2
80 55 4
10 6 1
59 25 4
12 43 3
50 63 1
6 42 1
60 43 2
25 21 1
58 45 2
80 91 4
57 37 1
48 85 2
32 44 3
19 93 4
26 93 2
22 74 3
71 28 2
17 14 4
50 9 2
26 70 3
65 33 1
98 87 3
42 17 4
58 11 1
40 64 3
73 76 1
99 1 1
57 75 1
17 45 1
59 82 3
14 69 1
17 67 3
39 74 1
21 98 2
60 91 4
80 2 1
31 79 4
93 72 4
11 47 1
99 82 4
6 78 3
66 31 3
89 54 4
59 91 1
57 62 2
77 38 2
17 55 1
67 55 1
95 66 3
44 0 3
81 98 3
91 97 3
48 80 1
43 40 1
88 49 4
46 69 4
48 42 2
35 48 4
58 88 3
41 91 3
16 4 3
91 87 3
88 61 1
35 64 4
85 24 3
76 11 4
4 31 3
34 6 4
13 54 3
19 5 2
86 95 4
33 5 4
71 96 3
57 22 3
84 66 2
82 85 1
26 65 1
1 91 1
89 45 2
96 51 2
21 5 2
82 12 1
2 24 2
2 58 3
4 26 3
8 69 3
51 26 1
78 45 3
35 61 3
93 62 3
65 66 4
2 17 3
8 38 1
48 3 1
31 20 1
92 72 2
10 5 4
49 34 3
18 58 4
35 27 3
97 46 4
18 55 2
82 95 1
5 84 1
76 6 1
50 37 3
14 59 2
92 93 2
51 73 2
49 53 1
91 42 1
32 2 3
30 48 4
76 77 4
13 43 2
93 54 2
35 32 2
6 15 1
8 66 2
85 22 2
56 95 3
48 38 2
78 23 3
83 8 1
20 94 4
51 15 4
70 46 2
10 9 1
61 45 4
85 4 4
71 30 2
47 44 3
79 39 3
17 47 4
35 44 3
86 1 3
42 76 1
27 1 4
23 3 2
95 87 4
92 15 4
4 68 1
62 51 1
21 43 3
19 73 2
61 94 2
87 51 2
35 85 2
38 22 2
83 35 4
92 17 2
51 40 1
82 91 4
54 5 4
22 72 3
83 37 4
57 45 2
6 29 2
97 90 3
99 79 3
72 63 4
5 50 1
29 71 4
77 8 3
60 52 3
87 71 4
71 81 4
15 58 3
52 45 1
10 97 2
95 15 3
79 49 3
69 41 4
45 35 2
22 52 3
32 59 2
26 42 1
59 52 2
63 73 1
13 82 1
76 61 1
27 44 4
22 82 2
22 2 3
43 18 3
55 71 3
46 25 2
5 47 4
11 88 4
90 19 1
89 95 3
97 50 1
80 6 4
34 90 3
20 43 4
23 28 4
89 77 1
60 23 1
74 32 3
20 73 1
2 20 4
41 96 2
60 73 3
21 91 1
42 66 3
78 40 1
24 98 4
49 75 1
34 19 2
61 70 3
62 63 3
46 37 3
23 0 3
31 83 3
89 75 2
14 12 3
70 29 4
2 26 2
54 3 1
2 8 3
91 18 2
62 78 3
30 88 3
29 41 2
62 15 2
9 92 1
86 36 2
79 8 1
48 9 1
29 14 2
85 25 1
13 80 4
11 16 1
7 94 3
69 78 4
69 87 1
50 87 4
22 75 4
67 36 4
40 82 4
6 51 1
71 42 2
31 26 2
36 45 1
62 13 1
68 72 4
79 87 4
94 77 3
56 35 3
52 43 2
16 70 1
47 85 2
56 20 4
9 77 1
69 1 1
79 97 3
15 71 1
28 72 1
25 57 4
25 86 4
99 49 2
62 11 4
24 80 1
19 72 4
58 72 1
55 82 4
85 52 3
53 77 2
29 42 1
66 33 2
82 81 4
5 96 3
26 67 3
16 18 4
0 66 2
38 79 3
18 31 3
60 70 4
25 60 2
79 48 1
80 94 1
83 88 1
94 9 4
20 48 1
7 61 3
49 90 2
54 12 2
50 71 2
90 36 1
54 64 3
51 38 1
78 9 2
44 10 4
62 31 3
7 36 4
21 74 2
34 66 2
10 4 2
2 74 1
57 32 3
35 9 4
94 73 3
15 72 2
86 67 3
26 32 2
27 75 3
79 71 4
24 34 3
6 11 1
9 98 3
20 97 3
23 58 3
65 50 3
46 15 3
81 3 4
69 32 2
66 10 4
10 39 3
43 65 1
85 3 1
66 52 1
40 39 4
41 72 1
89 66 1
91 10 4
62 96 4
7 19 4
86 73 4
74 17 4
18 39 2
75 36 1
81 18 3
1 22 1
10 18 1
71 6 2
54 69 4
10 8 4
41 56 2
31 86 1
84 51 1
21 97 1
98 14 3
69 81 4
62 25 2
78 93 4
15 50 3
60 67 1
69 97 3
29 55 3
96 20 2
24 33 3
50 92 3
87 8 4
33 73 2
86 55 4
47 13 2
41 18 2
2 47 1
20 98 4
13 76 3
57 38 2
73 9 1
26 22 2
43 29 3
45 46 4
68 94 3
79 90 4
55 6 2
46 98 3
86 97 2
76 38 2
51 8 1
35 93 2
81 93 2
73 34 1
15 26 2
77 28 4
60 65 4
7 96 2
53 9 4
41 6 3
76 96 1
13 44 3
87 30 2
98 31 4
14 94 4
19 74 4
60 92 3
12 23 2
5 79 3
7 34 1
91 52 2
9 63 4
62 71 1
11 93 4
83 79 1
40 54 2
7 31 2
92 57 1
24 32 4
93 44 1
30 62 1
73 66 3
13 52 2
21 33 2
54 85 4
63 53 1
62 24 1
5 95 3
85 84 3
51 66 1
40 12 3
25 7 3
41 45 4
22 45 1
95 34 2
33 2 3
3 86 3
62 92 1
37 90 3
3 0 2
96 26 2
71 66 4
93 14 1
55 4 4
71 10 2
14 18 2
48 59 2
96 9 3
41 25 1
82 72 2
46 50 1
30 43 4
83 96 1
58 91 1
85 53 4
62 84 2
76 78 4
52 2 4
12 79 4
2 6 2
37 47 2
68 10 2
10 46 3
23 42 4
29 35 3
41 64 1
94 63 1
47 8 3
34 84 1
89 76 2
79 14 4
93 5 2
77 4 1
20 93 4
98 34 1
10 48 1
3 63 2
29 52 4
66 57 4
67 95 4
1 24 4
82 66 4
46 79 1
83 73 4
0 39 1
33 51 2
63 81 3
62 32 2
42 75 1
47 79 3
37 0 2
61 37 2
49 83 2
94 25 3
95 98 1
8 43 2
72 81 1
28 67 3
34 56 2
3 64 4
88 19 4
65 73 1
16 44 1
22 33 3
95 80 2
81 94 4
15 41 2
99 4 2
14 71 2
26 1 3
25 87 4
9 46 1
4 94 1
28 74 1
4 5 2
39 47 1
79 93 3
78 51 3
17 8 3
48 13 3
59 15 1
87 39 2
67 13 1
1 92 1
48 55 1
48 72 1
43 51 3
6 73 4
60 1 4
61 87 3
72 34 2
41 89 2
38 27 2
6 86 1
69 18 2
78 39 1
65 37 1
9 86 3
70 8 2
7 50 1
38 45 4
40 10 2
43 36 2
67 61 1
95 8 3
76 32 2
26 10 1
61 48 1
1 13 4
88 53 2
21 80 1
77 14 4
61 42 2
27 56 3
11 67 1
41 58 3
64 82 4
70 76 3
62 27 2
24 68 1
42 3 2
74 89 3
65 70 2
46 76 4
43 10 3
3 93 1
89 15 3
20 60 2
38 49 2
17 83 2
53 60 2
19 82 2
60 28 4
59 1 1
8 88 2
84 48 1
13 34 3
95 41 2
58 35 1
86 2 2
39 21 4
3 89 2
60 26 1
71 69 4
81 16 3
75 29 1
78 85 1
34 41 3
73 18 1
36 5 1
75 51 1
78 74 1
60 88 2
85 76 2
22 90 3
57 9 2
37 33 1
18 29 2
56 8 4
42 97 3
50 36 4
76 4 4
61 98 3
94 56 2
32 15 1
30 99 2
24 64 1
31 70 3
38 18 3
97 76 2
8 80 1
75 66 3
18 84 4
86 69 2
62 16 3
31 21 4
2 0 1
8 11 4
21 30 3
70 1 4
85 27 4
88 4 4
97 3 4
69 96 3
39 89 1
98 35 3
80 81 2
65 85 4
47 14 3
59 21 1
81 99 1
70 17 3
97 37 3
17 54 2
63 54 2
63 35 1
89 1 3
31 75 1
9 43 4
58 39 4
85 29 3
86 78 4
68 39 2
22 4 3
8 97 3
0 42 1
9 44 4
65 62 4
65 44 3
3 26 1
92 66 1
85 72 4
81 77 4
37 6 1
53 6 3
69 68 2
42 93 2
3 77 2
72 66 2
29 3 1
56 47 1
2 99 2
71 16 2
60 10 1
41 5 1
61 11 3
57 27 4
16 24 4
53 0 2
51 94 4
60 42 2
89 18 2
41 62 2
55 99 4
8 4 3
5 87 3
39 42 4
35 1 3
88 22 1
87 78 4
55 65 3
52 27 1
85 45 3
65 30 4
64 32 3
87 22 2
38 95 4
27 53 1
7 10 2
11 69 2
9 14 3
66 28 4
47 93 1
15 53 4
93 58 4
76 39 3
57 46 2
74 63 1
25 16 4
49 42 2
1 49 3
95 17 4
57 56 2
27 96 1
87 36 1
5 75 1
56 37 4
3 80 4
44 58 4
70 48 2
44 68 2
94 33 1
10 55 4
1 19 1
97 28 2
68 5 2
56 64 3
46 53 3
69 60 3
53 31 1
40 17 1
66 86 3
58 66 1
84 32 4
62 86 4
98 7 4
44 37 2
54 4 2
64 34 1
67 35 4
76 5 2
11 99 4
23 47 2
57 15 2
64 79 3
88 9 3
62 58 2
27 0 1
92 36 2
54 38 2
5 31 3
77 83 2
75 37 2
91 44 4
27 13 2
50 61 3
33 71 2
56 0 3
53 7 1
76 28 3
39 85 2
19 42 3
49 64 4
27 67 4
59 24 2
86 37 4
98 10 2
22 69 3
8 65 1
58 29 3
18 75 3
36 48 2
80 1 2
2 92 2
31 69 1
97 32 2
86 87 4
50 29 4
26 77 2
40 56 4
86 82 4
31 84 4
81 87 2
90 58 4
44 48 2
78 47 1
85 99 4
97 63 3
89 6 1
38 97 4
18 93 4
96 93 3
2 40 3
39 55 1
7 69 1
26 17 3
63 79 2
78 12 2
84 77 3
41 24 2
55 93 3
36 11 3
27 66 2
13 25 2
89 4 3
86 19 3
41 0 4
38 92 2
45 23 2
19 60 2
33 6 1
41 76 1
89 55 2
17 3 2
80 72 4
9 16 2
55 32 1
73 75 4
83 69 2
47 41 2
46 17 3
96 89 4
53 11 4
59 89 3
61 51 4
41 93 1
38 82 4
95 79 4
16 89 1
15 44 4
73 17 3
47 60 3
82 49 2
43 37 1
37 13 1
33 88 4
46 28 3
4 46 2
71 86 3
15 22 1
45 94 1
18 96 1
83 62 4
61 31 3
15 43 3
62 88 4
63 44 2
44 19 1
99 12 3
75 2 3
25 89 2
88 72 4
68 90 1
4 71 3
9 85 1
62 26 4
9 28 2
10 70 3
64 68 4
21 79 2
48 88 3
83 84 1
95 36 2
89 64 2
33 12 3
33 90 4
52 0 2
27 98 2
57 16 1
89 71 2
91 67 4
79 91 1
3 57 2
29 61 4
32 45 4
71 94 2
55 60 2
28 59 2
80 79 2
43 57 2
75 1 1
22 14 2
56 82 2
56 90 1
81 14 1
73 58 1
65 75 3
13 51 1
76 10 3
38 47 3
98 11 2
72 76 4
1 28 3
36 46 3
74 15 2
78 20 1
83 22 1
40 86 2
3 74 4
59 86 4
43 71 4
52 42 2
79 67 3
80 67 1
73 10 1
13 20 4
36 83 3
65 20 1
72 71 2
22 60 2
75 3 4
50 23 2
9 74 3
94 57 2
70 32 3
7 9 4
90 16 1
1 21 1
47 64 2
7 16 3
26 59 4
87 84 1
98 82 3
18 54 4
56 75 1
93 91 4
49 48 3
70 95 3
6 59 1
90 14 2
74 83 3
64 99 4
97 93 4
67 64 3
84 1 1
6 12 2
54 75 2
90 67 2
1 53 1
35 60 1
31 68 3
91 40 3
94 82 3
98 99 1
74 80 2
5 44 3
91 83 4
7 87 4
13 57 2
43 67 1
27 60 3
49 54 2
1 93 3
3 5 4
60 6 3
3 61 4
88 98 1
55 40 2
28 41 4
21 37 1
1 79 1
46 96 2
88 16 2
57 74 1
89 94 2
2 89 2
68 15 4
1 57 3
76 18 4
21 45 2
18 72 4
47 76 3
18 7 1
37 64 1
37 49 2
88 15 3
77 22 2
75 40 4
54 81 3
49 86 1
8 94 4
58 46 2
55 23 4
23 91 3
21 41 2
94 97 1
52 40 2
84 30 1
5 51 3
86 24 2
77 72 3
47 87 1
85 23 2
32 82 4
61 58 2
85 70 3
89 81 2
22 10 2
65 48 2
79 22 4
52 17 1
34 53 2
28 55 3
47 25 2
83 61 1
56 18 4
33 64 1
75 46 2
26 72 4
9 51 2
48 98 2
36 19 2
81 83 2
77 13 3
62 3 1
20 63 1
12 28 4
57 48 2
97 71 2
41 31 3
21 2 3
20 37 3
40 60 2
52 70 3
29 2 2
36 73 1
75 9 4
55 11 3
72 16 3
75 58 1
38 94 1
96 85 1
59 8 1
46 12 2
81 50 3
99 57 2
9 21 2
15 76 3
16 12 3
79 66 3
15 34 3
12 15 3
76 22 3
3 65 4
82 30 3
45 90 4
9 80 2
62 19 1
98 84 1
35 28 2
41 75 4
28 42 4
0 59 4
39 69 1
31 89 2
24 75 3
24 84 2
25 83 3
1 5 3
11 27 4
90 39 3
31 35 4
69 73 1
75 28 1
58 50 2
27 14 2
16 36 4
26 37 3
13 73 1
28 85 3
78 17 3
12 24 2
99 51 2
74 87 4
96 11 3
57 7 3
82 65 3
28 21 3
7 56 1
31 90 1
58 86 1
29 21 3
35 99 3
20 55 4
40 37 1
6 68 2
45 19 1
62 55 4
92 63 2
8 37 1
14 30 1
77 40 2
93 85 2
39 4 2
91 70 3
64 58 4
18 68 4
90 23 4
93 52 3
34 36 2
83 42 1
14 40 4
82 63 3
13 63 3
56 43 1
0 19 2
25 3 4
57 49 1
5 52 4
63 18 4
38 72 1
52 51 4
40 41 2
49 93 2
63 88 4
36 6 2
93 46 3
24 3 3
53 51 4
85 44 1
89 69 4
79 62 3
30 55 4
32 12 3
30 64 3
83 47 2
95 13 2
80 26 4
47 82 4
80 14 1
62 7 3
88 80 3
67 42 3
71 11 2
1 43 4
78 1 3
75 45 1
5 35 4
87 32 3
1 65 2
94 13 4
79 57 4
98 96 4
90 75 3
17 69 2
49 67 3
75 94 2
56 78 2
68 74 1
55 44 1
64 80 1
17 51 4
47 6 4
84 44 4
90 65 2
29 34 4
52 77 1
57 20 1
73 26 1
89 84 3
98 71 4
53 83 4
55 79 2
30 39 1
